#	 2016hnk 
#	 UT date of observation: 20161030 
#	 Telescope/Instrument: SOAR/Goodman 
#	 Estimated Peak MJD: 57691.164 
#	 Estimated redshift: 0.016 
#	 Estimated Phase: -0.2 
#	 Published in Dettman et al. 2020 
#	 Observed barycentric wavelength (Angstroms)    F_lambda
3600.0	0.07120495
3602.0	0.07164575
3604.0	0.04173132
3606.0	0.0219634
3608.0	0.04295609
3610.0	0.03980738
3612.0	0.03406232
3614.0	0.03623552
3616.0	0.04350968
3618.0	0.05926362
3620.0	0.06372937
3622.0	0.04459865
3624.0	0.05655197
3626.0	0.06075131
3628.0	0.02406709
3630.0	0.02246364
3632.0	0.0315218
3634.0	0.03783675
3636.0	0.03796621
3638.0	0.03601646
3640.0	0.05547409
3642.0	0.04615827
3644.0	0.02830178
3646.0	0.03045881
3648.0	0.0428746
3650.0	0.03950715
3652.0	0.0350076
3654.0	0.02365828
3656.0	0.01701555
3658.0	0.05096601
3660.0	0.06339304
3662.0	0.02532794
3664.0	0.03050409
3666.0	0.03836408
3668.0	0.02313264
3670.0	0.04829181
3672.0	0.05584778
3674.0	0.03301897
3676.0	0.04427305
3678.0	0.04098409
3680.0	0.04090327
3682.0	0.05420272
3684.0	0.0564156
3686.0	0.04077879
3688.0	0.03525771
3690.0	0.03414961
3692.0	0.03204925
3694.0	0.03609314
3696.0	0.02887589
3698.0	-0.001769362
3700.0	0.02125029
3702.0	0.03453444
3704.0	0.03888458
3706.0	0.01477687
3708.0	0.02133351
3710.0	0.04383567
3712.0	0.05118087
3714.0	0.01699425
3716.0	0.02975539
3718.0	0.04546822
3720.0	0.04468504
3722.0	0.04095114
3724.0	0.01353743
3726.0	0.01422886
3728.0	0.03814937
3730.0	0.04058452
3732.0	0.02687686
3734.0	0.02710294
3736.0	0.03256905
3738.0	0.02011035
3740.0	0.03593897
3742.0	0.03393534
3744.0	0.03303555
3746.0	0.02434753
3748.0	-0.002150836
3750.0	0.008281824
3752.0	0.02363864
3754.0	0.03893087
3756.0	0.04512963
3758.0	0.03316483
3760.0	0.01060663
3762.0	0.02387205
3764.0	0.02756864
3766.0	0.009679563
3768.0	0.01268793
3770.0	0.02065799
3772.0	0.01007526
3774.0	0.01924146
3776.0	0.03026061
3778.0	0.02217026
3780.0	0.02733804
3782.0	0.03283143
3784.0	0.02323996
3786.0	0.0313691
3788.0	0.04421791
3790.0	0.03032961
3792.0	0.03280627
3794.0	0.0369907
3796.0	0.0355667
3798.0	0.03682831
3800.0	0.02771946
3802.0	0.01137528
3804.0	0.02641699
3806.0	0.03513259
3808.0	0.02340641
3810.0	0.01700467
3812.0	0.04032284
3814.0	0.03355785
3816.0	0.03119604
3818.0	0.03409354
3820.0	0.03250784
3822.0	0.04520563
3824.0	0.05562449
3826.0	0.04243622
3828.0	0.04153619
3830.0	0.04401186
3832.0	0.03891312
3834.0	0.04290867
3836.0	0.03340287
3838.0	0.02962616
3840.0	0.05588832
3842.0	0.0529675
3844.0	0.03493419
3846.0	0.04138479
3848.0	0.05149767
3850.0	0.05305009
3852.0	0.04667483
3854.0	0.05496057
3856.0	0.05833611
3858.0	0.04651964
3860.0	0.05989314
3862.0	0.05742396
3864.0	0.0575308
3866.0	0.05768165
3868.0	0.06890099
3870.0	0.0922147
3872.0	0.08930355
3874.0	0.09193265
3876.0	0.08025923
3878.0	0.07129964
3880.0	0.07805607
3882.0	0.08512589
3884.0	0.08462023
3886.0	0.08646554
3888.0	0.09371147
3890.0	0.09184649
3892.0	0.09206352
3894.0	0.08159734
3896.0	0.09379056
3898.0	0.1067868
3900.0	0.1038468
3902.0	0.1103536
3904.0	0.1016954
3906.0	0.1125404
3908.0	0.125893
3910.0	0.1175385
3912.0	0.1215077
3914.0	0.1221819
3916.0	0.1262542
3918.0	0.1256339
3920.0	0.1194294
3922.0	0.1159295
3924.0	0.1223383
3926.0	0.1343527
3928.0	0.1305768
3930.0	0.1165653
3932.0	0.1264029
3934.0	0.1193639
3936.0	0.1068811
3938.0	0.1135727
3940.0	0.1095339
3942.0	0.116689
3944.0	0.1164105
3946.0	0.1162357
3948.0	0.1183898
3950.0	0.128118
3952.0	0.1312538
3954.0	0.1126495
3956.0	0.1155492
3958.0	0.1110801
3960.0	0.1113482
3962.0	0.118247
3964.0	0.1056003
3966.0	0.09673168
3968.0	0.09773969
3970.0	0.1147299
3972.0	0.1010505
3974.0	0.08817468
3976.0	0.1011785
3978.0	0.1038345
3980.0	0.1101111
3982.0	0.1137331
3984.0	0.09661744
3986.0	0.1013164
3988.0	0.09166446
3990.0	0.09396815
3992.0	0.09983119
3994.0	0.09817839
3996.0	0.1021793
3998.0	0.1017304
4000.0	0.09915154
4002.0	0.1135167
4004.0	0.1141537
4006.0	0.1036262
4008.0	0.1024006
4010.0	0.1090695
4012.0	0.09711963
4014.0	0.1064911
4016.0	0.1199111
4018.0	0.119162
4020.0	0.1165208
4022.0	0.1047746
4024.0	0.1157961
4026.0	0.1184781
4028.0	0.1010934
4030.0	0.09031165
4032.0	0.1102018
4034.0	0.110796
4036.0	0.1107932
4038.0	0.1079828
4040.0	0.110572
4042.0	0.1174125
4044.0	0.1144426
4046.0	0.1031157
4048.0	0.1112169
4050.0	0.1148178
4052.0	0.1074395
4054.0	0.1135987
4056.0	0.1138636
4058.0	0.1110817
4060.0	0.1107532
4062.0	0.09572688
4064.0	0.08455541
4066.0	0.09407302
4068.0	0.1070647
4070.0	0.1059803
4072.0	0.09566525
4074.0	0.0934993
4076.0	0.08785038
4078.0	0.09167904
4080.0	0.09157673
4082.0	0.08480854
4084.0	0.08192269
4086.0	0.08085392
4088.0	0.07851131
4090.0	0.0782157
4092.0	0.08495125
4094.0	0.08960215
4096.0	0.09471065
4098.0	0.09573818
4100.0	0.1002778
4102.0	0.09312893
4104.0	0.07673497
4106.0	0.07342093
4108.0	0.07334345
4110.0	0.06666634
4112.0	0.06784892
4114.0	0.08099414
4116.0	0.07932483
4118.0	0.07326127
4120.0	0.08601472
4122.0	0.08180454
4124.0	0.07311367
4126.0	0.0733159
4128.0	0.06834989
4130.0	0.07095353
4132.0	0.0729432
4134.0	0.07672301
4136.0	0.09001898
4138.0	0.09065622
4140.0	0.07846799
4142.0	0.08107785
4144.0	0.0911599
4146.0	0.09339609
4148.0	0.08892208
4150.0	0.08265453
4152.0	0.08706766
4154.0	0.0849242
4156.0	0.07732275
4158.0	0.07991919
4160.0	0.08400682
4162.0	0.09168296
4164.0	0.08496054
4166.0	0.06896852
4168.0	0.06897604
4170.0	0.07891978
4172.0	0.08778526
4174.0	0.08064049
4176.0	0.07601295
4178.0	0.0882824
4180.0	0.08357112
4182.0	0.07490882
4184.0	0.07077134
4186.0	0.07460727
4188.0	0.09111024
4190.0	0.08492794
4192.0	0.07244519
4194.0	0.07364988
4196.0	0.07406361
4198.0	0.07672153
4200.0	0.08435466
4202.0	0.08668523
4204.0	0.07825183
4206.0	0.08248945
4208.0	0.09472597
4210.0	0.08274095
4212.0	0.07472414
4214.0	0.07626617
4216.0	0.07669067
4218.0	0.08137935
4220.0	0.07790543
4222.0	0.07693853
4224.0	0.08096962
4226.0	0.0742233
4228.0	0.07102963
4230.0	0.07406883
4232.0	0.07416383
4234.0	0.06614473
4236.0	0.06751121
4238.0	0.07677663
4240.0	0.07206813
4242.0	0.06295854
4244.0	0.06804271
4246.0	0.08472447
4248.0	0.09074821
4250.0	0.08298056
4252.0	0.08470134
4254.0	0.08937453
4256.0	0.0781019
4258.0	0.07499889
4260.0	0.07821044
4262.0	0.08272757
4264.0	0.07976873
4266.0	0.07860698
4268.0	0.08010864
4270.0	0.07365834
4272.0	0.07262943
4274.0	0.0802564
4276.0	0.08134644
4278.0	0.07113736
4280.0	0.07025731
4282.0	0.06983922
4284.0	0.07690107
4286.0	0.09064689
4288.0	0.07943301
4290.0	0.08165032
4292.0	0.08493321
4294.0	0.08288008
4296.0	0.08699614
4298.0	0.08573429
4300.0	0.08292481
4302.0	0.08347793
4304.0	0.08087775
4306.0	0.08608155
4308.0	0.09085862
4310.0	0.09359584
4312.0	0.07969949
4314.0	0.08512715
4316.0	0.08761235
4318.0	0.09448358
4320.0	0.0866834
4322.0	0.08570124
4324.0	0.08617895
4326.0	0.08570392
4328.0	0.07706052
4330.0	0.08625591
4332.0	0.08695064
4334.0	0.09032796
4336.0	0.0897019
4338.0	0.08987059
4340.0	0.09558331
4342.0	0.09513786
4344.0	0.09324751
4346.0	0.09219147
4348.0	0.08368175
4350.0	0.09759831
4352.0	0.09567326
4354.0	0.08851372
4356.0	0.09540187
4358.0	0.08909544
4360.0	0.1054976
4362.0	0.1063322
4364.0	0.1024092
4366.0	0.1157829
4368.0	0.1218821
4370.0	0.1135503
4372.0	0.12383
4374.0	0.1283636
4376.0	0.134089
4378.0	0.1416043
4380.0	0.1308465
4382.0	0.1474169
4384.0	0.1443544
4386.0	0.1377201
4388.0	0.1494677
4390.0	0.1494965
4392.0	0.1340217
4394.0	0.1283903
4396.0	0.1473029
4398.0	0.1472105
4400.0	0.154132
4402.0	0.1542001
4404.0	0.138828
4406.0	0.143135
4408.0	0.1483376
4410.0	0.1564422
4412.0	0.1647426
4414.0	0.151824
4416.0	0.1446088
4418.0	0.1592405
4420.0	0.1542761
4422.0	0.1514331
4424.0	0.1527125
4426.0	0.1612744
4428.0	0.1647743
4430.0	0.1563919
4432.0	0.1674387
4434.0	0.1686727
4436.0	0.1732974
4438.0	0.1727136
4440.0	0.1847151
4442.0	0.1692685
4444.0	0.1670374
4446.0	0.1822748
4448.0	0.1838982
4450.0	0.1749659
4452.0	0.1798013
4454.0	0.1808004
4456.0	0.1795423
4458.0	0.1798519
4460.0	0.1745451
4462.0	0.18583
4464.0	0.1967843
4466.0	0.1933257
4468.0	0.1739648
4470.0	0.1885055
4472.0	0.1885057
4474.0	0.1915795
4476.0	0.1958198
4478.0	0.2000576
4480.0	0.2110029
4482.0	0.2048431
4484.0	0.2041214
4486.0	0.1972009
4488.0	0.2030952
4490.0	0.2110427
4492.0	0.2050208
4494.0	0.2019962
4496.0	0.2119326
4498.0	0.196037
4500.0	0.1957741
4502.0	0.2140971
4504.0	0.2110309
4506.0	0.2154078
4508.0	0.2110802
4510.0	0.2023159
4512.0	0.194924
4514.0	0.2055993
4516.0	0.204737
4518.0	0.2044561
4520.0	0.1890804
4522.0	0.1908089
4524.0	0.2096005
4526.0	0.2009505
4528.0	0.1966355
4530.0	0.2011781
4532.0	0.1986264
4534.0	0.1879018
4536.0	0.1816985
4538.0	0.1855306
4540.0	0.2018068
4542.0	0.1954553
4544.0	0.1795635
4546.0	0.176138
4548.0	0.1679204
4550.0	0.1680936
4552.0	0.1847222
4554.0	0.1878489
4556.0	0.1775392
4558.0	0.1781191
4560.0	0.1790316
4562.0	0.1821206
4564.0	0.1818945
4566.0	0.1776771
4568.0	0.1738458
4570.0	0.1716562
4572.0	0.1661241
4574.0	0.1853148
4576.0	0.2002473
4578.0	0.1899281
4580.0	0.1915579
4582.0	0.1839947
4584.0	0.1902314
4586.0	0.1953592
4588.0	0.1961016
4590.0	0.1989415
4592.0	0.2017636
4594.0	0.1993323
4596.0	0.1904072
4598.0	0.1999987
4600.0	0.2042518
4602.0	0.2086973
4604.0	0.2054881
4606.0	0.1920325
4608.0	0.1939039
4610.0	0.1963946
4612.0	0.2028133
4614.0	0.1970764
4616.0	0.1956088
4618.0	0.2040945
4620.0	0.2102392
4622.0	0.2059833
4624.0	0.2039754
4626.0	0.1966265
4628.0	0.1991614
4630.0	0.203988
4632.0	0.1935159
4634.0	0.1959957
4636.0	0.1960206
4638.0	0.1932432
4640.0	0.2007674
4642.0	0.1977057
4644.0	0.194902
4646.0	0.2007194
4648.0	0.2106959
4650.0	0.2230207
4652.0	0.2119812
4654.0	0.220817
4656.0	0.2190642
4658.0	0.2152449
4660.0	0.2363746
4662.0	0.2431771
4664.0	0.2371856
4666.0	0.2311334
4668.0	0.2380179
4670.0	0.2402185
4672.0	0.2429414
4674.0	0.2495811
4676.0	0.247136
4678.0	0.2446746
4680.0	0.2606135
4682.0	0.2519469
4684.0	0.2431843
4686.0	0.2684817
4688.0	0.2727324
4690.0	0.2603423
4692.0	0.2545274
4694.0	0.2723891
4696.0	0.2930841
4698.0	0.2949481
4700.0	0.2948555
4702.0	0.2901624
4704.0	0.3095958
4706.0	0.2975819
4708.0	0.2867299
4710.0	0.2833656
4712.0	0.289187
4714.0	0.2872234
4716.0	0.2987224
4718.0	0.290304
4720.0	0.2833844
4722.0	0.2859576
4724.0	0.278061
4726.0	0.2691474
4728.0	0.2599306
4730.0	0.2588128
4732.0	0.2680818
4734.0	0.2689968
4736.0	0.2451603
4738.0	0.2349285
4740.0	0.236946
4742.0	0.2486852
4744.0	0.2425001
4746.0	0.2388814
4748.0	0.2390066
4750.0	0.2319616
4752.0	0.2295567
4754.0	0.2207573
4756.0	0.2145984
4758.0	0.2086125
4760.0	0.2034264
4762.0	0.2110451
4764.0	0.2046248
4766.0	0.205824
4768.0	0.200743
4770.0	0.19382
4772.0	0.1934514
4774.0	0.1952914
4776.0	0.1910328
4778.0	0.1913913
4780.0	0.1951133
4782.0	0.180247
4784.0	0.1783176
4786.0	0.1880236
4788.0	0.1923102
4790.0	0.1961629
4792.0	0.201003
4794.0	0.2077467
4796.0	0.2079099
4798.0	0.2048695
4800.0	0.2142837
4802.0	0.2184111
4804.0	0.2129712
4806.0	0.207056
4808.0	0.2045042
4810.0	0.2116805
4812.0	0.2157457
4814.0	0.2086561
4816.0	0.212968
4818.0	0.2267087
4820.0	0.2234423
4822.0	0.2139417
4824.0	0.207976
4826.0	0.2146605
4828.0	0.2215531
4830.0	0.2228889
4832.0	0.2247587
4834.0	0.2076083
4836.0	0.2030232
4838.0	0.2093219
4840.0	0.2052239
4842.0	0.2062471
4844.0	0.2083695
4846.0	0.2038868
4848.0	0.209203
4850.0	0.2182443
4852.0	0.2149602
4854.0	0.212372
4856.0	0.2047324
4858.0	0.2025482
4860.0	0.2086847
4862.0	0.2118714
4864.0	0.2118701
4866.0	0.208385
4868.0	0.1999557
4870.0	0.1993296
4872.0	0.2079257
4874.0	0.200262
4876.0	0.1927236
4878.0	0.1842703
4880.0	0.1771324
4882.0	0.1788285
4884.0	0.1853438
4886.0	0.1858815
4888.0	0.1749678
4890.0	0.1671525
4892.0	0.1615686
4894.0	0.1650676
4896.0	0.1673472
4898.0	0.1677579
4900.0	0.1625878
4902.0	0.1570868
4904.0	0.1561804
4906.0	0.15625
4908.0	0.1526947
4910.0	0.1510674
4912.0	0.1509663
4914.0	0.1486226
4916.0	0.1519648
4918.0	0.1532627
4920.0	0.1531596
4922.0	0.1466693
4924.0	0.1383893
4926.0	0.150198
4928.0	0.1563612
4930.0	0.1485016
4932.0	0.1398357
4934.0	0.1393188
4936.0	0.1480014
4938.0	0.1517316
4940.0	0.1394677
4942.0	0.1322426
4944.0	0.1319833
4946.0	0.1360825
4948.0	0.1397945
4950.0	0.1350322
4952.0	0.1370393
4954.0	0.1378327
4956.0	0.1341393
4958.0	0.1318596
4960.0	0.1300344
4962.0	0.1353066
4964.0	0.1334475
4966.0	0.12479
4968.0	0.121833
4970.0	0.1278294
4972.0	0.132567
4974.0	0.1294256
4976.0	0.1246127
4978.0	0.1322655
4980.0	0.1418805
4982.0	0.1324398
4984.0	0.136154
4986.0	0.1494253
4988.0	0.1482483
4990.0	0.1452696
4992.0	0.1530737
4994.0	0.1601236
4996.0	0.1490716
4998.0	0.1390975
5000.0	0.1427877
5002.0	0.1518246
5004.0	0.1591207
5006.0	0.151918
5008.0	0.1537601
5010.0	0.1567536
5012.0	0.1450266
5014.0	0.1468628
5016.0	0.1455089
5018.0	0.1516555
5020.0	0.159004
5022.0	0.1514996
5024.0	0.1485042
5026.0	0.1505659
5028.0	0.1491339
5030.0	0.1568872
5032.0	0.1727449
5034.0	0.1633807
5036.0	0.1547421
5038.0	0.1592513
5040.0	0.1630042
5042.0	0.1607322
5044.0	0.1524748
5046.0	0.1551387
5048.0	0.1657403
5050.0	0.1635975
5052.0	0.1525985
5054.0	0.1639853
5056.0	0.1679031
5058.0	0.1631113
5060.0	0.1608612
5062.0	0.1607383
5064.0	0.1512072
5066.0	0.1494913
5068.0	0.1576631
5070.0	0.1607998
5072.0	0.1550974
5074.0	0.1638733
5076.0	0.1656211
5078.0	0.1554509
5080.0	0.156093
5082.0	0.1556486
5084.0	0.1511813
5086.0	0.1572816
5088.0	0.1638708
5090.0	0.1613914
5092.0	0.1614805
5094.0	0.1646686
5096.0	0.1507543
5098.0	0.1544521
5100.0	0.1629605
5102.0	0.1615111
5104.0	0.1603367
5106.0	0.1666224
5108.0	0.1689951
5110.0	0.1652951
5112.0	0.1644362
5114.0	0.1735903
5116.0	0.1687445
5118.0	0.169116
5120.0	0.1694752
5122.0	0.1655944
5124.0	0.1657626
5126.0	0.169854
5128.0	0.1570072
5130.0	0.161491
5132.0	0.1707781
5134.0	0.1689886
5136.0	0.1727688
5138.0	0.1615874
5140.0	0.1751101
5142.0	0.1799318
5144.0	0.1741575
5146.0	0.1784076
5148.0	0.188281
5150.0	0.1899815
5152.0	0.1830195
5154.0	0.1875038
5156.0	0.1803938
5158.0	0.1973347
5160.0	0.1990815
5162.0	0.1976299
5164.0	0.197684
5166.0	0.2110444
5168.0	0.2161662
5170.0	0.2058461
5172.0	0.2202685
5174.0	0.2176226
5176.0	0.2189825
5178.0	0.2364017
5180.0	0.2274335
5182.0	0.2401841
5184.0	0.2472262
5186.0	0.2544292
5188.0	0.2531166
5190.0	0.2559233
5192.0	0.2488793
5194.0	0.2543461
5196.0	0.2590494
5198.0	0.2621799
5200.0	0.2671916
5202.0	0.2683781
5204.0	0.282401
5206.0	0.2676013
5208.0	0.2570451
5210.0	0.2694681
5212.0	0.2724231
5214.0	0.2674785
5216.0	0.263031
5218.0	0.2715138
5220.0	0.2768251
5222.0	0.2679991
5224.0	0.2674419
5226.0	0.2702459
5228.0	0.2741691
5230.0	0.2751507
5232.0	0.2635221
5234.0	0.27889
5236.0	0.275764
5238.0	0.2806884
5240.0	0.2805718
5242.0	0.2851072
5244.0	0.289391
5246.0	0.2894374
5248.0	0.2994536
5250.0	0.292521
5252.0	0.3004283
5254.0	0.3080374
5256.0	0.315887
5258.0	0.3158518
5260.0	0.3230724
5262.0	0.321482
5264.0	0.3269587
5266.0	0.3407337
5268.0	0.3439963
5270.0	0.3450762
5272.0	0.3617772
5274.0	0.3474026
5276.0	0.3544179
5278.0	0.3727124
5280.0	0.3630703
5282.0	0.3691094
5284.0	0.3809659
5286.0	0.3913058
5288.0	0.3887938
5290.0	0.386919
5292.0	0.4033287
5294.0	0.4070359
5296.0	0.419659
5298.0	0.4446857
5300.0	0.4329228
5302.0	0.4529974
5304.0	0.459415
5306.0	0.453411
5308.0	0.4688189
5310.0	0.4677582
5312.0	0.4800538
5314.0	0.4861359
5316.0	0.4948471
5318.0	0.4867716
5320.0	0.4988651
5322.0	0.506167
5324.0	0.5161705
5326.0	0.515155
5328.0	0.5244169
5330.0	0.5270286
5332.0	0.5270529
5334.0	0.5229728
5336.0	0.5357045
5338.0	0.5357696
5340.0	0.524459
5342.0	0.5235916
5344.0	0.5364699
5346.0	0.5437922
5348.0	0.5545838
5350.0	0.5593938
5352.0	0.5438244
5354.0	0.5543126
5356.0	0.5555251
5358.0	0.5603754
5360.0	0.5606479
5362.0	0.5695835
5364.0	0.5688628
5366.0	0.574413
5368.0	0.5695494
5370.0	0.5691144
5372.0	0.5801086
5374.0	0.5788649
5376.0	0.5705122
5378.0	0.5606208
5380.0	0.5520689
5382.0	0.5409371
5384.0	0.5402262
5386.0	0.5426812
5388.0	0.5389183
5390.0	0.5257893
5392.0	0.5176359
5394.0	0.5161725
5396.0	0.5192876
5398.0	0.5028009
5400.0	0.4882571
5402.0	0.5110789
5404.0	0.5123661
5406.0	0.500499
5408.0	0.4913164
5410.0	0.4867257
5412.0	0.4843403
5414.0	0.4841287
5416.0	0.4802293
5418.0	0.4738888
5420.0	0.4598349
5422.0	0.4602398
5424.0	0.4723929
5426.0	0.4697024
5428.0	0.4596216
5430.0	0.4626683
5432.0	0.4668702
5434.0	0.4709683
5436.0	0.4726592
5438.0	0.4703624
5440.0	0.477695
5442.0	0.4757907
5444.0	0.4753192
5446.0	0.4747195
5448.0	0.4742853
5450.0	0.4826849
5452.0	0.4888099
5454.0	0.4890821
5456.0	0.4919636
5458.0	0.4936495
5460.0	0.4890921
5462.0	0.4929638
5464.0	0.5097065
5466.0	0.5211048
5468.0	0.5185116
5470.0	0.51746
5472.0	0.5286869
5474.0	0.5352826
5476.0	0.5341883
5478.0	0.5241941
5480.0	0.5324962
5482.0	0.5551379
5484.0	0.5401184
5486.0	0.542519
5488.0	0.5666564
5490.0	0.5704626
5492.0	0.5628756
5494.0	0.561672
5496.0	0.567083
5498.0	0.5621306
5500.0	0.558318
5502.0	0.5604753
5504.0	0.5615147
5506.0	0.5671526
5508.0	0.571508
5510.0	0.5588911
5512.0	0.5483174
5514.0	0.5551777
5516.0	0.5393037
5518.0	0.5318113
5520.0	0.5362498
5522.0	0.5213965
5524.0	0.519051
5526.0	0.5248583
5528.0	0.5193173
5530.0	0.5154114
5532.0	0.5005651
5534.0	0.4925702
5536.0	0.4945766
5538.0	0.4931766
5540.0	0.486831
5542.0	0.4801539
5544.0	0.4810139
5546.0	0.4720889
5548.0	0.4588052
5550.0	0.4504469
5552.0	0.4465613
5554.0	0.4505967
5556.0	0.4567677
5558.0	0.449763
5560.0	0.4477842
5562.0	0.4537404
5564.0	0.4476852
5566.0	0.4386459
5568.0	0.4399089
5570.0	0.442941
5572.0	0.4311367
5574.0	0.4218265
5576.0	0.4285232
5578.0	0.4241272
5580.0	0.4237218
5582.0	0.4269185
5584.0	0.4294248
5586.0	0.4161656
5588.0	0.4005231
5590.0	0.4036961
5592.0	0.4107964
5594.0	0.4058048
5596.0	0.3922166
5598.0	0.399871
5600.0	0.4043314
5602.0	0.3956547
5604.0	0.3903862
5606.0	0.3855747
5608.0	0.3811782
5610.0	0.3718759
5612.0	0.3677904
5614.0	0.3669039
5616.0	0.3678573
5618.0	0.3687959
5620.0	0.3587427
5622.0	0.3501939
5624.0	0.3515576
5626.0	0.3580507
5628.0	0.3511049
5630.0	0.3470492
5632.0	0.3490662
5634.0	0.3499931
5636.0	0.3524186
5638.0	0.3562918
5640.0	0.3632852
5642.0	0.363715
5644.0	0.3614419
5646.0	0.3599046
5648.0	0.364713
5650.0	0.3676181
5652.0	0.3729508
5654.0	0.3904995
5656.0	0.4055933
5658.0	0.4094286
5660.0	0.4125462
5662.0	0.4220362
5664.0	0.4242949
5666.0	0.4290709
5668.0	0.4387692
5670.0	0.4459922
5672.0	0.4441819
5674.0	0.4416054
5676.0	0.4657007
5678.0	0.4719343
5680.0	0.4645317
5682.0	0.4787641
5684.0	0.4895308
5686.0	0.488272
5688.0	0.4903626
5690.0	0.5041946
5692.0	0.5106888
5694.0	0.5115453
5696.0	0.4988377
5698.0	0.5097823
5700.0	0.5162042
5702.0	0.5164232
5704.0	0.5145425
5706.0	0.5040635
5708.0	0.4971522
5710.0	0.5004496
5712.0	0.5042898
5714.0	0.47393
5716.0	0.4647079
5718.0	0.4515536
5720.0	0.4474337
5722.0	0.4395505
5724.0	0.4319147
5726.0	0.4331354
5728.0	0.4358554
5730.0	0.4287759
5732.0	0.405837
5734.0	0.3995857
5736.0	0.3963883
5738.0	0.3981804
5740.0	0.4099466
5742.0	0.3936673
5744.0	0.3853925
5746.0	0.3908988
5748.0	0.3751015
5750.0	0.3851265
5752.0	0.3977986
5754.0	0.3810554
5756.0	0.3776123
5758.0	0.3922735
5760.0	0.396452
5762.0	0.3916188
5764.0	0.4062868
5766.0	0.4013901
5768.0	0.4088831
5770.0	0.4034706
5772.0	0.3960719
5774.0	0.4083366
5776.0	0.4064562
5778.0	0.3933516
5780.0	0.3850919
5782.0	0.3940959
5784.0	0.3890011
5786.0	0.3955698
5788.0	0.3993833
5790.0	0.3733399
5792.0	0.3820778
5794.0	0.3595788
5796.0	0.364951
5798.0	0.3729402
5800.0	0.3793925
5802.0	0.3663155
5804.0	0.3745654
5806.0	0.3920325
5808.0	0.3765537
5810.0	0.3646207
5812.0	0.3743211
5814.0	0.3923608
5816.0	0.3988967
5818.0	0.4027806
5820.0	0.3756741
5822.0	0.3875309
5824.0	0.4052783
5826.0	0.3907708
5828.0	0.3898308
5830.0	0.390424
5832.0	0.3906252
5834.0	0.409725
5836.0	0.4158845
5838.0	0.401154
5840.0	0.3945752
5842.0	0.417938
5844.0	0.4119601
5846.0	0.4110956
5848.0	0.4077149
5850.0	0.4203707
5852.0	0.4225079
5854.0	0.4249281
5856.0	0.4282525
5858.0	0.4194568
5860.0	0.4067899
5862.0	0.4172618
5864.0	0.407833
5866.0	0.4196633
5868.0	0.4203217
5870.0	0.4090721
5872.0	0.3929702
5874.0	0.385006
5876.0	0.3800356
5878.0	0.3577141
5880.0	0.3578301
5882.0	0.3444354
5884.0	0.3445948
5886.0	0.3430441
5888.0	0.3444449
5890.0	0.331374
5892.0	0.3421928
5894.0	0.3283834
5896.0	0.324874
5898.0	0.3330423
5900.0	0.3183403
5902.0	0.3209945
5904.0	0.3199787
5906.0	0.3219555
5908.0	0.3169396
5910.0	0.322528
5912.0	0.3207909
5914.0	0.306877
5916.0	0.3073145
5918.0	0.3188234
5920.0	0.3222311
5922.0	0.3122106
5924.0	0.3127945
5926.0	0.3228947
5928.0	0.332837
5930.0	0.3229048
5932.0	0.3285845
5934.0	0.3428432
5936.0	0.3421767
5938.0	0.3406155
5940.0	0.3458715
5942.0	0.335353
5944.0	0.3446846
5946.0	0.3597857
5948.0	0.3693562
5950.0	0.3641169
5952.0	0.3725772
5954.0	0.3810077
5956.0	0.3809916
5958.0	0.3855205
5960.0	0.3842684
5962.0	0.3830342
5964.0	0.3954683
5966.0	0.3961565
5968.0	0.3973592
5970.0	0.4117796
5972.0	0.4070059
5974.0	0.3981251
5976.0	0.4069095
5978.0	0.4113548
5980.0	0.416068
5982.0	0.4152264
5984.0	0.4070694
5986.0	0.422291
5988.0	0.4280515
5990.0	0.4240399
5992.0	0.4410526
5994.0	0.4485182
5996.0	0.4474944
5998.0	0.4573563
6000.0	0.4585048
6002.0	0.4568119
6004.0	0.46223
6006.0	0.4712834
6008.0	0.4705178
6010.0	0.4764594
6012.0	0.4744079
6014.0	0.4798664
6016.0	0.4898123
6018.0	0.4781598
6020.0	0.4700213
6022.0	0.4793728
6024.0	0.4920229
6026.0	0.4810117
6028.0	0.4786535
6030.0	0.4856379
6032.0	0.4814399
6034.0	0.4860205
6036.0	0.4771772
6038.0	0.4626306
6040.0	0.4581897
6042.0	0.4752164
6044.0	0.4765165
6046.0	0.4589324
6048.0	0.46046
6050.0	0.4706188
6052.0	0.4708361
6054.0	0.453439
6056.0	0.4457727
6058.0	0.4559845
6060.0	0.458876
6062.0	0.4494678
6064.0	0.4429914
6066.0	0.4499446
6068.0	0.4539045
6070.0	0.4498068
6072.0	0.4477771
6074.0	0.4548722
6076.0	0.4612175
6078.0	0.454481
6080.0	0.439085
6082.0	0.4367672
6084.0	0.4488023
6086.0	0.4473955
6088.0	0.4509211
6090.0	0.4543511
6092.0	0.45541
6094.0	0.4612543
6096.0	0.4648827
6098.0	0.4509745
6100.0	0.446893
6102.0	0.4581462
6104.0	0.457788
6106.0	0.4605859
6108.0	0.4693698
6110.0	0.4731601
6112.0	0.4609076
6114.0	0.4502522
6116.0	0.446454
6118.0	0.4509285
6120.0	0.4544029
6122.0	0.4530421
6124.0	0.438182
6126.0	0.4268214
6128.0	0.4247912
6130.0	0.4176733
6132.0	0.418577
6134.0	0.4085061
6136.0	0.3900707
6138.0	0.3848546
6140.0	0.3760867
6142.0	0.3641377
6144.0	0.3658395
6146.0	0.3510125
6148.0	0.3279393
6150.0	0.3264886
6152.0	0.3180043
6154.0	0.3109972
6156.0	0.3040701
6158.0	0.2917131
6160.0	0.2908456
6162.0	0.2913944
6164.0	0.2883597
6166.0	0.2800328
6168.0	0.2687321
6170.0	0.2658178
6172.0	0.2580338
6174.0	0.2529765
6176.0	0.2573985
6178.0	0.2466424
6180.0	0.2381923
6182.0	0.2328822
6184.0	0.2182642
6186.0	0.2126464
6188.0	0.2137903
6190.0	0.2185701
6192.0	0.2126219
6194.0	0.2002432
6196.0	0.2045419
6198.0	0.2021196
6200.0	0.1962783
6202.0	0.1903767
6204.0	0.1891436
6206.0	0.1920082
6208.0	0.1892469
6210.0	0.1824788
6212.0	0.1734162
6214.0	0.1743242
6216.0	0.1736104
6218.0	0.1656839
6220.0	0.1648405
6222.0	0.1669055
6224.0	0.1578312
6226.0	0.1640419
6228.0	0.1663226
6230.0	0.1573063
6232.0	0.1565308
6234.0	0.1550734
6236.0	0.1573617
6238.0	0.1595331
6240.0	0.1584057
6242.0	0.157991
6244.0	0.1558813
6246.0	0.1636315
6248.0	0.163078
6250.0	0.1557266
6252.0	0.1530681
6254.0	0.1579361
6256.0	0.1647546
6258.0	0.1643421
6260.0	0.1682529
6262.0	0.1688349
6264.0	0.1737067
6266.0	0.1695896
6268.0	0.1769549
6270.0	0.1726889
6272.0	0.1780679
6274.0	0.1847237
6276.0	0.1896404
6278.0	0.1873402
6280.0	0.20786
6282.0	0.2215658
6284.0	0.2102209
6286.0	0.2081809
6288.0	0.2165495
6290.0	0.2254369
6292.0	0.2235535
6294.0	0.2309021
6296.0	0.2306415
6298.0	0.228367
6300.0	0.2373646
6302.0	0.2386065
6304.0	0.2460412
6306.0	0.2549987
6308.0	0.2582933
6310.0	0.2606159
6312.0	0.260314
6314.0	0.2649921
6316.0	0.2707677
6318.0	0.2875043
6320.0	0.2864554
6322.0	0.2839183
6324.0	0.2885058
6326.0	0.2906435
6328.0	0.3023733
6330.0	0.3069569
6332.0	0.3009308
6334.0	0.2983487
6336.0	0.2944404
6338.0	0.3010434
6340.0	0.3128748
6342.0	0.3125646
6344.0	0.3112918
6346.0	0.3180446
6348.0	0.3121438
6350.0	0.3083396
6352.0	0.3151095
6354.0	0.3256944
6356.0	0.3231874
6358.0	0.317896
6360.0	0.3395832
6362.0	0.3376758
6364.0	0.3292121
6366.0	0.3170122
6368.0	0.3213716
6370.0	0.3336919
6372.0	0.334434
6374.0	0.3374788
6376.0	0.3473661
6378.0	0.3544586
6380.0	0.3602292
6382.0	0.3583108
6384.0	0.3484692
6386.0	0.3534925
6388.0	0.3536626
6390.0	0.3540078
6392.0	0.3661627
6394.0	0.3786337
6396.0	0.3772447
6398.0	0.3720446
6400.0	0.3672968
6402.0	0.371944
6404.0	0.3811663
6406.0	0.3769214
6408.0	0.3759007
6410.0	0.3843254
6412.0	0.3877411
6414.0	0.3770817
6416.0	0.3827618
6418.0	0.3876896
6420.0	0.3909641
6422.0	0.4021269
6424.0	0.4093043
6426.0	0.4060532
6428.0	0.4121766
6430.0	0.4199246
6432.0	0.4267598
6434.0	0.4211799
6436.0	0.4312321
6438.0	0.4319856
6440.0	0.4343475
6442.0	0.4432203
6444.0	0.4533662
6446.0	0.4744215
6448.0	0.4715746
6450.0	0.4695961
6452.0	0.4798467
6454.0	0.4756725
6456.0	0.4755658
6458.0	0.4851008
6460.0	0.4811391
6462.0	0.478783
6464.0	0.4970152
6466.0	0.5134377
6468.0	0.5000008
6470.0	0.5076692
6472.0	0.5112389
6474.0	0.5023113
6476.0	0.5186525
6478.0	0.5249731
6480.0	0.5206349
6482.0	0.507939
6484.0	0.5185804
6486.0	0.5198246
6488.0	0.5026132
6490.0	0.5028744
6492.0	0.5066202
6494.0	0.5222484
6496.0	0.5062942
6498.0	0.521368
6500.0	0.5083297
6502.0	0.4950694
6504.0	0.4857588
6506.0	0.4911067
6508.0	0.5092765
6510.0	0.4862224
6512.0	0.4960054
6514.0	0.4968523
6516.0	0.5056357
6518.0	0.4806691
6520.0	0.4719988
6522.0	0.4861898
6524.0	0.4918056
6526.0	0.4813029
6528.0	0.4829347
6530.0	0.4867853
6532.0	0.4939131
6534.0	0.4820019
6536.0	0.478547
6538.0	0.4997474
6540.0	0.4996552
6542.0	0.4943186
6544.0	0.5131027
6546.0	0.4998663
6548.0	0.4979157
6550.0	0.5112598
6552.0	0.5054084
6554.0	0.4858122
6556.0	0.4955799
6558.0	0.5178677
6560.0	0.5236076
6562.0	0.5127498
6564.0	0.5141562
6566.0	0.5270151
6568.0	0.5232924
6570.0	0.5280025
6572.0	0.5217268
6574.0	0.4972223
6576.0	0.5042495
6578.0	0.527554
6580.0	0.5288806
6582.0	0.5302401
6584.0	0.527863
6586.0	0.535251
6588.0	0.5301412
6590.0	0.5162796
6592.0	0.5171333
6594.0	0.5301554
6596.0	0.5162218
6598.0	0.5160707
6600.0	0.5147787
6602.0	0.5080628
6604.0	0.5147776
6606.0	0.5071677
6608.0	0.4979304
6610.0	0.5120022
6612.0	0.505985
6614.0	0.4862182
6616.0	0.4886918
6618.0	0.4756983
6620.0	0.4685668
6622.0	0.4659244
6624.0	0.453679
6626.0	0.4600432
6628.0	0.4638358
6630.0	0.4497772
6632.0	0.4452563
6634.0	0.4432818
6636.0	0.4398459
6638.0	0.427443
6640.0	0.4089783
6642.0	0.4034992
6644.0	0.4028864
6646.0	0.389165
6648.0	0.3831441
6650.0	0.3738179
6652.0	0.3653924
6654.0	0.3623573
6656.0	0.3485952
6658.0	0.3366396
6660.0	0.3310348
6662.0	0.3378483
6664.0	0.3364102
6666.0	0.3369301
6668.0	0.3220184
6670.0	0.316507
6672.0	0.3210774
6674.0	0.3367995
6676.0	0.3277234
6678.0	0.3111463
6680.0	0.3195623
6682.0	0.3226078
6684.0	0.3112596
6686.0	0.3267485
6688.0	0.3333066
6690.0	0.345166
6692.0	0.3472672
6694.0	0.35026
6696.0	0.3573205
6698.0	0.3613579
6700.0	0.3494623
6702.0	0.3526055
6704.0	0.3585948
6706.0	0.3457536
6708.0	0.3593038
6710.0	0.3560191
6712.0	0.3505004
6714.0	0.3558339
6716.0	0.3684001
6718.0	0.3648496
6720.0	0.3628388
6722.0	0.3571509
6724.0	0.358491
6726.0	0.3661379
6728.0	0.3805836
6730.0	0.3772655
6732.0	0.3696375
6734.0	0.3740774
6736.0	0.3677289
6738.0	0.3866108
6740.0	0.407861
6742.0	0.3974759
6744.0	0.3826861
6746.0	0.3856449
6748.0	0.4016521
6750.0	0.4167544
6752.0	0.4140423
6754.0	0.4073522
6756.0	0.4193622
6758.0	0.4294766
6760.0	0.4282311
6762.0	0.4261695
6764.0	0.4286278
6766.0	0.425366
6768.0	0.4296232
6770.0	0.4397058
6772.0	0.4469756
6774.0	0.4475949
6776.0	0.4488659
6778.0	0.4539481
6780.0	0.4575653
6782.0	0.4521117
6784.0	0.4518669
6786.0	0.4621139
6788.0	0.464995
6790.0	0.4694083
6792.0	0.4708104
6794.0	0.4733626
6796.0	0.4685143
6798.0	0.4630792
6800.0	0.4580916
6802.0	0.456555
6804.0	0.4607942
6806.0	0.4525496
6808.0	0.4514522
6810.0	0.4615647
6812.0	0.4665476
6814.0	0.4691461
6816.0	0.464404
6818.0	0.4517685
6820.0	0.4522877
6822.0	0.4535251
6824.0	0.4419864
6826.0	0.4287279
6828.0	0.4338372
6830.0	0.4457466
6832.0	0.4438119
6834.0	0.4353544
6836.0	0.4295062
6838.0	0.4189307
6840.0	0.4107995
6842.0	0.4115462
6844.0	0.4014404
6846.0	0.3930334
6848.0	0.4025441
6850.0	0.3973803
6852.0	0.382943
6854.0	0.382829
6856.0	0.3694361
6858.0	0.3585325
6860.0	0.3595403
6862.0	0.3532185
6864.0	0.3413569
6866.0	0.3241568
6868.0	0.3275978
6870.0	0.3378363
6872.0	0.3339779
6874.0	0.3368752
6876.0	0.327315
6878.0	0.3216458
6880.0	0.3261568
6882.0	0.3203682
6884.0	0.3199361
6886.0	0.3262148
6888.0	0.3177612
6890.0	0.3180543
6892.0	0.3246637
6894.0	0.3314264
6896.0	0.3467666
6898.0	0.3446759
6900.0	0.3312584
6902.0	0.3389038
6904.0	0.3464119
6906.0	0.3431028
6908.0	0.3441449
6910.0	0.3432805
6912.0	0.3453708
6914.0	0.3499621
6916.0	0.3498902
6918.0	0.3404028
6920.0	0.3264483
6922.0	0.332525
6924.0	0.3432409
6926.0	0.3421847
6928.0	0.3317672
6930.0	0.3360593
6932.0	0.3449213
6934.0	0.33872
6936.0	0.3382788
6938.0	0.3413306
6940.0	0.3306196
6942.0	0.3168653
6944.0	0.3300232
6946.0	0.3413312
6948.0	0.3397154
6950.0	0.3364642
6952.0	0.3426743
6954.0	0.353934
6956.0	0.3504161
6958.0	0.3335294
6960.0	0.3343227
6962.0	0.3344698
6964.0	0.3323082
6966.0	0.3334891
6968.0	0.3384516
6970.0	0.3396665
6972.0	0.3371609
6974.0	0.3384901
6976.0	0.3337274
6978.0	0.329802
6980.0	0.3209082
6982.0	0.3231631
6984.0	0.3371869
6986.0	0.3324886
6988.0	0.324974
6990.0	0.3258423
6992.0	0.3293018
6994.0	0.3183324
6996.0	0.3170448
6998.0	0.3199009
7000.0	0.3239121
7002.0	0.3185277
7004.0	0.323586
7006.0	0.3258036
7008.0	0.3332204
7010.0	0.3249799
7012.0	0.3167719
7014.0	0.3235373
7016.0	0.3309523
7018.0	0.3257336
7020.0	0.3271931
7022.0	0.3398736
7024.0	0.3424523
7026.0	0.3292475
7028.0	0.3375503
7030.0	0.3429902
7032.0	0.349611
7034.0	0.3538439
7036.0	0.3561669
7038.0	0.3578179
7040.0	0.3552961
7042.0	0.3541302
7044.0	0.3559172
7046.0	0.3476912
7048.0	0.3463531
7050.0	0.3549454
7052.0	0.3606764
7054.0	0.3610176
7056.0	0.3430059
7058.0	0.3541766
7060.0	0.3586307
7062.0	0.3573645
7064.0	0.3757681
7066.0	0.3786009
7068.0	0.3594485
7070.0	0.3444879
7072.0	0.3319708
7074.0	0.3482997
7076.0	0.3605997
7078.0	0.3530848
7080.0	0.3375056
7082.0	0.3383637
7084.0	0.3544825
7086.0	0.354874
7088.0	0.3470851
7090.0	0.3371183
7092.0	0.3472837
7094.0	0.3588226
7096.0	0.3547914
7098.0	0.342593
7100.0	0.3379264
