#	 2016eoa 
#	 UT date of observation: 20160807 
#	 Telescope/Instrument: KPNO4m/KOSMOS 
#	 Estimated Peak MJD: 57615.688 
#	 Estimated redshift: 0.021 
#	 Estimated Phase: -8.5 
#	 Published in Dettman et al. 2020 
#	 Observed barycentric wavelength (Angstroms)    F_lambda
4180.0	2.343925
4181.0	2.401317
4182.0	2.423538
4183.0	2.414845
4184.0	2.361046
4185.0	2.286112
4186.0	2.355274
4187.0	2.426223
4188.0	2.555853
4189.0	2.380344
4190.0	2.301795
4191.0	2.353805
4192.0	2.39614
4193.0	2.289997
4194.0	2.28926
4195.0	2.295664
4196.0	2.233525
4197.0	2.245427
4198.0	2.292047
4199.0	2.295391
4200.0	2.278808
4201.0	2.298837
4202.0	2.227033
4203.0	2.340342
4204.0	2.297982
4205.0	2.245218
4206.0	2.34265
4207.0	2.267208
4208.0	2.210029
4209.0	2.212548
4210.0	2.250783
4211.0	2.207689
4212.0	2.191657
4213.0	2.159824
4214.0	2.215261
4215.0	2.25337
4216.0	2.199414
4217.0	2.230378
4218.0	2.249675
4219.0	2.232012
4220.0	2.158494
4221.0	2.140785
4222.0	2.230396
4223.0	2.236517
4224.0	2.198299
4225.0	2.213613
4226.0	2.159238
4227.0	2.148768
4228.0	2.150849
4229.0	2.162404
4230.0	2.232621
4231.0	2.174639
4232.0	2.161858
4233.0	2.11456
4234.0	2.122014
4235.0	2.171061
4236.0	2.11112
4237.0	2.113234
4238.0	2.078175
4239.0	2.0063
4240.0	2.07739
4241.0	2.152739
4242.0	2.116297
4243.0	2.06222
4244.0	2.035909
4245.0	1.976353
4246.0	2.044645
4247.0	2.206204
4248.0	2.173821
4249.0	2.104365
4250.0	2.052274
4251.0	2.092139
4252.0	2.047869
4253.0	2.030535
4254.0	2.063959
4255.0	2.03251
4256.0	2.003015
4257.0	2.021094
4258.0	1.975508
4259.0	2.008648
4260.0	1.978972
4261.0	2.033373
4262.0	1.996894
4263.0	1.929389
4264.0	1.934361
4265.0	2.021694
4266.0	1.923444
4267.0	1.925868
4268.0	1.843686
4269.0	1.880515
4270.0	1.920853
4271.0	1.923072
4272.0	1.90982
4273.0	1.879555
4274.0	1.888003
4275.0	1.873278
4276.0	1.829254
4277.0	1.928675
4278.0	1.883355
4279.0	1.872295
4280.0	1.827332
4281.0	1.787458
4282.0	1.776603
4283.0	1.679322
4284.0	1.753427
4285.0	1.81665
4286.0	1.775585
4287.0	1.799248
4288.0	1.762554
4289.0	1.719813
4290.0	1.716181
4291.0	1.76969
4292.0	1.702373
4293.0	1.704269
4294.0	1.69513
4295.0	1.702934
4296.0	1.68237
4297.0	1.71324
4298.0	1.735633
4299.0	1.663639
4300.0	1.586703
4301.0	1.632845
4302.0	1.658359
4303.0	1.677829
4304.0	1.604554
4305.0	1.619006
4306.0	1.656724
4307.0	1.610736
4308.0	1.577116
4309.0	1.561777
4310.0	1.557612
4311.0	1.559499
4312.0	1.490808
4313.0	1.511244
4314.0	1.523566
4315.0	1.529763
4316.0	1.529794
4317.0	1.501025
4318.0	1.496131
4319.0	1.527064
4320.0	1.476873
4321.0	1.475103
4322.0	1.488321
4323.0	1.497141
4324.0	1.511397
4325.0	1.504642
4326.0	1.489905
4327.0	1.436947
4328.0	1.528935
4329.0	1.517579
4330.0	1.436215
4331.0	1.384598
4332.0	1.467586
4333.0	1.418216
4334.0	1.417481
4335.0	1.425575
4336.0	1.341142
4337.0	1.394187
4338.0	1.368745
4339.0	1.334943
4340.0	1.32729
4341.0	1.332986
4342.0	1.265008
4343.0	1.246696
4344.0	1.31287
4345.0	1.303047
4346.0	1.328457
4347.0	1.285356
4348.0	1.287773
4349.0	1.325054
4350.0	1.304541
4351.0	1.305616
4352.0	1.266892
4353.0	1.285945
4354.0	1.279163
4355.0	1.24492
4356.0	1.207984
4357.0	1.249439
4358.0	1.229554
4359.0	1.239241
4360.0	1.223007
4361.0	1.252427
4362.0	1.208638
4363.0	1.231924
4364.0	1.219802
4365.0	1.218881
4366.0	1.207695
4367.0	1.236807
4368.0	1.225986
4369.0	1.224889
4370.0	1.262596
4371.0	1.232682
4372.0	1.187804
4373.0	1.163319
4374.0	1.13172
4375.0	1.128482
4376.0	1.142162
4377.0	1.14255
4378.0	1.127568
4379.0	1.193321
4380.0	1.216708
4381.0	1.227198
4382.0	1.219614
4383.0	1.226826
4384.0	1.235681
4385.0	1.185844
4386.0	1.188717
4387.0	1.176186
4388.0	1.20439
4389.0	1.214798
4390.0	1.252528
4391.0	1.192319
4392.0	1.176313
4393.0	1.193981
4394.0	1.250112
4395.0	1.281302
4396.0	1.270475
4397.0	1.266131
4398.0	1.297997
4399.0	1.303078
4400.0	1.262571
4401.0	1.256763
4402.0	1.273203
4403.0	1.299532
4404.0	1.311325
4405.0	1.362186
4406.0	1.351793
4407.0	1.316255
4408.0	1.310918
4409.0	1.299178
4410.0	1.334416
4411.0	1.341449
4412.0	1.347215
4413.0	1.291915
4414.0	1.303874
4415.0	1.371206
4416.0	1.307366
4417.0	1.334154
4418.0	1.367246
4419.0	1.359465
4420.0	1.356062
4421.0	1.404911
4422.0	1.383923
4423.0	1.393634
4424.0	1.391191
4425.0	1.369641
4426.0	1.395028
4427.0	1.395957
4428.0	1.329484
4429.0	1.413067
4430.0	1.382836
4431.0	1.416247
4432.0	1.411557
4433.0	1.410133
4434.0	1.383761
4435.0	1.431239
4436.0	1.427529
4437.0	1.400592
4438.0	1.468155
4439.0	1.411159
4440.0	1.435864
4441.0	1.496431
4442.0	1.471162
4443.0	1.532817
4444.0	1.465384
4445.0	1.426296
4446.0	1.424227
4447.0	1.471294
4448.0	1.417083
4449.0	1.451846
4450.0	1.448582
4451.0	1.447567
4452.0	1.457698
4453.0	1.493604
4454.0	1.428299
4455.0	1.469479
4456.0	1.487259
4457.0	1.511055
4458.0	1.529481
4459.0	1.450653
4460.0	1.417515
4461.0	1.457014
4462.0	1.501235
4463.0	1.540622
4464.0	1.52062
4465.0	1.524967
4466.0	1.463053
4467.0	1.467528
4468.0	1.43098
4469.0	1.454106
4470.0	1.530381
4471.0	1.497812
4472.0	1.485648
4473.0	1.465441
4474.0	1.534843
4475.0	1.471663
4476.0	1.461751
4477.0	1.495016
4478.0	1.481482
4479.0	1.467225
4480.0	1.488948
4481.0	1.474434
4482.0	1.433666
4483.0	1.470675
4484.0	1.530903
4485.0	1.505473
4486.0	1.50764
4487.0	1.555321
4488.0	1.541993
4489.0	1.521951
4490.0	1.502299
4491.0	1.521202
4492.0	1.525546
4493.0	1.568568
4494.0	1.64362
4495.0	1.542765
4496.0	1.552004
4497.0	1.557078
4498.0	1.588546
4499.0	1.593773
4500.0	1.569202
4501.0	1.593341
4502.0	1.545015
4503.0	1.561656
4504.0	1.571962
4505.0	1.597667
4506.0	1.549723
4507.0	1.578144
4508.0	1.612694
4509.0	1.604685
4510.0	1.6638
4511.0	1.688608
4512.0	1.637752
4513.0	1.636909
4514.0	1.697674
4515.0	1.681683
4516.0	1.66058
4517.0	1.667943
4518.0	1.737297
4519.0	1.690082
4520.0	1.729246
4521.0	1.720885
4522.0	1.715153
4523.0	1.761131
4524.0	1.743611
4525.0	1.755213
4526.0	1.742274
4527.0	1.734073
4528.0	1.769845
4529.0	1.773886
4530.0	1.764594
4531.0	1.752203
4532.0	1.78517
4533.0	1.760815
4534.0	1.770035
4535.0	1.820158
4536.0	1.805395
4537.0	1.763775
4538.0	1.819255
4539.0	1.785654
4540.0	1.833037
4541.0	1.788404
4542.0	1.800779
4543.0	1.833231
4544.0	1.792983
4545.0	1.771975
4546.0	1.82232
4547.0	1.804916
4548.0	1.807484
4549.0	1.821569
4550.0	1.800034
4551.0	1.840948
4552.0	1.828476
4553.0	1.880562
4554.0	1.853098
4555.0	1.8766
4556.0	1.883729
4557.0	1.81484
4558.0	1.83554
4559.0	1.828048
4560.0	1.820534
4561.0	1.848608
4562.0	1.805682
4563.0	1.808157
4564.0	1.866328
4565.0	1.778705
4566.0	1.819642
4567.0	1.840039
4568.0	1.849261
4569.0	1.853823
4570.0	1.798671
4571.0	1.832795
4572.0	1.825976
4573.0	1.880146
4574.0	1.821752
4575.0	1.798496
4576.0	1.860677
4577.0	1.82708
4578.0	1.797347
4579.0	1.86699
4580.0	1.775649
4581.0	1.818538
4582.0	1.80195
4583.0	1.792095
4584.0	1.784727
4585.0	1.793406
4586.0	1.797025
4587.0	1.795114
4588.0	1.811411
4589.0	1.782781
4590.0	1.735081
4591.0	1.758147
4592.0	1.768587
4593.0	1.75123
4594.0	1.766045
4595.0	1.736549
4596.0	1.758494
4597.0	1.78566
4598.0	1.781991
4599.0	1.734283
4600.0	1.762435
4601.0	1.744976
4602.0	1.720247
4603.0	1.750234
4604.0	1.726703
4605.0	1.730559
4606.0	1.762272
4607.0	1.73037
4608.0	1.75418
4609.0	1.750266
4610.0	1.742832
4611.0	1.722923
4612.0	1.717115
4613.0	1.718394
4614.0	1.77942
4615.0	1.726397
4616.0	1.701663
4617.0	1.71874
4618.0	1.743373
4619.0	1.714037
4620.0	1.768431
4621.0	1.742413
4622.0	1.697208
4623.0	1.738476
4624.0	1.688197
4625.0	1.729216
4626.0	1.715096
4627.0	1.6639
4628.0	1.709376
4629.0	1.71294
4630.0	1.704387
4631.0	1.720417
4632.0	1.735618
4633.0	1.697504
4634.0	1.707836
4635.0	1.679307
4636.0	1.659081
4637.0	1.702127
4638.0	1.667924
4639.0	1.670602
4640.0	1.642077
4641.0	1.669942
4642.0	1.647127
4643.0	1.641505
4644.0	1.640849
4645.0	1.682247
4646.0	1.651557
4647.0	1.660961
4648.0	1.635263
4649.0	1.675664
4650.0	1.671324
4651.0	1.638327
4652.0	1.636182
4653.0	1.650091
4654.0	1.647481
4655.0	1.637726
4656.0	1.613493
4657.0	1.644378
4658.0	1.637463
4659.0	1.5999
4660.0	1.618579
4661.0	1.587074
4662.0	1.59856
4663.0	1.576807
4664.0	1.608283
4665.0	1.611376
4666.0	1.623367
4667.0	1.615128
4668.0	1.564465
4669.0	1.587218
4670.0	1.589981
4671.0	1.540446
4672.0	1.552733
4673.0	1.528591
4674.0	1.545756
4675.0	1.53926
4676.0	1.550446
4677.0	1.590812
4678.0	1.558532
4679.0	1.574201
4680.0	1.533567
4681.0	1.536099
4682.0	1.539309
4683.0	1.546951
4684.0	1.544689
4685.0	1.514731
4686.0	1.500297
4687.0	1.468868
4688.0	1.472706
4689.0	1.470094
4690.0	1.518178
4691.0	1.458211
4692.0	1.43533
4693.0	1.493076
4694.0	1.472613
4695.0	1.467238
4696.0	1.398095
4697.0	1.446929
4698.0	1.417711
4699.0	1.399217
4700.0	1.422408
4701.0	1.416935
4702.0	1.373737
4703.0	1.38298
4704.0	1.381968
4705.0	1.381109
4706.0	1.365946
4707.0	1.349851
4708.0	1.376256
4709.0	1.344952
4710.0	1.365578
4711.0	1.349277
4712.0	1.364396
4713.0	1.365905
4714.0	1.372564
4715.0	1.355434
4716.0	1.336084
4717.0	1.371047
4718.0	1.401586
4719.0	1.321143
4720.0	1.3482
4721.0	1.333031
4722.0	1.303157
4723.0	1.32446
4724.0	1.330301
4725.0	1.32815
4726.0	1.324094
4727.0	1.320759
4728.0	1.336295
4729.0	1.353852
4730.0	1.330918
4731.0	1.3344
4732.0	1.323306
4733.0	1.347616
4734.0	1.352361
4735.0	1.290919
4736.0	1.300074
4737.0	1.338454
4738.0	1.336637
4739.0	1.315148
4740.0	1.348689
4741.0	1.317261
4742.0	1.324628
4743.0	1.355242
4744.0	1.316996
4745.0	1.277147
4746.0	1.305187
4747.0	1.296776
4748.0	1.290658
4749.0	1.284628
4750.0	1.310595
4751.0	1.259357
4752.0	1.334054
4753.0	1.322831
4754.0	1.294035
4755.0	1.312193
4756.0	1.311872
4757.0	1.314789
4758.0	1.284283
4759.0	1.247569
4760.0	1.276309
4761.0	1.309628
4762.0	1.282691
4763.0	1.289701
4764.0	1.2608
4765.0	1.27051
4766.0	1.288462
4767.0	1.237647
4768.0	1.265561
4769.0	1.262402
4770.0	1.268954
4771.0	1.235832
4772.0	1.298692
4773.0	1.268749
4774.0	1.271324
4775.0	1.252584
4776.0	1.225171
4777.0	1.22961
4778.0	1.266874
4779.0	1.256756
4780.0	1.2599
4781.0	1.270227
4782.0	1.284769
4783.0	1.25655
4784.0	1.263062
4785.0	1.245119
4786.0	1.238107
4787.0	1.220839
4788.0	1.197354
4789.0	1.190618
4790.0	1.206998
4791.0	1.246571
4792.0	1.227989
4793.0	1.223538
4794.0	1.247226
4795.0	1.208929
4796.0	1.224834
4797.0	1.206991
4798.0	1.227248
4799.0	1.220847
4800.0	1.205741
4801.0	1.236149
4802.0	1.202706
4803.0	1.184381
4804.0	1.204649
4805.0	1.18819
4806.0	1.135657
4807.0	1.173336
4808.0	1.194584
4809.0	1.164243
4810.0	1.138719
4811.0	1.145761
4812.0	1.170146
4813.0	1.187495
4814.0	1.190899
4815.0	1.148941
4816.0	1.147276
4817.0	1.176306
4818.0	1.152499
4819.0	1.156885
4820.0	1.179382
4821.0	1.203686
4822.0	1.180204
4823.0	1.170689
4824.0	1.166869
4825.0	1.183305
4826.0	1.202058
4827.0	1.163243
4828.0	1.165496
4829.0	1.193196
4830.0	1.159667
4831.0	1.107311
4832.0	1.098547
4833.0	1.219928
4834.0	1.182847
4835.0	1.175699
4836.0	1.193406
4837.0	1.169952
4838.0	1.142796
4839.0	1.182216
4840.0	1.187463
4841.0	1.183929
4842.0	1.167951
4843.0	1.210281
4844.0	1.19044
4845.0	1.119
4846.0	1.136348
4847.0	1.153547
4848.0	1.162796
4849.0	1.159464
4850.0	1.153942
4851.0	1.15204
4852.0	1.152442
4853.0	1.154587
4854.0	1.10834
4855.0	1.099891
4856.0	1.122967
4857.0	1.151036
4858.0	1.129205
4859.0	1.102569
4860.0	1.085284
4861.0	1.091159
4862.0	1.106506
4863.0	1.092313
4864.0	1.108172
4865.0	1.106671
4866.0	1.092374
4867.0	1.092527
4868.0	1.049763
4869.0	1.060291
4870.0	1.053472
4871.0	1.028228
4872.0	1.045792
4873.0	1.032329
4874.0	1.035848
4875.0	1.054766
4876.0	1.00636
4877.0	1.004018
4878.0	1.044776
4879.0	1.011768
4880.0	1.015759
4881.0	0.9969111
4882.0	0.9696739
4883.0	0.9941362
4884.0	0.962483
4885.0	0.966633
4886.0	0.9895035
4887.0	0.9588596
4888.0	0.9506037
4889.0	0.956323
4890.0	0.9622429
4891.0	0.9500235
4892.0	0.920767
4893.0	0.9162039
4894.0	0.9302221
4895.0	0.9141353
4896.0	0.9262554
4897.0	0.9010702
4898.0	0.884199
4899.0	0.8809766
4900.0	0.920313
4901.0	0.8712748
4902.0	0.8395893
4903.0	0.8749321
4904.0	0.8469127
4905.0	0.8700154
4906.0	0.8624948
4907.0	0.8719943
4908.0	0.8480063
4909.0	0.8278304
4910.0	0.8411908
4911.0	0.8538488
4912.0	0.8203521
4913.0	0.832249
4914.0	0.8728082
4915.0	0.8383287
4916.0	0.8330097
4917.0	0.8446643
4918.0	0.8281837
4919.0	0.8269442
4920.0	0.8146796
4921.0	0.8169322
4922.0	0.8243722
4923.0	0.8137979
4924.0	0.8247055
4925.0	0.8243039
4926.0	0.8241704
4927.0	0.8216183
4928.0	0.8343779
4929.0	0.8151314
4930.0	0.8222299
4931.0	0.8207776
4932.0	0.8360784
4933.0	0.8398058
4934.0	0.8566738
4935.0	0.8160759
4936.0	0.8545735
4937.0	0.8608416
4938.0	0.8415502
4939.0	0.8490117
4940.0	0.8630296
4941.0	0.8586196
4942.0	0.8452275
4943.0	0.8530573
4944.0	0.8538173
4945.0	0.8493636
4946.0	0.8604001
4947.0	0.8835748
4948.0	0.8692244
4949.0	0.8588611
4950.0	0.8659162
4951.0	0.8743542
4952.0	0.877373
4953.0	0.8869674
4954.0	0.8988845
4955.0	0.8999258
4956.0	0.8980829
4957.0	0.9298308
4958.0	0.9329329
4959.0	0.9015594
4960.0	0.9072209
4961.0	0.9412429
4962.0	0.9401332
4963.0	0.9182391
4964.0	0.9386359
4965.0	0.9239536
4966.0	0.9409246
4967.0	0.981106
4968.0	0.9666498
4969.0	0.9906
4970.0	0.9737493
4971.0	0.9405408
4972.0	0.9494357
4973.0	0.9241163
4974.0	0.9598583
4975.0	0.9755756
4976.0	1.004552
4977.0	1.008755
4978.0	0.9705557
4979.0	0.9553235
4980.0	0.9941539
4981.0	0.9934123
4982.0	0.992381
4983.0	1.027639
4984.0	1.017511
4985.0	1.019173
4986.0	1.028835
4987.0	1.036538
4988.0	1.042482
4989.0	1.042971
4990.0	1.056213
4991.0	1.049344
4992.0	1.006034
4993.0	1.0422
4994.0	1.043302
4995.0	1.041222
4996.0	1.053519
4997.0	1.086173
4998.0	1.064695
4999.0	1.074401
5000.0	1.063993
5001.0	1.085786
5002.0	1.084113
5003.0	1.068382
5004.0	1.090811
5005.0	1.097089
5006.0	1.087558
5007.0	1.09114
5008.0	1.071571
5009.0	1.089277
5010.0	1.119242
5011.0	1.120678
5012.0	1.108314
5013.0	1.124743
5014.0	1.110432
5015.0	1.134313
5016.0	1.119786
5017.0	1.152245
5018.0	1.103786
5019.0	1.14737
5020.0	1.138899
5021.0	1.119145
5022.0	1.126468
5023.0	1.130002
5024.0	1.167327
5025.0	1.170177
5026.0	1.161227
5027.0	1.167835
5028.0	1.140611
5029.0	1.150487
5030.0	1.175117
5031.0	1.147722
5032.0	1.170877
5033.0	1.148495
5034.0	1.147819
5035.0	1.148595
5036.0	1.153114
5037.0	1.136605
5038.0	1.166724
5039.0	1.170044
5040.0	1.175234
5041.0	1.161125
5042.0	1.129715
5043.0	1.145938
5044.0	1.134631
5045.0	1.168969
5046.0	1.202366
5047.0	1.196817
5048.0	1.222116
5049.0	1.127324
5050.0	1.2253
5051.0	1.261259
5052.0	1.161736
5053.0	1.127702
5054.0	0.938005
5055.0	1.002034
5056.0	0.9895445
5057.0	1.008242
5058.0	0.916737
5059.0	0.9482883
5060.0	1.087275
5061.0	1.151969
5062.0	1.167341
5063.0	1.184587
5064.0	1.182882
5065.0	1.196702
5066.0	1.197186
5067.0	1.21787
5068.0	1.174099
5069.0	1.163369
5070.0	1.162613
5071.0	1.210769
5072.0	1.190756
5073.0	1.160627
5074.0	1.150656
5075.0	1.176525
5076.0	1.170822
5077.0	1.166379
5078.0	1.168024
5079.0	1.186638
5080.0	1.190436
5081.0	1.183219
5082.0	1.204253
5083.0	1.166408
5084.0	1.192937
5085.0	1.188917
5086.0	1.194175
5087.0	1.164006
5088.0	1.186897
5089.0	1.182205
5090.0	1.193783
5091.0	1.184317
5092.0	1.148939
5093.0	1.173413
5094.0	1.170785
5095.0	1.186084
5096.0	1.196407
5097.0	1.179625
5098.0	1.194869
5099.0	1.191535
5100.0	1.151683
5101.0	1.166849
5102.0	1.217026
5103.0	1.204228
5104.0	1.20371
5105.0	1.094744
5106.0	0.9878077
5107.0	1.047863
5108.0	1.120493
5109.0	1.216717
5110.0	1.217802
5111.0	1.221955
5112.0	1.204088
5113.0	1.222404
5114.0	1.213998
5115.0	1.240582
5116.0	1.21932
5117.0	1.201785
5118.0	1.227146
5119.0	1.22691
5120.0	1.253279
5121.0	1.232314
5122.0	1.255037
5123.0	1.245311
5124.0	1.237952
5125.0	1.239971
5126.0	1.211773
5127.0	1.232502
5128.0	1.226279
5129.0	1.255817
5130.0	1.270491
5131.0	1.262306
5132.0	1.27185
5133.0	1.269237
5134.0	1.279102
5135.0	1.290054
5136.0	1.284122
5137.0	1.235372
5138.0	1.273254
5139.0	1.272555
5140.0	1.181889
5141.0	1.27626
5142.0	1.294053
5143.0	1.281762
5144.0	1.305511
5145.0	1.29897
5146.0	1.313566
5147.0	1.313422
5148.0	1.338798
5149.0	1.331958
5150.0	1.316525
5151.0	1.303617
5152.0	1.334165
5153.0	1.326964
5154.0	1.331901
5155.0	1.339198
5156.0	1.347346
5157.0	1.330048
5158.0	1.31484
5159.0	1.331479
5160.0	1.351333
5161.0	1.30503
5162.0	1.376731
5163.0	1.350084
5164.0	1.310141
5165.0	1.302464
5166.0	1.312107
5167.0	1.340345
5168.0	1.346605
5169.0	1.341163
5170.0	1.357027
5171.0	1.328776
5172.0	1.336083
5173.0	1.323781
5174.0	1.346052
5175.0	1.328962
5176.0	1.301345
5177.0	1.335224
5178.0	1.332567
5179.0	1.328529
5180.0	1.30894
5181.0	1.372398
5182.0	1.329204
5183.0	1.343921
5184.0	1.295293
5185.0	1.303207
5186.0	1.299156
5187.0	1.318447
5188.0	1.289542
5189.0	1.264109
5190.0	1.329583
5191.0	1.289972
5192.0	1.3004
5193.0	1.269023
5194.0	1.260895
5195.0	1.267677
5196.0	1.28801
5197.0	1.267222
5198.0	1.230225
5199.0	1.311835
5200.0	1.29904
5201.0	1.276151
5202.0	1.264134
5203.0	1.261943
5204.0	1.243423
5205.0	1.283587
5206.0	1.254187
5207.0	1.249669
5208.0	1.280422
5209.0	1.221758
5210.0	1.242541
5211.0	1.251782
5212.0	1.22772
5213.0	1.237908
5214.0	1.231587
5215.0	1.233494
5216.0	1.234978
5217.0	1.239428
5218.0	1.241871
5219.0	1.256328
5220.0	1.240096
5221.0	1.212547
5222.0	1.212621
5223.0	1.219114
5224.0	1.21585
5225.0	1.203122
5226.0	1.237548
5227.0	1.235174
5228.0	1.228148
5229.0	1.219729
5230.0	1.207928
5231.0	1.198437
5232.0	1.223363
5233.0	1.232185
5234.0	1.239084
5235.0	1.272427
5236.0	1.217332
5237.0	1.188968
5238.0	1.247492
5239.0	1.240517
5240.0	1.242825
5241.0	1.255662
5242.0	1.201656
5243.0	1.224217
5244.0	1.264379
5245.0	1.265711
5246.0	1.224559
5247.0	1.251375
5248.0	1.260154
5249.0	1.260613
5250.0	1.256225
5251.0	1.268406
5252.0	1.234461
5253.0	1.262435
5254.0	1.264223
5255.0	1.283903
5256.0	1.253374
5257.0	1.263329
5258.0	1.292585
5259.0	1.272485
5260.0	1.225826
5261.0	1.236585
5262.0	1.211545
5263.0	1.232392
5264.0	1.245061
5265.0	1.225484
5266.0	1.233746
5267.0	1.241705
5268.0	1.245232
5269.0	1.231311
5270.0	1.238384
5271.0	1.224241
5272.0	1.218354
5273.0	1.211919
5274.0	1.21137
5275.0	1.19989
5276.0	1.20604
5277.0	1.196398
5278.0	1.186307
5279.0	1.176196
5280.0	1.189716
5281.0	1.152012
5282.0	1.149017
5283.0	1.143605
5284.0	1.134851
5285.0	1.143947
5286.0	1.136339
5287.0	1.142417
5288.0	1.127143
5289.0	1.139344
5290.0	1.120384
5291.0	1.107704
5292.0	1.119115
5293.0	1.104884
5294.0	1.121735
5295.0	1.077325
5296.0	1.076497
5297.0	1.078804
5298.0	1.057981
5299.0	1.042797
5300.0	1.050824
5301.0	1.058655
5302.0	1.0626
5303.0	1.038632
5304.0	1.069808
5305.0	1.035393
5306.0	1.006493
5307.0	1.028034
5308.0	1.015862
5309.0	0.9985497
5310.0	1.033157
5311.0	1.007168
5312.0	0.9837955
5313.0	0.9842613
5314.0	0.9989074
5315.0	0.9866215
5316.0	0.9566394
5317.0	0.9620439
5318.0	0.9931378
5319.0	0.9686815
5320.0	0.9609318
5321.0	1.005534
5322.0	0.9763573
5323.0	0.936023
5324.0	0.9405513
5325.0	0.9417493
5326.0	0.947735
5327.0	0.9606872
5328.0	0.9394127
5329.0	0.9409341
5330.0	0.9212543
5331.0	0.9299279
5332.0	0.9225428
5333.0	0.9408512
5334.0	0.9422802
5335.0	0.9506325
5336.0	0.9213456
5337.0	0.9359624
5338.0	0.9215018
5339.0	0.9478745
5340.0	0.9045273
5341.0	0.9275624
5342.0	0.9316408
5343.0	0.9271238
5344.0	0.9183891
5345.0	0.9128862
5346.0	0.8861377
5347.0	0.9049657
5348.0	0.9071531
5349.0	0.9217106
5350.0	0.9155911
5351.0	0.897702
5352.0	0.9072214
5353.0	0.9100752
5354.0	0.9258738
5355.0	0.9331126
5356.0	0.9104376
5357.0	0.9169705
5358.0	0.9115604
5359.0	0.8948209
5360.0	0.8989088
5361.0	0.8995256
5362.0	0.9126961
5363.0	0.9273732
5364.0	0.915079
5365.0	0.9200618
5366.0	0.9086663
5367.0	0.915247
5368.0	0.8940766
5369.0	0.8950607
5370.0	0.904183
5371.0	0.8976949
5372.0	0.924685
5373.0	0.9003718
5374.0	0.9005058
5375.0	0.8894377
5376.0	0.9073958
5377.0	0.884457
5378.0	0.9027237
5379.0	0.8871224
5380.0	0.9074405
5381.0	0.9137427
5382.0	0.9274711
5383.0	0.9278381
5384.0	0.9126052
5385.0	0.8935202
5386.0	0.9067679
5387.0	0.9278836
5388.0	0.9086093
5389.0	0.8915687
5390.0	0.9053705
5391.0	0.8971999
5392.0	0.9378635
5393.0	0.9156232
5394.0	0.9164587
5395.0	0.9278849
5396.0	0.9184909
5397.0	0.9479702
5398.0	0.9525185
5399.0	0.9342404
5400.0	0.9270681
5401.0	0.9198755
5402.0	0.911157
5403.0	0.9313948
5404.0	0.9227218
5405.0	0.9495768
5406.0	0.9439967
5407.0	0.9385242
5408.0	0.9425051
5409.0	0.9337254
5410.0	0.9390792
5411.0	0.9331213
5412.0	0.9169417
5413.0	0.8967364
5414.0	0.9137697
5415.0	0.9204204
5416.0	0.9200738
5417.0	0.906671
5418.0	0.9154644
5419.0	0.9345255
5420.0	0.9222116
5421.0	0.9300209
5422.0	0.9013609
5423.0	0.910626
5424.0	0.9134638
5425.0	0.9353471
5426.0	0.931933
5427.0	0.9258243
5428.0	0.9312643
5429.0	0.9301875
5430.0	0.9302393
5431.0	0.9267361
5432.0	0.9282549
5433.0	0.921583
5434.0	0.9209267
5435.0	0.9495482
5436.0	0.9245366
5437.0	0.907405
5438.0	0.9259653
5439.0	0.9112679
5440.0	0.9180611
5441.0	0.9079434
5442.0	0.9172449
5443.0	0.9230001
5444.0	0.8995085
5445.0	0.8917518
5446.0	0.9168892
5447.0	0.8924571
5448.0	0.8927245
5449.0	0.8944038
5450.0	0.8955957
5451.0	0.8966468
5452.0	0.8826898
5453.0	0.9061294
5454.0	0.8698952
5455.0	0.8734514
5456.0	0.8912457
5457.0	0.8792759
5458.0	0.885207
5459.0	0.8412743
5460.0	0.8554683
5461.0	0.8703539
5462.0	0.8792871
5463.0	0.8741415
5464.0	0.8312532
5465.0	0.8725942
5466.0	0.83557
5467.0	0.8422896
5468.0	0.8759035
5469.0	0.8581164
5470.0	0.8500856
5471.0	0.8270111
5472.0	0.8390833
5473.0	0.8411918
5474.0	0.8315782
5475.0	0.8348284
5476.0	0.8234393
5477.0	0.8277919
5478.0	0.801766
5479.0	0.8144192
5480.0	0.8112358
5481.0	0.8300025
5482.0	0.8206623
5483.0	0.7956576
5484.0	0.7688822
5485.0	0.7512873
5486.0	0.8010035
5487.0	0.8062418
5488.0	0.7864788
5489.0	0.7713533
5490.0	0.7648305
5491.0	0.7967126
5492.0	0.7713919
5493.0	0.7551588
5494.0	0.7690839
5495.0	0.7782651
5496.0	0.7924299
5497.0	0.7552027
5498.0	0.7888626
5499.0	0.7473601
5500.0	0.7148972
5501.0	0.7364447
5502.0	0.742308
5503.0	0.7269416
5504.0	0.7455471
5505.0	0.7502006
5506.0	0.7401807
5507.0	0.7562431
5508.0	0.7464933
5509.0	0.7556162
5510.0	0.7441205
5511.0	0.7549661
5512.0	0.7594919
5513.0	0.7461917
5514.0	0.7543201
5515.0	0.7417737
5516.0	0.7349737
5517.0	0.7103218
5518.0	0.7018289
5519.0	0.7178572
5520.0	0.7230023
5521.0	0.6927845
5522.0	0.7003314
5523.0	0.7493901
5524.0	0.7584274
5525.0	0.7427866
5526.0	0.7378643
5527.0	0.7496836
5528.0	0.718555
5529.0	0.7450729
5530.0	0.7536355
5531.0	0.7577388
5532.0	0.730245
5533.0	0.7374968
5534.0	0.7601802
5535.0	0.7534938
5536.0	0.7346582
5537.0	0.7387586
5538.0	0.7615495
5539.0	0.7672898
5540.0	0.7493183
5541.0	0.7447813
5542.0	0.7790568
5543.0	0.7697923
5544.0	0.7775607
5545.0	0.8140448
5546.0	0.7929992
5547.0	0.7844034
5548.0	0.7726767
5549.0	0.7979156
5550.0	0.8021447
5551.0	0.8377111
5552.0	0.830164
5553.0	0.8242478
5554.0	0.820058
5555.0	0.8202367
5556.0	0.8138004
5557.0	0.8197631
5558.0	0.8515666
5559.0	0.8766931
5560.0	0.8649873
5561.0	0.8581499
5562.0	0.8614251
5563.0	0.8741306
5564.0	0.8723689
5565.0	0.8804986
5566.0	0.8870649
5567.0	0.8866526
5568.0	0.873679
5569.0	0.9225968
5570.0	0.9026754
5571.0	0.9291811
5572.0	0.9464723
5573.0	0.9512788
5574.0	0.9443303
5575.0	0.931326
5576.0	0.8975316
5577.0	0.9451805
5578.0	0.9634686
5579.0	0.9440008
5580.0	0.9411463
5581.0	0.9455766
5582.0	0.9873213
5583.0	0.9743444
5584.0	0.9643123
5585.0	0.9587976
5586.0	0.9558924
5587.0	0.9863624
5588.0	0.9923298
5589.0	1.003701
5590.0	0.9947405
5591.0	0.994556
5592.0	1.021619
5593.0	1.009744
5594.0	1.015424
5595.0	1.037717
5596.0	1.039365
5597.0	1.022095
5598.0	1.043877
5599.0	1.044605
5600.0	1.030948
5601.0	1.029324
5602.0	1.05003
5603.0	1.044681
5604.0	1.029713
5605.0	1.032158
5606.0	1.049413
5607.0	1.018731
5608.0	1.031487
5609.0	1.047836
5610.0	1.039692
5611.0	1.008586
5612.0	1.027406
5613.0	1.049977
5614.0	1.033848
5615.0	1.052543
5616.0	1.011794
5617.0	1.039038
5618.0	1.046934
5619.0	1.050364
5620.0	1.02387
5621.0	1.05506
5622.0	1.029284
5623.0	1.024066
5624.0	1.017336
5625.0	1.068502
5626.0	1.009689
5627.0	1.028004
5628.0	1.043702
5629.0	1.02737
5630.0	1.015182
5631.0	1.028828
5632.0	1.039583
5633.0	1.020471
5634.0	0.9856025
5635.0	0.9579197
5636.0	1.003904
5637.0	1.007275
5638.0	0.9910086
5639.0	0.9794306
5640.0	1.02916
5641.0	1.000703
5642.0	0.9994543
5643.0	1.005307
5644.0	1.022403
5645.0	0.9837406
5646.0	0.9921913
5647.0	1.012296
5648.0	0.9946076
5649.0	1.025698
5650.0	0.9836028
5651.0	1.009762
5652.0	1.034829
5653.0	1.019663
5654.0	1.016383
5655.0	1.032984
5656.0	1.022355
5657.0	1.011653
5658.0	0.9990261
5659.0	1.035581
5660.0	1.031877
5661.0	1.03113
5662.0	0.9932214
5663.0	1.041745
5664.0	1.044425
5665.0	1.03013
5666.0	1.039976
5667.0	1.031128
5668.0	1.034678
5669.0	1.047929
5670.0	1.017932
5671.0	1.051714
5672.0	1.054851
5673.0	1.022017
5674.0	1.021107
5675.0	1.033324
5676.0	1.044436
5677.0	1.045471
5678.0	1.031141
5679.0	1.027788
5680.0	1.030969
5681.0	1.009312
5682.0	1.033524
5683.0	1.015048
5684.0	1.021101
5685.0	1.019353
5686.0	1.023348
5687.0	1.029266
5688.0	1.027216
5689.0	1.04567
5690.0	1.039961
5691.0	1.034283
5692.0	1.032394
5693.0	1.034212
5694.0	1.02294
5695.0	1.069673
5696.0	1.061475
5697.0	1.046578
5698.0	1.019986
5699.0	1.03738
5700.0	1.057044
5701.0	1.043339
5702.0	1.02622
5703.0	1.022434
5704.0	1.039661
5705.0	0.9894057
5706.0	0.9996826
5707.0	1.049679
5708.0	1.033866
5709.0	1.025653
5710.0	1.038153
5711.0	1.044183
5712.0	0.9945841
5713.0	1.022802
5714.0	1.041556
5715.0	1.02705
5716.0	1.048063
5717.0	1.026055
5718.0	1.037227
5719.0	1.025484
5720.0	1.020432
5721.0	1.026838
5722.0	1.071485
5723.0	1.054518
5724.0	1.023141
5725.0	1.053576
5726.0	1.044114
5727.0	1.001913
5728.0	1.026018
5729.0	1.015234
5730.0	1.020794
5731.0	1.01595
5732.0	1.017861
5733.0	1.008577
5734.0	1.042209
5735.0	1.027926
5736.0	1.016195
5737.0	0.9914148
5738.0	0.9660999
5739.0	0.9811067
5740.0	0.9933026
5741.0	0.9950268
5742.0	0.996465
5743.0	0.9829575
5744.0	0.9846795
5745.0	0.9721115
5746.0	0.987964
5747.0	0.9814131
5748.0	0.9900753
5749.0	0.9706421
5750.0	0.9794335
5751.0	0.9608901
5752.0	0.9413703
5753.0	0.949936
5754.0	0.9383124
5755.0	0.9171733
5756.0	0.9496254
5757.0	0.9640273
5758.0	0.9186052
5759.0	0.9076599
5760.0	0.9189717
5761.0	0.9173315
5762.0	0.8963183
5763.0	0.885321
5764.0	0.8903415
5765.0	0.9116303
5766.0	0.8937449
5767.0	0.8820547
5768.0	0.9048929
5769.0	0.8933339
5770.0	0.9035754
5771.0	0.8848788
5772.0	0.8509191
5773.0	0.8713174
5774.0	0.8674591
5775.0	0.8750945
5776.0	0.8399236
5777.0	0.8547773
5778.0	0.8469596
5779.0	0.8161699
5780.0	0.8338175
5781.0	0.8348448
5782.0	0.8431634
5783.0	0.8294943
5784.0	0.8299471
5785.0	0.8563641
5786.0	0.8128855
5787.0	0.8368443
5788.0	0.8275758
5789.0	0.8234698
5790.0	0.8384904
5791.0	0.8162937
5792.0	0.7951005
5793.0	0.7804274
5794.0	0.7796044
5795.0	0.8061079
5796.0	0.7776235
5797.0	0.7750808
5798.0	0.7791761
5799.0	0.7943681
5800.0	0.7979373
5801.0	0.7785394
5802.0	0.7900753
5803.0	0.7960399
5804.0	0.8027818
5805.0	0.7711387
5806.0	0.7626676
5807.0	0.7777262
5808.0	0.7676962
5809.0	0.7356415
5810.0	0.7452072
5811.0	0.7439312
5812.0	0.7466249
5813.0	0.736777
5814.0	0.7494112
5815.0	0.7700481
5816.0	0.7611499
5817.0	0.7350982
5818.0	0.7338223
5819.0	0.7400052
5820.0	0.7564976
5821.0	0.7378463
5822.0	0.7198353
5823.0	0.7234533
5824.0	0.7228351
5825.0	0.7529332
5826.0	0.732894
5827.0	0.7495628
5828.0	0.7183705
5829.0	0.727354
5830.0	0.7386246
5831.0	0.7416792
5832.0	0.7519911
5833.0	0.7521634
5834.0	0.7417374
5835.0	0.718227
5836.0	0.7379954
5837.0	0.7497496
5838.0	0.7483792
5839.0	0.7540284
5840.0	0.734904
5841.0	0.7414691
5842.0	0.7535661
5843.0	0.7719147
5844.0	0.7537714
5845.0	0.7481987
5846.0	0.7389441
5847.0	0.7520177
5848.0	0.7467552
5849.0	0.7504699
5850.0	0.7788302
5851.0	0.7728143
5852.0	0.7910129
5853.0	0.7712044
5854.0	0.7815031
5855.0	0.7738988
5856.0	0.7867267
5857.0	0.7690004
5858.0	0.7723919
5859.0	0.8014414
5860.0	0.7972785
5861.0	0.8091764
5862.0	0.7883805
5863.0	0.74478
5864.0	0.7552643
5865.0	0.7848184
5866.0	0.8015013
5867.0	0.777828
5868.0	0.8106623
5869.0	0.7945144
5870.0	0.8047432
5871.0	0.7764837
5872.0	0.8087385
5873.0	0.8266439
5874.0	0.8146945
5875.0	0.8093673
5876.0	0.8058808
5877.0	0.8106397
5878.0	0.8206728
5879.0	0.8281364
5880.0	0.8119878
5881.0	0.79985
5882.0	0.8069831
5883.0	0.8247919
5884.0	0.8147343
5885.0	0.8133587
5886.0	0.8345413
5887.0	0.8482407
5888.0	0.7978156
5889.0	0.7721617
5890.0	0.7871879
5891.0	0.8568305
5892.0	0.8601821
5893.0	0.905018
5894.0	0.857418
5895.0	0.7921669
5896.0	0.8169914
5897.0	0.8646713
5898.0	0.8548848
5899.0	0.851256
5900.0	0.8713564
5901.0	0.8493857
5902.0	0.8847168
5903.0	0.8824708
5904.0	0.8495232
5905.0	0.8821535
5906.0	0.8903825
5907.0	0.8876967
5908.0	0.909095
5909.0	0.9055105
5910.0	0.8875817
5911.0	0.9148517
5912.0	0.8855287
5913.0	0.8734833
5914.0	0.9114698
5915.0	0.9188699
5916.0	0.925792
5917.0	0.9321263
5918.0	0.9105727
5919.0	0.9109787
5920.0	0.8769763
5921.0	0.8941741
5922.0	0.9196753
5923.0	0.9298362
5924.0	0.9051517
5925.0	0.9247733
5926.0	0.9381644
5927.0	0.9280714
5928.0	0.9382553
5929.0	0.9611769
5930.0	0.9523783
5931.0	0.9470549
5932.0	0.9491048
5933.0	0.9363747
5934.0	0.953652
5935.0	0.9615785
5936.0	0.9592924
5937.0	0.9537296
5938.0	0.9718096
5939.0	0.9414662
5940.0	0.9583059
5941.0	0.9036709
5942.0	0.8797137
5943.0	0.8772494
5944.0	0.9164069
5945.0	0.9410921
5946.0	0.9237845
5947.0	0.9133129
5948.0	0.9446542
5949.0	0.9697182
5950.0	0.9536844
5951.0	0.9492753
5952.0	0.9780326
5953.0	0.983225
5954.0	0.9724115
5955.0	0.9765414
5956.0	0.9612027
5957.0	0.9566728
5958.0	0.9457148
5959.0	0.973289
5960.0	0.9814193
5961.0	0.996612
5962.0	1.021759
5963.0	1.007539
5964.0	0.9654303
5965.0	0.9900361
5966.0	1.0142
5967.0	0.9903207
5968.0	0.9614455
5969.0	0.9674804
5970.0	0.9889746
5971.0	0.9890894
5972.0	0.9744234
5973.0	1.003206
5974.0	1.031587
5975.0	0.9796398
5976.0	1.001623
5977.0	0.9818262
5978.0	0.9705777
5979.0	0.9924324
5980.0	1.006158
5981.0	0.9820636
5982.0	0.9895139
5983.0	1.023434
5984.0	1.033447
5985.0	0.9843534
5986.0	1.000368
5987.0	1.017521
5988.0	1.019269
5989.0	1.007491
5990.0	0.9963927
5991.0	0.9980778
5992.0	1.014409
5993.0	1.002726
5994.0	0.9976505
5995.0	0.9800697
5996.0	0.9823345
5997.0	0.99678
5998.0	0.9834664
5999.0	1.008078
6000.0	1.007062
6001.0	0.9872615
6002.0	0.9996159
6003.0	1.02132
6004.0	0.9976645
6005.0	1.009598
6006.0	1.017606
6007.0	0.9905891
6008.0	0.9967242
6009.0	0.9879598
6010.0	0.981392
6011.0	1.004214
6012.0	0.981312
6013.0	0.9744415
6014.0	0.9943456
6015.0	0.9943028
6016.0	0.9895783
6017.0	0.9910888
6018.0	1.000731
6019.0	0.9800032
6020.0	0.9950846
6021.0	0.9739749
6022.0	0.9669566
6023.0	0.9771859
6024.0	0.951132
6025.0	0.9531705
6026.0	0.9407468
6027.0	0.94388
6028.0	0.9543558
6029.0	0.9141744
6030.0	0.9230225
6031.0	0.9139405
6032.0	0.9195313
6033.0	0.9132288
6034.0	0.9014723
6035.0	0.9253132
6036.0	0.9367334
6037.0	0.89856
6038.0	0.9135327
6039.0	0.9070877
6040.0	0.8898883
6041.0	0.907756
6042.0	0.8878981
6043.0	0.8699892
6044.0	0.8845007
6045.0	0.8991622
6046.0	0.8580152
6047.0	0.8650961
6048.0	0.8862842
6049.0	0.8615605
6050.0	0.839496
6051.0	0.8316242
6052.0	0.8339301
6053.0	0.8334804
6054.0	0.8351384
6055.0	0.852917
6056.0	0.842653
6057.0	0.832444
6058.0	0.8247886
6059.0	0.8181588
6060.0	0.783375
6061.0	0.7972695
6062.0	0.7945372
6063.0	0.7836878
6064.0	0.7934273
6065.0	0.7675613
6066.0	0.7726079
6067.0	0.7530285
6068.0	0.735378
6069.0	0.7377137
6070.0	0.7468415
6071.0	0.7343703
6072.0	0.7222691
6073.0	0.7391279
6074.0	0.7415583
6075.0	0.7161099
6076.0	0.7133888
6077.0	0.7049115
6078.0	0.7040882
6079.0	0.6984038
6080.0	0.6590429
6081.0	0.6590546
6082.0	0.6547659
6083.0	0.6643778
6084.0	0.6364327
6085.0	0.6342409
6086.0	0.6524687
6087.0	0.6451939
6088.0	0.6364945
6089.0	0.6497529
6090.0	0.6450957
6091.0	0.6267431
6092.0	0.6096823
6093.0	0.6155419
6094.0	0.6111486
6095.0	0.5956179
6096.0	0.5814661
6097.0	0.6062424
6098.0	0.6086716
6099.0	0.5975754
6100.0	0.6000876
6101.0	0.5903675
6102.0	0.5871197
6103.0	0.5761808
6104.0	0.5750713
6105.0	0.5611617
6106.0	0.5557665
6107.0	0.5371195
6108.0	0.5284992
6109.0	0.5174187
6110.0	0.5265357
6111.0	0.544131
6112.0	0.5640911
6113.0	0.5454191
6114.0	0.5387251
6115.0	0.555064
6116.0	0.530298
6117.0	0.5183081
6118.0	0.5323521
6119.0	0.5231889
6120.0	0.5166495
6121.0	0.5239892
6122.0	0.5121455
6123.0	0.5067512
6124.0	0.5125656
6125.0	0.5280234
6126.0	0.51994
6127.0	0.5031055
6128.0	0.5062281
6129.0	0.5184482
6130.0	0.5131997
6131.0	0.5005206
6132.0	0.4985334
6133.0	0.4870172
6134.0	0.5028755
6135.0	0.4982763
6136.0	0.488137
6137.0	0.4739714
6138.0	0.4992102
6139.0	0.4981731
6140.0	0.4932031
6141.0	0.4742047
6142.0	0.4728357
6143.0	0.4779256
6144.0	0.483509
6145.0	0.473684
6146.0	0.4615355
6147.0	0.459758
6148.0	0.4712518
6149.0	0.4511487
6150.0	0.4661711
6151.0	0.4567597
6152.0	0.4548253
6153.0	0.4459406
6154.0	0.4598678
6155.0	0.4530234
6156.0	0.4333329
6157.0	0.4455195
6158.0	0.4347225
6159.0	0.4337481
6160.0	0.4449372
6161.0	0.4264371
6162.0	0.4157134
6163.0	0.4171496
6164.0	0.4441331
6165.0	0.4346378
6166.0	0.4359494
6167.0	0.4321481
6168.0	0.4272603
6169.0	0.418346
6170.0	0.4163056
6171.0	0.4104159
6172.0	0.4105539
6173.0	0.4064706
6174.0	0.4132912
6175.0	0.4048645
6176.0	0.3990336
6177.0	0.4038095
6178.0	0.409565
6179.0	0.4136836
6180.0	0.4076149
6181.0	0.3874313
6182.0	0.4001616
6183.0	0.4021429
6184.0	0.4050829
6185.0	0.3942218
6186.0	0.3942202
6187.0	0.3970427
6188.0	0.3994413
6189.0	0.3984158
6190.0	0.4022339
6191.0	0.4105248
6192.0	0.4154043
6193.0	0.3928947
6194.0	0.3954873
6195.0	0.3886346
6196.0	0.4236401
6197.0	0.4048471
6198.0	0.3951159
6199.0	0.4046949
6200.0	0.3990493
6201.0	0.4008996
6202.0	0.40776
6203.0	0.3950337
6204.0	0.4039425
6205.0	0.4013951
6206.0	0.398809
6207.0	0.3958483
6208.0	0.4043289
6209.0	0.4124134
6210.0	0.4094018
6211.0	0.4066118
6212.0	0.4187798
6213.0	0.423034
6214.0	0.4132016
6215.0	0.4115945
6216.0	0.4286611
6217.0	0.4288346
6218.0	0.4205533
6219.0	0.4323088
6220.0	0.4360705
6221.0	0.4287315
6222.0	0.4369185
6223.0	0.429581
6224.0	0.4310749
6225.0	0.4204073
6226.0	0.4463177
6227.0	0.4342966
6228.0	0.4352815
6229.0	0.4290603
6230.0	0.4468111
6231.0	0.4376057
6232.0	0.4438958
6233.0	0.4417234
6234.0	0.4510834
6235.0	0.4728664
6236.0	0.4683698
6237.0	0.4630612
6238.0	0.4595089
6239.0	0.461357
6240.0	0.4842889
6241.0	0.4906726
6242.0	0.4845304
6243.0	0.4840154
6244.0	0.4799156
6245.0	0.4865513
6246.0	0.5073101
6247.0	0.5009056
6248.0	0.5041048
6249.0	0.5088128
6250.0	0.4493678
6251.0	0.4553704
6252.0	0.5109141
6253.0	0.5000444
6254.0	0.5083182
6255.0	0.5288727
6256.0	0.5572667
6257.0	0.5816479
6258.0	0.526527
6259.0	0.5495735
6260.0	0.5497492
6261.0	0.5527781
6262.0	0.5501139
6263.0	0.5511625
6264.0	0.5709779
6265.0	0.5692574
6266.0	0.5631557
6267.0	0.5855653
6268.0	0.6064864
6269.0	0.5855317
6270.0	0.5837601
6271.0	0.5972791
6272.0	0.5940499
6273.0	0.6098096
6274.0	0.6140332
6275.0	0.6124307
6276.0	0.6245137
6277.0	0.6140826
6278.0	0.6368971
6279.0	0.6122701
6280.0	0.6174788
6281.0	0.6287917
6282.0	0.6330206
6283.0	0.6467105
6284.0	0.6455356
6285.0	0.6301615
6286.0	0.6514324
6287.0	0.649984
6288.0	0.6396662
6289.0	0.6714576
6290.0	0.6823828
6291.0	0.6854163
6292.0	0.6685678
6293.0	0.6584902
6294.0	0.7003828
6295.0	0.7184169
6296.0	0.7241028
6297.0	0.7229732
6298.0	0.7123563
6299.0	0.708685
6300.0	0.7041947
6301.0	0.7204321
6302.0	0.7376713
6303.0	0.7377961
6304.0	0.7376301
6305.0	0.7332731
6306.0	0.7065122
6307.0	0.7304953
6308.0	0.7439301
6309.0	0.7675324
6310.0	0.7434843
6311.0	0.7648407
6312.0	0.7784538
6313.0	0.7812963
6314.0	0.8099611
6315.0	0.7849025
6316.0	0.7928382
6317.0	0.7998639
6318.0	0.7733608
6319.0	0.7787557
6320.0	0.7865832
6321.0	0.7916741
6322.0	0.7903479
6323.0	0.8022375
6324.0	0.8112347
6325.0	0.8161675
6326.0	0.8125543
6327.0	0.7788616
6328.0	0.8406498
6329.0	0.859456
6330.0	0.8453198
6331.0	0.8286309
6332.0	0.8437436
6333.0	0.8287256
6334.0	0.7901134
6335.0	0.7881441
6336.0	0.8257348
6337.0	0.8541571
6338.0	0.8507426
6339.0	0.8543997
6340.0	0.8639581
6341.0	0.8545937
6342.0	0.8176588
6343.0	0.864417
6344.0	0.8887637
6345.0	0.8882059
6346.0	0.8821441
6347.0	0.8921278
6348.0	0.8811076
6349.0	0.8815106
6350.0	0.8804951
6351.0	0.8857835
6352.0	0.9063562
6353.0	0.9094687
6354.0	0.9186812
6355.0	0.8443989
6356.0	0.8699647
6357.0	0.9231333
6358.0	0.9156627
6359.0	0.9039889
6360.0	0.8888841
6361.0	0.9114404
6362.0	0.9241874
6363.0	0.9126581
6364.0	0.9299975
6365.0	0.9075182
6366.0	0.9250423
6367.0	0.9245379
6368.0	0.9227493
6369.0	0.918762
6370.0	0.9178436
6371.0	0.9235411
6372.0	0.9276174
6373.0	0.9478354
6374.0	0.9415786
6375.0	0.9299531
6376.0	0.9207169
6377.0	0.9315175
6378.0	0.9559212
6379.0	0.9631612
6380.0	0.9373921
6381.0	0.9208444
6382.0	0.9372486
6383.0	0.9369349
6384.0	0.9546643
6385.0	0.9321546
6386.0	0.954672
6387.0	0.9577143
6388.0	0.9392016
6389.0	0.9361092
6390.0	0.9372501
6391.0	0.9532795
6392.0	0.9457048
6393.0	0.9610091
6394.0	0.9641715
6395.0	0.9616006
6396.0	0.9491667
6397.0	0.9466065
6398.0	0.9447366
6399.0	0.9540331
6400.0	0.9688503
6401.0	0.9378694
6402.0	0.9321516
6403.0	0.9528381
6404.0	0.9452932
6405.0	0.9462888
6406.0	0.9421321
6407.0	0.9777329
6408.0	0.9494118
6409.0	0.9516841
6410.0	0.9532391
6411.0	0.948213
6412.0	0.9457847
6413.0	0.9590645
6414.0	0.9675412
6415.0	0.9375327
6416.0	0.9485537
6417.0	0.9397155
6418.0	0.9484817
6419.0	0.9591702
6420.0	0.9616392
6421.0	0.9531842
6422.0	0.9257364
6423.0	0.9440671
6424.0	0.9573079
6425.0	0.9383538
6426.0	0.9483889
6427.0	0.9598072
6428.0	0.9618709
6429.0	0.9738088
6430.0	0.9883717
6431.0	0.9820677
6432.0	0.9611409
6433.0	0.9580289
6434.0	0.9686968
6435.0	0.9745293
6436.0	0.9355676
6437.0	0.9675311
6438.0	0.9791858
6439.0	0.9504437
6440.0	0.9731631
6441.0	0.9762249
6442.0	0.9520534
6443.0	0.9420017
6444.0	0.9387015
6445.0	0.9452197
6446.0	0.9588189
6447.0	0.9479508
6448.0	0.9466054
6449.0	0.958938
6450.0	0.9619889
6451.0	0.9687492
6452.0	0.968471
6453.0	0.9538308
6454.0	0.9420292
6455.0	0.9622766
6456.0	0.9312888
6457.0	0.9506557
6458.0	0.9386914
6459.0	0.9130325
6460.0	0.9157406
6461.0	0.9403943
6462.0	0.9448382
6463.0	0.9386478
6464.0	0.9259737
6465.0	0.936847
6466.0	0.9147196
6467.0	0.9219826
6468.0	0.9192353
6469.0	0.9148604
6470.0	0.918563
6471.0	0.9312975
6472.0	0.9082599
6473.0	0.9324731
6474.0	0.9134321
6475.0	0.9278337
6476.0	0.9069448
6477.0	0.8750735
6478.0	0.8937232
6479.0	0.9261284
6480.0	0.9077693
6481.0	0.926107
6482.0	0.9184656
6483.0	0.9340427
6484.0	0.8988383
6485.0	0.8901006
6486.0	0.915006
6487.0	0.9456121
6488.0	0.93675
6489.0	0.9122921
6490.0	0.9254507
6491.0	0.9091952
6492.0	0.9011745
6493.0	0.9263302
6494.0	0.9054294
6495.0	0.8922461
6496.0	0.9251247
6497.0	0.9105205
6498.0	0.9010628
6499.0	0.9062437
6500.0	0.9084701
6501.0	0.9156583
6502.0	0.9133195
6503.0	0.928606
6504.0	0.9125929
6505.0	0.9138064
6506.0	0.9044822
6507.0	0.8990602
6508.0	0.910181
6509.0	0.9019875
6510.0	0.8988615
6511.0	0.908016
6512.0	0.8727055
6513.0	0.8759066
6514.0	0.8949473
6515.0	0.8704134
6516.0	0.8473477
6517.0	0.8452604
6518.0	0.8631407
6519.0	0.8656812
6520.0	0.8862006
6521.0	0.8872212
6522.0	0.8886605
6523.0	0.8754752
6524.0	0.874485
6525.0	0.888343
6526.0	0.8826296
6527.0	0.890575
6528.0	0.9030628
6529.0	0.8942422
6530.0	0.8837206
6531.0	0.8725908
6532.0	0.880334
6533.0	0.8756846
6534.0	0.8535018
6535.0	0.8393068
6536.0	0.8607394
6537.0	0.8856685
6538.0	0.8866562
6539.0	0.8846727
6540.0	0.8859608
6541.0	0.8966497
6542.0	0.8465249
6543.0	0.8493908
6544.0	0.8588905
6545.0	0.8565007
6546.0	0.8759806
6547.0	0.8754715
6548.0	0.8546803
6549.0	0.8280509
6550.0	0.86012
6551.0	0.8629929
6552.0	0.8802176
6553.0	0.8799078
6554.0	0.8443188
6555.0	0.8606411
6556.0	0.8727673
6557.0	0.8646042
6558.0	0.8655004
6559.0	0.8785738
6560.0	0.8707536
6561.0	0.8408629
6562.0	0.8224166
6563.0	0.8334406
6564.0	0.833058
6565.0	0.8174293
6566.0	0.8068412
6567.0	0.8195568
6568.0	0.8637351
6569.0	0.8605266
6570.0	0.8275723
6571.0	0.8455243
6572.0	0.8349285
6573.0	0.8530567
6574.0	0.8705913
6575.0	0.8356198
6576.0	0.8316106
6577.0	0.8358496
6578.0	0.8610306
6579.0	0.8660097
6580.0	0.8365474
6581.0	0.8553339
6582.0	0.8453332
6583.0	0.8625482
6584.0	0.8660688
6585.0	0.8680913
6586.0	0.8429756
6587.0	0.8304722
6588.0	0.8299029
6589.0	0.8216042
6590.0	0.8428856
6591.0	0.8444046
6592.0	0.8323355
6593.0	0.8180243
6594.0	0.8552602
6595.0	0.8336804
6596.0	0.8454444
6597.0	0.8520391
6598.0	0.8408089
6599.0	0.8655999
6600.0	0.820663
6601.0	0.8166397
6602.0	0.8315267
6603.0	0.85434
6604.0	0.8390974
6605.0	0.8352009
6606.0	0.825999
6607.0	0.8272526
6608.0	0.8409501
6609.0	0.8362404
6610.0	0.8427573
6611.0	0.8421813
6612.0	0.8350362
6613.0	0.8116113
6614.0	0.8135079
6615.0	0.8261135
6616.0	0.8183752
6617.0	0.8162211
6618.0	0.8215478
6619.0	0.8157322
6620.0	0.8183665
6621.0	0.825233
6622.0	0.7881247
6623.0	0.7888417
6624.0	0.8275321
6625.0	0.8073149
6626.0	0.8153991
6627.0	0.81524
6628.0	0.8060829
6629.0	0.798005
6630.0	0.7824044
6631.0	0.7917436
6632.0	0.8151175
6633.0	0.7983381
6634.0	0.8041393
6635.0	0.7946784
6636.0	0.792704
6637.0	0.7985748
6638.0	0.7994412
6639.0	0.7966286
6640.0	0.7997332
6641.0	0.7930993
6642.0	0.8167669
6643.0	0.7924647
6644.0	0.7985999
6645.0	0.7980785
6646.0	0.7905976
6647.0	0.7688035
6648.0	0.8038231
6649.0	0.8004141
6650.0	0.7975897
6651.0	0.803082
6652.0	0.7954196
6653.0	0.8142795
6654.0	0.7816145
6655.0	0.7898597
6656.0	0.7950428
6657.0	0.8053038
6658.0	0.7992548
6659.0	0.8129383
6660.0	0.7747419
6661.0	0.7924405
6662.0	0.8008009
6663.0	0.7612501
6664.0	0.7693802
6665.0	0.7767778
6666.0	0.7812352
6667.0	0.7712414
6668.0	0.7809067
6669.0	0.7814353
6670.0	0.7621287
6671.0	0.7766378
6672.0	0.7834024
6673.0	0.8138413
6674.0	0.8094825
6675.0	0.781601
6676.0	0.767341
6677.0	0.7508525
6678.0	0.7592441
6679.0	0.8010571
6680.0	0.7964349
6681.0	0.7906142
6682.0	0.7593682
6683.0	0.7914088
6684.0	0.7745648
6685.0	0.7630665
6686.0	0.7581418
6687.0	0.76445
6688.0	0.771542
6689.0	0.7649761
6690.0	0.762588
6691.0	0.7738541
6692.0	0.7722183
6693.0	0.7661555
6694.0	0.7694358
6695.0	0.7703069
6696.0	0.7646518
6697.0	0.7813311
6698.0	0.7699487
6699.0	0.7624412
6700.0	0.7737454
6701.0	0.7536189
6702.0	0.7382
6703.0	0.7431213
6704.0	0.7515725
6705.0	0.7613003
6706.0	0.7633489
6707.0	0.7321705
6708.0	0.7482686
6709.0	0.7597043
6710.0	0.7520109
6711.0	0.7374052
6712.0	0.7319337
6713.0	0.7387242
6714.0	0.7238286
6715.0	0.7260302
6716.0	0.741021
6717.0	0.7545651
6718.0	0.7448528
6719.0	0.7407689
6720.0	0.7288327
6721.0	0.7299287
6722.0	0.7430624
6723.0	0.7575752
6724.0	0.7467902
6725.0	0.7188969
6726.0	0.7293591
6727.0	0.739053
6728.0	0.7380272
6729.0	0.7448788
6730.0	0.739222
6731.0	0.746209
6732.0	0.7153153
6733.0	0.7173108
6734.0	0.7447379
6735.0	0.731954
6736.0	0.7251573
6737.0	0.7294311
6738.0	0.7140809
6739.0	0.7325608
6740.0	0.7264874
6741.0	0.7097844
6742.0	0.7126316
6743.0	0.735308
6744.0	0.7194182
6745.0	0.6983563
6746.0	0.7174749
6747.0	0.7173814
6748.0	0.6881096
6749.0	0.7132004
6750.0	0.7112831
6751.0	0.7091271
6752.0	0.716858
6753.0	0.7152677
6754.0	0.7066783
6755.0	0.7112235
6756.0	0.7013354
6757.0	0.6911302
6758.0	0.6929469
6759.0	0.7241086
6760.0	0.7276848
6761.0	0.7176804
6762.0	0.7327878
6763.0	0.7160304
6764.0	0.7134638
6765.0	0.6935404
6766.0	0.6976222
6767.0	0.7254072
6768.0	0.7065517
6769.0	0.7109914
6770.0	0.7212768
6771.0	0.7100929
6772.0	0.7078043
6773.0	0.6911771
6774.0	0.6781288
6775.0	0.6593573
6776.0	0.6714945
6777.0	0.7006808
6778.0	0.6999942
6779.0	0.7208423
6780.0	0.7190871
6781.0	0.6940922
6782.0	0.6885207
6783.0	0.6848592
6784.0	0.6738366
6785.0	0.6815823
6786.0	0.702447
6787.0	0.7025534
6788.0	0.692152
6789.0	0.7004701
6790.0	0.6759835
6791.0	0.6767763
6792.0	0.6841771
6793.0	0.6791106
6794.0	0.6990896
6795.0	0.6864178
6796.0	0.663937
6797.0	0.6673826
6798.0	0.6634433
6799.0	0.6735256
6800.0	0.6862182
6801.0	0.6912754
6802.0	0.6729864
6803.0	0.6472645
6804.0	0.6730829
6805.0	0.6754642
6806.0	0.667154
6807.0	0.6751011
6808.0	0.6651447
6809.0	0.6607838
6810.0	0.6588356
6811.0	0.6727687
6812.0	0.6769519
6813.0	0.6708144
6814.0	0.6801198
6815.0	0.6800364
6816.0	0.6564715
6817.0	0.6441264
6818.0	0.6645694
6819.0	0.6700708
6820.0	0.6415254
6821.0	0.6480018
6822.0	0.664552
6823.0	0.655884
6824.0	0.658268
6825.0	0.6424916
6826.0	0.6185848
6827.0	0.6403682
6828.0	0.6508114
6829.0	0.6365151
6830.0	0.6484534
6831.0	0.6553022
6832.0	0.6646707
6833.0	0.6475339
6834.0	0.6320633
6835.0	0.6273499
6836.0	0.663132
6837.0	0.6571349
6838.0	0.6219721
6839.0	0.633918
6840.0	0.6486059
6841.0	0.6676141
6842.0	0.65358
6843.0	0.6739228
6844.0	0.6386859
6845.0	0.6307274
6846.0	0.6357147
6847.0	0.6515741
6848.0	0.6259876
6849.0	0.6361601
6850.0	0.6325616
6851.0	0.6531487
6852.0	0.6498141
6853.0	0.6401671
6854.0	0.655817
6855.0	0.6636857
6856.0	0.6541481
6857.0	0.6212221
6858.0	0.647437
6859.0	0.6543818
6860.0	0.6404655
6861.0	0.6257979
6862.0	0.6443473
6863.0	0.6225491
6864.0	0.6112624
6865.0	0.6110507
6866.0	0.6462627
6867.0	0.6513742
6868.0	0.641723
6869.0	0.6337134
6870.0	0.6289718
6871.0	0.6292472
6872.0	0.6306701
6873.0	0.6417348
6874.0	0.635367
6875.0	0.6485614
6876.0	0.6539325
6877.0	0.6383056
6878.0	0.6411
6879.0	0.6643803
6880.0	0.6486598
6881.0	0.6050264
6882.0	0.580514
6883.0	0.6168637
6884.0	0.629859
6885.0	0.6710524
6886.0	0.6775478
6887.0	0.6444596
6888.0	0.6555352
6889.0	0.6530716
6890.0	0.6535773
6891.0	0.6322259
6892.0	0.6486855
6893.0	0.6680855
6894.0	0.6482801
6895.0	0.6145215
6896.0	0.6319214
6897.0	0.6523921
6898.0	0.6635445
6899.0	0.6526375
6900.0	0.6510358
6901.0	0.6328324
6902.0	0.6363915
6903.0	0.6513442
6904.0	0.6416364
6905.0	0.6094507
6906.0	0.6194827
6907.0	0.6291548
6908.0	0.6263539
6909.0	0.6215925
6910.0	0.6359622
6911.0	0.6481299
6912.0	0.6222142
6913.0	0.6289307
6914.0	0.6273878
6915.0	0.62406
6916.0	0.615921
6917.0	0.631513
6918.0	0.659707
6919.0	0.6556165
6920.0	0.628817
6921.0	0.6364729
6922.0	0.6160001
6923.0	0.6222199
6924.0	0.6171675
6925.0	0.6284481
6926.0	0.6583151
6927.0	0.6334749
6928.0	0.631966
6929.0	0.6012634
6930.0	0.6155722
6931.0	0.6087848
6932.0	0.6262338
6933.0	0.6241997
6934.0	0.6045285
6935.0	0.5754186
6936.0	0.6115057
6937.0	0.6322005
6938.0	0.6371366
6939.0	0.6385235
6940.0	0.6058139
6941.0	0.5850015
6942.0	0.5726273
6943.0	0.6053744
6944.0	0.6041505
6945.0	0.6046034
6946.0	0.6160555
6947.0	0.6043945
6948.0	0.6083171
6949.0	0.6043864
6950.0	0.5923238
6951.0	0.6059023
6952.0	0.6013625
6953.0	0.6069081
6954.0	0.6222231
6955.0	0.5981164
6956.0	0.5855921
6957.0	0.611762
6958.0	0.6369467
6959.0	0.6259432
6960.0	0.6599846
6961.0	0.6324691
6962.0	0.6147276
6963.0	0.6128728
6964.0	0.6125383
6965.0	0.6089343
6966.0	0.6057397
6967.0	0.5933464
6968.0	0.6160716
6969.0	0.6364897
6970.0	0.6451463
6971.0	0.6220121
6972.0	0.6251168
6973.0	0.6184801
6974.0	0.6202378
6975.0	0.6171532
6976.0	0.6163787
6977.0	0.6337559
6978.0	0.6428811
6979.0	0.6295608
6980.0	0.6113379
6981.0	0.6070543
6982.0	0.6099688
6983.0	0.6357101
6984.0	0.6471668
6985.0	0.6074723
6986.0	0.6201881
6987.0	0.6028064
6988.0	0.6035807
6989.0	0.5962496
6990.0	0.5775449
6991.0	0.5810446
6992.0	0.5899245
6993.0	0.6009595
6994.0	0.5931352
6995.0	0.5977375
6996.0	0.5803
6997.0	0.5835845
6998.0	0.6072962
6999.0	0.6113242
7000.0	0.5948449
7001.0	0.5753491
7002.0	0.5938177
7003.0	0.6016722
7004.0	0.6040748
7005.0	0.5877763
7006.0	0.5664706
7007.0	0.5508648
7008.0	0.5501325
7009.0	0.5787109
7010.0	0.6086534
7011.0	0.6043155
7012.0	0.586662
7013.0	0.6028296
7014.0	0.5800039
7015.0	0.5710464
7016.0	0.5910364
7017.0	0.5920269
7018.0	0.5914887
7019.0	0.5545478
7020.0	0.5722222
7021.0	0.5927361
7022.0	0.5836013
7023.0	0.6043499
7024.0	0.5969197
7025.0	0.5863511
7026.0	0.5875304
7027.0	0.5967973
7028.0	0.5763267
7029.0	0.5762417
7030.0	0.5824864
7031.0	0.5721022
7032.0	0.6026874
7033.0	0.6183658
7034.0	0.6209939
7035.0	0.6033571
7036.0	0.5945359
7037.0	0.5961282
7038.0	0.6259137
7039.0	0.6027941
7040.0	0.5947157
7041.0	0.5812128
7042.0	0.5755969
7043.0	0.5724275
7044.0	0.5582845
7045.0	0.5744011
7046.0	0.5775906
7047.0	0.5648113
7048.0	0.5797497
7049.0	0.5770347
7050.0	0.5936657
7051.0	0.5883666
7052.0	0.5763088
7053.0	0.5897487
7054.0	0.596802
7055.0	0.5732453
7056.0	0.5420568
7057.0	0.5651196
7058.0	0.5877228
7059.0	0.6008222
7060.0	0.5867612
