#	 2016gmb 
#	 UT date of observation: 20161008 
#	 Telescope/Instrument: SOAR/Goodman 
#	 Estimated Peak MJD: 57655.754 
#	 Estimated redshift: 0.058 
#	 Estimated Phase: 12.5 
#	 Published in Dettman et al. 2020 
#	 Observed barycentric wavelength (Angstroms)    F_lambda
3700.0	2.351606e-16
3702.0	2.121669e-16
3704.0	2.559423e-16
3706.0	3.79134e-16
3708.0	3.465449e-16
3710.0	3.347897e-16
3712.0	3.714059e-16
3714.0	3.726593e-16
3716.0	3.748689e-16
3718.0	3.327464e-16
3720.0	3.439066e-16
3722.0	4.061794e-16
3724.0	4.219511e-16
3726.0	3.823253e-16
3728.0	3.436848e-16
3730.0	3.346397e-16
3732.0	3.596628e-16
3734.0	4.170912e-16
3736.0	4.015218e-16
3738.0	3.697733e-16
3740.0	3.37939e-16
3742.0	3.800294e-16
3744.0	3.854556e-16
3746.0	4.235866e-16
3748.0	4.486718e-16
3750.0	3.602421e-16
3752.0	3.202601e-16
3754.0	3.559631e-16
3756.0	3.85035e-16
3758.0	4.297734e-16
3760.0	4.842764e-16
3762.0	4.534134e-16
3764.0	4.284633e-16
3766.0	4.398799e-16
3768.0	4.449936e-16
3770.0	4.544233e-16
3772.0	4.283049e-16
3774.0	4.241992e-16
3776.0	4.298331e-16
3778.0	4.454472e-16
3780.0	4.368562e-16
3782.0	4.572111e-16
3784.0	4.392889e-16
3786.0	4.49409e-16
3788.0	4.555261e-16
3790.0	4.326704e-16
3792.0	4.587753e-16
3794.0	4.540629e-16
3796.0	4.38611e-16
3798.0	4.312001e-16
3800.0	3.992457e-16
3802.0	4.084486e-16
3804.0	4.541052e-16
3806.0	4.180844e-16
3808.0	3.606814e-16
3810.0	3.707095e-16
3812.0	3.969449e-16
3814.0	4.030238e-16
3816.0	4.161433e-16
3818.0	3.589495e-16
3820.0	3.778092e-16
3822.0	3.936398e-16
3824.0	3.881327e-16
3826.0	3.782932e-16
3828.0	3.47202e-16
3830.0	3.685544e-16
3832.0	3.68971e-16
3834.0	4.092293e-16
3836.0	3.605835e-16
3838.0	3.721555e-16
3840.0	3.871294e-16
3842.0	4.025505e-16
3844.0	3.606134e-16
3846.0	3.956462e-16
3848.0	4.299405e-16
3850.0	4.367268e-16
3852.0	4.165516e-16
3854.0	3.914941e-16
3856.0	4.352247e-16
3858.0	4.426697e-16
3860.0	4.51968e-16
3862.0	4.564333e-16
3864.0	4.301053e-16
3866.0	3.732651e-16
3868.0	4.097257e-16
3870.0	4.158434e-16
3872.0	4.283371e-16
3874.0	4.498194e-16
3876.0	4.424796e-16
3878.0	4.340028e-16
3880.0	4.480037e-16
3882.0	4.114375e-16
3884.0	4.12798e-16
3886.0	4.343761e-16
3888.0	3.979564e-16
3890.0	3.867613e-16
3892.0	3.677262e-16
3894.0	3.581815e-16
3896.0	3.356769e-16
3898.0	3.063441e-16
3900.0	3.257451e-16
3902.0	2.791578e-16
3904.0	2.801263e-16
3906.0	2.909708e-16
3908.0	2.966436e-16
3910.0	3.063761e-16
3912.0	3.015931e-16
3914.0	2.423499e-16
3916.0	2.809929e-16
3918.0	2.650953e-16
3920.0	2.400669e-16
3922.0	2.642356e-16
3924.0	2.399253e-16
3926.0	2.165574e-16
3928.0	2.335147e-16
3930.0	2.696961e-16
3932.0	2.657418e-16
3934.0	2.392973e-16
3936.0	2.430265e-16
3938.0	2.837867e-16
3940.0	2.809427e-16
3942.0	2.802492e-16
3944.0	2.838857e-16
3946.0	2.626387e-16
3948.0	2.44519e-16
3950.0	2.389931e-16
3952.0	2.246943e-16
3954.0	2.416627e-16
3956.0	2.783636e-16
3958.0	2.485829e-16
3960.0	2.282183e-16
3962.0	2.28452e-16
3964.0	2.079881e-16
3966.0	2.373311e-16
3968.0	2.478706e-16
3970.0	2.129242e-16
3972.0	2.241677e-16
3974.0	2.443949e-16
3976.0	2.086348e-16
3978.0	2.326968e-16
3980.0	2.725532e-16
3982.0	2.328278e-16
3984.0	2.004222e-16
3986.0	2.078051e-16
3988.0	2.632017e-16
3990.0	2.639114e-16
3992.0	2.382266e-16
3994.0	2.495487e-16
3996.0	2.411604e-16
3998.0	2.292032e-16
4000.0	2.375129e-16
4002.0	2.597057e-16
4004.0	2.382721e-16
4006.0	2.040966e-16
4008.0	2.366015e-16
4010.0	2.568849e-16
4012.0	2.49056e-16
4014.0	2.279594e-16
4016.0	1.981571e-16
4018.0	2.41575e-16
4020.0	2.856123e-16
4022.0	2.581401e-16
4024.0	2.725753e-16
4026.0	2.963248e-16
4028.0	2.760356e-16
4030.0	2.936031e-16
4032.0	2.932729e-16
4034.0	2.705524e-16
4036.0	3.249038e-16
4038.0	3.225517e-16
4040.0	3.113727e-16
4042.0	3.069377e-16
4044.0	3.054321e-16
4046.0	3.369385e-16
4048.0	3.324957e-16
4050.0	3.477574e-16
4052.0	3.530562e-16
4054.0	3.587455e-16
4056.0	3.375426e-16
4058.0	3.800084e-16
4060.0	3.933022e-16
4062.0	3.842703e-16
4064.0	4.129697e-16
4066.0	3.963671e-16
4068.0	4.365238e-16
4070.0	4.312459e-16
4072.0	4.585951e-16
4074.0	4.770945e-16
4076.0	5.010206e-16
4078.0	5.113753e-16
4080.0	5.200574e-16
4082.0	5.194308e-16
4084.0	5.523031e-16
4086.0	5.485176e-16
4088.0	5.312108e-16
4090.0	5.465883e-16
4092.0	5.650858e-16
4094.0	5.844843e-16
4096.0	6.069918e-16
4098.0	6.186399e-16
4100.0	5.802188e-16
4102.0	5.756942e-16
4104.0	6.17834e-16
4106.0	6.235555e-16
4108.0	6.262118e-16
4110.0	6.342149e-16
4112.0	6.334892e-16
4114.0	6.663418e-16
4116.0	6.844197e-16
4118.0	6.627967e-16
4120.0	6.109438e-16
4122.0	6.320635e-16
4124.0	6.041332e-16
4126.0	6.018828e-16
4128.0	6.405187e-16
4130.0	6.619454e-16
4132.0	6.825486e-16
4134.0	6.835208e-16
4136.0	6.761692e-16
4138.0	6.788577e-16
4140.0	6.59314e-16
4142.0	7.040082e-16
4144.0	7.012488e-16
4146.0	6.872273e-16
4148.0	6.65629e-16
4150.0	6.854426e-16
4152.0	7.17429e-16
4154.0	7.194006e-16
4156.0	6.961653e-16
4158.0	6.790737e-16
4160.0	6.990404e-16
4162.0	7.247633e-16
4164.0	7.565047e-16
4166.0	7.19007e-16
4168.0	7.108846e-16
4170.0	6.899444e-16
4172.0	7.381483e-16
4174.0	7.354079e-16
4176.0	7.220116e-16
4178.0	7.14721e-16
4180.0	6.910656e-16
4182.0	6.876711e-16
4184.0	6.761513e-16
4186.0	6.389712e-16
4188.0	6.4871e-16
4190.0	6.147952e-16
4192.0	5.977668e-16
4194.0	6.283189e-16
4196.0	6.18499e-16
4198.0	5.933382e-16
4200.0	6.17433e-16
4202.0	6.086015e-16
4204.0	5.995349e-16
4206.0	5.546308e-16
4208.0	5.583802e-16
4210.0	5.529154e-16
4212.0	5.349034e-16
4214.0	5.203945e-16
4216.0	5.207723e-16
4218.0	5.123267e-16
4220.0	5.16389e-16
4222.0	5.058603e-16
4224.0	4.832921e-16
4226.0	4.833057e-16
4228.0	4.759228e-16
4230.0	4.529442e-16
4232.0	4.503458e-16
4234.0	4.608138e-16
4236.0	4.685453e-16
4238.0	4.845058e-16
4240.0	4.464476e-16
4242.0	4.242789e-16
4244.0	4.602414e-16
4246.0	4.785386e-16
4248.0	4.508516e-16
4250.0	4.369065e-16
4252.0	4.879634e-16
4254.0	5.152176e-16
4256.0	4.969431e-16
4258.0	5.239701e-16
4260.0	5.424081e-16
4262.0	5.206012e-16
4264.0	5.00884e-16
4266.0	4.952603e-16
4268.0	5.018423e-16
4270.0	4.727222e-16
4272.0	4.549709e-16
4274.0	5.065865e-16
4276.0	5.401186e-16
4278.0	5.290431e-16
4280.0	5.323801e-16
4282.0	5.395596e-16
4284.0	5.147533e-16
4286.0	5.031463e-16
4288.0	5.007657e-16
4290.0	4.903354e-16
4292.0	4.843984e-16
4294.0	4.897435e-16
4296.0	5.088639e-16
4298.0	5.122058e-16
4300.0	5.156017e-16
4302.0	5.10445e-16
4304.0	4.790619e-16
4306.0	4.833346e-16
4308.0	5.330457e-16
4310.0	5.269928e-16
4312.0	4.750145e-16
4314.0	4.883205e-16
4316.0	4.985661e-16
4318.0	4.814143e-16
4320.0	5.026651e-16
4322.0	5.256277e-16
4324.0	5.103547e-16
4326.0	4.915397e-16
4328.0	5.160081e-16
4330.0	5.255121e-16
4332.0	4.941334e-16
4334.0	4.764636e-16
4336.0	4.888614e-16
4338.0	5.079214e-16
4340.0	4.991313e-16
4342.0	4.845691e-16
4344.0	4.847034e-16
4346.0	4.817463e-16
4348.0	4.779741e-16
4350.0	4.768587e-16
4352.0	4.824844e-16
4354.0	4.990881e-16
4356.0	4.882255e-16
4358.0	4.768332e-16
4360.0	4.806034e-16
4362.0	5.087323e-16
4364.0	5.117374e-16
4366.0	5.143751e-16
4368.0	5.211918e-16
4370.0	4.893368e-16
4372.0	5.015769e-16
4374.0	5.273357e-16
4376.0	5.420783e-16
4378.0	5.488418e-16
4380.0	5.483419e-16
4382.0	5.48292e-16
4384.0	5.706148e-16
4386.0	5.478602e-16
4388.0	5.270256e-16
4390.0	5.293769e-16
4392.0	5.17524e-16
4394.0	5.327474e-16
4396.0	5.621147e-16
4398.0	5.768558e-16
4400.0	5.762949e-16
4402.0	5.566768e-16
4404.0	5.923424e-16
4406.0	6.097213e-16
4408.0	5.740045e-16
4410.0	5.397926e-16
4412.0	5.07584e-16
4414.0	4.782412e-16
4416.0	5.105926e-16
4418.0	5.30799e-16
4420.0	5.359552e-16
4422.0	5.525032e-16
4424.0	5.364262e-16
4426.0	5.349532e-16
4428.0	5.434651e-16
4430.0	5.275378e-16
4432.0	5.483383e-16
4434.0	5.461522e-16
4436.0	5.35239e-16
4438.0	5.5091e-16
4440.0	5.419316e-16
4442.0	5.129574e-16
4444.0	5.345409e-16
4446.0	5.397033e-16
4448.0	5.2604e-16
4450.0	5.274929e-16
4452.0	4.986622e-16
4454.0	4.939098e-16
4456.0	5.338064e-16
4458.0	5.400783e-16
4460.0	5.366805e-16
4462.0	5.172084e-16
4464.0	5.23243e-16
4466.0	5.145525e-16
4468.0	5.105702e-16
4470.0	5.146726e-16
4472.0	5.327614e-16
4474.0	5.120993e-16
4476.0	4.899886e-16
4478.0	4.689354e-16
4480.0	4.684419e-16
4482.0	4.973303e-16
4484.0	4.930286e-16
4486.0	4.670256e-16
4488.0	4.559855e-16
4490.0	4.854676e-16
4492.0	5.097425e-16
4494.0	4.642073e-16
4496.0	4.425146e-16
4498.0	4.679317e-16
4500.0	4.807997e-16
4502.0	4.619567e-16
4504.0	4.447137e-16
4506.0	4.615933e-16
4508.0	4.686163e-16
4510.0	4.745815e-16
4512.0	4.836992e-16
4514.0	4.667532e-16
4516.0	4.562929e-16
4518.0	4.52919e-16
4520.0	4.486723e-16
4522.0	4.563785e-16
4524.0	4.260605e-16
4526.0	4.144567e-16
4528.0	4.654746e-16
4530.0	4.553081e-16
4532.0	4.282599e-16
4534.0	4.359519e-16
4536.0	4.304575e-16
4538.0	4.238191e-16
4540.0	4.03695e-16
4542.0	4.218455e-16
4544.0	4.414664e-16
4546.0	4.011933e-16
4548.0	3.811105e-16
4550.0	3.939408e-16
4552.0	3.870747e-16
4554.0	4.12879e-16
4556.0	3.985854e-16
4558.0	3.754722e-16
4560.0	3.716037e-16
4562.0	3.702245e-16
4564.0	3.808164e-16
4566.0	3.94686e-16
4568.0	3.669452e-16
4570.0	3.643394e-16
4572.0	3.823851e-16
4574.0	3.80513e-16
4576.0	3.51015e-16
4578.0	3.253636e-16
4580.0	3.303832e-16
4582.0	3.304551e-16
4584.0	3.488697e-16
4586.0	3.47009e-16
4588.0	3.335551e-16
4590.0	3.419759e-16
4592.0	3.383903e-16
4594.0	3.412465e-16
4596.0	3.256284e-16
4598.0	3.393857e-16
4600.0	3.347542e-16
4602.0	3.37126e-16
4604.0	3.024888e-16
4606.0	3.161648e-16
4608.0	3.337735e-16
4610.0	3.234809e-16
4612.0	3.157369e-16
4614.0	3.087421e-16
4616.0	3.122253e-16
4618.0	3.202419e-16
4620.0	3.315259e-16
4622.0	3.209448e-16
4624.0	3.035269e-16
4626.0	2.960004e-16
4628.0	2.981959e-16
4630.0	2.829962e-16
4632.0	3.17069e-16
4634.0	3.175706e-16
4636.0	2.695724e-16
4638.0	2.938721e-16
4640.0	3.113063e-16
4642.0	3.067695e-16
4644.0	2.898042e-16
4646.0	2.840834e-16
4648.0	2.890779e-16
4650.0	2.786207e-16
4652.0	2.711485e-16
4654.0	2.757432e-16
4656.0	2.864564e-16
4658.0	2.912407e-16
4660.0	2.952863e-16
4662.0	3.128244e-16
4664.0	3.184526e-16
4666.0	2.935312e-16
4668.0	3.157931e-16
4670.0	3.204165e-16
4672.0	3.126856e-16
4674.0	3.244291e-16
4676.0	3.384614e-16
4678.0	3.310794e-16
4680.0	3.194653e-16
4682.0	3.254195e-16
4684.0	3.152426e-16
4686.0	3.352528e-16
4688.0	3.319906e-16
4690.0	3.279895e-16
4692.0	3.391166e-16
4694.0	3.822256e-16
4696.0	3.815495e-16
4698.0	3.726325e-16
4700.0	3.786639e-16
4702.0	3.908105e-16
4704.0	3.779277e-16
4706.0	3.823281e-16
4708.0	3.980987e-16
4710.0	3.925304e-16
4712.0	3.848321e-16
4714.0	3.806565e-16
4716.0	4.03535e-16
4718.0	3.847774e-16
4720.0	3.878737e-16
4722.0	3.913107e-16
4724.0	4.053291e-16
4726.0	4.146726e-16
4728.0	4.30009e-16
4730.0	3.99156e-16
4732.0	3.920379e-16
4734.0	4.382208e-16
4736.0	4.39897e-16
4738.0	4.378467e-16
4740.0	4.392857e-16
4742.0	4.393847e-16
4744.0	4.373682e-16
4746.0	4.726786e-16
4748.0	4.680725e-16
4750.0	4.710385e-16
4752.0	4.820099e-16
4754.0	4.687726e-16
4756.0	4.777859e-16
4758.0	4.716216e-16
4760.0	4.525718e-16
4762.0	4.957443e-16
4764.0	5.214323e-16
4766.0	4.920382e-16
4768.0	4.879093e-16
4770.0	5.021688e-16
4772.0	4.933945e-16
4774.0	4.941832e-16
4776.0	5.233975e-16
4778.0	5.45295e-16
4780.0	5.259848e-16
4782.0	5.267453e-16
4784.0	5.311974e-16
4786.0	5.506174e-16
4788.0	5.687042e-16
4790.0	5.465844e-16
4792.0	5.694441e-16
4794.0	5.772074e-16
4796.0	5.348377e-16
4798.0	5.729057e-16
4800.0	5.78901e-16
4802.0	5.986505e-16
4804.0	5.665774e-16
4806.0	5.757035e-16
4808.0	6.126646e-16
4810.0	5.746265e-16
4812.0	5.628218e-16
4814.0	5.635265e-16
4816.0	5.970479e-16
4818.0	6.0493e-16
4820.0	5.937851e-16
4822.0	6.089501e-16
4824.0	5.88315e-16
4826.0	6.256223e-16
4828.0	6.12404e-16
4830.0	5.984143e-16
4832.0	6.11269e-16
4834.0	6.135897e-16
4836.0	5.841179e-16
4838.0	5.690849e-16
4840.0	5.786138e-16
4842.0	5.935303e-16
4844.0	5.990377e-16
4846.0	5.872589e-16
4848.0	6.195279e-16
4850.0	5.958767e-16
4852.0	5.934056e-16
4854.0	5.991937e-16
4856.0	6.088098e-16
4858.0	5.970244e-16
4860.0	5.861041e-16
4862.0	5.852951e-16
4864.0	6.005059e-16
4866.0	6.118493e-16
4868.0	6.303646e-16
4870.0	6.272664e-16
4872.0	6.155082e-16
4874.0	6.0029e-16
4876.0	5.998052e-16
4878.0	5.906353e-16
4880.0	5.880486e-16
4882.0	5.751681e-16
4884.0	5.957096e-16
4886.0	6.036144e-16
4888.0	5.864292e-16
4890.0	5.637571e-16
4892.0	5.523857e-16
4894.0	5.526659e-16
4896.0	5.333814e-16
4898.0	5.213308e-16
4900.0	5.462476e-16
4902.0	5.249284e-16
4904.0	5.137776e-16
4906.0	5.307932e-16
4908.0	5.209468e-16
4910.0	4.994758e-16
4912.0	4.916864e-16
4914.0	4.660796e-16
4916.0	4.551446e-16
4918.0	4.653824e-16
4920.0	4.936515e-16
4922.0	4.916259e-16
4924.0	4.598573e-16
4926.0	4.3743e-16
4928.0	4.451766e-16
4930.0	4.572594e-16
4932.0	4.498409e-16
4934.0	4.426939e-16
4936.0	4.422285e-16
4938.0	4.659176e-16
4940.0	4.750717e-16
4942.0	4.586656e-16
4944.0	4.521626e-16
4946.0	4.466127e-16
4948.0	4.500203e-16
4950.0	4.571151e-16
4952.0	4.408128e-16
4954.0	4.299659e-16
4956.0	4.332987e-16
4958.0	4.194538e-16
4960.0	4.122311e-16
4962.0	4.285651e-16
4964.0	4.353899e-16
4966.0	4.250873e-16
4968.0	4.044307e-16
4970.0	4.029109e-16
4972.0	4.090049e-16
4974.0	3.989928e-16
4976.0	3.9208e-16
4978.0	3.847434e-16
4980.0	3.625229e-16
4982.0	3.432813e-16
4984.0	3.484555e-16
4986.0	3.636423e-16
4988.0	3.64346e-16
4990.0	3.41253e-16
4992.0	3.245157e-16
4994.0	3.240344e-16
4996.0	3.213817e-16
4998.0	2.922596e-16
5000.0	2.756663e-16
5002.0	2.879525e-16
5004.0	2.850532e-16
5006.0	2.833558e-16
5008.0	2.829765e-16
5010.0	2.73494e-16
5012.0	2.823603e-16
5014.0	2.811503e-16
5016.0	2.625909e-16
5018.0	2.787199e-16
5020.0	3.03225e-16
5022.0	2.838382e-16
5024.0	2.664226e-16
5026.0	2.750169e-16
5028.0	2.88814e-16
5030.0	2.848246e-16
5032.0	2.790031e-16
5034.0	2.993799e-16
5036.0	2.827233e-16
5038.0	2.629144e-16
5040.0	2.938981e-16
5042.0	3.084621e-16
5044.0	3.006453e-16
5046.0	3.043824e-16
5048.0	3.090667e-16
5050.0	3.033374e-16
5052.0	3.157043e-16
5054.0	3.185814e-16
5056.0	3.108246e-16
5058.0	3.166865e-16
5060.0	3.152342e-16
5062.0	3.304477e-16
5064.0	3.315023e-16
5066.0	3.040469e-16
5068.0	3.149662e-16
5070.0	3.175688e-16
5072.0	3.108042e-16
5074.0	3.180569e-16
5076.0	3.106472e-16
5078.0	3.113449e-16
5080.0	2.971268e-16
5082.0	2.834813e-16
5084.0	2.813549e-16
5086.0	2.720993e-16
5088.0	2.63638e-16
5090.0	2.498405e-16
5092.0	2.421463e-16
5094.0	2.412523e-16
5096.0	2.466125e-16
5098.0	2.664339e-16
5100.0	2.534907e-16
5102.0	2.280146e-16
5104.0	2.517553e-16
5106.0	2.598006e-16
5108.0	2.438011e-16
5110.0	2.483971e-16
5112.0	2.426399e-16
5114.0	2.395185e-16
5116.0	2.418798e-16
5118.0	2.544041e-16
5120.0	2.583939e-16
5122.0	2.377977e-16
5124.0	2.428306e-16
5126.0	2.592154e-16
5128.0	2.475882e-16
5130.0	2.42779e-16
5132.0	2.599068e-16
5134.0	2.583162e-16
5136.0	2.561536e-16
5138.0	2.606093e-16
5140.0	2.592566e-16
5142.0	2.557557e-16
5144.0	2.594929e-16
5146.0	2.651703e-16
5148.0	2.760776e-16
5150.0	2.841422e-16
5152.0	2.792924e-16
5154.0	2.868262e-16
5156.0	2.84998e-16
5158.0	2.969698e-16
5160.0	3.243352e-16
5162.0	3.201432e-16
5164.0	3.227377e-16
5166.0	3.359873e-16
5168.0	3.288543e-16
5170.0	3.23164e-16
5172.0	3.302012e-16
5174.0	3.34525e-16
5176.0	3.342194e-16
5178.0	3.308073e-16
5180.0	3.213531e-16
5182.0	3.377058e-16
5184.0	3.717623e-16
5186.0	3.690593e-16
5188.0	3.655072e-16
5190.0	3.743149e-16
5192.0	3.633895e-16
5194.0	3.556922e-16
5196.0	3.588091e-16
5198.0	3.679801e-16
5200.0	3.701633e-16
5202.0	3.647258e-16
5204.0	3.639235e-16
5206.0	3.71656e-16
5208.0	3.650254e-16
5210.0	3.625377e-16
5212.0	3.534412e-16
5214.0	3.42699e-16
5216.0	3.491816e-16
5218.0	3.641405e-16
5220.0	3.467639e-16
5222.0	3.147651e-16
5224.0	3.329164e-16
5226.0	3.48056e-16
5228.0	3.29e-16
5230.0	3.102344e-16
5232.0	3.278384e-16
5234.0	3.074483e-16
5236.0	3.008781e-16
5238.0	2.842723e-16
5240.0	2.780297e-16
5242.0	2.951032e-16
5244.0	2.717523e-16
5246.0	2.771855e-16
5248.0	2.929806e-16
5250.0	2.868942e-16
5252.0	2.608775e-16
5254.0	2.570721e-16
5256.0	2.611964e-16
5258.0	2.380217e-16
5260.0	2.662492e-16
5262.0	2.59511e-16
5264.0	2.442823e-16
5266.0	2.776582e-16
5268.0	2.594188e-16
5270.0	2.419435e-16
5272.0	2.308469e-16
5274.0	2.339065e-16
5276.0	2.53853e-16
5278.0	2.652224e-16
5280.0	2.634074e-16
5282.0	2.370911e-16
5284.0	2.294206e-16
5286.0	2.265893e-16
5288.0	2.178714e-16
5290.0	2.435167e-16
5292.0	2.513064e-16
5294.0	2.497876e-16
5296.0	2.49892e-16
5298.0	2.605763e-16
5300.0	2.588665e-16
5302.0	2.677427e-16
5304.0	2.477672e-16
5306.0	2.350015e-16
5308.0	2.478466e-16
5310.0	2.558725e-16
5312.0	2.477727e-16
5314.0	2.37682e-16
5316.0	2.513608e-16
5318.0	2.469112e-16
5320.0	2.421812e-16
5322.0	2.501201e-16
5324.0	2.554156e-16
5326.0	2.597731e-16
5328.0	2.464007e-16
5330.0	2.491742e-16
5332.0	2.52784e-16
5334.0	2.482655e-16
5336.0	2.65201e-16
5338.0	2.803722e-16
5340.0	2.826366e-16
5342.0	2.727101e-16
5344.0	2.493131e-16
5346.0	2.725407e-16
5348.0	2.791475e-16
5350.0	2.738312e-16
5352.0	2.62643e-16
5354.0	2.801219e-16
5356.0	2.908561e-16
5358.0	2.84713e-16
5360.0	2.79791e-16
5362.0	2.853237e-16
5364.0	2.948818e-16
5366.0	2.928391e-16
5368.0	2.959609e-16
5370.0	2.76357e-16
5372.0	3.019459e-16
5374.0	3.046127e-16
5376.0	3.084505e-16
5378.0	2.989006e-16
5380.0	2.891817e-16
5382.0	3.057898e-16
5384.0	2.973032e-16
5386.0	2.913627e-16
5388.0	3.105322e-16
5390.0	3.223031e-16
5392.0	3.244515e-16
5394.0	3.256537e-16
5396.0	3.166242e-16
5398.0	3.037112e-16
5400.0	3.160849e-16
5402.0	3.296394e-16
5404.0	3.2714e-16
5406.0	3.253063e-16
5408.0	3.45682e-16
5410.0	3.52676e-16
5412.0	3.559545e-16
5414.0	3.264009e-16
5416.0	3.414296e-16
5418.0	3.520401e-16
5420.0	3.342006e-16
5422.0	3.365589e-16
5424.0	3.525803e-16
5426.0	3.533326e-16
5428.0	3.562737e-16
5430.0	3.835751e-16
5432.0	3.727066e-16
5434.0	3.535598e-16
5436.0	3.561639e-16
5438.0	3.551733e-16
5440.0	3.710672e-16
5442.0	3.991194e-16
5444.0	3.965324e-16
5446.0	3.952409e-16
5448.0	4.073231e-16
5450.0	4.182438e-16
5452.0	4.201336e-16
5454.0	4.088186e-16
5456.0	4.021431e-16
5458.0	4.163335e-16
5460.0	4.204447e-16
5462.0	4.245008e-16
5464.0	4.24488e-16
5466.0	4.269343e-16
5468.0	4.224882e-16
5470.0	4.250241e-16
5472.0	4.407965e-16
5474.0	4.456116e-16
5476.0	4.396207e-16
5478.0	4.343969e-16
5480.0	4.402205e-16
5482.0	4.385224e-16
5484.0	4.451479e-16
5486.0	4.568323e-16
5488.0	4.753058e-16
5490.0	4.531676e-16
5492.0	4.452992e-16
5494.0	4.598638e-16
5496.0	4.621549e-16
5498.0	4.632686e-16
5500.0	4.531174e-16
5502.0	4.537755e-16
5504.0	4.497591e-16
5506.0	4.426907e-16
5508.0	4.726982e-16
5510.0	4.614506e-16
5512.0	4.577285e-16
5514.0	4.74004e-16
5516.0	4.716292e-16
5518.0	4.572569e-16
5520.0	4.682987e-16
5522.0	4.575706e-16
5524.0	4.607897e-16
5526.0	4.379499e-16
5528.0	4.514427e-16
5530.0	4.714978e-16
5532.0	4.639132e-16
5534.0	4.451034e-16
5536.0	4.398525e-16
5538.0	4.411217e-16
5540.0	4.479143e-16
5542.0	4.315163e-16
5544.0	4.13744e-16
5546.0	4.199403e-16
5548.0	4.35809e-16
5550.0	4.333366e-16
5552.0	4.276208e-16
5554.0	4.17527e-16
5556.0	4.221304e-16
5558.0	4.361291e-16
5560.0	4.243491e-16
5562.0	4.174724e-16
5564.0	4.097639e-16
5566.0	4.068257e-16
5568.0	4.055432e-16
5570.0	4.311547e-16
5572.0	4.276545e-16
5574.0	3.851049e-16
5576.0	4.092585e-16
5578.0	4.199661e-16
5580.0	4.166784e-16
5582.0	4.085782e-16
5584.0	3.999433e-16
5586.0	3.856385e-16
5588.0	3.946008e-16
5590.0	4.12956e-16
5592.0	3.967049e-16
5594.0	3.922831e-16
5596.0	3.969411e-16
5598.0	3.951476e-16
5600.0	3.903051e-16
5602.0	3.761711e-16
5604.0	3.755302e-16
5606.0	3.860478e-16
5608.0	3.843863e-16
5610.0	3.879686e-16
5612.0	3.827555e-16
5614.0	3.757127e-16
5616.0	3.796087e-16
5618.0	3.758691e-16
5620.0	3.742278e-16
5622.0	3.758856e-16
5624.0	3.636424e-16
5626.0	3.673281e-16
5628.0	3.613051e-16
5630.0	3.663355e-16
5632.0	3.808677e-16
5634.0	3.72379e-16
5636.0	3.660502e-16
5638.0	3.639611e-16
5640.0	3.575996e-16
5642.0	3.568489e-16
5644.0	3.760011e-16
5646.0	3.831877e-16
5648.0	3.669762e-16
5650.0	3.602101e-16
5652.0	3.56568e-16
5654.0	3.530278e-16
5656.0	3.522595e-16
5658.0	3.602653e-16
5660.0	3.584827e-16
5662.0	3.535583e-16
5664.0	3.667029e-16
5666.0	3.557647e-16
5668.0	3.464936e-16
5670.0	3.428898e-16
5672.0	3.413524e-16
5674.0	3.581285e-16
5676.0	3.481011e-16
5678.0	3.259614e-16
5680.0	3.320766e-16
5682.0	3.367971e-16
5684.0	3.301861e-16
5686.0	3.372053e-16
5688.0	3.495148e-16
5690.0	3.301432e-16
5692.0	3.233938e-16
5694.0	3.147546e-16
5696.0	3.267022e-16
5698.0	3.493555e-16
5700.0	3.428729e-16
5702.0	3.30008e-16
5704.0	3.184739e-16
5706.0	3.135534e-16
5708.0	3.194239e-16
5710.0	3.229637e-16
5712.0	3.129739e-16
5714.0	3.010088e-16
5716.0	3.021394e-16
5718.0	3.127611e-16
5720.0	3.076546e-16
5722.0	2.911081e-16
5724.0	3.020108e-16
5726.0	3.100311e-16
5728.0	2.99492e-16
5730.0	2.980766e-16
5732.0	3.133705e-16
5734.0	3.224975e-16
5736.0	3.147876e-16
5738.0	3.105725e-16
5740.0	3.061304e-16
5742.0	3.07862e-16
5744.0	3.022812e-16
5746.0	2.952628e-16
5748.0	3.070147e-16
5750.0	2.963713e-16
5752.0	2.855354e-16
5754.0	3.098208e-16
5756.0	3.14482e-16
5758.0	2.942695e-16
5760.0	2.890896e-16
5762.0	2.894976e-16
5764.0	2.995943e-16
5766.0	3.087593e-16
5768.0	3.094937e-16
5770.0	3.015416e-16
5772.0	3.044291e-16
5774.0	3.058722e-16
5776.0	3.016087e-16
5778.0	3.046972e-16
5780.0	3.062253e-16
5782.0	2.973606e-16
5784.0	3.052055e-16
5786.0	3.208544e-16
5788.0	3.103615e-16
5790.0	2.951574e-16
5792.0	2.89627e-16
5794.0	2.931377e-16
5796.0	2.988576e-16
5798.0	2.985871e-16
5800.0	2.940691e-16
5802.0	3.008036e-16
5804.0	3.114357e-16
5806.0	2.983256e-16
5808.0	2.918009e-16
5810.0	2.959024e-16
5812.0	2.915459e-16
5814.0	2.907699e-16
5816.0	2.927539e-16
5818.0	3.030762e-16
5820.0	3.043716e-16
5822.0	3.018858e-16
5824.0	3.016574e-16
5826.0	2.982607e-16
5828.0	2.940019e-16
5830.0	2.96387e-16
5832.0	2.914582e-16
5834.0	2.918673e-16
5836.0	2.922841e-16
5838.0	2.90216e-16
5840.0	2.802981e-16
5842.0	2.842222e-16
5844.0	2.905764e-16
5846.0	3.074652e-16
5848.0	3.005343e-16
5850.0	2.876068e-16
5852.0	2.846375e-16
5854.0	2.783274e-16
5856.0	2.99503e-16
5858.0	3.026633e-16
5860.0	3.090212e-16
5862.0	3.021366e-16
5864.0	2.934356e-16
5866.0	2.997369e-16
5868.0	3.082262e-16
5870.0	2.988969e-16
5872.0	3.102608e-16
5874.0	3.139384e-16
5876.0	2.926506e-16
5878.0	2.841841e-16
5880.0	2.789152e-16
5882.0	2.709232e-16
5884.0	2.793186e-16
5886.0	2.836822e-16
5888.0	2.951686e-16
5890.0	2.837151e-16
5892.0	3.068502e-16
5894.0	3.002165e-16
5896.0	2.634101e-16
5898.0	2.647037e-16
5900.0	2.918347e-16
5902.0	3.050461e-16
5904.0	2.907315e-16
5906.0	2.873668e-16
5908.0	2.754451e-16
5910.0	2.853021e-16
5912.0	2.679307e-16
5914.0	2.55941e-16
5916.0	2.592863e-16
5918.0	2.550031e-16
5920.0	2.450948e-16
5922.0	2.586911e-16
5924.0	2.655054e-16
5926.0	2.45182e-16
5928.0	2.515586e-16
5930.0	2.524283e-16
5932.0	2.496183e-16
5934.0	2.378503e-16
5936.0	2.778837e-16
5938.0	2.824052e-16
5940.0	2.605969e-16
5942.0	2.504382e-16
5944.0	2.39923e-16
5946.0	2.376053e-16
5948.0	2.472697e-16
5950.0	2.562587e-16
5952.0	2.438551e-16
5954.0	2.497937e-16
5956.0	2.44384e-16
5958.0	2.397156e-16
5960.0	2.41641e-16
5962.0	2.262132e-16
5964.0	2.358769e-16
5966.0	2.236462e-16
5968.0	2.458991e-16
5970.0	2.46889e-16
5972.0	2.216809e-16
5974.0	2.311746e-16
5976.0	2.573626e-16
5978.0	2.364141e-16
5980.0	2.335848e-16
5982.0	2.210546e-16
5984.0	2.233358e-16
5986.0	2.381194e-16
5988.0	2.395785e-16
5990.0	2.278103e-16
5992.0	2.297039e-16
5994.0	2.145811e-16
5996.0	2.171254e-16
5998.0	2.356511e-16
6000.0	2.317675e-16
6002.0	2.157319e-16
6004.0	2.231618e-16
6006.0	2.322064e-16
6008.0	2.362183e-16
6010.0	2.186143e-16
6012.0	2.109905e-16
6014.0	2.185534e-16
6016.0	2.232353e-16
6018.0	2.263061e-16
6020.0	2.307917e-16
6022.0	2.262587e-16
6024.0	2.225698e-16
6026.0	2.191235e-16
6028.0	2.41936e-16
6030.0	2.211905e-16
6032.0	2.176728e-16
6034.0	2.079096e-16
6036.0	2.081884e-16
6038.0	2.232912e-16
6040.0	2.281665e-16
6042.0	2.387383e-16
6044.0	2.20908e-16
6046.0	2.115906e-16
6048.0	2.275639e-16
6050.0	2.13022e-16
6052.0	2.023106e-16
6054.0	2.159844e-16
6056.0	2.11137e-16
6058.0	2.134587e-16
6060.0	2.227758e-16
6062.0	2.340745e-16
6064.0	2.278515e-16
6066.0	2.166765e-16
6068.0	2.205461e-16
6070.0	2.357303e-16
6072.0	2.31509e-16
6074.0	2.19183e-16
6076.0	2.206629e-16
6078.0	2.335424e-16
6080.0	2.437056e-16
6082.0	2.540716e-16
6084.0	2.388909e-16
6086.0	2.346307e-16
6088.0	2.416199e-16
6090.0	2.226413e-16
6092.0	2.199906e-16
6094.0	2.529713e-16
6096.0	2.578064e-16
6098.0	2.454464e-16
6100.0	2.357278e-16
6102.0	2.543714e-16
6104.0	2.775816e-16
6106.0	2.65499e-16
6108.0	2.538444e-16
6110.0	2.611283e-16
6112.0	2.620692e-16
6114.0	2.74389e-16
6116.0	2.914378e-16
6118.0	2.836853e-16
6120.0	2.725329e-16
6122.0	2.863401e-16
6124.0	2.971977e-16
6126.0	2.932593e-16
6128.0	2.956401e-16
6130.0	2.919622e-16
6132.0	2.949901e-16
6134.0	2.970764e-16
6136.0	2.93425e-16
6138.0	2.968606e-16
6140.0	3.066306e-16
6142.0	3.04866e-16
6144.0	2.993436e-16
6146.0	3.032165e-16
6148.0	3.115367e-16
6150.0	3.183814e-16
6152.0	3.282289e-16
6154.0	3.372753e-16
6156.0	3.17865e-16
6158.0	3.19919e-16
6160.0	3.252888e-16
6162.0	3.240412e-16
6164.0	3.158328e-16
6166.0	3.171696e-16
6168.0	3.223116e-16
6170.0	3.229656e-16
6172.0	3.200033e-16
6174.0	3.274173e-16
6176.0	3.36867e-16
6178.0	3.302761e-16
6180.0	3.195205e-16
6182.0	3.164128e-16
6184.0	3.32545e-16
6186.0	3.536121e-16
6188.0	3.504418e-16
6190.0	3.403752e-16
6192.0	3.497233e-16
6194.0	3.387752e-16
6196.0	3.418396e-16
6198.0	3.46397e-16
6200.0	3.264648e-16
6202.0	3.312178e-16
6204.0	3.409367e-16
6206.0	3.331885e-16
6208.0	3.253954e-16
6210.0	3.31152e-16
6212.0	3.346811e-16
6214.0	3.366696e-16
6216.0	3.40012e-16
6218.0	3.360862e-16
6220.0	3.278213e-16
6222.0	3.39373e-16
6224.0	3.420682e-16
6226.0	3.349547e-16
6228.0	3.309468e-16
6230.0	3.266048e-16
6232.0	3.298503e-16
6234.0	3.387356e-16
6236.0	3.333282e-16
6238.0	3.364305e-16
6240.0	3.440949e-16
6242.0	3.414642e-16
6244.0	3.202964e-16
6246.0	3.286322e-16
6248.0	3.250484e-16
6250.0	3.246414e-16
6252.0	3.453514e-16
6254.0	3.370909e-16
6256.0	3.241949e-16
6258.0	3.255145e-16
6260.0	3.274126e-16
6262.0	3.261319e-16
6264.0	3.108422e-16
6266.0	3.241485e-16
6268.0	3.223746e-16
6270.0	3.146089e-16
6272.0	3.221664e-16
6274.0	3.114002e-16
6276.0	3.081695e-16
6278.0	3.182767e-16
6280.0	3.165666e-16
6282.0	3.240286e-16
6284.0	3.276763e-16
6286.0	3.139714e-16
6288.0	3.031713e-16
6290.0	3.007352e-16
6292.0	3.035719e-16
6294.0	3.144664e-16
6296.0	3.059727e-16
6298.0	2.973756e-16
6300.0	2.939497e-16
6302.0	2.99943e-16
6304.0	2.885848e-16
6306.0	2.802156e-16
6308.0	2.785722e-16
6310.0	2.856643e-16
6312.0	2.823386e-16
6314.0	2.812782e-16
6316.0	2.725767e-16
6318.0	2.715379e-16
6320.0	2.711689e-16
6322.0	2.559811e-16
6324.0	2.618905e-16
6326.0	2.593448e-16
6328.0	2.467053e-16
6330.0	2.637577e-16
6332.0	2.576598e-16
6334.0	2.514609e-16
6336.0	2.630271e-16
6338.0	2.60697e-16
6340.0	2.467441e-16
6342.0	2.379085e-16
6344.0	2.301802e-16
6346.0	2.367848e-16
6348.0	2.56924e-16
6350.0	2.5684e-16
6352.0	2.540166e-16
6354.0	2.516331e-16
6356.0	2.385225e-16
6358.0	2.390319e-16
6360.0	2.404055e-16
6362.0	2.408816e-16
6364.0	2.531705e-16
6366.0	2.527663e-16
6368.0	2.429488e-16
6370.0	2.469649e-16
6372.0	2.644547e-16
6374.0	2.562129e-16
6376.0	2.434358e-16
6378.0	2.630312e-16
6380.0	2.618122e-16
6382.0	2.450394e-16
6384.0	2.395929e-16
6386.0	2.493361e-16
6388.0	2.607461e-16
6390.0	2.490395e-16
6392.0	2.444666e-16
6394.0	2.390366e-16
6396.0	2.225021e-16
6398.0	2.224195e-16
6400.0	2.230806e-16
6402.0	2.148459e-16
6404.0	2.154978e-16
6406.0	2.274586e-16
6408.0	2.280622e-16
6410.0	2.171629e-16
6412.0	2.083913e-16
6414.0	1.987661e-16
6416.0	1.965052e-16
6418.0	1.889309e-16
6420.0	1.698764e-16
6422.0	1.753347e-16
6424.0	1.814677e-16
6426.0	1.676892e-16
6428.0	1.507652e-16
6430.0	1.369159e-16
6432.0	1.380136e-16
6434.0	1.42969e-16
6436.0	1.428624e-16
6438.0	1.43525e-16
6440.0	1.369595e-16
6442.0	1.215514e-16
6444.0	1.156732e-16
6446.0	1.143248e-16
6448.0	1.124943e-16
6450.0	1.219332e-16
6452.0	1.307866e-16
6454.0	1.258812e-16
6456.0	1.24003e-16
6458.0	1.159917e-16
6460.0	1.03344e-16
6462.0	1.03746e-16
6464.0	1.101279e-16
6466.0	1.057195e-16
6468.0	1.054826e-16
6470.0	1.110332e-16
6472.0	1.005259e-16
6474.0	1.014208e-16
6476.0	1.043955e-16
6478.0	9.609124e-17
6480.0	9.815499e-17
6482.0	1.046093e-16
6484.0	1.003018e-16
6486.0	9.848823e-17
6488.0	1.0296e-16
6490.0	1.044149e-16
6492.0	9.441131e-17
6494.0	1.060064e-16
6496.0	1.040633e-16
6498.0	9.282483e-17
6500.0	9.198286e-17
6502.0	1.084106e-16
6504.0	1.155667e-16
6506.0	1.127946e-16
6508.0	1.029275e-16
6510.0	1.204922e-16
6512.0	1.210823e-16
6514.0	1.238491e-16
6516.0	1.160729e-16
6518.0	1.279677e-16
6520.0	1.282436e-16
6522.0	1.328254e-16
6524.0	1.323422e-16
6526.0	1.447712e-16
6528.0	1.516276e-16
6530.0	1.266016e-16
6532.0	1.321427e-16
6534.0	1.379056e-16
6536.0	1.484159e-16
6538.0	1.630091e-16
6540.0	1.549771e-16
6542.0	1.590605e-16
6544.0	1.6456e-16
6546.0	1.638224e-16
6548.0	1.56593e-16
6550.0	1.63421e-16
6552.0	1.675578e-16
6554.0	1.722521e-16
6556.0	1.737163e-16
6558.0	1.81918e-16
6560.0	1.77508e-16
6562.0	1.705524e-16
6564.0	1.829981e-16
6566.0	1.784337e-16
6568.0	1.851021e-16
6570.0	1.840375e-16
6572.0	1.886307e-16
6574.0	2.068563e-16
6576.0	1.964144e-16
6578.0	2.042428e-16
6580.0	1.911747e-16
6582.0	2.11185e-16
6584.0	2.065522e-16
6586.0	1.933081e-16
6588.0	1.929736e-16
6590.0	1.926639e-16
6592.0	2.112161e-16
6594.0	2.034668e-16
6596.0	2.02908e-16
6598.0	2.173743e-16
6600.0	2.120915e-16
6602.0	2.067623e-16
6604.0	2.04825e-16
6606.0	2.04304e-16
6608.0	1.923455e-16
6610.0	1.982655e-16
6612.0	2.08893e-16
6614.0	2.031835e-16
6616.0	2.055961e-16
6618.0	2.046354e-16
6620.0	2.123619e-16
6622.0	2.193314e-16
6624.0	2.172044e-16
6626.0	2.087787e-16
6628.0	2.027802e-16
6630.0	2.185492e-16
6632.0	2.195588e-16
6634.0	2.083646e-16
6636.0	1.918254e-16
6638.0	1.967721e-16
6640.0	2.118648e-16
6642.0	2.158281e-16
6644.0	2.216117e-16
6646.0	2.091284e-16
6648.0	1.982373e-16
6650.0	1.99208e-16
6652.0	1.995961e-16
6654.0	2.015208e-16
6656.0	1.990919e-16
6658.0	2.105429e-16
6660.0	1.986878e-16
6662.0	1.959264e-16
6664.0	2.125799e-16
6666.0	2.155666e-16
6668.0	2.161306e-16
6670.0	2.024284e-16
6672.0	2.212565e-16
6674.0	2.157621e-16
6676.0	1.955762e-16
6678.0	2.096249e-16
6680.0	2.010816e-16
6682.0	2.013627e-16
6684.0	1.912981e-16
6686.0	1.931343e-16
6688.0	1.982216e-16
6690.0	2.16453e-16
6692.0	2.19969e-16
6694.0	2.06413e-16
6696.0	1.978758e-16
6698.0	1.9324e-16
6700.0	2.044022e-16
6702.0	2.022484e-16
6704.0	1.966759e-16
6706.0	2.0667e-16
6708.0	1.999918e-16
6710.0	2.020946e-16
6712.0	1.995683e-16
6714.0	2.190098e-16
6716.0	2.025208e-16
6718.0	1.920593e-16
6720.0	1.871279e-16
6722.0	1.802002e-16
6724.0	1.986526e-16
6726.0	1.991242e-16
6728.0	2.001501e-16
6730.0	2.024485e-16
6732.0	1.89943e-16
6734.0	1.846819e-16
6736.0	1.901165e-16
6738.0	1.876084e-16
6740.0	1.889053e-16
6742.0	1.881838e-16
6744.0	1.953514e-16
6746.0	1.865817e-16
6748.0	1.917785e-16
6750.0	1.997553e-16
6752.0	2.025097e-16
6754.0	2.0281e-16
6756.0	1.96255e-16
6758.0	1.929831e-16
6760.0	2.042118e-16
6762.0	1.968037e-16
6764.0	1.893929e-16
6766.0	1.866372e-16
6768.0	1.882161e-16
6770.0	1.890152e-16
6772.0	1.865196e-16
6774.0	1.949062e-16
6776.0	2.011021e-16
6778.0	1.891452e-16
6780.0	1.823423e-16
6782.0	1.909234e-16
6784.0	1.935476e-16
6786.0	1.904475e-16
6788.0	1.787131e-16
6790.0	1.790059e-16
6792.0	1.838642e-16
6794.0	1.972153e-16
6796.0	2.049411e-16
6798.0	1.954943e-16
6800.0	1.812433e-16
6802.0	1.878606e-16
6804.0	1.967354e-16
6806.0	1.919216e-16
6808.0	1.875431e-16
6810.0	1.875805e-16
6812.0	1.876241e-16
6814.0	1.894671e-16
6816.0	1.857342e-16
6818.0	1.89651e-16
6820.0	1.923163e-16
6822.0	1.891261e-16
6824.0	1.888035e-16
6826.0	1.732945e-16
6828.0	1.788831e-16
6830.0	1.910504e-16
6832.0	1.931851e-16
6834.0	1.886017e-16
6836.0	1.892066e-16
6838.0	1.954204e-16
6840.0	1.936798e-16
6842.0	1.820003e-16
6844.0	1.81747e-16
6846.0	1.856936e-16
6848.0	1.842802e-16
6850.0	1.979204e-16
6852.0	1.821981e-16
6854.0	1.862882e-16
6856.0	1.89804e-16
6858.0	1.77352e-16
6860.0	1.721585e-16
6862.0	1.819377e-16
6864.0	1.844055e-16
6866.0	1.954414e-16
6868.0	2.037771e-16
6870.0	1.928896e-16
6872.0	1.870455e-16
6874.0	1.963541e-16
6876.0	1.809151e-16
6878.0	1.808996e-16
6880.0	1.811377e-16
6882.0	1.827565e-16
6884.0	1.848146e-16
6886.0	1.768362e-16
6888.0	1.797502e-16
6890.0	1.770354e-16
6892.0	1.715947e-16
6894.0	1.760273e-16
6896.0	1.697738e-16
6898.0	1.838813e-16
6900.0	2.05333e-16
6902.0	1.861983e-16
6904.0	1.665314e-16
6906.0	1.682385e-16
6908.0	1.778062e-16
6910.0	1.801771e-16
6912.0	1.712731e-16
6914.0	1.726463e-16
6916.0	1.71457e-16
6918.0	1.873732e-16
6920.0	1.806954e-16
6922.0	1.764361e-16
6924.0	1.848141e-16
6926.0	1.729572e-16
6928.0	1.724316e-16
6930.0	1.683341e-16
6932.0	1.722489e-16
6934.0	1.820102e-16
6936.0	1.768743e-16
6938.0	1.658361e-16
6940.0	1.635085e-16
6942.0	1.620964e-16
6944.0	1.713043e-16
6946.0	1.750471e-16
6948.0	1.713911e-16
6950.0	1.66441e-16
6952.0	1.570793e-16
6954.0	1.575894e-16
6956.0	1.667323e-16
6958.0	1.749811e-16
6960.0	1.678031e-16
6962.0	1.569774e-16
6964.0	1.660043e-16
6966.0	1.676834e-16
6968.0	1.630711e-16
6970.0	1.665633e-16
6972.0	1.688579e-16
6974.0	1.608715e-16
6976.0	1.480043e-16
6978.0	1.510993e-16
6980.0	1.624848e-16
6982.0	1.588828e-16
6984.0	1.570913e-16
6986.0	1.60061e-16
6988.0	1.59257e-16
6990.0	1.514529e-16
6992.0	1.414503e-16
6994.0	1.381784e-16
6996.0	1.367442e-16
6998.0	1.393935e-16
7000.0	1.420221e-16
7002.0	1.501758e-16
7004.0	1.514163e-16
7006.0	1.515758e-16
7008.0	1.486336e-16
7010.0	1.316113e-16
7012.0	1.29306e-16
7014.0	1.415117e-16
7016.0	1.387102e-16
7018.0	1.278923e-16
7020.0	1.398322e-16
7022.0	1.476708e-16
7024.0	1.414111e-16
7026.0	1.365754e-16
7028.0	1.338528e-16
7030.0	1.34607e-16
7032.0	1.384463e-16
7034.0	1.441787e-16
7036.0	1.354286e-16
7038.0	1.251257e-16
7040.0	1.216717e-16
7042.0	1.266248e-16
7044.0	1.348492e-16
7046.0	1.409697e-16
7048.0	1.450767e-16
7050.0	1.402119e-16
7052.0	1.313277e-16
7054.0	1.372123e-16
7056.0	1.471249e-16
7058.0	1.357607e-16
7060.0	1.237037e-16
7062.0	1.275615e-16
7064.0	1.252038e-16
7066.0	1.300921e-16
7068.0	1.303127e-16
7070.0	1.208171e-16
7072.0	1.248602e-16
7074.0	1.270863e-16
7076.0	1.233329e-16
7078.0	1.206811e-16
7080.0	1.251705e-16
7082.0	1.275208e-16
7084.0	1.245538e-16
7086.0	1.250981e-16
7088.0	1.305185e-16
7090.0	1.227055e-16
7092.0	1.157142e-16
7094.0	1.167058e-16
7096.0	1.156115e-16
7098.0	1.247725e-16
7100.0	1.238389e-16
