#	 2016bew 
#	 UT date of observation: 20160314 
#	 Telescope/Instrument: SALT/RSS 
#	 Estimated Peak MJD: 57466.859 
#	 Estimated redshift: 0.054 
#	 Estimated Phase: -5.6 
#	 Published in Dettman et al. 2020 
#	 Observed barycentric wavelength (Angstroms)    F_lambda
3348.7578125	5.109398e-17
3351.73867488	6.000104e-17
3354.71953726	5.714434e-17
3357.70039964	4.724358e-17
3360.68126202	4.389357e-17
3363.6621244	4.43206e-17
3366.64298677	6.507703e-17
3369.62384915	7.401391e-17
3372.60471153	6.516448e-17
3375.58557391	5.899481e-17
3378.56643629	5.734431e-17
3381.54729867	6.482436e-17
3384.52816105	6.607991e-17
3387.50902343	7.736907e-17
3390.48988581	7.812698e-17
3393.47074819	6.107161e-17
3396.45161057	5.558497e-17
3399.43247294	6.40027e-17
3402.41333532	9.358142e-17
3405.3941977	1.040562e-16
3408.37506008	9.866392e-17
3411.35592246	8.708515e-17
3414.33678484	9.332776e-17
3417.31764722	1.028829e-16
3420.2985096	1.006321e-16
3423.27937198	1.167057e-16
3426.26023436	1.204539e-16
3429.24109674	1.100135e-16
3432.22195911	1.211165e-16
3435.20282149	1.318376e-16
3438.18368387	1.031315e-16
3441.16454625	1.068692e-16
3444.14540863	1.152377e-16
3447.12627101	1.202367e-16
3450.10713339	1.242961e-16
3453.08799577	1.239056e-16
3456.06885815	1.268048e-16
3459.04972053	1.356948e-16
3462.0305829	1.387593e-16
3465.01144528	1.389945e-16
3467.99230766	1.516201e-16
3470.97317004	1.440733e-16
3473.95403242	1.504487e-16
3476.9348948	1.685766e-16
3479.91575718	1.71029e-16
3482.89661956	1.659589e-16
3485.87748194	1.724514e-16
3488.85834432	1.732994e-16
3491.8392067	1.919922e-16
3494.82006907	2.123626e-16
3497.80093145	2.180552e-16
3500.78179383	2.261852e-16
3503.76265621	2.286227e-16
3506.74351859	2.34225e-16
3509.72438097	2.390629e-16
3512.70524335	2.35368e-16
3515.68610573	2.240095e-16
3518.66696811	2.35844e-16
3521.64783049	2.564712e-16
3524.62869287	2.629884e-16
3527.60955524	2.698202e-16
3530.59041762	2.67333e-16
3533.57128	2.767052e-16
3536.55214238	2.597489e-16
3539.53300476	2.66409e-16
3542.51386714	2.854446e-16
3545.49472952	2.801062e-16
3548.4755919	2.670271e-16
3551.45645428	2.454052e-16
3554.43731666	2.575646e-16
3557.41817904	2.521579e-16
3560.39904141	2.407939e-16
3563.37990379	2.604113e-16
3566.36076617	2.737183e-16
3569.34162855	2.445644e-16
3572.32249093	2.475991e-16
3575.30335331	2.664624e-16
3578.28421569	2.576486e-16
3581.26507807	2.635816e-16
3584.24594045	2.643687e-16
3587.22680283	2.502573e-16
3590.20766521	2.635472e-16
3593.18852758	2.762574e-16
3596.16938996	2.714059e-16
3599.15025234	2.541658e-16
3602.13111472	2.520001e-16
3605.1119771	2.796364e-16
3608.09283948	2.92074e-16
3611.07370186	2.840275e-16
3614.05456424	2.807722e-16
3617.03542662	2.800517e-16
3620.016289	2.901579e-16
3622.99715137	2.972726e-16
3625.97801375	2.974599e-16
3628.95887613	2.870379e-16
3631.93973851	2.899194e-16
3634.92060089	2.946152e-16
3637.90146327	2.882758e-16
3640.88232565	2.921335e-16
3643.86318803	2.931157e-16
3646.84405041	2.956237e-16
3649.82491279	2.969065e-16
3652.80577517	2.918035e-16
3655.78663754	2.883789e-16
3658.76749992	2.856021e-16
3661.7483623	2.815694e-16
3664.72922468	2.772266e-16
3667.71008706	2.741336e-16
3670.69094944	2.718584e-16
3673.67181182	2.661958e-16
3676.6526742	2.643622e-16
3679.63353658	2.720954e-16
3682.61439896	2.792744e-16
3685.59526134	2.748796e-16
3688.57612371	2.663348e-16
3691.55698609	2.713521e-16
3694.53784847	2.790285e-16
3697.51871085	2.775479e-16
3700.49957323	2.832499e-16
3703.48043561	2.927903e-16
3706.46129799	2.935142e-16
3709.44216037	2.870594e-16
3712.42302275	2.806419e-16
3715.40388513	2.799448e-16
3718.38474751	2.786854e-16
3721.36560988	2.78417e-16
3724.34647226	2.800922e-16
3727.32733464	2.819353e-16
3730.30819702	2.842498e-16
3733.2890594	2.943451e-16
3736.26992178	2.912615e-16
3739.25078416	2.955165e-16
3742.23164654	2.899377e-16
3745.21250892	2.965169e-16
3748.1933713	2.992206e-16
3751.17423368	2.977893e-16
3754.15509605	3.070241e-16
3757.13595843	3.139386e-16
3760.11682081	3.065748e-16
3763.09768319	3.031022e-16
3766.07854557	3.048896e-16
3769.05940795	3.09153e-16
3772.04027033	3.072125e-16
3775.02113271	3.03068e-16
3778.00199509	2.994432e-16
3780.98285747	2.981808e-16
3783.96371984	3.013651e-16
3786.94458222	2.980594e-16
3789.9254446	2.883227e-16
3792.90630698	2.821518e-16
3795.88716936	2.927079e-16
3798.86803174	2.930868e-16
3801.84889412	2.773397e-16
3804.8297565	2.784021e-16
3807.81061888	2.818491e-16
3810.79148126	2.735137e-16
3813.77234364	2.603842e-16
3816.75320601	2.510218e-16
3819.73406839	2.524089e-16
3822.71493077	2.566208e-16
3825.69579315	2.536163e-16
3828.67665553	2.495247e-16
3831.65751791	2.452879e-16
3834.63838029	2.370388e-16
3837.61924267	2.302095e-16
3840.60010505	2.298853e-16
3843.58096743	2.277803e-16
3846.56182981	2.20591e-16
3849.54269218	2.150135e-16
3852.52355456	2.117836e-16
3855.50441694	2.099038e-16
3858.48527932	2.04692e-16
3861.4661417	1.927183e-16
3864.44700408	1.876175e-16
3867.42786646	1.81301e-16
3870.40872884	1.747415e-16
3873.38959122	1.668906e-16
3876.3704536	1.63158e-16
3879.35131598	1.570296e-16
3882.33217835	1.494699e-16
3885.31304073	1.445528e-16
3888.29390311	1.376317e-16
3891.27476549	1.318326e-16
3894.25562787	1.271701e-16
3897.23649025	1.243862e-16
3900.21735263	1.219417e-16
3903.19821501	1.18467e-16
3906.17907739	1.13542e-16
3909.15993977	1.100688e-16
3912.14080215	1.058684e-16
3915.12166452	1.051583e-16
3918.1025269	1.073296e-16
3921.08338928	1.067675e-16
3924.06425166	1.088299e-16
3927.04511404	1.133617e-16
3930.02597642	1.16896e-16
3933.0068388	1.15999e-16
3935.98770118	1.175819e-16
3938.96856356	1.22463e-16
3941.94942594	1.245745e-16
3944.93028831	1.23739e-16
3947.91115069	1.29285e-16
3950.89201307	1.288905e-16
3953.87287545	1.268953e-16
3956.85373783	1.295198e-16
3959.83460021	1.323627e-16
3962.81546259	1.322729e-16
3965.79632497	1.303249e-16
3968.77718735	1.314623e-16
3971.75804973	1.324679e-16
3974.73891211	1.339962e-16
3977.71977448	1.352081e-16
3980.70063686	1.338584e-16
3983.68149924	1.333736e-16
3986.66236162	1.365182e-16
3989.643224	1.36395e-16
3992.62408638	1.344988e-16
3995.60494876	1.338173e-16
3998.58581114	1.361328e-16
4001.56667352	1.3806e-16
4004.5475359	1.399902e-16
4007.52839828	1.387889e-16
4010.50926065	1.435493e-16
4013.49012303	1.506477e-16
4016.47098541	1.553764e-16
4019.45184779	1.582452e-16
4022.43271017	1.605538e-16
4025.41357255	1.643262e-16
4028.39443493	1.729608e-16
4031.37529731	1.794299e-16
4034.35615969	1.773447e-16
4037.33702207	1.782093e-16
4040.31788445	1.857048e-16
4043.29874682	1.953355e-16
4046.2796092	2.078501e-16
4049.26047158	2.143206e-16
4052.24133396	2.203426e-16
4055.22219634	2.284669e-16
4058.20305872	2.351964e-16
4061.1839211	2.489791e-16
4064.16478348	2.5411e-16
4067.14564586	2.656171e-16
4070.12650824	2.715852e-16
4073.10737062	2.750234e-16
4076.08823299	2.83307e-16
4079.06909537	2.891851e-16
4082.04995775	2.931183e-16
4085.03082013	2.948674e-16
4088.01168251	3.010865e-16
4090.99254489	3.056867e-16
4093.97340727	3.100714e-16
4096.95426965	3.169193e-16
4099.93513203	3.199447e-16
4102.91599441	3.239927e-16
4105.89685678	3.28027e-16
4108.87771916	3.315931e-16
4111.85858154	3.330819e-16
4114.83944392	3.380907e-16
4117.8203063	3.433063e-16
4120.80116868	3.455755e-16
4123.78203106	3.480462e-16
4126.76289344	3.481174e-16
4129.74375582	3.550869e-16
4132.7246182	3.590067e-16
4135.70548058	3.615921e-16
4138.68634295	3.651166e-16
4141.66720533	3.646155e-16
4144.64806771	3.653495e-16
4147.62893009	3.676567e-16
4150.60979247	3.701809e-16
4153.59065485	3.681943e-16
4156.57151723	3.473871e-16
4159.55237961	3.458798e-16
4162.53324199	3.453072e-16
4165.51410437	3.518238e-16
4168.49496675	3.467243e-16
4171.47582912	3.369021e-16
4174.4566915	3.26263e-16
4177.43755388	3.171808e-16
4180.41841626	3.118539e-16
4183.39927864	3.067618e-16
4186.38014102	2.997502e-16
4189.3610034	2.926429e-16
4192.34186578	2.838595e-16
4195.32272816	2.762214e-16
4198.30359054	2.74647e-16
4201.28445292	2.738694e-16
4204.26531529	2.689141e-16
4207.24617767	2.66581e-16
4210.22704005	2.653836e-16
4213.20790243	2.631684e-16
4216.18876481	2.613041e-16
4219.16962719	2.612536e-16
4222.15048957	2.61043e-16
4225.13135195	2.684638e-16
4228.11221433	2.707088e-16
4231.09307671	2.720845e-16
4234.07393909	2.724213e-16
4237.05480146	2.746815e-16
4240.03566384	2.854394e-16
4243.01652622	2.857658e-16
4245.9973886	2.937385e-16
4248.97825098	2.984473e-16
4251.95911336	2.990487e-16
4254.93997574	3.028866e-16
4257.92083812	3.129545e-16
4260.9017005	3.134042e-16
4263.88256288	3.125565e-16
4266.86342525	3.182291e-16
4269.84428763	3.218831e-16
4272.82515001	3.252314e-16
4275.80601239	3.288112e-16
4278.78687477	3.330996e-16
4281.76773715	3.382776e-16
4284.74859953	3.414376e-16
4287.72946191	3.412228e-16
4290.71032429	3.435629e-16
4293.69118667	3.423056e-16
4296.67204905	3.462165e-16
4299.65291142	3.47512e-16
4302.6337738	3.455057e-16
4305.61463618	3.450018e-16
4308.59549856	3.48839e-16
4311.57636094	3.493856e-16
4314.55722332	3.501229e-16
4317.5380857	3.52471e-16
4320.51894808	3.508804e-16
4323.49981046	3.477493e-16
4326.48067284	3.464519e-16
4329.46153522	3.445536e-16
4332.44239759	3.409719e-16
4335.42325997	3.368472e-16
4338.40412235	3.293401e-16
4341.38498473	3.253618e-16
4344.36584711	3.235906e-16
4347.34670949	3.20908e-16
4350.32757187	3.157089e-16
4353.30843425	3.092036e-16
4356.28929663	3.093593e-16
4359.27015901	3.102758e-16
4362.25102139	3.083514e-16
4365.23188376	3.040647e-16
4368.21274614	2.996251e-16
4371.19360852	2.975547e-16
4374.1744709	2.954234e-16
4377.15533328	2.920292e-16
4380.13619566	2.928615e-16
4383.11705804	2.887735e-16
4386.09792042	2.85709e-16
4389.0787828	2.886694e-16
4392.05964518	2.892763e-16
4395.04050756	2.888225e-16
4398.02136993	2.909244e-16
4401.00223231	2.876672e-16
4403.98309469	2.846961e-16
4406.96395707	2.823161e-16
4409.94481945	2.802556e-16
4412.92568183	2.776535e-16
4415.90654421	2.715816e-16
4418.88740659	2.675477e-16
4421.86826897	2.677561e-16
4424.84913135	2.620469e-16
4427.82999372	2.573055e-16
4430.8108561	2.550203e-16
4433.79171848	2.480921e-16
4436.77258086	2.390632e-16
4439.75344324	2.358424e-16
4442.73430562	2.362433e-16
4445.715168	2.376858e-16
4448.69603038	2.366272e-16
4451.67689276	2.346768e-16
4454.65775514	2.346873e-16
4457.63861752	2.32132e-16
4460.61947989	2.292134e-16
4463.60034227	2.258689e-16
4466.58120465	2.23084e-16
4469.56206703	2.222409e-16
4472.54292941	2.214542e-16
4475.52379179	2.178676e-16
4478.50465417	2.141827e-16
4481.48551655	2.131008e-16
4484.46637893	2.122685e-16
4487.44724131	2.097157e-16
4490.42810369	2.090314e-16
4493.40896606	2.079695e-16
4496.38982844	2.030843e-16
4499.37069082	1.871599e-16
4502.3515532	1.827327e-16
4505.33241558	1.788974e-16
4508.31327796	1.774821e-16
4511.29414034	1.781975e-16
4514.27500272	1.731084e-16
4517.2558651	1.698889e-16
4520.23672748	1.677986e-16
4523.21758986	1.691597e-16
4526.19845223	1.66091e-16
4529.17931461	1.650656e-16
4532.16017699	1.593447e-16
4535.14103937	1.641038e-16
4538.12190175	1.661167e-16
4541.10276413	1.72366e-16
4544.08362651	1.701564e-16
4547.06448889	1.683037e-16
4550.04535127	1.617407e-16
4553.02621365	1.695312e-16
4556.00707603	1.759454e-16
4558.9879384	1.818716e-16
4561.96880078	1.789184e-16
4564.94966316	1.888229e-16
4567.93052554	1.947226e-16
4570.91138792	1.938279e-16
4573.8922503	1.965695e-16
4576.87311268	2.013456e-16
4579.85397506	2.076796e-16
4582.83483744	2.012756e-16
4585.81569982	2.049223e-16
4588.79656219	2.051279e-16
4591.77742457	2.078635e-16
4594.75828695	2.108403e-16
4597.73914933	2.159685e-16
4600.72001171	2.187052e-16
4603.70087409	2.182677e-16
4606.68173647	2.160237e-16
4609.66259885	2.163138e-16
4612.64346123	2.188414e-16
4615.62432361	2.22292e-16
4618.60518599	2.22159e-16
4621.58604836	2.203688e-16
4624.56691074	2.210716e-16
4627.54777312	2.208627e-16
4630.5286355	2.185062e-16
4633.50949788	2.168876e-16
4636.49036026	2.148316e-16
4639.47122264	2.105904e-16
4642.45208502	2.089934e-16
4645.4329474	2.052369e-16
4648.41380978	2.030899e-16
4651.39467216	2.040816e-16
4654.37553453	2.023164e-16
4657.35639691	2.009136e-16
4660.33725929	2.00955e-16
4663.31812167	2.01387e-16
4666.29898405	2.02971e-16
4669.27984643	2.050479e-16
4672.26070881	1.951053e-16
4675.24157119	1.943e-16
4678.22243357	1.990199e-16
4681.20329595	2.061622e-16
4684.18415833	2.108834e-16
4687.1650207	2.153543e-16
4690.14588308	2.175384e-16
4693.12674546	2.216332e-16
4696.10760784	2.279889e-16
4699.08847022	2.304269e-16
4702.0693326	2.338986e-16
4705.05019498	2.388867e-16
4708.03105736	2.385469e-16
4711.01191974	2.403126e-16
4713.99278212	2.412825e-16
4716.9736445	2.434968e-16
4719.95450687	2.462189e-16
4722.93536925	2.480135e-16
4725.91623163	2.490375e-16
4728.89709401	2.480949e-16
4731.87795639	2.492318e-16
4734.85881877	2.50949e-16
4737.83968115	2.509997e-16
4740.82054353	2.523432e-16
4743.80140591	2.533913e-16
4746.78226829	2.564038e-16
4749.76313066	2.596815e-16
4752.74399304	2.62232e-16
4755.72485542	2.577657e-16
4758.7057178	2.588305e-16
4761.68658018	2.617555e-16
4764.66744256	2.628437e-16
4767.64830494	2.617324e-16
4770.62916732	2.595185e-16
4773.6100297	2.582736e-16
4776.59089208	2.549137e-16
4779.57175446	2.526902e-16
4782.55261683	2.514902e-16
4785.53347921	2.49508e-16
4788.51434159	2.468321e-16
4791.49520397	2.447336e-16
4794.47606635	2.464974e-16
4797.45692873	2.498864e-16
4800.43779111	2.496013e-16
4803.41865349	2.450302e-16
4806.39951587	2.43974e-16
4809.38037825	2.448982e-16
4812.36124063	2.441602e-16
4815.342103	2.454879e-16
4818.32296538	2.448067e-16
4821.30382776	2.419265e-16
4824.28469014	2.420108e-16
4827.26555252	2.427429e-16
4830.2464149	2.415614e-16
4833.22727728	2.436819e-16
4836.20813966	2.467325e-16
4839.18900204	2.469729e-16
4842.16986442	2.424989e-16
4845.1507268	2.423241e-16
4848.13158917	2.466122e-16
4851.11245155	2.465024e-16
4854.09331393	2.448043e-16
4857.07417631	2.436665e-16
4860.05503869	2.413982e-16
4863.03590107	2.428998e-16
4866.01676345	2.448299e-16
4868.99762583	2.397285e-16
4871.97848821	2.371715e-16
4874.95935059	2.349465e-16
4877.94021297	2.313531e-16
4880.92107534	2.257766e-16
4883.90193772	2.224214e-16
4886.8828001	2.25113e-16
4889.86366248	2.182344e-16
4892.84452486	2.11229e-16
4895.82538724	2.05022e-16
4898.80624962	2.030687e-16
4901.787112	2.015261e-16
4904.76797438	2.015663e-16
4907.74883676	1.986555e-16
4910.72969913	1.966101e-16
4913.71056151	1.935467e-16
4916.69142389	1.910722e-16
4919.67228627	1.935907e-16
4922.65314865	1.950757e-16
4925.63401103	1.949015e-16
4928.61487341	1.958536e-16
4931.59573579	1.954742e-16
4934.57659817	1.957665e-16
4937.55746055	1.905282e-16
4940.53832293	1.881635e-16
4943.5191853	1.894192e-16
4946.50004768	1.919782e-16
4949.48091006	1.929629e-16
4952.46177244	1.962907e-16
4955.44263482	1.928801e-16
4958.4234972	1.96092e-16
4961.40435958	1.988169e-16
4964.38522196	1.979228e-16
4967.36608434	1.972716e-16
4970.34694672	1.867704e-16
4973.3278091	1.864008e-16
4976.30867147	1.885155e-16
4979.28953385	1.845361e-16
4982.27039623	1.797101e-16
4985.25125861	1.842069e-16
4988.23212099	1.825382e-16
4991.21298337	1.77766e-16
4994.19384575	1.741072e-16
4997.17470813	1.724212e-16
5000.15557051	1.724158e-16
5003.13643289	1.682518e-16
5006.11729527	1.675887e-16
5009.09815764	1.647277e-16
5012.07902002	1.62922e-16
5015.0598824	1.631826e-16
5018.04074478	1.655302e-16
5021.02160716	1.677456e-16
5024.00246954	1.633513e-16
5026.98333192	1.620252e-16
5029.9641943	1.637773e-16
5032.94505668	1.644223e-16
5035.92591906	1.687778e-16
5038.90678144	1.722221e-16
5041.88764381	1.762734e-16
5044.86850619	1.779086e-16
5047.84936857	1.757876e-16
5050.83023095	1.759382e-16
5053.81109333	1.751992e-16
5056.79195571	1.747174e-16
5059.77281809	1.715972e-16
5062.75368047	1.713635e-16
5065.73454285	1.718638e-16
5068.71540523	1.667606e-16
5071.6962676	1.646282e-16
5074.67712998	1.629103e-16
5077.65799236	1.574541e-16
5080.63885474	1.516002e-16
5083.61971712	1.513172e-16
5086.6005795	1.497272e-16
5089.58144188	1.433188e-16
5092.56230426	1.389356e-16
5095.54316664	1.377516e-16
5098.52402902	1.320215e-16
5101.5048914	1.297604e-16
5104.48575377	1.303928e-16
5107.46661615	1.261358e-16
5110.44747853	1.228988e-16
5113.42834091	1.186626e-16
5116.40920329	1.194011e-16
5119.39006567	1.187054e-16
5122.37092805	1.151081e-16
5125.35179043	1.123562e-16
5128.33265281	1.13403e-16
5131.31351519	1.154167e-16
5134.29437757	1.158986e-16
5137.27523994	1.170274e-16
5140.25610232	1.180915e-16
5143.2369647	1.199301e-16
5146.21782708	1.228555e-16
5149.19868946	1.24507e-16
5152.17955184	1.256144e-16
5155.16041422	1.276641e-16
5158.1412766	1.292115e-16
5161.12213898	1.302923e-16
5164.10300136	1.328208e-16
5167.08386374	1.339983e-16
5170.06472611	1.32924e-16
5173.04558849	1.33681e-16
5176.02645087	1.346163e-16
5179.00731325	1.372791e-16
5181.98817563	1.361657e-16
5184.96903801	1.358468e-16
5187.94990039	1.340408e-16
5190.93076277	1.339504e-16
5193.91162515	1.38312e-16
5196.89248753	1.419877e-16
5199.87334991	1.421578e-16
5202.85421228	1.432637e-16
5205.83507466	1.441033e-16
5208.81593704	1.434487e-16
5211.79679942	1.45655e-16
5214.7776618	1.455601e-16
5217.75852418	1.426959e-16
5220.73938656	1.432561e-16
5223.72024894	1.424678e-16
5226.70111132	1.429345e-16
5229.6819737	1.429804e-16
5232.66283607	1.410692e-16
5235.64369845	1.399076e-16
5238.62456083	1.428573e-16
5241.60542321	1.459358e-16
5244.58628559	1.444497e-16
5247.56714797	1.43483e-16
5250.54801035	1.449993e-16
5253.52887273	1.429015e-16
5256.50973511	1.405607e-16
5259.49059749	1.427768e-16
5262.47145987	1.451677e-16
5265.45232224	1.443343e-16
5268.43318462	1.464426e-16
5271.414047	1.491094e-16
5274.39490938	1.503657e-16
5277.37577176	1.510568e-16
5280.35663414	1.498731e-16
5283.33749652	1.501774e-16
5286.3183589	1.530916e-16
5289.29922128	1.531549e-16
5292.28008366	1.537724e-16
5295.26094604	1.565999e-16
5298.24180841	1.561526e-16
5301.22267079	1.532395e-16
5304.20353317	1.5401e-16
5307.18439555	1.558706e-16
5310.16525793	1.580616e-16
5313.14612031	1.609368e-16
5316.12698269	1.610065e-16
5319.10784507	1.607347e-16
5322.08870745	1.619068e-16
5325.06956983	1.632123e-16
5328.05043221	1.620479e-16
5331.03129458	1.640273e-16
5334.01215696	1.661814e-16
5336.99301934	1.676281e-16
5339.97388172	1.702312e-16
5342.9547441	1.720852e-16
5345.93560648	1.719432e-16
5348.91646886	1.724752e-16
5351.89733124	1.746848e-16
5354.87819362	1.760479e-16
5357.859056	1.764813e-16
5360.83991838	1.74716e-16
5363.82078075	1.7494e-16
5366.80164313	1.807063e-16
5369.78250551	1.815033e-16
5372.76336789	1.796726e-16
5375.74423027	1.820566e-16
5378.72509265	1.850078e-16
5381.70595503	1.82012e-16
5384.68681741	1.829169e-16
5387.66767979	1.848635e-16
5390.64854217	1.835323e-16
5393.62940454	1.806478e-16
5396.61026692	1.802752e-16
5399.5911293	1.779943e-16
5402.57199168	1.758435e-16
5405.55285406	1.791367e-16
5408.53371644	1.762914e-16
5411.51457882	1.727425e-16
5414.4954412	1.732449e-16
5417.47630358	1.756511e-16
5420.45716596	1.752088e-16
5423.43802834	1.720671e-16
5426.41889071	1.705448e-16
5429.39975309	1.708223e-16
5432.38061547	1.700921e-16
5435.36147785	1.699284e-16
5438.34234023	1.704894e-16
5441.32320261	1.720622e-16
5444.30406499	1.750928e-16
5447.28492737	1.741754e-16
5450.26578975	1.745178e-16
5453.24665213	1.735134e-16
5456.22751451	1.769915e-16
5459.20837688	1.795314e-16
5462.18923926	1.783703e-16
5465.17010164	1.790407e-16
5468.15096402	1.81702e-16
5471.1318264	1.811176e-16
5474.11268878	1.821137e-16
5477.09355116	1.808844e-16
5480.07441354	1.811598e-16
5483.05527592	1.804815e-16
5486.0361383	1.819149e-16
5489.01700068	1.824502e-16
5491.99786305	1.804192e-16
5494.97872543	1.770438e-16
5497.95958781	1.761153e-16
5500.94045019	1.753282e-16
5503.92131257	1.706164e-16
5506.90217495	1.683518e-16
5509.88303733	1.631518e-16
5512.86389971	1.602741e-16
5515.84476209	1.574423e-16
5518.82562447	1.523317e-16
5521.80648685	1.50121e-16
5524.78734922	1.449114e-16
5527.7682116	1.436937e-16
5530.74907398	1.392177e-16
5533.72993636	1.331513e-16
5536.71079874	1.347144e-16
5539.69166112	1.321482e-16
5542.6725235	1.290382e-16
5545.65338588	1.273048e-16
5548.63424826	1.265474e-16
5551.61511064	1.260416e-16
5554.59597301	1.23143e-16
5557.57683539	1.186594e-16
5560.55769777	1.246099e-16
5563.53856015	1.217911e-16
5566.51942253	1.248323e-16
5569.50028491	1.32797e-16
5572.48114729	1.385885e-16
5575.46200967	1.336499e-16
5578.44287205	1.28261e-16
5581.42373443	1.310487e-16
5584.40459681	1.385619e-16
5587.38545918	1.287585e-16
5590.36632156	1.385308e-16
5593.34718394	1.358041e-16
5596.32804632	1.288752e-16
5599.3089087	1.287963e-16
5602.28977108	1.288751e-16
5605.27063346	1.301081e-16
5608.25149584	1.317143e-16
5611.23235822	1.32213e-16
5614.2132206	1.34223e-16
5617.19408298	1.355077e-16
5620.17494535	1.370909e-16
5623.15580773	1.35844e-16
5626.13667011	1.370424e-16
5629.11753249	1.412654e-16
5632.09839487	1.413222e-16
5635.07925725	1.411004e-16
5638.06011963	1.39707e-16
5641.04098201	1.380803e-16
5644.02184439	1.413561e-16
5647.00270677	1.404829e-16
5649.98356915	1.391267e-16
5652.96443152	1.409271e-16
5655.9452939	1.392015e-16
5658.92615628	1.375884e-16
5661.90701866	1.380259e-16
5664.88788104	1.384648e-16
5667.86874342	1.389068e-16
5670.8496058	1.387093e-16
5673.83046818	1.393146e-16
5676.81133056	1.389852e-16
5679.79219294	1.378182e-16
5682.77305532	1.362052e-16
5685.75391769	1.338411e-16
5688.73478007	1.326012e-16
5691.71564245	1.317364e-16
5694.69650483	1.287995e-16
5697.67736721	1.299028e-16
5700.65822959	1.285699e-16
5703.63909197	1.261393e-16
5706.61995435	1.25904e-16
5709.60081673	1.249914e-16
5712.58167911	1.219681e-16
5715.56254148	1.188377e-16
5718.54340386	1.177355e-16
5721.52426624	1.154673e-16
5724.50512862	1.134616e-16
5727.485991	1.126041e-16
5730.46685338	1.106629e-16
5733.44771576	1.071675e-16
5736.42857814	1.081154e-16
5739.40944052	1.085332e-16
5742.3903029	1.074794e-16
5745.37116528	1.076027e-16
5748.35202765	1.058599e-16
5751.33289003	1.051751e-16
5754.31375241	1.066768e-16
5757.29461479	1.052616e-16
5760.27547717	1.049146e-16
5763.25633955	1.079473e-16
5766.23720193	1.097565e-16
5769.21806431	1.106957e-16
5772.19892669	1.141583e-16
5775.17978907	1.148789e-16
5778.16065145	1.155707e-16
5781.14151382	1.190498e-16
5784.1223762	1.194041e-16
5787.10323858	1.216179e-16
5790.08410096	1.253631e-16
5793.06496334	1.27216e-16
5796.04582572	1.283419e-16
5799.0266881	1.325896e-16
5802.00755048	1.353188e-16
5804.98841286	1.354919e-16
5807.96927524	1.390397e-16
5810.95013762	1.386245e-16
5813.93099999	1.40241e-16
5816.91186237	1.432967e-16
5819.89272475	1.435049e-16
5822.87358713	1.435112e-16
5825.85444951	1.471644e-16
5828.83531189	1.478067e-16
5831.81617427	1.470009e-16
5834.79703665	1.465109e-16
5837.77789903	1.459138e-16
5840.75876141	1.483707e-16
5843.73962379	1.477196e-16
5846.72048616	1.451901e-16
5849.70134854	1.438144e-16
5852.68221092	1.426492e-16
5855.6630733	1.430978e-16
5858.64393568	1.424438e-16
5861.62479806	1.410872e-16
5864.60566044	1.446856e-16
5867.58652282	1.445074e-16
5870.5673852	1.440535e-16
5873.54824758	1.481293e-16
5876.52910995	1.460362e-16
5879.50997233	1.438925e-16
5882.49083471	1.439941e-16
5885.47169709	1.435889e-16
5888.45255947	1.43906e-16
5891.43342185	1.425628e-16
5894.41428423	1.396961e-16
5897.39514661	1.39317e-16
5900.37600899	1.428265e-16
5903.35687137	1.451282e-16
5906.33773375	1.469567e-16
5909.31859612	1.47188e-16
5912.2994585	1.448853e-16
5915.28032088	1.426241e-16
5918.26118326	1.432238e-16
5921.24204564	1.452138e-16
5924.22290802	1.487805e-16
5927.2037704	1.503812e-16
5930.18463278	1.464637e-16
5933.16549516	1.460784e-16
5936.14635754	1.46963e-16
5939.12721992	1.449781e-16
5942.10808229	1.447701e-16
5945.08894467	1.473297e-16
5948.06980705	1.466626e-16
5951.05066943	1.448881e-16
5954.03153181	1.438603e-16
5957.01239419	1.449828e-16
5959.99325657	1.453869e-16
5962.97411895	1.445796e-16
5965.95498133	1.430854e-16
5968.93584371	1.435771e-16
5971.91670609	1.426325e-16
5974.89756846	1.416843e-16
5977.87843084	1.451934e-16
5980.85929322	1.476085e-16
5983.8401556	1.443384e-16
5986.82101798	1.423401e-16
5989.80188036	1.419328e-16
5992.78274274	1.405955e-16
5995.76360512	1.419149e-16
5998.7444675	1.426439e-16
6001.72532988	1.415805e-16
6004.70619226	1.393731e-16
6007.68705463	1.378342e-16
6010.66791701	1.365512e-16
6013.64877939	1.358221e-16
6016.62964177	1.345598e-16
6019.61050415	1.330687e-16
6022.59136653	1.307871e-16
6025.57222891	1.311612e-16
6028.55309129	1.309446e-16
6031.53395367	1.289679e-16
6034.51481605	1.275778e-16
6037.49567842	1.259391e-16
6040.4765408	1.24266e-16
6043.45740318	1.243092e-16
6046.43826556	1.237712e-16
6049.41912794	1.20929e-16
6052.39999032	1.210813e-16
6055.3808527	1.20053e-16
6058.36171508	1.192692e-16
6061.34257746	1.181121e-16
6064.32343984	1.175191e-16
6067.30430222	1.150916e-16
6070.28516459	1.145983e-16
6073.26602697	1.145719e-16
6076.24688935	1.127744e-16
6079.22775173	1.1335e-16
6082.20861411	1.130734e-16
6085.18947649	1.14112e-16
6088.17033887	1.146937e-16
6091.15120125	1.138582e-16
6094.13206363	1.156468e-16
6097.11292601	1.178802e-16
6100.09378839	1.168701e-16
6103.07465076	1.160691e-16
6106.05551314	1.181735e-16
6109.03637552	1.193722e-16
6112.0172379	1.200893e-16
6114.99810028	1.212527e-16
6117.97896266	1.205501e-16
6120.95982504	1.201955e-16
6123.94068742	1.235944e-16
6126.9215498	1.253703e-16
6129.90241218	1.255373e-16
6132.88327456	1.244819e-16
6135.86413693	1.258029e-16
6138.84499931	1.239394e-16
6141.82586169	1.259694e-16
6144.80672407	1.272589e-16
6147.78758645	1.281162e-16
6150.76844883	1.30546e-16
6153.74931121	1.297608e-16
6156.73017359	1.287489e-16
6159.71103597	1.306678e-16
6162.69189835	1.325457e-16
6165.67276073	1.310173e-16
6168.6536231	1.298717e-16
6171.63448548	1.296136e-16
6174.61534786	1.305742e-16
6177.59621024	1.31717e-16
6180.57707262	1.333664e-16
6183.557935	1.364189e-16
6186.53879738	1.361402e-16
6189.51965976	1.346849e-16
6192.50052214	1.35844e-16
6195.48138452	1.379465e-16
6198.46224689	1.392917e-16
6201.44310927	1.390644e-16
6204.42397165	1.389027e-16
6207.40483403	1.392269e-16
6210.38569641	1.396392e-16
6213.36655879	1.382217e-16
6216.34742117	1.38275e-16
6219.32828355	1.399334e-16
6222.30914593	1.397927e-16
6225.29000831	1.401512e-16
6228.27087069	1.38999e-16
6231.25173306	1.39569e-16
6234.23259544	1.411967e-16
6237.21345782	1.403939e-16
6240.1943202	1.419278e-16
6243.17518258	1.409853e-16
6246.15604496	1.388121e-16
6249.13690734	1.395285e-16
6252.11776972	1.4105e-16
6255.0986321	1.411357e-16
6258.07949448	1.390477e-16
6261.06035686	1.38239e-16
6264.04121923	1.37723e-16
6267.02208161	1.370275e-16
6270.00294399	1.37805e-16
6272.98380637	1.372068e-16
6275.96466875	1.34562e-16
6278.94553113	1.349089e-16
6281.92639351	1.317169e-16
6284.90725589	1.301246e-16
6287.88811827	1.302646e-16
6290.86898065	1.292985e-16
6293.84984303	1.295887e-16
6296.8307054	1.312188e-16
6299.81156778	1.30833e-16
6302.79243016	1.303341e-16
6305.77329254	1.281002e-16
6308.75415492	1.279702e-16
6311.7350173	1.263934e-16
6314.71587968	1.243509e-16
6317.69674206	1.249639e-16
6320.67760444	1.268528e-16
6323.65846682	1.265643e-16
6326.6393292	1.221665e-16
6329.62019157	1.205388e-16
6332.60105395	1.201657e-16
6335.58191633	1.192215e-16
6338.56277871	1.190632e-16
6341.54364109	1.187207e-16
6344.52450347	1.166622e-16
6347.50536585	1.145681e-16
6350.48622823	1.170188e-16
6353.46709061	1.160958e-16
6356.44795299	1.101339e-16
6359.42881536	1.067528e-16
6362.40967774	1.040759e-16
6365.39054012	1.030697e-16
6368.3714025	9.726996e-17
6371.35226488	9.467335e-17
6374.33312726	9.138942e-17
6377.31398964	8.887796e-17
6380.29485202	8.509691e-17
6383.2757144	8.114132e-17
6386.25657678	7.87065e-17
6389.23743916	7.688204e-17
6392.21830153	7.732345e-17
6395.19916391	7.57104e-17
6398.18002629	7.083558e-17
6401.16088867	6.751849e-17
6404.14175105	6.45125e-17
6407.12261343	6.39101e-17
6410.10347581	6.304997e-17
6413.08433819	6.064242e-17
6416.06520057	5.824549e-17
6419.04606295	5.584662e-17
6422.02692533	5.41338e-17
6425.0077877	5.458503e-17
6427.98865008	5.294489e-17
6430.96951246	5.173893e-17
6433.95037484	5.087881e-17
6436.93123722	4.903581e-17
6439.9120996	4.957644e-17
6442.89296198	4.966092e-17
6445.87382436	4.875109e-17
6448.85468674	4.820337e-17
6451.83554912	4.754515e-17
6454.8164115	4.833184e-17
6457.79727387	4.902718e-17
6460.77813625	4.73299e-17
6463.75899863	4.860496e-17
6466.73986101	5.063057e-17
6469.72072339	4.971391e-17
6472.70158577	5.014243e-17
6475.68244815	5.192911e-17
6478.66331053	5.400483e-17
6481.64417291	5.446754e-17
6484.62503529	5.542759e-17
6487.60589767	5.804009e-17
6490.58676004	5.886676e-17
6493.56762242	6.052506e-17
6496.5484848	6.294331e-17
6499.52934718	6.456547e-17
6502.51020956	6.526323e-17
6505.49107194	6.731608e-17
6508.47193432	7.051499e-17
6511.4527967	7.172048e-17
6514.43365908	7.251822e-17
6517.41452146	7.40751e-17
6520.39538383	7.530506e-17
6523.37624621	7.925072e-17
6526.35710859	8.213918e-17
6529.33797097	8.508213e-17
6532.31883335	8.683692e-17
6535.29969573	8.813373e-17
6538.28055811	8.907121e-17
6541.26142049	9.082941e-17
6544.24228287	9.367696e-17
6547.22314525	9.55254e-17
6550.20400763	9.706538e-17
6553.18487	9.775433e-17
6556.16573238	9.836981e-17
6559.14659476	1.000627e-16
6562.12745714	1.009734e-16
6565.10831952	1.026581e-16
6568.0891819	1.037841e-16
6571.07004428	1.064279e-16
6574.05090666	1.086308e-16
6577.03176904	1.09269e-16
6580.01263142	1.106343e-16
6582.9934938	1.107412e-16
6585.97435617	1.145029e-16
6588.95521855	1.170238e-16
6591.93608093	1.159282e-16
6594.91694331	1.151707e-16
6597.89780569	1.167495e-16
6600.87866807	1.186764e-16
6603.85953045	1.187842e-16
6606.84039283	1.199905e-16
6609.82125521	1.224452e-16
6612.80211759	1.222243e-16
6615.78297997	1.224457e-16
6618.76384234	1.246248e-16
6621.74470472	1.254517e-16
6624.7255671	1.264782e-16
6627.70642948	1.24965e-16
6630.68729186	1.253749e-16
6633.66815424	1.262583e-16
6636.64901662	1.283784e-16
6639.629879	1.29189e-16
6642.61074138	1.288649e-16
6645.59160376	1.314829e-16
6648.57246614	1.327739e-16
6651.55332851	1.315116e-16
6654.53419089	1.29445e-16
6657.51505327	1.287326e-16
6660.49591565	1.291902e-16
6663.47677803	1.283545e-16
6666.45764041	1.285468e-16
6669.43850279	1.288601e-16
6672.41936517	1.2863e-16
6675.40022755	1.279665e-16
6678.38108993	1.278808e-16
6681.3619523	1.271788e-16
6684.34281468	1.261932e-16
6687.32367706	1.261526e-16
6690.30453944	1.25767e-16
6693.28540182	1.272849e-16
6696.2662642	1.236334e-16
6699.24712658	1.252001e-16
6702.22798896	1.269939e-16
6705.20885134	1.269049e-16
6708.18971372	1.2739e-16
6711.1705761	1.261419e-16
6714.15143847	1.257292e-16
6717.13230085	1.26618e-16
6720.11316323	1.259225e-16
6723.09402561	1.258366e-16
6726.07488799	1.251016e-16
6729.05575037	1.24297e-16
6732.03661275	1.252754e-16
6735.01747513	1.252405e-16
6737.99833751	1.255085e-16
6740.97919989	1.253577e-16
6743.96006227	1.233088e-16
6746.94092464	1.219792e-16
6749.92178702	1.215226e-16
6752.9026494	1.21357e-16
6755.88351178	1.222703e-16
6758.86437416	1.20885e-16
6761.84523654	1.186516e-16
6764.82609892	1.181202e-16
6767.8069613	1.192467e-16
6770.78782368	1.201995e-16
6773.76868606	1.180294e-16
6776.74954844	1.166341e-16
6779.73041081	1.174928e-16
6782.71127319	1.161092e-16
6785.69213557	1.157241e-16
6788.67299795	1.154641e-16
6791.65386033	1.16907e-16
6794.63472271	1.169139e-16
6797.61558509	1.143384e-16
6800.59644747	1.120038e-16
6803.57730985	1.115686e-16
6806.55817223	1.120927e-16
6809.53903461	1.131456e-16
6812.51989698	1.132693e-16
6815.50075936	1.122809e-16
6818.48162174	1.116321e-16
6821.46248412	1.131392e-16
6824.4433465	1.113115e-16
6827.42420888	1.112889e-16
6830.40507126	1.110235e-16
6833.38593364	1.082597e-16
6836.36679602	1.078246e-16
6839.3476584	1.078469e-16
6842.32852077	1.070471e-16
6845.30938315	1.081782e-16
6848.29024553	1.076001e-16
6851.27110791	1.061157e-16
6854.25197029	1.057674e-16
6857.23283267	1.067233e-16
6860.21369505	1.062987e-16
6863.19455743	1.058741e-16
6866.17541981	1.054495e-16
6869.15628219	1.050249e-16
6872.13714457	1.046002e-16
6875.11800694	1.041756e-16
6878.09886932	1.03751e-16
6881.0797317	1.033264e-16
6884.06059408	1.029018e-16
6887.04145646	1.024771e-16
6890.02231884	1.020525e-16
6893.00318122	1.016279e-16
6895.9840436	1.012033e-16
6898.96490598	1.007787e-16
6901.94576836	1.00354e-16
6904.92663074	9.992939e-17
6907.90749311	9.950476e-17
6910.88835549	9.90802e-17
6913.86921787	9.865556e-17
6916.85008025	9.823093e-17
6919.83094263	9.78063e-17
6922.81180501	9.738166e-17
6925.79266739	9.69571e-17
6928.77352977	9.653247e-17
6931.75439215	9.610783e-17
6934.73525453	9.664246e-17
6937.71611691	9.679611e-17
6940.69697928	9.578859e-17
6943.67784166	9.619481e-17
6946.65870404	9.489694e-17
6949.63956642	9.463668e-17
6952.6204288	9.583179e-17
6955.60129118	9.607622e-17
6958.58215356	9.703764e-17
6961.56301594	9.605823e-17
6964.54387832	9.598941e-17
6967.5247407	9.585413e-17
6970.50560308	9.632447e-17
6973.48646545	9.697529e-17
6976.46732783	9.64572e-17
6979.44819021	9.484281e-17
6982.42905259	9.512424e-17
6985.40991497	9.436284e-17
6988.39077735	9.420769e-17
6991.37163973	9.597623e-17
6994.35250211	9.601251e-17
6997.33336449	9.49093e-17
7000.31422687	9.25684e-17
7003.29508924	9.071071e-17
7006.27595162	9.198354e-17
7009.256814	9.269554e-17
7012.23767638	9.207375e-17
7015.21853876	9.234854e-17
7018.19940114	9.327704e-17
7021.18026352	9.352169e-17
7024.1611259	9.272751e-17
7027.14198828	9.184249e-17
7030.12285066	9.297747e-17
7033.10371304	9.407882e-17
7036.08457541	9.381897e-17
7039.06543779	9.293683e-17
7042.04630017	9.153831e-17
7045.02716255	9.147538e-17
7048.00802493	9.179068e-17
7050.98888731	9.12104e-17
7053.96974969	9.145572e-17
7056.95061207	9.176044e-17
7059.93147445	9.151059e-17
7062.91233683	9.120349e-17
7065.89319921	9.00326e-17
7068.87406158	9.054946e-17
7071.85492396	9.115041e-17
7074.83578634	9.072224e-17
7077.81664872	9.092495e-17
7080.7975111	9.071954e-17
7083.77837348	8.740196e-17
7086.75923586	8.662329e-17
7089.74009824	8.709645e-17
7092.72096062	8.67914e-17
7095.701823	8.63707e-17
7098.68268538	8.607477e-17
7101.66354775	8.602072e-17
7104.64441013	8.742645e-17
7107.62527251	8.670017e-17
7110.60613489	8.558997e-17
7113.58699727	8.718269e-17
7116.56785965	8.706035e-17
7119.54872203	8.596467e-17
7122.52958441	8.429405e-17
7125.51044679	8.484985e-17
7128.49130917	8.521595e-17
7131.47217155	8.427716e-17
7134.45303392	8.446789e-17
7137.4338963	8.150064e-17
7140.41475868	8.078774e-17
7143.39562106	8.314807e-17
7146.37648344	8.241772e-17
7149.35734582	8.299231e-17
7152.3382082	8.360181e-17
7155.31907058	8.280938e-17
7158.29993296	8.202834e-17
7161.28079534	8.015407e-17
7164.26165771	7.930296e-17
7167.24252009	7.79174e-17
7170.22338247	7.700583e-17
7173.20424485	7.643058e-17
7176.18510723	7.429085e-17
7179.16596961	7.402928e-17
7182.14683199	7.185623e-17
7185.12769437	7.352462e-17
7188.10855675	7.438408e-17
7191.08941913	7.208571e-17
7194.07028151	7.291559e-17
7197.05114388	7.298643e-17
7200.03200626	7.518107e-17
7203.01286864	7.486032e-17
7205.99373102	7.693917e-17
7208.9745934	7.718256e-17
7211.95545578	7.741761e-17
7214.93631816	7.916446e-17
7217.91718054	7.970421e-17
7220.89804292	7.798751e-17
7223.8789053	7.786366e-17
7226.85976768	7.79612e-17
7229.84063005	7.654065e-17
7232.82149243	7.605537e-17
7235.80235481	7.617226e-17
7238.78321719	7.620839e-17
7241.76407957	7.441506e-17
7244.74494195	7.319205e-17
7247.72580433	7.497477e-17
7250.70666671	7.395315e-17
7253.68752909	7.287821e-17
7256.66839147	7.32833e-17
7259.64925385	7.428016e-17
7262.63011622	7.499245e-17
7265.6109786	7.559854e-17
7268.59184098	7.389239e-17
7271.57270336	7.500579e-17
7274.55356574	7.457119e-17
7277.53442812	7.429765e-17
7280.5152905	7.588988e-17
7283.49615288	7.719332e-17
7286.47701526	7.547607e-17
7289.45787764	7.590211e-17
7292.43874002	7.530315e-17
7295.41960239	7.437716e-17
7298.40046477	7.523824e-17
7301.38132715	7.489358e-17
7304.36218953	7.510654e-17
7307.34305191	7.503999e-17
7310.32391429	7.622594e-17
7313.30477667	7.498985e-17
7316.28563905	7.524697e-17
7319.26650143	7.465557e-17
7322.24736381	7.727749e-17
7325.22822618	7.627813e-17
7328.20908856	7.60613e-17
7331.18995094	7.796625e-17
7334.17081332	7.772742e-17
7337.1516757	7.687214e-17
7340.13253808	7.699273e-17
7343.11340046	7.859658e-17
7346.09426284	7.799166e-17
7349.07512522	7.688997e-17
7352.0559876	7.612063e-17
7355.03684998	7.72835e-17
7358.01771235	7.698294e-17
7360.99857473	7.67658e-17
7363.97943711	7.638207e-17
7366.96029949	7.608976e-17
7369.94116187	7.729806e-17
7372.92202425	7.700419e-17
7375.90288663	7.734409e-17
7378.88374901	7.675454e-17
7381.86461139	7.664506e-17
7384.84547377	7.662785e-17
7387.82633615	7.766607e-17
7390.80719852	7.757619e-17
7393.7880609	7.67586e-17
7396.76892328	7.726255e-17
7399.74978566	7.551683e-17
7402.73064804	7.452586e-17
7405.71151042	7.608867e-17
7408.6923728	7.779419e-17
7411.67323518	7.704917e-17
7414.65409756	7.659951e-17
7417.63495994	7.717513e-17
7420.61582232	7.743275e-17
7423.59668469	7.705588e-17
7426.57754707	7.651346e-17
7429.55840945	7.640376e-17
7432.53927183	7.548368e-17
7435.52013421	7.591999e-17
7438.50099659	7.56125e-17
7441.48185897	7.407565e-17
7444.46272135	7.568846e-17
7447.44358373	7.714267e-17
7450.42444611	7.652466e-17
7453.40530849	7.626464e-17
7456.38617086	7.625636e-17
7459.36703324	7.66603e-17
7462.34789562	7.681377e-17
7465.328758	7.658861e-17
7468.30962038	7.630863e-17
7471.29048276	7.636936e-17
7474.27134514	7.692098e-17
7477.25220752	7.704513e-17
7480.2330699	7.510849e-17
7483.21393228	7.661308e-17
7486.19479465	7.76714e-17
7489.17565703	7.730049e-17
7492.15651941	7.554387e-17
7495.13738179	7.573397e-17
7498.11824417	7.5655e-17
7501.09910655	7.642569e-17
7504.07996893	7.660142e-17
7507.06083131	7.692127e-17
7510.04169369	7.628794e-17
7513.02255607	7.607678e-17
7516.00341845	7.522309e-17
7518.98428082	7.584394e-17
7521.9651432	7.695525e-17
7524.94600558	7.760166e-17
7527.92686796	7.712176e-17
7530.90773034	7.642888e-17
7533.88859272	7.658035e-17
7536.8694551	7.603047e-17
7539.85031748	7.652717e-17
7542.83117986	7.645947e-17
7545.81204224	7.543558e-17
7548.79290462	7.46281e-17
7551.77376699	7.485421e-17
7554.75462937	7.524636e-17
7557.73549175	7.585304e-17
7560.71635413	7.561856e-17
7563.69721651	7.487028e-17
7566.67807889	7.436333e-17
7569.65894127	7.469167e-17
7572.63980365	7.379932e-17
7575.62066603	7.20612e-17
7578.60152841	7.230023e-17
7581.58239079	7.210639e-17
7584.56325316	7.191255e-17
7587.54411554	7.171876e-17
7590.52497792	7.152492e-17
7593.5058403	7.133108e-17
7596.48670268	7.113725e-17
7599.46756506	7.094341e-17
7602.44842744	7.07496e-17
7605.42928982	7.055577e-17
7608.4101522	7.036194e-17
7611.39101458	7.01681e-17
7614.37187696	6.997426e-17
7617.35273933	6.978045e-17
7620.33360171	6.958662e-17
7623.31446409	6.939278e-17
7626.29532647	6.919895e-17
7629.27618885	6.900511e-17
7632.25705123	6.881131e-17
7635.23791361	6.861747e-17
7638.21877599	6.842363e-17
7641.19963837	6.82298e-17
7644.18050075	6.803596e-17
7647.16136312	6.784216e-17
7650.1422255	6.764832e-17
7653.12308788	6.745449e-17
7656.10395026	6.726065e-17
7659.08481264	6.706681e-17
7662.06567502	6.687298e-17
7665.0465374	6.667917e-17
7668.02739978	6.648534e-17
7671.00826216	6.62915e-17
7673.98912454	6.609767e-17
7676.96998692	6.590383e-17
7679.95084929	6.571002e-17
7682.93171167	6.551619e-17
7685.91257405	6.532235e-17
7688.89343643	6.512852e-17
7691.87429881	6.493468e-17
7694.85516119	6.474088e-17
7697.83602357	6.454704e-17
7700.81688595	6.43532e-17
7703.79774833	6.177509e-17
7706.77861071	6.269695e-17
7709.75947309	6.362018e-17
7712.74033546	6.182225e-17
7715.72119784	6.307538e-17
7718.70206022	6.360123e-17
7721.6829226	6.472561e-17
7724.66378498	6.148898e-17
7727.64464736	6.054572e-17
7730.62550974	5.836875e-17
7733.60637212	5.812341e-17
7736.5872345	5.870809e-17
7739.56809688	5.839155e-17
7742.54895926	5.962073e-17
7745.52982163	5.91493e-17
7748.51068401	6.045322e-17
7751.49154639	6.07662e-17
7754.47240877	5.863259e-17
7757.45327115	6.043962e-17
7760.43413353	6.045851e-17
7763.41499591	5.423553e-17
7766.39585829	5.754813e-17
7769.37672067	5.974407e-17
7772.35758305	5.444626e-17
7775.33844543	5.321606e-17
7778.3193078	5.549855e-17
7781.30017018	5.576977e-17
7784.28103256	5.599665e-17
7787.26189494	5.866289e-17
7790.24275732	5.881087e-17
7793.2236197	5.583946e-17
7796.20448208	5.3445e-17
7799.18534446	5.70264e-17
7802.16620684	6.091149e-17
7805.14706922	5.526862e-17
7808.12793159	5.237252e-17
7811.10879397	5.049334e-17
7814.08965635	5.509851e-17
7817.07051873	5.199369e-17
7820.05138111	4.858824e-17
7823.03224349	5.047769e-17
7826.01310587	4.936414e-17
7828.99396825	5.092415e-17
7831.97483063	5.06285e-17
7834.95569301	5.131029e-17
7837.93655539	4.830157e-17
7840.91741776	4.846534e-17
7843.89828014	5.438582e-17
7846.87914252	5.038069e-17
7849.8600049	5.024077e-17
7852.84086728	4.862719e-17
7855.82172966	4.512777e-17
7858.80259204	5.138685e-17
7861.78345442	4.897741e-17
7864.7643168	4.430706e-17
7867.74517918	4.750795e-17
7870.72604156	4.696851e-17
7873.70690393	4.589368e-17
7876.68776631	4.391015e-17
7879.66862869	4.320053e-17
7882.64949107	4.364725e-17
7885.63035345	4.478446e-17
7888.61121583	4.552218e-17
7891.59207821	4.592869e-17
7894.57294059	4.494019e-17
7897.55380297	4.317927e-17
7900.53466535	4.402707e-17
7903.51552773	4.504708e-17
7906.4963901	4.374909e-17
7909.47725248	4.540797e-17
7912.45811486	4.687365e-17
7915.43897724	4.568522e-17
7918.41983962	4.699486e-17
7921.400702	4.766092e-17
7924.38156438	4.472386e-17
7927.36242676	4.626475e-17
7930.34328914	4.757805e-17
7933.32415152	4.833617e-17
7936.3050139	5.13187e-17
7939.28587627	5.016752e-17
7942.26673865	4.905905e-17
7945.24760103	4.822528e-17
7948.22846341	5.006599e-17
7951.20932579	5.038075e-17
7954.19018817	4.948833e-17
7957.17105055	5.040161e-17
7960.15191293	4.934942e-17
7963.13277531	5.041191e-17
7966.11363769	5.090732e-17
7969.09450006	5.172416e-17
7972.07536244	5.141747e-17
7975.05622482	5.06301e-17
7978.0370872	5.267492e-17
7981.01794958	5.209346e-17
7983.99881196	5.049544e-17
7986.97967434	4.896058e-17
7989.96053672	5.041181e-17
7992.9413991	5.150263e-17
7995.92226148	5.155467e-17
7998.90312386	5.303769e-17
8001.88398623	5.16968e-17
8004.86484861	5.009053e-17
8007.84571099	5.15892e-17
8010.82657337	5.12622e-17
8013.80743575	5.295347e-17
8016.78829813	5.32176e-17
8019.76916051	5.340924e-17
8022.75002289	5.387004e-17
8025.73088527	5.422194e-17
8028.71174765	5.60145e-17
8031.69261003	5.425358e-17
8034.6734724	5.480385e-17
8037.65433478	5.542464e-17
8040.63519716	5.492277e-17
8043.61605954	5.616453e-17
8046.59692192	5.564582e-17
8049.5777843	5.560934e-17
8052.55864668	5.657228e-17
8055.53950906	5.692228e-17
8058.52037144	5.573053e-17
8061.50123382	5.697636e-17
8064.4820962	5.648594e-17
8067.46295857	5.689997e-17
8070.44382095	5.84125e-17
8073.42468333	5.76796e-17
8076.40554571	5.819912e-17
8079.38640809	5.978154e-17
8082.36727047	5.823592e-17
8085.34813285	6.000428e-17
8088.32899523	5.914804e-17
8091.30985761	5.946174e-17
8094.29071999	5.947243e-17
8097.27158237	5.825772e-17
8100.25244474	5.887697e-17
8103.23330712	6.096477e-17
8106.2141695	6.149666e-17
8109.19503188	5.933372e-17
8112.17589426	5.96493e-17
8115.15675664	5.986047e-17
8118.13761902	6.047872e-17
8121.1184814	6.159001e-17
8124.09934378	6.064143e-17
8127.08020616	6.165e-17
8130.06106853	6.136365e-17
8133.04193091	6.161289e-17
8136.02279329	6.134158e-17
8139.00365567	6.08604e-17
8141.98451805	6.008547e-17
8144.96538043	5.768337e-17
8147.94624281	5.791618e-17
8150.92710519	5.850358e-17
8153.90796757	5.729977e-17
8156.88882995	5.820165e-17
8159.86969233	5.731834e-17
8162.8505547	5.757601e-17
8165.83141708	5.971348e-17
8168.81227946	6.098638e-17
8171.79314184	6.153439e-17
8174.77400422	6.294989e-17
8177.7548666	6.277059e-17
8180.73572898	6.20454e-17
8183.71659136	6.032059e-17
8186.69745374	6.124886e-17
8189.67831612	6.232433e-17
8192.6591785	6.26414e-17
8195.64004087	6.402493e-17
8198.62090325	6.373904e-17
8201.60176563	6.292728e-17
8204.58262801	6.165311e-17
8207.56349039	6.292504e-17
8210.54435277	6.630332e-17
8213.52521515	6.81264e-17
8216.50607753	6.718802e-17
8219.48693991	6.526729e-17
8222.46780229	6.406666e-17
8225.44866467	6.226394e-17
8228.42952704	6.088857e-17
8231.41038942	5.992544e-17
8234.3912518	5.904728e-17
8237.37211418	5.870783e-17
8240.35297656	6.076812e-17
8243.33383894	6.414202e-17
8246.31470132	6.492856e-17
8249.2955637	6.517267e-17
8252.27642608	6.499304e-17
8255.25728846	6.388913e-17
8258.23815084	6.510559e-17
8261.21901321	6.546443e-17
8264.19987559	6.48271e-17
8267.18073797	6.676736e-17
8270.16160035	6.716458e-17
8273.14246273	6.507239e-17
8276.12332511	6.28821e-17
8279.10418749	6.115195e-17
8282.08504987	6.113635e-17
8285.06591225	6.226202e-17
8288.04677463	6.13248e-17
8291.027637	6.049067e-17
8294.00849938	6.323076e-17
8296.98936176	6.386016e-17
8299.97022414	6.116786e-17
8302.95108652	6.089475e-17
8305.9319489	6.165945e-17
8308.91281128	5.989268e-17
8311.89367366	6.074e-17
8314.87453604	6.419831e-17
8317.85539842	6.470037e-17
8320.8362608	6.296077e-17
8323.81712317	6.147352e-17
8326.79798555	5.904645e-17
8329.77884793	5.5684e-17
8332.75971031	5.358434e-17
8335.74057269	5.079074e-17
8338.72143507	5.210862e-17
8341.70229745	5.280405e-17
8344.68315983	5.301392e-17
8347.66402221	5.542102e-17
8350.64488459	5.779962e-17
8353.62574697	5.933488e-17
8356.60660934	5.685532e-17
8359.58747172	5.44921e-17
8362.5683341	5.406796e-17
8365.54919648	5.459478e-17
8368.53005886	5.59013e-17
8371.51092124	5.378544e-17
8374.49178362	5.20072e-17
8377.472646	5.175872e-17
8380.45350838	5.175757e-17
8383.43437076	5.532002e-17
8386.41523314	5.866291e-17
8389.39609551	5.770547e-17
8392.37695789	5.954706e-17
8395.35782027	6.10738e-17
8398.33868265	5.707468e-17
8401.31954503	5.725337e-17
8404.30040741	5.604941e-17
8407.28126979	5.359115e-17
8410.26213217	5.124876e-17
8413.24299455	5.162122e-17
8416.22385693	5.049175e-17
8419.20471931	5.353347e-17
8422.18558168	5.704918e-17
8425.16644406	5.796671e-17
8428.14730644	5.405135e-17
8431.12816882	5.264494e-17
8434.1090312	5.402487e-17
8437.08989358	5.312132e-17
8440.07075596	5.010616e-17
8443.05161834	4.634503e-17
8446.03248072	4.483275e-17
8449.0133431	4.637458e-17
8451.99420547	4.895861e-17
8454.97506785	5.195781e-17
8457.95593023	5.418017e-17
8460.93679261	5.748703e-17
8463.91765499	6.128586e-17
8466.89851737	5.961041e-17
8469.87937975	5.461278e-17
8472.86024213	5.367539e-17
8475.84110451	5.299106e-17
8478.82196689	5.075873e-17
8481.80282927	4.873637e-17
8484.78369164	4.986042e-17
8487.76455402	5.138534e-17
8490.7454164	5.07465e-17
8493.72627878	5.026223e-17
8496.70714116	4.916507e-17
8499.68800354	5.057379e-17
8502.66886592	5.319817e-17
8505.6497283	5.259054e-17
8508.63059068	5.307201e-17
8511.61145306	5.381563e-17
8514.59231544	5.305104e-17
8517.57317781	5.443506e-17
8520.55404019	5.45666e-17
8523.53490257	5.242347e-17
8526.51576495	5.177367e-17
8529.49662733	5.213339e-17
8532.47748971	5.281589e-17
8535.45835209	5.240878e-17
8538.43921447	5.097107e-17
8541.42007685	5.085799e-17
8544.40093923	5.07712e-17
8547.38180161	5.084709e-17
8550.36266398	5.21015e-17
8553.34352636	5.225039e-17
8556.32438874	5.231391e-17
8559.30525112	5.339797e-17
8562.2861135	5.284495e-17
8565.26697588	5.038831e-17
8568.24783826	4.963095e-17
8571.22870064	5.029442e-17
8574.20956302	5.083372e-17
8577.1904254	5.151133e-17
8580.17128778	5.164819e-17
8583.15215015	5.061768e-17
8586.13301253	4.966304e-17
8589.11387491	5.024994e-17
8592.09473729	5.101387e-17
8595.07559967	5.019401e-17
8598.05646205	5.013389e-17
8601.03732443	4.972883e-17
8604.01818681	4.946174e-17
8606.99904919	4.842239e-17
8609.97991157	4.829366e-17
8612.96077394	4.961191e-17
8615.94163632	4.852052e-17
8618.9224987	4.789225e-17
8621.90336108	4.644705e-17
8624.88422346	4.455195e-17
8627.86508584	4.278751e-17
8630.84594822	4.248443e-17
8633.8268106	4.330711e-17
8636.80767298	4.297801e-17
8639.78853536	4.444845e-17
8642.76939774	4.41328e-17
8645.75026011	4.385168e-17
8648.73112249	4.519058e-17
8651.71198487	4.592293e-17
8654.69284725	4.600427e-17
8657.67370963	4.386359e-17
8660.65457201	4.269208e-17
8663.63543439	3.900442e-17
8666.61629677	4.23243e-17
8669.59715915	4.280446e-17
8672.57802153	4.457005e-17
8675.55888391	4.714266e-17
8678.53974628	4.592468e-17
8681.52060866	4.379473e-17
8684.50147104	4.03833e-17
8687.48233342	4.262516e-17
8690.4631958	4.225635e-17
8693.44405818	4.423696e-17
8696.42492056	4.269121e-17
8699.40578294	4.186244e-17
8702.38664532	4.260578e-17
8705.3675077	4.263985e-17
8708.34837008	4.134561e-17
8711.32923245	4.05337e-17
8714.31009483	3.946843e-17
8717.29095721	4.012245e-17
8720.27181959	4.307461e-17
8723.25268197	4.253244e-17
8726.23354435	4.154333e-17
8729.21440673	4.134348e-17
8732.19526911	4.129122e-17
8735.17613149	4.128435e-17
8738.15699387	4.156844e-17
8741.13785625	4.066737e-17
8744.11871862	4.221189e-17
8747.099581	4.453921e-17
8750.08044338	4.488816e-17
8753.06130576	4.389911e-17
8756.04216814	4.135741e-17
8759.02303052	4.040842e-17
8762.0038929	4.054178e-17
8764.98475528	4.424521e-17
8767.96561766	4.666718e-17
8770.94648004	4.60926e-17
8773.92734241	4.419667e-17
8776.90820479	4.343376e-17
8779.88906717	4.066833e-17
8782.86992955	4.215209e-17
8785.85079193	4.526903e-17
8788.83165431	4.66399e-17
8791.81251669	4.854456e-17
8794.79337907	4.853383e-17
8797.77424145	4.79745e-17
8800.75510383	4.741535e-17
8803.73596621	4.685602e-17
8806.71682858	4.629688e-17
8809.69769096	4.573773e-17
8812.67855334	4.51784e-17
8815.65941572	4.461925e-17
8818.6402781	4.405992e-17
8821.62114048	4.350077e-17
8824.60200286	4.294163e-17
8827.58286524	4.238229e-17
8830.56372762	4.182315e-17
8833.54459	4.126382e-17
8836.52545238	4.070467e-17
8839.50631475	4.014552e-17
8842.48717713	3.958619e-17
8845.46803951	4.34533e-17
8848.44890189	4.475015e-17
8851.42976427	4.559508e-17
8854.41062665	4.824273e-17
8857.39148903	5.012664e-17
8860.37235141	5.2395e-17
8863.35321379	5.185753e-17
8866.33407617	5.185413e-17
8869.31493855	5.185073e-17
8872.29580092	5.184732e-17
8875.2766633	5.184392e-17
8878.25752568	5.184052e-17
8881.23838806	5.183711e-17
8884.21925044	5.183371e-17
8887.20011282	5.18303e-17
8890.1809752	5.18269e-17
8893.16183758	5.18235e-17
8896.14269996	5.193342e-17
8899.12356234	5.145684e-17
8902.10442472	5.098042e-17
8905.08528709	5.0504e-17
8908.06614947	5.002742e-17
8911.04701185	4.9551e-17
8914.02787423	4.907442e-17
8917.00873661	4.8598e-17
8919.98959899	4.812158e-17
8922.97046137	4.7645e-17
8925.95132375	4.716858e-17
8928.93218613	4.6692e-17
8931.91304851	4.621558e-17
8934.89391088	4.573915e-17
8937.87477326	4.526258e-17
8940.85563564	4.731588e-17
8943.83649802	5.430208e-17
8946.8173604	5.684778e-17
8949.79822278	5.400382e-17
8952.77908516	5.398976e-17
8955.75994754	5.204203e-17
8958.74080992	5.025012e-17
8961.7216723	4.659767e-17
8964.70253468	4.310688e-17
8967.68339705	4.312828e-17
8970.66425943	4.738638e-17
8973.64512181	5.055551e-17
8976.62598419	4.96192e-17
8979.60684657	4.765098e-17
8982.58770895	4.694628e-17
8985.56857133	4.633044e-17
8988.54943371	4.367533e-17
8991.53029609	4.163009e-17
8994.51115847	4.216971e-17
8997.49202085	4.14176e-17
9000.47288322	4.354848e-17
9003.4537456	4.586468e-17
9006.43460798	4.485652e-17
9009.41547036	4.314128e-17
9012.39633274	4.183173e-17
9015.37719512	4.283909e-17
9018.3580575	4.490708e-17
9021.33891988	4.506499e-17
9024.31978226	4.477846e-17
9027.30064464	4.480505e-17
9030.28150702	4.51409e-17
9033.26236939	4.492031e-17
9036.24323177	4.498937e-17
9039.22409415	4.550063e-17
9042.20495653	4.726792e-17
9045.18581891	4.589835e-17
9048.16668129	4.675383e-17
9051.14754367	4.766036e-17
9054.12840605	4.835875e-17
9057.10926843	4.83286e-17
9060.09013081	4.660076e-17
9063.07099319	4.402333e-17
9066.05185556	4.272972e-17
9069.03271794	4.171825e-17
9072.01358032	4.210344e-17
9074.9944427	4.426306e-17
9077.97530508	4.445842e-17
9080.95616746	4.355592e-17
9083.93702984	4.463851e-17
9086.91789222	4.315587e-17
9089.8987546	4.079087e-17
9092.87961698	4.007619e-17
9095.86047935	3.94554e-17
9098.84134173	4.004687e-17
9101.82220411	4.280602e-17
9104.80306649	4.492145e-17
9107.78392887	4.486782e-17
9110.76479125	4.388758e-17
9113.74565363	4.60104e-17
9116.72651601	4.675465e-17
9119.70737839	4.441421e-17
9122.68824077	4.137213e-17
9125.66910315	3.969991e-17
9128.64996552	3.962364e-17
9131.6308279	4.085082e-17
9134.61169028	4.193266e-17
9137.59255266	4.389556e-17
9140.57341504	4.580669e-17
9143.55427742	4.478603e-17
9146.5351398	4.433373e-17
9149.51600218	4.498149e-17
9152.49686456	4.446651e-17
9155.47772694	4.290887e-17
9158.45858932	4.163666e-17
9161.43945169	4.230027e-17
9164.42031407	4.194324e-17
9167.40117645	4.312371e-17
9170.38203883	4.453158e-17
9173.36290121	4.590515e-17
9176.34376359	4.570569e-17
9179.32462597	4.525509e-17
9182.30548835	4.828086e-17
9185.28635073	5.222568e-17
9188.26721311	4.725979e-17
9191.24807549	4.380391e-17
9194.22893786	4.616884e-17
9197.20980024	4.708377e-17
9200.19066262	4.824925e-17
9203.171525	4.890622e-17
9206.15238738	5.075268e-17
9209.13324976	5.003041e-17
9212.11411214	4.813935e-17
9215.09497452	4.585296e-17
9218.0758369	4.45897e-17
9221.05669928	4.366884e-17
9224.03756166	4.440655e-17
9227.01842403	4.454695e-17
9229.99928641	4.549767e-17
9232.98014879	4.616632e-17
9235.96101117	4.714569e-17
9238.94187355	4.844384e-17
9241.92273593	4.841727e-17
9244.90359831	4.45699e-17
9247.88446069	4.371864e-17
9250.86532307	4.310093e-17
