#	 2016hns 
#	 UT date of observation: 20161030 
#	 Telescope/Instrument: SOAR/Goodman 
#	 Estimated Peak MJD: 57697.453 
#	 Estimated redshift: 0.037 
#	 Estimated Phase: -6.2 
#	 Published in Dettman et al. 2020 
#	 Observed barycentric wavelength (Angstroms)    F_lambda
3600.0	4.045049
3602.0	4.133012
3604.0	4.182965
3606.0	4.271716
3608.0	4.233076
3610.0	4.10138
3612.0	4.148192
3614.0	4.194963
3616.0	4.183597
3618.0	4.290139
3620.0	4.378823
3622.0	4.336452
3624.0	4.307838
3626.0	4.376211
3628.0	4.444395
3630.0	4.210494
3632.0	3.990357
3634.0	4.05551
3636.0	4.189489
3638.0	4.208969
3640.0	4.044016
3642.0	4.083469
3644.0	4.121297
3646.0	4.010032
3648.0	4.026089
3650.0	3.952684
3652.0	3.965686
3654.0	3.923594
3656.0	3.957839
3658.0	4.080317
3660.0	4.033144
3662.0	3.919404
3664.0	3.956065
3666.0	3.994965
3668.0	3.955016
3670.0	3.925568
3672.0	3.963624
3674.0	3.986011
3676.0	3.940974
3678.0	3.901476
3680.0	3.94654
3682.0	3.87631
3684.0	3.771204
3686.0	3.773456
3688.0	3.921452
3690.0	3.909763
3692.0	3.789286
3694.0	3.814769
3696.0	3.70415
3698.0	3.732254
3700.0	3.734899
3702.0	3.512393
3704.0	3.30535
3706.0	3.293656
3708.0	3.285162
3710.0	3.174503
3712.0	3.138996
3714.0	3.057606
3716.0	3.01897
3718.0	2.901818
3720.0	2.797427
3722.0	2.726118
3724.0	2.533777
3726.0	2.44319
3728.0	2.461498
3730.0	2.391207
3732.0	2.304533
3734.0	2.245136
3736.0	2.235742
3738.0	2.046883
3740.0	1.981571
3742.0	1.983495
3744.0	1.86088
3746.0	1.892663
3748.0	1.796773
3750.0	1.67165
3752.0	1.56213
3754.0	1.563112
3756.0	1.554566
3758.0	1.486468
3760.0	1.464916
3762.0	1.500661
3764.0	1.459995
3766.0	1.415291
3768.0	1.367158
3770.0	1.29829
3772.0	1.265823
3774.0	1.362091
3776.0	1.364265
3778.0	1.304057
3780.0	1.342443
3782.0	1.294445
3784.0	1.225945
3786.0	1.236628
3788.0	1.300752
3790.0	1.279302
3792.0	1.246844
3794.0	1.294883
3796.0	1.40684
3798.0	1.364893
3800.0	1.353602
3802.0	1.356322
3804.0	1.347858
3806.0	1.392619
3808.0	1.448423
3810.0	1.442483
3812.0	1.468142
3814.0	1.566703
3816.0	1.545939
3818.0	1.549386
3820.0	1.58307
3822.0	1.603038
3824.0	1.60887
3826.0	1.615675
3828.0	1.626916
3830.0	1.612583
3832.0	1.604654
3834.0	1.496893
3836.0	1.487811
3838.0	1.524101
3840.0	1.567057
3842.0	1.586369
3844.0	1.634142
3846.0	1.602376
3848.0	1.572011
3850.0	1.615104
3852.0	1.56333
3854.0	1.584432
3856.0	1.715418
3858.0	1.778863
3860.0	1.775417
3862.0	1.824766
3864.0	1.925374
3866.0	1.937774
3868.0	1.942628
3870.0	2.008878
3872.0	2.009765
3874.0	2.057776
3876.0	2.146663
3878.0	2.192727
3880.0	2.275264
3882.0	2.362457
3884.0	2.37488
3886.0	2.374794
3888.0	2.439221
3890.0	2.490891
3892.0	2.474502
3894.0	2.503903
3896.0	2.530459
3898.0	2.462521
3900.0	2.441597
3902.0	2.446606
3904.0	2.372488
3906.0	2.249824
3908.0	2.394561
3910.0	2.456347
3912.0	2.432716
3914.0	2.47774
3916.0	2.420492
3918.0	2.370292
3920.0	2.381038
3922.0	2.343545
3924.0	2.388854
3926.0	2.373154
3928.0	2.431995
3930.0	2.439998
3932.0	2.314094
3934.0	2.320198
3936.0	2.460808
3938.0	2.465482
3940.0	2.386147
3942.0	2.380439
3944.0	2.481182
3946.0	2.448137
3948.0	2.42793
3950.0	2.354397
3952.0	2.406096
3954.0	2.466992
3956.0	2.589866
3958.0	2.56609
3960.0	2.507365
3962.0	2.63339
3964.0	2.600858
3966.0	2.6243
3968.0	2.602272
3970.0	2.693773
3972.0	2.736059
3974.0	2.797344
3976.0	2.904591
3978.0	2.972829
3980.0	3.020563
3982.0	3.052014
3984.0	2.945678
3986.0	2.973603
3988.0	3.084493
3990.0	3.170317
3992.0	3.16418
3994.0	3.22224
3996.0	3.253906
3998.0	3.292982
4000.0	3.253911
4002.0	3.319638
4004.0	3.438057
4006.0	3.533354
4008.0	3.546139
4010.0	3.475008
4012.0	3.520886
4014.0	3.551806
4016.0	3.619997
4018.0	3.595407
4020.0	3.615304
4022.0	3.642668
4024.0	3.705
4026.0	3.761901
4028.0	3.798042
4030.0	3.845888
4032.0	3.870309
4034.0	3.819132
4036.0	3.874006
4038.0	3.905369
4040.0	3.93629
4042.0	3.962611
4044.0	3.996411
4046.0	4.074918
4048.0	4.071751
4050.0	4.054725
4052.0	4.127473
4054.0	4.200772
4056.0	4.174676
4058.0	4.165599
4060.0	4.195151
4062.0	4.264913
4064.0	4.25827
4066.0	4.311096
4068.0	4.365409
4070.0	4.369593
4072.0	4.36194
4074.0	4.419445
4076.0	4.433408
4078.0	4.447746
4080.0	4.516546
4082.0	4.483619
4084.0	4.368839
4086.0	4.355947
4088.0	4.345214
4090.0	4.336542
4092.0	4.368022
4094.0	4.312776
4096.0	4.242258
4098.0	4.104195
4100.0	4.047673
4102.0	4.078673
4104.0	3.992785
4106.0	3.830926
4108.0	3.786337
4110.0	3.718776
4112.0	3.701269
4114.0	3.696647
4116.0	3.624025
4118.0	3.563811
4120.0	3.574677
4122.0	3.578321
4124.0	3.568231
4126.0	3.563521
4128.0	3.56513
4130.0	3.558574
4132.0	3.59024
4134.0	3.551787
4136.0	3.447821
4138.0	3.427616
4140.0	3.448834
4142.0	3.459408
4144.0	3.440456
4146.0	3.451657
4148.0	3.448822
4150.0	3.438044
4152.0	3.489523
4154.0	3.490622
4156.0	3.477964
4158.0	3.475067
4160.0	3.482488
4162.0	3.493801
4164.0	3.500615
4166.0	3.5158
4168.0	3.517178
4170.0	3.522814
4172.0	3.629094
4174.0	3.708582
4176.0	3.67312
4178.0	3.631725
4180.0	3.611077
4182.0	3.696134
4184.0	3.780267
4186.0	3.779818
4188.0	3.785428
4190.0	3.76929
4192.0	3.801711
4194.0	3.887464
4196.0	3.962223
4198.0	3.973847
4200.0	3.978626
4202.0	4.066091
4204.0	4.043821
4206.0	3.978885
4208.0	4.060454
4210.0	4.106585
4212.0	4.011295
4214.0	3.968407
4216.0	4.030406
4218.0	4.042041
4220.0	4.011555
4222.0	4.059866
4224.0	4.094198
4226.0	4.099742
4228.0	4.121102
4230.0	4.074965
4232.0	4.100874
4234.0	4.151443
4236.0	4.163904
4238.0	4.162822
4240.0	4.108833
4242.0	4.052583
4244.0	4.039701
4246.0	4.022845
4248.0	4.024934
4250.0	3.973986
4252.0	3.908948
4254.0	3.90451
4256.0	3.846202
4258.0	3.832015
4260.0	3.89745
4262.0	3.846757
4264.0	3.785965
4266.0	3.820043
4268.0	3.815149
4270.0	3.766866
4272.0	3.726702
4274.0	3.709377
4276.0	3.720111
4278.0	3.678771
4280.0	3.659769
4282.0	3.636546
4284.0	3.598699
4286.0	3.58359
4288.0	3.544821
4290.0	3.574391
4292.0	3.544834
4294.0	3.536559
4296.0	3.55463
4298.0	3.515027
4300.0	3.484968
4302.0	3.486876
4304.0	3.534167
4306.0	3.608746
4308.0	3.568683
4310.0	3.55559
4312.0	3.577115
4314.0	3.554426
4316.0	3.542762
4318.0	3.519217
4320.0	3.493593
4322.0	3.467254
4324.0	3.427674
4326.0	3.438486
4328.0	3.403324
4330.0	3.389968
4332.0	3.357092
4334.0	3.287611
4336.0	3.264676
4338.0	3.26118
4340.0	3.225763
4342.0	3.154538
4344.0	3.201501
4346.0	3.146321
4348.0	3.097368
4350.0	3.049445
4352.0	3.091568
4354.0	3.129564
4356.0	3.065295
4358.0	3.010494
4360.0	3.005575
4362.0	3.019494
4364.0	3.001595
4366.0	2.946548
4368.0	2.877083
4370.0	2.89113
4372.0	2.868296
4374.0	2.865239
4376.0	2.957862
4378.0	2.910604
4380.0	2.833772
4382.0	2.8759
4384.0	2.844064
4386.0	2.811044
4388.0	2.804472
4390.0	2.789649
4392.0	2.705009
4394.0	2.707782
4396.0	2.724797
4398.0	2.709926
4400.0	2.71242
4402.0	2.708441
4404.0	2.724787
4406.0	2.678106
4408.0	2.625226
4410.0	2.608065
4412.0	2.621144
4414.0	2.629618
4416.0	2.630698
4418.0	2.616658
4420.0	2.57875
4422.0	2.542193
4424.0	2.54531
4426.0	2.529405
4428.0	2.507813
4430.0	2.515506
4432.0	2.513187
4434.0	2.518692
4436.0	2.581545
4438.0	2.571236
4440.0	2.523107
4442.0	2.447811
4444.0	2.350615
4446.0	2.375111
4448.0	2.39622
4450.0	2.352997
4452.0	2.313203
4454.0	2.326795
4456.0	2.249049
4458.0	2.194401
4460.0	2.241984
4462.0	2.256546
4464.0	2.223808
4466.0	2.180573
4468.0	2.219491
4470.0	2.251952
4472.0	2.228521
4474.0	2.256222
4476.0	2.287534
4478.0	2.295711
4480.0	2.353455
4482.0	2.334616
4484.0	2.371841
4486.0	2.403119
4488.0	2.394552
4490.0	2.369953
4492.0	2.371254
4494.0	2.416577
4496.0	2.409812
4498.0	2.417188
4500.0	2.433725
4502.0	2.458382
4504.0	2.480622
4506.0	2.450922
4508.0	2.423732
4510.0	2.429087
4512.0	2.461479
4514.0	2.505186
4516.0	2.523824
4518.0	2.503654
4520.0	2.5147
4522.0	2.515632
4524.0	2.515429
4526.0	2.547039
4528.0	2.49415
4530.0	2.498996
4532.0	2.559125
4534.0	2.575108
4536.0	2.553145
4538.0	2.528116
4540.0	2.532317
4542.0	2.516883
4544.0	2.497758
4546.0	2.461594
4548.0	2.448873
4550.0	2.464136
4552.0	2.437087
4554.0	2.416459
4556.0	2.389098
4558.0	2.340282
4560.0	2.371902
4562.0	2.373937
4564.0	2.341825
4566.0	2.345932
4568.0	2.379364
4570.0	2.365827
4572.0	2.285064
4574.0	2.323
4576.0	2.36769
4578.0	2.307223
4580.0	2.289396
4582.0	2.362311
4584.0	2.382161
4586.0	2.398042
4588.0	2.435035
4590.0	2.442882
4592.0	2.433112
4594.0	2.48534
4596.0	2.502769
4598.0	2.473809
4600.0	2.512034
4602.0	2.544194
4604.0	2.530143
4606.0	2.564204
4608.0	2.598666
4610.0	2.626546
4612.0	2.640016
4614.0	2.618946
4616.0	2.619763
4618.0	2.670015
4620.0	2.662023
4622.0	2.663851
4624.0	2.636714
4626.0	2.680255
4628.0	2.705905
4630.0	2.677474
4632.0	2.694557
4634.0	2.729089
4636.0	2.76918
4638.0	2.683159
4640.0	2.689797
4642.0	2.714624
4644.0	2.755447
4646.0	2.734685
4648.0	2.705219
4650.0	2.706272
4652.0	2.718708
4654.0	2.702172
4656.0	2.702494
4658.0	2.667881
4660.0	2.712707
4662.0	2.721276
4664.0	2.726325
4666.0	2.759322
4668.0	2.760413
4670.0	2.76565
4672.0	2.747405
4674.0	2.750916
4676.0	2.717285
4678.0	2.738366
4680.0	2.710766
4682.0	2.701755
4684.0	2.714343
4686.0	2.674343
4688.0	2.644588
4690.0	2.601537
4692.0	2.615613
4694.0	2.63652
4696.0	2.613505
4698.0	2.604147
4700.0	2.622386
4702.0	2.597762
4704.0	2.54051
4706.0	2.584738
4708.0	2.608801
4710.0	2.646787
4712.0	2.608481
4714.0	2.550267
4716.0	2.518637
4718.0	2.56464
4720.0	2.570652
4722.0	2.553355
4724.0	2.544106
4726.0	2.548005
4728.0	2.542495
4730.0	2.549833
4732.0	2.490765
4734.0	2.446965
4736.0	2.480924
4738.0	2.492236
4740.0	2.473832
4742.0	2.523811
4744.0	2.516279
4746.0	2.567457
4748.0	2.599432
4750.0	2.551589
4752.0	2.521933
4754.0	2.533144
4756.0	2.524591
4758.0	2.549897
4760.0	2.568823
4762.0	2.531045
4764.0	2.497865
4766.0	2.520681
4768.0	2.542536
4770.0	2.569989
4772.0	2.541504
4774.0	2.547458
4776.0	2.550614
4778.0	2.546574
4780.0	2.52871
4782.0	2.496548
4784.0	2.440011
4786.0	2.421087
4788.0	2.43142
4790.0	2.399111
4792.0	2.348657
4794.0	2.328217
4796.0	2.297219
4798.0	2.28688
4800.0	2.246768
4802.0	2.213407
4804.0	2.232787
4806.0	2.217877
4808.0	2.195461
4810.0	2.191664
4812.0	2.135558
4814.0	2.101417
4816.0	2.115798
4818.0	2.115244
4820.0	2.116163
4822.0	2.108953
4824.0	2.10613
4826.0	2.129315
4828.0	2.088996
4830.0	2.091415
4832.0	2.105974
4834.0	2.091122
4836.0	2.104945
4838.0	2.066228
4840.0	2.080654
4842.0	2.082677
4844.0	2.057763
4846.0	2.076625
4848.0	2.089335
4850.0	2.091132
4852.0	2.098764
4854.0	2.108503
4856.0	2.087482
4858.0	2.108466
4860.0	2.135428
4862.0	2.144139
4864.0	2.127455
4866.0	2.108163
4868.0	2.098842
4870.0	2.082267
4872.0	2.098163
4874.0	2.088072
4876.0	2.06609
4878.0	2.085641
4880.0	2.098036
4882.0	2.111813
4884.0	2.122826
4886.0	2.061484
4888.0	2.018405
4890.0	2.055898
4892.0	2.05695
4894.0	2.055348
4896.0	2.072239
4898.0	2.038507
4900.0	2.006463
4902.0	1.986751
4904.0	1.961955
4906.0	1.981565
4908.0	1.967805
4910.0	1.896734
4912.0	1.884679
4914.0	1.917917
4916.0	1.938928
4918.0	1.916611
4920.0	1.891449
4922.0	1.93483
4924.0	1.973473
4926.0	1.936749
4928.0	1.912213
4930.0	1.935841
4932.0	1.950815
4934.0	1.948582
4936.0	1.973701
4938.0	2.018686
4940.0	2.033793
4942.0	2.021286
4944.0	2.015527
4946.0	2.005474
4948.0	2.035097
4950.0	2.054888
4952.0	2.033856
4954.0	2.046993
4956.0	2.053232
4958.0	2.058003
4960.0	2.064099
4962.0	2.044796
4964.0	2.039761
4966.0	2.022716
4968.0	1.982885
4970.0	1.974285
4972.0	1.952893
4974.0	1.94104
4976.0	1.935394
4978.0	1.918321
4980.0	1.90222
4982.0	1.868299
4984.0	1.864192
4986.0	1.867494
4988.0	1.835556
4990.0	1.790156
4992.0	1.757055
4994.0	1.723132
4996.0	1.707052
4998.0	1.716428
5000.0	1.690599
5002.0	1.66138
5004.0	1.634003
5006.0	1.598528
5008.0	1.581812
5010.0	1.598533
5012.0	1.565572
5014.0	1.519211
5016.0	1.510214
5018.0	1.480886
5020.0	1.447921
5022.0	1.503067
5024.0	1.613027
5026.0	1.554007
5028.0	1.413367
5030.0	1.383902
5032.0	1.408574
5034.0	1.399297
5036.0	1.36903
5038.0	1.390243
5040.0	1.407415
5042.0	1.413124
5044.0	1.43874
5046.0	1.43154
5048.0	1.403632
5050.0	1.420127
5052.0	1.460179
5054.0	1.439862
5056.0	1.4188
5058.0	1.461838
5060.0	1.486794
5062.0	1.489441
5064.0	1.491513
5066.0	1.509041
5068.0	1.52899
5070.0	1.528994
5072.0	1.539081
5074.0	1.509492
5076.0	1.527143
5078.0	1.536681
5080.0	1.506434
5082.0	1.518488
5084.0	1.535181
5086.0	1.544875
5088.0	1.537518
5090.0	1.543431
5092.0	1.538014
5094.0	1.556741
5096.0	1.592113
5098.0	1.581504
5100.0	1.601674
5102.0	1.621071
5104.0	1.64534
5106.0	1.653746
5108.0	1.649307
5110.0	1.685271
5112.0	1.685119
5114.0	1.655251
5116.0	1.654913
5118.0	1.642104
5120.0	1.655755
5122.0	1.655552
5124.0	1.631132
5126.0	1.640293
5128.0	1.619908
5130.0	1.626037
5132.0	1.648503
5134.0	1.668315
5136.0	1.679568
5138.0	1.664451
5140.0	1.680096
5142.0	1.667554
5144.0	1.63081
5146.0	1.65029
5148.0	1.646328
5150.0	1.634943
5152.0	1.657763
5154.0	1.680214
5156.0	1.66611
5158.0	1.670711
5160.0	1.694313
5162.0	1.685908
5164.0	1.708938
5166.0	1.690843
5168.0	1.688189
5170.0	1.715178
5172.0	1.734769
5174.0	1.695266
5176.0	1.71913
5178.0	1.751632
5180.0	1.720755
5182.0	1.695619
5184.0	1.743706
5186.0	1.772404
5188.0	1.73677
5190.0	1.743503
5192.0	1.707416
5194.0	1.712924
5196.0	1.689003
5198.0	1.628667
5200.0	1.641095
5202.0	1.667179
5204.0	1.708833
5206.0	1.71573
5208.0	1.732052
5210.0	1.743897
5212.0	1.712698
5214.0	1.740851
5216.0	1.752433
5218.0	1.76186
5220.0	1.796277
5222.0	1.758409
5224.0	1.745577
5226.0	1.741366
5228.0	1.799665
5230.0	1.818008
5232.0	1.806538
5234.0	1.800094
5236.0	1.79945
5238.0	1.773305
5240.0	1.820045
5242.0	1.815289
5244.0	1.823218
5246.0	1.827456
5248.0	1.835981
5250.0	1.887102
5252.0	1.888523
5254.0	1.878077
5256.0	1.9225
5258.0	1.890714
5260.0	1.879198
5262.0	1.890654
5264.0	1.912633
5266.0	1.93625
5268.0	1.917462
5270.0	1.965961
5272.0	1.943745
5274.0	1.926072
5276.0	1.967071
5278.0	1.946315
5280.0	1.949155
5282.0	1.937631
5284.0	1.936396
5286.0	1.933145
5288.0	1.933553
5290.0	1.943611
5292.0	1.901934
5294.0	1.956244
5296.0	1.917172
5298.0	1.847554
5300.0	1.861852
5302.0	1.881176
5304.0	1.874605
5306.0	1.855265
5308.0	1.812482
5310.0	1.835922
5312.0	1.838428
5314.0	1.823775
5316.0	1.811047
5318.0	1.812327
5320.0	1.807333
5322.0	1.806542
5324.0	1.803832
5326.0	1.798998
5328.0	1.780892
5330.0	1.815547
5332.0	1.796787
5334.0	1.806591
5336.0	1.801158
5338.0	1.81557
5340.0	1.808354
5342.0	1.79049
5344.0	1.81359
5346.0	1.807396
5348.0	1.794029
5350.0	1.830137
5352.0	1.839708
5354.0	1.814492
5356.0	1.856955
5358.0	1.870076
5360.0	1.821021
5362.0	1.83901
5364.0	1.851072
5366.0	1.856126
5368.0	1.865141
5370.0	1.871441
5372.0	1.869161
5374.0	1.852189
5376.0	1.870095
5378.0	1.883496
5380.0	1.875922
5382.0	1.879864
5384.0	1.878265
5386.0	1.893008
5388.0	1.885244
5390.0	1.878476
5392.0	1.886902
5394.0	1.866816
5396.0	1.828391
5398.0	1.813693
5400.0	1.786753
5402.0	1.747085
5404.0	1.746481
5406.0	1.74114
5408.0	1.715138
5410.0	1.682045
5412.0	1.640369
5414.0	1.617239
5416.0	1.608321
5418.0	1.591699
5420.0	1.558192
5422.0	1.546361
5424.0	1.535545
5426.0	1.513284
5428.0	1.504203
5430.0	1.494719
5432.0	1.481178
5434.0	1.46882
5436.0	1.443092
5438.0	1.429837
5440.0	1.41749
5442.0	1.390601
5444.0	1.396076
5446.0	1.378664
5448.0	1.363543
5450.0	1.364602
5452.0	1.360455
5454.0	1.355505
5456.0	1.371014
5458.0	1.376737
5460.0	1.368351
5462.0	1.35983
5464.0	1.380526
5466.0	1.39632
5468.0	1.377169
5470.0	1.350654
5472.0	1.376763
5474.0	1.389896
5476.0	1.385254
5478.0	1.385249
5480.0	1.365171
5482.0	1.337041
5484.0	1.354965
5486.0	1.359214
5488.0	1.336841
5490.0	1.32403
5492.0	1.331959
5494.0	1.325501
5496.0	1.314267
5498.0	1.334159
5500.0	1.334809
5502.0	1.33079
5504.0	1.33699
5506.0	1.33879
5508.0	1.351261
5510.0	1.350947
5512.0	1.351047
5514.0	1.394703
5516.0	1.409659
5518.0	1.382929
5520.0	1.399262
5522.0	1.442459
5524.0	1.4456
5526.0	1.420373
5528.0	1.404457
5530.0	1.398828
5532.0	1.412042
5534.0	1.415587
5536.0	1.418036
5538.0	1.430116
5540.0	1.437536
5542.0	1.408026
5544.0	1.401679
5546.0	1.397936
5548.0	1.388466
5550.0	1.413253
5552.0	1.395918
5554.0	1.375795
5556.0	1.399279
5558.0	1.406402
5560.0	1.375959
5562.0	1.359281
5564.0	1.387828
5566.0	1.420763
5568.0	1.402012
5570.0	1.393169
5572.0	1.388884
5574.0	1.39079
5576.0	1.397037
5578.0	1.39936
5580.0	1.384268
5582.0	1.360827
5584.0	1.364795
5586.0	1.348741
5588.0	1.316066
5590.0	1.300825
5592.0	1.312423
5594.0	1.30783
5596.0	1.319523
5598.0	1.312269
5600.0	1.294945
5602.0	1.290664
5604.0	1.287908
5606.0	1.26228
5608.0	1.258713
5610.0	1.23153
5612.0	1.233619
5614.0	1.246372
5616.0	1.236729
5618.0	1.218176
5620.0	1.215509
5622.0	1.213699
5624.0	1.179294
5626.0	1.185561
5628.0	1.158305
5630.0	1.150422
5632.0	1.156361
5634.0	1.146294
5636.0	1.167836
5638.0	1.150693
5640.0	1.139365
5642.0	1.170411
5644.0	1.173761
5646.0	1.161992
5648.0	1.129965
5650.0	1.120663
5652.0	1.137006
5654.0	1.15515
5656.0	1.182218
5658.0	1.193027
5660.0	1.173473
5662.0	1.197748
5664.0	1.215408
5666.0	1.210319
5668.0	1.219768
5670.0	1.22432
5672.0	1.230693
5674.0	1.253523
5676.0	1.256362
5678.0	1.24404
5680.0	1.255659
5682.0	1.26217
5684.0	1.29387
5686.0	1.320203
5688.0	1.33708
5690.0	1.363741
5692.0	1.370855
5694.0	1.36522
5696.0	1.365068
5698.0	1.366052
5700.0	1.348822
5702.0	1.365228
5704.0	1.380308
5706.0	1.409436
5708.0	1.421401
5710.0	1.399281
5712.0	1.415853
5714.0	1.416877
5716.0	1.419207
5718.0	1.448585
5720.0	1.445345
5722.0	1.460903
5724.0	1.431327
5726.0	1.429196
5728.0	1.413533
5730.0	1.391512
5732.0	1.412762
5734.0	1.410148
5736.0	1.417505
5738.0	1.407843
5740.0	1.390561
5742.0	1.401838
5744.0	1.444175
5746.0	1.430663
5748.0	1.410888
5750.0	1.422913
5752.0	1.413095
5754.0	1.42323
5756.0	1.438535
5758.0	1.395192
5760.0	1.409667
5762.0	1.448784
5764.0	1.445637
5766.0	1.436375
5768.0	1.431999
5770.0	1.437386
5772.0	1.451877
5774.0	1.463547
5776.0	1.497785
5778.0	1.474553
5780.0	1.470997
5782.0	1.475235
5784.0	1.479941
5786.0	1.426987
5788.0	1.471574
5790.0	1.489509
5792.0	1.495334
5794.0	1.464569
5796.0	1.44809
5798.0	1.479124
5800.0	1.483837
5802.0	1.460611
5804.0	1.478573
5806.0	1.453431
5808.0	1.443586
5810.0	1.465351
5812.0	1.501166
5814.0	1.474301
5816.0	1.492209
5818.0	1.50283
5820.0	1.48836
5822.0	1.482518
5824.0	1.524413
5826.0	1.54628
5828.0	1.506309
5830.0	1.517328
5832.0	1.529147
5834.0	1.510676
5836.0	1.465142
5838.0	1.504809
5840.0	1.522733
5842.0	1.510656
5844.0	1.515685
5846.0	1.516362
5848.0	1.500683
5850.0	1.500283
5852.0	1.518578
5854.0	1.509265
5856.0	1.49014
5858.0	1.499459
5860.0	1.504153
5862.0	1.503588
5864.0	1.519902
5866.0	1.511585
5868.0	1.504009
5870.0	1.506886
5872.0	1.516728
5874.0	1.544197
5876.0	1.564023
5878.0	1.598225
5880.0	1.578497
5882.0	1.498774
5884.0	1.488884
5886.0	1.504194
5888.0	1.441481
5890.0	1.426946
5892.0	1.456571
5894.0	1.465254
5896.0	1.451496
5898.0	1.437603
5900.0	1.449414
5902.0	1.482218
5904.0	1.435886
5906.0	1.413921
5908.0	1.438577
5910.0	1.433471
5912.0	1.430826
5914.0	1.437462
5916.0	1.43849
5918.0	1.435757
5920.0	1.446131
5922.0	1.406577
5924.0	1.35938
5926.0	1.364625
5928.0	1.365879
5930.0	1.327206
5932.0	1.316583
5934.0	1.318807
5936.0	1.328353
5938.0	1.315168
5940.0	1.286851
5942.0	1.275352
5944.0	1.265817
5946.0	1.27277
5948.0	1.265499
5950.0	1.250711
5952.0	1.249148
5954.0	1.238451
5956.0	1.229902
5958.0	1.236404
5960.0	1.226354
5962.0	1.228354
5964.0	1.233866
5966.0	1.249211
5968.0	1.234571
5970.0	1.21953
5972.0	1.253333
5974.0	1.270264
5976.0	1.268092
5978.0	1.262918
5980.0	1.242898
5982.0	1.239057
5984.0	1.268129
5986.0	1.272135
5988.0	1.278386
5990.0	1.258263
5992.0	1.228719
5994.0	1.244539
5996.0	1.266296
5998.0	1.272058
6000.0	1.263053
6002.0	1.258397
6004.0	1.252584
6006.0	1.253352
6008.0	1.263901
6010.0	1.26831
6012.0	1.291055
6014.0	1.292634
6016.0	1.267197
6018.0	1.251836
6020.0	1.246927
6022.0	1.255447
6024.0	1.268355
6026.0	1.289605
6028.0	1.29465
6030.0	1.29028
6032.0	1.29455
6034.0	1.301823
6036.0	1.311912
6038.0	1.286893
6040.0	1.278858
6042.0	1.304514
6044.0	1.307876
6046.0	1.315859
6048.0	1.311077
6050.0	1.284723
6052.0	1.292975
6054.0	1.309376
6056.0	1.320467
6058.0	1.325003
6060.0	1.331454
6062.0	1.316123
6064.0	1.320564
6066.0	1.341916
6068.0	1.360265
6070.0	1.351227
6072.0	1.335108
6074.0	1.337607
6076.0	1.337923
6078.0	1.347414
6080.0	1.365553
6082.0	1.358049
6084.0	1.344328
6086.0	1.348913
6088.0	1.348797
6090.0	1.343145
6092.0	1.354505
6094.0	1.350746
6096.0	1.339554
6098.0	1.348218
6100.0	1.342503
6102.0	1.356546
6104.0	1.367233
6106.0	1.351121
6108.0	1.347383
6110.0	1.356332
6112.0	1.356511
6114.0	1.349438
6116.0	1.341737
6118.0	1.346459
6120.0	1.332095
6122.0	1.329594
6124.0	1.331299
6126.0	1.330251
6128.0	1.340793
6130.0	1.342406
6132.0	1.336713
6134.0	1.354264
6136.0	1.343074
6138.0	1.296723
6140.0	1.299083
6142.0	1.33021
6144.0	1.318852
6146.0	1.312806
6148.0	1.33304
6150.0	1.344407
6152.0	1.335387
6154.0	1.324012
6156.0	1.325639
6158.0	1.316327
6160.0	1.305074
6162.0	1.308649
6164.0	1.332732
6166.0	1.331099
6168.0	1.34321
6170.0	1.335825
6172.0	1.284981
6174.0	1.280088
6176.0	1.27905
6178.0	1.297737
6180.0	1.309917
6182.0	1.29
6184.0	1.277564
6186.0	1.299868
6188.0	1.329096
6190.0	1.298375
6192.0	1.264593
6194.0	1.262648
6196.0	1.252426
6198.0	1.242232
6200.0	1.252006
6202.0	1.246088
6204.0	1.235047
6206.0	1.233767
6208.0	1.231989
6210.0	1.22918
6212.0	1.212688
6214.0	1.213622
6216.0	1.221329
6218.0	1.210577
6220.0	1.217733
6222.0	1.225484
6224.0	1.212551
6226.0	1.219281
6228.0	1.211073
6230.0	1.192809
6232.0	1.19722
6234.0	1.191277
6236.0	1.170663
6238.0	1.177799
6240.0	1.195213
6242.0	1.181644
6244.0	1.176171
6246.0	1.160585
6248.0	1.135574
6250.0	1.11406
6252.0	1.12907
6254.0	1.11316
6256.0	1.133057
6258.0	1.175433
6260.0	1.13563
6262.0	1.098091
6264.0	1.101846
6266.0	1.09762
6268.0	1.07507
6270.0	1.056671
6272.0	1.037151
6274.0	1.006092
6276.0	0.997734
6278.0	0.9929734
6280.0	1.007576
6282.0	1.014498
6284.0	0.9845362
6286.0	0.967965
6288.0	0.9486109
6290.0	0.9337862
6292.0	0.939179
6294.0	0.9106548
6296.0	0.8910123
6298.0	0.8741164
6300.0	0.8428397
6302.0	0.8849373
6304.0	0.826601
6306.0	0.7929199
6308.0	0.7960124
6310.0	0.80379
6312.0	0.7994465
6314.0	0.7786778
6316.0	0.7771511
6318.0	0.7680596
6320.0	0.7440603
6322.0	0.7343107
6324.0	0.7331433
6326.0	0.7209581
6328.0	0.7168649
6330.0	0.7225165
6332.0	0.6915634
6334.0	0.6600735
6336.0	0.6650788
6338.0	0.6681818
6340.0	0.6804709
6342.0	0.7054467
6344.0	0.6788983
6346.0	0.6553033
6348.0	0.6550633
6350.0	0.6506198
6352.0	0.6531807
6354.0	0.662542
6356.0	0.6689931
6358.0	0.6513057
6360.0	0.6737053
6362.0	0.6767413
6364.0	0.6717275
6366.0	0.6711048
6368.0	0.6310366
6370.0	0.6218773
6372.0	0.6511856
6374.0	0.6667926
6376.0	0.672222
6378.0	0.6942675
6380.0	0.6829873
6382.0	0.6823117
6384.0	0.7074657
6386.0	0.7164466
6388.0	0.7281355
6390.0	0.7184597
6392.0	0.726492
6394.0	0.7499079
6396.0	0.7518981
6398.0	0.7664981
6400.0	0.7858508
6402.0	0.8144981
6404.0	0.827942
6406.0	0.8346853
6408.0	0.8365809
6410.0	0.8407147
6412.0	0.8531812
6414.0	0.8471871
6416.0	0.8662687
6418.0	0.8724256
6420.0	0.8693387
6422.0	0.8793817
6424.0	0.9016142
6426.0	0.9100514
6428.0	0.8991864
6430.0	0.8914154
6432.0	0.8811359
6434.0	0.9106764
6436.0	0.9482793
6438.0	0.9434696
6440.0	0.9503413
6442.0	0.9802322
6444.0	0.958207
6446.0	0.9705867
6448.0	0.9823499
6450.0	1.001759
6452.0	0.9866055
6454.0	1.007954
6456.0	1.038926
6458.0	1.059014
6460.0	1.052424
6462.0	1.06887
6464.0	1.083582
6466.0	1.055446
6468.0	1.070611
6470.0	1.084379
6472.0	1.095727
6474.0	1.114141
6476.0	1.149706
6478.0	1.131914
6480.0	1.120178
6482.0	1.134746
6484.0	1.16067
6486.0	1.157321
6488.0	1.166144
6490.0	1.202914
6492.0	1.201867
6494.0	1.173142
6496.0	1.184378
6498.0	1.184739
6500.0	1.175764
6502.0	1.234056
6504.0	1.227103
6506.0	1.222157
6508.0	1.207652
6510.0	1.224584
6512.0	1.238547
6514.0	1.224784
6516.0	1.227171
6518.0	1.248814
6520.0	1.23851
6522.0	1.205707
6524.0	1.198295
6526.0	1.2054
6528.0	1.206832
6530.0	1.211608
6532.0	1.182915
6534.0	1.157392
6536.0	1.184806
6538.0	1.176099
6540.0	1.180745
6542.0	1.167306
6544.0	1.161196
6546.0	1.169953
6548.0	1.162573
6550.0	1.169506
6552.0	1.188351
6554.0	1.190304
6556.0	1.190824
6558.0	1.187729
6560.0	1.18246
6562.0	1.186088
6564.0	1.217274
6566.0	1.236655
6568.0	1.228515
6570.0	1.218547
6572.0	1.221648
6574.0	1.221468
6576.0	1.23858
6578.0	1.242907
6580.0	1.262352
6582.0	1.266724
6584.0	1.247543
6586.0	1.241303
6588.0	1.223672
6590.0	1.216828
6592.0	1.215416
6594.0	1.230475
6596.0	1.220069
6598.0	1.210883
6600.0	1.214617
6602.0	1.235301
6604.0	1.215546
6606.0	1.216173
6608.0	1.235864
6610.0	1.235658
6612.0	1.22991
6614.0	1.217325
6616.0	1.209597
6618.0	1.195552
6620.0	1.188859
6622.0	1.2254
6624.0	1.206278
6626.0	1.212483
6628.0	1.223657
6630.0	1.221688
6632.0	1.21289
6634.0	1.215274
6636.0	1.223837
6638.0	1.203677
6640.0	1.206165
6642.0	1.178884
6644.0	1.177669
6646.0	1.211198
6648.0	1.228905
6650.0	1.204487
6652.0	1.206092
6654.0	1.237759
6656.0	1.222114
6658.0	1.198258
6660.0	1.2248
6662.0	1.196907
6664.0	1.181282
6666.0	1.189466
6668.0	1.216983
6670.0	1.25272
6672.0	1.224313
6674.0	1.184498
6676.0	1.192297
6678.0	1.213822
6680.0	1.222802
6682.0	1.202067
6684.0	1.190265
6686.0	1.207561
6688.0	1.217597
6690.0	1.219439
6692.0	1.23345
6694.0	1.228193
6696.0	1.20142
6698.0	1.179546
6700.0	1.199109
6702.0	1.200464
6704.0	1.174098
6706.0	1.191603
6708.0	1.173905
6710.0	1.175839
6712.0	1.211678
6714.0	1.213436
6716.0	1.176411
6718.0	1.189758
6720.0	1.183865
6722.0	1.164286
6724.0	1.167328
6726.0	1.165812
6728.0	1.150755
6730.0	1.150429
6732.0	1.154644
6734.0	1.173918
6736.0	1.187034
6738.0	1.185152
6740.0	1.162023
6742.0	1.135218
6744.0	1.139816
6746.0	1.146883
6748.0	1.151715
6750.0	1.14965
6752.0	1.141979
6754.0	1.151462
6756.0	1.162538
6758.0	1.146323
6760.0	1.144731
6762.0	1.143624
6764.0	1.12053
6766.0	1.119662
6768.0	1.140534
6770.0	1.144613
6772.0	1.153666
6774.0	1.150823
6776.0	1.14351
6778.0	1.156304
6780.0	1.155202
6782.0	1.136332
6784.0	1.136558
6786.0	1.134362
6788.0	1.112706
6790.0	1.121642
6792.0	1.121136
6794.0	1.105709
6796.0	1.124543
6798.0	1.128389
6800.0	1.110095
6802.0	1.098596
6804.0	1.090229
6806.0	1.097325
6808.0	1.098808
6810.0	1.061115
6812.0	1.01735
6814.0	0.9954493
6816.0	1.0202
6818.0	1.049145
6820.0	1.061162
6822.0	1.079728
6824.0	1.098051
6826.0	1.108046
6828.0	1.091747
6830.0	1.099964
6832.0	1.075032
6834.0	1.062375
6836.0	1.076061
6838.0	1.058392
6840.0	1.047105
6842.0	1.07181
6844.0	1.101744
6846.0	1.080297
6848.0	1.074407
6850.0	1.085211
6852.0	1.081801
6854.0	1.068232
6856.0	1.076376
6858.0	1.079363
6860.0	1.065314
6862.0	1.055266
6864.0	1.040331
6866.0	1.039519
6868.0	1.070447
6870.0	1.080891
6872.0	1.068788
6874.0	1.040957
6876.0	1.02787
6878.0	1.041475
6880.0	1.04659
6882.0	1.0339
6884.0	1.021491
6886.0	1.020774
6888.0	1.037084
6890.0	1.034527
6892.0	1.035518
6894.0	1.036234
6896.0	1.012161
6898.0	1.002428
6900.0	1.007529
6902.0	1.026621
6904.0	1.029361
6906.0	1.015547
6908.0	1.027843
6910.0	1.015565
6912.0	1.000117
6914.0	1.024482
6916.0	1.01901
6918.0	0.9846774
6920.0	1.010577
6922.0	1.028821
6924.0	1.004226
6926.0	1.002036
6928.0	1.00873
6930.0	1.017866
6932.0	1.003783
6934.0	0.9732271
6936.0	0.9616666
6938.0	0.9836339
6940.0	0.9865676
6942.0	0.9897275
6944.0	1.007913
6946.0	0.9880499
6948.0	0.9770136
6950.0	0.9862946
6952.0	0.9802904
6954.0	0.9844892
6956.0	0.972388
6958.0	0.9670708
6960.0	0.9588136
6962.0	0.9620114
6964.0	0.9928092
6966.0	0.9873708
6968.0	0.9485945
6970.0	0.9513288
6972.0	0.9314685
6974.0	0.9230873
6976.0	0.9249418
6978.0	0.9176366
6980.0	0.9226806
6982.0	0.9636998
6984.0	0.9294047
6986.0	0.9323962
6988.0	0.9218249
6990.0	0.9238136
6992.0	0.9101412
6994.0	0.907353
6996.0	0.9341301
6998.0	0.9569169
7000.0	0.9319382
7002.0	0.9225544
7004.0	0.9401034
7006.0	0.9404915
7008.0	0.9051443
7010.0	0.9083437
7012.0	0.9219347
7014.0	0.910114
7016.0	0.927429
7018.0	0.9233244
7020.0	0.9264936
7022.0	0.9122398
7024.0	0.9067627
7026.0	0.911615
7028.0	0.9155585
7030.0	0.9237704
7032.0	0.8990297
7034.0	0.892804
7036.0	0.9274199
7038.0	0.911743
7040.0	0.880716
7042.0	0.8965393
7044.0	0.8930835
7046.0	0.8822398
7048.0	0.8941619
7050.0	0.9065677
7052.0	0.898264
7054.0	0.878432
7056.0	0.8903911
7058.0	0.8975617
7060.0	0.9042783
7062.0	0.8960725
7064.0	0.8901551
7066.0	0.9021091
7068.0	0.9121585
7070.0	0.9053246
7072.0	0.9024014
7074.0	0.8893723
7076.0	0.8757108
7078.0	0.8697066
7080.0	0.8772753
7082.0	0.8783402
7084.0	0.8606964
7086.0	0.8659335
7088.0	0.8932942
7090.0	0.8940874
7092.0	0.8808261
7094.0	0.8429511
7096.0	0.8517044
7098.0	0.8628665
7100.0	0.8531667
