#	 2016glp 
#	 UT date of observation: 20161008 
#	 Telescope/Instrument: SOAR/Goodman 
#	 Estimated Peak MJD: 57659.348 
#	 Estimated redshift: 0.085 
#	 Estimated Phase: 8.9 
#	 Published in Dettman et al. 2020 
#	 Observed barycentric wavelength (Angstroms)    F_lambda
3700.0	1.464452e-16
3702.0	1.229455e-16
3704.0	1.414193e-16
3706.0	1.377317e-16
3708.0	1.190103e-16
3710.0	1.171276e-16
3712.0	1.42984e-16
3714.0	1.547223e-16
3716.0	1.355412e-16
3718.0	1.024766e-16
3720.0	1.092188e-16
3722.0	1.079468e-16
3724.0	1.225193e-16
3726.0	1.368047e-16
3728.0	7.447333e-17
3730.0	1.512864e-16
3732.0	1.697628e-16
3734.0	1.24887e-16
3736.0	1.507262e-16
3738.0	1.469239e-16
3740.0	9.865745e-17
3742.0	1.404176e-16
3744.0	1.067685e-16
3746.0	1.312238e-16
3748.0	2.194906e-16
3750.0	2.378595e-16
3752.0	1.327437e-16
3754.0	1.447861e-16
3756.0	2.103553e-16
3758.0	1.231319e-16
3760.0	1.233863e-16
3762.0	1.209514e-16
3764.0	1.324319e-16
3766.0	1.88787e-16
3768.0	1.792613e-16
3770.0	1.496323e-16
3772.0	2.005627e-16
3774.0	1.856835e-16
3776.0	1.784735e-16
3778.0	1.583567e-16
3780.0	1.228667e-16
3782.0	1.980173e-16
3784.0	1.71406e-16
3786.0	2.016561e-16
3788.0	1.824599e-16
3790.0	1.748117e-16
3792.0	1.704973e-16
3794.0	1.641472e-16
3796.0	1.442839e-16
3798.0	2.081648e-16
3800.0	1.890575e-16
3802.0	2.064461e-16
3804.0	2.070516e-16
3806.0	1.860653e-16
3808.0	1.933173e-16
3810.0	1.737971e-16
3812.0	1.721014e-16
3814.0	1.615755e-16
3816.0	1.82118e-16
3818.0	2.133709e-16
3820.0	1.556016e-16
3822.0	1.373328e-16
3824.0	1.711436e-16
3826.0	1.691144e-16
3828.0	2.026407e-16
3830.0	2.183688e-16
3832.0	1.962187e-16
3834.0	1.858616e-16
3836.0	2.021624e-16
3838.0	2.33254e-16
3840.0	2.190375e-16
3842.0	1.876623e-16
3844.0	1.829686e-16
3846.0	1.860648e-16
3848.0	2.066453e-16
3850.0	2.199211e-16
3852.0	2.151977e-16
3854.0	2.235767e-16
3856.0	2.224031e-16
3858.0	2.024034e-16
3860.0	1.900408e-16
3862.0	1.762101e-16
3864.0	1.82007e-16
3866.0	2.1013e-16
3868.0	2.096988e-16
3870.0	2.114907e-16
3872.0	2.023086e-16
3874.0	1.866898e-16
3876.0	1.982687e-16
3878.0	2.013595e-16
3880.0	1.580112e-16
3882.0	1.283784e-16
3884.0	1.595697e-16
3886.0	1.938064e-16
3888.0	1.775724e-16
3890.0	1.670504e-16
3892.0	1.707303e-16
3894.0	1.558761e-16
3896.0	1.570507e-16
3898.0	1.65405e-16
3900.0	1.759028e-16
3902.0	2.065236e-16
3904.0	2.004529e-16
3906.0	1.671487e-16
3908.0	1.788175e-16
3910.0	1.83509e-16
3912.0	1.739339e-16
3914.0	1.831941e-16
3916.0	1.946981e-16
3918.0	1.896357e-16
3920.0	1.728044e-16
3922.0	1.758987e-16
3924.0	1.949263e-16
3926.0	1.970394e-16
3928.0	1.701359e-16
3930.0	1.699275e-16
3932.0	1.868009e-16
3934.0	1.682451e-16
3936.0	1.691499e-16
3938.0	1.97306e-16
3940.0	1.949064e-16
3942.0	1.764589e-16
3944.0	1.750708e-16
3946.0	1.989298e-16
3948.0	2.227195e-16
3950.0	1.854099e-16
3952.0	1.573013e-16
3954.0	1.81513e-16
3956.0	1.940519e-16
3958.0	2.047021e-16
3960.0	1.825271e-16
3962.0	1.668678e-16
3964.0	1.866768e-16
3966.0	1.859592e-16
3968.0	1.974487e-16
3970.0	2.129898e-16
3972.0	2.029941e-16
3974.0	1.695876e-16
3976.0	1.428625e-16
3978.0	1.564469e-16
3980.0	1.635145e-16
3982.0	1.678116e-16
3984.0	1.771673e-16
3986.0	1.669708e-16
3988.0	1.596975e-16
3990.0	1.458329e-16
3992.0	1.35934e-16
3994.0	1.194501e-16
3996.0	1.038101e-16
3998.0	1.245421e-16
4000.0	1.204676e-16
4002.0	1.127259e-16
4004.0	1.085479e-16
4006.0	1.096207e-16
4008.0	1.206822e-16
4010.0	1.212008e-16
4012.0	1.33294e-16
4014.0	1.615294e-16
4016.0	1.696665e-16
4018.0	1.47487e-16
4020.0	1.282167e-16
4022.0	1.36816e-16
4024.0	1.151926e-16
4026.0	1.163985e-16
4028.0	1.1456e-16
4030.0	1.330393e-16
4032.0	1.655304e-16
4034.0	1.596512e-16
4036.0	1.255731e-16
4038.0	1.152791e-16
4040.0	1.706552e-16
4042.0	2.236099e-16
4044.0	2.199111e-16
4046.0	2.069385e-16
4048.0	1.870172e-16
4050.0	1.586013e-16
4052.0	1.416621e-16
4054.0	1.253623e-16
4056.0	1.113844e-16
4058.0	1.381672e-16
4060.0	1.204258e-16
4062.0	1.164081e-16
4064.0	1.291516e-16
4066.0	1.343876e-16
4068.0	1.382622e-16
4070.0	1.315434e-16
4072.0	1.303589e-16
4074.0	1.124936e-16
4076.0	9.798447e-17
4078.0	1.413773e-16
4080.0	1.456178e-16
4082.0	1.345305e-16
4084.0	1.590394e-16
4086.0	1.853794e-16
4088.0	1.473414e-16
4090.0	1.069026e-16
4092.0	1.501539e-16
4094.0	1.760181e-16
4096.0	1.440194e-16
4098.0	1.500994e-16
4100.0	1.459177e-16
4102.0	1.776593e-16
4104.0	1.773204e-16
4106.0	1.69211e-16
4108.0	2.006966e-16
4110.0	2.118891e-16
4112.0	2.216251e-16
4114.0	1.716275e-16
4116.0	1.684113e-16
4118.0	1.521573e-16
4120.0	1.788631e-16
4122.0	1.586152e-16
4124.0	1.728275e-16
4126.0	2.167438e-16
4128.0	2.269847e-16
4130.0	2.238223e-16
4132.0	2.076551e-16
4134.0	1.928319e-16
4136.0	1.943838e-16
4138.0	1.84496e-16
4140.0	2.175324e-16
4142.0	2.411256e-16
4144.0	2.073024e-16
4146.0	2.18654e-16
4148.0	2.393451e-16
4150.0	2.227444e-16
4152.0	2.30304e-16
4154.0	2.356739e-16
4156.0	2.294321e-16
4158.0	2.125401e-16
4160.0	2.204141e-16
4162.0	2.042684e-16
4164.0	2.184822e-16
4166.0	2.347383e-16
4168.0	2.552083e-16
4170.0	2.602603e-16
4172.0	2.235104e-16
4174.0	2.694007e-16
4176.0	2.997003e-16
4178.0	3.017021e-16
4180.0	2.981029e-16
4182.0	2.947007e-16
4184.0	3.31325e-16
4186.0	3.4207e-16
4188.0	3.118643e-16
4190.0	3.298248e-16
4192.0	3.298914e-16
4194.0	3.399184e-16
4196.0	3.548912e-16
4198.0	3.392763e-16
4200.0	3.289969e-16
4202.0	3.616403e-16
4204.0	3.552749e-16
4206.0	3.369532e-16
4208.0	3.221822e-16
4210.0	3.201231e-16
4212.0	3.373865e-16
4214.0	3.073852e-16
4216.0	3.145018e-16
4218.0	3.414083e-16
4220.0	3.279438e-16
4222.0	3.238714e-16
4224.0	3.278335e-16
4226.0	3.518007e-16
4228.0	3.683198e-16
4230.0	3.84687e-16
4232.0	4.074706e-16
4234.0	3.73728e-16
4236.0	3.390705e-16
4238.0	3.603458e-16
4240.0	3.651155e-16
4242.0	3.568516e-16
4244.0	4.022549e-16
4246.0	3.854618e-16
4248.0	3.500965e-16
4250.0	3.726222e-16
4252.0	3.920972e-16
4254.0	3.717198e-16
4256.0	3.300361e-16
4258.0	3.410045e-16
4260.0	3.817406e-16
4262.0	3.711747e-16
4264.0	3.054223e-16
4266.0	2.488423e-16
4268.0	2.671738e-16
4270.0	3.255144e-16
4272.0	3.00595e-16
4274.0	3.01073e-16
4276.0	3.301894e-16
4278.0	3.22806e-16
4280.0	3.17688e-16
4282.0	3.216447e-16
4284.0	3.177755e-16
4286.0	3.062343e-16
4288.0	3.248077e-16
4290.0	3.1155e-16
4292.0	3.117929e-16
4294.0	2.946232e-16
4296.0	2.71315e-16
4298.0	2.816594e-16
4300.0	3.035785e-16
4302.0	2.796363e-16
4304.0	2.469703e-16
4306.0	2.409324e-16
4308.0	2.36093e-16
4310.0	2.237405e-16
4312.0	2.561658e-16
4314.0	2.54377e-16
4316.0	2.521862e-16
4318.0	2.648634e-16
4320.0	2.682988e-16
4322.0	2.890977e-16
4324.0	2.879793e-16
4326.0	2.908334e-16
4328.0	3.033335e-16
4330.0	2.66127e-16
4332.0	2.683805e-16
4334.0	2.414611e-16
4336.0	2.603616e-16
4338.0	2.6418e-16
4340.0	2.751314e-16
4342.0	2.764561e-16
4344.0	2.640003e-16
4346.0	2.761368e-16
4348.0	2.763279e-16
4350.0	2.846419e-16
4352.0	2.558676e-16
4354.0	2.49378e-16
4356.0	2.858326e-16
4358.0	2.812543e-16
4360.0	2.757462e-16
4362.0	2.831518e-16
4364.0	2.567446e-16
4366.0	2.539652e-16
4368.0	2.558828e-16
4370.0	2.550144e-16
4372.0	2.680438e-16
4374.0	2.493404e-16
4376.0	2.490503e-16
4378.0	2.67057e-16
4380.0	2.591682e-16
4382.0	2.722247e-16
4384.0	2.3687e-16
4386.0	2.600396e-16
4388.0	2.531257e-16
4390.0	2.624401e-16
4392.0	2.649443e-16
4394.0	2.409345e-16
4396.0	2.60909e-16
4398.0	2.638876e-16
4400.0	2.664792e-16
4402.0	2.553206e-16
4404.0	2.784835e-16
4406.0	2.828732e-16
4408.0	2.585072e-16
4410.0	2.715576e-16
4412.0	2.501785e-16
4414.0	2.825275e-16
4416.0	2.736985e-16
4418.0	2.391163e-16
4420.0	2.3487e-16
4422.0	2.468081e-16
4424.0	2.464134e-16
4426.0	2.990278e-16
4428.0	2.91981e-16
4430.0	2.676901e-16
4432.0	2.755571e-16
4434.0	2.968303e-16
4436.0	3.073059e-16
4438.0	2.727019e-16
4440.0	2.717894e-16
4442.0	2.66889e-16
4444.0	2.792108e-16
4446.0	2.617731e-16
4448.0	2.58896e-16
4450.0	2.446523e-16
4452.0	2.525198e-16
4454.0	2.812459e-16
4456.0	2.623947e-16
4458.0	2.842347e-16
4460.0	2.820531e-16
4462.0	2.799865e-16
4464.0	3.186726e-16
4466.0	3.178484e-16
4468.0	2.938325e-16
4470.0	3.018752e-16
4472.0	3.020794e-16
4474.0	2.881137e-16
4476.0	2.811993e-16
4478.0	2.924847e-16
4480.0	2.919167e-16
4482.0	2.945188e-16
4484.0	2.88219e-16
4486.0	2.839527e-16
4488.0	2.889699e-16
4490.0	2.961704e-16
4492.0	2.75048e-16
4494.0	2.782863e-16
4496.0	2.707804e-16
4498.0	2.748751e-16
4500.0	2.774798e-16
4502.0	2.838628e-16
4504.0	2.953882e-16
4506.0	3.055383e-16
4508.0	3.122977e-16
4510.0	3.068761e-16
4512.0	3.041445e-16
4514.0	3.042529e-16
4516.0	2.913694e-16
4518.0	2.899827e-16
4520.0	2.958383e-16
4522.0	2.956922e-16
4524.0	2.833548e-16
4526.0	2.758218e-16
4528.0	2.911312e-16
4530.0	2.796324e-16
4532.0	2.772582e-16
4534.0	2.981965e-16
4536.0	2.973983e-16
4538.0	2.951362e-16
4540.0	3.023573e-16
4542.0	2.989567e-16
4544.0	3.037413e-16
4546.0	2.988452e-16
4548.0	2.718722e-16
4550.0	2.674264e-16
4552.0	2.803515e-16
4554.0	2.820974e-16
4556.0	2.61459e-16
4558.0	2.63701e-16
4560.0	2.870201e-16
4562.0	2.847379e-16
4564.0	2.6866e-16
4566.0	2.753262e-16
4568.0	3.01014e-16
4570.0	3.202524e-16
4572.0	3.244491e-16
4574.0	3.054115e-16
4576.0	3.031252e-16
4578.0	3.153879e-16
4580.0	2.955883e-16
4582.0	2.980347e-16
4584.0	3.020272e-16
4586.0	2.792829e-16
4588.0	2.71429e-16
4590.0	2.685142e-16
4592.0	2.922066e-16
4594.0	2.971897e-16
4596.0	2.653709e-16
4598.0	2.701927e-16
4600.0	3.014999e-16
4602.0	3.043999e-16
4604.0	2.947941e-16
4606.0	2.958879e-16
4608.0	2.940415e-16
4610.0	2.857055e-16
4612.0	2.796897e-16
4614.0	2.96782e-16
4616.0	3.016756e-16
4618.0	2.77712e-16
4620.0	2.748149e-16
4622.0	2.746233e-16
4624.0	2.747173e-16
4626.0	2.696016e-16
4628.0	2.579385e-16
4630.0	2.602516e-16
4632.0	2.543366e-16
4634.0	2.502076e-16
4636.0	2.544582e-16
4638.0	2.678113e-16
4640.0	2.650005e-16
4642.0	2.538953e-16
4644.0	2.526992e-16
4646.0	2.487331e-16
4648.0	2.483097e-16
4650.0	2.484218e-16
4652.0	2.605927e-16
4654.0	2.606916e-16
4656.0	2.44424e-16
4658.0	2.353668e-16
4660.0	2.373166e-16
4662.0	2.483122e-16
4664.0	2.36052e-16
4666.0	2.099426e-16
4668.0	1.96869e-16
4670.0	2.114234e-16
4672.0	2.285343e-16
4674.0	2.183993e-16
4676.0	1.963739e-16
4678.0	1.818759e-16
4680.0	1.93377e-16
4682.0	2.044716e-16
4684.0	2.045764e-16
4686.0	2.173237e-16
4688.0	2.209204e-16
4690.0	2.044643e-16
4692.0	1.907994e-16
4694.0	1.883227e-16
4696.0	1.913152e-16
4698.0	1.897709e-16
4700.0	1.757456e-16
4702.0	1.692428e-16
4704.0	1.726476e-16
4706.0	1.773187e-16
4708.0	1.752088e-16
4710.0	1.734969e-16
4712.0	1.782601e-16
4714.0	1.737688e-16
4716.0	1.746131e-16
4718.0	1.752851e-16
4720.0	1.78729e-16
4722.0	1.841386e-16
4724.0	1.843094e-16
4726.0	1.78967e-16
4728.0	1.747497e-16
4730.0	1.743095e-16
4732.0	1.65364e-16
4734.0	1.563942e-16
4736.0	1.837839e-16
4738.0	2.040449e-16
4740.0	1.856304e-16
4742.0	1.938712e-16
4744.0	1.872098e-16
4746.0	1.790765e-16
4748.0	1.850296e-16
4750.0	1.88788e-16
4752.0	1.963861e-16
4754.0	1.866225e-16
4756.0	1.684391e-16
4758.0	1.870721e-16
4760.0	1.817118e-16
4762.0	1.809545e-16
4764.0	1.916283e-16
4766.0	1.768445e-16
4768.0	1.825441e-16
4770.0	2.068945e-16
4772.0	1.854556e-16
4774.0	1.69938e-16
4776.0	2.029659e-16
4778.0	2.103922e-16
4780.0	2.021266e-16
4782.0	2.023222e-16
4784.0	2.003428e-16
4786.0	1.882103e-16
4788.0	1.966012e-16
4790.0	2.011465e-16
4792.0	1.862422e-16
4794.0	2.130801e-16
4796.0	2.192186e-16
4798.0	2.088338e-16
4800.0	2.129129e-16
4802.0	2.086354e-16
4804.0	2.200515e-16
4806.0	2.216381e-16
4808.0	2.337673e-16
4810.0	2.439908e-16
4812.0	2.239537e-16
4814.0	2.347833e-16
4816.0	2.569028e-16
4818.0	2.435237e-16
4820.0	2.255985e-16
4822.0	2.229485e-16
4824.0	2.40081e-16
4826.0	2.44085e-16
4828.0	2.562862e-16
4830.0	2.738062e-16
4832.0	2.727303e-16
4834.0	2.549295e-16
4836.0	2.29361e-16
4838.0	2.367223e-16
4840.0	2.504812e-16
4842.0	2.624907e-16
4844.0	2.666608e-16
4846.0	2.474407e-16
4848.0	2.546415e-16
4850.0	2.675267e-16
4852.0	2.780518e-16
4854.0	2.820374e-16
4856.0	2.752452e-16
4858.0	2.929287e-16
4860.0	3.119087e-16
4862.0	3.131778e-16
4864.0	3.156245e-16
4866.0	3.225083e-16
4868.0	3.069391e-16
4870.0	2.890572e-16
4872.0	2.939793e-16
4874.0	3.181113e-16
4876.0	3.146445e-16
4878.0	3.115786e-16
4880.0	3.212521e-16
4882.0	3.261048e-16
4884.0	3.18479e-16
4886.0	3.389846e-16
4888.0	3.430909e-16
4890.0	3.305457e-16
4892.0	3.383559e-16
4894.0	3.577693e-16
4896.0	3.539452e-16
4898.0	3.455283e-16
4900.0	3.410412e-16
4902.0	3.358808e-16
4904.0	3.44252e-16
4906.0	3.589677e-16
4908.0	3.429222e-16
4910.0	3.4969e-16
4912.0	3.74227e-16
4914.0	3.73661e-16
4916.0	3.519576e-16
4918.0	3.615652e-16
4920.0	3.643598e-16
4922.0	3.63199e-16
4924.0	3.73242e-16
4926.0	3.814681e-16
4928.0	3.746852e-16
4930.0	3.752059e-16
4932.0	3.788027e-16
4934.0	3.693568e-16
4936.0	3.625178e-16
4938.0	3.694652e-16
4940.0	3.571116e-16
4942.0	3.731541e-16
4944.0	3.776644e-16
4946.0	3.716067e-16
4948.0	3.766966e-16
4950.0	3.759655e-16
4952.0	3.848575e-16
4954.0	3.971971e-16
4956.0	3.651719e-16
4958.0	3.770474e-16
4960.0	3.923667e-16
4962.0	3.653151e-16
4964.0	3.725099e-16
4966.0	3.793059e-16
4968.0	3.743112e-16
4970.0	3.597339e-16
4972.0	3.703226e-16
4974.0	3.585245e-16
4976.0	3.435891e-16
4978.0	3.614624e-16
4980.0	3.667097e-16
4982.0	3.537454e-16
4984.0	3.655008e-16
4986.0	3.672657e-16
4988.0	3.693139e-16
4990.0	3.560147e-16
4992.0	3.516941e-16
4994.0	3.628662e-16
4996.0	3.46671e-16
4998.0	3.452944e-16
5000.0	3.490229e-16
5002.0	3.433653e-16
5004.0	3.507301e-16
5006.0	3.419099e-16
5008.0	3.455213e-16
5010.0	3.386078e-16
5012.0	3.45166e-16
5014.0	3.257502e-16
5016.0	3.22629e-16
5018.0	3.141527e-16
5020.0	3.197908e-16
5022.0	3.102446e-16
5024.0	2.941659e-16
5026.0	3.016406e-16
5028.0	2.966589e-16
5030.0	3.078486e-16
5032.0	3.10952e-16
5034.0	3.040093e-16
5036.0	2.820102e-16
5038.0	2.71843e-16
5040.0	2.936647e-16
5042.0	2.902765e-16
5044.0	2.781292e-16
5046.0	2.767184e-16
5048.0	2.751679e-16
5050.0	2.811039e-16
5052.0	2.712783e-16
5054.0	2.624376e-16
5056.0	2.68773e-16
5058.0	2.704684e-16
5060.0	2.583719e-16
5062.0	2.685097e-16
5064.0	2.515535e-16
5066.0	2.391779e-16
5068.0	2.400802e-16
5070.0	2.362452e-16
5072.0	2.40223e-16
5074.0	2.373057e-16
5076.0	2.438533e-16
5078.0	2.303748e-16
5080.0	2.322903e-16
5082.0	2.283395e-16
5084.0	2.123206e-16
5086.0	2.195613e-16
5088.0	2.410756e-16
5090.0	2.319777e-16
5092.0	2.154194e-16
5094.0	2.250695e-16
5096.0	2.260005e-16
5098.0	2.050152e-16
5100.0	2.146663e-16
5102.0	2.256231e-16
5104.0	1.995654e-16
5106.0	1.890597e-16
5108.0	1.943964e-16
5110.0	2.065732e-16
5112.0	1.918727e-16
5114.0	1.885423e-16
5116.0	2.060702e-16
5118.0	1.951462e-16
5120.0	1.966744e-16
5122.0	1.988306e-16
5124.0	1.92227e-16
5126.0	1.956307e-16
5128.0	2.121663e-16
5130.0	2.087691e-16
5132.0	1.952021e-16
5134.0	1.98295e-16
5136.0	1.911244e-16
5138.0	1.720646e-16
5140.0	1.71748e-16
5142.0	1.889883e-16
5144.0	1.961846e-16
5146.0	2.027681e-16
5148.0	2.017936e-16
5150.0	1.932107e-16
5152.0	1.930004e-16
5154.0	1.961165e-16
5156.0	1.870641e-16
5158.0	1.880994e-16
5160.0	1.924932e-16
5162.0	1.866149e-16
5164.0	1.897908e-16
5166.0	1.924554e-16
5168.0	1.860209e-16
5170.0	1.971301e-16
5172.0	1.98757e-16
5174.0	1.80894e-16
5176.0	1.84408e-16
5178.0	1.794528e-16
5180.0	1.877266e-16
5182.0	1.953517e-16
5184.0	1.992958e-16
5186.0	2.11041e-16
5188.0	1.992965e-16
5190.0	1.868141e-16
5192.0	1.83761e-16
5194.0	1.836069e-16
5196.0	1.772484e-16
5198.0	1.765017e-16
5200.0	1.937827e-16
5202.0	1.907961e-16
5204.0	1.707231e-16
5206.0	1.847508e-16
5208.0	1.999942e-16
5210.0	2.003734e-16
5212.0	1.935108e-16
5214.0	1.85207e-16
5216.0	1.752696e-16
5218.0	1.727816e-16
5220.0	1.767401e-16
5222.0	1.750996e-16
5224.0	1.758891e-16
5226.0	1.747994e-16
5228.0	1.821953e-16
5230.0	1.860277e-16
5232.0	1.741723e-16
5234.0	1.740021e-16
5236.0	1.805938e-16
5238.0	1.870026e-16
5240.0	1.929436e-16
5242.0	1.89412e-16
5244.0	1.981188e-16
5246.0	2.03764e-16
5248.0	2.047037e-16
5250.0	1.944146e-16
5252.0	1.799555e-16
5254.0	1.902957e-16
5256.0	2.042638e-16
5258.0	2.029638e-16
5260.0	1.977495e-16
5262.0	1.957647e-16
5264.0	1.992168e-16
5266.0	1.905771e-16
5268.0	2.059885e-16
5270.0	2.182246e-16
5272.0	2.133792e-16
5274.0	2.250042e-16
5276.0	2.307918e-16
5278.0	2.236801e-16
5280.0	2.250729e-16
5282.0	2.131477e-16
5284.0	1.903163e-16
5286.0	2.003819e-16
5288.0	2.162055e-16
5290.0	2.060444e-16
5292.0	2.04515e-16
5294.0	2.133031e-16
5296.0	2.082933e-16
5298.0	2.091728e-16
5300.0	2.163754e-16
5302.0	2.16096e-16
5304.0	2.216703e-16
5306.0	2.151329e-16
5308.0	2.003427e-16
5310.0	2.038769e-16
5312.0	2.143392e-16
5314.0	2.104307e-16
5316.0	2.073536e-16
5318.0	1.981498e-16
5320.0	2.046423e-16
5322.0	2.09777e-16
5324.0	2.009112e-16
5326.0	2.009994e-16
5328.0	1.950658e-16
5330.0	1.972803e-16
5332.0	1.93453e-16
5334.0	1.797828e-16
5336.0	1.928027e-16
5338.0	1.915763e-16
5340.0	1.805033e-16
5342.0	1.792326e-16
5344.0	1.730502e-16
5346.0	1.698086e-16
5348.0	1.756728e-16
5350.0	1.76685e-16
5352.0	1.819581e-16
5354.0	1.935177e-16
5356.0	1.947657e-16
5358.0	1.826259e-16
5360.0	1.732058e-16
5362.0	1.730327e-16
5364.0	1.786817e-16
5366.0	1.86993e-16
5368.0	1.90182e-16
5370.0	1.816125e-16
5372.0	1.758706e-16
5374.0	1.8491e-16
5376.0	1.794155e-16
5378.0	1.769875e-16
5380.0	1.917387e-16
5382.0	1.861033e-16
5384.0	1.769163e-16
5386.0	1.794351e-16
5388.0	1.81073e-16
5390.0	1.790422e-16
5392.0	1.771142e-16
5394.0	1.797154e-16
5396.0	1.831529e-16
5398.0	1.902918e-16
5400.0	1.852141e-16
5402.0	1.8135e-16
5404.0	1.841904e-16
5406.0	1.842704e-16
5408.0	1.867761e-16
5410.0	1.753027e-16
5412.0	1.751798e-16
5414.0	1.853266e-16
5416.0	1.834746e-16
5418.0	1.780794e-16
5420.0	1.827002e-16
5422.0	1.806059e-16
5424.0	1.710175e-16
5426.0	1.749863e-16
5428.0	1.773805e-16
5430.0	1.896784e-16
5432.0	1.985912e-16
5434.0	2.059609e-16
5436.0	2.011436e-16
5438.0	1.887521e-16
5440.0	1.903888e-16
5442.0	1.785959e-16
5444.0	1.755106e-16
5446.0	1.751748e-16
5448.0	1.712901e-16
5450.0	1.766408e-16
5452.0	1.864224e-16
5454.0	1.859237e-16
5456.0	1.779194e-16
5458.0	1.881988e-16
5460.0	1.721795e-16
5462.0	1.778458e-16
5464.0	1.858826e-16
5466.0	1.857329e-16
5468.0	1.821573e-16
5470.0	1.672e-16
5472.0	1.686653e-16
5474.0	1.81128e-16
5476.0	1.839302e-16
5478.0	1.705888e-16
5480.0	1.773318e-16
5482.0	1.826522e-16
5484.0	1.875644e-16
5486.0	1.795017e-16
5488.0	1.822037e-16
5490.0	1.960519e-16
5492.0	1.934163e-16
5494.0	1.921885e-16
5496.0	1.820835e-16
5498.0	1.805859e-16
5500.0	1.947902e-16
5502.0	1.91326e-16
5504.0	1.874073e-16
5506.0	1.980667e-16
5508.0	1.876916e-16
5510.0	1.942618e-16
5512.0	1.945765e-16
5514.0	1.857327e-16
5516.0	1.896993e-16
5518.0	2.015946e-16
5520.0	1.930705e-16
5522.0	1.79336e-16
5524.0	1.838001e-16
5526.0	2.06417e-16
5528.0	2.120264e-16
5530.0	2.195603e-16
5532.0	2.061709e-16
5534.0	1.961234e-16
5536.0	1.996724e-16
5538.0	2.045902e-16
5540.0	2.073081e-16
5542.0	2.147871e-16
5544.0	1.950081e-16
5546.0	2.070862e-16
5548.0	2.218095e-16
5550.0	2.311615e-16
5552.0	2.158704e-16
5554.0	2.21281e-16
5556.0	2.30397e-16
5558.0	2.260446e-16
5560.0	2.277282e-16
5562.0	2.250628e-16
5564.0	2.345733e-16
5566.0	2.475449e-16
5568.0	2.332446e-16
5570.0	2.524626e-16
5572.0	2.524937e-16
5574.0	2.358794e-16
5576.0	2.382813e-16
5578.0	1.885738e-16
5580.0	2.354063e-16
5582.0	2.540246e-16
5584.0	2.41021e-16
5586.0	2.456684e-16
5588.0	2.442908e-16
5590.0	2.428525e-16
5592.0	2.513231e-16
5594.0	2.40932e-16
5596.0	2.512084e-16
5598.0	2.61153e-16
5600.0	2.591961e-16
5602.0	2.643178e-16
5604.0	2.55147e-16
5606.0	2.503988e-16
5608.0	2.596908e-16
5610.0	2.521406e-16
5612.0	2.486286e-16
5614.0	2.527375e-16
5616.0	2.615193e-16
5618.0	2.681226e-16
5620.0	2.753248e-16
5622.0	2.846385e-16
5624.0	2.892231e-16
5626.0	2.848395e-16
5628.0	2.90015e-16
5630.0	2.944499e-16
5632.0	2.820656e-16
5634.0	2.807723e-16
5636.0	2.846204e-16
5638.0	2.824566e-16
5640.0	2.827367e-16
5642.0	2.897928e-16
5644.0	2.891047e-16
5646.0	2.957591e-16
5648.0	3.098451e-16
5650.0	2.98392e-16
5652.0	2.823591e-16
5654.0	2.768775e-16
5656.0	2.857411e-16
5658.0	2.814599e-16
5660.0	2.791998e-16
5662.0	2.808169e-16
5664.0	2.908387e-16
5666.0	2.955868e-16
5668.0	2.905819e-16
5670.0	2.98379e-16
5672.0	2.894732e-16
5674.0	2.946997e-16
5676.0	2.822123e-16
5678.0	2.699844e-16
5680.0	2.73005e-16
5682.0	3.026627e-16
5684.0	2.801265e-16
5686.0	2.764934e-16
5688.0	2.917617e-16
5690.0	2.839443e-16
5692.0	2.93943e-16
5694.0	2.99399e-16
5696.0	2.903497e-16
5698.0	2.64501e-16
5700.0	2.95493e-16
5702.0	3.001968e-16
5704.0	2.897235e-16
5706.0	2.853517e-16
5708.0	2.808263e-16
5710.0	2.826505e-16
5712.0	2.770954e-16
5714.0	2.878112e-16
5716.0	2.69064e-16
5718.0	2.636278e-16
5720.0	2.704677e-16
5722.0	2.829041e-16
5724.0	2.744746e-16
5726.0	2.647257e-16
5728.0	2.629555e-16
5730.0	2.918709e-16
5732.0	2.713906e-16
5734.0	2.756484e-16
5736.0	2.788679e-16
5738.0	2.718495e-16
5740.0	2.752424e-16
5742.0	2.729116e-16
5744.0	2.837412e-16
5746.0	2.846469e-16
5748.0	2.74486e-16
5750.0	2.760057e-16
5752.0	2.672311e-16
5754.0	2.615063e-16
5756.0	2.609671e-16
5758.0	2.751357e-16
5760.0	2.917834e-16
5762.0	2.870893e-16
5764.0	2.822888e-16
5766.0	2.875172e-16
5768.0	2.675251e-16
5770.0	2.588372e-16
5772.0	2.78511e-16
5774.0	2.625234e-16
5776.0	2.649065e-16
5778.0	2.735249e-16
5780.0	2.758785e-16
5782.0	2.572315e-16
5784.0	2.538873e-16
5786.0	2.679371e-16
5788.0	2.483297e-16
5790.0	2.466317e-16
5792.0	2.505009e-16
5794.0	2.65145e-16
5796.0	2.62659e-16
5798.0	2.536166e-16
5800.0	2.573769e-16
5802.0	2.597291e-16
5804.0	2.68704e-16
5806.0	2.537161e-16
5808.0	2.527816e-16
5810.0	2.634342e-16
5812.0	2.583818e-16
5814.0	2.677408e-16
5816.0	2.708659e-16
5818.0	2.767383e-16
5820.0	2.887113e-16
5822.0	2.835304e-16
5824.0	2.509735e-16
5826.0	2.377618e-16
5828.0	2.427231e-16
5830.0	2.484202e-16
5832.0	2.392261e-16
5834.0	2.699991e-16
5836.0	2.616142e-16
5838.0	2.4652e-16
5840.0	2.56435e-16
5842.0	2.583543e-16
5844.0	2.543733e-16
5846.0	2.6217e-16
5848.0	2.772994e-16
5850.0	2.549648e-16
5852.0	2.453911e-16
5854.0	2.510478e-16
5856.0	2.59914e-16
5858.0	2.566146e-16
5860.0	2.526289e-16
5862.0	2.447562e-16
5864.0	2.34396e-16
5866.0	2.432932e-16
5868.0	2.481304e-16
5870.0	2.527864e-16
5872.0	2.589712e-16
5874.0	2.512309e-16
5876.0	2.53868e-16
5878.0	2.579342e-16
5880.0	2.537331e-16
5882.0	2.418856e-16
5884.0	2.364749e-16
5886.0	2.34249e-16
5888.0	2.192327e-16
5890.0	2.153098e-16
5892.0	2.332465e-16
5894.0	2.34388e-16
5896.0	2.319719e-16
5898.0	2.438562e-16
5900.0	2.531931e-16
5902.0	2.465874e-16
5904.0	2.431602e-16
5906.0	2.449062e-16
5908.0	2.401981e-16
5910.0	2.45551e-16
5912.0	2.563012e-16
5914.0	2.563203e-16
5916.0	2.489676e-16
5918.0	2.320161e-16
5920.0	2.359227e-16
5922.0	2.404e-16
5924.0	2.412853e-16
5926.0	2.490068e-16
5928.0	2.488172e-16
5930.0	2.598035e-16
5932.0	2.468687e-16
5934.0	2.317378e-16
5936.0	2.403531e-16
5938.0	2.377238e-16
5940.0	2.329943e-16
5942.0	2.273166e-16
5944.0	2.190885e-16
5946.0	2.258426e-16
5948.0	2.331144e-16
5950.0	2.291809e-16
5952.0	2.332346e-16
5954.0	2.365469e-16
5956.0	2.417352e-16
5958.0	2.5319e-16
5960.0	2.547418e-16
5962.0	2.573618e-16
5964.0	2.377403e-16
5966.0	2.340135e-16
5968.0	2.607792e-16
5970.0	2.489448e-16
5972.0	2.33372e-16
5974.0	2.355938e-16
5976.0	2.321085e-16
5978.0	2.359037e-16
5980.0	2.38404e-16
5982.0	2.33232e-16
5984.0	2.354915e-16
5986.0	2.315223e-16
5988.0	2.340075e-16
5990.0	2.360354e-16
5992.0	2.339809e-16
5994.0	2.496656e-16
5996.0	2.570644e-16
5998.0	2.440898e-16
6000.0	2.409252e-16
6002.0	2.373338e-16
6004.0	2.340558e-16
6006.0	2.350297e-16
6008.0	2.352305e-16
6010.0	2.436397e-16
6012.0	2.433178e-16
6014.0	2.275884e-16
6016.0	2.319653e-16
6018.0	2.39323e-16
6020.0	2.235849e-16
6022.0	2.24346e-16
6024.0	2.372526e-16
6026.0	2.358131e-16
6028.0	2.359991e-16
6030.0	2.397775e-16
6032.0	2.40778e-16
6034.0	2.445603e-16
6036.0	2.303991e-16
6038.0	2.174715e-16
6040.0	2.248072e-16
6042.0	2.260032e-16
6044.0	2.236282e-16
6046.0	2.325018e-16
6048.0	2.432632e-16
6050.0	2.274604e-16
6052.0	2.194024e-16
6054.0	2.304164e-16
6056.0	2.302911e-16
6058.0	2.272483e-16
6060.0	2.33395e-16
6062.0	2.338861e-16
6064.0	2.309375e-16
6066.0	2.287084e-16
6068.0	2.261131e-16
6070.0	2.228878e-16
6072.0	2.195361e-16
6074.0	2.109798e-16
6076.0	1.987621e-16
6078.0	2.024669e-16
6080.0	2.115265e-16
6082.0	2.111753e-16
6084.0	2.106023e-16
6086.0	2.128626e-16
6088.0	2.255085e-16
6090.0	2.257511e-16
6092.0	2.251148e-16
6094.0	2.17425e-16
6096.0	2.114473e-16
6098.0	2.175096e-16
6100.0	2.215849e-16
6102.0	2.160861e-16
6104.0	2.160393e-16
6106.0	2.196836e-16
6108.0	2.234593e-16
6110.0	2.218518e-16
6112.0	2.099451e-16
6114.0	2.018381e-16
6116.0	1.989866e-16
6118.0	2.015841e-16
6120.0	2.233212e-16
6122.0	2.236177e-16
6124.0	2.088226e-16
6126.0	2.158827e-16
6128.0	2.150636e-16
6130.0	2.178815e-16
6132.0	2.114918e-16
6134.0	2.013797e-16
6136.0	1.988861e-16
6138.0	2.026618e-16
6140.0	2.080179e-16
6142.0	2.026757e-16
6144.0	2.029892e-16
6146.0	2.039496e-16
6148.0	2.0147e-16
6150.0	2.064214e-16
6152.0	2.000593e-16
6154.0	1.97523e-16
6156.0	2.096834e-16
6158.0	2.158354e-16
6160.0	2.028258e-16
6162.0	1.909812e-16
6164.0	2.006366e-16
6166.0	2.074597e-16
6168.0	2.051249e-16
6170.0	2.033633e-16
6172.0	1.961423e-16
6174.0	2.093936e-16
6176.0	2.143657e-16
6178.0	2.033902e-16
6180.0	2.089006e-16
6182.0	2.084931e-16
6184.0	1.999233e-16
6186.0	1.969907e-16
6188.0	1.940867e-16
6190.0	2.036294e-16
6192.0	2.095693e-16
6194.0	2.188165e-16
6196.0	2.071487e-16
6198.0	2.028714e-16
6200.0	2.011864e-16
6202.0	2.005713e-16
6204.0	1.856493e-16
6206.0	1.943899e-16
6208.0	2.088884e-16
6210.0	2.109826e-16
6212.0	2.019107e-16
6214.0	2.010396e-16
6216.0	2.005199e-16
6218.0	1.979046e-16
6220.0	2.062183e-16
6222.0	2.169451e-16
6224.0	2.073059e-16
6226.0	1.935589e-16
6228.0	2.143492e-16
6230.0	2.165688e-16
6232.0	1.892131e-16
6234.0	1.921395e-16
6236.0	1.984587e-16
6238.0	2.123244e-16
6240.0	1.966124e-16
6242.0	1.85711e-16
6244.0	1.871002e-16
6246.0	1.95853e-16
6248.0	1.992221e-16
6250.0	1.939328e-16
6252.0	2.018838e-16
6254.0	1.947303e-16
6256.0	1.958103e-16
6258.0	2.169627e-16
6260.0	2.205992e-16
6262.0	2.040045e-16
6264.0	2.126359e-16
6266.0	2.107757e-16
6268.0	2.015894e-16
6270.0	2.060893e-16
6272.0	2.026434e-16
6274.0	2.029501e-16
6276.0	2.069923e-16
6278.0	2.081118e-16
6280.0	2.135123e-16
6282.0	2.059657e-16
6284.0	2.101812e-16
6286.0	2.1662e-16
6288.0	2.071416e-16
6290.0	2.001417e-16
6292.0	2.20452e-16
6294.0	2.226431e-16
6296.0	2.126589e-16
6298.0	2.099378e-16
6300.0	2.203847e-16
6302.0	2.153255e-16
6304.0	2.02135e-16
6306.0	1.999414e-16
6308.0	2.068692e-16
6310.0	2.077708e-16
6312.0	2.114135e-16
6314.0	2.118361e-16
6316.0	2.137939e-16
6318.0	2.125573e-16
6320.0	2.023359e-16
6322.0	1.98765e-16
6324.0	2.123626e-16
6326.0	2.287802e-16
6328.0	2.208254e-16
6330.0	2.235198e-16
6332.0	2.292333e-16
6334.0	2.282354e-16
6336.0	2.257292e-16
6338.0	2.087525e-16
6340.0	1.976484e-16
6342.0	2.247898e-16
6344.0	2.417895e-16
6346.0	2.336278e-16
6348.0	2.359792e-16
6350.0	2.285502e-16
6352.0	2.160786e-16
6354.0	2.211676e-16
6356.0	2.168574e-16
6358.0	2.107134e-16
6360.0	2.100148e-16
6362.0	2.068934e-16
6364.0	2.07183e-16
6366.0	2.227149e-16
6368.0	2.30527e-16
6370.0	2.321859e-16
6372.0	2.278838e-16
6374.0	2.30083e-16
6376.0	2.408583e-16
6378.0	2.372466e-16
6380.0	2.406342e-16
6382.0	2.424828e-16
6384.0	2.344775e-16
6386.0	2.231899e-16
6388.0	2.186632e-16
6390.0	2.129687e-16
6392.0	2.12016e-16
6394.0	2.317945e-16
6396.0	2.275268e-16
6398.0	2.022184e-16
6400.0	2.170186e-16
6402.0	2.260034e-16
6404.0	2.191232e-16
6406.0	2.138893e-16
6408.0	2.190642e-16
6410.0	2.207012e-16
6412.0	2.339745e-16
6414.0	2.277363e-16
6416.0	2.125297e-16
6418.0	2.06512e-16
6420.0	2.182149e-16
6422.0	2.245821e-16
6424.0	2.172706e-16
6426.0	2.171837e-16
6428.0	2.173291e-16
6430.0	2.258631e-16
6432.0	2.211161e-16
6434.0	2.235811e-16
6436.0	2.337008e-16
6438.0	2.280474e-16
6440.0	2.201105e-16
6442.0	2.091372e-16
6444.0	2.203515e-16
6446.0	2.212518e-16
6448.0	2.058953e-16
6450.0	2.088127e-16
6452.0	2.158358e-16
6454.0	2.216303e-16
6456.0	2.124787e-16
6458.0	2.032592e-16
6460.0	2.030432e-16
6462.0	2.053599e-16
6464.0	2.020256e-16
6466.0	1.93322e-16
6468.0	1.953421e-16
6470.0	2.004942e-16
6472.0	2.008024e-16
6474.0	1.965729e-16
6476.0	1.968866e-16
6478.0	1.932415e-16
6480.0	1.998405e-16
6482.0	2.01358e-16
6484.0	2.043822e-16
6486.0	1.963276e-16
6488.0	2.00636e-16
6490.0	1.950595e-16
6492.0	1.911767e-16
6494.0	1.82943e-16
6496.0	1.805896e-16
6498.0	1.994099e-16
6500.0	1.847978e-16
6502.0	1.668627e-16
6504.0	1.812551e-16
6506.0	1.813668e-16
6508.0	1.793635e-16
6510.0	1.747249e-16
6512.0	1.703141e-16
6514.0	1.790424e-16
6516.0	1.793002e-16
6518.0	1.663512e-16
6520.0	1.559809e-16
6522.0	1.489552e-16
6524.0	1.569218e-16
6526.0	1.662132e-16
6528.0	1.589224e-16
6530.0	1.520377e-16
6532.0	1.573873e-16
6534.0	1.568726e-16
6536.0	1.584121e-16
6538.0	1.428188e-16
6540.0	1.485435e-16
6542.0	1.565466e-16
6544.0	1.55684e-16
6546.0	1.514034e-16
6548.0	1.374813e-16
6550.0	1.404634e-16
6552.0	1.465561e-16
6554.0	1.417667e-16
6556.0	1.372404e-16
6558.0	1.426931e-16
6560.0	1.479974e-16
6562.0	1.362234e-16
6564.0	1.349107e-16
6566.0	1.36217e-16
6568.0	1.343263e-16
6570.0	1.307593e-16
6572.0	1.269136e-16
6574.0	1.3268e-16
6576.0	1.38829e-16
6578.0	1.395024e-16
6580.0	1.355071e-16
6582.0	1.293433e-16
6584.0	1.343519e-16
6586.0	1.353256e-16
6588.0	1.214221e-16
6590.0	1.26753e-16
6592.0	1.336532e-16
6594.0	1.321364e-16
6596.0	1.250759e-16
6598.0	1.316401e-16
6600.0	1.404793e-16
6602.0	1.308245e-16
6604.0	1.321493e-16
6606.0	1.304709e-16
6608.0	1.257531e-16
6610.0	1.263971e-16
6612.0	1.305681e-16
6614.0	1.246991e-16
6616.0	1.347139e-16
6618.0	1.398945e-16
6620.0	1.324119e-16
6622.0	1.414707e-16
6624.0	1.38257e-16
6626.0	1.262342e-16
6628.0	1.230506e-16
6630.0	1.26388e-16
6632.0	1.308253e-16
6634.0	1.353053e-16
6636.0	1.382489e-16
6638.0	1.264363e-16
6640.0	1.253071e-16
6642.0	1.338153e-16
6644.0	1.412785e-16
6646.0	1.367745e-16
6648.0	1.329866e-16
6650.0	1.321253e-16
6652.0	1.170302e-16
6654.0	1.220247e-16
6656.0	1.361867e-16
6658.0	1.333823e-16
6660.0	1.373694e-16
6662.0	1.423445e-16
6664.0	1.372986e-16
6666.0	1.365348e-16
6668.0	1.379067e-16
6670.0	1.360017e-16
6672.0	1.343277e-16
6674.0	1.364211e-16
6676.0	1.43623e-16
6678.0	1.444804e-16
6680.0	1.439747e-16
6682.0	1.49413e-16
6684.0	1.519941e-16
6686.0	1.519194e-16
6688.0	1.495484e-16
6690.0	1.507357e-16
6692.0	1.501801e-16
6694.0	1.448287e-16
6696.0	1.484714e-16
6698.0	1.426704e-16
6700.0	1.367445e-16
6702.0	1.517918e-16
6704.0	1.608127e-16
6706.0	1.579155e-16
6708.0	1.617382e-16
6710.0	1.621939e-16
6712.0	1.58626e-16
6714.0	1.665985e-16
6716.0	1.640713e-16
6718.0	1.52638e-16
6720.0	1.523683e-16
6722.0	1.595511e-16
6724.0	1.616497e-16
6726.0	1.500993e-16
6728.0	1.567804e-16
6730.0	1.718017e-16
6732.0	1.767042e-16
6734.0	1.727962e-16
6736.0	1.679187e-16
6738.0	1.760908e-16
6740.0	1.70984e-16
6742.0	1.516428e-16
6744.0	1.53064e-16
6746.0	1.622991e-16
6748.0	1.649557e-16
6750.0	1.648019e-16
6752.0	1.709737e-16
6754.0	1.708843e-16
6756.0	1.684094e-16
6758.0	1.762443e-16
6760.0	1.71894e-16
6762.0	1.732891e-16
6764.0	1.822473e-16
6766.0	1.731771e-16
6768.0	1.686321e-16
6770.0	1.78346e-16
6772.0	1.817504e-16
6774.0	1.79149e-16
6776.0	1.797836e-16
6778.0	1.819255e-16
6780.0	1.683829e-16
6782.0	1.61807e-16
6784.0	1.746354e-16
6786.0	1.815471e-16
6788.0	1.753118e-16
6790.0	1.674133e-16
6792.0	1.630482e-16
6794.0	1.688549e-16
6796.0	1.74874e-16
6798.0	1.750295e-16
6800.0	1.704017e-16
6802.0	1.724981e-16
6804.0	1.773465e-16
6806.0	1.812013e-16
6808.0	1.810887e-16
6810.0	1.851507e-16
6812.0	1.806646e-16
6814.0	1.676611e-16
6816.0	1.686467e-16
6818.0	1.787528e-16
6820.0	1.75721e-16
6822.0	1.682036e-16
6824.0	1.823677e-16
6826.0	1.851149e-16
6828.0	1.886013e-16
6830.0	1.871037e-16
6832.0	1.8011e-16
6834.0	1.71815e-16
6836.0	1.751163e-16
6838.0	1.771928e-16
6840.0	1.760715e-16
6842.0	1.765324e-16
6844.0	1.735437e-16
6846.0	1.803158e-16
6848.0	1.922068e-16
6850.0	1.811146e-16
6852.0	1.873342e-16
6854.0	1.970362e-16
6856.0	1.68226e-16
6858.0	1.633357e-16
6860.0	1.745147e-16
6862.0	1.868313e-16
6864.0	1.921145e-16
6866.0	1.770573e-16
6868.0	1.724307e-16
6870.0	1.760064e-16
6872.0	1.789599e-16
6874.0	1.715776e-16
6876.0	1.727149e-16
6878.0	1.7868e-16
6880.0	1.797003e-16
6882.0	1.729731e-16
6884.0	1.768201e-16
6886.0	1.731187e-16
6888.0	1.764304e-16
6890.0	1.810379e-16
6892.0	1.866038e-16
6894.0	1.898724e-16
6896.0	1.825504e-16
6898.0	1.707727e-16
6900.0	1.696642e-16
6902.0	1.814948e-16
6904.0	1.815512e-16
6906.0	1.752452e-16
6908.0	1.791087e-16
6910.0	1.801008e-16
6912.0	1.838133e-16
6914.0	1.740157e-16
6916.0	1.669796e-16
6918.0	1.671319e-16
6920.0	1.761282e-16
6922.0	1.869042e-16
6924.0	1.810763e-16
6926.0	1.889217e-16
6928.0	1.852613e-16
6930.0	1.778282e-16
6932.0	1.888121e-16
6934.0	1.792789e-16
6936.0	1.743267e-16
6938.0	1.782462e-16
6940.0	1.698178e-16
6942.0	1.84962e-16
6944.0	1.830284e-16
6946.0	1.614614e-16
6948.0	1.677752e-16
6950.0	1.797567e-16
6952.0	1.870896e-16
6954.0	1.96017e-16
6956.0	1.875916e-16
6958.0	1.792823e-16
6960.0	1.707883e-16
6962.0	1.687766e-16
6964.0	1.664447e-16
6966.0	1.816809e-16
6968.0	1.901827e-16
6970.0	1.720602e-16
6972.0	1.650262e-16
6974.0	1.756867e-16
6976.0	1.899863e-16
6978.0	1.894187e-16
6980.0	1.827442e-16
6982.0	1.758779e-16
6984.0	1.883856e-16
6986.0	1.903729e-16
6988.0	1.872208e-16
6990.0	1.876313e-16
6992.0	1.674543e-16
6994.0	1.794816e-16
6996.0	1.813719e-16
6998.0	1.847931e-16
7000.0	1.86089e-16
7002.0	1.746431e-16
7004.0	1.86475e-16
7006.0	1.847434e-16
7008.0	1.7812e-16
7010.0	1.805757e-16
7012.0	1.833841e-16
7014.0	1.802889e-16
7016.0	1.722032e-16
7018.0	1.7745e-16
7020.0	1.842529e-16
7022.0	1.952561e-16
7024.0	1.87702e-16
7026.0	1.818311e-16
7028.0	1.805771e-16
7030.0	1.818086e-16
7032.0	1.752817e-16
7034.0	1.761724e-16
7036.0	1.759672e-16
7038.0	1.806624e-16
7040.0	1.925853e-16
7042.0	1.945973e-16
7044.0	1.840301e-16
7046.0	1.817502e-16
7048.0	1.79119e-16
7050.0	1.726817e-16
7052.0	1.73998e-16
7054.0	1.77197e-16
7056.0	1.670526e-16
7058.0	1.668515e-16
7060.0	1.814011e-16
7062.0	1.774619e-16
7064.0	1.744951e-16
7066.0	1.717399e-16
7068.0	1.800896e-16
7070.0	1.822646e-16
7072.0	1.748319e-16
7074.0	1.815353e-16
7076.0	1.797505e-16
7078.0	1.785229e-16
7080.0	1.750158e-16
7082.0	1.627165e-16
7084.0	1.701052e-16
7086.0	1.715339e-16
7088.0	1.665027e-16
7090.0	1.695175e-16
7092.0	1.728073e-16
7094.0	1.799468e-16
7096.0	1.822062e-16
7098.0	1.703937e-16
7100.0	1.63026e-16
