#	 2017dit 
#	 UT date of observation: 20170430 
#	 Telescope/Instrument: Lick3m/KAST 
#	 Estimated Peak MJD: 57881.25 
#	 Estimated redshift: 0.019 
#	 Estimated Phase: -8.0 
#	 Published in Dettman et al. 2020 
#	 Observed barycentric wavelength (Angstroms)    F_lambda
3220.0	0.6437707
3223.0	0.3826081
3226.0	0.8846326
3229.0	0.8386379
3232.0	0.6126532
3235.0	0.03010906
3238.0	0.2472641
3241.0	0.3049455
3244.0	0.3005372
3247.0	0.616496
3250.0	0.4052227
3253.0	0.6451955
3256.0	0.4058229
3259.0	0.5759041
3262.0	0.4984845
3265.0	0.8300393
3268.0	0.8056495
3271.0	0.3376246
3274.0	0.6523229
3277.0	0.7664675
3280.0	0.7027314
3283.0	0.691911
3286.0	0.7409965
3289.0	0.5071565
3292.0	0.5350531
3295.0	0.6943669
3298.0	0.4420773
3301.0	0.5653316
3304.0	0.7852709
3307.0	0.6821134
3310.0	0.5036563
3313.0	0.791228
3316.0	0.8986977
3319.0	0.6508052
3322.0	0.5778235
3325.0	0.5105335
3328.0	0.6258051
3331.0	0.5477803
3334.0	0.535308
3337.0	0.7370908
3340.0	0.6453087
3343.0	0.4938466
3346.0	0.622985
3349.0	0.6471261
3352.0	0.7188106
3355.0	0.5367547
3358.0	0.5930273
3361.0	0.663337
3364.0	0.5941312
3367.0	0.6761689
3370.0	0.7001898
3373.0	0.7134526
3376.0	0.7846258
3379.0	0.8465235
3382.0	0.8869169
3385.0	0.7791415
3388.0	0.9449599
3391.0	1.098098
3394.0	1.075469
3397.0	0.9788924
3400.0	1.010908
3403.0	0.9352624
3406.0	0.9076865
3409.0	1.041733
3412.0	1.112056
3415.0	1.053839
3418.0	1.029456
3421.0	1.066209
3424.0	0.9871547
3427.0	1.025227
3430.0	0.9966289
3433.0	1.168928
3436.0	1.130724
3439.0	0.9068958
3442.0	0.6607987
3445.0	1.112001
3448.0	1.0784
3451.0	1.135842
3454.0	1.043884
3457.0	1.147889
3460.0	1.172644
3463.0	1.176775
3466.0	0.9949769
3469.0	1.180193
3472.0	1.18369
3475.0	1.228724
3478.0	1.211115
3481.0	1.201969
3484.0	1.246323
3487.0	1.249038
3490.0	1.277811
3493.0	1.303125
3496.0	1.242891
3499.0	1.356083
3502.0	1.283174
3505.0	1.278368
3508.0	1.235501
3511.0	1.284549
3514.0	1.3556
3517.0	1.290486
3520.0	1.275661
3523.0	1.350829
3526.0	1.333345
3529.0	1.337535
3532.0	1.274274
3535.0	1.390147
3538.0	1.345619
3541.0	1.361066
3544.0	1.309589
3547.0	1.258394
3550.0	1.264037
3553.0	1.272081
3556.0	1.149288
3559.0	1.213926
3562.0	1.120615
3565.0	1.145341
3568.0	1.106809
3571.0	1.041233
3574.0	1.014881
3577.0	0.9504647
3580.0	0.9681153
3583.0	0.8744686
3586.0	0.8818965
3589.0	0.848743
3592.0	0.7129035
3595.0	0.8254475
3598.0	0.694245
3601.0	0.6951778
3604.0	0.6632078
3607.0	0.6513689
3610.0	0.4833519
3613.0	0.2603058
3616.0	0.5179299
3619.0	0.4633624
3622.0	0.4648436
3625.0	0.4479559
3628.0	0.4125496
3631.0	0.4358594
3634.0	0.4060959
3637.0	0.3561974
3640.0	0.3509842
3643.0	0.3559842
3646.0	0.3510815
3649.0	0.3042512
3652.0	0.3245311
3655.0	0.3037392
3658.0	0.3202476
3661.0	0.300224
3664.0	0.308413
3667.0	0.2903262
3670.0	0.3101673
3673.0	0.2839604
3676.0	0.3011562
3679.0	0.3109474
3682.0	0.3110864
3685.0	0.265502
3688.0	0.2853695
3691.0	0.2919316
3694.0	0.3026878
3697.0	0.319129
3700.0	0.3591246
3703.0	0.2994564
3706.0	0.3073844
3709.0	0.3134877
3712.0	0.2890019
3715.0	0.31852
3718.0	0.3089708
3721.0	0.3012947
3724.0	0.3336478
3727.0	0.3278052
3730.0	0.3538423
3733.0	0.3030744
3736.0	0.3740162
3739.0	0.3307868
3742.0	0.4124511
3745.0	0.3146806
3748.0	0.3594633
3751.0	0.4015628
3754.0	0.3939911
3757.0	0.4049497
3760.0	0.3769495
3763.0	0.3952444
3766.0	0.4435939
3769.0	0.4526991
3772.0	0.4321758
3775.0	0.4195983
3778.0	0.4477718
3781.0	0.4942046
3784.0	0.4699565
3787.0	0.500475
3790.0	0.5346617
3793.0	0.5266929
3796.0	0.5670656
3799.0	0.5521309
3802.0	0.59179
3805.0	0.5932062
3808.0	0.6360539
3811.0	0.6577244
3814.0	0.6607932
3817.0	0.7067031
3820.0	0.6964837
3823.0	0.7367592
3826.0	0.7968342
3829.0	0.8164926
3832.0	0.8813657
3835.0	0.8983329
3838.0	0.9291831
3841.0	0.9649112
3844.0	0.955929
3847.0	0.9775465
3850.0	0.997874
3853.0	1.098975
3856.0	1.094673
3859.0	1.166642
3862.0	1.173624
3865.0	1.213723
3868.0	1.250214
3871.0	1.317146
3874.0	1.347538
3877.0	1.403657
3880.0	1.438552
3883.0	1.468501
3886.0	1.522905
3889.0	1.573384
3892.0	1.55071
3895.0	1.58859
3898.0	1.663592
3901.0	1.712068
3904.0	1.720671
3907.0	1.811893
3910.0	1.784795
3913.0	1.856428
3916.0	1.867199
3919.0	1.92881
3922.0	1.901264
3925.0	1.94969
3928.0	1.941941
3931.0	1.994111
3934.0	1.955382
3937.0	2.037852
3940.0	2.02684
3943.0	2.011558
3946.0	2.042254
3949.0	1.984388
3952.0	2.06896
3955.0	2.073428
3958.0	2.081827
3961.0	2.092939
3964.0	2.083899
3967.0	2.120147
3970.0	2.112244
3973.0	2.098742
3976.0	2.102084
3979.0	2.052383
3982.0	1.987815
3985.0	1.961924
3988.0	1.914271
3991.0	1.893539
3994.0	1.849285
3997.0	1.831704
4000.0	1.780188
4003.0	1.746842
4006.0	1.774282
4009.0	1.708043
4012.0	1.792111
4015.0	1.669902
4018.0	1.725477
4021.0	1.694361
4024.0	1.664738
4027.0	1.648737
4030.0	1.687053
4033.0	1.629157
4036.0	1.64598
4039.0	1.639067
4042.0	1.667044
4045.0	1.68498
4048.0	1.679559
4051.0	1.639653
4054.0	1.65296
4057.0	1.66533
4060.0	1.60608
4063.0	1.65098
4066.0	1.674442
4069.0	1.678456
4072.0	1.722719
4075.0	1.711096
4078.0	1.7421
4081.0	1.786463
4084.0	1.80927
4087.0	1.810697
4090.0	1.832683
4093.0	1.890085
4096.0	1.873655
4099.0	1.970457
4102.0	1.931359
4105.0	1.9361
4108.0	1.983029
4111.0	1.983607
4114.0	1.974895
4117.0	2.051792
4120.0	2.059005
4123.0	2.034762
4126.0	2.075227
4129.0	2.094183
4132.0	2.108564
4135.0	2.102998
4138.0	2.090668
4141.0	2.034078
4144.0	2.088198
4147.0	2.050715
4150.0	2.065997
4153.0	2.107136
4156.0	2.006394
4159.0	2.005305
4162.0	2.030347
4165.0	1.910858
4168.0	1.923044
4171.0	1.915296
4174.0	1.940926
4177.0	1.875417
4180.0	1.854793
4183.0	1.838541
4186.0	1.807545
4189.0	1.841637
4192.0	1.812521
4195.0	1.818916
4198.0	1.796114
4201.0	1.831031
4204.0	1.809583
4207.0	1.734821
4210.0	1.738306
4213.0	1.747552
4216.0	1.733683
4219.0	1.720236
4222.0	1.707763
4225.0	1.701208
4228.0	1.749371
4231.0	1.673266
4234.0	1.621729
4237.0	1.67959
4240.0	1.623746
4243.0	1.602577
4246.0	1.54587
4249.0	1.577678
4252.0	1.547476
4255.0	1.529281
4258.0	1.52426
4261.0	1.450463
4264.0	1.491942
4267.0	1.43001
4270.0	1.416407
4273.0	1.414049
4276.0	1.388032
4279.0	1.337735
4282.0	1.343578
4285.0	1.338527
4288.0	1.305718
4291.0	1.284792
4294.0	1.302515
4297.0	1.281248
4300.0	1.297644
4303.0	1.260544
4306.0	1.210272
4309.0	1.188135
4312.0	1.188593
4315.0	1.122699
4318.0	1.10918
4321.0	1.098612
4324.0	1.04375
4327.0	1.051868
4330.0	1.035193
4333.0	0.9758517
4336.0	0.9541479
4339.0	0.937579
4342.0	0.9446566
4345.0	0.9523318
4348.0	0.9191344
4351.0	0.9178381
4354.0	0.9320295
4357.0	0.926398
4360.0	0.9438702
4363.0	0.9091939
4366.0	0.9433103
4369.0	0.9164584
4372.0	0.9779589
4375.0	0.9758242
4378.0	0.9918221
4381.0	0.9867111
4384.0	1.013605
4387.0	0.9976618
4390.0	1.018962
4393.0	1.039205
4396.0	1.043677
4399.0	1.063805
4402.0	1.074639
4405.0	1.104551
4408.0	1.096118
4411.0	1.080283
4414.0	1.092817
4417.0	1.110622
4420.0	1.10755
4423.0	1.124254
4426.0	1.121875
4429.0	1.144478
4432.0	1.164939
4435.0	1.169882
4438.0	1.190926
4441.0	1.171735
4444.0	1.209351
4447.0	1.151793
4450.0	1.16549
4453.0	1.198882
4456.0	1.139
4459.0	1.165967
4462.0	1.152107
4465.0	1.183143
4468.0	1.141162
4471.0	1.217342
4474.0	1.17007
4477.0	1.177496
4480.0	1.150927
4483.0	1.208388
4486.0	1.216823
4489.0	1.192739
4492.0	1.241763
4495.0	1.223202
4498.0	1.255959
4501.0	1.284462
4504.0	1.293566
4507.0	1.311936
4510.0	1.316872
4513.0	1.339229
4516.0	1.365435
4519.0	1.369357
4522.0	1.385464
4525.0	1.438235
4528.0	1.438248
4531.0	1.462418
4534.0	1.432344
4537.0	1.453617
4540.0	1.464892
4543.0	1.483385
4546.0	1.507316
4549.0	1.484888
4552.0	1.497279
4555.0	1.528537
4558.0	1.524087
4561.0	1.566123
4564.0	1.507635
4567.0	1.546874
4570.0	1.59187
4573.0	1.537641
4576.0	1.556396
4579.0	1.550541
4582.0	1.511464
4585.0	1.464681
4588.0	1.476717
4591.0	1.404602
4594.0	1.44825
4597.0	1.41446
4600.0	1.401835
4603.0	1.379567
4606.0	1.398561
4609.0	1.413546
4612.0	1.379552
4615.0	1.361782
4618.0	1.386561
4621.0	1.415007
4624.0	1.371118
4627.0	1.342876
4630.0	1.349749
4633.0	1.322138
4636.0	1.350229
4639.0	1.30141
4642.0	1.307377
4645.0	1.312788
4648.0	1.264628
4651.0	1.317135
4654.0	1.262717
4657.0	1.247174
4660.0	1.226518
4663.0	1.216455
4666.0	1.227401
4669.0	1.186054
4672.0	1.152146
4675.0	1.161083
4678.0	1.142841
4681.0	1.133785
4684.0	1.057993
4687.0	1.059136
4690.0	1.021637
4693.0	1.01359
4696.0	0.9974124
4699.0	0.988869
4702.0	0.9979384
4705.0	0.9861621
4708.0	0.9794159
4711.0	0.9577233
4714.0	0.9793774
4717.0	0.9848096
4720.0	0.9589661
4723.0	0.9669563
4726.0	0.9359705
4729.0	0.9521795
4732.0	0.9561654
4735.0	0.9478576
4738.0	0.959977
4741.0	0.9472076
4744.0	0.9389096
4747.0	0.9262416
4750.0	0.934334
4753.0	0.9455292
4756.0	0.9379022
4759.0	0.910141
4762.0	0.8799884
4765.0	0.9064416
4768.0	0.878391
4771.0	0.8611932
4774.0	0.8682736
4777.0	0.8480852
4780.0	0.8377417
4783.0	0.8679624
4786.0	0.8355148
4789.0	0.8230934
4792.0	0.8283784
4795.0	0.8339818
4798.0	0.8009703
4801.0	0.7982213
4804.0	0.8445286
4807.0	0.8192436
4810.0	0.852111
4813.0	0.7977541
4816.0	0.8060879
4819.0	0.8275831
4822.0	0.8071181
4825.0	0.8247631
4828.0	0.8465521
4831.0	0.8485959
4834.0	0.8508843
4837.0	0.836727
4840.0	0.8437417
4843.0	0.8719462
4846.0	0.8517082
4849.0	0.8327648
4852.0	0.8293476
4855.0	0.8446262
4858.0	0.7885416
4861.0	0.768068
4864.0	0.7586213
4867.0	0.7450154
4870.0	0.7144339
4873.0	0.6815896
4876.0	0.708553
4879.0	0.674722
4882.0	0.6542371
4885.0	0.6420149
4888.0	0.6157698
4891.0	0.6284095
4894.0	0.6149514
4897.0	0.6154217
4900.0	0.6030449
4903.0	0.586882
4906.0	0.5598596
4909.0	0.5810167
4912.0	0.5922555
4915.0	0.557461
4918.0	0.572626
4921.0	0.5758398
4924.0	0.5672606
4927.0	0.5762501
4930.0	0.6006325
4933.0	0.5975584
4936.0	0.5946184
4939.0	0.6171358
4942.0	0.622811
4945.0	0.6411831
4948.0	0.6354326
4951.0	0.674816
4954.0	0.6887177
4957.0	0.6882049
4960.0	0.6734596
4963.0	0.7221491
4966.0	0.6952602
4969.0	0.6785963
4972.0	0.7130759
4975.0	0.7211341
4978.0	0.7155541
4981.0	0.751035
4984.0	0.7355803
4987.0	0.7780735
4990.0	0.7680739
4993.0	0.8080695
4996.0	0.7866653
4999.0	0.799732
5002.0	0.8192185
5005.0	0.8269126
5008.0	0.8092355
5011.0	0.7921078
5014.0	0.7967909
5017.0	0.8024884
5020.0	0.8200736
5023.0	0.8092723
5026.0	0.8228119
5029.0	0.846916
5032.0	0.8272468
5035.0	0.8567474
5038.0	0.8468012
5041.0	0.8585129
5044.0	0.8422602
5047.0	0.8691969
5050.0	0.8713251
5053.0	0.8591968
5056.0	0.8675157
5059.0	0.8652322
5062.0	0.8799384
5065.0	0.8723891
5068.0	0.8807775
5071.0	0.8936744
5074.0	0.8534001
5077.0	0.8660685
5080.0	0.8739637
5083.0	0.865629
5086.0	0.8869131
5089.0	0.8736175
5092.0	0.9023714
5095.0	0.8760921
5098.0	0.9317883
5101.0	0.9366294
5104.0	0.952167
5107.0	0.9622208
5110.0	0.9350321
5113.0	0.9520037
5116.0	0.9563212
5119.0	0.948158
5122.0	0.9717259
5125.0	0.981278
5128.0	0.9728147
5131.0	1.02004
5134.0	1.010045
5137.0	1.028397
5140.0	1.024923
5143.0	1.008346
5146.0	1.040433
5149.0	1.027782
5152.0	1.066989
5155.0	1.04561
5158.0	1.040964
5161.0	1.065964
5164.0	1.054706
5167.0	1.034303
5170.0	1.03213
5173.0	1.032637
5176.0	0.9896965
5179.0	1.018288
5182.0	1.015883
5185.0	1.002173
5188.0	0.9708115
5191.0	1.005927
5194.0	0.9806475
5197.0	0.9500597
5200.0	0.9810916
5203.0	0.9771866
5206.0	0.9764249
5209.0	0.9369763
5212.0	0.9445059
5215.0	0.9694337
5218.0	0.9569908
5221.0	0.9438877
5224.0	0.9446629
5227.0	0.9453114
5230.0	0.9564503
5233.0	0.9642752
5236.0	0.9653898
5239.0	0.9994081
5242.0	0.9645084
5245.0	0.9778692
5248.0	0.9551312
5251.0	0.9777283
5254.0	0.962432
5257.0	0.9692923
5260.0	0.9751911
5263.0	0.9477702
5266.0	0.9277598
5269.0	0.9153011
5272.0	0.9117782
5275.0	0.8929523
5278.0	0.863066
5281.0	0.8327985
5284.0	0.8228171
5287.0	0.8126628
5290.0	0.8020749
5293.0	0.7882207
5296.0	0.7585428
5299.0	0.7685608
5302.0	0.7510237
5305.0	0.748315
5308.0	0.7295473
5311.0	0.7081329
5314.0	0.7181804
5317.0	0.7021764
5320.0	0.7084473
5323.0	0.6979887
5326.0	0.6708153
5329.0	0.6795888
5332.0	0.6722301
5335.0	0.6572482
5338.0	0.6663353
5341.0	0.6764324
5344.0	0.6646961
5347.0	0.6761663
5350.0	0.6772259
5353.0	0.701297
5356.0	0.6618845
5359.0	0.6669785
5362.0	0.6654245
5365.0	0.6604804
5368.0	0.6633652
5371.0	0.6565687
5374.0	0.6672133
5377.0	0.6638843
5380.0	0.6456994
5383.0	0.6657349
5386.0	0.6872801
5389.0	0.7003605
5392.0	0.7125247
5395.0	0.6999862
5398.0	0.7137005
5401.0	0.7111586
5404.0	0.7111399
5407.0	0.700207
5410.0	0.7193615
5413.0	0.7059581
5416.0	0.7332851
5419.0	0.6913478
5422.0	0.7053781
5425.0	0.7363785
5428.0	0.6856079
5431.0	0.7012899
5434.0	0.7072468
5437.0	0.675757
5440.0	0.7145305
5443.0	0.6712618
5446.0	0.6950976
5449.0	0.6399462
5452.0	0.6544256
5455.0	0.6479374
5458.0	0.6434339
5461.0	0.6410196
5464.0	0.6408489
5467.0	0.6406783
5470.0	0.6405076
5473.0	0.6280364
5476.0	0.6452999
5479.0	0.6397964
5482.0	0.6083479
5485.0	0.6043956
5488.0	0.5941586
5491.0	0.5823674
5494.0	0.5658941
5497.0	0.559205
5500.0	0.5455548
5503.0	0.5404369
5506.0	0.5239301
5509.0	0.5322256
5512.0	0.5134758
5515.0	0.5125571
5518.0	0.5263343
5521.0	0.535117
5524.0	0.5192436
5527.0	0.5459576
5530.0	0.5443677
5533.0	0.5586115
5536.0	0.5635324
5539.0	0.5643558
5542.0	0.5822423
5545.0	0.6092478
5548.0	0.6132303
5551.0	0.6110636
5554.0	0.64268
5557.0	0.6498711
5560.0	0.6981776
5563.0	0.7036932
5566.0	0.696763
5569.0	0.7165606
5572.0	0.7237467
5575.0	0.708542
5578.0	0.729719
5581.0	0.7314263
5584.0	0.729652
5587.0	0.781007
5590.0	0.7884825
5593.0	0.7933052
5596.0	0.7858697
5599.0	0.807588
5602.0	0.7922754
5605.0	0.7951763
5608.0	0.8029283
5611.0	0.7858232
5614.0	0.7833073
5617.0	0.7683885
5620.0	0.7686226
5623.0	0.7530732
5626.0	0.7607209
5629.0	0.7374606
5632.0	0.7590545
5635.0	0.7711625
5638.0	0.7674017
5641.0	0.7814247
5644.0	0.7665765
5647.0	0.7540522
5650.0	0.7656118
5653.0	0.7641544
5656.0	0.7466741
5659.0	0.7791004
5662.0	0.7644963
5665.0	0.7490137
5668.0	0.7687993
5671.0	0.7561826
5674.0	0.723786
5677.0	0.7749913
5680.0	0.7608951
5683.0	0.7798343
5686.0	0.7746435
5689.0	0.7694526
5692.0	0.808287
5695.0	0.8172833
5698.0	0.7904912
5701.0	0.8027368
5704.0	0.7659554
5707.0	0.7687561
5710.0	0.7715567
5713.0	0.7743574
5716.0	0.7771581
5719.0	0.7802424
5722.0	0.7660224
5725.0	0.7661604
5728.0	0.7684813
5731.0	0.7684158
5734.0	0.7612143
5737.0	0.7638098
5740.0	0.761478
5743.0	0.7454022
5746.0	0.7536598
5749.0	0.7456471
5752.0	0.7244022
5755.0	0.7195741
5758.0	0.71413
5761.0	0.705085
5764.0	0.6836316
5767.0	0.6757053
5770.0	0.6852917
5773.0	0.6547279
5776.0	0.6455888
5779.0	0.6379412
5782.0	0.6338307
5785.0	0.6249483
5788.0	0.6124534
5791.0	0.6211045
5794.0	0.6067513
5797.0	0.6003164
5800.0	0.6129553
5803.0	0.5893583
5806.0	0.5828874
5809.0	0.5913585
5812.0	0.5992474
5815.0	0.585869
5818.0	0.574293
5821.0	0.581444
5824.0	0.5882748
5827.0	0.5825879
5830.0	0.5854404
5833.0	0.5890067
5836.0	0.586814
5839.0	0.5830356
5842.0	0.5881796
5845.0	0.5924525
5848.0	0.5870857
5851.0	0.5948747
5854.0	0.6403146
5857.0	0.6312865
5860.0	0.6255196
5863.0	0.6319256
5866.0	0.643306
5869.0	0.6493411
5872.0	0.6531628
5875.0	0.6489713
5878.0	0.6669895
5881.0	0.6756114
5884.0	0.6774074
5887.0	0.6571322
5890.0	0.6693067
5893.0	0.7069867
5896.0	0.7039311
5899.0	0.7125048
5902.0	0.7147979
5905.0	0.7188447
5908.0	0.7343957
5911.0	0.7352994
5914.0	0.7218648
5917.0	0.736237
5920.0	0.739577
5923.0	0.7505187
5926.0	0.7579097
5929.0	0.772137
5932.0	0.7725106
5935.0	0.7695549
5938.0	0.7739452
5941.0	0.7624875
5944.0	0.7714819
5947.0	0.7783521
5950.0	0.7826716
5953.0	0.7895516
5956.0	0.7972963
5959.0	0.7891029
5962.0	0.7860999
5965.0	0.8034887
5968.0	0.7954378
5971.0	0.7926465
5974.0	0.792187
5977.0	0.7976996
5980.0	0.8020797
5983.0	0.7968691
5986.0	0.7774665
5989.0	0.7767716
5992.0	0.7872759
5995.0	0.7862523
5998.0	0.7782388
6001.0	0.7633055
6004.0	0.7588255
6007.0	0.740389
6010.0	0.7353212
6013.0	0.7326061
6016.0	0.7191908
6019.0	0.709393
6022.0	0.6958623
6025.0	0.6869746
6028.0	0.6679198
6031.0	0.6498444
6034.0	0.6449282
6037.0	0.6356812
6040.0	0.6074439
6043.0	0.6007273
6046.0	0.5853857
6049.0	0.5661898
6052.0	0.552183
6055.0	0.5373066
6058.0	0.5205408
6061.0	0.506007
6064.0	0.4889744
6067.0	0.4778187
6070.0	0.4710365
6073.0	0.4650486
6076.0	0.4480047
6079.0	0.432618
6082.0	0.4374782
6085.0	0.421165
6088.0	0.4221193
6091.0	0.4022796
6094.0	0.3908066
6097.0	0.3832716
6100.0	0.3745245
6103.0	0.3707244
6106.0	0.3601364
6109.0	0.3409208
6112.0	0.3369696
6115.0	0.3271437
6118.0	0.325852
6121.0	0.323559
6124.0	0.3082494
6127.0	0.2982487
6130.0	0.290989
6133.0	0.286257
6136.0	0.2797579
6139.0	0.2739769
6142.0	0.2719589
6145.0	0.2704151
6148.0	0.2663025
6151.0	0.2611247
6154.0	0.2681233
6157.0	0.2668601
6160.0	0.2605037
6163.0	0.2569249
6166.0	0.2574053
6169.0	0.2683817
6172.0	0.2674279
6175.0	0.2622307
6178.0	0.2602545
6181.0	0.2681143
6184.0	0.2674414
6187.0	0.2804186
6190.0	0.2885129
6193.0	0.284961
6196.0	0.2918504
6199.0	0.2930114
6202.0	0.2984953
6205.0	0.2974953
6208.0	0.3058201
6211.0	0.3153094
6214.0	0.3232249
6217.0	0.3284016
6220.0	0.3299931
6223.0	0.3365069
6226.0	0.3423006
6229.0	0.3553483
6232.0	0.3685738
6235.0	0.3760005
6238.0	0.3824268
6241.0	0.3892356
6244.0	0.3990038
6247.0	0.4121166
6250.0	0.4236834
6253.0	0.4340136
6256.0	0.4387198
6259.0	0.4537008
6262.0	0.4656802
6265.0	0.4826329
6268.0	0.4888526
6271.0	0.5027277
6274.0	0.513978
6277.0	0.5191717
6280.0	0.5366442
6283.0	0.537679
6286.0	0.5570709
6289.0	0.5779139
6292.0	0.5888088
6295.0	0.5817288
6298.0	0.5983838
6301.0	0.5992978
6304.0	0.6103141
6307.0	0.6089052
6310.0	0.6224959
6313.0	0.6356209
6316.0	0.6363146
6319.0	0.646612
6322.0	0.6493887
6325.0	0.6607792
6328.0	0.6744969
6331.0	0.6741813
6334.0	0.674984
6337.0	0.6877847
6340.0	0.6957669
6343.0	0.7045755
6346.0	0.7074047
6349.0	0.707426
6352.0	0.719135
6355.0	0.7155139
6358.0	0.7265135
6361.0	0.7401861
6364.0	0.7333301
6367.0	0.7434701
6370.0	0.7421755
6373.0	0.7420251
6376.0	0.7427959
6379.0	0.7442195
6382.0	0.7447384
6385.0	0.7548044
6388.0	0.7648129
6391.0	0.7595744
6394.0	0.7531927
6397.0	0.7509874
6400.0	0.755656
6403.0	0.7523711
6406.0	0.7597962
6409.0	0.7646433
6412.0	0.7678335
6415.0	0.7648517
6418.0	0.7644771
6421.0	0.7513214
6424.0	0.7549763
6427.0	0.7573076
6430.0	0.7475829
6433.0	0.7560136
6436.0	0.747645
6439.0	0.74274
6442.0	0.7474386
6445.0	0.746971
6448.0	0.7533051
6451.0	0.7473308
6454.0	0.7451588
6457.0	0.7444263
6460.0	0.7459809
6463.0	0.7387772
6466.0	0.7336743
6469.0	0.7380826
6472.0	0.7316539
6475.0	0.730215
6478.0	0.7287154
6481.0	0.7248386
6484.0	0.727587
6487.0	0.7223427
6490.0	0.7214807
6493.0	0.7167119
6496.0	0.7179537
6499.0	0.7068774
6502.0	0.7056869
6505.0	0.7122318
6508.0	0.7186313
6511.0	0.7070726
6514.0	0.6983557
6517.0	0.694726
6520.0	0.6911501
6523.0	0.6834269
6526.0	0.6819117
6529.0	0.686858
6532.0	0.6785161
6535.0	0.6865112
6538.0	0.678917
6541.0	0.6771339
6544.0	0.6753544
6547.0	0.6809024
6550.0	0.6663815
6553.0	0.6629897
6556.0	0.668115
6559.0	0.6736642
6562.0	0.6663495
6565.0	0.6542812
6568.0	0.6576706
6571.0	0.6563075
6574.0	0.6700816
6577.0	0.6556496
6580.0	0.6529904
6583.0	0.6461846
6586.0	0.6516731
6589.0	0.6552992
6592.0	0.6524558
6595.0	0.6412848
6598.0	0.6434863
6601.0	0.6478828
6604.0	0.6434112
6607.0	0.6481591
6610.0	0.632044
6613.0	0.6263505
6616.0	0.6246134
6619.0	0.6214485
6622.0	0.6218212
6625.0	0.6173439
6628.0	0.6205969
6631.0	0.6184991
6634.0	0.6218289
6637.0	0.6228268
6640.0	0.6197321
6643.0	0.6198767
6646.0	0.6187248
6649.0	0.6132653
6652.0	0.6047069
6655.0	0.6097398
6658.0	0.607514
6661.0	0.5998904
6664.0	0.6103629
6667.0	0.6078851
6670.0	0.6031801
6673.0	0.6075298
6676.0	0.5943665
6679.0	0.5946352
6682.0	0.5926248
6685.0	0.5949966
6688.0	0.5921556
6691.0	0.5883856
6694.0	0.5801067
6697.0	0.5800704
6700.0	0.5823112
6703.0	0.5794119
6706.0	0.582198
6709.0	0.5886332
6712.0	0.5793002
6715.0	0.5737488
6718.0	0.5770051
6721.0	0.5752719
6724.0	0.5725456
6727.0	0.5741013
6730.0	0.5704235
6733.0	0.5652668
6736.0	0.5655988
6739.0	0.5611538
6742.0	0.5520495
6745.0	0.5560881
6748.0	0.5628178
6751.0	0.5583
6754.0	0.5555498
6757.0	0.5525285
6760.0	0.5532252
6763.0	0.5543853
6766.0	0.5528263
6769.0	0.5420353
6772.0	0.5452746
6775.0	0.5431048
6778.0	0.5439177
6781.0	0.5392104
6784.0	0.5362428
6787.0	0.5337965
6790.0	0.5275038
6793.0	0.519102
6796.0	0.5170336
6799.0	0.5125458
6802.0	0.5062549
6805.0	0.503538
6808.0	0.5034296
6811.0	0.5022642
6814.0	0.5032447
6817.0	0.5009732
6820.0	0.4925668
6823.0	0.5005136
6826.0	0.4980741
6829.0	0.4934479
6832.0	0.4878425
6835.0	0.4895092
6838.0	0.4886338
6841.0	0.4865088
6844.0	0.4856314
6847.0	0.4917967
6850.0	0.488929
6853.0	0.4855718
6856.0	0.4914838
6859.0	0.4953205
6862.0	0.5005382
6865.0	0.5054971
6868.0	0.4982013
6871.0	0.4906741
6874.0	0.4790324
6877.0	0.4844398
6880.0	0.4923731
6883.0	0.4879653
6886.0	0.4942398
6889.0	0.4986262
6892.0	0.5012361
6895.0	0.4936984
6898.0	0.4941224
6901.0	0.4990565
6904.0	0.5036798
6907.0	0.4939694
6910.0	0.4878623
6913.0	0.4901697
6916.0	0.4947756
6919.0	0.4902875
6922.0	0.4914333
6925.0	0.4965553
6928.0	0.4908763
6931.0	0.4863904
6934.0	0.483623
6937.0	0.4785807
6940.0	0.4757625
6943.0	0.4832816
6946.0	0.4668013
6949.0	0.4751953
6952.0	0.4826554
6955.0	0.4779756
6958.0	0.4702112
6961.0	0.4748558
6964.0	0.4699455
6967.0	0.4707633
6970.0	0.4773543
6973.0	0.4810532
6976.0	0.476108
6979.0	0.473776
6982.0	0.4691117
6985.0	0.4687248
6988.0	0.4597082
6991.0	0.4525399
6994.0	0.4650931
6997.0	0.4673097
7000.0	0.4614057
7003.0	0.4661797
7006.0	0.4630891
7009.0	0.468753
7012.0	0.4660359
7015.0	0.460775
7018.0	0.4614896
7021.0	0.4641088
7024.0	0.466126
7027.0	0.4589036
7030.0	0.4622019
7033.0	0.4655751
7036.0	0.4602638
7039.0	0.4622545
7042.0	0.4633491
7045.0	0.4673108
7048.0	0.4639487
7051.0	0.4632381
7054.0	0.4619561
7057.0	0.4589903
7060.0	0.458566
7063.0	0.4653402
7066.0	0.4599048
7069.0	0.4583324
7072.0	0.4612212
7075.0	0.4632233
7078.0	0.4649613
7081.0	0.465208
7084.0	0.4585754
7087.0	0.4569022
7090.0	0.4590175
7093.0	0.4550674
7096.0	0.4636494
7099.0	0.4627555
7102.0	0.4544742
7105.0	0.4529081
7108.0	0.4603894
7111.0	0.4592257
7114.0	0.4557633
7117.0	0.4528902
7120.0	0.4622098
7123.0	0.4588053
7126.0	0.4533734
7129.0	0.4571574
7132.0	0.4567017
7135.0	0.4531561
7138.0	0.4560175
7141.0	0.4533055
7144.0	0.445521
7147.0	0.4441028
7150.0	0.4443572
7153.0	0.4470203
7156.0	0.4457422
7159.0	0.4446207
7162.0	0.4575898
7165.0	0.460197
7168.0	0.4469856
7171.0	0.4414653
7174.0	0.4340277
7177.0	0.4437221
7180.0	0.4371339
7183.0	0.4379464
7186.0	0.4316061
7189.0	0.4335442
7192.0	0.4357122
7195.0	0.4291897
7198.0	0.4310142
7201.0	0.4332769
7204.0	0.4316855
7207.0	0.4318092
7210.0	0.4371026
7213.0	0.4474566
7216.0	0.439838
7219.0	0.4407695
7222.0	0.4468428
7225.0	0.4464175
7228.0	0.4461929
7231.0	0.4477585
7234.0	0.4336796
7237.0	0.4265079
7240.0	0.430952
7243.0	0.4422702
7246.0	0.4451763
7249.0	0.4456921
7252.0	0.4326006
7255.0	0.421378
7258.0	0.4284164
7261.0	0.4312829
7264.0	0.4324049
7267.0	0.4362471
7270.0	0.4294578
7273.0	0.4344178
7276.0	0.429763
7279.0	0.4191197
7282.0	0.4252793
7285.0	0.4344358
7288.0	0.4285467
7291.0	0.430715
7294.0	0.4214651
7297.0	0.4226138
7300.0	0.4258809
7303.0	0.4213802
7306.0	0.4195069
7309.0	0.4225391
7312.0	0.4206077
7315.0	0.4164496
7318.0	0.4147004
7321.0	0.4168974
7324.0	0.4212831
7327.0	0.420628
7330.0	0.4164356
7333.0	0.413225
7336.0	0.4110683
7339.0	0.4014091
7342.0	0.4008454
7345.0	0.4013041
7348.0	0.3984069
7351.0	0.4036714
7354.0	0.4074666
7357.0	0.4039552
7360.0	0.395795
7363.0	0.3946148
7366.0	0.3996182
7369.0	0.3968166
7372.0	0.3960468
7375.0	0.3889459
7378.0	0.3801997
7381.0	0.3815618
7384.0	0.3845308
7387.0	0.3820725
7390.0	0.3733408
7393.0	0.3791069
7396.0	0.3782412
7399.0	0.3698854
7402.0	0.3679923
7405.0	0.3712912
7408.0	0.3698399
7411.0	0.369316
7414.0	0.3707666
7417.0	0.3689872
7420.0	0.3664925
7423.0	0.3601483
7426.0	0.3581124
7429.0	0.3589636
7432.0	0.3645271
7435.0	0.3536291
7438.0	0.3480718
7441.0	0.3508626
7444.0	0.3465493
7447.0	0.3468357
7450.0	0.3437356
7453.0	0.3350551
7456.0	0.3371622
7459.0	0.3441704
7462.0	0.3369895
7465.0	0.3206693
7468.0	0.3246106
7471.0	0.319806
7474.0	0.3180941
7477.0	0.3170407
7480.0	0.3094809
7483.0	0.3030899
7486.0	0.2964711
7489.0	0.2940515
7492.0	0.2849876
7495.0	0.2835214
7498.0	0.2858413
7501.0	0.2789343
7504.0	0.2702576
7507.0	0.2707497
7510.0	0.2639763
7513.0	0.2581196
7516.0	0.2498006
7519.0	0.2561461
7522.0	0.2489181
7525.0	0.2422497
7528.0	0.2409527
7531.0	0.2432926
7534.0	0.2431045
7537.0	0.2496052
7540.0	0.2549077
7543.0	0.2507752
7546.0	0.2511649
7549.0	0.2466917
7552.0	0.2463986
7555.0	0.2514763
7558.0	0.2459015
7561.0	0.258168
7564.0	0.2530578
7567.0	0.2568902
7570.0	0.2551059
7573.0	0.2546859
7576.0	0.2511626
7579.0	0.2535926
7582.0	0.2580777
7585.0	0.2587474
7588.0	0.2583832
7591.0	0.2667384
7594.0	0.2750695
7597.0	0.2611739
7600.0	0.2524851
7603.0	0.2492296
7606.0	0.2361028
7609.0	0.2296223
7612.0	0.2338153
7615.0	0.2394925
7618.0	0.2493892
7621.0	0.2708127
7624.0	0.2721145
7627.0	0.2610244
7630.0	0.2703514
7633.0	0.2610622
7636.0	0.2583321
7639.0	0.2585709
7642.0	0.2604489
7645.0	0.2625975
7648.0	0.2645484
7651.0	0.2726755
7654.0	0.2763662
7657.0	0.2821621
7660.0	0.283929
7663.0	0.2877902
7666.0	0.2939312
7669.0	0.2896952
7672.0	0.2944708
7675.0	0.3034835
7678.0	0.2995828
7681.0	0.2942213
7684.0	0.3020439
7687.0	0.3043418
7690.0	0.301899
7693.0	0.3080073
7696.0	0.3174573
7699.0	0.3187985
7702.0	0.3222596
7705.0	0.3166979
7708.0	0.3187421
7711.0	0.3232684
7714.0	0.320603
7717.0	0.3327295
7720.0	0.3266113
7723.0	0.3253466
7726.0	0.3318054
7729.0	0.326659
7732.0	0.3311032
7735.0	0.3241759
7738.0	0.3235682
7741.0	0.3216091
7744.0	0.3170571
7747.0	0.3189925
7750.0	0.321936
7753.0	0.3239748
7756.0	0.3193633
7759.0	0.3143356
7762.0	0.3158348
7765.0	0.3127873
7768.0	0.3064387
7771.0	0.2984858
7774.0	0.3015353
7777.0	0.298704
7780.0	0.2910019
7783.0	0.2961962
7786.0	0.2937788
7789.0	0.2862196
7792.0	0.2832139
7795.0	0.2831505
7798.0	0.276196
7801.0	0.272154
7804.0	0.264205
7807.0	0.2609234
7810.0	0.2556253
7813.0	0.2647905
7816.0	0.2544962
7819.0	0.2402288
7822.0	0.2370438
7825.0	0.2365841
7828.0	0.2275406
7831.0	0.2245602
7834.0	0.2160744
7837.0	0.2114
7840.0	0.2108516
7843.0	0.2067486
7846.0	0.2037177
7849.0	0.198349
7852.0	0.1882749
7855.0	0.1858411
7858.0	0.1785372
7861.0	0.1798283
7864.0	0.1742952
7867.0	0.1710541
7870.0	0.1680301
7873.0	0.1557822
7876.0	0.1541891
7879.0	0.1511078
7882.0	0.1357021
7885.0	0.1384242
7888.0	0.14077
7891.0	0.1319243
7894.0	0.1217421
7897.0	0.1206304
7900.0	0.12239
7903.0	0.1185054
7906.0	0.1096203
7909.0	0.1068947
7912.0	0.09945299
7915.0	0.1024633
7918.0	0.09480653
7921.0	0.09263381
7924.0	0.09368067
7927.0	0.09119043
7930.0	0.08810265
7933.0	0.08527554
7936.0	0.0843365
7939.0	0.08062136
7942.0	0.07958852
7945.0	0.0794751
7948.0	0.07375115
7951.0	0.0698275
7954.0	0.06686164
7957.0	0.06618159
7960.0	0.06542115
7963.0	0.06437638
7966.0	0.06008295
7969.0	0.06428616
7972.0	0.05815271
7975.0	0.0569052
7978.0	0.05612079
7981.0	0.05845017
7984.0	0.05973541
7987.0	0.05031906
7990.0	0.05113334
7993.0	0.06008677
7996.0	0.05850418
7999.0	0.05236658
8002.0	0.05262285
8005.0	0.0556172
8008.0	0.0542165
8011.0	0.05382656
8014.0	0.05701232
8017.0	0.05492485
8020.0	0.05467056
8023.0	0.04592672
8026.0	0.05023945
8029.0	0.05655904
8032.0	0.05290261
8035.0	0.05233755
8038.0	0.05033828
8041.0	0.05367586
8044.0	0.05074288
8047.0	0.05470064
8050.0	0.05906912
8053.0	0.05692476
8056.0	0.05587081
8059.0	0.05738098
8062.0	0.05712251
8065.0	0.0529638
8068.0	0.05559999
8071.0	0.06124627
8074.0	0.06033274
8077.0	0.06081724
8080.0	0.06543397
8083.0	0.065699
8086.0	0.05841385
8089.0	0.06122228
8092.0	0.0612348
8095.0	0.06306497
8098.0	0.06579847
8101.0	0.07017382
8104.0	0.0696699
8107.0	0.06619309
8110.0	0.07137579
8113.0	0.0725774
8116.0	0.06883913
8119.0	0.07295255
8122.0	0.07312388
8125.0	0.07231449
8128.0	0.07423462
8131.0	0.0786282
8134.0	0.07570649
8137.0	0.07592304
8140.0	0.07673831
8143.0	0.07861748
8146.0	0.07702497
8149.0	0.07650404
8152.0	0.08108963
8155.0	0.08581111
8158.0	0.09011937
8161.0	0.08634673
8164.0	0.08762715
8167.0	0.08897663
8170.0	0.08956545
8173.0	0.09928385
8176.0	0.09927993
8179.0	0.09415813
8182.0	0.1024951
8185.0	0.1130055
8188.0	0.112288
8191.0	0.1082328
8194.0	0.1199436
8197.0	0.1178916
8200.0	0.117964
8203.0	0.1171164
8206.0	0.1229601
8209.0	0.1274915
8212.0	0.125912
8215.0	0.1282035
8218.0	0.133101
8221.0	0.1380926
8224.0	0.1390467
8227.0	0.1349167
8230.0	0.1350133
8233.0	0.1389141
8236.0	0.1421843
8239.0	0.1453901
8242.0	0.1486394
8245.0	0.1483331
8248.0	0.1555437
8251.0	0.1559491
8254.0	0.1595518
8257.0	0.1569511
8260.0	0.165676
8263.0	0.1621889
8266.0	0.1648609
8269.0	0.1692141
8272.0	0.1660508
8275.0	0.1639943
8278.0	0.1645709
8281.0	0.1686
8284.0	0.1774354
8287.0	0.1811662
8290.0	0.1854278
8293.0	0.1772364
8296.0	0.1786429
8299.0	0.1834532
8302.0	0.179462
8305.0	0.1832054
8308.0	0.187054
8311.0	0.1876955
8314.0	0.1881258
8317.0	0.1915855
8320.0	0.1915511
8323.0	0.1955314
8326.0	0.1984958
8329.0	0.1991651
8332.0	0.1998079
8335.0	0.2044853
8338.0	0.2038312
8341.0	0.2051174
8344.0	0.2087386
8347.0	0.208156
8350.0	0.2145073
8353.0	0.2111524
8356.0	0.2155032
8359.0	0.208665
8362.0	0.2139549
8365.0	0.2200391
8368.0	0.2239363
8371.0	0.223752
8374.0	0.2275269
8377.0	0.2279254
8380.0	0.2323216
8383.0	0.2335192
8386.0	0.2325206
8389.0	0.2322615
8392.0	0.2357211
8395.0	0.2338538
8398.0	0.2368553
8401.0	0.2481206
8404.0	0.2419982
8407.0	0.2353295
8410.0	0.2304818
8413.0	0.2351247
8416.0	0.2359326
8419.0	0.2444414
8422.0	0.2458133
8425.0	0.2527296
8428.0	0.2480695
8431.0	0.2464476
8434.0	0.2454491
8437.0	0.2475946
8440.0	0.2577408
8443.0	0.2578273
8446.0	0.2595155
8449.0	0.2614851
8452.0	0.2655898
8455.0	0.2688113
8458.0	0.2677687
8461.0	0.2712015
8464.0	0.270277
8467.0	0.2694328
8470.0	0.2755283
8473.0	0.2772281
8476.0	0.2888077
8479.0	0.2897672
8482.0	0.2879111
8485.0	0.2924935
8488.0	0.2955422
8491.0	0.2924638
8494.0	0.2983307
8497.0	0.2942269
8500.0	0.294055
8503.0	0.3076635
8506.0	0.3090576
8509.0	0.308927
8512.0	0.3116006
8515.0	0.3178587
8518.0	0.316706
8521.0	0.3197363
8524.0	0.3225669
8527.0	0.3182509
8530.0	0.3207081
8533.0	0.3275336
8536.0	0.3347336
8539.0	0.3341743
8542.0	0.3369206
8545.0	0.3393843
8548.0	0.3394285
8551.0	0.3375058
8554.0	0.3358612
8557.0	0.3356863
8560.0	0.3390906
8563.0	0.3469397
8566.0	0.3441201
8569.0	0.3410137
8572.0	0.3400819
8575.0	0.3493104
8578.0	0.3538792
8581.0	0.3507663
8584.0	0.3547199
8587.0	0.3567266
8590.0	0.3493434
8593.0	0.3483632
8596.0	0.3491815
8599.0	0.3551768
8602.0	0.3536484
8605.0	0.3490332
8608.0	0.3576155
8611.0	0.3535289
8614.0	0.3488034
8617.0	0.3507071
8620.0	0.3561972
8623.0	0.3595722
8626.0	0.3558319
8629.0	0.3556648
8632.0	0.3590416
8635.0	0.350341
8638.0	0.3545796
8641.0	0.359977
8644.0	0.3552591
8647.0	0.3536163
8650.0	0.3529286
8653.0	0.3567055
8656.0	0.359328
8659.0	0.360728
8662.0	0.3531594
8665.0	0.3486845
8668.0	0.3544296
8671.0	0.3542279
8674.0	0.3550958
8677.0	0.3542194
8680.0	0.3575923
8683.0	0.3492643
8686.0	0.3520569
8689.0	0.3533214
8692.0	0.3550208
8695.0	0.349817
8698.0	0.3504554
8701.0	0.3525769
8704.0	0.3553059
8707.0	0.3504496
8710.0	0.3432213
8713.0	0.3464609
8716.0	0.3523162
8719.0	0.3513661
8722.0	0.3400745
8725.0	0.3441386
8728.0	0.3444692
8731.0	0.3454215
8734.0	0.3424096
8737.0	0.3404889
8740.0	0.3429226
8743.0	0.3447306
8746.0	0.3478614
8749.0	0.3475149
8752.0	0.3378291
8755.0	0.3430432
8758.0	0.3489314
8761.0	0.3426177
8764.0	0.3482435
8767.0	0.3374735
8770.0	0.3340053
8773.0	0.3269714
8776.0	0.3248481
8779.0	0.3403557
8782.0	0.337876
8785.0	0.3432746
8788.0	0.3428167
8791.0	0.3422588
8794.0	0.3396209
8797.0	0.3367722
8800.0	0.3414993
8803.0	0.3367679
8806.0	0.3336613
8809.0	0.338691
8812.0	0.3403064
8815.0	0.3368842
8818.0	0.3329688
8821.0	0.326108
8824.0	0.334024
8827.0	0.3538295
8830.0	0.3452617
8833.0	0.3384558
8836.0	0.3408392
8839.0	0.3308184
8842.0	0.3260722
8845.0	0.3307992
8848.0	0.3321499
8851.0	0.3270046
8854.0	0.3206326
8857.0	0.3233202
8860.0	0.3254926
8863.0	0.3219862
8866.0	0.3147586
8869.0	0.312253
8872.0	0.3140066
8875.0	0.3107518
8878.0	0.3104571
8881.0	0.3161567
8884.0	0.3126341
8887.0	0.3020079
8890.0	0.2848732
8893.0	0.2874525
8896.0	0.2905692
8899.0	0.2925612
8902.0	0.2943446
8905.0	0.2802486
8908.0	0.2780438
8911.0	0.2762586
8914.0	0.2695869
8917.0	0.2592141
8920.0	0.2708775
8923.0	0.2654292
8926.0	0.2679044
8929.0	0.2578433
8932.0	0.246039
8935.0	0.2469839
8938.0	0.2443783
8941.0	0.2533468
8944.0	0.2534574
8947.0	0.243768
8950.0	0.2436534
8953.0	0.2455198
8956.0	0.2507352
8959.0	0.2434024
8962.0	0.2395014
8965.0	0.2413014
8968.0	0.2374598
8971.0	0.2371269
8974.0	0.2454225
8977.0	0.2428356
8980.0	0.2403014
8983.0	0.2478843
8986.0	0.2442991
8989.0	0.2310971
8992.0	0.2347367
8995.0	0.2447498
8998.0	0.2515022
9001.0	0.2484716
9004.0	0.2474468
9007.0	0.2506181
9010.0	0.2458958
9013.0	0.2449809
9016.0	0.2472079
9019.0	0.2439981
9022.0	0.2495417
9025.0	0.2546404
9028.0	0.2570309
9031.0	0.2577938
9034.0	0.2683082
9037.0	0.2724867
9040.0	0.2669518
9043.0	0.2601362
9046.0	0.2640828
9049.0	0.2637211
9052.0	0.2568006
9055.0	0.2599044
9058.0	0.2708776
9061.0	0.2708826
9064.0	0.2725488
9067.0	0.2721721
9070.0	0.2666197
9073.0	0.261995
9076.0	0.2647462
9079.0	0.2685849
9082.0	0.2641795
9085.0	0.274039
9088.0	0.2692212
9091.0	0.2598081
9094.0	0.261414
9097.0	0.2734595
9100.0	0.2697255
9103.0	0.2642847
9106.0	0.2624094
9109.0	0.2595426
9112.0	0.2618531
9115.0	0.2609518
9118.0	0.2640346
9121.0	0.2651755
9124.0	0.2635152
9127.0	0.2605797
9130.0	0.2562493
9133.0	0.2554023
9136.0	0.2546705
9139.0	0.2532336
9142.0	0.2583287
9145.0	0.2609977
9148.0	0.2584805
9151.0	0.2579354
9154.0	0.2549663
9157.0	0.2567768
9160.0	0.2635239
9163.0	0.2633418
9166.0	0.2604078
9169.0	0.2574154
9172.0	0.2599968
9175.0	0.2571336
9178.0	0.2594545
9181.0	0.2651948
9184.0	0.2566
9187.0	0.2630391
9190.0	0.2695574
9193.0	0.2695016
9196.0	0.2694047
9199.0	0.2716451
9202.0	0.2746837
9205.0	0.2747531
9208.0	0.2763612
9211.0	0.2799108
9214.0	0.2821357
9217.0	0.2827485
9220.0	0.2808659
9223.0	0.2861592
9226.0	0.287443
9229.0	0.2895676
9232.0	0.2862296
9235.0	0.281178
9238.0	0.2852439
9241.0	0.2798748
9244.0	0.2790466
9247.0	0.2845555
9250.0	0.289794
9253.0	0.2944729
9256.0	0.2962416
9259.0	0.294696
9262.0	0.2945982
9265.0	0.2958582
9268.0	0.2987191
9271.0	0.2957402
9274.0	0.2909463
9277.0	0.2900523
9280.0	0.2809145
9283.0	0.2825845
9286.0	0.282671
9289.0	0.2770588
9292.0	0.2825997
9295.0	0.2778558
9298.0	0.2787535
9301.0	0.2827511
9304.0	0.2854366
9307.0	0.2820768
9310.0	0.2496589
9313.0	0.2663464
9316.0	0.2787555
9319.0	0.2514394
9322.0	0.2707908
9325.0	0.2669312
9328.0	0.2569404
9331.0	0.2610309
9334.0	0.2446734
9337.0	0.2415953
9340.0	0.2619801
9343.0	0.2540747
9346.0	0.2404901
9349.0	0.2620733
9352.0	0.2804883
9355.0	0.2660702
9358.0	0.2385925
9361.0	0.2545474
9364.0	0.2627209
9367.0	0.2548111
9370.0	0.2576566
9373.0	0.2452342
9376.0	0.2682978
9379.0	0.2693583
9382.0	0.2499329
9385.0	0.2673502
9388.0	0.2785915
9391.0	0.2849344
9394.0	0.2952305
9397.0	0.2927998
9400.0	0.2840073
9403.0	0.2782629
9406.0	0.2791292
9409.0	0.2741761
9412.0	0.2717812
9415.0	0.2680216
9418.0	0.2713147
9421.0	0.2622558
9424.0	0.2668553
9427.0	0.2714179
9430.0	0.2420368
9433.0	0.2630136
9436.0	0.2714224
9439.0	0.2553581
9442.0	0.2485123
9445.0	0.2460162
9448.0	0.2599829
9451.0	0.2635834
9454.0	0.2708565
9457.0	0.2442461
9460.0	0.2354987
9463.0	0.2460044
9466.0	0.2557155
9469.0	0.2464847
9472.0	0.2581044
9475.0	0.2611873
9478.0	0.2387437
9481.0	0.2498739
9484.0	0.244396
9487.0	0.2445126
9490.0	0.2620972
9493.0	0.2598813
9496.0	0.2382299
9499.0	0.2337034
9502.0	0.242104
9505.0	0.2411884
9508.0	0.2518808
9511.0	0.2570789
9514.0	0.2547902
9517.0	0.2471309
9520.0	0.2322075
9523.0	0.2308324
9526.0	0.2295957
9529.0	0.2425387
9532.0	0.2451838
9535.0	0.2469559
9538.0	0.2451722
9541.0	0.2549027
9544.0	0.2459567
9547.0	0.2394163
9550.0	0.2410154
9553.0	0.2427052
9556.0	0.2350032
9559.0	0.2253405
9562.0	0.226614
9565.0	0.2276163
9568.0	0.2238418
9571.0	0.2238059
9574.0	0.2451961
9577.0	0.2377625
9580.0	0.2341106
9583.0	0.220323
9586.0	0.2196708
9589.0	0.2251998
9592.0	0.220431
9595.0	0.1886826
9598.0	0.109091
9601.0	0.1726875
9604.0	0.2335853
9607.0	0.2233034
9610.0	0.2167185
9613.0	0.2185178
9616.0	0.2277438
9619.0	0.2207478
9622.0	0.2186437
9625.0	0.2068407
9628.0	0.2093869
9631.0	0.2178316
9634.0	0.2196866
9637.0	0.216747
9640.0	0.2147622
9643.0	0.2124153
9646.0	0.205741
9649.0	0.2082373
9652.0	0.2131739
9655.0	0.2145691
9658.0	0.2080427
9661.0	0.2086002
9664.0	0.2082499
9667.0	0.2100917
9670.0	0.2213478
9673.0	0.2131968
9676.0	0.2057674
9679.0	0.2069982
9682.0	0.2028479
9685.0	0.2175021
9688.0	0.2153057
9691.0	0.2084885
9694.0	0.2016085
9697.0	0.2016015
9700.0	0.2183967
9703.0	0.210235
9706.0	0.2072718
9709.0	0.1942661
9712.0	0.1990212
9715.0	0.2092647
9718.0	0.2072575
9721.0	0.2007394
9724.0	0.1930414
9727.0	0.1929671
9730.0	0.2021416
9733.0	0.1930233
9736.0	0.1942886
9739.0	0.2012099
9742.0	0.1945553
9745.0	0.1950893
9748.0	0.1935451
9751.0	0.1882684
9754.0	0.1924443
9757.0	0.1898348
9760.0	0.1867854
9763.0	0.176035
9766.0	0.1800579
9769.0	0.1891905
9772.0	0.1882097
9775.0	0.1816138
9778.0	0.1898337
9781.0	0.1921322
9784.0	0.1900614
9787.0	0.1925951
9790.0	0.1991151
9793.0	0.1888648
9796.0	0.1912956
9799.0	0.1892458
9802.0	0.1808347
9805.0	0.1890301
9808.0	0.1852138
9811.0	0.1753243
9814.0	0.1795099
9817.0	0.1779333
9820.0	0.177554
9823.0	0.182617
9826.0	0.1870692
9829.0	0.1783678
9832.0	0.1906043
9835.0	0.1802636
9838.0	0.188019
9841.0	0.1824197
9844.0	0.1754184
9847.0	0.1794913
9850.0	0.1778618
9853.0	0.1842868
9856.0	0.1869667
9859.0	0.1828752
9862.0	0.1869217
9865.0	0.1848731
9868.0	0.1890422
9871.0	0.1625921
9874.0	0.1670161
9877.0	0.1875942
9880.0	0.1873069
9883.0	0.1885627
9886.0	0.1818145
9889.0	0.1859896
9892.0	0.1890569
9895.0	0.1847807
9898.0	0.1761294
9901.0	0.1830345
9904.0	0.1942931
9907.0	0.1946805
9910.0	0.1836232
9913.0	0.1842611
9916.0	0.1932957
9919.0	0.1916918
9922.0	0.1898794
9925.0	0.1848894
9928.0	0.1856536
9931.0	0.1900764
9934.0	0.1913415
9937.0	0.193473
9940.0	0.1846282
9943.0	0.1770099
9946.0	0.1764677
9949.0	0.1884116
9952.0	0.1732572
9955.0	0.1632847
9958.0	0.187065
9961.0	0.1890933
9964.0	0.1962133
9967.0	0.2027137
9970.0	0.186913
9973.0	0.1829923
9976.0	0.1853235
9979.0	0.1830393
9982.0	0.1844832
9985.0	0.190553
9988.0	0.1880556
9991.0	0.1883676
9994.0	0.1911851
9997.0	0.1918783
10000.0	0.183625
10003.0	0.1832373
10006.0	0.1856401
10009.0	0.1812297
10012.0	0.1827042
10015.0	0.1773221
10018.0	0.1720737
10021.0	0.1772514
10024.0	0.1810897
10027.0	0.1953851
10030.0	0.178593
10033.0	0.1872207
10036.0	0.2000217
10039.0	0.190516
10042.0	0.1775008
10045.0	0.1753884
10048.0	0.1747394
10051.0	0.1821256
10054.0	0.1926291
10057.0	0.1826918
10060.0	0.1738017
10063.0	0.1780263
10066.0	0.1754894
10069.0	0.1808999
10072.0	0.1717879
10075.0	0.1703808
10078.0	0.1818209
10081.0	0.1690929
10084.0	0.1842519
10087.0	0.1871931
10090.0	0.1729645
10093.0	0.176161
10096.0	0.1710651
10099.0	0.1781821
10102.0	0.191682
10105.0	0.1847861
10108.0	0.1756644
10111.0	0.1801152
10114.0	0.1851388
10117.0	0.1440995
10120.0	0.1704169
10123.0	0.1909659
10126.0	0.1980536
10129.0	0.1866851
10132.0	0.1937972
10135.0	0.1976664
10138.0	0.1766612
10141.0	0.1788573
10144.0	0.1957287
10147.0	0.1787833
10150.0	0.2032557
10153.0	0.1783192
10156.0	0.1549227
10159.0	0.1859338
10162.0	0.1918446
10165.0	0.2035659
10168.0	0.2117467
10171.0	0.1916106
10174.0	0.1800885
10177.0	0.1642022
10180.0	0.1807229
10183.0	0.1752828
10186.0	0.1540938
10189.0	0.1948761
10192.0	0.2061988
10195.0	0.1912408
10198.0	0.1701842
10201.0	0.1955022
10204.0	0.1948786
10207.0	0.1400735
10210.0	0.154743
10213.0	0.1773677
10216.0	0.1607082
10219.0	0.1709404
10222.0	0.1915494
10225.0	0.1764068
10228.0	0.1403589
10231.0	0.1112814
10234.0	0.1223509
10237.0	0.1596264
10240.0	0.1903512
10243.0	0.1724828
10246.0	0.1590177
10249.0	0.1834243
