#	 2017fbs 
#	 UT date of observation: 20170703 
#	 Telescope/Instrument: Lick3m/KAST 
#	 Estimated Peak MJD: 57945.711 
#	 Estimated redshift: 0.036 
#	 Estimated Phase: -8.4 
#	 Published in Dettman et al. 2020 
#	 Observed barycentric wavelength (Angstroms)    F_lambda
3240.0	5.259391e-16
3243.0	5.655465e-16
3246.0	5.674008e-16
3249.0	-9.085889e-17
3252.0	5.567693e-16
3255.0	4.181334e-16
3258.0	-2.315495e-16
3261.0	2.551922e-16
3264.0	4.794523e-16
3267.0	2.719297e-16
3270.0	6.67195e-16
3273.0	3.198349e-16
3276.0	4.756241e-16
3279.0	1.643329e-16
3282.0	3.204988e-16
3285.0	4.116571e-16
3288.0	5.828719e-16
3291.0	2.046273e-16
3294.0	1.857481e-16
3297.0	3.425497e-16
3300.0	5.858676e-16
3303.0	1.706317e-16
3306.0	4.497691e-16
3309.0	3.797712e-16
3312.0	3.320963e-16
3315.0	4.439928e-16
3318.0	3.007838e-16
3321.0	2.124478e-16
3324.0	5.890379e-16
3327.0	1.976812e-16
3330.0	3.320012e-16
3333.0	2.226496e-16
3336.0	2.274372e-16
3339.0	3.633173e-16
3342.0	4.771165e-16
3345.0	3.418701e-16
3348.0	1.015102e-16
3351.0	1.566585e-16
3354.0	3.386084e-16
3357.0	2.208876e-16
3360.0	4.949948e-16
3363.0	3.957675e-16
3366.0	2.169154e-16
3369.0	3.47093e-16
3372.0	1.424009e-16
3375.0	4.430278e-16
3378.0	4.110037e-16
3381.0	2.816102e-16
3384.0	2.617208e-16
3387.0	4.200777e-16
3390.0	2.134675e-16
3393.0	5.496309e-16
3396.0	3.033248e-16
3399.0	3.525583e-16
3402.0	4.122194e-16
3405.0	3.826381e-16
3408.0	3.400185e-16
3411.0	4.832945e-16
3414.0	4.041066e-16
3417.0	4.451002e-16
3420.0	4.136577e-16
3423.0	4.631048e-16
3426.0	2.471452e-16
3429.0	3.229603e-16
3432.0	2.525214e-16
3435.0	3.963565e-16
3438.0	4.163488e-16
3441.0	3.986227e-16
3444.0	4.896835e-16
3447.0	5.530504e-16
3450.0	3.55545e-16
3453.0	5.342265e-16
3456.0	5.279987e-16
3459.0	5.323911e-16
3462.0	4.702509e-16
3465.0	4.326495e-16
3468.0	4.392311e-16
3471.0	4.907527e-16
3474.0	5.379804e-16
3477.0	3.998678e-16
3480.0	3.629139e-16
3483.0	4.645638e-16
3486.0	4.169425e-16
3489.0	4.826539e-16
3492.0	3.281468e-16
3495.0	4.617379e-16
3498.0	4.896066e-16
3501.0	3.959477e-16
3504.0	3.797536e-16
3507.0	4.459684e-16
3510.0	4.554046e-16
3513.0	4.449415e-16
3516.0	4.259157e-16
3519.0	3.974067e-16
3522.0	4.630936e-16
3525.0	5.323566e-16
3528.0	5.098439e-16
3531.0	4.660598e-16
3534.0	4.575991e-16
3537.0	3.545919e-16
3540.0	5.06724e-16
3543.0	5.525237e-16
3546.0	3.59281e-16
3549.0	5.193598e-16
3552.0	4.773936e-16
3555.0	5.569124e-16
3558.0	5.414551e-16
3561.0	3.791337e-16
3564.0	4.900252e-16
3567.0	4.764224e-16
3570.0	4.913778e-16
3573.0	4.638726e-16
3576.0	4.726167e-16
3579.0	4.623655e-16
3582.0	4.830319e-16
3585.0	3.606306e-16
3588.0	4.59712e-16
3591.0	4.385976e-16
3594.0	4.479082e-16
3597.0	4.014851e-16
3600.0	4.04773e-16
3603.0	3.724274e-16
3606.0	4.090899e-16
3609.0	4.154059e-16
3612.0	4.124968e-16
3615.0	4.440638e-16
3618.0	5.11752e-16
3621.0	4.253561e-16
3624.0	4.744094e-16
3627.0	4.504564e-16
3630.0	4.57778e-16
3633.0	4.364038e-16
3636.0	5.425857e-16
3639.0	4.57213e-16
3642.0	4.466084e-16
3645.0	5.241572e-16
3648.0	4.491467e-16
3651.0	5.428518e-16
3654.0	5.209603e-16
3657.0	4.370706e-16
3660.0	3.728633e-16
3663.0	3.791288e-16
3666.0	4.282481e-16
3669.0	4.214168e-16
3672.0	4.781927e-16
3675.0	4.09976e-16
3678.0	4.669138e-16
3681.0	4.528782e-16
3684.0	4.387342e-16
3687.0	4.782167e-16
3690.0	4.56522e-16
3693.0	3.958204e-16
3696.0	4.297506e-16
3699.0	3.660791e-16
3702.0	3.545122e-16
3705.0	4.466344e-16
3708.0	3.812793e-16
3711.0	4.026343e-16
3714.0	3.642522e-16
3717.0	3.435187e-16
3720.0	3.995362e-16
3723.0	3.601926e-16
3726.0	3.5632e-16
3729.0	3.683328e-16
3732.0	3.358766e-16
3735.0	3.267657e-16
3738.0	3.654912e-16
3741.0	3.319779e-16
3744.0	3.504792e-16
3747.0	3.554776e-16
3750.0	3.272575e-16
3753.0	3.252208e-16
3756.0	2.928392e-16
3759.0	2.869216e-16
3762.0	3.130959e-16
3765.0	2.68412e-16
3768.0	2.7472e-16
3771.0	2.60497e-16
3774.0	2.585264e-16
3777.0	3.000577e-16
3780.0	2.362724e-16
3783.0	2.445745e-16
3786.0	2.472224e-16
3789.0	2.029417e-16
3792.0	2.334379e-16
3795.0	2.073064e-16
3798.0	2.205971e-16
3801.0	2.108431e-16
3804.0	2.074605e-16
3807.0	1.980181e-16
3810.0	2.027675e-16
3813.0	2.095528e-16
3816.0	2.06877e-16
3819.0	1.79303e-16
3822.0	1.752197e-16
3825.0	2.443765e-16
3828.0	2.034667e-16
3831.0	1.754796e-16
3834.0	1.964379e-16
3837.0	2.443047e-16
3840.0	2.028297e-16
3843.0	2.449536e-16
3846.0	2.295829e-16
3849.0	2.282324e-16
3852.0	2.057761e-16
3855.0	2.149509e-16
3858.0	2.438571e-16
3861.0	2.765703e-16
3864.0	2.201641e-16
3867.0	2.581284e-16
3870.0	2.186461e-16
3873.0	2.259468e-16
3876.0	2.482316e-16
3879.0	1.966646e-16
3882.0	2.130786e-16
3885.0	2.541053e-16
3888.0	2.723584e-16
3891.0	2.23413e-16
3894.0	1.95977e-16
3897.0	2.229941e-16
3900.0	2.14101e-16
3903.0	2.505147e-16
3906.0	2.296437e-16
3909.0	2.531128e-16
3912.0	2.310306e-16
3915.0	2.29766e-16
3918.0	2.618938e-16
3921.0	2.287756e-16
3924.0	2.137227e-16
3927.0	2.437034e-16
3930.0	2.695432e-16
3933.0	2.778279e-16
3936.0	3.032569e-16
3939.0	2.974869e-16
3942.0	3.071349e-16
3945.0	3.266891e-16
3948.0	3.036909e-16
3951.0	3.360227e-16
3954.0	3.249908e-16
3957.0	3.483545e-16
3960.0	3.73815e-16
3963.0	3.636424e-16
3966.0	3.91842e-16
3969.0	3.820408e-16
3972.0	4.260654e-16
3975.0	3.650481e-16
3978.0	4.647475e-16
3981.0	4.054397e-16
3984.0	4.440556e-16
3987.0	4.436755e-16
3990.0	4.477481e-16
3993.0	4.291085e-16
3996.0	4.52662e-16
3999.0	4.732612e-16
4002.0	3.992047e-16
4005.0	4.395264e-16
4008.0	5.278683e-16
4011.0	4.237964e-16
4014.0	4.528997e-16
4017.0	4.838706e-16
4020.0	4.933301e-16
4023.0	4.645996e-16
4026.0	4.821679e-16
4029.0	4.956171e-16
4032.0	5.302094e-16
4035.0	5.443602e-16
4038.0	5.418314e-16
4041.0	5.657075e-16
4044.0	5.562557e-16
4047.0	5.380552e-16
4050.0	5.273209e-16
4053.0	4.814724e-16
4056.0	4.756943e-16
4059.0	4.670487e-16
4062.0	4.918438e-16
4065.0	4.731849e-16
4068.0	4.662314e-16
4071.0	4.375274e-16
4074.0	3.874004e-16
4077.0	4.256332e-16
4080.0	4.17024e-16
4083.0	4.50138e-16
4086.0	4.733022e-16
4089.0	3.914234e-16
4092.0	4.374423e-16
4095.0	4.397912e-16
4098.0	4.009751e-16
4101.0	4.313518e-16
4104.0	4.228775e-16
4107.0	4.554129e-16
4110.0	4.359413e-16
4113.0	4.165548e-16
4116.0	4.027715e-16
4119.0	4.335844e-16
4122.0	3.666605e-16
4125.0	4.263531e-16
4128.0	4.324424e-16
4131.0	4.305167e-16
4134.0	4.285491e-16
4137.0	4.001918e-16
4140.0	4.147987e-16
4143.0	4.599786e-16
4146.0	4.441258e-16
4149.0	4.880395e-16
4152.0	5.037596e-16
4155.0	4.890321e-16
4158.0	4.620008e-16
4161.0	4.510442e-16
4164.0	4.954185e-16
4167.0	4.553128e-16
4170.0	5.008477e-16
4173.0	4.860706e-16
4176.0	5.095355e-16
4179.0	5.211692e-16
4182.0	4.888952e-16
4185.0	5.215341e-16
4188.0	5.379872e-16
4191.0	5.017726e-16
4194.0	5.322771e-16
4197.0	5.474145e-16
4200.0	5.66702e-16
4203.0	5.053044e-16
4206.0	4.96471e-16
4209.0	5.274325e-16
4212.0	5.443987e-16
4215.0	4.963955e-16
4218.0	4.802835e-16
4221.0	5.030224e-16
4224.0	5.360985e-16
4227.0	5.094575e-16
4230.0	5.040942e-16
4233.0	4.884336e-16
4236.0	5.054132e-16
4239.0	4.976103e-16
4242.0	4.994383e-16
4245.0	4.938748e-16
4248.0	5.332463e-16
4251.0	5.063442e-16
4254.0	4.520186e-16
4257.0	5.261028e-16
4260.0	4.625027e-16
4263.0	4.637719e-16
4266.0	5.21944e-16
4269.0	4.690008e-16
4272.0	4.612357e-16
4275.0	4.757794e-16
4278.0	4.47804e-16
4281.0	4.817962e-16
4284.0	5.139454e-16
4287.0	5.088401e-16
4290.0	5.112511e-16
4293.0	4.772339e-16
4296.0	4.128649e-16
4299.0	4.453054e-16
4302.0	4.609139e-16
4305.0	4.639854e-16
4308.0	4.61608e-16
4311.0	4.340116e-16
4314.0	4.374783e-16
4317.0	4.340921e-16
4320.0	3.956236e-16
4323.0	4.333983e-16
4326.0	4.191866e-16
4329.0	4.350512e-16
4332.0	4.038893e-16
4335.0	4.014806e-16
4338.0	4.029816e-16
4341.0	4.169131e-16
4344.0	3.716087e-16
4347.0	3.716628e-16
4350.0	3.613769e-16
4353.0	4.259296e-16
4356.0	3.917672e-16
4359.0	3.716551e-16
4362.0	3.848366e-16
4365.0	3.50361e-16
4368.0	3.531124e-16
4371.0	3.461856e-16
4374.0	3.839245e-16
4377.0	3.457622e-16
4380.0	3.982898e-16
4383.0	3.529059e-16
4386.0	3.389568e-16
4389.0	3.273553e-16
4392.0	3.164476e-16
4395.0	3.547701e-16
4398.0	3.296672e-16
4401.0	2.722765e-16
4404.0	2.97491e-16
4407.0	2.641912e-16
4410.0	3.083597e-16
4413.0	2.436321e-16
4416.0	2.369191e-16
4419.0	2.190351e-16
4422.0	2.756551e-16
4425.0	2.609305e-16
4428.0	2.437087e-16
4431.0	2.437322e-16
4434.0	3.002522e-16
4437.0	2.694946e-16
4440.0	2.90374e-16
4443.0	3.00756e-16
4446.0	2.760443e-16
4449.0	2.889579e-16
4452.0	2.944892e-16
4455.0	2.851388e-16
4458.0	3.028247e-16
4461.0	3.121206e-16
4464.0	3.200623e-16
4467.0	2.863643e-16
4470.0	2.774624e-16
4473.0	2.659071e-16
4476.0	3.11884e-16
4479.0	3.072262e-16
4482.0	3.139376e-16
4485.0	3.014337e-16
4488.0	2.994245e-16
4491.0	2.975876e-16
4494.0	3.259444e-16
4497.0	3.134947e-16
4500.0	2.755497e-16
4503.0	3.481292e-16
4506.0	3.073825e-16
4509.0	3.294153e-16
4512.0	3.432792e-16
4515.0	3.256048e-16
4518.0	3.276388e-16
4521.0	3.146415e-16
4524.0	3.363406e-16
4527.0	3.19668e-16
4530.0	2.911132e-16
4533.0	3.245928e-16
4536.0	3.055164e-16
4539.0	2.914843e-16
4542.0	3.006158e-16
4545.0	3.383484e-16
4548.0	3.453764e-16
4551.0	3.189745e-16
4554.0	3.516752e-16
4557.0	3.272378e-16
4560.0	3.113309e-16
4563.0	3.082977e-16
4566.0	3.457339e-16
4569.0	3.102745e-16
4572.0	3.306698e-16
4575.0	3.403397e-16
4578.0	3.547672e-16
4581.0	3.482233e-16
4584.0	3.687919e-16
4587.0	3.256045e-16
4590.0	3.474835e-16
4593.0	3.544213e-16
4596.0	3.809624e-16
4599.0	3.37731e-16
4602.0	3.302294e-16
4605.0	3.423234e-16
4608.0	3.402263e-16
4611.0	3.195173e-16
4614.0	3.265784e-16
4617.0	3.788e-16
4620.0	3.459454e-16
4623.0	3.126506e-16
4626.0	3.208839e-16
4629.0	3.364305e-16
4632.0	3.562141e-16
4635.0	3.524084e-16
4638.0	3.472082e-16
4641.0	3.508539e-16
4644.0	3.764263e-16
4647.0	3.455836e-16
4650.0	3.702454e-16
4653.0	3.756913e-16
4656.0	3.489626e-16
4659.0	3.604846e-16
4662.0	3.55481e-16
4665.0	3.570105e-16
4668.0	3.188618e-16
4671.0	3.458596e-16
4674.0	3.606896e-16
4677.0	3.575002e-16
4680.0	3.533387e-16
4683.0	3.434512e-16
4686.0	3.292329e-16
4689.0	3.702951e-16
4692.0	3.233213e-16
4695.0	3.445581e-16
4698.0	3.57952e-16
4701.0	3.289045e-16
4704.0	3.299922e-16
4707.0	3.231821e-16
4710.0	3.494326e-16
4713.0	3.489741e-16
4716.0	3.474367e-16
4719.0	3.542022e-16
4722.0	3.441445e-16
4725.0	3.602619e-16
4728.0	3.723708e-16
4731.0	3.712792e-16
4734.0	3.096373e-16
4737.0	3.41235e-16
4740.0	3.477922e-16
4743.0	3.470041e-16
4746.0	3.623057e-16
4749.0	3.487696e-16
4752.0	3.41819e-16
4755.0	3.23638e-16
4758.0	3.299464e-16
4761.0	3.191283e-16
4764.0	3.172269e-16
4767.0	2.935242e-16
4770.0	3.186727e-16
4773.0	2.944263e-16
4776.0	3.171607e-16
4779.0	2.901534e-16
4782.0	3.148327e-16
4785.0	2.906747e-16
4788.0	2.890383e-16
4791.0	3.178865e-16
4794.0	2.779843e-16
4797.0	2.706109e-16
4800.0	3.147002e-16
4803.0	3.081306e-16
4806.0	2.867011e-16
4809.0	2.735542e-16
4812.0	2.93339e-16
4815.0	3.001208e-16
4818.0	3.104711e-16
4821.0	2.917767e-16
4824.0	3.322331e-16
4827.0	2.776965e-16
4830.0	3.170185e-16
4833.0	2.893125e-16
4836.0	2.860636e-16
4839.0	3.126727e-16
4842.0	2.904733e-16
4845.0	2.995303e-16
4848.0	3.216767e-16
4851.0	2.966406e-16
4854.0	2.844766e-16
4857.0	2.816136e-16
4860.0	2.877571e-16
4863.0	2.622926e-16
4866.0	2.681092e-16
4869.0	2.790887e-16
4872.0	2.742413e-16
4875.0	2.522099e-16
4878.0	2.720353e-16
4881.0	2.728904e-16
4884.0	2.415621e-16
4887.0	2.51019e-16
4890.0	2.825552e-16
4893.0	2.91855e-16
4896.0	2.623066e-16
4899.0	2.760704e-16
4902.0	2.56833e-16
4905.0	2.850821e-16
4908.0	2.657173e-16
4911.0	2.710698e-16
4914.0	2.644242e-16
4917.0	2.999692e-16
4920.0	2.824539e-16
4923.0	2.859417e-16
4926.0	2.947093e-16
4929.0	2.672179e-16
4932.0	2.536041e-16
4935.0	2.67632e-16
4938.0	2.819828e-16
4941.0	2.552463e-16
4944.0	2.462832e-16
4947.0	2.624889e-16
4950.0	2.641813e-16
4953.0	2.046397e-16
4956.0	2.396196e-16
4959.0	2.105257e-16
4962.0	2.087288e-16
4965.0	2.229648e-16
4968.0	2.031596e-16
4971.0	2.129233e-16
4974.0	1.780742e-16
4977.0	2.010382e-16
4980.0	1.666478e-16
4983.0	1.652307e-16
4986.0	1.742691e-16
4989.0	1.868947e-16
4992.0	1.866724e-16
4995.0	1.870769e-16
4998.0	1.650156e-16
5001.0	2.022331e-16
5004.0	1.783953e-16
5007.0	1.743989e-16
5010.0	1.910626e-16
5013.0	1.901578e-16
5016.0	1.832196e-16
5019.0	1.52928e-16
5022.0	1.939207e-16
5025.0	1.95939e-16
5028.0	1.968252e-16
5031.0	2.149255e-16
5034.0	1.64898e-16
5037.0	2.268427e-16
5040.0	1.973623e-16
5043.0	2.052484e-16
5046.0	1.714648e-16
5049.0	2.158934e-16
5052.0	2.038644e-16
5055.0	2.050474e-16
5058.0	2.066441e-16
5061.0	2.199225e-16
5064.0	2.044667e-16
5067.0	2.247688e-16
5070.0	2.246253e-16
5073.0	2.212341e-16
5076.0	2.275056e-16
5079.0	2.184508e-16
5082.0	2.394605e-16
5085.0	2.205087e-16
5088.0	2.107363e-16
5091.0	1.879533e-16
5094.0	2.490841e-16
5097.0	1.976562e-16
5100.0	2.319117e-16
5103.0	2.128975e-16
5106.0	2.271731e-16
5109.0	2.29523e-16
5112.0	2.495315e-16
5115.0	2.249009e-16
5118.0	2.090866e-16
5121.0	2.41302e-16
5124.0	2.337591e-16
5127.0	2.065624e-16
5130.0	2.289693e-16
5133.0	2.377349e-16
5136.0	2.48467e-16
5139.0	2.458116e-16
5142.0	2.369705e-16
5145.0	2.428798e-16
5148.0	2.635493e-16
5151.0	2.303436e-16
5154.0	2.205525e-16
5157.0	2.377885e-16
5160.0	2.586058e-16
5163.0	2.540038e-16
5166.0	2.499304e-16
5169.0	2.602393e-16
5172.0	2.480922e-16
5175.0	2.402054e-16
5178.0	2.380903e-16
5181.0	2.243001e-16
5184.0	2.639046e-16
5187.0	2.494422e-16
5190.0	2.521161e-16
5193.0	2.754494e-16
5196.0	2.482821e-16
5199.0	2.697667e-16
5202.0	2.540852e-16
5205.0	2.672967e-16
5208.0	2.837291e-16
5211.0	2.593821e-16
5214.0	2.506754e-16
5217.0	2.463162e-16
5220.0	2.780825e-16
5223.0	2.839164e-16
5226.0	2.799621e-16
5229.0	2.64497e-16
5232.0	2.76225e-16
5235.0	2.801061e-16
5238.0	2.739501e-16
5241.0	2.578486e-16
5244.0	2.803266e-16
5247.0	2.663423e-16
5250.0	2.514267e-16
5253.0	2.967993e-16
5256.0	2.988586e-16
5259.0	2.7631e-16
5262.0	2.639751e-16
5265.0	2.610237e-16
5268.0	2.663027e-16
5271.0	2.702278e-16
5274.0	3.035148e-16
5277.0	2.597615e-16
5280.0	2.451344e-16
5283.0	2.576366e-16
5286.0	2.791473e-16
5289.0	2.731325e-16
5292.0	2.574865e-16
5295.0	2.14734e-16
5298.0	2.510085e-16
5301.0	2.350919e-16
5304.0	2.444212e-16
5307.0	2.342822e-16
5310.0	2.493907e-16
5313.0	2.119348e-16
5316.0	2.395529e-16
5319.0	2.571749e-16
5322.0	2.57523e-16
5325.0	2.790155e-16
5328.0	2.479402e-16
5331.0	2.451794e-16
5334.0	2.603879e-16
5337.0	2.73157e-16
5340.0	2.599115e-16
5343.0	2.504277e-16
5346.0	2.380788e-16
5349.0	2.780191e-16
5352.0	2.630227e-16
5355.0	2.387385e-16
5358.0	2.749467e-16
5361.0	2.557232e-16
5364.0	2.542567e-16
5367.0	2.422134e-16
5370.0	2.34735e-16
5373.0	2.227203e-16
5376.0	2.613088e-16
5379.0	2.031222e-16
5382.0	2.428938e-16
5385.0	2.285848e-16
5388.0	2.292101e-16
5391.0	2.280743e-16
5394.0	2.19114e-16
5397.0	1.973291e-16
5400.0	1.954559e-16
5403.0	1.925575e-16
5406.0	1.941847e-16
5409.0	2.042609e-16
5412.0	1.798643e-16
5415.0	1.97547e-16
5418.0	1.904471e-16
5421.0	2.140745e-16
5424.0	2.135882e-16
5427.0	1.6563e-16
5430.0	2.319924e-16
5433.0	1.97418e-16
5436.0	1.650672e-16
5439.0	1.987255e-16
5442.0	1.785186e-16
5445.0	1.728495e-16
5448.0	1.896504e-16
5451.0	2.113346e-16
5454.0	1.860733e-16
5457.0	2.156072e-16
5460.0	1.973702e-16
5463.0	1.777518e-16
5466.0	1.587852e-16
5469.0	1.519245e-16
5472.0	2.004274e-16
5475.0	1.811922e-16
5478.0	1.574445e-16
5481.0	1.640802e-16
5484.0	1.711229e-16
5487.0	1.726495e-16
5490.0	1.962653e-16
5493.0	1.791916e-16
5496.0	1.860256e-16
5499.0	1.994923e-16
5502.0	1.946799e-16
5505.0	1.755192e-16
5508.0	1.660594e-16
5511.0	1.748439e-16
5514.0	1.944213e-16
5517.0	1.882156e-16
5520.0	1.81551e-16
5523.0	1.755686e-16
5526.0	1.85974e-16
5529.0	1.833574e-16
5532.0	1.721003e-16
5535.0	1.999238e-16
5538.0	1.705967e-16
5541.0	1.827947e-16
5544.0	1.83616e-16
5547.0	1.568478e-16
5550.0	1.83911e-16
5553.0	2.011674e-16
5556.0	1.687899e-16
5559.0	1.490641e-16
5562.0	1.674295e-16
5565.0	1.656714e-16
5568.0	1.86884e-16
5571.0	1.744983e-16
5574.0	1.897582e-16
5577.0	1.594933e-16
5580.0	1.260466e-16
5583.0	1.338605e-16
5586.0	1.681102e-16
5589.0	1.52492e-16
5592.0	1.586907e-16
5595.0	1.66725e-16
5598.0	1.499397e-16
5601.0	1.695808e-16
5604.0	1.74384e-16
5607.0	1.576126e-16
5610.0	1.583522e-16
5613.0	1.700274e-16
5616.0	1.395381e-16
5619.0	1.398513e-16
5622.0	1.310253e-16
5625.0	2.030877e-16
5628.0	2.024432e-16
5631.0	1.736376e-16
5634.0	1.66982e-16
5637.0	1.578885e-16
5640.0	1.721226e-16
5643.0	1.792915e-16
5646.0	1.871192e-16
5649.0	1.834802e-16
5652.0	1.703593e-16
5655.0	1.682314e-16
5658.0	1.777845e-16
5661.0	1.981819e-16
5664.0	1.851568e-16
5667.0	1.830242e-16
5670.0	1.762964e-16
5673.0	1.844645e-16
5676.0	1.959221e-16
5679.0	1.941592e-16
5682.0	1.961638e-16
5685.0	1.779051e-16
5688.0	1.797168e-16
5691.0	1.650359e-16
5694.0	1.797533e-16
5697.0	1.945854e-16
5700.0	2.085512e-16
5703.0	1.893795e-16
5706.0	1.827493e-16
5709.0	1.943285e-16
5712.0	1.87806e-16
5715.0	1.955347e-16
5718.0	1.878027e-16
5721.0	1.961688e-16
5724.0	1.992481e-16
5727.0	2.033482e-16
5730.0	2.091087e-16
5733.0	2.063724e-16
5736.0	2.070638e-16
5739.0	2.139601e-16
5742.0	2.070307e-16
5745.0	2.032367e-16
5748.0	2.057257e-16
5751.0	2.208935e-16
5754.0	2.32461e-16
5757.0	2.163255e-16
5760.0	2.13067e-16
5763.0	2.22785e-16
5766.0	2.313955e-16
5769.0	2.020221e-16
5772.0	2.148881e-16
5775.0	2.06488e-16
5778.0	2.141328e-16
5781.0	2.192022e-16
5784.0	2.151337e-16
5787.0	2.048447e-16
5790.0	2.091431e-16
5793.0	2.18082e-16
5796.0	2.175543e-16
5799.0	2.125457e-16
5802.0	2.100994e-16
5805.0	2.101542e-16
5808.0	2.29033e-16
5811.0	2.298626e-16
5814.0	2.469156e-16
5817.0	2.4306e-16
5820.0	2.119386e-16
5823.0	2.083383e-16
5826.0	2.172976e-16
5829.0	2.240092e-16
5832.0	2.315707e-16
5835.0	2.230195e-16
5838.0	2.16777e-16
5841.0	2.12811e-16
5844.0	2.150846e-16
5847.0	2.095598e-16
5850.0	2.160444e-16
5853.0	2.099968e-16
5856.0	2.133272e-16
5859.0	2.156559e-16
5862.0	1.938945e-16
5865.0	2.023196e-16
5868.0	2.001392e-16
5871.0	1.990019e-16
5874.0	1.836237e-16
5877.0	1.828878e-16
5880.0	1.833708e-16
5883.0	1.814403e-16
5886.0	1.856804e-16
5889.0	1.77349e-16
5892.0	1.68247e-16
5895.0	1.60405e-16
5898.0	1.257651e-16
5901.0	1.450759e-16
5904.0	1.717832e-16
5907.0	1.658793e-16
5910.0	1.572001e-16
5913.0	1.508961e-16
5916.0	1.545765e-16
5919.0	1.682558e-16
5922.0	1.646148e-16
5925.0	1.471016e-16
5928.0	1.501744e-16
5931.0	1.485096e-16
5934.0	1.482153e-16
5937.0	1.559177e-16
5940.0	1.623443e-16
5943.0	1.490389e-16
5946.0	1.465383e-16
5949.0	1.376875e-16
5952.0	1.442348e-16
5955.0	1.693422e-16
5958.0	1.614545e-16
5961.0	1.654423e-16
5964.0	1.746608e-16
5967.0	1.767252e-16
5970.0	1.624537e-16
5973.0	1.598352e-16
5976.0	1.72526e-16
5979.0	1.703034e-16
5982.0	1.692788e-16
5985.0	1.762685e-16
5988.0	1.700373e-16
5991.0	1.794353e-16
5994.0	1.759407e-16
5997.0	1.714312e-16
6000.0	1.787418e-16
6003.0	1.757933e-16
6006.0	1.778659e-16
6009.0	1.86863e-16
6012.0	1.857891e-16
6015.0	1.786441e-16
6018.0	1.83401e-16
6021.0	1.970162e-16
6024.0	1.877161e-16
6027.0	1.901947e-16
6030.0	1.957867e-16
6033.0	1.99939e-16
6036.0	2.013396e-16
6039.0	1.962998e-16
6042.0	1.789951e-16
6045.0	1.872909e-16
6048.0	2.001419e-16
6051.0	2.006522e-16
6054.0	2.045191e-16
6057.0	1.984652e-16
6060.0	1.990024e-16
6063.0	2.031916e-16
6066.0	2.043272e-16
6069.0	2.031343e-16
6072.0	1.990658e-16
6075.0	1.98642e-16
6078.0	1.878597e-16
6081.0	2.049979e-16
6084.0	1.994628e-16
6087.0	1.935425e-16
6090.0	1.99035e-16
6093.0	1.956297e-16
6096.0	1.948459e-16
6099.0	1.886445e-16
6102.0	1.929881e-16
6105.0	1.943396e-16
6108.0	1.880579e-16
6111.0	1.975364e-16
6114.0	1.942857e-16
6117.0	1.969914e-16
6120.0	2.029394e-16
6123.0	2.018647e-16
6126.0	1.974557e-16
6129.0	2.19705e-16
6132.0	2.113688e-16
6135.0	1.954563e-16
6138.0	2.053859e-16
6141.0	1.972019e-16
6144.0	1.862854e-16
6147.0	1.932386e-16
6150.0	1.837425e-16
6153.0	1.738563e-16
6156.0	1.745273e-16
6159.0	1.818346e-16
6162.0	1.877248e-16
6165.0	1.799518e-16
6168.0	1.841617e-16
6171.0	1.725095e-16
6174.0	1.716792e-16
6177.0	1.690478e-16
6180.0	1.673819e-16
6183.0	1.671621e-16
6186.0	1.666176e-16
6189.0	1.61847e-16
6192.0	1.562903e-16
6195.0	1.561833e-16
6198.0	1.574311e-16
6201.0	1.586604e-16
6204.0	1.527614e-16
6207.0	1.581053e-16
6210.0	1.603409e-16
6213.0	1.52705e-16
6216.0	1.41406e-16
6219.0	1.343264e-16
6222.0	1.327429e-16
6225.0	1.271617e-16
6228.0	1.278462e-16
6231.0	1.294187e-16
6234.0	1.225086e-16
6237.0	1.21361e-16
6240.0	1.159599e-16
6243.0	1.090222e-16
6246.0	1.055468e-16
6249.0	1.077173e-16
6252.0	1.079176e-16
6255.0	1.043974e-16
6258.0	9.544255e-17
6261.0	9.583336e-17
6264.0	9.296595e-17
6267.0	8.712243e-17
6270.0	9.21216e-17
6273.0	8.318978e-17
6276.0	9.165395e-17
6279.0	8.662228e-17
6282.0	8.3021e-17
6285.0	7.22747e-17
6288.0	8.371105e-17
6291.0	9.049032e-17
6294.0	9.14032e-17
6297.0	9.281011e-17
6300.0	8.551623e-17
6303.0	8.390863e-17
6306.0	8.196158e-17
6309.0	8.48555e-17
6312.0	8.476465e-17
6315.0	8.65853e-17
6318.0	8.942775e-17
6321.0	7.571719e-17
6324.0	8.423727e-17
6327.0	9.185529e-17
6330.0	8.912741e-17
6333.0	8.600193e-17
6336.0	9.605151e-17
6339.0	8.776882e-17
6342.0	9.463329e-17
6345.0	9.576545e-17
6348.0	9.485775e-17
6351.0	9.996948e-17
6354.0	1.002233e-16
6357.0	1.029264e-16
6360.0	1.049202e-16
6363.0	1.083747e-16
6366.0	1.049861e-16
6369.0	1.049099e-16
6372.0	1.116063e-16
6375.0	1.19334e-16
6378.0	1.185862e-16
6381.0	1.253894e-16
6384.0	1.271083e-16
6387.0	1.295499e-16
6390.0	1.30171e-16
6393.0	1.269447e-16
6396.0	1.327773e-16
6399.0	1.374553e-16
6402.0	1.467428e-16
6405.0	1.457523e-16
6408.0	1.415813e-16
6411.0	1.372144e-16
6414.0	1.416842e-16
6417.0	1.459028e-16
6420.0	1.538327e-16
6423.0	1.50054e-16
6426.0	1.546838e-16
6429.0	1.569106e-16
6432.0	1.557191e-16
6435.0	1.531761e-16
6438.0	1.602538e-16
6441.0	1.6369e-16
6444.0	1.659091e-16
6447.0	1.664265e-16
6450.0	1.710112e-16
6453.0	1.725885e-16
6456.0	1.664549e-16
6459.0	1.649993e-16
6462.0	1.708819e-16
6465.0	1.666445e-16
6468.0	1.797036e-16
6471.0	1.802522e-16
6474.0	1.783462e-16
6477.0	1.755123e-16
6480.0	1.802196e-16
6483.0	1.780611e-16
6486.0	1.753182e-16
6489.0	1.780473e-16
6492.0	1.89065e-16
6495.0	1.847797e-16
6498.0	1.799857e-16
6501.0	1.914092e-16
6504.0	1.82224e-16
6507.0	1.885157e-16
6510.0	1.855518e-16
6513.0	1.819928e-16
6516.0	1.843758e-16
6519.0	1.846407e-16
6522.0	1.717268e-16
6525.0	1.756451e-16
6528.0	1.879964e-16
6531.0	1.9377e-16
6534.0	1.890669e-16
6537.0	1.926862e-16
6540.0	1.913083e-16
6543.0	1.827867e-16
6546.0	1.781665e-16
6549.0	1.935379e-16
6552.0	1.986042e-16
6555.0	1.900867e-16
6558.0	1.84612e-16
6561.0	1.85887e-16
6564.0	1.852952e-16
6567.0	1.86076e-16
6570.0	1.933124e-16
6573.0	1.863124e-16
6576.0	1.795109e-16
6579.0	1.879415e-16
6582.0	1.856115e-16
6585.0	1.832574e-16
6588.0	1.869971e-16
6591.0	1.914074e-16
6594.0	1.901531e-16
6597.0	1.90358e-16
6600.0	1.861709e-16
6603.0	1.872159e-16
6606.0	1.828612e-16
6609.0	1.79477e-16
6612.0	1.783746e-16
6615.0	1.806318e-16
6618.0	1.839263e-16
6621.0	1.813221e-16
6624.0	1.805183e-16
6627.0	1.863867e-16
6630.0	1.868912e-16
6633.0	1.847676e-16
6636.0	1.767452e-16
6639.0	1.816943e-16
6642.0	1.789285e-16
6645.0	1.827781e-16
6648.0	1.786551e-16
6651.0	1.739106e-16
6654.0	1.76966e-16
6657.0	1.757314e-16
6660.0	1.806766e-16
6663.0	1.876674e-16
6666.0	1.828743e-16
6669.0	1.729598e-16
6672.0	1.702987e-16
6675.0	1.805285e-16
6678.0	1.725529e-16
6681.0	1.678931e-16
6684.0	1.691088e-16
6687.0	1.685959e-16
6690.0	1.711183e-16
6693.0	1.75431e-16
6696.0	1.751458e-16
6699.0	1.717628e-16
6702.0	1.703367e-16
6705.0	1.818831e-16
6708.0	1.767261e-16
6711.0	1.717571e-16
6714.0	1.721595e-16
6717.0	1.705833e-16
6720.0	1.698594e-16
6723.0	1.703061e-16
6726.0	1.712887e-16
6729.0	1.747521e-16
6732.0	1.744373e-16
6735.0	1.707007e-16
6738.0	1.699185e-16
6741.0	1.733335e-16
6744.0	1.728302e-16
6747.0	1.613149e-16
6750.0	1.632129e-16
6753.0	1.656432e-16
6756.0	1.673129e-16
6759.0	1.656074e-16
6762.0	1.61478e-16
6765.0	1.665243e-16
6768.0	1.772272e-16
6771.0	1.703793e-16
6774.0	1.621085e-16
6777.0	1.640647e-16
6780.0	1.648582e-16
6783.0	1.614985e-16
6786.0	1.603832e-16
6789.0	1.600373e-16
6792.0	1.562505e-16
6795.0	1.608152e-16
6798.0	1.597429e-16
6801.0	1.604029e-16
6804.0	1.627822e-16
6807.0	1.608518e-16
6810.0	1.640229e-16
6813.0	1.561982e-16
6816.0	1.585568e-16
6819.0	1.511674e-16
6822.0	1.546803e-16
6825.0	1.587791e-16
6828.0	1.632767e-16
6831.0	1.555409e-16
6834.0	1.532089e-16
6837.0	1.58185e-16
6840.0	1.525151e-16
6843.0	1.469291e-16
6846.0	1.582424e-16
6849.0	1.606119e-16
6852.0	1.626713e-16
6855.0	1.584492e-16
6858.0	1.582339e-16
6861.0	1.573915e-16
6864.0	1.501712e-16
6867.0	1.527016e-16
6870.0	1.558846e-16
6873.0	1.494203e-16
6876.0	1.457501e-16
6879.0	1.531278e-16
6882.0	1.541374e-16
6885.0	1.495406e-16
6888.0	1.491083e-16
6891.0	1.540025e-16
6894.0	1.572632e-16
6897.0	1.508552e-16
6900.0	1.45052e-16
6903.0	1.378952e-16
6906.0	1.349549e-16
6909.0	1.460088e-16
6912.0	1.470471e-16
6915.0	1.432579e-16
6918.0	1.396573e-16
6921.0	1.417659e-16
6924.0	1.458868e-16
6927.0	1.411063e-16
6930.0	1.389719e-16
6933.0	1.399312e-16
6936.0	1.383534e-16
6939.0	1.344529e-16
6942.0	1.342643e-16
6945.0	1.385067e-16
6948.0	1.399542e-16
6951.0	1.353073e-16
6954.0	1.3318e-16
6957.0	1.363193e-16
6960.0	1.42523e-16
6963.0	1.391821e-16
6966.0	1.343847e-16
6969.0	1.352004e-16
6972.0	1.318959e-16
6975.0	1.288064e-16
6978.0	1.301775e-16
6981.0	1.355999e-16
6984.0	1.348237e-16
6987.0	1.28758e-16
6990.0	1.290241e-16
6993.0	1.358057e-16
6996.0	1.354407e-16
6999.0	1.329278e-16
7002.0	1.34271e-16
7005.0	1.332126e-16
7008.0	1.384873e-16
7011.0	1.322315e-16
7014.0	1.303597e-16
7017.0	1.36731e-16
7020.0	1.27651e-16
7023.0	1.296865e-16
7026.0	1.282881e-16
7029.0	1.29484e-16
7032.0	1.319038e-16
7035.0	1.301891e-16
7038.0	1.29569e-16
7041.0	1.288218e-16
7044.0	1.293293e-16
7047.0	1.322806e-16
7050.0	1.2945e-16
7053.0	1.210041e-16
7056.0	1.302754e-16
7059.0	1.365432e-16
7062.0	1.317964e-16
7065.0	1.320967e-16
7068.0	1.236147e-16
7071.0	1.257383e-16
7074.0	1.284539e-16
7077.0	1.303661e-16
7080.0	1.302352e-16
7083.0	1.217998e-16
7086.0	1.213322e-16
7089.0	1.241406e-16
7092.0	1.223193e-16
7095.0	1.240948e-16
7098.0	1.234999e-16
7101.0	1.207975e-16
7104.0	1.233218e-16
7107.0	1.236897e-16
7110.0	1.299845e-16
7113.0	1.249684e-16
7116.0	1.238239e-16
7119.0	1.237203e-16
7122.0	1.184306e-16
7125.0	1.167742e-16
7128.0	1.177204e-16
7131.0	1.214321e-16
7134.0	1.201001e-16
7137.0	1.196203e-16
7140.0	1.190993e-16
7143.0	1.185782e-16
7146.0	1.180615e-16
7149.0	1.174617e-16
7152.0	1.174984e-16
7155.0	1.169684e-16
7158.0	1.180521e-16
7161.0	1.175618e-16
7164.0	1.177903e-16
7167.0	1.262668e-16
7170.0	1.211238e-16
7173.0	1.23284e-16
7176.0	1.157954e-16
7179.0	1.109375e-16
7182.0	1.191453e-16
7185.0	1.178966e-16
7188.0	1.128789e-16
7191.0	1.139319e-16
7194.0	1.143651e-16
7197.0	1.17386e-16
7200.0	1.21802e-16
7203.0	1.227101e-16
7206.0	1.225525e-16
7209.0	1.154777e-16
7212.0	1.115577e-16
7215.0	1.141013e-16
7218.0	1.099223e-16
7221.0	1.192231e-16
7224.0	1.218346e-16
7227.0	1.102977e-16
7230.0	1.105818e-16
7233.0	1.170933e-16
7236.0	1.197037e-16
7239.0	1.1698e-16
7242.0	1.180679e-16
7245.0	1.174901e-16
7248.0	1.088222e-16
7251.0	1.089386e-16
7254.0	1.115127e-16
7257.0	1.112484e-16
7260.0	1.155508e-16
7263.0	1.131603e-16
7266.0	1.107044e-16
7269.0	1.07162e-16
7272.0	1.073174e-16
7275.0	1.100724e-16
7278.0	1.082477e-16
7281.0	1.10408e-16
7284.0	1.079664e-16
7287.0	1.065785e-16
7290.0	1.053617e-16
7293.0	1.120918e-16
7296.0	1.125323e-16
7299.0	1.141131e-16
7302.0	1.187617e-16
7305.0	1.159169e-16
7308.0	1.169119e-16
7311.0	1.170661e-16
7314.0	1.108851e-16
7317.0	1.154447e-16
7320.0	1.18707e-16
7323.0	1.1452e-16
7326.0	1.148525e-16
7329.0	1.153058e-16
7332.0	1.096101e-16
7335.0	1.13761e-16
7338.0	1.156669e-16
7341.0	1.126771e-16
7344.0	1.176845e-16
7347.0	1.136389e-16
7350.0	1.179067e-16
7353.0	1.205146e-16
7356.0	1.159984e-16
7359.0	1.197383e-16
7362.0	1.168493e-16
7365.0	1.056632e-16
7368.0	1.117774e-16
7371.0	1.149891e-16
7374.0	1.104801e-16
7377.0	1.139234e-16
7380.0	1.192501e-16
7383.0	1.151237e-16
7386.0	1.102903e-16
7389.0	1.180466e-16
7392.0	1.16973e-16
7395.0	1.118404e-16
7398.0	1.137352e-16
7401.0	1.161225e-16
7404.0	1.176824e-16
7407.0	1.111678e-16
7410.0	1.106848e-16
7413.0	1.08715e-16
7416.0	1.113996e-16
7419.0	1.105067e-16
7422.0	1.153666e-16
7425.0	1.06272e-16
7428.0	1.104521e-16
7431.0	1.103787e-16
7434.0	1.103797e-16
7437.0	1.220956e-16
7440.0	1.325791e-16
7443.0	1.088996e-16
7446.0	1.01726e-16
7449.0	1.092377e-16
7452.0	1.092078e-16
7455.0	1.124786e-16
7458.0	1.07559e-16
7461.0	1.080793e-16
7464.0	1.003611e-16
7467.0	9.827988e-17
7470.0	1.042148e-16
7473.0	1.015746e-16
7476.0	9.696185e-17
7479.0	1.02865e-16
7482.0	1.04935e-16
7485.0	1.096533e-16
7488.0	1.045071e-16
7491.0	1.021113e-16
7494.0	1.057846e-16
7497.0	1.062904e-16
7500.0	1.053772e-16
7503.0	1.061425e-16
7506.0	1.012097e-16
7509.0	1.021419e-16
7512.0	1.011058e-16
7515.0	9.75342e-17
7518.0	1.015428e-16
7521.0	1.024927e-16
7524.0	9.941651e-17
7527.0	1.069468e-16
7530.0	9.940046e-17
7533.0	9.306406e-17
7536.0	9.900351e-17
7539.0	9.46178e-17
7542.0	9.607134e-17
7545.0	9.626598e-17
7548.0	9.099781e-17
7551.0	9.355629e-17
7554.0	9.881328e-17
7557.0	9.493647e-17
7560.0	9.074786e-17
7563.0	9.300569e-17
7566.0	9.790134e-17
7569.0	9.73675e-17
7572.0	9.591569e-17
7575.0	9.973572e-17
7578.0	9.230255e-17
7581.0	9.507562e-17
7584.0	9.300906e-17
7587.0	8.995788e-17
7590.0	8.830391e-17
7593.0	9.483993e-17
7596.0	8.870443e-17
7599.0	8.700227e-17
7602.0	8.618265e-17
7605.0	8.329928e-17
7608.0	7.438887e-17
7611.0	7.677341e-17
7614.0	7.208305e-17
7617.0	8.919171e-17
7620.0	9.101092e-17
7623.0	8.900251e-17
7626.0	9.382822e-17
7629.0	8.831265e-17
7632.0	8.846777e-17
7635.0	8.817404e-17
7638.0	8.784935e-17
7641.0	8.398397e-17
7644.0	8.909066e-17
7647.0	8.939977e-17
7650.0	8.265883e-17
7653.0	8.081478e-17
7656.0	7.279774e-17
7659.0	7.312245e-17
7662.0	7.129272e-17
7665.0	7.603743e-17
7668.0	7.834721e-17
7671.0	7.267071e-17
7674.0	7.239394e-17
7677.0	7.377177e-17
7680.0	6.753422e-17
7683.0	6.388801e-17
7686.0	7.569648e-17
7689.0	7.157191e-17
7692.0	6.274624e-17
7695.0	6.12509e-17
7698.0	6.157617e-17
7701.0	6.974525e-17
7704.0	6.838452e-17
7707.0	7.001531e-17
7710.0	7.267987e-17
7713.0	7.333656e-17
7716.0	7.029337e-17
7719.0	7.326259e-17
7722.0	7.241472e-17
7725.0	6.275023e-17
7728.0	6.699385e-17
7731.0	7.186433e-17
7734.0	6.350299e-17
7737.0	7.314053e-17
7740.0	7.613114e-17
7743.0	7.29718e-17
7746.0	6.361583e-17
7749.0	5.978674e-17
7752.0	9.80082e-17
7755.0	7.491384e-17
7758.0	6.316641e-17
7761.0	6.535127e-17
7764.0	6.516173e-17
7767.0	6.196379e-17
7770.0	6.163582e-17
7773.0	6.170351e-17
7776.0	6.461507e-17
7779.0	6.912641e-17
7782.0	6.555271e-17
7785.0	5.844838e-17
7788.0	6.390446e-17
7791.0	6.240679e-17
7794.0	5.706066e-17
7797.0	5.998256e-17
7800.0	6.371032e-17
7803.0	6.513736e-17
7806.0	6.110043e-17
7809.0	7.068598e-17
7812.0	6.995462e-17
7815.0	6.112476e-17
7818.0	5.945564e-17
7821.0	6.909153e-17
7824.0	7.297435e-17
7827.0	7.307817e-17
7830.0	6.565485e-17
7833.0	6.067517e-17
7836.0	6.496761e-17
7839.0	6.732846e-17
7842.0	7.281971e-17
7845.0	7.284933e-17
7848.0	7.260217e-17
7851.0	7.218925e-17
7854.0	7.457431e-17
7857.0	8.445695e-17
7860.0	7.862886e-17
7863.0	8.183019e-17
7866.0	8.245965e-17
7869.0	7.841918e-17
7872.0	7.550729e-17
7875.0	7.696405e-17
7878.0	8.424998e-17
7881.0	8.198057e-17
7884.0	8.427235e-17
7887.0	8.369863e-17
7890.0	8.114257e-17
7893.0	8.116433e-17
7896.0	7.83276e-17
7899.0	7.827782e-17
7902.0	7.826606e-17
7905.0	8.693286e-17
7908.0	8.843428e-17
7911.0	8.557468e-17
7914.0	8.091227e-17
7917.0	9.051241e-17
7920.0	8.433233e-17
7923.0	8.668001e-17
7926.0	8.495611e-17
7929.0	8.73489e-17
7932.0	8.104771e-17
7935.0	8.39979e-17
7938.0	8.406733e-17
7941.0	8.787849e-17
7944.0	8.933401e-17
7947.0	9.150684e-17
7950.0	8.991812e-17
7953.0	8.791805e-17
7956.0	8.543518e-17
7959.0	9.048189e-17
7962.0	9.17724e-17
7965.0	8.085342e-17
7968.0	8.333925e-17
7971.0	8.967409e-17
7974.0	9.482585e-17
7977.0	9.10021e-17
7980.0	9.012732e-17
7983.0	8.923635e-17
7986.0	8.854923e-17
7989.0	9.335471e-17
7992.0	9.539445e-17
7995.0	9.732705e-17
7998.0	9.77285e-17
8001.0	9.586788e-17
8004.0	9.484418e-17
8007.0	9.444519e-17
8010.0	9.614169e-17
8013.0	9.338518e-17
8016.0	8.900711e-17
8019.0	9.070338e-17
8022.0	8.800221e-17
8025.0	1.010868e-16
8028.0	9.700925e-17
8031.0	9.660464e-17
8034.0	1.004694e-16
8037.0	9.627156e-17
8040.0	9.023453e-17
8043.0	8.793073e-17
8046.0	9.781558e-17
8049.0	9.677441e-17
8052.0	9.534012e-17
8055.0	9.253804e-17
8058.0	9.042118e-17
8061.0	8.56001e-17
8064.0	9.077859e-17
8067.0	8.674323e-17
8070.0	9.226735e-17
8073.0	8.713423e-17
8076.0	8.518902e-17
8079.0	8.405842e-17
8082.0	8.767958e-17
8085.0	8.98422e-17
8088.0	8.794783e-17
8091.0	9.030442e-17
8094.0	8.475925e-17
8097.0	8.61094e-17
8100.0	8.703544e-17
8103.0	8.621762e-17
8106.0	8.964456e-17
8109.0	8.242196e-17
8112.0	7.711512e-17
8115.0	7.987765e-17
8118.0	8.226859e-17
8121.0	8.294996e-17
8124.0	8.027569e-17
8127.0	8.150328e-17
8130.0	8.240839e-17
8133.0	7.818962e-17
8136.0	8.114012e-17
8139.0	8.581177e-17
8142.0	7.378263e-17
8145.0	8.075046e-17
8148.0	8.278178e-17
8151.0	7.673324e-17
8154.0	7.707409e-17
8157.0	8.917787e-17
8160.0	8.397802e-17
8163.0	8.047972e-17
8166.0	7.586631e-17
8169.0	7.338184e-17
8172.0	7.48236e-17
8175.0	7.383338e-17
8178.0	7.368673e-17
8181.0	6.920847e-17
8184.0	6.979124e-17
8187.0	7.838315e-17
8190.0	7.958086e-17
8193.0	7.975601e-17
8196.0	7.715624e-17
8199.0	6.795071e-17
8202.0	7.409982e-17
8205.0	7.793548e-17
8208.0	7.19569e-17
8211.0	6.900407e-17
8214.0	7.434181e-17
8217.0	7.628852e-17
8220.0	7.044167e-17
8223.0	7.311052e-17
8226.0	7.478456e-17
8229.0	7.535719e-17
8232.0	6.328295e-17
8235.0	6.411834e-17
8238.0	7.25942e-17
8241.0	7.177405e-17
8244.0	6.653053e-17
8247.0	6.164712e-17
8250.0	6.463665e-17
8253.0	7.098327e-17
8256.0	6.822676e-17
8259.0	6.7705e-17
8262.0	7.066374e-17
8265.0	7.284717e-17
8268.0	7.151397e-17
8271.0	6.984021e-17
8274.0	6.652027e-17
8277.0	6.526755e-17
8280.0	7.215368e-17
8283.0	7.30766e-17
8286.0	6.672636e-17
8289.0	6.610766e-17
8292.0	7.081039e-17
8295.0	7.309781e-17
8298.0	7.066274e-17
8301.0	6.708414e-17
8304.0	6.935015e-17
8307.0	6.727664e-17
8310.0	6.790372e-17
8313.0	7.192956e-17
8316.0	6.901918e-17
8319.0	6.373962e-17
8322.0	6.472899e-17
8325.0	6.562079e-17
8328.0	6.654567e-17
8331.0	6.538128e-17
8334.0	5.736376e-17
8337.0	5.919726e-17
8340.0	5.919545e-17
8343.0	5.94021e-17
8346.0	5.686336e-17
8349.0	5.771717e-17
8352.0	5.935516e-17
8355.0	6.151424e-17
8358.0	5.064082e-17
8361.0	5.487513e-17
8364.0	5.668562e-17
8367.0	5.688944e-17
8370.0	5.770783e-17
8373.0	6.072551e-17
8376.0	6.216013e-17
8379.0	5.819288e-17
8382.0	5.686926e-17
8385.0	6.030252e-17
8388.0	6.096994e-17
8391.0	5.808046e-17
8394.0	5.689244e-17
8397.0	5.904113e-17
8400.0	5.720653e-17
8403.0	5.678641e-17
8406.0	5.512987e-17
8409.0	4.98226e-17
8412.0	5.710641e-17
8415.0	5.334367e-17
8418.0	4.666253e-17
8421.0	4.476013e-17
8424.0	4.970553e-17
8427.0	5.288083e-17
8430.0	5.332524e-17
8433.0	5.144667e-17
8436.0	4.213843e-17
8439.0	4.772151e-17
8442.0	5.450456e-17
8445.0	5.035882e-17
8448.0	5.501235e-17
8451.0	5.196188e-17
8454.0	5.02365e-17
8457.0	5.046213e-17
8460.0	5.054694e-17
8463.0	4.883507e-17
8466.0	4.469754e-17
8469.0	4.930993e-17
8472.0	5.333868e-17
8475.0	5.253704e-17
8478.0	4.680349e-17
8481.0	4.77648e-17
8484.0	5.279616e-17
8487.0	5.401565e-17
8490.0	4.934076e-17
8493.0	5.183124e-17
8496.0	5.80853e-17
8499.0	5.336114e-17
8502.0	5.299062e-17
8505.0	6.284825e-17
8508.0	6.219038e-17
8511.0	5.691307e-17
8514.0	5.247234e-17
8517.0	5.577504e-17
8520.0	5.80342e-17
8523.0	6.04764e-17
8526.0	5.001817e-17
8529.0	5.425191e-17
8532.0	5.483607e-17
8535.0	5.225054e-17
8538.0	5.667433e-17
8541.0	5.299238e-17
8544.0	5.378951e-17
8547.0	5.793906e-17
8550.0	6.075002e-17
8553.0	5.328408e-17
8556.0	5.716057e-17
8559.0	5.709471e-17
8562.0	5.556019e-17
8565.0	5.184282e-17
8568.0	5.890703e-17
8571.0	4.808584e-17
8574.0	5.443246e-17
8577.0	5.509323e-17
8580.0	5.221961e-17
8583.0	5.26156e-17
8586.0	5.006329e-17
8589.0	5.57955e-17
8592.0	5.760429e-17
8595.0	5.5189e-17
8598.0	5.465499e-17
8601.0	5.556223e-17
8604.0	6.151625e-17
8607.0	5.960677e-17
8610.0	5.849648e-17
8613.0	6.176845e-17
8616.0	5.884428e-17
8619.0	5.575436e-17
8622.0	5.615961e-17
8625.0	6.429719e-17
8628.0	6.106118e-17
8631.0	5.881854e-17
8634.0	5.703708e-17
8637.0	5.647826e-17
8640.0	5.872875e-17
8643.0	5.95651e-17
8646.0	5.222643e-17
8649.0	5.97911e-17
8652.0	6.32639e-17
8655.0	6.483936e-17
8658.0	6.511001e-17
8661.0	5.788718e-17
8664.0	6.740206e-17
8667.0	6.817657e-17
8670.0	6.631914e-17
8673.0	6.741253e-17
8676.0	6.685841e-17
8679.0	6.262171e-17
8682.0	6.074471e-17
8685.0	5.90276e-17
8688.0	7.180104e-17
8691.0	6.877143e-17
8694.0	6.521274e-17
8697.0	6.573767e-17
8700.0	6.778336e-17
8703.0	6.642941e-17
8706.0	6.681115e-17
8709.0	6.811339e-17
8712.0	6.810822e-17
8715.0	6.885187e-17
8718.0	6.984499e-17
8721.0	6.844327e-17
8724.0	7.37325e-17
8727.0	7.282844e-17
8730.0	7.17329e-17
8733.0	7.1932e-17
8736.0	7.091061e-17
8739.0	7.362914e-17
8742.0	7.085252e-17
8745.0	6.88665e-17
8748.0	6.804162e-17
8751.0	6.928109e-17
8754.0	7.269617e-17
8757.0	7.495803e-17
8760.0	8.020414e-17
8763.0	6.284327e-17
8766.0	7.061763e-17
8769.0	6.698417e-17
8772.0	6.343123e-17
8775.0	7.085857e-17
8778.0	7.215223e-17
8781.0	6.856981e-17
8784.0	6.854942e-17
8787.0	7.548543e-17
8790.0	7.274637e-17
8793.0	6.695082e-17
8796.0	7.30533e-17
8799.0	7.123955e-17
8802.0	7.402328e-17
8805.0	8.127041e-17
8808.0	7.687858e-17
8811.0	7.493137e-17
8814.0	7.913671e-17
8817.0	7.845429e-17
8820.0	7.325783e-17
8823.0	7.558863e-17
8826.0	7.346651e-17
8829.0	7.163336e-17
8832.0	7.509253e-17
8835.0	7.34513e-17
8838.0	7.067056e-17
8841.0	7.391126e-17
8844.0	7.11083e-17
8847.0	7.12704e-17
8850.0	7.561316e-17
8853.0	7.029055e-17
8856.0	6.888622e-17
8859.0	6.325778e-17
8862.0	6.745674e-17
8865.0	7.098879e-17
8868.0	6.789892e-17
8871.0	7.300789e-17
8874.0	7.552043e-17
8877.0	6.973862e-17
8880.0	7.006606e-17
8883.0	7.019005e-17
8886.0	7.1318e-17
8889.0	7.082132e-17
8892.0	6.932867e-17
8895.0	6.7995e-17
8898.0	7.112728e-17
8901.0	7.46297e-17
8904.0	6.944296e-17
8907.0	6.266269e-17
8910.0	6.59888e-17
8913.0	7.000927e-17
8916.0	7.027588e-17
8919.0	7.023512e-17
8922.0	6.91503e-17
8925.0	6.890238e-17
8928.0	7.338635e-17
8931.0	7.2968e-17
8934.0	7.008501e-17
8937.0	7.170852e-17
8940.0	6.971802e-17
8943.0	7.324734e-17
8946.0	7.80716e-17
8949.0	7.428749e-17
8952.0	6.620166e-17
8955.0	6.746954e-17
8958.0	7.510685e-17
8961.0	6.515595e-17
8964.0	6.724577e-17
8967.0	6.729068e-17
8970.0	6.595528e-17
8973.0	6.831175e-17
8976.0	6.490224e-17
8979.0	7.000427e-17
8982.0	7.398065e-17
8985.0	7.241564e-17
8988.0	7.461868e-17
8991.0	6.939858e-17
8994.0	7.013162e-17
8997.0	6.375988e-17
9000.0	7.301411e-17
9003.0	6.589758e-17
9006.0	6.722301e-17
9009.0	7.388177e-17
9012.0	6.703677e-17
9015.0	6.701216e-17
9018.0	7.258057e-17
9021.0	7.218004e-17
9024.0	7.314641e-17
9027.0	6.861919e-17
9030.0	6.094898e-17
9033.0	6.294482e-17
9036.0	6.471033e-17
9039.0	6.879466e-17
9042.0	6.793973e-17
9045.0	6.633842e-17
9048.0	6.593417e-17
9051.0	6.484233e-17
9054.0	5.848212e-17
9057.0	6.392417e-17
9060.0	5.89926e-17
9063.0	5.649026e-17
9066.0	6.182712e-17
9069.0	6.09721e-17
9072.0	5.792287e-17
9075.0	5.263725e-17
9078.0	5.701371e-17
9081.0	5.746217e-17
9084.0	5.334634e-17
9087.0	5.195486e-17
9090.0	4.855243e-17
9093.0	4.987766e-17
9096.0	5.00938e-17
9099.0	5.473119e-17
9102.0	4.70464e-17
9105.0	5.261289e-17
9108.0	4.773884e-17
9111.0	4.587756e-17
9114.0	5.002999e-17
9117.0	4.901341e-17
9120.0	4.422265e-17
9123.0	4.301476e-17
9126.0	4.753261e-17
9129.0	4.697654e-17
9132.0	4.513807e-17
9135.0	4.53842e-17
9138.0	4.723113e-17
9141.0	4.891647e-17
9144.0	4.811952e-17
9147.0	4.8211e-17
9150.0	4.422402e-17
9153.0	4.407197e-17
9156.0	4.439288e-17
9159.0	4.359199e-17
9162.0	4.362682e-17
9165.0	4.271051e-17
9168.0	4.760223e-17
9171.0	4.828993e-17
9174.0	4.737807e-17
9177.0	4.713028e-17
9180.0	4.773878e-17
9183.0	5.069427e-17
9186.0	4.81383e-17
9189.0	5.011682e-17
9192.0	4.832237e-17
9195.0	4.472573e-17
9198.0	4.965097e-17
9201.0	5.015237e-17
9204.0	5.075982e-17
9207.0	4.997872e-17
9210.0	4.729241e-17
9213.0	4.817442e-17
9216.0	5.412581e-17
9219.0	5.82024e-17
9222.0	5.09986e-17
9225.0	5.702522e-17
9228.0	5.772502e-17
9231.0	5.489181e-17
9234.0	5.847109e-17
9237.0	5.534599e-17
9240.0	5.007329e-17
9243.0	4.855082e-17
9246.0	4.91562e-17
9249.0	5.197711e-17
9252.0	4.875151e-17
9255.0	5.116146e-17
9258.0	5.430005e-17
9261.0	5.202008e-17
9264.0	5.239377e-17
9267.0	5.072946e-17
9270.0	4.866898e-17
9273.0	4.519707e-17
9276.0	4.560124e-17
9279.0	4.799677e-17
9282.0	4.649574e-17
9285.0	4.7971e-17
9288.0	4.800452e-17
9291.0	5.181853e-17
9294.0	4.845132e-17
9297.0	4.671102e-17
9300.0	4.815191e-17
9303.0	4.530812e-17
9306.0	5.052679e-17
9309.0	4.953438e-17
9312.0	4.133516e-17
9315.0	4.259229e-17
9318.0	4.468416e-17
9321.0	4.243666e-17
9324.0	3.723449e-17
9327.0	3.680151e-17
9330.0	3.555651e-17
9333.0	3.601241e-17
9336.0	3.782187e-17
9339.0	4.441708e-17
9342.0	3.82795e-17
9345.0	4.498656e-17
9348.0	4.579434e-17
9351.0	5.157523e-17
9354.0	4.638454e-17
9357.0	3.598505e-17
9360.0	4.173562e-17
9363.0	4.638743e-17
9366.0	5.180082e-17
9369.0	4.270695e-17
9372.0	4.727304e-17
9375.0	6.003126e-17
9378.0	6.243016e-17
9381.0	6.364264e-17
9384.0	6.645703e-17
9387.0	4.994059e-17
9390.0	6.396966e-17
9393.0	6.617495e-17
9396.0	5.714121e-17
9399.0	5.406775e-17
9402.0	4.930332e-17
9405.0	4.912094e-17
9408.0	5.965005e-17
9411.0	4.85672e-17
9414.0	4.809826e-17
9417.0	5.223542e-17
9420.0	4.986705e-17
9423.0	5.139249e-17
9426.0	5.58478e-17
9429.0	4.364e-17
9432.0	4.442775e-17
9435.0	5.894201e-17
9438.0	5.387818e-17
9441.0	5.112574e-17
9444.0	4.534252e-17
9447.0	5.270154e-17
9450.0	4.687438e-17
9453.0	5.459142e-17
9456.0	5.885749e-17
9459.0	5.065174e-17
9462.0	5.496173e-17
9465.0	5.308761e-17
9468.0	5.4728e-17
9471.0	5.598429e-17
9474.0	5.81633e-17
9477.0	5.134399e-17
9480.0	5.596247e-17
9483.0	4.306864e-17
9486.0	6.087555e-17
9489.0	6.658885e-17
9492.0	5.820905e-17
9495.0	5.25835e-17
9498.0	4.739086e-17
9501.0	4.127431e-17
9504.0	4.362383e-17
9507.0	6.21148e-17
9510.0	6.076904e-17
9513.0	5.396565e-17
9516.0	4.608133e-17
9519.0	4.597689e-17
9522.0	4.845818e-17
9525.0	4.431813e-17
9528.0	4.843895e-17
9531.0	5.943493e-17
9534.0	5.598094e-17
9537.0	4.911854e-17
9540.0	5.792834e-17
9543.0	5.121251e-17
9546.0	5.21244e-17
9549.0	6.323996e-17
9552.0	5.34968e-17
9555.0	4.878822e-17
9558.0	5.137663e-17
9561.0	5.082184e-17
9564.0	4.891057e-17
9567.0	5.082995e-17
9570.0	6.557601e-17
9573.0	6.535221e-17
9576.0	5.895448e-17
9579.0	5.212605e-17
9582.0	5.363798e-17
9585.0	5.191487e-17
9588.0	5.125678e-17
9591.0	4.889024e-17
9594.0	4.375894e-17
9597.0	5.32158e-17
9600.0	6.151603e-17
9603.0	5.480275e-17
9606.0	5.155512e-17
9609.0	5.45495e-17
9612.0	6.330029e-17
9615.0	5.178595e-17
9618.0	4.996154e-17
9621.0	5.098176e-17
9624.0	5.582838e-17
9627.0	5.633365e-17
9630.0	5.506937e-17
9633.0	5.291107e-17
9636.0	5.154578e-17
9639.0	5.750206e-17
9642.0	5.774251e-17
9645.0	4.778693e-17
9648.0	5.109105e-17
9651.0	5.34473e-17
9654.0	5.700118e-17
9657.0	5.296432e-17
9660.0	5.046534e-17
9663.0	5.095041e-17
9666.0	5.301977e-17
9669.0	5.566039e-17
9672.0	5.678322e-17
9675.0	5.442452e-17
9678.0	5.363599e-17
9681.0	4.923763e-17
9684.0	5.34316e-17
9687.0	5.19684e-17
9690.0	5.333293e-17
9693.0	5.060626e-17
9696.0	5.266103e-17
9699.0	4.600001e-17
9702.0	4.789791e-17
9705.0	5.248081e-17
9708.0	4.603291e-17
9711.0	5.002212e-17
9714.0	5.332628e-17
9717.0	4.547307e-17
9720.0	5.215342e-17
9723.0	5.073335e-17
9726.0	4.894877e-17
9729.0	4.911893e-17
9732.0	5.054925e-17
9735.0	5.056401e-17
9738.0	5.246857e-17
9741.0	5.033199e-17
9744.0	5.343139e-17
9747.0	5.25256e-17
9750.0	3.990619e-17
9753.0	4.621061e-17
9756.0	4.855874e-17
9759.0	4.777993e-17
9762.0	5.394609e-17
9765.0	5.228942e-17
9768.0	4.82763e-17
9771.0	4.867861e-17
9774.0	4.768681e-17
9777.0	5.26084e-17
9780.0	5.413161e-17
9783.0	4.663685e-17
9786.0	4.751263e-17
9789.0	4.734896e-17
9792.0	4.36503e-17
9795.0	4.170917e-17
9798.0	4.772994e-17
9801.0	4.619613e-17
9804.0	4.580462e-17
9807.0	4.898501e-17
9810.0	4.088536e-17
9813.0	4.333239e-17
9816.0	4.662785e-17
9819.0	4.925801e-17
9822.0	5.117365e-17
9825.0	4.870772e-17
9828.0	4.951499e-17
9831.0	5.003697e-17
9834.0	5.207326e-17
9837.0	5.383672e-17
9840.0	4.821219e-17
9843.0	4.560814e-17
9846.0	4.2012e-17
9849.0	4.36068e-17
9852.0	4.846908e-17
9855.0	4.866244e-17
9858.0	4.573424e-17
9861.0	4.559559e-17
9864.0	4.405555e-17
9867.0	4.172777e-17
9870.0	3.760008e-17
9873.0	4.074237e-17
9876.0	5.3713e-17
9879.0	4.671441e-17
9882.0	4.523454e-17
9885.0	4.72423e-17
9888.0	4.822864e-17
9891.0	4.371586e-17
9894.0	4.410058e-17
9897.0	4.563772e-17
9900.0	4.827465e-17
9903.0	4.575726e-17
9906.0	4.827884e-17
9909.0	4.121204e-17
9912.0	5.090171e-17
9915.0	5.342251e-17
9918.0	3.732526e-17
9921.0	4.521366e-17
9924.0	4.125143e-17
9927.0	4.077562e-17
9930.0	3.802149e-17
9933.0	4.356611e-17
9936.0	4.518023e-17
9939.0	4.129567e-17
9942.0	4.663052e-17
9945.0	3.956209e-17
9948.0	3.461979e-17
9951.0	4.492925e-17
9954.0	5.351324e-17
9957.0	3.164522e-17
9960.0	4.610989e-17
9963.0	3.484476e-17
9966.0	3.343153e-17
9969.0	3.708405e-17
9972.0	3.107288e-17
9975.0	3.6269e-17
9978.0	4.20019e-17
9981.0	5.174645e-17
9984.0	4.919663e-17
9987.0	4.033381e-17
9990.0	3.931471e-17
9993.0	3.793195e-17
9996.0	3.577617e-17
9999.0	4.12462e-17
