#	 2017cbv 
#	 UT date of observation: 20170329 
#	 Telescope/Instrument: SOAR/Goodman 
#	 Estimated Peak MJD: nan 
#	 Estimated redshift: 0.037 
#	 Estimated Phase: nan 
#	 Published in Dettman et al. 2020 
#	 Observed barycentric wavelength (Angstroms)    F_lambda
3600.0	146.409
3602.0	147.179
3604.0	146.946
3606.0	145.493
3608.0	145.723
3610.0	146.87
3612.0	145.533
3614.0	144.299
3616.0	145.858
3618.0	145.493
3620.0	143.444
3622.0	142.324
3624.0	142.078
3626.0	141.874
3628.0	140.956
3630.0	140.473
3632.0	140.135
3634.0	140.488
3636.0	140.525
3638.0	139.996
3640.0	139.563
3642.0	139.528
3644.0	138.214
3646.0	137.526
3648.0	136.355
3650.0	135.277
3652.0	133.141
3654.0	131.615
3656.0	129.218
3658.0	127.179
3660.0	125.634
3662.0	123.472
3664.0	122.037
3666.0	119.421
3668.0	116.568
3670.0	112.355
3672.0	109.332
3674.0	105.618
3676.0	102.567
3678.0	99.0276
3680.0	96.2599
3682.0	93.7014
3684.0	89.5263
3686.0	87.7334
3688.0	85.89
3690.0	81.8973
3692.0	79.4479
3694.0	78.1112
3696.0	76.3927
3698.0	74.7588
3700.0	72.4812
3702.0	70.301
3704.0	68.2545
3706.0	67.2418
3708.0	65.7343
3710.0	63.3223
3712.0	61.0321
3714.0	58.8997
3716.0	57.1246
3718.0	56.4577
3720.0	55.4822
3722.0	54.5221
3724.0	52.6821
3726.0	51.7588
3728.0	50.9633
3730.0	49.9772
3732.0	49.4498
3734.0	48.6069
3736.0	48.0598
3738.0	48.0027
3740.0	47.0524
3742.0	46.8068
3744.0	46.8531
3746.0	46.8849
3748.0	46.9141
3750.0	47.5469
3752.0	48.1796
3754.0	48.7198
3756.0	49.814
3758.0	49.8909
3760.0	50.6699
3762.0	51.2193
3764.0	52.137
3766.0	53.9037
3768.0	55.1499
3770.0	57.1801
3772.0	58.6479
3774.0	60.5175
3776.0	62.2676
3778.0	64.0791
3780.0	65.1976
3782.0	65.9003
3784.0	66.414
3786.0	66.8046
3788.0	66.2572
3790.0	65.742
3792.0	64.9906
3794.0	65.3904
3796.0	65.4188
3798.0	64.6917
3800.0	64.8952
3802.0	66.3004
3804.0	66.6252
3806.0	66.9283
3808.0	68.0228
3810.0	68.7451
3812.0	68.7932
3814.0	69.5782
3816.0	71.1336
3818.0	71.6058
3820.0	72.3825
3822.0	72.8537
3824.0	73.4381
3826.0	74.1787
3828.0	74.5546
3830.0	75.8863
3832.0	77.0022
3834.0	77.628
3836.0	78.4937
3838.0	79.3343
3840.0	81.1561
3842.0	82.3664
3844.0	83.7729
3846.0	84.6779
3848.0	85.7831
3850.0	87.405
3852.0	89.0074
3854.0	90.6541
3856.0	92.342
3858.0	94.0151
3860.0	95.9188
3862.0	98.3259
3864.0	100.254
3866.0	103.072
3868.0	105.237
3870.0	108.434
3872.0	111.828
3874.0	115.285
3876.0	119.855
3878.0	122.308
3880.0	123.799
3882.0	126.68
3884.0	130.212
3886.0	132.37
3888.0	134.17
3890.0	135.472
3892.0	137.356
3894.0	139.852
3896.0	141.106
3898.0	141.677
3900.0	142.922
3902.0	144.782
3904.0	145.776
3906.0	147.248
3908.0	149.296
3910.0	148.946
3912.0	149.428
3914.0	151.876
3916.0	151.181
3918.0	151.473
3920.0	151.511
3922.0	150.634
3924.0	150.617
3926.0	151.084
3928.0	146.4
3930.0	136.562
3932.0	134.248
3934.0	139.993
3936.0	146.685
3938.0	152.974
3940.0	155.418
3942.0	155.545
3944.0	156.625
3946.0	155.713
3948.0	155.618
3950.0	157.552
3952.0	160.226
3954.0	162.435
3956.0	164.13
3958.0	165.033
3960.0	165.988
3962.0	164.979
3964.0	160.267
3966.0	153.923
3968.0	156.853
3970.0	160.989
3972.0	163.841
3974.0	166.397
3976.0	166.199
3978.0	164.745
3980.0	163.212
3982.0	160.616
3984.0	159.437
3986.0	158.003
3988.0	156.251
3990.0	155.586
3992.0	154.677
3994.0	152.648
3996.0	149.784
3998.0	147.429
4000.0	146.675
4002.0	145.386
4004.0	143.384
4006.0	142.048
4008.0	140.201
4010.0	138.612
4012.0	137.551
4014.0	136.251
4016.0	135.39
4018.0	135.319
4020.0	136.171
4022.0	135.532
4024.0	135.211
4026.0	135.721
4028.0	136.506
4030.0	136.564
4032.0	136.642
4034.0	137.619
4036.0	138.813
4038.0	139.488
4040.0	140.21
4042.0	141.546
4044.0	142.442
4046.0	142.81
4048.0	144.136
4050.0	146.013
4052.0	147.488
4054.0	148.618
4056.0	150.188
4058.0	150.573
4060.0	151.965
4062.0	153.506
4064.0	154.431
4066.0	155.274
4068.0	155.398
4070.0	157.121
4072.0	157.873
4074.0	157.296
4076.0	157.917
4078.0	160.096
4080.0	160.565
4082.0	160.894
4084.0	162.069
4086.0	161.717
4088.0	162.23
4090.0	163.018
4092.0	164.464
4094.0	165.209
4096.0	165.793
4098.0	166.053
4100.0	165.584
4102.0	164.249
4104.0	163.923
4106.0	164.909
4108.0	164.135
4110.0	163.13
4112.0	162.891
4114.0	162.229
4116.0	161.625
4118.0	161.104
4120.0	160.8
4122.0	160.513
4124.0	160.051
4126.0	160.544
4128.0	160.296
4130.0	159.719
4132.0	158.747
4134.0	157.408
4136.0	157.329
4138.0	156.385
4140.0	154.392
4142.0	153.106
4144.0	152.18
4146.0	151.065
4148.0	150.227
4150.0	149.742
4152.0	149.21
4154.0	148.527
4156.0	147.762
4158.0	147.541
4160.0	147.168
4162.0	146.482
4164.0	146.471
4166.0	147.291
4168.0	147.168
4170.0	146.151
4172.0	145.796
4174.0	145.783
4176.0	145.536
4178.0	144.757
4180.0	144.137
4182.0	144.14
4184.0	144.833
4186.0	145.035
4188.0	144.686
4190.0	144.935
4192.0	144.964
4194.0	144.557
4196.0	144.064
4198.0	143.159
4200.0	142.115
4202.0	140.925
4204.0	139.258
4206.0	138.166
4208.0	137.624
4210.0	136.433
4212.0	134.65
4214.0	133.043
4216.0	131.913
4218.0	131.01
4220.0	130.18
4222.0	128.847
4224.0	127.295
4226.0	126.232
4228.0	125.314
4230.0	124.829
4232.0	123.446
4234.0	121.384
4236.0	120.578
4238.0	119.987
4240.0	118.635
4242.0	117.949
4244.0	117.789
4246.0	116.799
4248.0	115.629
4250.0	114.769
4252.0	113.353
4254.0	112.257
4256.0	111.472
4258.0	110.058
4260.0	109.645
4262.0	108.064
4264.0	106.587
4266.0	106.412
4268.0	105.972
4270.0	105.141
4272.0	103.974
4274.0	102.982
4276.0	102.137
4278.0	101.22
4280.0	100.337
4282.0	99.4093
4284.0	99.0613
4286.0	98.5792
4288.0	97.4498
4290.0	96.2572
4292.0	95.6147
4294.0	95.4109
4296.0	95.0014
4298.0	93.9931
4300.0	93.4499
4302.0	92.6392
4304.0	91.9738
4306.0	91.8429
4308.0	91.5544
4310.0	91.4351
4312.0	91.3716
4314.0	90.9488
4316.0	90.4569
4318.0	90.3232
4320.0	90.0488
4322.0	89.7713
4324.0	89.6519
4326.0	89.5334
4328.0	89.5717
4330.0	89.9791
4332.0	90.3091
4334.0	90.8129
4336.0	91.0402
4338.0	91.8056
4340.0	92.6723
4342.0	92.7432
4344.0	93.2049
4346.0	93.9271
4348.0	94.5497
4350.0	95.737
4352.0	96.1301
4354.0	95.7789
4356.0	96.2337
4358.0	96.4124
4360.0	97.0897
4362.0	98.3912
4364.0	99.4232
4366.0	99.6091
4368.0	100.042
4370.0	101.897
4372.0	101.899
4374.0	102.763
4376.0	103.406
4378.0	104.117
4380.0	105.18
4382.0	106.088
4384.0	106.722
4386.0	107.272
4388.0	107.958
4390.0	107.828
4392.0	108.586
4394.0	109.42
4396.0	109.826
4398.0	110.579
4400.0	110.76
4402.0	111.077
4404.0	111.76
4406.0	112.62
4408.0	112.217
4410.0	112.896
4412.0	113.582
4414.0	113.445
4416.0	113.261
4418.0	112.073
4420.0	111.814
4422.0	111.914
4424.0	110.136
4426.0	108.969
4428.0	108.235
4430.0	107.785
4432.0	107.434
4434.0	106.941
4436.0	107.161
4438.0	107.367
4440.0	106.166
4442.0	105.259
4444.0	105.701
4446.0	105.271
4448.0	104.947
4450.0	104.625
4452.0	104.32
4454.0	104.848
4456.0	104.957
4458.0	105.186
4460.0	105.096
4462.0	105.576
4464.0	106.502
4466.0	107.349
4468.0	107.964
4470.0	108.884
4472.0	110.708
4474.0	112.496
4476.0	113.179
4478.0	114.329
4480.0	115.475
4482.0	116.63
4484.0	118.083
4486.0	118.804
4488.0	119.357
4490.0	119.698
4492.0	120.917
4494.0	122.426
4496.0	122.874
4498.0	123.305
4500.0	123.893
4502.0	124.03
4504.0	124.959
4506.0	125.758
4508.0	126.234
4510.0	127.042
4512.0	127.577
4514.0	127.536
4516.0	127.866
4518.0	128.359
4520.0	128.504
4522.0	128.793
4524.0	128.992
4526.0	129.026
4528.0	129.937
4530.0	130.696
4532.0	131.118
4534.0	131.51
4536.0	131.613
4538.0	131.809
4540.0	132.2
4542.0	131.943
4544.0	131.809
4546.0	132.037
4548.0	131.352
4550.0	131.165
4552.0	131.117
4554.0	130.043
4556.0	129.874
4558.0	130.134
4560.0	129.137
4562.0	128.16
4564.0	127.684
4566.0	127.261
4568.0	126.708
4570.0	126.838
4572.0	126.51
4574.0	125.465
4576.0	125.148
4578.0	125.139
4580.0	125.426
4582.0	125.251
4584.0	124.792
4586.0	125.316
4588.0	126.091
4590.0	125.903
4592.0	125.64
4594.0	126.131
4596.0	125.845
4598.0	126.277
4600.0	127.482
4602.0	127.179
4604.0	126.778
4606.0	127.29
4608.0	128.071
4610.0	127.855
4612.0	128.553
4614.0	129.327
4616.0	129.151
4618.0	129.09
4620.0	129.327
4622.0	129.172
4624.0	128.929
4626.0	129.283
4628.0	128.638
4630.0	128.155
4632.0	127.973
4634.0	126.863
4636.0	126.487
4638.0	126.587
4640.0	125.757
4642.0	125.397
4644.0	124.115
4646.0	122.98
4648.0	122.487
4650.0	120.963
4652.0	119.535
4654.0	118.491
4656.0	117.092
4658.0	115.485
4660.0	113.821
4662.0	111.96
4664.0	110.679
4666.0	109.387
4668.0	108.16
4670.0	106.767
4672.0	105.671
4674.0	104.517
4676.0	103.436
4678.0	102.292
4680.0	101.512
4682.0	100.641
4684.0	100.818
4686.0	99.9895
4688.0	99.6377
4690.0	99.8516
4692.0	99.2582
4694.0	98.427
4696.0	98.1592
4698.0	98.8191
4700.0	98.7775
4702.0	98.676
4704.0	99.3345
4706.0	99.1216
4708.0	99.0698
4710.0	99.1088
4712.0	100.148
4714.0	100.088
4716.0	100.137
4718.0	99.8266
4720.0	99.9203
4722.0	100.112
4724.0	100.157
4726.0	99.9414
4728.0	100.489
4730.0	100.565
4732.0	100.412
4734.0	100.213
4736.0	99.7032
4738.0	99.3581
4740.0	98.8851
4742.0	98.6468
4744.0	98.3695
4746.0	97.2364
4748.0	95.7201
4750.0	94.4734
4752.0	93.8698
4754.0	93.0644
4756.0	91.6645
4758.0	91.0018
4760.0	90.1887
4762.0	89.426
4764.0	88.2608
4766.0	87.536
4768.0	87.0295
4770.0	86.7177
4772.0	86.3716
4774.0	85.9977
4776.0	85.7237
4778.0	85.6884
4780.0	85.8411
4782.0	85.7769
4784.0	85.7879
4786.0	85.9472
4788.0	86.1202
4790.0	87.0404
4792.0	87.4165
4794.0	87.3163
4796.0	88.1322
4798.0	88.808
4800.0	89.3151
4802.0	90.0438
4804.0	90.6382
4806.0	91.5424
4808.0	92.7341
4810.0	93.507
4812.0	93.7847
4814.0	94.6492
4816.0	95.1361
4818.0	95.6081
4820.0	96.343
4822.0	96.3851
4824.0	96.2805
4826.0	95.7609
4828.0	95.5577
4830.0	95.3859
4832.0	94.4512
4834.0	93.5198
4836.0	92.5541
4838.0	91.4972
4840.0	90.5916
4842.0	89.566
4844.0	88.7403
4846.0	87.5008
4848.0	86.6344
4850.0	85.9237
4852.0	85.4633
4854.0	84.8909
4856.0	83.4575
4858.0	82.391
4860.0	81.5781
4862.0	81.1928
4864.0	80.5728
4866.0	79.2783
4868.0	78.3013
4870.0	77.8737
4872.0	76.9574
4874.0	76.1054
4876.0	75.7708
4878.0	74.8456
4880.0	73.9216
4882.0	73.744
4884.0	73.4918
4886.0	72.8243
4888.0	72.7405
4890.0	72.6977
4892.0	72.3298
4894.0	72.1999
4896.0	72.3011
4898.0	72.2404
4900.0	72.2448
4902.0	72.3006
4904.0	72.3251
4906.0	72.7555
4908.0	73.3065
4910.0	73.446
4912.0	73.3373
4914.0	73.5627
4916.0	74.2781
4918.0	75.1876
4920.0	75.6092
4922.0	75.7255
4924.0	75.8472
4926.0	75.745
4928.0	75.4683
4930.0	75.295
4932.0	75.3173
4934.0	75.4298
4936.0	75.2984
4938.0	75.0796
4940.0	75.2236
4942.0	75.3607
4944.0	75.4068
4946.0	75.5972
4948.0	75.462
4950.0	75.6619
4952.0	75.9657
4954.0	76.1459
4956.0	76.553
4958.0	76.8806
4960.0	77.0848
4962.0	77.216
4964.0	77.6473
4966.0	78.3029
4968.0	78.6645
4970.0	78.6771
4972.0	78.8558
4974.0	79.1035
4976.0	78.5337
4978.0	78.1816
4980.0	78.6366
4982.0	78.5009
4984.0	77.7236
4986.0	77.3461
4988.0	77.3371
4990.0	77.2088
4992.0	77.3065
4994.0	77.273
4996.0	77.1441
4998.0	77.4123
5000.0	77.518
5002.0	77.8956
5004.0	78.1327
5006.0	77.4314
5008.0	77.4949
5010.0	77.8356
5012.0	78.0679
5014.0	78.3248
5016.0	78.6742
5018.0	79.2601
5020.0	79.5949
5022.0	79.6052
5024.0	79.9563
5026.0	80.6405
5028.0	81.007
5030.0	80.8543
5032.0	81.3172
5034.0	82.1117
5036.0	82.415
5038.0	82.6264
5040.0	82.6884
5042.0	82.9532
5044.0	83.3087
5046.0	83.5566
5048.0	83.8809
5050.0	84.2417
5052.0	84.5971
5054.0	84.7999
5056.0	85.1054
5058.0	85.3999
5060.0	85.7695
5062.0	86.3401
5064.0	86.9697
5066.0	87.2588
5068.0	87.4731
5070.0	88.201
5072.0	89.0455
5074.0	89.4028
5076.0	89.9915
5078.0	90.6567
5080.0	91.364
5082.0	91.9786
5084.0	92.4174
5086.0	92.9376
5088.0	92.9582
5090.0	93.6291
5092.0	94.7413
5094.0	95.0549
5096.0	95.4809
5098.0	96.3423
5100.0	96.8795
5102.0	97.6842
5104.0	98.5928
5106.0	99.3443
5108.0	99.532
5110.0	100.213
5112.0	100.932
5114.0	101.041
5116.0	101.782
5118.0	102.085
5120.0	102.982
5122.0	103.357
5124.0	103.732
5126.0	104.69
5128.0	105.334
5130.0	105.717
5132.0	105.899
5134.0	106.273
5136.0	106.588
5138.0	105.983
5140.0	105.801
5142.0	105.929
5144.0	105.735
5146.0	105.94
5148.0	105.789
5150.0	105.327
5152.0	104.996
5154.0	104.399
5156.0	104.255
5158.0	103.91
5160.0	104.029
5162.0	103.41
5164.0	103.056
5166.0	102.77
5168.0	102.101
5170.0	101.804
5172.0	101.693
5174.0	101.041
5176.0	100.05
5178.0	99.7742
5180.0	99.6603
5182.0	99.4238
5184.0	99.2463
5186.0	99.1311
5188.0	99.0296
5190.0	98.7786
5192.0	98.7615
5194.0	99.3402
5196.0	99.3815
5198.0	99.5374
5200.0	99.5177
5202.0	99.4076
5204.0	99.3515
5206.0	99.9579
5208.0	100.518
5210.0	100.635
5212.0	100.6
5214.0	100.685
5216.0	100.779
5218.0	100.836
5220.0	101.311
5222.0	101.198
5224.0	101.11
5226.0	101.399
5228.0	101.229
5230.0	101.493
5232.0	101.175
5234.0	100.864
5236.0	100.627
5238.0	99.9583
5240.0	99.4134
5242.0	98.5406
5244.0	98.0815
5246.0	97.0222
5248.0	95.6004
5250.0	94.386
5252.0	93.5805
5254.0	92.1202
5256.0	90.9266
5258.0	89.8257
5260.0	88.9076
5262.0	87.7102
5264.0	86.2436
5266.0	84.9806
5268.0	83.4293
5270.0	82.4601
5272.0	81.4872
5274.0	80.0709
5276.0	78.9596
5278.0	77.7331
5280.0	76.6403
5282.0	75.4535
5284.0	74.4785
5286.0	73.4572
5288.0	72.6468
5290.0	72.2648
5292.0	72.0153
5294.0	71.4485
5296.0	70.7549
5298.0	69.9107
5300.0	69.642
5302.0	69.7211
5304.0	69.4993
5306.0	68.9841
5308.0	68.7231
5310.0	68.9822
5312.0	69.1924
5314.0	69.4592
5316.0	69.1211
5318.0	69.0394
5320.0	69.2039
5322.0	69.4033
5324.0	69.4064
5326.0	69.3083
5328.0	69.5391
5330.0	69.4761
5332.0	69.4048
5334.0	69.4539
5336.0	69.15
5338.0	69.2036
5340.0	69.078
5342.0	69.046
5344.0	69.0903
5346.0	69.2966
5348.0	69.2842
5350.0	69.3599
5352.0	69.8289
5354.0	70.116
5356.0	70.4705
5358.0	70.902
5360.0	70.9153
5362.0	71.4587
5364.0	72.0099
5366.0	72.3514
5368.0	72.9757
5370.0	73.8219
5372.0	74.5576
5374.0	74.2631
5376.0	74.5855
5378.0	75.1393
5380.0	75.163
5382.0	75.798
5384.0	76.3017
5386.0	76.2903
5388.0	76.3273
5390.0	76.5287
5392.0	76.7197
5394.0	76.9274
5396.0	76.9865
5398.0	76.9324
5400.0	76.941
5402.0	76.8796
5404.0	76.7628
5406.0	76.7558
5408.0	76.8661
5410.0	76.9934
5412.0	76.6436
5414.0	76.4414
5416.0	76.516
5418.0	76.2617
5420.0	76.1309
5422.0	75.911
5424.0	75.6857
5426.0	75.3048
5428.0	75.2917
5430.0	75.262
5432.0	74.9325
5434.0	74.5466
5436.0	74.3927
5438.0	74.0745
5440.0	73.4424
5442.0	73.114
5444.0	72.5495
5446.0	71.6597
5448.0	71.0185
5450.0	70.5171
5452.0	69.7577
5454.0	68.6746
5456.0	67.9832
5458.0	67.37
5460.0	66.812
5462.0	66.006
5464.0	65.1073
5466.0	64.6973
5468.0	64.451
5470.0	64.0276
5472.0	63.5174
5474.0	62.9275
5476.0	62.1551
5478.0	61.8263
5480.0	61.4354
5482.0	61.0158
5484.0	60.5555
5486.0	60.2318
5488.0	60.1794
5490.0	60.0575
5492.0	60.0722
5494.0	60.1055
5496.0	60.3123
5498.0	60.7367
5500.0	61.0936
5502.0	61.4097
5504.0	62.0914
5506.0	62.9779
5508.0	63.5042
5510.0	64.1623
5512.0	64.8938
5514.0	65.5864
5516.0	66.184
5518.0	67.4733
5520.0	68.7401
5522.0	69.2265
5524.0	69.7916
5526.0	70.4487
5528.0	70.9495
5530.0	71.6435
5532.0	72.2659
5534.0	72.9802
5536.0	73.8352
5538.0	74.273
5540.0	74.8929
5542.0	75.6466
5544.0	76.1243
5546.0	76.7513
5548.0	77.7338
5550.0	78.5572
5552.0	79.1255
5554.0	79.4672
5556.0	80.138
5558.0	81.0509
5560.0	81.4868
5562.0	81.9891
5564.0	82.7126
5566.0	83.1022
5568.0	83.5865
5570.0	84.0863
5572.0	84.3169
5574.0	84.6351
5576.0	84.7021
5578.0	84.6428
5580.0	84.7989
5582.0	84.8912
5584.0	84.2864
5586.0	83.8132
5588.0	83.7227
5590.0	83.235
5592.0	82.9599
5594.0	82.7724
5596.0	82.3195
5598.0	82.0359
5600.0	81.7194
5602.0	81.8056
5604.0	82.2622
5606.0	82.3818
5608.0	82.9071
5610.0	83.3557
5612.0	83.4669
5614.0	83.5652
5616.0	83.9645
5618.0	84.4138
5620.0	84.7323
5622.0	84.9751
5624.0	85.2501
5626.0	85.3218
5628.0	85.8023
5630.0	85.8797
5632.0	85.8646
5634.0	85.9845
5636.0	86.0327
5638.0	86.0137
5640.0	86.2493
5642.0	86.5223
5644.0	86.2459
5646.0	85.7893
5648.0	85.7741
5650.0	85.4854
5652.0	85.4174
5654.0	85.3976
5656.0	85.0439
5658.0	85.1003
5660.0	85.098
5662.0	84.8704
5664.0	84.7987
5666.0	84.7173
5668.0	84.7981
5670.0	84.6995
5672.0	84.4669
5674.0	84.5283
5676.0	84.7177
5678.0	85.1562
5680.0	85.189
5682.0	84.8646
5684.0	84.7255
5686.0	84.4542
5688.0	83.8691
5690.0	83.5692
5692.0	83.7967
5694.0	83.863
5696.0	83.843
5698.0	83.9336
5700.0	83.9705
5702.0	83.8965
5704.0	84.0379
5706.0	84.2772
5708.0	84.4473
5710.0	84.4073
5712.0	84.347
5714.0	84.2867
5716.0	84.3864
5718.0	84.6424
5720.0	84.605
5722.0	84.3453
5724.0	84.4072
5726.0	84.2799
5728.0	84.2541
5730.0	84.3389
5732.0	84.1108
5734.0	83.6955
5736.0	83.6412
5738.0	83.6679
5740.0	83.4078
5742.0	83.375
5744.0	83.2791
5746.0	82.854
5748.0	82.4593
5750.0	82.165
5752.0	81.7671
5754.0	81.4189
5756.0	81.261
5758.0	80.9295
5760.0	80.8499
5762.0	80.6941
5764.0	80.5667
5766.0	80.6188
5768.0	80.2171
5770.0	79.7503
5772.0	79.4963
5774.0	79.2466
5776.0	78.7653
5778.0	78.3115
5780.0	78.2037
5782.0	78.4576
5784.0	78.5934
5786.0	78.3596
5788.0	77.7752
5790.0	77.3569
5792.0	77.1462
5794.0	77.0805
5796.0	77.2544
5798.0	77.4272
5800.0	77.4387
5802.0	77.0844
5804.0	77.0843
5806.0	76.8286
5808.0	76.5028
5810.0	76.8424
5812.0	77.1152
5814.0	77.0729
5816.0	77.1892
5818.0	77.2313
5820.0	77.5154
5822.0	77.4657
5824.0	77.6725
5826.0	77.7816
5828.0	78.1707
5830.0	78.4892
5832.0	78.209
5834.0	78.1718
5836.0	78.6069
5838.0	79.032
5840.0	79.1873
5842.0	78.9182
5844.0	79.1712
5846.0	79.3293
5848.0	79.5726
5850.0	79.9384
5852.0	79.8775
5854.0	79.8861
5856.0	79.8253
5858.0	80.118
5860.0	80.1855
5862.0	79.973
5864.0	80.0056
5866.0	79.7744
5868.0	79.9306
5870.0	79.6103
5872.0	79.5475
5874.0	80.5523
5876.0	81.685
5878.0	82.7271
5880.0	82.9593
5882.0	81.8882
5884.0	79.6358
5886.0	76.6735
5888.0	74.6235
5890.0	74.7837
5892.0	76.3575
5894.0	77.7878
5896.0	79.1264
5898.0	79.6753
5900.0	80.0465
5902.0	80.3652
5904.0	79.9164
5906.0	79.5914
5908.0	79.7722
5910.0	79.9452
5912.0	79.8361
5914.0	79.6963
5916.0	79.8919
5918.0	79.8497
5920.0	79.8125
5922.0	80.341
5924.0	80.7037
5926.0	80.9171
5928.0	81.3482
5930.0	81.7686
5932.0	81.6321
5934.0	81.5053
5936.0	81.5089
5938.0	81.6307
5940.0	81.4835
5942.0	81.2483
5944.0	81.1055
5946.0	80.9319
5948.0	81.165
5950.0	81.1794
5952.0	80.928
5954.0	81.1449
5956.0	80.9167
5958.0	80.5888
5960.0	80.9016
5962.0	80.927
5964.0	80.6557
5966.0	80.6502
5968.0	80.4994
5970.0	80.5387
5972.0	80.5159
5974.0	80.4968
5976.0	80.5152
5978.0	80.4641
5980.0	80.5913
5982.0	80.5324
5984.0	80.5092
5986.0	80.543
5988.0	80.2888
5990.0	80.3162
5992.0	80.4317
5994.0	80.2309
5996.0	80.1822
5998.0	80.4743
6000.0	80.5109
6002.0	80.0478
6004.0	79.9703
6006.0	79.9782
6008.0	79.7383
6010.0	79.7393
6012.0	79.6335
6014.0	79.4525
6016.0	79.2281
6018.0	78.9302
6020.0	78.7628
6022.0	78.6085
6024.0	78.2599
6026.0	78.0713
6028.0	78.2538
6030.0	78.104
6032.0	77.448
6034.0	77.2612
6036.0	77.0592
6038.0	76.4914
6040.0	76.4342
6042.0	76.3173
6044.0	75.8437
6046.0	75.8294
6048.0	75.8128
6050.0	75.4856
6052.0	75.2988
6054.0	74.8656
6056.0	74.4783
6058.0	74.3542
6060.0	74.2168
6062.0	74.1359
6064.0	73.7021
6066.0	73.0135
6068.0	72.5166
6070.0	72.1572
6072.0	71.6145
6074.0	71.1153
6076.0	70.6755
6078.0	70.1008
6080.0	69.6165
6082.0	69.1448
6084.0	68.5772
6086.0	68.0943
6088.0	67.3699
6090.0	66.8454
6092.0	66.1485
6094.0	65.1753
6096.0	64.6114
6098.0	64.2302
6100.0	63.4216
6102.0	62.4065
6104.0	61.6223
6106.0	60.778
6108.0	59.9809
6110.0	59.4937
6112.0	58.4334
6114.0	57.3769
6116.0	56.2054
6118.0	55.6378
6120.0	54.6614
6122.0	53.436
6124.0	52.3529
6126.0	51.3434
6128.0	50.4626
6130.0	49.5587
6132.0	48.7147
6134.0	48.0103
6136.0	47.0612
6138.0	46.2361
6140.0	45.5004
6142.0	44.8093
6144.0	44.0602
6146.0	43.3029
6148.0	42.796
6150.0	42.1227
6152.0	41.4722
6154.0	40.8991
6156.0	40.2919
6158.0	40.0181
6160.0	39.4502
6162.0	39.0268
6164.0	38.6368
6166.0	38.2024
6168.0	37.9509
6170.0	37.8632
6172.0	37.8214
6174.0	37.5258
6176.0	37.4598
6178.0	37.595
6180.0	37.653
6182.0	37.6744
6184.0	37.9322
6186.0	37.9456
6188.0	37.9638
6190.0	38.0756
6192.0	38.1247
6194.0	38.5146
6196.0	38.9336
6198.0	39.2671
6200.0	39.7673
6202.0	40.0201
6204.0	40.4905
6206.0	41.1787
6208.0	41.8429
6210.0	42.3829
6212.0	42.9929
6214.0	43.7284
6216.0	44.3754
6218.0	44.9758
6220.0	45.6104
6222.0	46.3234
6224.0	46.83
6226.0	47.4889
6228.0	48.2053
6230.0	48.8087
6232.0	49.4611
6234.0	50.2221
6236.0	51.0303
6238.0	51.6456
6240.0	52.1308
6242.0	52.6938
6244.0	53.2795
6246.0	53.8161
6248.0	54.6183
6250.0	55.5085
6252.0	55.886
6254.0	56.5773
6256.0	57.2943
6258.0	57.6673
6260.0	58.0778
6262.0	58.7287
6264.0	59.1213
6266.0	59.6978
6268.0	60.3886
6270.0	61.1582
6272.0	61.8375
6274.0	62.035
6276.0	62.4158
6278.0	62.9746
6280.0	63.6664
6282.0	64.6471
6284.0	65.6862
6286.0	66.0191
6288.0	66.2782
6290.0	66.2433
6292.0	65.7031
6294.0	65.5171
6296.0	65.8064
6298.0	65.9915
6300.0	66.3583
6302.0	66.6118
6304.0	66.7155
6306.0	66.9172
6308.0	67.2587
6310.0	67.8407
6312.0	68.1654
6314.0	68.0718
6316.0	68.1622
6318.0	68.405
6320.0	68.7625
6322.0	69.1789
6324.0	69.0277
6326.0	69.1577
6328.0	69.1464
6330.0	69.2642
6332.0	69.6373
6334.0	69.7884
6336.0	70.0603
6338.0	70.2247
6340.0	70.2312
6342.0	70.3712
6344.0	70.5836
6346.0	70.4694
6348.0	70.4701
6350.0	70.4899
6352.0	70.3416
6354.0	70.2095
6356.0	70.0993
6358.0	70.0725
6360.0	70.084
6362.0	70.0667
6364.0	69.6468
6366.0	69.5406
6368.0	69.4172
6370.0	69.3993
6372.0	69.382
6374.0	69.249
6376.0	69.2631
6378.0	69.286
6380.0	69.0106
6382.0	68.7183
6384.0	68.7181
6386.0	68.3879
6388.0	68.2799
6390.0	68.1871
6392.0	67.7746
6394.0	67.4987
6396.0	67.3278
6398.0	67.2141
6400.0	67.3342
6402.0	67.4006
6404.0	67.0659
6406.0	66.8609
6408.0	66.8204
6410.0	66.4443
6412.0	66.306
6414.0	66.2759
6416.0	66.3215
6418.0	66.4255
6420.0	66.2466
6422.0	66.1149
6424.0	65.9074
6426.0	65.8634
6428.0	65.5879
6430.0	65.2241
6432.0	65.0791
6434.0	64.9444
6436.0	64.7805
6438.0	64.6053
6440.0	64.4248
6442.0	64.2422
6444.0	63.9687
6446.0	63.7452
6448.0	63.5766
6450.0	63.5092
6452.0	63.3043
6454.0	62.9294
6456.0	62.8105
6458.0	62.2387
6460.0	61.8628
6462.0	61.8104
6464.0	61.8375
6466.0	61.2542
6468.0	60.974
6470.0	60.8292
6472.0	60.5703
6474.0	60.4417
6476.0	60.3678
6478.0	60.0618
6480.0	59.5782
6482.0	59.5623
6484.0	59.4604
6486.0	59.3629
6488.0	59.4649
6490.0	59.2684
6492.0	59.4024
6494.0	59.4975
6496.0	59.4533
6498.0	59.2854
6500.0	59.0935
6502.0	59.2142
6504.0	59.1403
6506.0	58.7446
6508.0	58.5353
6510.0	58.3657
6512.0	58.0483
6514.0	57.8944
6516.0	57.6304
6518.0	57.3837
6520.0	57.3537
6522.0	57.3996
6524.0	57.3994
6526.0	57.2961
6528.0	57.1328
6530.0	56.8294
6532.0	56.8087
6534.0	56.9211
6536.0	56.9996
6538.0	56.9203
6540.0	56.6944
6542.0	56.6934
6544.0	56.6939
6546.0	56.5302
6548.0	56.326
6550.0	56.1338
6552.0	56.0041
6554.0	56.0843
6556.0	56.1219
6558.0	56.0876
6560.0	55.9493
6562.0	55.8408
6564.0	55.7082
6566.0	55.6549
6568.0	55.6078
6570.0	55.1956
6572.0	55.0305
6574.0	55.0711
6576.0	55.0223
6578.0	54.7879
6580.0	54.8651
6582.0	55.0551
6584.0	54.8351
6586.0	54.6371
6588.0	54.5001
6590.0	54.355
6592.0	54.1035
6594.0	53.9962
6596.0	53.7662
6598.0	53.6554
6600.0	53.775
6602.0	53.8024
6604.0	53.7765
6606.0	53.7081
6608.0	53.4914
6610.0	53.2223
6612.0	52.7679
6614.0	52.526
6616.0	52.5782
6618.0	52.5131
6620.0	52.3369
6622.0	52.1405
6624.0	52.1635
6626.0	52.118
6628.0	52.3083
6630.0	52.008
6632.0	51.6214
6634.0	51.4795
6636.0	51.1785
6638.0	50.9348
6640.0	50.8141
6642.0	50.9266
6644.0	50.8104
6646.0	50.9541
6648.0	50.8672
6650.0	50.6597
6652.0	50.5167
6654.0	50.1519
6656.0	49.9483
6658.0	49.7654
6660.0	49.4977
6662.0	49.4693
6664.0	49.8013
6666.0	49.819
6668.0	49.6141
6670.0	49.7554
6672.0	49.5891
6674.0	49.6192
6676.0	49.3242
6678.0	48.8928
6680.0	48.6847
6682.0	48.4303
6684.0	48.332
6686.0	48.4822
6688.0	48.5667
6690.0	48.7142
6692.0	48.7829
6694.0	48.5637
6696.0	48.4988
6698.0	48.261
6700.0	48.049
6702.0	47.7469
6704.0	47.5482
6706.0	47.5165
6708.0	47.5622
6710.0	47.4464
6712.0	47.4488
6714.0	47.5407
6716.0	47.6596
6718.0	47.5386
6720.0	47.2059
6722.0	46.9088
6724.0	46.6265
6726.0	46.2961
6728.0	46.2051
6730.0	46.3136
6732.0	46.2475
6734.0	46.1669
6736.0	46.2118
6738.0	46.2601
6740.0	46.0347
6742.0	45.6148
6744.0	45.4557
6746.0	45.5864
6748.0	45.489
6750.0	45.3499
6752.0	45.2874
6754.0	45.1505
6756.0	45.0875
6758.0	44.9126
6760.0	44.7602
6762.0	44.4342
6764.0	44.0802
6766.0	43.8878
6768.0	43.7873
6770.0	43.7965
6772.0	44.1078
6774.0	44.177
6776.0	43.9426
6778.0	43.7924
6780.0	43.6417
6782.0	43.2408
6784.0	42.9011
6786.0	42.7282
6788.0	42.4856
6790.0	42.5628
6792.0	42.5604
6794.0	42.6117
6796.0	42.5922
6798.0	42.5577
6800.0	42.4478
6802.0	42.3156
6804.0	41.9412
6806.0	42.06
6808.0	42.2513
6810.0	42.1963
6812.0	42.0343
6814.0	42.0014
6816.0	42.0134
6818.0	41.6597
6820.0	41.4154
6822.0	41.2314
6824.0	40.9175
6826.0	41.1869
6828.0	41.2304
6830.0	41.3271
6832.0	41.4019
6834.0	41.3518
6836.0	41.4821
6838.0	41.4624
6840.0	41.2381
6842.0	41.1475
6844.0	40.9812
6846.0	40.7508
6848.0	40.5227
6850.0	40.7576
6852.0	40.6547
6854.0	40.6272
6856.0	40.4852
6858.0	40.3848
6860.0	40.575
6862.0	41.167
6864.0	40.9989
6866.0	39.8079
6868.0	39.4977
6870.0	39.8222
6872.0	39.5081
6874.0	39.6237
6876.0	39.774
6878.0	39.7835
6880.0	39.7395
6882.0	39.3793
6884.0	38.9256
6886.0	38.831
6888.0	39.0873
6890.0	39.1694
6892.0	38.9981
6894.0	39.1441
6896.0	39.1521
6898.0	38.9328
6900.0	38.7077
6902.0	38.8185
6904.0	38.7346
6906.0	38.4513
6908.0	38.1806
6910.0	38.3746
6912.0	38.2033
6914.0	38.1477
6916.0	38.2593
6918.0	38.1695
6920.0	38.0538
6922.0	38.0403
6924.0	38.0869
6926.0	37.9366
6928.0	37.973
6930.0	38.1062
6932.0	38.0949
6934.0	38.3793
6936.0	38.2736
6938.0	37.8736
6940.0	37.6034
6942.0	37.6242
6944.0	37.6544
6946.0	37.4768
6948.0	37.5158
6950.0	37.6213
6952.0	37.7344
6954.0	37.7891
6956.0	37.7327
6958.0	37.6797
6960.0	37.5865
6962.0	37.4742
6964.0	37.489
6966.0	37.9309
6968.0	38.1276
6970.0	38.0173
6972.0	38.0695
6974.0	37.9556
6976.0	37.8703
6978.0	37.8722
6980.0	37.6283
6982.0	37.3199
6984.0	37.2707
6986.0	37.2447
6988.0	37.3558
6990.0	37.4531
6992.0	37.2516
6994.0	37.2386
6996.0	37.1396
6998.0	37.0157
7000.0	37.1598
7002.0	37.0644
7004.0	37.1181
7006.0	37.229
7008.0	36.9831
7010.0	36.8724
7012.0	36.8185
7014.0	36.5324
7016.0	36.3474
7018.0	36.5069
7020.0	36.5967
7022.0	36.5733
7024.0	36.5024
7026.0	36.5878
7028.0	36.4347
7030.0	36.2708
7032.0	36.7216
7034.0	36.9907
7036.0	36.6532
7038.0	36.4039
7040.0	36.0617
7042.0	35.754
7044.0	35.4037
7046.0	35.5198
7048.0	35.4284
7050.0	35.5678
7052.0	35.6541
7054.0	35.5998
7056.0	36.1955
7058.0	36.3673
7060.0	36.0925
7062.0	36.1659
7064.0	36.5223
7066.0	37.1762
7068.0	37.1882
7070.0	36.7841
7072.0	36.047
7074.0	35.1537
7076.0	35.0477
7078.0	35.1097
7080.0	35.4634
7082.0	35.9745
7084.0	36.22
7086.0	36.003
7088.0	36.027
7090.0	36.2137
7092.0	35.9359
7094.0	35.9581
7096.0	35.6432
7098.0	35.685
7100.0	35.6183
7102.0	35.3054
7104.0	35.1515
7106.0	34.9459
7108.0	35.3988
7110.0	35.6039
7112.0	35.3107
7114.0	35.5569
7116.0	35.7587
7118.0	35.803
7120.0	35.9779
7122.0	35.8193
7124.0	35.9026
7126.0	35.856
7128.0	35.7968
7130.0	35.4731
7132.0	35.1971
7134.0	35.1841
7136.0	34.938
7138.0	34.8723
7140.0	34.8423
7142.0	35.0236
7144.0	34.9457
7146.0	34.7628
7148.0	34.9054
7150.0	35.0403
7152.0	35.219
7154.0	35.3441
7156.0	35.4422
7158.0	35.4492
7160.0	35.4603
7162.0	34.8809
7164.0	34.691
7166.0	34.6454
7168.0	34.5103
7170.0	34.4036
7172.0	34.7654
7174.0	34.7631
7176.0	34.2998
7178.0	34.6941
7180.0	35.0
7182.0	34.9239
7184.0	34.0433
7186.0	34.1333
7188.0	34.9874
7190.0	34.6737
7192.0	34.6927
7194.0	34.981
7196.0	35.1821
7198.0	34.7358
7200.0	34.3046
7202.0	34.262
7204.0	34.2184
7206.0	34.4044
7208.0	34.285
7210.0	34.3563
7212.0	34.4679
7214.0	34.2406
7216.0	34.0951
7218.0	34.3746
7220.0	34.4471
7222.0	34.2715
7224.0	34.39
7226.0	34.5122
7228.0	34.8559
7230.0	34.4575
7232.0	33.7164
7234.0	34.2762
7236.0	35.2952
7238.0	35.2613
7240.0	34.6133
7242.0	34.1813
7244.0	34.072
7246.0	34.1828
7248.0	34.3965
7250.0	33.7915
7252.0	33.3912
7254.0	33.6254
7256.0	33.7752
7258.0	33.7458
7260.0	33.6207
7262.0	32.9823
7264.0	32.8327
7266.0	33.2667
7268.0	33.5771
7270.0	33.6501
7272.0	33.5733
7274.0	33.223
7276.0	33.1487
7278.0	33.8071
7280.0	34.4903
7282.0	34.8424
7284.0	34.6009
7286.0	33.9006
7288.0	33.2441
7290.0	32.7363
7292.0	32.5164
7294.0	32.5772
7296.0	32.8301
7298.0	32.649
7300.0	32.4214
7302.0	32.2196
7304.0	32.5554
7306.0	32.6875
7308.0	32.302
7310.0	32.5117
7312.0	32.4512
7314.0	32.4479
7316.0	32.0217
7318.0	32.081
7320.0	32.2728
7322.0	31.9723
7324.0	31.8505
7326.0	31.6318
7328.0	31.5682
7330.0	31.1655
7332.0	30.9312
7334.0	30.6152
7336.0	30.9203
7338.0	30.7872
7340.0	30.4262
7342.0	30.3579
7344.0	30.5277
7346.0	30.6841
7348.0	31.2194
7350.0	30.7809
7352.0	30.2501
7354.0	30.4276
7356.0	30.3158
7358.0	30.0941
7360.0	29.6246
7362.0	29.2341
7364.0	29.1828
7366.0	29.3822
7368.0	29.1139
7370.0	29.0813
7372.0	29.1573
7374.0	29.0803
7376.0	28.9881
7378.0	29.0929
7380.0	29.0038
7382.0	28.8868
7384.0	28.9191
7386.0	28.9973
7388.0	28.8498
7390.0	28.7199
7392.0	28.5855
7394.0	28.2211
7396.0	27.7206
7398.0	27.8014
7400.0	27.6911
7402.0	27.4367
7404.0	27.233
7406.0	27.4813
7408.0	27.2698
7410.0	27.0993
7412.0	27.2397
7414.0	27.3361
7416.0	27.4149
7418.0	27.669
7420.0	27.4973
7422.0	27.7839
7424.0	27.7979
7426.0	27.7372
7428.0	27.7911
7430.0	27.9082
7432.0	27.6495
7434.0	27.3467
7436.0	27.3087
7438.0	27.2962
7440.0	27.1041
7442.0	26.8479
7444.0	26.7513
7446.0	26.7635
7448.0	26.7302
7450.0	26.5365
7452.0	26.4495
7454.0	26.4797
7456.0	26.1458
7458.0	25.9585
7460.0	26.0821
7462.0	26.229
7464.0	26.2285
7466.0	26.3818
7468.0	26.5869
7470.0	26.6295
7472.0	26.3847
7474.0	26.5107
7476.0	26.7882
7478.0	26.6504
7480.0	26.6538
7482.0	26.6348
7484.0	26.3326
7486.0	26.0338
7488.0	26.0198
7490.0	25.8552
7492.0	25.5233
7494.0	25.1007
7496.0	24.7924
7498.0	24.3969
7500.0	23.8663
7502.0	23.2658
7504.0	22.9942
7506.0	22.7421
7508.0	22.5923
7510.0	22.7097
7512.0	22.7016
7514.0	22.6781
7516.0	22.8882
7518.0	23.2001
7520.0	23.2624
7522.0	23.1064
7524.0	23.0091
7526.0	23.2155
7528.0	23.0813
7530.0	22.8207
7532.0	22.7122
7534.0	22.431
7536.0	22.1057
7538.0	21.8848
7540.0	21.8264
7542.0	21.7052
7544.0	21.7722
7546.0	21.6176
7548.0	21.9048
7550.0	22.027
7552.0	22.1052
7554.0	22.3203
7556.0	22.7978
7558.0	23.1764
7560.0	23.1627
7562.0	23.1989
7564.0	22.9909
7566.0	23.2646
7568.0	23.1111
7570.0	22.8233
7572.0	23.1124
7574.0	22.812
7576.0	22.644
7578.0	22.9197
7580.0	22.7841
7582.0	22.9463
7584.0	22.7535
7586.0	23.079
7588.0	23.6446
7590.0	24.3122
7592.0	24.1314
7594.0	23.0951
7596.0	23.2525
7598.0	23.36
7600.0	23.1719
7602.0	23.1509
7604.0	23.2311
7606.0	23.4149
7608.0	22.9861
7610.0	22.9407
7612.0	22.5811
7614.0	23.3602
7616.0	25.065
7618.0	24.6163
7620.0	23.2386
7622.0	22.8601
7624.0	23.0291
7626.0	22.9619
7628.0	23.6824
7630.0	23.6213
7632.0	23.895
7634.0	23.7845
7636.0	24.2613
7638.0	24.2714
7640.0	24.6407
7642.0	24.6622
7644.0	24.4065
7646.0	25.1318
7648.0	24.7102
7650.0	25.1439
7652.0	25.052
7654.0	24.7744
7656.0	24.864
7658.0	24.5615
7660.0	24.9795
7662.0	24.9006
7664.0	24.9394
7666.0	25.3745
7668.0	25.1151
7670.0	24.7508
7672.0	24.7848
7674.0	24.7094
7676.0	24.8458
7678.0	25.0077
7680.0	25.0452
7682.0	25.121
7684.0	25.7043
7686.0	25.7021
7688.0	25.3573
7690.0	25.734
7692.0	25.9343
7694.0	25.6166
7696.0	25.643
7698.0	25.8112
7700.0	25.5363
7702.0	25.2644
7704.0	25.0972
7706.0	24.7408
7708.0	24.7511
7710.0	25.068
7712.0	25.2215
7714.0	25.3005
7716.0	25.6895
7718.0	25.8408
7720.0	25.813
7722.0	26.2138
7724.0	26.4421
7726.0	26.3385
7728.0	26.5177
7730.0	26.5935
7732.0	26.4138
7734.0	26.3754
7736.0	26.1402
7738.0	25.9164
7740.0	25.9235
7742.0	25.8171
7744.0	25.6583
7746.0	25.6438
7748.0	25.98
7750.0	26.3843
7752.0	26.5163
7754.0	26.9661
7756.0	27.4802
7758.0	27.8398
7760.0	28.0977
7762.0	28.0892
7764.0	28.3793
7766.0	28.5075
7768.0	28.3872
7770.0	28.4171
7772.0	28.5075
7774.0	28.4955
7776.0	28.3352
7778.0	27.9726
7780.0	27.7307
7782.0	27.812
7784.0	27.9151
7786.0	27.9537
7788.0	28.1867
7790.0	28.5449
7792.0	29.1685
7794.0	29.6633
7796.0	29.798
7798.0	29.9771
7800.0	30.0341
7802.0	29.9591
7804.0	29.7862
7806.0	29.399
7808.0	29.1583
7810.0	28.8519
7812.0	28.9622
7814.0	29.1424
7816.0	29.5223
7818.0	29.8345
7820.0	30.0395
7822.0	30.8831
7824.0	31.2994
7826.0	31.451
7828.0	31.4946
7830.0	31.3156
7832.0	31.452
7834.0	31.5719
7836.0	31.3442
7838.0	30.9863
7840.0	30.5324
7842.0	30.232
7844.0	30.2259
7846.0	30.1091
7848.0	30.4668
7850.0	30.4165
7852.0	30.585
7854.0	31.0389
7856.0	31.4136
7858.0	31.7013
7860.0	32.1491
7862.0	32.4028
7864.0	32.0719
7866.0	32.3326
7868.0	32.5312
7870.0	32.1005
7872.0	32.0941
7874.0	32.0411
7876.0	31.7612
7878.0	31.3204
7880.0	30.9362
7882.0	30.6022
7884.0	30.7437
7886.0	31.1172
7888.0	30.9534
7890.0	30.2755
7892.0	30.2894
7894.0	30.9531
7896.0	31.4139
7898.0	31.773
7900.0	31.6339
7902.0	31.872
7904.0	32.3652
7906.0	32.2855
7908.0	32.0813
7910.0	31.885
7912.0	31.5579
7914.0	31.0635
7916.0	30.837
7918.0	30.5072
7920.0	30.3241
7922.0	30.2181
7924.0	30.0706
7926.0	29.944
7928.0	29.5084
7930.0	29.4486
7932.0	29.455
7934.0	29.5948
7936.0	29.8756
7938.0	30.1775
7940.0	30.3118
7942.0	29.9798
7944.0	29.8206
7946.0	29.5783
7948.0	29.2916
7950.0	28.9109
7952.0	28.6036
7954.0	28.0401
7956.0	27.3275
7958.0	26.696
7960.0	26.0686
7962.0	25.9882
7964.0	25.6474
7966.0	25.418
7968.0	25.7381
7970.0	25.5436
7972.0	25.4872
7974.0	25.5986
7976.0	25.5648
7978.0	25.4354
7980.0	25.2052
7982.0	24.8271
7984.0	24.3694
7986.0	23.9417
7988.0	23.4833
7990.0	22.8694
7992.0	22.563
7994.0	22.5236
7996.0	22.1367
7998.0	21.8577
8000.0	21.5107
8002.0	21.5245
8004.0	21.5151
8006.0	21.3014
8008.0	21.1751
8010.0	21.2187
8012.0	21.4111
8014.0	21.5422
8016.0	21.708
8018.0	21.9934
8020.0	22.2891
8022.0	21.9306
8024.0	21.579
8026.0	21.706
8028.0	21.7111
8030.0	21.6261
8032.0	21.0232
8034.0	20.669
8036.0	20.6199
8038.0	20.3866
8040.0	19.9568
8042.0	19.7841
8044.0	19.7604
8046.0	19.837
8048.0	20.1131
8050.0	20.3242
8052.0	20.6129
8054.0	21.0008
8056.0	21.0221
8058.0	20.7824
8060.0	20.9672
8062.0	21.2675
8064.0	21.3472
8066.0	21.2991
8068.0	20.8694
8070.0	20.7631
8072.0	20.7388
8074.0	20.6861
8076.0	20.2432
8078.0	20.2304
8080.0	20.1916
8082.0	19.5672
8084.0	19.4874
8086.0	19.6429
8088.0	19.716
8090.0	19.8813
8092.0	20.3119
8094.0	20.479
8096.0	20.3799
8098.0	20.5387
8100.0	20.6916
8102.0	20.7834
8104.0	20.5463
8106.0	20.4428
8108.0	20.1038
8110.0	20.0046
8112.0	20.1717
8114.0	20.2128
8116.0	20.0023
8118.0	19.6695
8120.0	19.5616
8122.0	19.8998
8124.0	20.2794
8126.0	20.2205
8128.0	20.2514
8130.0	20.5032
8132.0	20.6883
8134.0	21.3974
8136.0	22.194
8138.0	22.1678
8140.0	21.7671
8142.0	22.3268
8144.0	22.6274
8146.0	22.3386
8148.0	22.3426
8150.0	22.2901
8152.0	21.9593
8154.0	22.1487
8156.0	22.601
8158.0	22.6882
8160.0	21.9946
8162.0	21.7341
8164.0	22.9329
8166.0	23.9233
8168.0	23.6623
8170.0	24.5729
8172.0	25.709
8174.0	25.0304
8176.0	24.0601
8178.0	24.8213
8180.0	25.6624
8182.0	25.5582
8184.0	24.7337
8186.0	24.1545
8188.0	24.0817
8190.0	24.3389
8192.0	24.7828
8194.0	24.6712
8196.0	24.0893
8198.0	24.2029
8200.0	25.3814
8202.0	26.2426
8204.0	26.1047
8206.0	26.1312
8208.0	26.2515
8210.0	26.2212
8212.0	26.37
8214.0	26.177
8216.0	25.7141
8218.0	25.5131
8220.0	25.7446
8222.0	25.8149
8224.0	24.6752
8226.0	23.3698
8228.0	23.1131
8230.0	23.6497
8232.0	24.2917
8234.0	24.0006
8236.0	23.4817
8238.0	23.6443
8240.0	23.3959
8242.0	23.264
8244.0	23.7293
8246.0	23.7541
8248.0	24.0801
8250.0	24.0465
8252.0	23.5544
8254.0	22.7428
8256.0	22.4186
8258.0	23.0611
8260.0	23.0741
8262.0	22.6222
8264.0	22.3289
8266.0	21.9541
8268.0	21.9739
8270.0	21.6962
8272.0	20.8992
8274.0	20.757
8276.0	20.8818
8278.0	20.9611
8280.0	20.9755
8282.0	21.317
8284.0	21.7491
8286.0	21.4567
8288.0	21.9043
8290.0	22.8498
8292.0	22.7448
8294.0	22.6933
8296.0	22.7203
8298.0	22.9363
8300.0	23.0218
8302.0	22.5001
8304.0	22.6422
8306.0	22.9604
8308.0	22.7873
8310.0	22.5276
8312.0	22.6807
8314.0	22.4403
8316.0	22.2103
8318.0	22.1222
8320.0	22.6898
8322.0	23.6988
8324.0	24.2311
8326.0	24.4249
8328.0	24.9389
8330.0	25.5136
8332.0	25.7906
8334.0	26.1691
8336.0	26.7827
8338.0	26.905
8340.0	26.7424
8342.0	26.8715
8344.0	26.7738
8346.0	26.4659
8348.0	26.1405
8350.0	25.8341
8352.0	25.2833
8354.0	25.3939
8356.0	25.1564
8358.0	25.1043
8360.0	24.7952
8362.0	24.6746
8364.0	24.8649
8366.0	24.9159
8368.0	24.925
8370.0	25.3197
8372.0	25.6041
8374.0	25.6752
8376.0	25.7936
8378.0	25.9322
8380.0	25.892
8382.0	25.6233
8384.0	25.4696
8386.0	25.4266
8388.0	25.4604
8390.0	25.5215
8392.0	25.2013
8394.0	24.6478
8396.0	24.077
8398.0	24.1623
8400.0	24.3158
8402.0	24.0352
8404.0	23.9125
8406.0	23.7645
8408.0	24.0828
8410.0	24.5961
8412.0	25.1242
8414.0	25.5579
8416.0	26.2698
8418.0	26.9009
8420.0	27.167
8422.0	27.378
8424.0	27.4169
8426.0	27.8155
8428.0	27.8233
8430.0	27.2629
8432.0	27.0647
8434.0	27.1282
8436.0	26.6352
8438.0	26.5186
8440.0	26.5139
8442.0	26.5644
8444.0	26.6431
8446.0	26.5995
8448.0	26.7401
8450.0	27.1321
8452.0	27.6292
8454.0	28.2673
8456.0	28.7337
8458.0	29.3818
8460.0	30.4175
8462.0	31.1026
8464.0	31.5011
8466.0	32.0019
8468.0	32.081
8470.0	31.8075
8472.0	31.5754
8474.0	31.4618
8476.0	31.2075
8478.0	31.1622
8480.0	30.8906
8482.0	30.4108
8484.0	30.1358
8486.0	29.8274
8488.0	29.7613
8490.0	30.0145
8492.0	30.0911
8494.0	30.2112
8496.0	30.7316
8498.0	31.4107
8500.0	32.3988
8502.0	33.6067
8504.0	34.1192
8506.0	34.274
8508.0	34.5721
8510.0	34.4147
8512.0	34.1139
8514.0	33.9628
8516.0	33.6145
8518.0	33.0553
8520.0	32.3803
8522.0	32.1208
8524.0	32.0994
8526.0	31.7453
8528.0	31.3007
8530.0	31.3035
8532.0	31.3937
8534.0	32.0947
8536.0	33.0369
8538.0	33.7633
8540.0	34.1208
8542.0	34.5388
8544.0	34.7797
8546.0	35.5287
8548.0	35.0694
8550.0	34.6547
8552.0	34.5191
8554.0	33.7371
8556.0	33.0593
8558.0	32.8368
8560.0	32.3809
8562.0	31.4776
8564.0	31.5577
8566.0	31.1419
8568.0	31.4392
8570.0	31.4967
8572.0	32.0251
8574.0	33.2482
8576.0	33.5817
8578.0	34.5772
8580.0	34.9497
8582.0	34.9105
8584.0	35.2625
8586.0	35.1084
8588.0	34.7297
8590.0	33.8779
8592.0	33.9188
8594.0	33.2942
8596.0	33.0719
8598.0	32.5022
8600.0	31.5815
8602.0	31.3833
8604.0	30.7886
8606.0	30.8628
8608.0	31.3283
8610.0	31.5826
8612.0	32.5575
8614.0	33.4618
8616.0	33.5365
8618.0	33.6595
8620.0	34.1204
8622.0	34.4455
8624.0	34.3168
8626.0	34.3107
8628.0	34.0606
8630.0	33.5466
8632.0	32.7916
8634.0	31.8775
8636.0	31.4127
8638.0	31.2138
8640.0	30.6759
8642.0	30.0725
8644.0	29.9681
8646.0	29.7651
8648.0	29.9345
8650.0	30.4928
8652.0	31.2258
8654.0	32.3712
8656.0	33.3989
8658.0	33.897
8660.0	34.0092
8662.0	34.0125
8664.0	33.4947
8666.0	32.7647
8668.0	32.4208
8670.0	31.5303
8672.0	30.7581
8674.0	30.3923
8676.0	29.837
8678.0	29.4648
8680.0	29.5264
8682.0	29.9223
8684.0	30.4481
8686.0	31.4347
8688.0	32.5145
8690.0	33.3781
8692.0	34.0241
8694.0	34.3113
8696.0	33.876
8698.0	32.9652
8700.0	32.2672
8702.0	31.4539
8704.0	30.9743
8706.0	30.4514
8708.0	29.7308
8710.0	29.7141
8712.0	29.804
8714.0	29.8368
8716.0	30.4384
8718.0	31.6438
8720.0	32.4368
8722.0	33.1625
8724.0	33.8519
8726.0	34.0296
8728.0	33.7773
8730.0	33.2913
8732.0	33.0107
8734.0	32.4876
8736.0	31.538
8738.0	30.59
8740.0	30.0145
8742.0	29.568
8744.0	29.3754
8746.0	29.3084
8748.0	29.3347
8750.0	30.1381
8752.0	31.2458
8754.0	31.8335
8756.0	32.6783
8758.0	33.7396
8760.0	33.7455
8762.0	33.3103
8764.0	32.9285
8766.0	32.2204
8768.0	31.2582
8770.0	30.5762
8772.0	30.2567
8774.0	29.5589
8776.0	28.6224
8778.0	28.4353
8780.0	28.6022
8782.0	28.8253
8784.0	29.3171
8786.0	30.1307
8788.0	31.2989
8790.0	32.2861
8792.0	32.8454
8794.0	32.8817
8796.0	32.3839
8798.0	31.9103
8800.0	30.7939
8802.0	29.6964
8804.0	28.9019
8806.0	28.5364
8808.0	27.671
8810.0	27.4762
8812.0	27.2407
8814.0	27.7652
8816.0	28.4513
8818.0	29.0387
8820.0	29.81
8822.0	30.6729
8824.0	31.7424
8826.0	31.5966
8828.0	31.2415
8830.0	30.809
8832.0	29.7376
8834.0	28.6857
8836.0	27.8435
8838.0	27.3563
8840.0	27.2919
8842.0	26.5566
8844.0	26.3268
8846.0	26.6775
8848.0	27.4624
8850.0	28.94
8852.0	29.7773
8854.0	29.9313
8856.0	30.0989
8858.0	30.2129
8860.0	29.4622
8862.0	28.7909
8864.0	28.4221
8866.0	27.4479
8868.0	26.3451
8870.0	25.7752
8872.0	25.4912
8874.0	25.3594
8876.0	25.6389
8878.0	26.2967
8880.0	27.1659
8882.0	28.2577
8884.0	29.3128
8886.0	29.0238
8888.0	28.3422
8890.0	28.0228
8892.0	27.2884
8894.0	26.3533
8896.0	25.627
8898.0	24.9624
8900.0	24.338
8902.0	24.4528
8904.0	24.6313
8906.0	24.6739
8908.0	25.2874
8910.0	26.3354
8912.0	27.0096
8914.0	27.4599
8916.0	27.4186
8918.0	26.7247
8920.0	26.023
8922.0	25.3887
8924.0	24.5702
8926.0	23.6571
8928.0	23.181
8930.0	23.4481
8932.0	23.8796
8934.0	24.6306
8936.0	25.7121
8938.0	26.6058
8940.0	26.639
8942.0	26.2039
8944.0	25.7382
8946.0	25.0169
8948.0	24.2303
8950.0	23.3423
8952.0	22.4735
8954.0	22.9288
8956.0	24.5663
8958.0	25.4713
8960.0	25.3378
8962.0	25.0653
8964.0	25.0255
8966.0	24.7185
8968.0	23.6424
8970.0	22.7739
8972.0	23.0116
8974.0	24.1249
8976.0	25.2822
8978.0	25.8887
8980.0	26.6219
8982.0	26.4884
8984.0	24.3326
8986.0	22.73
8988.0	23.2693
8990.0	25.1253
8992.0	26.9411
8994.0	27.4629
8996.0	27.2752
8998.0	25.7951
9000.0	24.4229
9002.0	25.6047
9004.0	26.87
9006.0	27.6849
9008.0	27.902
9010.0	27.2682
9012.0	26.9925
9014.0	26.8431
9016.0	28.8416
9018.0	30.7629
9020.0	29.9184
