#	 2017yk 
#	 UT date of observation: 20170131 
#	 Telescope/Instrument: KPNO4m/KOSMOS 
#	 Estimated Peak MJD: 57788.891 
#	 Estimated redshift: 0.046 
#	 Estimated Phase: -4.7 
#	 Published in Dettman et al. 2020 
#	 Observed barycentric wavelength (Angstroms)    F_lambda
4180.0	0.1452633
4181.0	0.1888672
4182.0	0.07916641
4183.0	0.1263007
4184.0	0.08393738
4185.0	0.1169953
4186.0	0.09821033
4187.0	0.05400188
4188.0	0.1158929
4189.0	0.1330899
4190.0	0.1058547
4191.0	0.1276028
4192.0	0.1901835
4193.0	0.1229091
4194.0	0.148025
4195.0	0.04429242
4196.0	0.07532515
4197.0	0.1779023
4198.0	0.1861426
4199.0	0.1223953
4200.0	0.1054497
4201.0	0.1744133
4202.0	0.09521885
4203.0	0.02258566
4204.0	0.05949976
4205.0	0.05576196
4206.0	0.04974347
4207.0	0.1129125
4208.0	0.1037106
4209.0	0.1181502
4210.0	0.1183152
4211.0	0.04584704
4212.0	0.08360306
4213.0	0.108762
4214.0	0.1139932
4215.0	0.1635846
4216.0	0.1392613
4217.0	0.07966802
4218.0	0.0417547
4219.0	0.1166367
4220.0	0.1322417
4221.0	0.07951739
4222.0	0.1085524
4223.0	0.08938164
4224.0	0.114112
4225.0	0.07896321
4226.0	0.08965752
4227.0	0.1564081
4228.0	0.04220635
4229.0	0.1411592
4230.0	0.1203735
4231.0	0.0451444
4232.0	0.105722
4233.0	0.1168455
4234.0	0.08863278
4235.0	0.1206543
4236.0	0.1280967
4237.0	0.09177003
4238.0	0.08137063
4239.0	0.08883586
4240.0	0.1568087
4241.0	0.09431902
4242.0	0.04839424
4243.0	0.09426953
4244.0	0.07854439
4245.0	0.147861
4246.0	0.06555174
4247.0	0.04290657
4248.0	0.04863383
4249.0	0.1354371
4250.0	0.1644602
4251.0	0.04803548
4252.0	0.0210747
4253.0	0.03425184
4254.0	0.09449107
4255.0	0.1600494
4256.0	0.09008391
4257.0	0.155452
4258.0	0.1092992
4259.0	0.08774289
4260.0	0.0992129
4261.0	0.1040065
4262.0	0.1547527
4263.0	0.09460127
4264.0	0.1193877
4265.0	0.07770852
4266.0	0.04947418
4267.0	0.1137686
4268.0	0.1045343
4269.0	0.1117897
4270.0	0.07997289
4271.0	0.1007337
4272.0	0.07766688
4273.0	0.09656081
4274.0	0.1463589
4275.0	0.1303658
4276.0	0.1501705
4277.0	0.131397
4278.0	0.1049955
4279.0	0.08440463
4280.0	0.103995
4281.0	0.1416115
4282.0	0.102034
4283.0	0.1128597
4284.0	0.09320135
4285.0	0.1424225
4286.0	0.04611913
4287.0	0.09881206
4288.0	0.1232646
4289.0	0.08320302
4290.0	0.1272606
4291.0	0.0783029
4292.0	0.06351775
4293.0	0.04837086
4294.0	0.07323024
4295.0	0.05330389
4296.0	0.1007183
4297.0	0.02551603
4298.0	-0.004227316
4299.0	0.1109907
4300.0	0.1491547
4301.0	0.1434456
4302.0	0.04676453
4303.0	0.08798796
4304.0	0.10803
4305.0	0.1306962
4306.0	0.0709247
4307.0	0.07149553
4308.0	0.06947522
4309.0	0.1015486
4310.0	0.0594982
4311.0	0.07701828
4312.0	0.06579213
4313.0	0.1279527
4314.0	0.06204544
4315.0	0.1357496
4316.0	0.09562567
4317.0	0.1190235
4318.0	0.0322636
4319.0	0.08058809
4320.0	0.03821928
4321.0	0.04386067
4322.0	0.06312474
4323.0	0.1062207
4324.0	0.09123198
4325.0	0.1350461
4326.0	0.04969661
4327.0	0.1200787
4328.0	0.09450485
4329.0	0.1239419
4330.0	0.07870866
4331.0	0.08338378
4332.0	0.02486809
4333.0	0.1230636
4334.0	0.1465663
4335.0	0.1375419
4336.0	0.07131874
4337.0	0.04505632
4338.0	0.1247462
4339.0	0.1107681
4340.0	0.08453188
4341.0	0.04397098
4342.0	0.09085124
4343.0	0.04430696
4344.0	0.08893156
4345.0	0.07168055
4346.0	0.1018941
4347.0	0.05805876
4348.0	0.145816
4349.0	0.06261213
4350.0	0.105395
4351.0	0.0663055
4352.0	0.07704893
4353.0	0.05193065
4354.0	0.11361
4355.0	0.07821266
4356.0	0.04071009
4357.0	0.04693856
4358.0	0.06643868
4359.0	0.07069252
4360.0	0.05244678
4361.0	0.05766902
4362.0	0.05804151
4363.0	0.1202841
4364.0	0.02917513
4365.0	0.07451309
4366.0	0.08243366
4367.0	0.1096261
4368.0	0.05482087
4369.0	0.08967049
4370.0	0.0695917
4371.0	0.1142253
4372.0	0.07003817
4373.0	0.082954
4374.0	0.1189187
4375.0	0.07512769
4376.0	0.08369517
4377.0	0.06180318
4378.0	0.1196078
4379.0	0.09330773
4380.0	0.1039409
4381.0	0.03028984
4382.0	0.09209005
4383.0	0.09995603
4384.0	0.0783345
4385.0	0.08263015
4386.0	0.09348144
4387.0	0.1121455
4388.0	0.1155502
4389.0	0.05339076
4390.0	0.08425244
4391.0	0.1331048
4392.0	0.1243863
4393.0	0.05838141
4394.0	0.1113545
4395.0	0.05611868
4396.0	0.07809649
4397.0	0.04962063
4398.0	0.04028037
4399.0	0.1075037
4400.0	0.06972731
4401.0	0.06393489
4402.0	0.0187664
4403.0	0.06493908
4404.0	0.03189387
4405.0	0.08244593
4406.0	0.05971252
4407.0	0.04859792
4408.0	0.08125
4409.0	0.09400265
4410.0	0.03633832
4411.0	0.0681206
4412.0	0.06200617
4413.0	0.0778309
4414.0	0.08162344
4415.0	0.1126758
4416.0	0.0555684
4417.0	0.0784761
4418.0	0.04409247
4419.0	0.06336605
4420.0	0.004686373
4421.0	0.0941849
4422.0	0.05205252
4423.0	0.03994412
4424.0	0.07211306
4425.0	0.02824466
4426.0	0.05358829
4427.0	0.0578174
4428.0	0.09486303
4429.0	0.03631035
4430.0	0.07384169
4431.0	0.0888067
4432.0	0.09197684
4433.0	0.0299942
4434.0	0.08289576
4435.0	0.06659455
4436.0	0.06733263
4437.0	0.04371499
4438.0	0.06185355
4439.0	0.118534
4440.0	0.08768944
4441.0	0.0932198
4442.0	0.07763992
4443.0	0.1313215
4444.0	0.03586101
4445.0	0.0468902
4446.0	0.02204395
4447.0	0.04153018
4448.0	0.03112986
4449.0	0.06284109
4450.0	0.08532522
4451.0	0.09485084
4452.0	0.09838583
4453.0	0.02636595
4454.0	0.0561926
4455.0	0.139589
4456.0	0.07213329
4457.0	0.09094335
4458.0	0.02482852
4459.0	0.08315402
4460.0	0.04997302
4461.0	0.0701931
4462.0	0.02835998
4463.0	0.05724711
4464.0	0.03865957
4465.0	0.03948781
4466.0	0.07311397
4467.0	0.02872322
4468.0	0.1005294
4469.0	0.05856855
4470.0	0.08983466
4471.0	0.03984367
4472.0	0.04375868
4473.0	0.01951651
4474.0	0.04519787
4475.0	0.04835939
4476.0	0.07263213
4477.0	0.0785122
4478.0	0.1135136
4479.0	0.05269035
4480.0	0.0712512
4481.0	0.04611031
4482.0	0.03796094
4483.0	0.05050198
4484.0	0.04051273
4485.0	0.05736469
4486.0	0.03386729
4487.0	0.03789881
4488.0	0.02354488
4489.0	0.074687
4490.0	0.04698765
4491.0	0.05398566
4492.0	0.04721297
4493.0	0.01287095
4494.0	0.05343028
4495.0	0.03259655
4496.0	0.01362517
4497.0	0.04950387
4498.0	0.03252472
4499.0	0.04396135
4500.0	0.05510654
4501.0	0.04103389
4502.0	0.1010727
4503.0	0.02188726
4504.0	0.03365071
4505.0	0.02560661
4506.0	0.08742519
4507.0	0.05110232
4508.0	0.07821251
4509.0	0.05438718
4510.0	0.03470524
4511.0	0.06257926
4512.0	0.04946363
4513.0	0.06802136
4514.0	0.03971165
4515.0	0.06649666
4516.0	0.0399881
4517.0	0.06485428
4518.0	0.0156858
4519.0	0.0723362
4520.0	0.09027923
4521.0	0.08031962
4522.0	0.10377
4523.0	0.03908997
4524.0	0.07668203
4525.0	0.01707892
4526.0	0.05668843
4527.0	0.05096967
4528.0	0.08870821
4529.0	0.04185384
4530.0	0.08796512
4531.0	0.05306482
4532.0	0.05537436
4533.0	0.05515297
4534.0	0.08008277
4535.0	0.03583144
4536.0	0.04211847
4537.0	0.06399289
4538.0	0.06172189
4539.0	0.06131079
4540.0	0.06305163
4541.0	0.06818508
4542.0	0.03708613
4543.0	0.055808
4544.0	0.04646013
4545.0	0.09909296
4546.0	0.04046119
4547.0	0.07284661
4548.0	0.06806955
4549.0	0.03586692
4550.0	0.01931482
4551.0	0.06758775
4552.0	0.07648858
4553.0	0.04675556
4554.0	0.08612915
4555.0	0.04805524
4556.0	0.06477588
4557.0	0.01430843
4558.0	0.0492944
4559.0	0.04284872
4560.0	0.07828297
4561.0	0.04829449
4562.0	0.05315231
4563.0	0.05835203
4564.0	0.0621526
4565.0	0.07057439
4566.0	0.0288639
4567.0	0.1033204
4568.0	0.07950448
4569.0	0.09989633
4570.0	0.06916424
4571.0	0.06257609
4572.0	0.04687506
4573.0	0.09488436
4574.0	0.09440813
4575.0	0.07861994
4576.0	0.06873804
4577.0	0.0543413
4578.0	0.08577665
4579.0	0.07660919
4580.0	0.04316349
4581.0	0.085787
4582.0	0.0679078
4583.0	0.08423702
4584.0	0.07492362
4585.0	0.08596943
4586.0	0.05124496
4587.0	0.08362041
4588.0	0.09187616
4589.0	0.04084884
4590.0	0.06134407
4591.0	0.0780701
4592.0	0.0615862
4593.0	0.03761952
4594.0	0.06858297
4595.0	0.05563259
4596.0	0.0901097
4597.0	0.05781065
4598.0	0.09222642
4599.0	0.0402764
4600.0	0.07929909
4601.0	0.08677187
4602.0	0.09766541
4603.0	0.06418327
4604.0	0.06001452
4605.0	0.04759268
4606.0	0.04543077
4607.0	0.06947158
4608.0	0.09452053
4609.0	0.06278692
4610.0	0.05117609
4611.0	0.06376611
4612.0	0.07108138
4613.0	0.06539263
4614.0	0.07295477
4615.0	0.08707117
4616.0	0.07890186
4617.0	0.07449349
4618.0	0.06890626
4619.0	0.07168984
4620.0	0.07659346
4621.0	0.04248503
4622.0	0.06164106
4623.0	0.05143437
4624.0	0.02958894
4625.0	0.08929795
4626.0	0.07164107
4627.0	0.06281234
4628.0	0.06638373
4629.0	0.09167746
4630.0	0.05283994
4631.0	0.07955179
4632.0	0.08124889
4633.0	0.09592937
4634.0	0.08555527
4635.0	0.06055863
4636.0	0.08978882
4637.0	0.07160209
4638.0	0.07663395
4639.0	0.06151932
4640.0	0.06138252
4641.0	0.06509064
4642.0	0.07295359
4643.0	0.05692226
4644.0	0.07332081
4645.0	0.08273973
4646.0	0.06792413
4647.0	0.09766005
4648.0	0.04812446
4649.0	0.05160944
4650.0	0.1159001
4651.0	0.09283696
4652.0	0.03907562
4653.0	0.08037614
4654.0	0.07123629
4655.0	0.08507343
4656.0	0.08097184
4657.0	0.08511748
4658.0	0.06256396
4659.0	0.04917238
4660.0	0.05748695
4661.0	0.06957554
4662.0	0.1190145
4663.0	0.1185233
4664.0	0.09762204
4665.0	0.06915399
4666.0	0.1038114
4667.0	0.07452118
4668.0	0.1068242
4669.0	0.0971236
4670.0	0.07619811
4671.0	0.1306901
4672.0	0.09201528
4673.0	0.06437157
4674.0	0.09050181
4675.0	0.07224893
4676.0	0.08703376
4677.0	0.1038038
4678.0	0.09871241
4679.0	0.09491464
4680.0	0.05652231
4681.0	0.07556873
4682.0	0.09198577
4683.0	0.06997125
4684.0	0.08364034
4685.0	0.08714093
4686.0	0.07630103
4687.0	0.08647255
4688.0	0.09072661
4689.0	0.09668135
4690.0	0.1031123
4691.0	0.100581
4692.0	0.06910994
4693.0	0.06240554
4694.0	0.07082114
4695.0	0.0895822
4696.0	0.05733978
4697.0	0.0732994
4698.0	0.09241531
4699.0	0.04233528
4700.0	0.06414639
4701.0	0.101202
4702.0	0.07444934
4703.0	0.08987234
4704.0	0.08634163
4705.0	0.08710455
4706.0	0.05608442
4707.0	0.07619564
4708.0	0.07423455
4709.0	0.1107819
4710.0	0.09467778
4711.0	0.1026088
4712.0	0.08436996
4713.0	0.1082788
4714.0	0.108641
4715.0	0.1075771
4716.0	0.1163971
4717.0	0.1038956
4718.0	0.09239971
4719.0	0.113022
4720.0	0.1158405
4721.0	0.1155447
4722.0	0.08972341
4723.0	0.09874649
4724.0	0.07117417
4725.0	0.09331851
4726.0	0.1049765
4727.0	0.1278757
4728.0	0.1470314
4729.0	0.1013819
4730.0	0.06539343
4731.0	0.09617697
4732.0	0.1080396
4733.0	0.121663
4734.0	0.09905068
4735.0	0.09172422
4736.0	0.08677272
4737.0	0.08794032
4738.0	0.0697112
4739.0	0.1057045
4740.0	0.1090401
4741.0	0.1006612
4742.0	0.09447619
4743.0	0.09380459
4744.0	0.06992022
4745.0	0.1005019
4746.0	0.0901386
4747.0	0.1162838
4748.0	0.1143697
4749.0	0.1037666
4750.0	0.09964781
4751.0	0.09651673
4752.0	0.09159132
4753.0	0.08058002
4754.0	0.09974957
4755.0	0.06354975
4756.0	0.08072265
4757.0	0.07720082
4758.0	0.09734397
4759.0	0.08813323
4760.0	0.08517151
4761.0	0.06745616
4762.0	0.08725279
4763.0	0.1013633
4764.0	0.08698828
4765.0	0.1240294
4766.0	0.0901808
4767.0	0.1177684
4768.0	0.07865451
4769.0	0.06413742
4770.0	0.1025022
4771.0	0.09761013
4772.0	0.06416405
4773.0	0.0927396
4774.0	0.09924938
4775.0	0.1137703
4776.0	0.08081058
4777.0	0.1239388
4778.0	0.08036423
4779.0	0.09807886
4780.0	0.1012817
4781.0	0.07529165
4782.0	0.1008397
4783.0	0.1121933
4784.0	0.1034467
4785.0	0.1348689
4786.0	0.1031446
4787.0	0.09850703
4788.0	0.1063748
4789.0	0.1043827
4790.0	0.08221213
4791.0	0.09203428
4792.0	0.08963316
4793.0	0.1037234
4794.0	0.09659512
4795.0	0.107884
4796.0	0.08428572
4797.0	0.09650332
4798.0	0.09060754
4799.0	0.09788417
4800.0	0.09509846
4801.0	0.1190248
4802.0	0.07457208
4803.0	0.1196106
4804.0	0.1199484
4805.0	0.09116944
4806.0	0.116138
4807.0	0.08510874
4808.0	0.08456969
4809.0	0.08202497
4810.0	0.08902635
4811.0	0.1080124
4812.0	0.09433634
4813.0	0.1043397
4814.0	0.1052441
4815.0	0.1008276
4816.0	0.0970837
4817.0	0.08632393
4818.0	0.08710604
4819.0	0.0837564
4820.0	0.08598395
4821.0	0.07439309
4822.0	0.1125511
4823.0	0.06821381
4824.0	0.09889954
4825.0	0.09738053
4826.0	0.1211914
4827.0	0.08802631
4828.0	0.1036925
4829.0	0.09365615
4830.0	0.1146966
4831.0	0.07915349
4832.0	0.08959053
4833.0	0.08150446
4834.0	0.09003264
4835.0	0.1068314
4836.0	0.1060654
4837.0	0.09534965
4838.0	0.1000128
4839.0	0.07725632
4840.0	0.09482251
4841.0	0.09681924
4842.0	0.1058818
4843.0	0.09508887
4844.0	0.09811056
4845.0	0.09123021
4846.0	0.1006572
4847.0	0.1025323
4848.0	0.1115507
4849.0	0.1163767
4850.0	0.1104569
4851.0	0.0809852
4852.0	0.0975582
4853.0	0.09695929
4854.0	0.1048914
4855.0	0.07472942
4856.0	0.1063824
4857.0	0.06684315
4858.0	0.07765249
4859.0	0.05737928
4860.0	0.08445027
4861.0	0.07753413
4862.0	0.1006721
4863.0	0.08112417
4864.0	0.09291673
4865.0	0.09294636
4866.0	0.06468839
4867.0	0.09517977
4868.0	0.06209779
4869.0	0.08154006
4870.0	0.1076723
4871.0	0.07322392
4872.0	0.1011439
4873.0	0.09496649
4874.0	0.08784581
4875.0	0.1024435
4876.0	0.0797457
4877.0	0.08324923
4878.0	0.06521607
4879.0	0.07837012
4880.0	0.0712714
4881.0	0.1131904
4882.0	0.09404057
4883.0	0.1023417
4884.0	0.07520459
4885.0	0.07266562
4886.0	0.1116512
4887.0	0.09391342
4888.0	0.08961657
4889.0	0.08808007
4890.0	0.0801719
4891.0	0.08486924
4892.0	0.07642251
4893.0	0.08348457
4894.0	0.1023651
4895.0	0.1231443
4896.0	0.08768591
4897.0	0.1278791
4898.0	0.08283529
4899.0	0.07636831
4900.0	0.05793283
4901.0	0.07995344
4902.0	0.07650606
4903.0	0.09681126
4904.0	0.0921801
4905.0	0.1043718
4906.0	0.08094201
4907.0	0.07715428
4908.0	0.08584487
4909.0	0.07699941
4910.0	0.1026753
4911.0	0.08892591
4912.0	0.08674292
4913.0	0.0687618
4914.0	0.1028897
4915.0	0.06473037
4916.0	0.07931454
4917.0	0.09617552
4918.0	0.07536198
4919.0	0.07333662
4920.0	0.09849165
4921.0	0.09265436
4922.0	0.0910888
4923.0	0.08670902
4924.0	0.08061403
4925.0	0.07781153
4926.0	0.08467972
4927.0	0.0846796
4928.0	0.08962578
4929.0	0.1009755
4930.0	0.07687085
4931.0	0.07617246
4932.0	0.07491019
4933.0	0.086514
4934.0	0.09160654
4935.0	0.05144367
4936.0	0.0729799
4937.0	0.06841797
4938.0	0.09965466
4939.0	0.08902462
4940.0	0.06673606
4941.0	0.08435552
4942.0	0.08243034
4943.0	0.09973674
4944.0	0.05802232
4945.0	0.0545313
4946.0	0.06816177
4947.0	0.09328961
4948.0	0.08837725
4949.0	0.09170715
4950.0	0.09205657
4951.0	0.06641303
4952.0	0.09973845
4953.0	0.07983308
4954.0	0.07704301
4955.0	0.0470359
4956.0	0.071888
4957.0	0.09182303
4958.0	0.08845747
4959.0	0.09185886
4960.0	0.07164685
4961.0	0.09794296
4962.0	0.1161905
4963.0	0.08052434
4964.0	0.07572032
4965.0	0.07273682
4966.0	0.06487819
4967.0	0.09089306
4968.0	0.07192332
4969.0	0.05852221
4970.0	0.07486152
4971.0	0.08422183
4972.0	0.05988054
4973.0	0.09054938
4974.0	0.093452
4975.0	0.06263597
4976.0	0.07385657
4977.0	0.08403143
4978.0	0.07680842
4979.0	0.05918498
4980.0	0.05773221
4981.0	0.09088776
4982.0	0.08793887
4983.0	0.1124585
4984.0	0.09102277
4985.0	0.07301842
4986.0	0.09285261
4987.0	0.1069426
4988.0	0.08164202
4989.0	0.07321307
4990.0	0.09204459
4991.0	0.08829243
4992.0	0.08906933
4993.0	0.07589331
4994.0	0.05159542
4995.0	0.08117253
4996.0	0.114047
4997.0	0.08056585
4998.0	0.09183607
4999.0	0.08751888
5000.0	0.06645915
5001.0	0.06919219
5002.0	0.07650219
5003.0	0.07695419
5004.0	0.09136218
5005.0	0.1133463
5006.0	0.08115578
5007.0	0.08508441
5008.0	0.08973373
5009.0	0.09127214
5010.0	0.08180662
5011.0	0.08645289
5012.0	0.07240371
5013.0	0.07446411
5014.0	0.07193296
5015.0	0.07745888
5016.0	0.08112708
5017.0	0.07068451
5018.0	0.08666913
5019.0	0.104216
5020.0	0.09345768
5021.0	0.09092338
5022.0	0.0655178
5023.0	0.08067358
5024.0	0.08431517
5025.0	0.0943623
5026.0	0.06433787
5027.0	0.07557615
5028.0	0.08361619
5029.0	0.05992086
5030.0	0.08067289
5031.0	0.07219189
5032.0	0.07577409
5033.0	0.06180175
5034.0	0.07435271
5035.0	0.06634825
5036.0	0.07654939
5037.0	0.0832724
5038.0	0.06562145
5039.0	0.09035726
5040.0	0.06751417
5041.0	0.08604184
5042.0	0.09558148
5043.0	0.06591461
5044.0	0.09095191
5045.0	0.07086048
5046.0	0.06695181
5047.0	0.0704489
5048.0	0.08082912
5049.0	0.0741714
5050.0	0.08800005
5051.0	0.08333809
5052.0	0.06449179
5053.0	0.07873572
5054.0	0.05927341
5055.0	0.06052079
5056.0	0.05114803
5057.0	0.0548044
5058.0	0.08639087
5059.0	0.07474559
5060.0	0.058126
5061.0	0.06132621
5062.0	0.06488606
5063.0	0.0464001
5064.0	0.05409508
5065.0	0.05212522
5066.0	0.05674003
5067.0	0.07039507
5068.0	0.07790026
5069.0	0.04950466
5070.0	0.07321037
5071.0	0.05972561
5072.0	0.04284369
5073.0	0.05483672
5074.0	0.04822704
5075.0	0.04326418
5076.0	0.05870162
5077.0	0.06350186
5078.0	0.05251374
5079.0	0.05860547
5080.0	0.04436686
5081.0	0.05959839
5082.0	0.06834082
5083.0	0.06428824
5084.0	0.08361939
5085.0	0.04880328
5086.0	0.05756309
5087.0	0.0683786
5088.0	0.07599421
5089.0	0.07962726
5090.0	0.06542034
5091.0	0.05631844
5092.0	0.0499924
5093.0	0.05975299
5094.0	0.04544075
5095.0	0.05375065
5096.0	0.05544157
5097.0	0.0654196
5098.0	0.07168998
5099.0	0.05467849
5100.0	0.08674645
5101.0	0.05658589
5102.0	0.04290811
5103.0	0.04909848
5104.0	0.06137305
5105.0	0.06061519
5106.0	0.05903364
5107.0	0.06405028
5108.0	0.06370198
5109.0	0.05920508
5110.0	0.06838806
5111.0	0.05213291
5112.0	0.04786779
5113.0	0.05260653
5114.0	0.05885239
5115.0	0.07219416
5116.0	0.06294385
5117.0	0.06713053
5118.0	0.07726515
5119.0	0.07541623
5120.0	0.06982522
5121.0	0.07895546
5122.0	0.07286081
5123.0	0.05547258
5124.0	0.0710187
5125.0	0.06323936
5126.0	0.07713783
5127.0	0.07883713
5128.0	0.08339085
5129.0	0.1110422
5130.0	0.07664993
5131.0	0.07522906
5132.0	0.05447303
5133.0	0.07508586
5134.0	0.08751076
5135.0	0.08885909
5136.0	0.05844418
5137.0	0.06675478
5138.0	0.08222395
5139.0	0.06617147
5140.0	0.07973744
5141.0	0.06069772
5142.0	0.08537275
5143.0	0.08639501
5144.0	0.06663619
5145.0	0.06435805
5146.0	0.06036679
5147.0	0.06823772
5148.0	0.06947406
5149.0	0.07774175
5150.0	0.06984546
5151.0	0.07450708
5152.0	0.06164862
5153.0	0.07971429
5154.0	0.07603023
5155.0	0.08352732
5156.0	0.08048389
5157.0	0.05738854
5158.0	0.07583971
5159.0	0.07550931
5160.0	0.09773686
5161.0	0.1070092
5162.0	0.07367171
5163.0	0.07377134
5164.0	0.08383045
5165.0	0.07843027
5166.0	0.0577627
5167.0	0.06168658
5168.0	0.07803139
5169.0	0.09309755
5170.0	0.07863451
5171.0	0.05388781
5172.0	0.06674627
5173.0	0.05124941
5174.0	0.07558749
5175.0	0.08523796
5176.0	0.08918769
5177.0	0.05950993
5178.0	0.06605119
5179.0	0.07101179
5180.0	0.07241446
5181.0	0.07753035
5182.0	0.08301107
5183.0	0.08610363
5184.0	0.07849436
5185.0	0.08370019
5186.0	0.07662585
5187.0	0.06714242
5188.0	0.08645855
5189.0	0.07466451
5190.0	0.07429081
5191.0	0.06343801
5192.0	0.07543743
5193.0	0.09239775
5194.0	0.07464489
5195.0	0.07281751
5196.0	0.07854684
5197.0	0.09354863
5198.0	0.07842402
5199.0	0.09129801
5200.0	0.08185485
5201.0	0.08216134
5202.0	0.07244857
5203.0	0.05619873
5204.0	0.07670446
5205.0	0.06726646
5206.0	0.07352508
5207.0	0.0717099
5208.0	0.06396908
5209.0	0.09612434
5210.0	0.0733858
5211.0	0.0817998
5212.0	0.06660305
5213.0	0.06946428
5214.0	0.096861
5215.0	0.08596312
5216.0	0.07114954
5217.0	0.06417879
5218.0	0.06583695
5219.0	0.08534279
5220.0	0.09404219
5221.0	0.07795991
5222.0	0.08163775
5223.0	0.08543971
5224.0	0.05585772
5225.0	0.04805119
5226.0	0.06522744
5227.0	0.07606903
5228.0	0.08222306
5229.0	0.09368596
5230.0	0.09343216
5231.0	0.08294288
5232.0	0.07862415
5233.0	0.08033825
5234.0	0.07001235
5235.0	0.08321837
5236.0	0.0902472
5237.0	0.07260522
5238.0	0.06707168
5239.0	0.0599275
5240.0	0.08433172
5241.0	0.08103003
5242.0	0.06502654
5243.0	0.08290412
5244.0	0.0703342
5245.0	0.084308
5246.0	0.06835449
5247.0	0.0865458
5248.0	0.09490908
5249.0	0.06465039
5250.0	0.06382941
5251.0	0.08069504
5252.0	0.09421933
5253.0	0.07502244
5254.0	0.07774623
5255.0	0.0789373
5256.0	0.08729086
5257.0	0.102465
5258.0	0.088762
5259.0	0.08676723
5260.0	0.09359751
5261.0	0.09564107
5262.0	0.08695757
5263.0	0.1015683
5264.0	0.08602069
5265.0	0.07524517
5266.0	0.08538996
5267.0	0.09302643
5268.0	0.08067849
5269.0	0.09253537
5270.0	0.08203914
5271.0	0.0914198
5272.0	0.08578667
5273.0	0.08071734
5274.0	0.1011337
5275.0	0.09979733
5276.0	0.08960154
5277.0	0.06802055
5278.0	0.08731136
5279.0	0.1017247
5280.0	0.08336095
5281.0	0.08625183
5282.0	0.09465526
5283.0	0.08280145
5284.0	0.09120112
5285.0	0.09561689
5286.0	0.08927883
5287.0	0.09141258
5288.0	0.08632278
5289.0	0.09145734
5290.0	0.09737069
5291.0	0.08924153
5292.0	0.09440297
5293.0	0.08953664
5294.0	0.10414
5295.0	0.10564
5296.0	0.1067505
5297.0	0.1064646
5298.0	0.1060421
5299.0	0.0915566
5300.0	0.1020264
5301.0	0.09474356
5302.0	0.1147719
5303.0	0.08291575
5304.0	0.1090675
5305.0	0.1071499
5306.0	0.1099681
5307.0	0.10339
5308.0	0.08549268
5309.0	0.09320579
5310.0	0.07657405
5311.0	0.08292631
5312.0	0.1083921
5313.0	0.101521
5314.0	0.1001724
5315.0	0.08791348
5316.0	0.1067075
5317.0	0.09754716
5318.0	0.1159508
5319.0	0.1049092
5320.0	0.1170184
5321.0	0.1313768
5322.0	0.102893
5323.0	0.09279565
5324.0	0.127631
5325.0	0.1134957
5326.0	0.1172185
5327.0	0.101076
5328.0	0.1011943
5329.0	0.07284608
5330.0	0.07414456
5331.0	0.09175865
5332.0	0.09962983
5333.0	0.1078944
5334.0	0.1073712
5335.0	0.1113433
5336.0	0.1063709
5337.0	0.1068874
5338.0	0.09701584
5339.0	0.08681908
5340.0	0.1004227
5341.0	0.1057598
5342.0	0.1238117
5343.0	0.1013193
5344.0	0.09852257
5345.0	0.1010192
5346.0	0.1041383
5347.0	0.1010058
5348.0	0.1200515
5349.0	0.1285588
5350.0	0.1090152
5351.0	0.1131964
5352.0	0.1028851
5353.0	0.1195919
5354.0	0.1138264
5355.0	0.1065905
5356.0	0.1078089
5357.0	0.09278957
5358.0	0.1137782
5359.0	0.08958419
5360.0	0.1061099
5361.0	0.101632
5362.0	0.1190615
5363.0	0.1098977
5364.0	0.09707367
5365.0	0.1069209
5366.0	0.1103557
5367.0	0.1064466
5368.0	0.1031525
5369.0	0.0974025
5370.0	0.1176039
5371.0	0.09890781
5372.0	0.09815078
5373.0	0.09398279
5374.0	0.0963682
5375.0	0.09974179
5376.0	0.1060137
5377.0	0.09477241
5378.0	0.1179923
5379.0	0.09800817
5380.0	0.1025537
5381.0	0.1123125
5382.0	0.1175125
5383.0	0.07526759
5384.0	0.1034716
5385.0	0.1088669
5386.0	0.08941658
5387.0	0.09951641
5388.0	0.08885191
5389.0	0.1105613
5390.0	0.1082535
5391.0	0.1203762
5392.0	0.1156493
5393.0	0.1160397
5394.0	0.0918911
5395.0	0.09515936
5396.0	0.1072941
5397.0	0.1111839
5398.0	0.1087802
5399.0	0.1031392
5400.0	0.102093
5401.0	0.105207
5402.0	0.0973125
5403.0	0.1014227
5404.0	0.118067
5405.0	0.09351325
5406.0	0.08683481
5407.0	0.1023394
5408.0	0.09580252
5409.0	0.1103906
5410.0	0.1003817
5411.0	0.1145358
5412.0	0.1143135
5413.0	0.1139396
5414.0	0.09648082
5415.0	0.1045146
5416.0	0.09632796
5417.0	0.1034771
5418.0	0.1042089
5419.0	0.08358474
5420.0	0.1055326
5421.0	0.1027715
5422.0	0.09497652
5423.0	0.1032438
5424.0	0.1202415
5425.0	0.1192247
5426.0	0.1181463
5427.0	0.1097638
5428.0	0.1079019
5429.0	0.09555239
5430.0	0.08385667
5431.0	0.08283626
5432.0	0.1190535
5433.0	0.1305446
5434.0	0.1098288
5435.0	0.1173186
5436.0	0.1365359
5437.0	0.1005161
5438.0	0.1050438
5439.0	0.1197021
5440.0	0.1106952
5441.0	0.1067088
5442.0	0.08330468
5443.0	0.1073544
5444.0	0.1046076
5445.0	0.1250986
5446.0	0.1294053
5447.0	0.1159723
5448.0	0.1266629
5449.0	0.1122457
5450.0	0.1215365
5451.0	0.112287
5452.0	0.1025788
5453.0	0.1031539
5454.0	0.1101516
5455.0	0.1045468
5456.0	0.09805074
5457.0	0.08627483
5458.0	0.1007362
5459.0	0.09655924
5460.0	0.09134758
5461.0	0.1276438
5462.0	0.1088888
5463.0	0.1149946
5464.0	0.09351534
5465.0	0.091329
5466.0	0.08794133
5467.0	0.1116693
5468.0	0.1007417
5469.0	0.09104334
5470.0	0.08631182
5471.0	0.1033177
5472.0	0.09946185
5473.0	0.09648949
5474.0	0.09268433
5475.0	0.1040671
5476.0	0.09845106
5477.0	0.1060606
5478.0	0.1000928
5479.0	0.08819464
5480.0	0.08806299
5481.0	0.08383971
5482.0	0.06201664
5483.0	0.08688004
5484.0	0.06204812
5485.0	0.09548657
5486.0	0.10879
5487.0	0.08515762
5488.0	0.08296176
5489.0	0.07101877
5490.0	0.07797964
5491.0	0.08443573
5492.0	0.07727744
5493.0	0.08684531
5494.0	0.08946263
5495.0	0.09262283
5496.0	0.09508069
5497.0	0.07798953
5498.0	0.07895492
5499.0	0.09032285
5500.0	0.07934848
5501.0	0.06866271
5502.0	0.06236085
5503.0	0.09053081
5504.0	0.07162812
5505.0	0.07714067
5506.0	0.09377209
5507.0	0.07263967
5508.0	0.08692085
5509.0	0.07460929
5510.0	0.09291349
5511.0	0.08121549
5512.0	0.07806678
5513.0	0.07519119
5514.0	0.06999525
5515.0	0.08171913
5516.0	0.06647696
5517.0	0.04873067
5518.0	0.07173548
5519.0	0.06832234
5520.0	0.08121553
5521.0	0.09079175
5522.0	0.0837384
5523.0	0.08493132
5524.0	0.08924071
5525.0	0.09183007
5526.0	0.08831557
5527.0	0.07787529
5528.0	0.09197943
5529.0	0.09314316
5530.0	0.08019625
5531.0	0.07171184
5532.0	0.06416767
5533.0	0.1049973
5534.0	0.08795936
5535.0	0.1088064
5536.0	0.09124819
5537.0	0.09297582
5538.0	0.06380056
5539.0	0.08665725
5540.0	0.06882251
5541.0	0.08091623
5542.0	0.07087474
5543.0	0.07523637
5544.0	0.07999729
5545.0	0.07072093
5546.0	0.08689701
5547.0	0.08276651
5548.0	0.07410448
5549.0	0.09631255
5550.0	0.07525196
5551.0	0.07309625
5552.0	0.08271141
5553.0	0.08724292
5554.0	0.08022885
5555.0	0.08474374
5556.0	0.08274632
5557.0	0.09323622
5558.0	0.08621254
5559.0	0.08164363
5560.0	0.090044
5561.0	0.07310671
5562.0	0.09095505
5563.0	0.08690717
5564.0	0.067518
5565.0	0.09157095
5566.0	0.102927
5567.0	0.1000528
5568.0	0.09553472
5569.0	0.09219745
5570.0	0.09565888
5571.0	0.07441439
5572.0	0.07979721
5573.0	0.07309826
5574.0	0.0850128
5575.0	0.09387287
5576.0	0.09087531
5577.0	0.09177537
5578.0	0.09538709
5579.0	0.1204749
5580.0	0.09857233
5581.0	0.08745737
5582.0	0.09553303
5583.0	0.1035124
5584.0	0.09303421
5585.0	0.08936974
5586.0	0.09722179
5587.0	0.09170298
5588.0	0.08967569
5589.0	0.06391565
5590.0	0.08575205
5591.0	0.07980023
5592.0	0.09785801
5593.0	0.0865345
5594.0	0.09927224
5595.0	0.08709373
5596.0	0.09083366
5597.0	0.1087889
5598.0	0.08733711
5599.0	0.09781272
5600.0	0.07903963
5601.0	0.06777443
5602.0	0.06900831
5603.0	0.08655846
5604.0	0.09299337
5605.0	0.08289563
5606.0	0.09125395
5607.0	0.07810699
5608.0	0.09119027
5609.0	0.08040629
5610.0	0.08006445
5611.0	0.09692667
5612.0	0.09480421
5613.0	0.07136947
5614.0	0.089725
5615.0	0.08072551
5616.0	0.08652495
5617.0	0.107027
5618.0	0.08898529
5619.0	0.09593765
5620.0	0.09810316
5621.0	0.09536248
5622.0	0.08397706
5623.0	0.09169002
5624.0	0.07871056
5625.0	0.1066993
5626.0	0.0983049
5627.0	0.08093828
5628.0	0.09910946
5629.0	0.09485416
5630.0	0.08530112
5631.0	0.09630886
5632.0	0.09586395
5633.0	0.07917928
5634.0	0.08757538
5635.0	0.0926865
5636.0	0.09552561
5637.0	0.08831646
5638.0	0.09900112
5639.0	0.0807405
5640.0	0.08587261
5641.0	0.09340176
5642.0	0.08153588
5643.0	0.09270952
5644.0	0.0952865
5645.0	0.08727042
5646.0	0.08006529
5647.0	0.08085833
5648.0	0.07826579
5649.0	0.09338453
5650.0	0.09390529
5651.0	0.09000589
5652.0	0.09216056
5653.0	0.104492
5654.0	0.07620333
5655.0	0.07960769
5656.0	0.1025042
5657.0	0.07397342
5658.0	0.08141077
5659.0	0.07669929
5660.0	0.08314264
5661.0	0.09547896
5662.0	0.07766134
5663.0	0.08174151
5664.0	0.08906859
5665.0	0.09248727
5666.0	0.08489352
5667.0	0.06981707
5668.0	0.07304298
5669.0	0.08955102
5670.0	0.09480287
5671.0	0.08263364
5672.0	0.08180232
5673.0	0.1057038
5674.0	0.1086523
5675.0	0.07873762
5676.0	0.07891106
5677.0	0.0803113
5678.0	0.06556792
5679.0	0.07419267
5680.0	0.05973282
5681.0	0.08471865
5682.0	0.07907332
5683.0	0.05082567
5684.0	0.06968281
5685.0	0.06235633
5686.0	0.08389965
5687.0	0.08933406
5688.0	0.08121061
5689.0	0.07351539
5690.0	0.09224158
5691.0	0.07481129
5692.0	0.06879238
5693.0	0.07762797
5694.0	0.0696891
5695.0	0.05814283
5696.0	0.07153418
5697.0	0.08285893
5698.0	0.08033768
5699.0	0.09100458
5700.0	0.08945487
5701.0	0.08972121
5702.0	0.06483522
5703.0	0.06066026
5704.0	0.08755474
5705.0	0.0723175
5706.0	0.07710587
5707.0	0.08930157
5708.0	0.06226626
5709.0	0.07197814
5710.0	0.07087085
5711.0	0.06489699
5712.0	0.06621826
5713.0	0.08932243
5714.0	0.07609753
5715.0	0.06725828
5716.0	0.07255246
5717.0	0.06844111
5718.0	0.06790106
5719.0	0.07168907
5720.0	0.08954965
5721.0	0.08206192
5722.0	0.08537169
5723.0	0.08094794
5724.0	0.0819838
5725.0	0.07823046
5726.0	0.0770729
5727.0	0.07204144
5728.0	0.08545624
5729.0	0.07203533
5730.0	0.08636378
5731.0	0.08730046
5732.0	0.0928266
5733.0	0.08942334
5734.0	0.09290006
5735.0	0.08132659
5736.0	0.09107871
5737.0	0.09231286
5738.0	0.0893447
5739.0	0.103314
5740.0	0.1049819
5741.0	0.1128066
5742.0	0.1092247
5743.0	0.09229913
5744.0	0.09094455
5745.0	0.1011886
5746.0	0.1183738
5747.0	0.09110779
5748.0	0.09913728
5749.0	0.08933445
5750.0	0.08561791
5751.0	0.08733815
5752.0	0.07623623
5753.0	0.09970835
5754.0	0.1189665
5755.0	0.1003522
5756.0	0.1029697
5757.0	0.09384915
5758.0	0.1002022
5759.0	0.09037639
5760.0	0.1068517
5761.0	0.1026523
5762.0	0.09747185
5763.0	0.09882458
5764.0	0.1081363
5765.0	0.1026888
5766.0	0.1024807
5767.0	0.1084085
5768.0	0.09907555
5769.0	0.1017624
5770.0	0.09344952
5771.0	0.1025213
5772.0	0.1012028
5773.0	0.08947524
5774.0	0.09596719
5775.0	0.1048155
5776.0	0.121508
5777.0	0.1023577
5778.0	0.1053405
5779.0	0.1104048
5780.0	0.1127968
5781.0	0.1200435
5782.0	0.1170286
5783.0	0.09891
5784.0	0.1088573
5785.0	0.1049022
5786.0	0.1048837
5787.0	0.1044932
5788.0	0.07925377
5789.0	0.08367007
5790.0	0.1046164
5791.0	0.1082039
5792.0	0.1160154
5793.0	0.1121725
5794.0	0.09662379
5795.0	0.1074703
5796.0	0.111628
5797.0	0.09966994
5798.0	0.1071118
5799.0	0.1124426
5800.0	0.1150775
5801.0	0.1038844
5802.0	0.08486588
5803.0	0.1093254
5804.0	0.1395862
5805.0	0.1102401
5806.0	0.1177139
5807.0	0.1059885
5808.0	0.1135079
5809.0	0.1118157
5810.0	0.09919709
5811.0	0.1224045
5812.0	0.1205998
5813.0	0.1045708
5814.0	0.113857
5815.0	0.1088308
5816.0	0.1029356
5817.0	0.1098197
5818.0	0.08863109
5819.0	0.09754804
5820.0	0.09587128
5821.0	0.1009982
5822.0	0.1160863
5823.0	0.1032771
5824.0	0.09661006
5825.0	0.1133051
5826.0	0.131762
5827.0	0.1253206
5828.0	0.1023932
5829.0	0.09989076
5830.0	0.1270728
5831.0	0.1129729
5832.0	0.1045975
5833.0	0.1188545
5834.0	0.1014708
5835.0	0.1110986
5836.0	0.1227371
5837.0	0.1269224
5838.0	0.1138648
5839.0	0.09487651
5840.0	0.09967987
5841.0	0.1076907
5842.0	0.1195944
5843.0	0.1266994
5844.0	0.1264411
5845.0	0.1192958
5846.0	0.1280753
5847.0	0.1177361
5848.0	0.1131586
5849.0	0.1105186
5850.0	0.1006644
5851.0	0.122851
5852.0	0.1121579
5853.0	0.1092884
5854.0	0.1074627
5855.0	0.1167084
5856.0	0.1066042
5857.0	0.1079993
5858.0	0.1308362
5859.0	0.1149158
5860.0	0.1201937
5861.0	0.1093358
5862.0	0.112216
5863.0	0.1264292
5864.0	0.1380725
5865.0	0.1212487
5866.0	0.1159411
5867.0	0.1175503
5868.0	0.1126497
5869.0	0.1357236
5870.0	0.1199531
5871.0	0.1052361
5872.0	0.110783
5873.0	0.1160019
5874.0	0.1284878
5875.0	0.1207676
5876.0	0.1057665
5877.0	0.128981
5878.0	0.1079885
5879.0	0.1241859
5880.0	0.1138434
5881.0	0.1248599
5882.0	0.1229542
5883.0	0.1054197
5884.0	0.1259265
5885.0	0.1209055
5886.0	0.1213802
5887.0	0.1135995
5888.0	0.1210002
5889.0	0.1395385
5890.0	0.1186621
5891.0	0.1152098
5892.0	0.1119774
5893.0	0.1151459
5894.0	0.1065721
5895.0	0.1301088
5896.0	0.1152083
5897.0	0.1022228
5898.0	0.1016621
5899.0	0.1071925
5900.0	0.1139694
5901.0	0.1115403
5902.0	0.1400321
5903.0	0.1218819
5904.0	0.1194562
5905.0	0.1259182
5906.0	0.1213236
5907.0	0.1297691
5908.0	0.1184417
5909.0	0.1232344
5910.0	0.1179204
5911.0	0.1064188
5912.0	0.111792
5913.0	0.1132899
5914.0	0.1210198
5915.0	0.1109646
5916.0	0.1236846
5917.0	0.1238001
5918.0	0.1185039
5919.0	0.107791
5920.0	0.1163133
5921.0	0.1312023
5922.0	0.1197735
5923.0	0.1176052
5924.0	0.1235197
5925.0	0.1297424
5926.0	0.1146929
5927.0	0.1145604
5928.0	0.1234791
5929.0	0.1368958
5930.0	0.1248444
5931.0	0.1309187
5932.0	0.1150798
5933.0	0.1284135
5934.0	0.1226869
5935.0	0.1285257
5936.0	0.1210114
5937.0	0.1288244
5938.0	0.12534
5939.0	0.1127519
5940.0	0.1217954
5941.0	0.1158268
5942.0	0.1054094
5943.0	0.1342428
5944.0	0.1267033
5945.0	0.1175878
5946.0	0.1471296
5947.0	0.1362098
5948.0	0.1267348
5949.0	0.1119993
5950.0	0.1270686
5951.0	0.1275562
5952.0	0.1032989
5953.0	0.1038457
5954.0	0.1407191
5955.0	0.1206002
5956.0	0.1027175
5957.0	0.1145788
5958.0	0.1264657
5959.0	0.1179559
5960.0	0.1092047
5961.0	0.1230361
5962.0	0.135952
5963.0	0.1234491
5964.0	0.1206412
5965.0	0.135632
5966.0	0.1365499
5967.0	0.1300351
5968.0	0.1224511
5969.0	0.1184065
5970.0	0.1073648
5971.0	0.108915
5972.0	0.1111628
5973.0	0.1138986
5974.0	0.1161532
5975.0	0.1105127
5976.0	0.1265173
5977.0	0.1024533
5978.0	0.09562871
5979.0	0.1179343
5980.0	0.1152576
5981.0	0.09548267
5982.0	0.1100385
5983.0	0.1017665
5984.0	0.1035748
5985.0	0.120777
5986.0	0.1097875
5987.0	0.1143522
5988.0	0.1019912
5989.0	0.1195722
5990.0	0.1231977
5991.0	0.1148413
5992.0	0.1038125
5993.0	0.1116779
5994.0	0.1004851
5995.0	0.09950927
5996.0	0.09596676
5997.0	0.09849432
5998.0	0.1059875
5999.0	0.116859
6000.0	0.1017221
6001.0	0.09746042
6002.0	0.09855717
6003.0	0.1001002
6004.0	0.1118083
6005.0	0.09416288
6006.0	0.09739514
6007.0	0.08034331
6008.0	0.0970645
6009.0	0.0967452
6010.0	0.1091468
6011.0	0.1020268
6012.0	0.1177503
6013.0	0.1083122
6014.0	0.1026832
6015.0	0.1136819
6016.0	0.09797273
6017.0	0.09316591
6018.0	0.09845246
6019.0	0.09108641
6020.0	0.1050205
6021.0	0.11494
6022.0	0.1151791
6023.0	0.1115561
6024.0	0.1061661
6025.0	0.1087364
6026.0	0.09503394
6027.0	0.07271793
6028.0	0.09140006
6029.0	0.09690092
6030.0	0.1099968
6031.0	0.114821
6032.0	0.1132479
6033.0	0.08210512
6034.0	0.1030558
6035.0	0.1001697
6036.0	0.1186322
6037.0	0.1263312
6038.0	0.09444856
6039.0	0.07463247
6040.0	0.08843827
6041.0	0.107437
6042.0	0.1357753
6043.0	0.1114175
6044.0	0.1107825
6045.0	0.114272
6046.0	0.09176672
6047.0	0.1116637
6048.0	0.111827
6049.0	0.106833
6050.0	0.1137533
6051.0	0.1032145
6052.0	0.1069211
6053.0	0.1035899
6054.0	0.09368402
6055.0	0.1121578
6056.0	0.09374372
6057.0	0.0972953
6058.0	0.1184716
6059.0	0.1068383
6060.0	0.09550897
6061.0	0.1088925
6062.0	0.1034395
6063.0	0.08894896
6064.0	0.09756313
6065.0	0.1097343
6066.0	0.1079697
6067.0	0.1193963
6068.0	0.1122462
6069.0	0.1214091
6070.0	0.1159381
6071.0	0.1139091
6072.0	0.1179034
6073.0	0.1152291
6074.0	0.1129438
6075.0	0.09629084
6076.0	0.1072479
6077.0	0.1001228
6078.0	0.1369328
6079.0	0.1107053
6080.0	0.1134331
6081.0	0.1074326
6082.0	0.1082516
6083.0	0.1187484
6084.0	0.1201921
6085.0	0.1085144
6086.0	0.1275979
6087.0	0.1201757
6088.0	0.1177579
6089.0	0.1105996
6090.0	0.1317331
6091.0	0.1154422
6092.0	0.1206433
6093.0	0.1173155
6094.0	0.1105304
6095.0	0.10487
6096.0	0.1119992
6097.0	0.1117323
6098.0	0.1351399
6099.0	0.1144841
6100.0	0.117262
6101.0	0.1206714
6102.0	0.1140809
6103.0	0.1013367
6104.0	0.1243721
6105.0	0.133828
6106.0	0.1234315
6107.0	0.1109548
6108.0	0.1239531
6109.0	0.101914
6110.0	0.09418798
6111.0	0.1112553
6112.0	0.132853
6113.0	0.09967775
6114.0	0.1018546
6115.0	0.1340697
6116.0	0.1169713
6117.0	0.1222507
6118.0	0.1182984
6119.0	0.1186298
6120.0	0.138437
6121.0	0.1205963
6122.0	0.12099
6123.0	0.1042052
6124.0	0.1131957
6125.0	0.1294049
6126.0	0.141502
6127.0	0.1261663
6128.0	0.1103563
6129.0	0.135016
6130.0	0.1258564
6131.0	0.1454012
6132.0	0.1302087
6133.0	0.1206322
6134.0	0.134382
6135.0	0.1211587
6136.0	0.130246
6137.0	0.1326891
6138.0	0.1395057
6139.0	0.1347949
6140.0	0.1341733
6141.0	0.1419015
6142.0	0.1456483
6143.0	0.1308095
6144.0	0.1152432
6145.0	0.1353406
6146.0	0.1056638
6147.0	0.1200157
6148.0	0.1323084
6149.0	0.126444
6150.0	0.1200416
6151.0	0.1398897
6152.0	0.1195942
6153.0	0.1271171
6154.0	0.1222329
6155.0	0.1302638
6156.0	0.1506879
6157.0	0.137117
6158.0	0.1282533
6159.0	0.1178372
6160.0	0.1317799
6161.0	0.1366883
6162.0	0.1299563
6163.0	0.140242
6164.0	0.1409399
6165.0	0.1138599
6166.0	0.1102837
6167.0	0.1371364
6168.0	0.1277624
6169.0	0.1424758
6170.0	0.1337056
6171.0	0.1208906
6172.0	0.1239716
6173.0	0.1183656
6174.0	0.1177762
6175.0	0.1257177
6176.0	0.1351247
6177.0	0.1340679
6178.0	0.1525107
6179.0	0.1376032
6180.0	0.1195313
6181.0	0.1323711
6182.0	0.1354799
6183.0	0.1327161
6184.0	0.1452236
6185.0	0.1602455
6186.0	0.1296557
6187.0	0.1409261
6188.0	0.1336483
6189.0	0.1249678
6190.0	0.1473718
6191.0	0.1407887
6192.0	0.122556
6193.0	0.1263728
6194.0	0.1301878
6195.0	0.1384686
6196.0	0.1275309
6197.0	0.1243849
6198.0	0.1203607
6199.0	0.1547656
6200.0	0.1304765
6201.0	0.1326063
6202.0	0.1355188
6203.0	0.153909
6204.0	0.1386424
6205.0	0.144765
6206.0	0.1466337
6207.0	0.1472449
6208.0	0.1401515
6209.0	0.1394598
6210.0	0.1490806
6211.0	0.1447524
6212.0	0.1398915
6213.0	0.1313011
6214.0	0.1216801
6215.0	0.1346425
6216.0	0.1274493
6217.0	0.1285662
6218.0	0.1416104
6219.0	0.1428969
6220.0	0.1526499
6221.0	0.1371764
6222.0	0.1303674
6223.0	0.1321183
6224.0	0.1397741
6225.0	0.1529457
6226.0	0.1367552
6227.0	0.1268341
6228.0	0.1271615
6229.0	0.1318455
6230.0	0.1372073
6231.0	0.1626473
6232.0	0.1433025
6233.0	0.1321561
6234.0	0.1511135
6235.0	0.1517108
6236.0	0.1407272
6237.0	0.142558
6238.0	0.1354642
6239.0	0.1354063
6240.0	0.1319877
6241.0	0.1314503
6242.0	0.1430693
6243.0	0.1482115
6244.0	0.1387998
6245.0	0.1358318
6246.0	0.1423825
6247.0	0.1632261
6248.0	0.1498509
6249.0	0.1486286
6250.0	0.1328722
6251.0	0.1448632
6252.0	0.1447974
6253.0	0.1400906
6254.0	0.1352337
6255.0	0.131645
6256.0	0.134428
6257.0	0.1307322
6258.0	0.1388565
6259.0	0.1375626
6260.0	0.1226476
6261.0	0.1443707
6262.0	0.1400578
6263.0	0.1608173
6264.0	0.1374407
6265.0	0.1453651
6266.0	0.1519991
6267.0	0.1589115
6268.0	0.1445621
6269.0	0.1501973
6270.0	0.1372411
6271.0	0.1354516
6272.0	0.1542267
6273.0	0.1178107
6274.0	0.1371594
6275.0	0.1380711
6276.0	0.1446455
6277.0	0.1448937
6278.0	0.136712
6279.0	0.133341
6280.0	0.1361511
6281.0	0.1278446
6282.0	0.1351192
6283.0	0.1276478
6284.0	0.1325558
6285.0	0.1544654
6286.0	0.1506682
6287.0	0.1480648
6288.0	0.149802
6289.0	0.1459449
6290.0	0.1479555
6291.0	0.1143157
6292.0	0.1386309
6293.0	0.1334694
6294.0	0.1216821
6295.0	0.1291377
6296.0	0.1380977
6297.0	0.1410838
6298.0	0.1503453
6299.0	0.143049
6300.0	0.143287
6301.0	0.1546981
6302.0	0.1240566
6303.0	0.1294186
6304.0	0.1254062
6305.0	0.1252279
6306.0	0.1506004
6307.0	0.1486104
6308.0	0.1376754
6309.0	0.1086092
6310.0	0.1097145
6311.0	0.1410142
6312.0	0.1264101
6313.0	0.123602
6314.0	0.1158758
6315.0	0.1316874
6316.0	0.1280507
6317.0	0.1406969
6318.0	0.1180299
6319.0	0.1246021
6320.0	0.1300188
6321.0	0.129567
6322.0	0.1294007
6323.0	0.1275964
6324.0	0.1161181
6325.0	0.1195323
6326.0	0.1084447
6327.0	0.1096636
6328.0	0.1193647
6329.0	0.1072284
6330.0	0.1081341
6331.0	0.1138754
6332.0	0.09736601
6333.0	0.1204068
6334.0	0.1020377
6335.0	0.1112718
6336.0	0.106017
6337.0	0.1011415
6338.0	0.1031552
6339.0	0.09393403
6340.0	0.1237687
6341.0	0.1017275
6342.0	0.1006426
6343.0	0.125468
6344.0	0.09970842
6345.0	0.08950554
6346.0	0.0788594
6347.0	0.09050453
6348.0	0.08409852
6349.0	0.08488455
6350.0	0.1049525
6351.0	0.09367821
6352.0	0.08588786
6353.0	0.09799511
6354.0	0.08454537
6355.0	0.08332054
6356.0	0.07572041
6357.0	0.09532487
6358.0	0.08859951
6359.0	0.07952014
6360.0	0.06857059
6361.0	0.0872898
6362.0	0.08606189
6363.0	0.07452108
6364.0	0.07801743
6365.0	0.05702047
6366.0	0.0866124
6367.0	0.08023048
6368.0	0.06981174
6369.0	0.07512245
6370.0	0.0666871
6371.0	0.07290161
6372.0	0.07287048
6373.0	0.07899703
6374.0	0.06527957
6375.0	0.0864419
6376.0	0.0766238
6377.0	0.06013329
6378.0	0.06813306
6379.0	0.05579111
6380.0	0.08469063
6381.0	0.08606132
6382.0	0.07633995
6383.0	0.06070861
6384.0	0.06484663
6385.0	0.06715019
6386.0	0.06993528
6387.0	0.06376171
6388.0	0.06172956
6389.0	0.07846826
6390.0	0.05896607
6391.0	0.04740346
6392.0	0.05347798
6393.0	0.06410733
6394.0	0.06573002
6395.0	0.08285315
6396.0	0.07010578
6397.0	0.07074193
6398.0	0.0742217
6399.0	0.06041781
6400.0	0.06266832
6401.0	0.05482831
6402.0	0.04264317
6403.0	0.04843733
6404.0	0.06861725
6405.0	0.0648828
6406.0	0.04971789
6407.0	0.06471561
6408.0	0.05326165
6409.0	0.05601846
6410.0	0.05393065
6411.0	0.05899555
6412.0	0.07256693
6413.0	0.05580359
6414.0	0.05380782
6415.0	0.05465565
6416.0	0.05737555
6417.0	0.07658278
6418.0	0.06250645
6419.0	0.0721439
6420.0	0.07884047
6421.0	0.05628381
6422.0	0.06595304
6423.0	0.06871434
6424.0	0.0617775
6425.0	0.06524849
6426.0	0.06560427
6427.0	0.04599668
6428.0	0.0670741
6429.0	0.06584541
6430.0	0.06980111
6431.0	0.07686856
6432.0	0.05602936
6433.0	0.06610653
6434.0	0.05099897
6435.0	0.05151009
6436.0	0.05688516
6437.0	0.06332204
6438.0	0.06117901
6439.0	0.07763109
6440.0	0.06069551
6441.0	0.06315817
6442.0	0.05914981
6443.0	0.07948161
6444.0	0.06272694
6445.0	0.06650742
6446.0	0.07505754
6447.0	0.0600506
6448.0	0.06065685
6449.0	0.06051325
6450.0	0.07164728
6451.0	0.07554436
6452.0	0.06412215
6453.0	0.05490724
6454.0	0.06944419
6455.0	0.06490851
6456.0	0.07343798
6457.0	0.07901717
6458.0	0.07775836
6459.0	0.0776512
6460.0	0.06910765
6461.0	0.08294354
6462.0	0.07178076
6463.0	0.07494538
6464.0	0.09343047
6465.0	0.08611573
6466.0	0.1033468
6467.0	0.08722097
6468.0	0.0860967
6469.0	0.09845375
6470.0	0.09313975
6471.0	0.1126945
6472.0	0.09034827
6473.0	0.1010743
6474.0	0.08479384
6475.0	0.09191472
6476.0	0.08935858
6477.0	0.08493476
6478.0	0.09949435
6479.0	0.09574213
6480.0	0.09215045
6481.0	0.09717406
6482.0	0.09833887
6483.0	0.1238722
6484.0	0.09493739
6485.0	0.1009478
6486.0	0.1031317
6487.0	0.09107807
6488.0	0.09014031
6489.0	0.09717425
6490.0	0.09693748
6491.0	0.1041467
6492.0	0.09794305
6493.0	0.1096188
6494.0	0.1152257
6495.0	0.1169799
6496.0	0.1035595
6497.0	0.1165798
6498.0	0.1120318
6499.0	0.1357308
6500.0	0.1167514
6501.0	0.1195038
6502.0	0.1181257
6503.0	0.1057076
6504.0	0.1227728
6505.0	0.1054701
6506.0	0.1092262
6507.0	0.1180725
6508.0	0.1175292
6509.0	0.129658
6510.0	0.1174317
6511.0	0.1119517
6512.0	0.115556
6513.0	0.1168451
6514.0	0.1358243
6515.0	0.1233881
6516.0	0.1331134
6517.0	0.1345644
6518.0	0.1340333
6519.0	0.1271998
6520.0	0.1339713
6521.0	0.1269708
6522.0	0.1327646
6523.0	0.1363099
6524.0	0.1225624
6525.0	0.1246623
6526.0	0.1146527
6527.0	0.1276465
6528.0	0.1212895
6529.0	0.1277979
6530.0	0.1411488
6531.0	0.1362568
6532.0	0.1240556
6533.0	0.1306302
6534.0	0.1255866
6535.0	0.129098
6536.0	0.1336639
6537.0	0.1458422
6538.0	0.1548098
6539.0	0.1448675
6540.0	0.1400282
6541.0	0.154976
6542.0	0.1503478
6543.0	0.138539
6544.0	0.1466696
6545.0	0.1298875
6546.0	0.132346
6547.0	0.1301527
6548.0	0.143628
6549.0	0.1372582
6550.0	0.1465795
6551.0	0.1619016
6552.0	0.1549483
6553.0	0.1493645
6554.0	0.1487752
6555.0	0.1577978
6556.0	0.1379404
6557.0	0.1459178
6558.0	0.1602535
6559.0	0.1465261
6560.0	0.1478165
6561.0	0.151738
6562.0	0.1452963
6563.0	0.1646109
6564.0	0.1562021
6565.0	0.174988
6566.0	0.1659194
6567.0	0.1459624
6568.0	0.1548563
6569.0	0.1344013
6570.0	0.1446687
6571.0	0.133328
6572.0	0.1518583
6573.0	0.1868549
6574.0	0.1689623
6575.0	0.1666507
6576.0	0.1550018
6577.0	0.1604944
6578.0	0.165461
6579.0	0.151767
6580.0	0.1435761
6581.0	0.1501554
6582.0	0.1597702
6583.0	0.1528357
6584.0	0.151633
6585.0	0.1628492
6586.0	0.1674747
6587.0	0.167075
6588.0	0.1691557
6589.0	0.1603354
6590.0	0.155874
6591.0	0.174468
6592.0	0.1680161
6593.0	0.1674922
6594.0	0.1443159
6595.0	0.1327463
6596.0	0.1457306
6597.0	0.1510585
6598.0	0.1770533
6599.0	0.1767385
6600.0	0.1562585
6601.0	0.1659374
6602.0	0.1732928
6603.0	0.173569
6604.0	0.149591
6605.0	0.1639003
6606.0	0.1579839
6607.0	0.1520233
6608.0	0.1425298
6609.0	0.1519169
6610.0	0.1435044
6611.0	0.1589598
6612.0	0.1760502
6613.0	0.1557155
6614.0	0.179295
6615.0	0.1634086
6616.0	0.162143
6617.0	0.1701016
6618.0	0.1515649
6619.0	0.1565865
6620.0	0.1331004
6621.0	0.1725878
6622.0	0.1808172
6623.0	0.1661789
6624.0	0.1685302
6625.0	0.1636584
6626.0	0.1657372
6627.0	0.1760175
6628.0	0.1560899
6629.0	0.1642137
6630.0	0.1671245
6631.0	0.1572789
6632.0	0.17193
6633.0	0.1685957
6634.0	0.1595872
6635.0	0.1583618
6636.0	0.1718899
6637.0	0.1446153
6638.0	0.140082
6639.0	0.1526745
6640.0	0.1622702
6641.0	0.168863
6642.0	0.1436899
6643.0	0.1604787
6644.0	0.1624668
6645.0	0.1508203
6646.0	0.1543383
6647.0	0.1423761
6648.0	0.1537308
6649.0	0.1507453
6650.0	0.1407852
6651.0	0.1567275
6652.0	0.1438025
6653.0	0.1513122
6654.0	0.1837669
6655.0	0.1493709
6656.0	0.1568543
6657.0	0.156213
6658.0	0.1619761
6659.0	0.1760677
6660.0	0.1553124
6661.0	0.1639478
6662.0	0.1585553
6663.0	0.162978
6664.0	0.144935
6665.0	0.1559921
6666.0	0.154536
6667.0	0.163912
6668.0	0.1390132
6669.0	0.1479971
6670.0	0.1561375
6671.0	0.1745819
6672.0	0.1619536
6673.0	0.1619912
6674.0	0.1657608
6675.0	0.1686653
6676.0	0.1639191
6677.0	0.1511025
6678.0	0.1567162
6679.0	0.1579877
6680.0	0.181249
6681.0	0.1522282
6682.0	0.1722202
6683.0	0.1762525
6684.0	0.1850072
6685.0	0.1665182
6686.0	0.1646204
6687.0	0.1624326
6688.0	0.1575093
6689.0	0.1669908
6690.0	0.1739828
6691.0	0.1542759
6692.0	0.159205
6693.0	0.1632724
6694.0	0.1679881
6695.0	0.1532961
6696.0	0.1523009
6697.0	0.157329
6698.0	0.1701042
6699.0	0.1794765
6700.0	0.1591152
6701.0	0.1582095
6702.0	0.1728585
6703.0	0.1791273
6704.0	0.1718783
6705.0	0.1777262
6706.0	0.1497246
6707.0	0.165665
6708.0	0.1491557
6709.0	0.1595189
6710.0	0.1655998
6711.0	0.1656674
6712.0	0.1483727
6713.0	0.1312843
6714.0	0.1554331
6715.0	0.1532211
6716.0	0.1700777
6717.0	0.1472653
6718.0	0.15909
6719.0	0.1738121
6720.0	0.1734427
6721.0	0.1615302
6722.0	0.1776246
6723.0	0.1747472
6724.0	0.1594782
6725.0	0.1566397
6726.0	0.1800392
6727.0	0.1540732
6728.0	0.1667858
6729.0	0.1584961
6730.0	0.1656552
6731.0	0.1731687
6732.0	0.1593377
6733.0	0.1732866
6734.0	0.1697311
6735.0	0.1599565
6736.0	0.172463
6737.0	0.1487029
6738.0	0.1489564
6739.0	0.1514661
6740.0	0.1671793
6741.0	0.1527047
6742.0	0.1603581
6743.0	0.1407479
6744.0	0.1504248
6745.0	0.1593392
6746.0	0.1695722
6747.0	0.1529791
6748.0	0.1728475
6749.0	0.1472179
6750.0	0.1410252
6751.0	0.1605446
6752.0	0.1606962
6753.0	0.1497674
6754.0	0.1531945
6755.0	0.1540039
6756.0	0.1340224
6757.0	0.1524163
6758.0	0.1158618
6759.0	0.1494443
6760.0	0.1598557
6761.0	0.1642326
6762.0	0.1449107
6763.0	0.1626095
6764.0	0.1455666
6765.0	0.1458987
6766.0	0.1431587
6767.0	0.1449247
6768.0	0.1573311
6769.0	0.1504196
6770.0	0.1379402
6771.0	0.1684474
6772.0	0.1361979
6773.0	0.1519033
6774.0	0.1674666
6775.0	0.1680895
6776.0	0.155398
6777.0	0.1344481
6778.0	0.1489209
6779.0	0.1503511
6780.0	0.1663646
6781.0	0.1572533
6782.0	0.1653235
6783.0	0.1723915
6784.0	0.1665553
6785.0	0.1747269
6786.0	0.1454978
6787.0	0.1517963
6788.0	0.1544069
6789.0	0.1502437
6790.0	0.1644241
6791.0	0.1675472
6792.0	0.1561783
6793.0	0.1550007
6794.0	0.1406631
6795.0	0.1528212
6796.0	0.1402754
6797.0	0.1682241
6798.0	0.1653343
6799.0	0.1551602
6800.0	0.1539174
6801.0	0.1572979
6802.0	0.164722
6803.0	0.1389454
6804.0	0.1570778
6805.0	0.1423861
6806.0	0.1281575
6807.0	0.1166766
6808.0	0.1218939
6809.0	0.1354803
6810.0	0.144249
6811.0	0.1382512
6812.0	0.1642004
6813.0	0.158876
6814.0	0.1559332
6815.0	0.1703372
6816.0	0.162692
6817.0	0.1574427
6818.0	0.1620778
6819.0	0.1834584
6820.0	0.1564828
6821.0	0.1623937
6822.0	0.1691612
6823.0	0.1530617
6824.0	0.1548645
6825.0	0.1389184
6826.0	0.1386973
6827.0	0.1635348
6828.0	0.1546912
6829.0	0.1503451
6830.0	0.1499734
6831.0	0.1515064
6832.0	0.1604272
6833.0	0.149262
6834.0	0.1311029
6835.0	0.1571884
6836.0	0.1599395
6837.0	0.1536412
6838.0	0.1366462
6839.0	0.1379457
6840.0	0.1514925
6841.0	0.1449776
6842.0	0.1513303
6843.0	0.161533
6844.0	0.1196426
6845.0	0.1460273
6846.0	0.1662788
6847.0	0.151678
6848.0	0.1445716
6849.0	0.1469795
6850.0	0.1424495
6851.0	0.1521934
6852.0	0.14267
6853.0	0.1489785
6854.0	0.1617773
6855.0	0.1526129
6856.0	0.158446
6857.0	0.1492849
6858.0	0.1420832
6859.0	0.1481118
6860.0	0.1553257
6861.0	0.139385
6862.0	0.1448337
6863.0	0.1414963
6864.0	0.1529696
6865.0	0.1341107
6866.0	0.1366689
6867.0	0.1343005
6868.0	0.1327654
6869.0	0.1335848
6870.0	0.1762746
6871.0	0.1807809
6872.0	0.150636
6873.0	0.1303859
6874.0	0.1278769
6875.0	0.159362
6876.0	0.1512743
6877.0	0.1594241
6878.0	0.1535723
6879.0	0.1472315
6880.0	0.1548271
6881.0	0.1413169
6882.0	0.139436
6883.0	0.1274062
6884.0	0.1481739
6885.0	0.1453923
6886.0	0.1328701
6887.0	0.1214892
6888.0	0.1410001
6889.0	0.146568
6890.0	0.1556568
6891.0	0.164684
6892.0	0.1464563
6893.0	0.1407722
6894.0	0.1321208
6895.0	0.1606743
6896.0	0.1747263
6897.0	0.1381223
6898.0	0.1597122
6899.0	0.1566523
6900.0	0.1324034
6901.0	0.1456816
6902.0	0.1695981
6903.0	0.1438363
6904.0	0.1376324
6905.0	0.1391697
6906.0	0.1563725
6907.0	0.1360479
6908.0	0.1555993
6909.0	0.1492562
6910.0	0.1278913
6911.0	0.1230081
6912.0	0.1389603
6913.0	0.1402788
6914.0	0.149001
6915.0	0.1456336
6916.0	0.1585172
6917.0	0.1529214
6918.0	0.1418328
6919.0	0.1565685
6920.0	0.158844
6921.0	0.1652864
6922.0	0.1453318
6923.0	0.1609407
6924.0	0.1448494
6925.0	0.1600641
6926.0	0.1526376
6927.0	0.152129
6928.0	0.1296573
6929.0	0.1360639
6930.0	0.1658813
6931.0	0.1465226
6932.0	0.1422065
6933.0	0.1210457
6934.0	0.16244
6935.0	0.1478355
6936.0	0.1315832
6937.0	0.1262444
6938.0	0.1366974
6939.0	0.1594814
6940.0	0.1404331
6941.0	0.1426028
6942.0	0.1400385
6943.0	0.1515361
6944.0	0.1524584
6945.0	0.1213221
6946.0	0.1519151
6947.0	0.1350777
6948.0	0.1189706
6949.0	0.1482042
6950.0	0.1683
6951.0	0.1457651
6952.0	0.1418612
6953.0	0.1445741
6954.0	0.1617499
6955.0	0.1547228
6956.0	0.1410509
6957.0	0.1594327
6958.0	0.1494329
6959.0	0.1592811
6960.0	0.1354772
6961.0	0.1437329
6962.0	0.1510668
6963.0	0.1259528
6964.0	0.1189452
6965.0	0.1334932
6966.0	0.1207212
6967.0	0.1280517
6968.0	0.1142555
6969.0	0.1280798
6970.0	0.1338108
6971.0	0.1225296
6972.0	0.1305563
6973.0	0.1329955
6974.0	0.1362169
6975.0	0.1371332
6976.0	0.1257669
6977.0	0.1192302
6978.0	0.1334033
6979.0	0.1425021
6980.0	0.1349731
6981.0	0.1472283
6982.0	0.1408093
6983.0	0.1469996
6984.0	0.1338817
6985.0	0.1342225
6986.0	0.1222328
6987.0	0.1476572
6988.0	0.1523399
6989.0	0.152718
6990.0	0.131147
6991.0	0.1290475
6992.0	0.1247569
6993.0	0.1617175
6994.0	0.1398844
6995.0	0.145131
6996.0	0.1371399
6997.0	0.1342818
6998.0	0.1231693
6999.0	0.1438647
7000.0	0.1305362
7001.0	0.1269541
7002.0	0.1401453
7003.0	0.1322779
7004.0	0.1415731
7005.0	0.1412103
7006.0	0.1412067
7007.0	0.1559657
7008.0	0.1308876
7009.0	0.1374898
7010.0	0.1272008
7011.0	0.1288853
7012.0	0.1373766
7013.0	0.127702
7014.0	0.1072648
7015.0	0.1313756
7016.0	0.1614877
7017.0	0.1353558
7018.0	0.1362272
7019.0	0.1208607
7020.0	0.1400199
7021.0	0.1420915
7022.0	0.1497157
7023.0	0.1377035
7024.0	0.1499956
7025.0	0.1327472
7026.0	0.1372398
7027.0	0.1478082
7028.0	0.1433565
7029.0	0.1434601
7030.0	0.1330459
7031.0	0.1325057
7032.0	0.1288844
7033.0	0.1367799
7034.0	0.1248108
7035.0	0.1177415
7036.0	0.1283514
7037.0	0.118898
7038.0	0.1390644
7039.0	0.1258858
7040.0	0.1360062
7041.0	0.1339424
7042.0	0.1483459
7043.0	0.131411
7044.0	0.1378572
7045.0	0.1333598
7046.0	0.1431
7047.0	0.1295483
7048.0	0.1163102
7049.0	0.122773
7050.0	0.1245658
7051.0	0.1257071
7052.0	0.131715
7053.0	0.1264448
7054.0	0.1383712
7055.0	0.1298296
7056.0	0.1317236
7057.0	0.1223544
7058.0	0.1163539
7059.0	0.1427331
7060.0	0.1390155
