#	 2017oz 
#	 UT date of observation: 20170131 
#	 Telescope/Instrument: KPNO4m/KOSMOS 
#	 Estimated Peak MJD: 57787.988 
#	 Estimated redshift: 0.056 
#	 Estimated Phase: -3.8 
#	 Published in Dettman et al. 2020 
#	 Observed barycentric wavelength (Angstroms)    F_lambda
4180.0	0.8752038
4181.0	0.8142118
4182.0	0.8812663
4183.0	0.8097374
4184.0	0.8426049
4185.0	0.8699031
4186.0	0.8153995
4187.0	0.8162135
4188.0	0.8652773
4189.0	0.8392857
4190.0	0.8452502
4191.0	0.8706114
4192.0	0.8309823
4193.0	0.8340744
4194.0	0.9185522
4195.0	0.9199137
4196.0	0.8818745
4197.0	0.9129394
4198.0	0.9110967
4199.0	0.964932
4200.0	0.9032127
4201.0	0.9539905
4202.0	0.9001812
4203.0	0.9588963
4204.0	0.9131243
4205.0	0.9368489
4206.0	0.9312378
4207.0	0.9362883
4208.0	0.9077716
4209.0	0.9783123
4210.0	0.9603533
4211.0	1.018718
4212.0	0.9806479
4213.0	0.9742008
4214.0	0.9932377
4215.0	1.007926
4216.0	0.9829602
4217.0	0.9211372
4218.0	0.9882004
4219.0	1.007128
4220.0	0.9795218
4221.0	0.9985367
4222.0	0.9711928
4223.0	0.9378808
4224.0	0.9777707
4225.0	0.9635731
4226.0	0.9833061
4227.0	0.9596975
4228.0	1.02044
4229.0	1.007282
4230.0	0.9526274
4231.0	0.9076812
4232.0	0.9852595
4233.0	0.9524651
4234.0	1.002931
4235.0	1.033387
4236.0	1.019467
4237.0	1.018633
4238.0	0.9777115
4239.0	1.014827
4240.0	1.021415
4241.0	0.9913354
4242.0	0.9900746
4243.0	0.9877399
4244.0	1.062187
4245.0	1.040737
4246.0	1.017878
4247.0	0.9696291
4248.0	0.9806365
4249.0	1.044151
4250.0	1.035843
4251.0	0.9812454
4252.0	0.9293011
4253.0	0.9514346
4254.0	0.9794444
4255.0	0.9495189
4256.0	1.048346
4257.0	1.052394
4258.0	1.004382
4259.0	1.032713
4260.0	1.041031
4261.0	1.026036
4262.0	1.028894
4263.0	1.017657
4264.0	1.039043
4265.0	1.028324
4266.0	0.9972695
4267.0	0.9670153
4268.0	1.026786
4269.0	0.9826959
4270.0	0.9624455
4271.0	0.966182
4272.0	1.01305
4273.0	1.027042
4274.0	1.002929
4275.0	1.029694
4276.0	0.9864433
4277.0	1.000554
4278.0	0.9833258
4279.0	0.9751736
4280.0	1.009233
4281.0	1.005732
4282.0	0.991535
4283.0	0.9472923
4284.0	1.006512
4285.0	1.021654
4286.0	0.9283932
4287.0	0.9374723
4288.0	0.9694989
4289.0	0.9570644
4290.0	0.9390579
4291.0	0.9734765
4292.0	1.031106
4293.0	1.013503
4294.0	0.9682523
4295.0	0.9507237
4296.0	0.9461665
4297.0	0.9506304
4298.0	0.982491
4299.0	0.9776788
4300.0	0.9619108
4301.0	0.9570206
4302.0	0.9633448
4303.0	0.9388162
4304.0	0.9436041
4305.0	0.9871676
4306.0	0.9846792
4307.0	0.9992992
4308.0	1.004784
4309.0	0.9110191
4310.0	0.9810123
4311.0	0.965821
4312.0	0.9540876
4313.0	0.9982135
4314.0	0.9775435
4315.0	0.9935769
4316.0	0.9566644
4317.0	0.9279869
4318.0	0.9168412
4319.0	0.9721547
4320.0	0.9370155
4321.0	0.9386669
4322.0	0.9103538
4323.0	0.8860582
4324.0	0.8851834
4325.0	0.9033533
4326.0	0.8960806
4327.0	0.9402169
4328.0	0.9526839
4329.0	0.9193789
4330.0	0.8666095
4331.0	0.8776668
4332.0	0.8853425
4333.0	0.8990682
4334.0	0.9166223
4335.0	0.9225003
4336.0	0.8618023
4337.0	0.900627
4338.0	0.9058891
4339.0	0.9126141
4340.0	0.8713058
4341.0	0.8779847
4342.0	0.8965473
4343.0	0.9179261
4344.0	0.9098487
4345.0	0.8768032
4346.0	0.8973779
4347.0	0.8960354
4348.0	0.9106665
4349.0	0.9064768
4350.0	0.9200279
4351.0	0.8495748
4352.0	0.9138364
4353.0	0.8866122
4354.0	0.9482935
4355.0	0.9498271
4356.0	0.9702113
4357.0	0.9180269
4358.0	0.9610801
4359.0	0.8932027
4360.0	0.8351371
4361.0	0.8649648
4362.0	0.867849
4363.0	0.8482378
4364.0	0.9147989
4365.0	0.9242138
4366.0	0.9120615
4367.0	0.886096
4368.0	0.9129628
4369.0	0.8720288
4370.0	0.8619051
4371.0	0.911775
4372.0	0.8916218
4373.0	0.8507247
4374.0	0.8483764
4375.0	0.8833993
4376.0	0.880282
4377.0	0.9279335
4378.0	0.8715283
4379.0	0.8571346
4380.0	0.8410166
4381.0	0.8539326
4382.0	0.8740547
4383.0	0.9083896
4384.0	0.8732939
4385.0	0.8365567
4386.0	0.8682245
4387.0	0.8336169
4388.0	0.8521447
4389.0	0.9023902
4390.0	0.8694225
4391.0	0.8360381
4392.0	0.8632761
4393.0	0.8554182
4394.0	0.850053
4395.0	0.8491921
4396.0	0.8645183
4397.0	0.8780219
4398.0	0.8053327
4399.0	0.8351946
4400.0	0.8309953
4401.0	0.8062442
4402.0	0.7660983
4403.0	0.7989255
4404.0	0.819676
4405.0	0.7686183
4406.0	0.7866446
4407.0	0.8171129
4408.0	0.7831658
4409.0	0.8117298
4410.0	0.7745986
4411.0	0.7938645
4412.0	0.8048075
4413.0	0.8259293
4414.0	0.7980644
4415.0	0.7098305
4416.0	0.782465
4417.0	0.7914029
4418.0	0.769361
4419.0	0.7384788
4420.0	0.7406206
4421.0	0.8001218
4422.0	0.8107831
4423.0	0.8066707
4424.0	0.7630233
4425.0	0.7276702
4426.0	0.7361999
4427.0	0.7291535
4428.0	0.737207
4429.0	0.7615405
4430.0	0.7358573
4431.0	0.6976311
4432.0	0.693056
4433.0	0.7310007
4434.0	0.7509596
4435.0	0.7506038
4436.0	0.6946576
4437.0	0.693279
4438.0	0.7151427
4439.0	0.6883461
4440.0	0.6748244
4441.0	0.7005314
4442.0	0.6914023
4443.0	0.6779241
4444.0	0.6683544
4445.0	0.6670737
4446.0	0.6662129
4447.0	0.677076
4448.0	0.6656207
4449.0	0.6998566
4450.0	0.6927935
4451.0	0.6542111
4452.0	0.6741652
4453.0	0.6753234
4454.0	0.6834662
4455.0	0.6354359
4456.0	0.6551121
4457.0	0.6581355
4458.0	0.6569492
4459.0	0.603722
4460.0	0.5966444
4461.0	0.6375425
4462.0	0.5478395
4463.0	0.5419911
4464.0	0.5756888
4465.0	0.5764963
4466.0	0.6302831
4467.0	0.6528218
4468.0	0.6154758
4469.0	0.6400385
4470.0	0.6000714
4471.0	0.594892
4472.0	0.5644088
4473.0	0.5650026
4474.0	0.596068
4475.0	0.6011977
4476.0	0.5789784
4477.0	0.5778454
4478.0	0.6203339
4479.0	0.5816043
4480.0	0.5731972
4481.0	0.6124832
4482.0	0.6113904
4483.0	0.5812235
4484.0	0.590036
4485.0	0.5505328
4486.0	0.5279353
4487.0	0.5301418
4488.0	0.5698164
4489.0	0.5436199
4490.0	0.5574154
4491.0	0.5496917
4492.0	0.5432276
4493.0	0.5528037
4494.0	0.5776276
4495.0	0.5483948
4496.0	0.5491132
4497.0	0.508292
4498.0	0.5348178
4499.0	0.5482715
4500.0	0.5458601
4501.0	0.5666605
4502.0	0.5795885
4503.0	0.5485156
4504.0	0.5492175
4505.0	0.5354613
4506.0	0.5079861
4507.0	0.4835634
4508.0	0.5408757
4509.0	0.5361253
4510.0	0.5157338
4511.0	0.5221453
4512.0	0.5349587
4513.0	0.5336906
4514.0	0.5186014
4515.0	0.5528933
4516.0	0.5606325
4517.0	0.5920042
4518.0	0.5479022
4519.0	0.5249984
4520.0	0.5382262
4521.0	0.5548282
4522.0	0.5588021
4523.0	0.5222313
4524.0	0.5658872
4525.0	0.5405381
4526.0	0.5270858
4527.0	0.5058071
4528.0	0.5604075
4529.0	0.5313564
4530.0	0.4884017
4531.0	0.518702
4532.0	0.5408824
4533.0	0.5526333
4534.0	0.5858542
4535.0	0.58801
4536.0	0.5600058
4537.0	0.5465955
4538.0	0.546181
4539.0	0.5496216
4540.0	0.5096679
4541.0	0.5153595
4542.0	0.5135657
4543.0	0.5106243
4544.0	0.5673937
4545.0	0.53343
4546.0	0.5997339
4547.0	0.543385
4548.0	0.5567688
4549.0	0.5687638
4550.0	0.534664
4551.0	0.5492117
4552.0	0.5181411
4553.0	0.5540867
4554.0	0.6026914
4555.0	0.5956057
4556.0	0.6281939
4557.0	0.6396761
4558.0	0.6460468
4559.0	0.6009371
4560.0	0.6496177
4561.0	0.6267158
4562.0	0.6207241
4563.0	0.6333415
4564.0	0.6164653
4565.0	0.5876566
4566.0	0.594497
4567.0	0.5815455
4568.0	0.6180521
4569.0	0.6281653
4570.0	0.6231413
4571.0	0.6390885
4572.0	0.5908481
4573.0	0.6041041
4574.0	0.6193853
4575.0	0.6614475
4576.0	0.6039662
4577.0	0.6249657
4578.0	0.6348679
4579.0	0.6310645
4580.0	0.6409025
4581.0	0.6663353
4582.0	0.6600483
4583.0	0.7095181
4584.0	0.7026522
4585.0	0.6976215
4586.0	0.6587591
4587.0	0.654826
4588.0	0.6379564
4589.0	0.6777046
4590.0	0.6696532
4591.0	0.6632313
4592.0	0.6606834
4593.0	0.6392131
4594.0	0.6382424
4595.0	0.6613098
4596.0	0.6776205
4597.0	0.7051146
4598.0	0.698099
4599.0	0.7060859
4600.0	0.7030301
4601.0	0.7039864
4602.0	0.6607249
4603.0	0.6755341
4604.0	0.7315791
4605.0	0.7438713
4606.0	0.7540903
4607.0	0.7890538
4608.0	0.7257561
4609.0	0.7196906
4610.0	0.7377904
4611.0	0.7119721
4612.0	0.6864298
4613.0	0.7189584
4614.0	0.7216187
4615.0	0.7495549
4616.0	0.6960359
4617.0	0.731537
4618.0	0.7229863
4619.0	0.7152627
4620.0	0.7138097
4621.0	0.6704533
4622.0	0.7140441
4623.0	0.723408
4624.0	0.699923
4625.0	0.7047613
4626.0	0.6868418
4627.0	0.6802353
4628.0	0.6319831
4629.0	0.6577201
4630.0	0.6653637
4631.0	0.6758279
4632.0	0.64519
4633.0	0.6614393
4634.0	0.6634895
4635.0	0.6934766
4636.0	0.6860572
4637.0	0.6787025
4638.0	0.6811876
4639.0	0.6979755
4640.0	0.7112737
4641.0	0.6849161
4642.0	0.6925439
4643.0	0.6877337
4644.0	0.6706406
4645.0	0.6847769
4646.0	0.6883466
4647.0	0.6904292
4648.0	0.7060801
4649.0	0.6992787
4650.0	0.6654808
4651.0	0.6866004
4652.0	0.6522683
4653.0	0.6483347
4654.0	0.6685233
4655.0	0.6580032
4656.0	0.6980528
4657.0	0.7142995
4658.0	0.7256905
4659.0	0.6886858
4660.0	0.7016009
4661.0	0.6926681
4662.0	0.6689885
4663.0	0.6848592
4664.0	0.7326799
4665.0	0.7030262
4666.0	0.7119892
4667.0	0.7233234
4668.0	0.7103594
4669.0	0.7184771
4670.0	0.7001853
4671.0	0.6885106
4672.0	0.7235273
4673.0	0.7430056
4674.0	0.7093875
4675.0	0.7299972
4676.0	0.7122786
4677.0	0.7377955
4678.0	0.7509459
4679.0	0.7646956
4680.0	0.7147689
4681.0	0.7053061
4682.0	0.7316443
4683.0	0.7108545
4684.0	0.7308388
4685.0	0.7368169
4686.0	0.7430782
4687.0	0.7724612
4688.0	0.7507097
4689.0	0.7398288
4690.0	0.7393084
4691.0	0.7478282
4692.0	0.7633728
4693.0	0.7720578
4694.0	0.7964038
4695.0	0.7816151
4696.0	0.7885724
4697.0	0.824402
4698.0	0.7799502
4699.0	0.7745252
4700.0	0.7519363
4701.0	0.7587616
4702.0	0.7766189
4703.0	0.7740619
4704.0	0.7703449
4705.0	0.7876167
4706.0	0.7660397
4707.0	0.7833891
4708.0	0.7679695
4709.0	0.806702
4710.0	0.8023237
4711.0	0.7685598
4712.0	0.7700875
4713.0	0.7907211
4714.0	0.7812928
4715.0	0.8042232
4716.0	0.8097688
4717.0	0.8095546
4718.0	0.7718183
4719.0	0.7716867
4720.0	0.7955154
4721.0	0.7823954
4722.0	0.8141111
4723.0	0.8313442
4724.0	0.8130716
4725.0	0.7992758
4726.0	0.8252636
4727.0	0.8438986
4728.0	0.8246892
4729.0	0.806339
4730.0	0.8203808
4731.0	0.8225769
4732.0	0.8099796
4733.0	0.8234229
4734.0	0.8171625
4735.0	0.8431
4736.0	0.843064
4737.0	0.7999478
4738.0	0.8220503
4739.0	0.787455
4740.0	0.8211174
4741.0	0.8026804
4742.0	0.7843946
4743.0	0.8035892
4744.0	0.7943769
4745.0	0.786631
4746.0	0.8123275
4747.0	0.7711768
4748.0	0.8195939
4749.0	0.8290492
4750.0	0.8241426
4751.0	0.8193097
4752.0	0.8006232
4753.0	0.7853187
4754.0	0.7865058
4755.0	0.7872069
4756.0	0.8337901
4757.0	0.8171948
4758.0	0.8084292
4759.0	0.8107062
4760.0	0.8095641
4761.0	0.8251662
4762.0	0.8225247
4763.0	0.8151461
4764.0	0.7774915
4765.0	0.7540002
4766.0	0.7654974
4767.0	0.8168027
4768.0	0.7992721
4769.0	0.8182388
4770.0	0.8034534
4771.0	0.8016156
4772.0	0.8171759
4773.0	0.8272938
4774.0	0.8221073
4775.0	0.7725916
4776.0	0.7896854
4777.0	0.7854873
4778.0	0.8068208
4779.0	0.7812513
4780.0	0.7885587
4781.0	0.8209916
4782.0	0.7882181
4783.0	0.7984449
4784.0	0.8182748
4785.0	0.7824838
4786.0	0.8000246
4787.0	0.8249943
4788.0	0.7953714
4789.0	0.8245713
4790.0	0.8431628
4791.0	0.8097522
4792.0	0.8137
4793.0	0.7600307
4794.0	0.8013187
4795.0	0.8196623
4796.0	0.8051617
4797.0	0.813894
4798.0	0.8267203
4799.0	0.8098369
4800.0	0.8208163
4801.0	0.8266613
4802.0	0.803366
4803.0	0.7577059
4804.0	0.7810211
4805.0	0.7855508
4806.0	0.8016922
4807.0	0.8021607
4808.0	0.7978373
4809.0	0.80845
4810.0	0.8199541
4811.0	0.7629349
4812.0	0.7784935
4813.0	0.8219872
4814.0	0.8086039
4815.0	0.7947474
4816.0	0.8452741
4817.0	0.8127619
4818.0	0.8002743
4819.0	0.7812707
4820.0	0.7712232
4821.0	0.8056383
4822.0	0.8162103
4823.0	0.790305
4824.0	0.7821471
4825.0	0.7949015
4826.0	0.7996781
4827.0	0.816742
4828.0	0.7978485
4829.0	0.784353
4830.0	0.8068269
4831.0	0.8015077
4832.0	0.7875207
4833.0	0.7567669
4834.0	0.7894732
4835.0	0.7719142
4836.0	0.7549359
4837.0	0.7596933
4838.0	0.7590742
4839.0	0.7496504
4840.0	0.7357447
4841.0	0.7221963
4842.0	0.7517648
4843.0	0.7364438
4844.0	0.7517459
4845.0	0.7572654
4846.0	0.7581401
4847.0	0.7252862
4848.0	0.7492237
4849.0	0.7385843
4850.0	0.7204008
4851.0	0.7197364
4852.0	0.7184916
4853.0	0.7077829
4854.0	0.6852967
4855.0	0.6988788
4856.0	0.7265894
4857.0	0.7132713
4858.0	0.673475
4859.0	0.7013348
4860.0	0.6982978
4861.0	0.7144315
4862.0	0.6907145
4863.0	0.6800945
4864.0	0.7046206
4865.0	0.6885528
4866.0	0.6896607
4867.0	0.6751062
4868.0	0.6996334
4869.0	0.7129072
4870.0	0.6633402
4871.0	0.6702218
4872.0	0.672992
4873.0	0.6652693
4874.0	0.6692576
4875.0	0.6863985
4876.0	0.6567891
4877.0	0.6783428
4878.0	0.670296
4879.0	0.6645359
4880.0	0.6760092
4881.0	0.6552716
4882.0	0.6743387
4883.0	0.6831096
4884.0	0.6700093
4885.0	0.65344
4886.0	0.6657606
4887.0	0.6727765
4888.0	0.6726266
4889.0	0.6674464
4890.0	0.6513278
4891.0	0.6711496
4892.0	0.6337706
4893.0	0.6272897
4894.0	0.6452161
4895.0	0.646358
4896.0	0.6499259
4897.0	0.6214478
4898.0	0.6027641
4899.0	0.6187481
4900.0	0.6111218
4901.0	0.6207582
4902.0	0.6138369
4903.0	0.6292678
4904.0	0.6348328
4905.0	0.6161652
4906.0	0.6367109
4907.0	0.6369792
4908.0	0.602505
4909.0	0.6248306
4910.0	0.627507
4911.0	0.6129037
4912.0	0.6071607
4913.0	0.5922047
4914.0	0.5906584
4915.0	0.6250474
4916.0	0.6186811
4917.0	0.6009164
4918.0	0.6061659
4919.0	0.6128572
4920.0	0.6251938
4921.0	0.6133049
4922.0	0.5987184
4923.0	0.6269181
4924.0	0.6195766
4925.0	0.6164929
4926.0	0.6042243
4927.0	0.599586
4928.0	0.5799339
4929.0	0.5750959
4930.0	0.5735952
4931.0	0.5835389
4932.0	0.6288701
4933.0	0.5942153
4934.0	0.5888585
4935.0	0.5976492
4936.0	0.6132424
4937.0	0.5988441
4938.0	0.6012885
4939.0	0.5786191
4940.0	0.568642
4941.0	0.6035401
4942.0	0.6077588
4943.0	0.5773188
4944.0	0.5831038
4945.0	0.5754121
4946.0	0.5740319
4947.0	0.585279
4948.0	0.5793028
4949.0	0.5826521
4950.0	0.5909884
4951.0	0.5931247
4952.0	0.5622476
4953.0	0.5632273
4954.0	0.5643423
4955.0	0.5488599
4956.0	0.5678774
4957.0	0.5876604
4958.0	0.5669662
4959.0	0.5599305
4960.0	0.5641417
4961.0	0.5550064
4962.0	0.5534465
4963.0	0.5544556
4964.0	0.5540306
4965.0	0.5251661
4966.0	0.5392952
4967.0	0.5734377
4968.0	0.5650264
4969.0	0.5581196
4970.0	0.5235649
4971.0	0.5149866
4972.0	0.5419044
4973.0	0.5493397
4974.0	0.5523264
4975.0	0.5471439
4976.0	0.5507471
4977.0	0.5432065
4978.0	0.5398162
4979.0	0.5424582
4980.0	0.5419838
4981.0	0.5417656
4982.0	0.5533826
4983.0	0.5455725
4984.0	0.556422
4985.0	0.5310302
4986.0	0.5421261
4987.0	0.5493665
4988.0	0.5335759
4989.0	0.5232309
4990.0	0.5500417
4991.0	0.5216284
4992.0	0.5276006
4993.0	0.5311586
4994.0	0.5307977
4995.0	0.5392629
4996.0	0.5519899
4997.0	0.5516738
4998.0	0.5119784
4999.0	0.5389103
5000.0	0.5534052
5001.0	0.5574243
5002.0	0.5312628
5003.0	0.5561308
5004.0	0.5301858
5005.0	0.5378823
5006.0	0.5380753
5007.0	0.5529009
5008.0	0.5389423
5009.0	0.5363175
5010.0	0.5534409
5011.0	0.5639561
5012.0	0.5362723
5013.0	0.5350112
5014.0	0.5325944
5015.0	0.540279
5016.0	0.514748
5017.0	0.5258419
5018.0	0.5365958
5019.0	0.5040631
5020.0	0.5374296
5021.0	0.5293184
5022.0	0.5311195
5023.0	0.5351069
5024.0	0.5243825
5025.0	0.507135
5026.0	0.5291162
5027.0	0.5074962
5028.0	0.5140224
5029.0	0.5192856
5030.0	0.5026414
5031.0	0.5044635
5032.0	0.4851315
5033.0	0.4982963
5034.0	0.5164648
5035.0	0.5090144
5036.0	0.5383476
5037.0	0.5601003
5038.0	0.5325004
5039.0	0.5303817
5040.0	0.539067
5041.0	0.5311123
5042.0	0.527784
5043.0	0.5500307
5044.0	0.539233
5045.0	0.5361537
5046.0	0.5256611
5047.0	0.5205756
5048.0	0.5270559
5049.0	0.5421106
5050.0	0.5393158
5051.0	0.5154705
5052.0	0.5010056
5053.0	0.5122572
5054.0	0.4907051
5055.0	0.5078434
5056.0	0.5031994
5057.0	0.5189882
5058.0	0.5296197
5059.0	0.5329036
5060.0	0.5311184
5061.0	0.5029993
5062.0	0.5073501
5063.0	0.5252293
5064.0	0.5247826
5065.0	0.5056685
5066.0	0.5016001
5067.0	0.495953
5068.0	0.5199408
5069.0	0.5204704
5070.0	0.5280018
5071.0	0.4990597
5072.0	0.5066304
5073.0	0.4981678
5074.0	0.4818957
5075.0	0.464402
5076.0	0.4755373
5077.0	0.4833329
5078.0	0.4895757
5079.0	0.5198466
5080.0	0.5022294
5081.0	0.507679
5082.0	0.4946873
5083.0	0.4780378
5084.0	0.5001907
5085.0	0.5289268
5086.0	0.5017615
5087.0	0.5092599
5088.0	0.5099187
5089.0	0.5088435
5090.0	0.501359
5091.0	0.4894947
5092.0	0.4966483
5093.0	0.4871741
5094.0	0.4867627
5095.0	0.4804571
5096.0	0.4502322
5097.0	0.4538197
5098.0	0.4944738
5099.0	0.4971057
5100.0	0.5058615
5101.0	0.4893649
5102.0	0.4984844
5103.0	0.4677175
5104.0	0.4791205
5105.0	0.4872244
5106.0	0.4816132
5107.0	0.4756337
5108.0	0.4772471
5109.0	0.5015155
5110.0	0.4717962
5111.0	0.4678916
5112.0	0.4620794
5113.0	0.4643159
5114.0	0.4735849
5115.0	0.4928987
5116.0	0.4857525
5117.0	0.4719907
5118.0	0.4579929
5119.0	0.459425
5120.0	0.4666014
5121.0	0.4776705
5122.0	0.4611527
5123.0	0.465404
5124.0	0.4364045
5125.0	0.4300908
5126.0	0.4588995
5127.0	0.4650282
5128.0	0.4699487
5129.0	0.4667849
5130.0	0.5138409
5131.0	0.5228643
5132.0	0.5849593
5133.0	0.5992767
5134.0	0.5582151
5135.0	0.4803668
5136.0	0.450363
5137.0	0.4478428
5138.0	0.4520414
5139.0	0.4528537
5140.0	0.461136
5141.0	0.452303
5142.0	0.4594741
5143.0	0.4688648
5144.0	0.4712709
5145.0	0.4338744
5146.0	0.4675296
5147.0	0.4680953
5148.0	0.4616384
5149.0	0.4664
5150.0	0.4694808
5151.0	0.4706068
5152.0	0.4578703
5153.0	0.4593238
5154.0	0.4679809
5155.0	0.4598766
5156.0	0.4576958
5157.0	0.4690999
5158.0	0.4704022
5159.0	0.4364328
5160.0	0.4527248
5161.0	0.4407479
5162.0	0.4480583
5163.0	0.4462287
5164.0	0.4571268
5165.0	0.4626753
5166.0	0.4568217
5167.0	0.4784516
5168.0	0.481645
5169.0	0.4977274
5170.0	0.4699172
5171.0	0.4727498
5172.0	0.4789265
5173.0	0.463897
5174.0	0.4717263
5175.0	0.4591959
5176.0	0.4673103
5177.0	0.4676507
5178.0	0.4638876
5179.0	0.4704806
5180.0	0.4664878
5181.0	0.4895241
5182.0	0.46852
5183.0	0.476793
5184.0	0.456372
5185.0	0.4501316
5186.0	0.4645639
5187.0	0.4662522
5188.0	0.4752017
5189.0	0.4707524
5190.0	0.4618101
5191.0	0.4494266
5192.0	0.4774094
5193.0	0.447144
5194.0	0.4407062
5195.0	0.4398657
5196.0	0.4491791
5197.0	0.4612138
5198.0	0.4468563
5199.0	0.4567332
5200.0	0.4728865
5201.0	0.4779729
5202.0	0.478873
5203.0	0.4820969
5204.0	0.4834612
5205.0	0.4864061
5206.0	0.4714514
5207.0	0.4941284
5208.0	0.4886043
5209.0	0.4693226
5210.0	0.4839743
5211.0	0.4772436
5212.0	0.4806377
5213.0	0.4527099
5214.0	0.4634162
5215.0	0.4692723
5216.0	0.4762995
5217.0	0.4879608
5218.0	0.4802411
5219.0	0.4763805
5220.0	0.4815843
5221.0	0.4661234
5222.0	0.4838732
5223.0	0.4949645
5224.0	0.496921
5225.0	0.4930494
5226.0	0.4900574
5227.0	0.4952534
5228.0	0.521735
5229.0	0.5039935
5230.0	0.4853911
5231.0	0.4929074
5232.0	0.4812532
5233.0	0.470609
5234.0	0.4963991
5235.0	0.5165077
5236.0	0.5191741
5237.0	0.5070224
5238.0	0.4976755
5239.0	0.5082681
5240.0	0.5058919
5241.0	0.4936484
5242.0	0.4725101
5243.0	0.4623531
5244.0	0.4738208
5245.0	0.4987603
5246.0	0.4968073
5247.0	0.4806724
5248.0	0.4856715
5249.0	0.4926903
5250.0	0.4890816
5251.0	0.4895425
5252.0	0.4867862
5253.0	0.4889066
5254.0	0.5049479
5255.0	0.4941632
5256.0	0.4745459
5257.0	0.484738
5258.0	0.5064995
5259.0	0.4772059
5260.0	0.4841459
5261.0	0.4636912
5262.0	0.4774348
5263.0	0.4884845
5264.0	0.4759864
5265.0	0.4933638
5266.0	0.4890711
5267.0	0.5014974
5268.0	0.4943909
5269.0	0.4930659
5270.0	0.5015565
5271.0	0.5206648
5272.0	0.4953698
5273.0	0.486494
5274.0	0.5014845
5275.0	0.5028018
5276.0	0.520503
5277.0	0.5057407
5278.0	0.5113294
5279.0	0.4950826
5280.0	0.4911787
5281.0	0.5127364
5282.0	0.5070225
5283.0	0.5311471
5284.0	0.5798128
5285.0	0.5902503
5286.0	0.6037095
5287.0	0.6221896
5288.0	0.5760917
5289.0	0.5275159
5290.0	0.5217385
5291.0	0.5027931
5292.0	0.5170938
5293.0	0.5126693
5294.0	0.5158702
5295.0	0.5215632
5296.0	0.523883
5297.0	0.5171788
5298.0	0.5461422
5299.0	0.5397597
5300.0	0.5307225
5301.0	0.5222885
5302.0	0.5361583
5303.0	0.5369085
5304.0	0.5288556
5305.0	0.5492817
5306.0	0.5287158
5307.0	0.5492828
5308.0	0.5577628
5309.0	0.5527692
5310.0	0.5589451
5311.0	0.5676251
5312.0	0.5636917
5313.0	0.5769184
5314.0	0.5596219
5315.0	0.5672213
5316.0	0.5621161
5317.0	0.5724616
5318.0	0.5640829
5319.0	0.5626177
5320.0	0.5625623
5321.0	0.5590714
5322.0	0.5713723
5323.0	0.5903751
5324.0	0.5683786
5325.0	0.5712743
5326.0	0.5852049
5327.0	0.5884366
5328.0	0.5791773
5329.0	0.5795207
5330.0	0.5863601
5331.0	0.5858613
5332.0	0.5770327
5333.0	0.5741826
5334.0	0.5975578
5335.0	0.6007228
5336.0	0.5778219
5337.0	0.6013188
5338.0	0.6123971
5339.0	0.5947822
5340.0	0.5884466
5341.0	0.5919617
5342.0	0.581847
5343.0	0.5753964
5344.0	0.5919935
5345.0	0.5787491
5346.0	0.5547869
5347.0	0.5597176
5348.0	0.5778658
5349.0	0.5911487
5350.0	0.5919415
5351.0	0.6099288
5352.0	0.6061781
5353.0	0.6020873
5354.0	0.5900035
5355.0	0.5804548
5356.0	0.5882457
5357.0	0.5826766
5358.0	0.5727382
5359.0	0.594631
5360.0	0.5728888
5361.0	0.5810009
5362.0	0.5735463
5363.0	0.5664879
5364.0	0.5603225
5365.0	0.5903811
5366.0	0.5916467
5367.0	0.5971947
5368.0	0.5801998
5369.0	0.5823134
5370.0	0.6138969
5371.0	0.5851623
5372.0	0.5798426
5373.0	0.5812187
5374.0	0.5778192
5375.0	0.5841091
5376.0	0.5917387
5377.0	0.606583
5378.0	0.6110123
5379.0	0.5988323
5380.0	0.6042526
5381.0	0.5748785
5382.0	0.5865895
5383.0	0.5902538
5384.0	0.5848008
5385.0	0.5872961
5386.0	0.5838969
5387.0	0.5966503
5388.0	0.575382
5389.0	0.6003405
5390.0	0.5872914
5391.0	0.5832884
5392.0	0.5735507
5393.0	0.5792688
5394.0	0.5783498
5395.0	0.5638671
5396.0	0.5766531
5397.0	0.586338
5398.0	0.5963279
5399.0	0.616091
5400.0	0.5914896
5401.0	0.5872934
5402.0	0.6035495
5403.0	0.6227947
5404.0	0.6106452
5405.0	0.5854957
5406.0	0.5926271
5407.0	0.612097
5408.0	0.585881
5409.0	0.579169
5410.0	0.5613776
5411.0	0.5925138
5412.0	0.5758696
5413.0	0.5814381
5414.0	0.5761958
5415.0	0.5551463
5416.0	0.5848138
5417.0	0.5947051
5418.0	0.5904365
5419.0	0.5808867
5420.0	0.5961665
5421.0	0.5874354
5422.0	0.5753512
5423.0	0.5847825
5424.0	0.5881388
5425.0	0.5934939
5426.0	0.5702311
5427.0	0.572505
5428.0	0.5678215
5429.0	0.5838425
5430.0	0.5906917
5431.0	0.5745033
5432.0	0.5683076
5433.0	0.5975742
5434.0	0.5944626
5435.0	0.5808823
5436.0	0.5800974
5437.0	0.5932498
5438.0	0.5950448
5439.0	0.5722921
5440.0	0.5584496
5441.0	0.5813965
5442.0	0.5498105
5443.0	0.5617491
5444.0	0.5636026
5445.0	0.5885714
5446.0	0.5736268
5447.0	0.5753776
5448.0	0.5750971
5449.0	0.5724412
5450.0	0.5653663
5451.0	0.5517141
5452.0	0.5459224
5453.0	0.5322329
5454.0	0.5211972
5455.0	0.512372
5456.0	0.523182
5457.0	0.5284449
5458.0	0.5114211
5459.0	0.5003975
5460.0	0.5099094
5461.0	0.5007169
5462.0	0.5197125
5463.0	0.5137273
5464.0	0.5037132
5465.0	0.5157605
5466.0	0.5260481
5467.0	0.5366143
5468.0	0.5271178
5469.0	0.5200371
5470.0	0.5084843
5471.0	0.492192
5472.0	0.4832148
5473.0	0.4887958
5474.0	0.5063223
5475.0	0.5109575
5476.0	0.4830606
5477.0	0.505774
5478.0	0.5057079
5479.0	0.5115556
5480.0	0.5060323
5481.0	0.4980111
5482.0	0.4926044
5483.0	0.4790741
5484.0	0.4815584
5485.0	0.4793197
5486.0	0.5058925
5487.0	0.5094284
5488.0	0.511066
5489.0	0.5196136
5490.0	0.5076811
5491.0	0.5021899
5492.0	0.4955649
5493.0	0.4836119
5494.0	0.4690275
5495.0	0.4690238
5496.0	0.4713659
5497.0	0.4731671
5498.0	0.4657543
5499.0	0.4585237
5500.0	0.4566709
5501.0	0.4950522
5502.0	0.494503
5503.0	0.4810095
5504.0	0.4647712
5505.0	0.4852125
5506.0	0.4856849
5507.0	0.4728992
5508.0	0.4709525
5509.0	0.4894338
5510.0	0.4845352
5511.0	0.465493
5512.0	0.4809189
5513.0	0.4890659
5514.0	0.4463506
5515.0	0.453061
5516.0	0.4430316
5517.0	0.4470192
5518.0	0.4565634
5519.0	0.4637028
5520.0	0.440182
5521.0	0.4606989
5522.0	0.4535734
5523.0	0.4765829
5524.0	0.4681248
5525.0	0.4570507
5526.0	0.4619388
5527.0	0.4551719
5528.0	0.4680797
5529.0	0.4650647
5530.0	0.4704019
5531.0	0.4657091
5532.0	0.4757545
5533.0	0.475327
5534.0	0.4526706
5535.0	0.4692188
5536.0	0.4736246
5537.0	0.4623443
5538.0	0.4664995
5539.0	0.4632297
5540.0	0.4507205
5541.0	0.4471951
5542.0	0.4654268
5543.0	0.4571509
5544.0	0.4478874
5545.0	0.4433224
5546.0	0.4580352
5547.0	0.4496528
5548.0	0.4643792
5549.0	0.4712042
5550.0	0.4551211
5551.0	0.4516775
5552.0	0.4718679
5553.0	0.4766312
5554.0	0.4659591
5555.0	0.4582031
5556.0	0.4438166
5557.0	0.4418677
5558.0	0.4327052
5559.0	0.4293054
5560.0	0.4289742
5561.0	0.4331908
5562.0	0.4503346
5563.0	0.4394923
5564.0	0.4424569
5565.0	0.436024
5566.0	0.4439969
5567.0	0.4605737
5568.0	0.4495107
5569.0	0.4444633
5570.0	0.4649952
5571.0	0.467935
5572.0	0.4867753
5573.0	0.4795012
5574.0	0.4625914
5575.0	0.4590569
5576.0	0.4618784
5577.0	0.4513404
5578.0	0.4480435
5579.0	0.4935869
5580.0	0.4627322
5581.0	0.4468728
5582.0	0.4760101
5583.0	0.4718425
5584.0	0.4659507
5585.0	0.4868138
5586.0	0.4745004
5587.0	0.4793663
5588.0	0.4776753
5589.0	0.4717417
5590.0	0.4671357
5591.0	0.4612321
5592.0	0.4601392
5593.0	0.4659839
5594.0	0.451154
5595.0	0.4487522
5596.0	0.462359
5597.0	0.4556005
5598.0	0.4750782
5599.0	0.492663
5600.0	0.5008416
5601.0	0.4751313
5602.0	0.4765718
5603.0	0.4937489
5604.0	0.500462
5605.0	0.4777486
5606.0	0.4779349
5607.0	0.4943158
5608.0	0.4920309
5609.0	0.5073673
5610.0	0.4973262
5611.0	0.5064189
5612.0	0.4935357
5613.0	0.4913865
5614.0	0.482992
5615.0	0.4847915
5616.0	0.4712173
5617.0	0.4936619
5618.0	0.4820714
5619.0	0.461971
5620.0	0.4906361
5621.0	0.4675293
5622.0	0.4661496
5623.0	0.4584643
5624.0	0.4690975
5625.0	0.4359875
5626.0	0.4569869
5627.0	0.4701683
5628.0	0.4671631
5629.0	0.4943766
5630.0	0.4950555
5631.0	0.4755721
5632.0	0.4658632
5633.0	0.4764607
5634.0	0.4770679
5635.0	0.5025024
5636.0	0.4839981
5637.0	0.4610249
5638.0	0.4586114
5639.0	0.4453677
5640.0	0.4685028
5641.0	0.4919299
5642.0	0.4683401
5643.0	0.482856
5644.0	0.4747564
5645.0	0.4609664
5646.0	0.4746487
5647.0	0.4685433
5648.0	0.4929945
5649.0	0.4888495
5650.0	0.4746472
5651.0	0.4749423
5652.0	0.4816194
5653.0	0.4696087
5654.0	0.4894917
5655.0	0.5080087
5656.0	0.485554
5657.0	0.4864813
5658.0	0.4978403
5659.0	0.4756615
5660.0	0.4855709
5661.0	0.4715017
5662.0	0.4686344
5663.0	0.4487777
5664.0	0.4554666
5665.0	0.4459746
5666.0	0.4658422
5667.0	0.4763038
5668.0	0.4407599
5669.0	0.4564561
5670.0	0.44448
5671.0	0.450485
5672.0	0.4475381
5673.0	0.4626844
5674.0	0.4712591
5675.0	0.4647359
5676.0	0.4758814
5677.0	0.4919506
5678.0	0.472407
5679.0	0.4733298
5680.0	0.4490713
5681.0	0.4633783
5682.0	0.4560409
5683.0	0.4430991
5684.0	0.4560325
5685.0	0.4529763
5686.0	0.4426847
5687.0	0.4477666
5688.0	0.4578081
5689.0	0.4389902
5690.0	0.4287001
5691.0	0.4208825
5692.0	0.4297861
5693.0	0.4329118
5694.0	0.437548
5695.0	0.423746
5696.0	0.4171759
5697.0	0.4464857
5698.0	0.4368107
5699.0	0.4347216
5700.0	0.4433392
5701.0	0.4399801
5702.0	0.4458586
5703.0	0.4434626
5704.0	0.4344521
5705.0	0.4317086
5706.0	0.4190799
5707.0	0.4256756
5708.0	0.4329624
5709.0	0.4384073
5710.0	0.4271332
5711.0	0.438621
5712.0	0.4207286
5713.0	0.4292195
5714.0	0.4402156
5715.0	0.4576865
5716.0	0.4501271
5717.0	0.4395147
5718.0	0.4438379
5719.0	0.4395272
5720.0	0.462499
5721.0	0.4530946
5722.0	0.4644956
5723.0	0.4590967
5724.0	0.4586874
5725.0	0.452217
5726.0	0.4415311
5727.0	0.4574261
5728.0	0.4611352
5729.0	0.4694687
5730.0	0.4569298
5731.0	0.4363811
5732.0	0.4353132
5733.0	0.4555841
5734.0	0.4429372
5735.0	0.4414512
5736.0	0.456831
5737.0	0.47069
5738.0	0.4797911
5739.0	0.4673738
5740.0	0.4772611
5741.0	0.4695131
5742.0	0.4732496
5743.0	0.4782358
5744.0	0.5029137
5745.0	0.4824893
5746.0	0.4816995
5747.0	0.459231
5748.0	0.4465664
5749.0	0.4715334
5750.0	0.4747252
5751.0	0.4631372
5752.0	0.4729793
5753.0	0.4762157
5754.0	0.4964711
5755.0	0.4877071
5756.0	0.4773427
5757.0	0.4727747
5758.0	0.4741486
5759.0	0.4590701
5760.0	0.4678812
5761.0	0.4906542
5762.0	0.4782476
5763.0	0.4904357
5764.0	0.5122204
5765.0	0.4863047
5766.0	0.5004291
5767.0	0.4994817
5768.0	0.4997682
5769.0	0.5033063
5770.0	0.4935457
5771.0	0.4745571
5772.0	0.4983687
5773.0	0.4912291
5774.0	0.5134183
5775.0	0.5122622
5776.0	0.5076708
5777.0	0.495643
5778.0	0.5071391
5779.0	0.4951238
5780.0	0.4769944
5781.0	0.4880511
5782.0	0.4811248
5783.0	0.494471
5784.0	0.4936945
5785.0	0.503954
5786.0	0.5039734
5787.0	0.5020139
5788.0	0.5008308
5789.0	0.5130595
5790.0	0.5289783
5791.0	0.5305708
5792.0	0.5222503
5793.0	0.5139025
5794.0	0.5066176
5795.0	0.5192765
5796.0	0.5237097
5797.0	0.517026
5798.0	0.5291898
5799.0	0.509223
5800.0	0.5271622
5801.0	0.5365084
5802.0	0.5415542
5803.0	0.5295234
5804.0	0.502973
5805.0	0.5219849
5806.0	0.5250189
5807.0	0.5214887
5808.0	0.5146955
5809.0	0.5399751
5810.0	0.5290683
5811.0	0.5208147
5812.0	0.5375956
5813.0	0.5332655
5814.0	0.5280939
5815.0	0.534864
5816.0	0.543729
5817.0	0.5415227
5818.0	0.5278041
5819.0	0.5456151
5820.0	0.5188566
5821.0	0.5264847
5822.0	0.5078367
5823.0	0.5282561
5824.0	0.543785
5825.0	0.5119345
5826.0	0.5262531
5827.0	0.5467579
5828.0	0.5343078
5829.0	0.5607476
5830.0	0.557862
5831.0	0.5365853
5832.0	0.5500356
5833.0	0.559314
5834.0	0.5352441
5835.0	0.5471756
5836.0	0.5301765
5837.0	0.5166494
5838.0	0.5410522
5839.0	0.5398521
5840.0	0.5379814
5841.0	0.5570977
5842.0	0.5538027
5843.0	0.5465291
5844.0	0.5406709
5845.0	0.5405196
5846.0	0.5330146
5847.0	0.5503867
5848.0	0.5341762
5849.0	0.5203062
5850.0	0.5517401
5851.0	0.5549184
5852.0	0.5769717
5853.0	0.5534012
5854.0	0.5530949
5855.0	0.5383716
5856.0	0.5466465
5857.0	0.5473051
5858.0	0.5684874
5859.0	0.5670108
5860.0	0.5609875
5861.0	0.5535063
5862.0	0.5655932
5863.0	0.5706682
5864.0	0.5668601
5865.0	0.5742604
5866.0	0.5515419
5867.0	0.5531583
5868.0	0.5657334
5869.0	0.5610958
5870.0	0.5621907
5871.0	0.549043
5872.0	0.5437187
5873.0	0.5315288
5874.0	0.5252449
5875.0	0.5351068
5876.0	0.5465988
5877.0	0.5342709
5878.0	0.5519202
5879.0	0.5419527
5880.0	0.5450166
5881.0	0.5393462
5882.0	0.5531942
5883.0	0.5391194
5884.0	0.5458671
5885.0	0.5534185
5886.0	0.5340164
5887.0	0.5278806
5888.0	0.5298558
5889.0	0.5286679
5890.0	0.5214809
5891.0	0.5236135
5892.0	0.5528434
5893.0	0.5634077
5894.0	0.5338173
5895.0	0.5457398
5896.0	0.5433977
5897.0	0.5372433
5898.0	0.5031466
5899.0	0.5152522
5900.0	0.52096
5901.0	0.5299106
5902.0	0.5386832
5903.0	0.54453
5904.0	0.5365276
5905.0	0.5490403
5906.0	0.5715072
5907.0	0.5569215
5908.0	0.5577911
5909.0	0.559325
5910.0	0.5504884
5911.0	0.5629226
5912.0	0.5582284
5913.0	0.5538146
5914.0	0.5455397
5915.0	0.5358146
5916.0	0.5450487
5917.0	0.5620483
5918.0	0.5524163
5919.0	0.5651771
5920.0	0.5727715
5921.0	0.5630527
5922.0	0.5534948
5923.0	0.5586099
5924.0	0.5713309
5925.0	0.5848031
5926.0	0.5805948
5927.0	0.5627301
5928.0	0.5303783
5929.0	0.5576396
5930.0	0.5469458
5931.0	0.5438539
5932.0	0.5593442
5933.0	0.5592871
5934.0	0.5353567
5935.0	0.5194658
5936.0	0.5418612
5937.0	0.5502813
5938.0	0.5390592
5939.0	0.542513
5940.0	0.5523744
5941.0	0.5276143
5942.0	0.5436481
5943.0	0.5257637
5944.0	0.5718072
5945.0	0.5629949
5946.0	0.5504266
5947.0	0.5635566
5948.0	0.5627282
5949.0	0.5552338
5950.0	0.5454126
5951.0	0.5393446
5952.0	0.5520298
5953.0	0.5474109
5954.0	0.5451362
5955.0	0.5462785
5956.0	0.5435036
5957.0	0.5534974
5958.0	0.5494142
5959.0	0.5505124
5960.0	0.5654287
5961.0	0.5686188
5962.0	0.5644677
5963.0	0.5487106
5964.0	0.5670771
5965.0	0.5679218
5966.0	0.5417869
5967.0	0.5318947
5968.0	0.5481809
5969.0	0.5472046
5970.0	0.5351428
5971.0	0.5327502
5972.0	0.5483657
5973.0	0.5253913
5974.0	0.5301875
5975.0	0.5311972
5976.0	0.5439566
5977.0	0.5477433
5978.0	0.5437155
5979.0	0.5330455
5980.0	0.5547088
5981.0	0.5428708
5982.0	0.5453981
5983.0	0.5336298
5984.0	0.5448899
5985.0	0.5289618
5986.0	0.5415488
5987.0	0.5509194
5988.0	0.558484
5989.0	0.5381224
5990.0	0.5422818
5991.0	0.5632898
5992.0	0.5397549
5993.0	0.5282698
5994.0	0.52661
5995.0	0.5255681
5996.0	0.5387673
5997.0	0.5504982
5998.0	0.5462613
5999.0	0.5449618
6000.0	0.5498814
6001.0	0.5396187
6002.0	0.531015
6003.0	0.5371897
6004.0	0.5300235
6005.0	0.5258357
6006.0	0.5250624
6007.0	0.5368542
6008.0	0.5275856
6009.0	0.538565
6010.0	0.5347903
6011.0	0.524416
6012.0	0.5400935
6013.0	0.5395296
6014.0	0.5510603
6015.0	0.5317772
6016.0	0.5436988
6017.0	0.5426351
6018.0	0.5306685
6019.0	0.5324794
6020.0	0.5100218
6021.0	0.5160292
6022.0	0.5141637
6023.0	0.544596
6024.0	0.5345086
6025.0	0.5244614
6026.0	0.5270863
6027.0	0.5124635
6028.0	0.5058203
6029.0	0.5117335
6030.0	0.5125991
6031.0	0.5149343
6032.0	0.513211
6033.0	0.518185
6034.0	0.5278631
6035.0	0.5223206
6036.0	0.5280672
6037.0	0.5263546
6038.0	0.5423628
6039.0	0.5310988
6040.0	0.5377765
6041.0	0.5487826
6042.0	0.5645288
6043.0	0.5354289
6044.0	0.5408621
6045.0	0.5371459
6046.0	0.540329
6047.0	0.5357739
6048.0	0.5154322
6049.0	0.5132722
6050.0	0.5340459
6051.0	0.5255937
6052.0	0.5246388
6053.0	0.5139963
6054.0	0.5259069
6055.0	0.530133
6056.0	0.5112549
6057.0	0.5179175
6058.0	0.5362234
6059.0	0.5302984
6060.0	0.5315036
6061.0	0.5264919
6062.0	0.52438
6063.0	0.5315362
6064.0	0.5362074
6065.0	0.5398875
6066.0	0.5408895
6067.0	0.5429583
6068.0	0.5437655
6069.0	0.5241791
6070.0	0.5253574
6071.0	0.5513854
6072.0	0.5463881
6073.0	0.5252954
6074.0	0.5064999
6075.0	0.5234358
6076.0	0.5408769
6077.0	0.5465267
6078.0	0.5317119
6079.0	0.5474284
6080.0	0.5515283
6081.0	0.5600748
6082.0	0.5416244
6083.0	0.5250683
6084.0	0.5342298
6085.0	0.5324849
6086.0	0.5418895
6087.0	0.5334432
6088.0	0.5372534
6089.0	0.5308815
6090.0	0.526322
6091.0	0.5283366
6092.0	0.5394955
6093.0	0.5584496
6094.0	0.5505369
6095.0	0.5312082
6096.0	0.5498226
6097.0	0.5531366
6098.0	0.5445654
6099.0	0.5444162
6100.0	0.5459329
6101.0	0.5448118
6102.0	0.5261859
6103.0	0.5335627
6104.0	0.5285622
6105.0	0.499479
6106.0	0.4996102
6107.0	0.5261895
6108.0	0.5123587
6109.0	0.5478684
6110.0	0.5213062
6111.0	0.514597
6112.0	0.5290834
6113.0	0.5575637
6114.0	0.5069478
6115.0	0.5359586
6116.0	0.5292364
6117.0	0.5369235
6118.0	0.5377192
6119.0	0.5426431
6120.0	0.5429288
6121.0	0.5444
6122.0	0.5390503
6123.0	0.5430816
6124.0	0.5606166
6125.0	0.5353131
6126.0	0.5460353
6127.0	0.5654965
6128.0	0.5463547
6129.0	0.5246652
6130.0	0.5383061
6131.0	0.5538915
6132.0	0.5480003
6133.0	0.5310091
6134.0	0.5485357
6135.0	0.5408875
6136.0	0.5438903
6137.0	0.5344117
6138.0	0.5317325
6139.0	0.5527394
6140.0	0.5528836
6141.0	0.533958
6142.0	0.516068
6143.0	0.5417017
6144.0	0.5538857
6145.0	0.5382162
6146.0	0.5477107
6147.0	0.5312274
6148.0	0.5410221
6149.0	0.5322108
6150.0	0.544593
6151.0	0.5510764
6152.0	0.5442854
6153.0	0.5411208
6154.0	0.5375009
6155.0	0.5615618
6156.0	0.5450593
6157.0	0.5459491
6158.0	0.5347709
6159.0	0.5437061
6160.0	0.532014
6161.0	0.5421181
6162.0	0.5599468
6163.0	0.5383832
6164.0	0.5214704
6165.0	0.5399206
6166.0	0.5456985
6167.0	0.5368031
6168.0	0.5364225
6169.0	0.5562779
6170.0	0.5297639
6171.0	0.5393692
6172.0	0.5572045
6173.0	0.5446227
6174.0	0.546119
6175.0	0.5324177
6176.0	0.534753
6177.0	0.5391405
6178.0	0.527965
6179.0	0.5349501
6180.0	0.53866
6181.0	0.5280928
6182.0	0.5373476
6183.0	0.5331254
6184.0	0.5352915
6185.0	0.5214949
6186.0	0.5329991
6187.0	0.5376275
6188.0	0.5385954
6189.0	0.5303124
6190.0	0.5370919
6191.0	0.5494589
6192.0	0.5361584
6193.0	0.5497372
6194.0	0.5418087
6195.0	0.5455565
6196.0	0.5352128
6197.0	0.5490214
6198.0	0.5506774
6199.0	0.5498326
6200.0	0.5450121
6201.0	0.5288644
6202.0	0.5540442
6203.0	0.5594606
6204.0	0.551868
6205.0	0.5567033
6206.0	0.5564201
6207.0	0.5454566
6208.0	0.5325104
6209.0	0.5434295
6210.0	0.5466385
6211.0	0.557716
6212.0	0.5598351
6213.0	0.5427814
6214.0	0.5521776
6215.0	0.5349055
6216.0	0.5202457
6217.0	0.5327577
6218.0	0.5246922
6219.0	0.5018408
6220.0	0.5104864
6221.0	0.5020423
6222.0	0.5040699
6223.0	0.5051448
6224.0	0.5144973
6225.0	0.5016429
6226.0	0.5018674
6227.0	0.5074562
6228.0	0.519476
6229.0	0.5026956
6230.0	0.506412
6231.0	0.5115849
6232.0	0.5223212
6233.0	0.5292805
6234.0	0.5287579
6235.0	0.5189164
6236.0	0.5097303
6237.0	0.5145229
6238.0	0.529268
6239.0	0.5232489
6240.0	0.5237284
6241.0	0.5218768
6242.0	0.5194206
6243.0	0.5320123
6244.0	0.5208134
6245.0	0.5210401
6246.0	0.5069915
6247.0	0.491458
6248.0	0.5116463
6249.0	0.5058122
6250.0	0.5048035
6251.0	0.5075619
6252.0	0.4930694
6253.0	0.4920301
6254.0	0.4889603
6255.0	0.4860058
6256.0	0.4796912
6257.0	0.4960873
6258.0	0.50931
6259.0	0.4871496
6260.0	0.4981274
6261.0	0.4730284
6262.0	0.4731573
6263.0	0.4831767
6264.0	0.4649417
6265.0	0.468415
6266.0	0.4561829
6267.0	0.4577825
6268.0	0.4592071
6269.0	0.480406
6270.0	0.4816535
6271.0	0.4853563
6272.0	0.4713903
6273.0	0.457405
6274.0	0.4521666
6275.0	0.4490877
6276.0	0.4640959
6277.0	0.4586424
6278.0	0.4474038
6279.0	0.4502816
6280.0	0.4305156
6281.0	0.4372113
6282.0	0.439936
6283.0	0.4411699
6284.0	0.4361977
6285.0	0.4353637
6286.0	0.4398195
6287.0	0.441598
6288.0	0.4385379
6289.0	0.4416471
6290.0	0.4210306
6291.0	0.4601088
6292.0	0.4384108
6293.0	0.4150198
6294.0	0.4444586
6295.0	0.4352932
6296.0	0.4277816
6297.0	0.4404043
6298.0	0.437457
6299.0	0.4314323
6300.0	0.4327232
6301.0	0.4479964
6302.0	0.4087425
6303.0	0.3858933
6304.0	0.4217285
6305.0	0.4031783
6306.0	0.4049587
6307.0	0.4278141
6308.0	0.4208674
6309.0	0.4188816
6310.0	0.4105406
6311.0	0.3992207
6312.0	0.386713
6313.0	0.4072571
6314.0	0.4137757
6315.0	0.3952026
6316.0	0.385946
6317.0	0.3836611
6318.0	0.4079838
6319.0	0.3923578
6320.0	0.4099284
6321.0	0.402056
6322.0	0.402999
6323.0	0.4031664
6324.0	0.3903379
6325.0	0.3932015
6326.0	0.4124928
6327.0	0.4112568
6328.0	0.4051654
6329.0	0.3894284
6330.0	0.3908932
6331.0	0.4044221
6332.0	0.4096513
6333.0	0.3860994
6334.0	0.3910177
6335.0	0.4033743
6336.0	0.4021792
6337.0	0.3766441
6338.0	0.3799752
6339.0	0.3763655
6340.0	0.3785135
6341.0	0.3903396
6342.0	0.3851455
6343.0	0.3809482
6344.0	0.3740856
6345.0	0.3668817
6346.0	0.3912709
6347.0	0.3850992
6348.0	0.367574
6349.0	0.3677102
6350.0	0.3735626
6351.0	0.3762548
6352.0	0.3718713
6353.0	0.3699698
6354.0	0.3874926
6355.0	0.3859716
6356.0	0.3522978
6357.0	0.349562
6358.0	0.3825471
6359.0	0.3681791
6360.0	0.3841168
6361.0	0.3911386
6362.0	0.3615394
6363.0	0.3575418
6364.0	0.3612514
6365.0	0.3733368
6366.0	0.3340451
6367.0	0.352076
6368.0	0.360664
6369.0	0.3643153
6370.0	0.3551238
6371.0	0.3510074
6372.0	0.3455298
6373.0	0.3529301
6374.0	0.3592865
6375.0	0.3715155
6376.0	0.3454835
6377.0	0.3511947
6378.0	0.3531432
6379.0	0.3580162
6380.0	0.3685091
6381.0	0.366304
6382.0	0.3606701
6383.0	0.369087
6384.0	0.3624488
6385.0	0.343122
6386.0	0.3387579
6387.0	0.3520851
6388.0	0.3599139
6389.0	0.3497872
6390.0	0.3524495
6391.0	0.3635921
6392.0	0.3608557
6393.0	0.3582931
6394.0	0.3510347
6395.0	0.3381298
6396.0	0.3340387
6397.0	0.3502271
6398.0	0.3468559
6399.0	0.3475936
6400.0	0.3517542
6401.0	0.3434212
6402.0	0.3309079
6403.0	0.3393071
6404.0	0.3457036
6405.0	0.3511772
6406.0	0.3399454
6407.0	0.3497741
6408.0	0.3580977
6409.0	0.3562931
6410.0	0.3581346
6411.0	0.3657856
6412.0	0.3552957
6413.0	0.3547513
6414.0	0.3486265
6415.0	0.3484721
6416.0	0.3673246
6417.0	0.3562015
6418.0	0.350722
6419.0	0.3730656
6420.0	0.3509932
6421.0	0.3449418
6422.0	0.3487434
6423.0	0.3640468
6424.0	0.3433085
6425.0	0.367241
6426.0	0.3477866
6427.0	0.3538887
6428.0	0.3748342
6429.0	0.3737164
6430.0	0.3779077
6431.0	0.3612399
6432.0	0.372559
6433.0	0.3562768
6434.0	0.3652328
6435.0	0.3664238
6436.0	0.3700058
6437.0	0.3658483
6438.0	0.3699879
6439.0	0.3644795
6440.0	0.3763803
6441.0	0.3686843
6442.0	0.3618649
6443.0	0.3484164
6444.0	0.3676282
6445.0	0.3809516
6446.0	0.3608524
6447.0	0.3679144
6448.0	0.3738952
6449.0	0.3618173
6450.0	0.3855858
6451.0	0.375335
6452.0	0.3544839
6453.0	0.3696561
6454.0	0.3773641
6455.0	0.3918463
6456.0	0.3829356
6457.0	0.3832349
6458.0	0.3798759
6459.0	0.3865887
6460.0	0.3692281
6461.0	0.3802845
6462.0	0.3875141
6463.0	0.3945217
6464.0	0.376957
6465.0	0.3897035
6466.0	0.3860667
6467.0	0.4000851
6468.0	0.4101793
6469.0	0.4031351
6470.0	0.3827775
6471.0	0.3838079
6472.0	0.4029302
6473.0	0.3999082
6474.0	0.4162611
6475.0	0.4341044
6476.0	0.4185975
6477.0	0.4104227
6478.0	0.4261201
6479.0	0.4202595
6480.0	0.408797
6481.0	0.4161077
6482.0	0.4103257
6483.0	0.3972979
6484.0	0.4159913
6485.0	0.4148877
6486.0	0.4327833
6487.0	0.4385672
6488.0	0.4357403
6489.0	0.4327539
6490.0	0.4139135
6491.0	0.4306905
6492.0	0.4259467
6493.0	0.4283419
6494.0	0.4196828
6495.0	0.4274284
6496.0	0.4380941
6497.0	0.4398282
6498.0	0.4234881
6499.0	0.4460388
6500.0	0.4581654
6501.0	0.4585329
6502.0	0.4350819
6503.0	0.4399356
6504.0	0.4202161
6505.0	0.4286598
6506.0	0.4263267
6507.0	0.4286081
6508.0	0.4279539
6509.0	0.4338742
6510.0	0.4337277
6511.0	0.442916
6512.0	0.439819
6513.0	0.4527568
6514.0	0.4394649
6515.0	0.4583591
6516.0	0.443806
6517.0	0.4594765
6518.0	0.4677643
6519.0	0.4651021
6520.0	0.4565707
6521.0	0.4679239
6522.0	0.4583202
6523.0	0.4373509
6524.0	0.4579846
6525.0	0.4833319
6526.0	0.4814972
6527.0	0.4678235
6528.0	0.4682285
6529.0	0.4690673
6530.0	0.4771272
6531.0	0.4770262
6532.0	0.4899513
6533.0	0.4727721
6534.0	0.4951065
6535.0	0.4908481
6536.0	0.4940106
6537.0	0.4891139
6538.0	0.4703586
6539.0	0.4679245
6540.0	0.4872226
6541.0	0.4948415
6542.0	0.4791865
6543.0	0.488084
6544.0	0.4862326
6545.0	0.4850967
6546.0	0.4972802
6547.0	0.4887489
6548.0	0.4792886
6549.0	0.4972942
6550.0	0.4970361
6551.0	0.498588
6552.0	0.5124756
6553.0	0.4956827
6554.0	0.5004832
6555.0	0.507108
6556.0	0.507705
6557.0	0.4879678
6558.0	0.4982624
6559.0	0.4803306
6560.0	0.4938542
6561.0	0.497144
6562.0	0.5221494
6563.0	0.5061435
6564.0	0.486765
6565.0	0.5004445
6566.0	0.5234628
6567.0	0.5145513
6568.0	0.5024891
6569.0	0.5031117
6570.0	0.5275533
6571.0	0.5103838
6572.0	0.5335376
6573.0	0.5227205
6574.0	0.5006915
6575.0	0.503419
6576.0	0.5349237
6577.0	0.5221866
6578.0	0.5175275
6579.0	0.5048493
6580.0	0.5011733
6581.0	0.5109431
6582.0	0.518689
6583.0	0.5067664
6584.0	0.5146579
6585.0	0.535413
6586.0	0.5222574
6587.0	0.5231522
6588.0	0.5293425
6589.0	0.526998
6590.0	0.4974307
6591.0	0.5039952
6592.0	0.5255172
6593.0	0.5360871
6594.0	0.5282551
6595.0	0.5124671
6596.0	0.5107409
6597.0	0.5244217
6598.0	0.5257843
6599.0	0.5413949
6600.0	0.5165368
6601.0	0.5246058
6602.0	0.5084361
6603.0	0.5232098
6604.0	0.5136706
6605.0	0.5193319
6606.0	0.5475697
6607.0	0.5243617
6608.0	0.5094978
6609.0	0.5501024
6610.0	0.5498699
6611.0	0.542608
6612.0	0.5354309
6613.0	0.5440875
6614.0	0.5540861
6615.0	0.525046
6616.0	0.5219359
6617.0	0.554848
6618.0	0.5527717
6619.0	0.5495245
6620.0	0.5468693
6621.0	0.5349494
6622.0	0.5429558
6623.0	0.5511805
6624.0	0.5442801
6625.0	0.5459448
6626.0	0.5337617
6627.0	0.550702
6628.0	0.5369284
6629.0	0.5374683
6630.0	0.550417
6631.0	0.5466639
6632.0	0.5476269
6633.0	0.5515811
6634.0	0.5332696
6635.0	0.5410406
6636.0	0.5345069
6637.0	0.5356675
6638.0	0.5496457
6639.0	0.5667516
6640.0	0.5527621
6641.0	0.5618517
6642.0	0.5617859
6643.0	0.5514743
6644.0	0.5490192
6645.0	0.552507
6646.0	0.5280621
6647.0	0.5596035
6648.0	0.5655312
6649.0	0.5491307
6650.0	0.5390553
6651.0	0.5453324
6652.0	0.5564466
6653.0	0.5702339
6654.0	0.5699493
6655.0	0.5616934
6656.0	0.5440381
6657.0	0.5212476
6658.0	0.5557368
6659.0	0.5497934
6660.0	0.5608964
6661.0	0.5616768
6662.0	0.5555969
6663.0	0.5470034
6664.0	0.5532721
6665.0	0.5508779
6666.0	0.5476031
6667.0	0.5372909
6668.0	0.5361078
6669.0	0.5442464
6670.0	0.5562319
6671.0	0.5524911
6672.0	0.5451708
6673.0	0.533523
6674.0	0.5240378
6675.0	0.5326353
6676.0	0.5492781
6677.0	0.527258
6678.0	0.5637794
6679.0	0.5728356
6680.0	0.5724993
6681.0	0.5593292
6682.0	0.5586998
6683.0	0.5669888
6684.0	0.5630071
6685.0	0.554384
6686.0	0.5498394
6687.0	0.5428666
6688.0	0.5507901
6689.0	0.5464117
6690.0	0.5525784
6691.0	0.5531219
6692.0	0.5485762
6693.0	0.5629131
6694.0	0.5670646
6695.0	0.565488
6696.0	0.5726135
6697.0	0.544632
6698.0	0.5552931
6699.0	0.5500717
6700.0	0.549251
6701.0	0.5642473
6702.0	0.5629865
6703.0	0.5611784
6704.0	0.5664791
6705.0	0.5643514
6706.0	0.5469996
6707.0	0.5626913
6708.0	0.5535574
6709.0	0.5532612
6710.0	0.5664097
6711.0	0.5376618
6712.0	0.5500404
6713.0	0.5531886
6714.0	0.5460761
6715.0	0.5382329
6716.0	0.5331138
6717.0	0.5323043
6718.0	0.5311841
6719.0	0.5485615
6720.0	0.5379201
6721.0	0.5245071
6722.0	0.5191993
6723.0	0.5259853
6724.0	0.5451314
6725.0	0.5452969
6726.0	0.5341118
6727.0	0.5426239
6728.0	0.5446882
6729.0	0.5518991
6730.0	0.5675078
6731.0	0.5506548
6732.0	0.5650151
6733.0	0.5538545
6734.0	0.5631315
6735.0	0.5481697
6736.0	0.5443981
6737.0	0.5455213
6738.0	0.5509685
6739.0	0.5683143
6740.0	0.5340428
6741.0	0.5347516
6742.0	0.540409
6743.0	0.5637553
6744.0	0.5582506
6745.0	0.5320439
6746.0	0.5199109
6747.0	0.5303487
6748.0	0.5564443
6749.0	0.5605819
6750.0	0.5594776
6751.0	0.5468359
6752.0	0.5223093
6753.0	0.5211967
6754.0	0.516607
6755.0	0.5364223
6756.0	0.5340532
6757.0	0.5478223
6758.0	0.5317149
6759.0	0.5402969
6760.0	0.5559778
6761.0	0.5304263
6762.0	0.5352526
6763.0	0.5284932
6764.0	0.535844
6765.0	0.558253
6766.0	0.5464567
6767.0	0.5514451
6768.0	0.519846
6769.0	0.5141467
6770.0	0.5323984
6771.0	0.5172611
6772.0	0.5127721
6773.0	0.5352208
6774.0	0.5371457
6775.0	0.5285093
6776.0	0.5313455
6777.0	0.5380228
6778.0	0.5327581
6779.0	0.5355925
6780.0	0.5256021
6781.0	0.5303025
6782.0	0.5247267
6783.0	0.5249002
6784.0	0.5233476
6785.0	0.5358512
6786.0	0.529236
6787.0	0.528287
6788.0	0.5247931
6789.0	0.5265586
6790.0	0.506259
6791.0	0.4955755
6792.0	0.50404
6793.0	0.5219632
6794.0	0.5218543
6795.0	0.532884
6796.0	0.553992
6797.0	0.525684
6798.0	0.515803
6799.0	0.5297291
6800.0	0.52526
6801.0	0.529483
6802.0	0.5073776
6803.0	0.5020134
6804.0	0.5131833
6805.0	0.4969369
6806.0	0.5081268
6807.0	0.5214884
6808.0	0.5269563
6809.0	0.5422421
6810.0	0.53214
6811.0	0.5340465
6812.0	0.5150583
6813.0	0.5312552
6814.0	0.50585
6815.0	0.5006644
6816.0	0.4971344
6817.0	0.500331
6818.0	0.5105441
6819.0	0.5235283
6820.0	0.508211
6821.0	0.5192859
6822.0	0.5162538
6823.0	0.5128034
6824.0	0.5053927
6825.0	0.5172015
6826.0	0.5152875
6827.0	0.5209101
6828.0	0.5134545
6829.0	0.4886622
6830.0	0.4980594
6831.0	0.5120337
6832.0	0.5168402
6833.0	0.5064004
6834.0	0.5104737
6835.0	0.5179083
6836.0	0.5114555
6837.0	0.5088001
6838.0	0.4922952
6839.0	0.5022728
6840.0	0.5140957
6841.0	0.5137923
6842.0	0.510394
6843.0	0.5065101
6844.0	0.5265152
6845.0	0.5078913
6846.0	0.5053783
6847.0	0.5030567
6848.0	0.5057549
6849.0	0.5034006
6850.0	0.5153667
6851.0	0.5128787
6852.0	0.5226656
6853.0	0.5287848
6854.0	0.4973336
6855.0	0.5049734
6856.0	0.5048178
6857.0	0.4909817
6858.0	0.4720894
6859.0	0.4689837
6860.0	0.4747851
6861.0	0.4800312
6862.0	0.4779366
6863.0	0.4729695
6864.0	0.5051492
6865.0	0.4965436
6866.0	0.4893055
6867.0	0.4838745
6868.0	0.5077103
6869.0	0.5123175
6870.0	0.4905664
6871.0	0.5217041
6872.0	0.5193692
6873.0	0.5095861
6874.0	0.4531638
6875.0	0.5062609
6876.0	0.4944695
6877.0	0.4617484
6878.0	0.5110831
6879.0	0.5091125
6880.0	0.5209638
6881.0	0.4678486
6882.0	0.4897641
6883.0	0.5051979
6884.0	0.4940215
6885.0	0.4657046
6886.0	0.4888419
6887.0	0.4935971
6888.0	0.5042578
6889.0	0.4951468
6890.0	0.4954662
6891.0	0.5059339
6892.0	0.5186455
6893.0	0.5053334
6894.0	0.4906103
6895.0	0.4954346
6896.0	0.4890371
6897.0	0.4817962
6898.0	0.4717699
6899.0	0.4838305
6900.0	0.4953724
6901.0	0.4822955
6902.0	0.48016
6903.0	0.5105237
6904.0	0.4708195
6905.0	0.4790601
6906.0	0.5096481
6907.0	0.4852968
6908.0	0.4801725
6909.0	0.4834235
6910.0	0.4913144
6911.0	0.4879745
6912.0	0.5013531
6913.0	0.5253691
6914.0	0.5199542
6915.0	0.5382355
6916.0	0.5564137
6917.0	0.520871
6918.0	0.5226967
6919.0	0.514301
6920.0	0.4764746
6921.0	0.4627614
6922.0	0.468044
6923.0	0.4479691
6924.0	0.4782626
6925.0	0.4978802
6926.0	0.4884082
6927.0	0.5497497
6928.0	0.613487
6929.0	0.7009461
6930.0	0.783323
6931.0	0.8871682
6932.0	0.9388196
6933.0	0.9017122
6934.0	0.7897088
6935.0	0.6162657
6936.0	0.5016641
6937.0	0.4678689
6938.0	0.4577807
6939.0	0.4452935
6940.0	0.4467974
6941.0	0.4612036
6942.0	0.4586467
6943.0	0.4561253
6944.0	0.4729623
6945.0	0.4655552
6946.0	0.4743824
6947.0	0.4915055
6948.0	0.5257767
6949.0	0.5316471
6950.0	0.5628199
6951.0	0.6149357
6952.0	0.6583912
6953.0	0.7072938
6954.0	0.6924265
6955.0	0.678772
6956.0	0.6155044
6957.0	0.5340727
6958.0	0.4912412
6959.0	0.462236
6960.0	0.4677678
6961.0	0.4623933
6962.0	0.4546251
6963.0	0.465327
6964.0	0.468601
6965.0	0.479756
6966.0	0.4768028
6967.0	0.4600563
6968.0	0.4522348
6969.0	0.4706639
6970.0	0.477123
6971.0	0.4762213
6972.0	0.4786141
6973.0	0.477206
6974.0	0.4804015
6975.0	0.4657315
6976.0	0.4836804
6977.0	0.4824685
6978.0	0.4511063
6979.0	0.4595444
6980.0	0.4733679
6981.0	0.4748968
6982.0	0.4463936
6983.0	0.455398
6984.0	0.465296
6985.0	0.4613837
6986.0	0.4663411
6987.0	0.4831104
6988.0	0.4723897
6989.0	0.4668651
6990.0	0.4699126
6991.0	0.4685383
6992.0	0.4661496
6993.0	0.4404368
6994.0	0.44009
6995.0	0.4480442
6996.0	0.4387389
6997.0	0.4513738
6998.0	0.4552189
6999.0	0.456316
7000.0	0.4525782
7001.0	0.4744678
7002.0	0.4792581
7003.0	0.4619135
7004.0	0.4625925
7005.0	0.4770174
7006.0	0.4453516
7007.0	0.4423636
7008.0	0.4488589
7009.0	0.4502642
7010.0	0.4491769
7011.0	0.4767754
7012.0	0.4534454
7013.0	0.4435584
7014.0	0.4663771
7015.0	0.451054
7016.0	0.4450837
7017.0	0.4495803
7018.0	0.4670236
7019.0	0.4426792
7020.0	0.4597071
7021.0	0.4682977
7022.0	0.4546191
7023.0	0.4552682
7024.0	0.4664345
7025.0	0.4449824
7026.0	0.4559274
7027.0	0.456428
7028.0	0.4781586
7029.0	0.4699748
7030.0	0.4531785
7031.0	0.4589584
7032.0	0.4406203
7033.0	0.4435491
7034.0	0.4425461
7035.0	0.4483675
7036.0	0.4387309
7037.0	0.4121267
7038.0	0.4447688
7039.0	0.4368989
7040.0	0.4117381
7041.0	0.4188794
7042.0	0.4611516
7043.0	0.4731769
7044.0	0.453288
7045.0	0.4602873
7046.0	0.4613784
7047.0	0.4438044
7048.0	0.4348588
7049.0	0.4385478
7050.0	0.4152906
7051.0	0.4349904
7052.0	0.4377937
7053.0	0.4371137
7054.0	0.4306719
7055.0	0.4442073
7056.0	0.457127
7057.0	0.4505434
7058.0	0.4532162
7059.0	0.4647821
7060.0	0.4461749
