#	 2017hpj 
#	 UT date of observation: 20171028 
#	 Telescope/Instrument: Lick3m/KAST 
#	 Estimated Peak MJD: nan 
#	 Estimated redshift: 0.037 
#	 Estimated Phase: nan 
#	 Published in Dettman et al. 2020 
#	 Observed barycentric wavelength (Angstroms)    F_lambda
3350.0	0.12779
3353.0	-0.0668163
3356.0	0.11187
3359.0	0.0324157
3362.0	-0.0890697
3365.0	0.20238
3368.0	0.0529515
3371.0	-0.012111
3374.0	0.134827
3377.0	0.0632208
3380.0	0.20071
3383.0	-0.0342832
3386.0	0.0519163
3389.0	0.342109
3392.0	0.129115
3395.0	0.170119
3398.0	-0.0762954
3401.0	0.123753
3404.0	0.0833878
3407.0	-0.0466589
3410.0	0.127998
3413.0	0.199447
3416.0	0.221645
3419.0	-0.000101163
3422.0	-0.0994033
3425.0	-0.0306314
3428.0	-0.0662987
3431.0	0.337795
3434.0	0.270696
3437.0	0.0595672
3440.0	0.235721
3443.0	0.178391
3446.0	0.129826
3449.0	0.269389
3452.0	0.232622
3455.0	0.152354
3458.0	0.127347
3461.0	0.107578
3464.0	0.194255
3467.0	0.0773295
3470.0	0.141541
3473.0	0.052812
3476.0	0.239918
3479.0	-0.0928638
3482.0	-0.121548
3485.0	0.0526086
3488.0	0.323148
3491.0	0.257972
3494.0	0.11727
3497.0	0.0650655
3500.0	0.115538
3503.0	0.189321
3506.0	0.154267
3509.0	0.133862
3512.0	0.144513
3515.0	0.253468
3518.0	0.175098
3521.0	0.138062
3524.0	0.213534
3527.0	0.0346458
3530.0	0.232716
3533.0	0.247023
3536.0	0.1176
3539.0	0.142986
3542.0	0.1473
3545.0	0.217567
3548.0	0.110502
3551.0	0.113669
3554.0	0.0924514
3557.0	0.218252
3560.0	0.290936
3563.0	0.129784
3566.0	0.121453
3569.0	0.0798751
3572.0	0.168421
3575.0	0.198528
3578.0	0.0899179
3581.0	0.120459
3584.0	0.160579
3587.0	0.153429
3590.0	0.143941
3593.0	0.2174
3596.0	0.204163
3599.0	0.216231
3602.0	0.148278
3605.0	0.156019
3608.0	0.14669
3611.0	0.10343
3614.0	0.0961421
3617.0	0.164164
3620.0	0.264511
3623.0	0.141752
3626.0	0.135133
3629.0	0.0686164
3632.0	0.144521
3635.0	0.14782
3638.0	0.0836518
3641.0	0.024455
3644.0	0.105239
3647.0	0.0665907
3650.0	0.0948351
3653.0	0.146214
3656.0	0.0986812
3659.0	0.152131
3662.0	0.178446
3665.0	0.197754
3668.0	0.0634781
3671.0	0.142216
3674.0	0.104095
3677.0	0.114144
3680.0	0.153822
3683.0	0.149345
3686.0	0.104688
3689.0	0.117646
3692.0	0.18683
3695.0	0.0923479
3698.0	0.172497
3701.0	0.135444
3704.0	0.182088
3707.0	0.152795
3710.0	0.141369
3713.0	0.163476
3716.0	0.123238
3719.0	0.114116
3722.0	0.121563
3725.0	0.175189
3728.0	0.0777204
3731.0	0.0598805
3734.0	0.15492
3737.0	0.0920729
3740.0	0.0727017
3743.0	0.174338
3746.0	0.0913457
3749.0	0.19518
3752.0	0.101777
3755.0	0.032006
3758.0	0.111415
3761.0	0.0889665
3764.0	0.0983083
3767.0	0.110515
3770.0	0.13573
3773.0	0.0919165
3776.0	0.117669
3779.0	0.110894
3782.0	0.0802585
3785.0	0.0664795
3788.0	0.0574179
3791.0	0.10956
3794.0	0.123945
3797.0	0.136495
3800.0	0.123019
3803.0	0.114898
3806.0	0.100556
3809.0	0.122974
3812.0	0.105777
3815.0	0.0864418
3818.0	0.132688
3821.0	0.0360052
3824.0	0.0827684
3827.0	0.0864644
3830.0	0.0837717
3833.0	0.0670927
3836.0	0.0829022
3839.0	0.076216
3842.0	0.0698493
3845.0	0.120051
3848.0	0.0828148
3851.0	0.0657745
3854.0	0.0743755
3857.0	0.129951
3860.0	0.0572286
3863.0	0.111521
3866.0	0.0631078
3869.0	0.0967249
3872.0	0.106842
3875.0	0.116754
3878.0	0.139019
3881.0	0.0742724
3884.0	0.068623
3887.0	0.0987034
3890.0	0.102586
3893.0	0.0512551
3896.0	0.0678404
3899.0	0.0928907
3902.0	0.0501581
3905.0	0.0419783
3908.0	0.0708847
3911.0	0.0799912
3914.0	0.107031
3917.0	0.0741038
3920.0	0.0489326
3923.0	0.0858106
3926.0	0.13868
3929.0	0.104714
3932.0	0.0776203
3935.0	0.0848677
3938.0	0.083713
3941.0	0.108564
3944.0	0.0976037
3947.0	0.0744575
3950.0	0.120406
3953.0	0.134225
3956.0	0.113648
3959.0	0.128634
3962.0	0.11107
3965.0	0.0998537
3968.0	0.149505
3971.0	0.104341
3974.0	0.14267
3977.0	0.123633
3980.0	0.126852
3983.0	0.117693
3986.0	0.105604
3989.0	0.0902027
3992.0	0.107238
3995.0	0.112428
3998.0	0.125805
4001.0	0.126271
4004.0	0.136187
4007.0	0.0997619
4010.0	0.129194
4013.0	0.0905634
4016.0	0.110478
4019.0	0.112548
4022.0	0.0942615
4025.0	0.160613
4028.0	0.0826332
4031.0	0.118905
4034.0	0.120143
4037.0	0.173514
4040.0	0.156722
4043.0	0.235746
4046.0	0.121451
4049.0	0.150009
4052.0	0.162471
4055.0	0.154772
4058.0	0.159348
4061.0	0.163525
4064.0	0.182558
4067.0	0.198391
4070.0	0.158297
4073.0	0.157235
4076.0	0.137339
4079.0	0.18774
4082.0	0.13054
4085.0	0.154214
4088.0	0.176945
4091.0	0.185187
4094.0	0.131219
4097.0	0.148235
4100.0	0.143542
4103.0	0.131727
4106.0	0.145935
4109.0	0.148856
4112.0	0.0793069
4115.0	0.137268
4118.0	0.148355
4121.0	0.136682
4124.0	0.131291
4127.0	0.115172
4130.0	0.13617
4133.0	0.183697
4136.0	0.133038
4139.0	0.132688
4142.0	0.144847
4145.0	0.0986038
4148.0	0.161958
4151.0	0.121097
4154.0	0.149194
4157.0	0.155666
4160.0	0.146888
4163.0	0.152551
4166.0	0.114278
4169.0	0.150377
4172.0	0.127857
4175.0	0.171288
4178.0	0.16763
4181.0	0.160918
4184.0	0.129931
4187.0	0.155324
4190.0	0.149353
4193.0	0.142718
4196.0	0.137268
4199.0	0.125505
4202.0	0.138887
4205.0	0.200126
4208.0	0.140777
4211.0	0.139619
4214.0	0.173042
4217.0	0.140602
4220.0	0.146406
4223.0	0.153328
4226.0	0.117177
4229.0	0.189449
4232.0	0.145255
4235.0	0.146383
4238.0	0.103032
4241.0	0.158376
4244.0	0.10104
4247.0	0.128384
4250.0	0.0981714
4253.0	0.187224
4256.0	0.113474
4259.0	0.149172
4262.0	0.133774
4265.0	0.133437
4268.0	0.133585
4271.0	0.134893
4274.0	0.130461
4277.0	0.132105
4280.0	0.102954
4283.0	0.132622
4286.0	0.134909
4289.0	0.117878
4292.0	0.136119
4295.0	0.126857
4298.0	0.0935717
4301.0	0.114442
4304.0	0.119325
4307.0	0.156853
4310.0	0.135813
4313.0	0.0864583
4316.0	0.127014
4319.0	0.0732922
4322.0	0.112782
4325.0	0.121071
4328.0	0.11912
4331.0	0.0995327
4334.0	0.11436
4337.0	0.105083
4340.0	0.119142
4343.0	0.090204
4346.0	0.0706438
4349.0	0.113594
4352.0	0.124986
4355.0	0.0532349
4358.0	0.0649284
4361.0	0.0892464
4364.0	0.118803
4367.0	0.0952517
4370.0	0.107272
4373.0	0.141449
4376.0	0.0789437
4379.0	0.0971619
4382.0	0.0846215
4385.0	0.0982573
4388.0	0.093352
4391.0	0.0894331
4394.0	0.102585
4397.0	0.0840629
4400.0	0.0722372
4403.0	0.0969857
4406.0	0.0804934
4409.0	0.0633048
4412.0	0.0753271
4415.0	0.0595724
4418.0	0.0704921
4421.0	0.0634336
4424.0	0.077555
4427.0	0.0871822
4430.0	0.116331
4433.0	0.0791052
4436.0	0.0896439
4439.0	0.097454
4442.0	0.102811
4445.0	0.0809058
4448.0	0.128765
4451.0	0.0860932
4454.0	0.0871779
4457.0	0.0912132
4460.0	0.125823
4463.0	0.0769108
4466.0	0.0733269
4469.0	0.110994
4472.0	0.122572
4475.0	0.0918413
4478.0	0.0753891
4481.0	0.112796
4484.0	0.122921
4487.0	0.141083
4490.0	0.105226
4493.0	0.12189
4496.0	0.0935626
4499.0	0.0987342
4502.0	0.0887057
4505.0	0.115673
4508.0	0.0629423
4511.0	0.112729
4514.0	0.100453
4517.0	0.110836
4520.0	0.0942504
4523.0	0.0861518
4526.0	0.0888372
4529.0	0.0676269
4532.0	0.0904711
4535.0	0.0759897
4538.0	0.112124
4541.0	0.105284
4544.0	0.0987432
4547.0	0.0644105
4550.0	0.0664776
4553.0	0.0864482
4556.0	0.102427
4559.0	0.076123
4562.0	0.0675761
4565.0	0.0795678
4568.0	0.0874414
4571.0	0.0823355
4574.0	0.102727
4577.0	0.082431
4580.0	0.11441
4583.0	0.0602165
4586.0	0.100698
4589.0	0.0996015
4592.0	0.111506
4595.0	0.0907913
4598.0	0.104628
4601.0	0.0790011
4604.0	0.093203
4607.0	0.0802954
4610.0	0.113895
4613.0	0.135807
4616.0	0.125323
4619.0	0.0972133
4622.0	0.111824
4625.0	0.097632
4628.0	0.0836013
4631.0	0.0965397
4634.0	0.134143
4637.0	0.102138
4640.0	0.110692
4643.0	0.0888577
4646.0	0.117972
4649.0	0.0805081
4652.0	0.102997
4655.0	0.103582
4658.0	0.0668244
4661.0	0.058263
4664.0	0.108226
4667.0	0.10485
4670.0	0.0876718
4673.0	0.140446
4676.0	0.109223
4679.0	0.0759584
4682.0	0.109345
4685.0	0.136967
4688.0	0.102589
4691.0	0.0928789
4694.0	0.0923602
4697.0	0.0986681
4700.0	0.0920147
4703.0	0.116524
4706.0	0.121881
4709.0	0.0957435
4712.0	0.0997946
4715.0	0.106058
4718.0	0.113623
4721.0	0.110868
4724.0	0.113703
4727.0	0.0816421
4730.0	0.0818761
4733.0	0.141952
4736.0	0.103982
4739.0	0.101428
4742.0	0.0857519
4745.0	0.123649
4748.0	0.0754493
4751.0	0.116274
4754.0	0.0974829
4757.0	0.0890508
4760.0	0.0966228
4763.0	0.10722
4766.0	0.101381
4769.0	0.0914147
4772.0	0.0978638
4775.0	0.101715
4778.0	0.0988654
4781.0	0.100527
4784.0	0.0856456
4787.0	0.0873208
4790.0	0.112293
4793.0	0.0692532
4796.0	0.0936988
4799.0	0.0916807
4802.0	0.067865
4805.0	0.0997213
4808.0	0.0825029
4811.0	0.0933883
4814.0	0.0926767
4817.0	0.0900341
4820.0	0.110067
4823.0	0.0919016
4826.0	0.110461
4829.0	0.0786021
4832.0	0.070408
4835.0	0.0878457
4838.0	0.0751658
4841.0	0.0982664
4844.0	0.0935691
4847.0	0.105735
4850.0	0.107613
4853.0	0.093392
4856.0	0.0824321
4859.0	0.0928015
4862.0	0.0810309
4865.0	0.0657607
4868.0	0.0900483
4871.0	0.0813611
4874.0	0.084182
4877.0	0.0816182
4880.0	0.0888083
4883.0	0.0772215
4886.0	0.0917089
4889.0	0.0921873
4892.0	0.0920168
4895.0	0.0727246
4898.0	0.0782736
4901.0	0.0944412
4904.0	0.0780407
4907.0	0.0800844
4910.0	0.0781853
4913.0	0.0963289
4916.0	0.0851353
4919.0	0.0787254
4922.0	0.0760313
4925.0	0.104238
4928.0	0.101448
4931.0	0.0647661
4934.0	0.0714541
4937.0	0.0707155
4940.0	0.0922318
4943.0	0.0787329
4946.0	0.0729617
4949.0	0.0834571
4952.0	0.0904715
4955.0	0.0845153
4958.0	0.0918955
4961.0	0.0812484
4964.0	0.0902204
4967.0	0.0824466
4970.0	0.0917611
4973.0	0.0638462
4976.0	0.10436
4979.0	0.0756834
4982.0	0.0495088
4985.0	0.0788568
4988.0	0.0635533
4991.0	0.0833803
4994.0	0.0738138
4997.0	0.077858
5000.0	0.0722848
5003.0	0.0654827
5006.0	0.0788169
5009.0	0.0684097
5012.0	0.0550909
5015.0	0.0578432
5018.0	0.0682894
5021.0	0.0894988
5024.0	0.0646981
5027.0	0.0425861
5030.0	0.0597674
5033.0	0.0511616
5036.0	0.085585
5039.0	0.0904813
5042.0	0.0817847
5045.0	0.0669427
5048.0	0.0428938
5051.0	0.0902801
5054.0	0.0484584
5057.0	0.0606425
5060.0	0.0783125
5063.0	0.0654455
5066.0	0.0899475
5069.0	0.073827
5072.0	0.0638316
5075.0	0.0557052
5078.0	0.0544583
5081.0	0.0675641
5084.0	0.0699534
5087.0	0.0414849
5090.0	0.0757046
5093.0	0.0792461
5096.0	0.0672267
5099.0	0.0719854
5102.0	0.0399058
5105.0	0.0813416
5108.0	0.0609324
5111.0	0.0659323
5114.0	0.0622921
5117.0	0.0344615
5120.0	0.0681254
5123.0	0.0666002
5126.0	0.0517405
5129.0	0.0356529
5132.0	0.0588234
5135.0	0.085836
5138.0	0.06754
5141.0	0.0406271
5144.0	0.0644117
5147.0	0.0705703
5150.0	0.0526057
5153.0	0.0425989
5156.0	0.0665533
5159.0	0.0703597
5162.0	0.0766115
5165.0	0.0744575
5168.0	0.048189
5171.0	0.0553019
5174.0	0.0680318
5177.0	0.0931363
5180.0	0.0669119
5183.0	0.0939182
5186.0	0.0518668
5189.0	0.0915024
5192.0	0.070502
5195.0	0.0640637
5198.0	0.0562216
5201.0	0.0613082
5204.0	0.0881878
5207.0	0.0536797
5210.0	0.0678638
5213.0	0.071795
5216.0	0.0715659
5219.0	0.0557402
5222.0	0.0824566
5225.0	0.0926426
5228.0	0.0769762
5231.0	0.0563922
5234.0	0.0712466
5237.0	0.081227
5240.0	0.0904764
5243.0	0.0660321
5246.0	0.0884396
5249.0	0.0754981
5252.0	0.0892531
5255.0	0.071566
5258.0	0.0650337
5261.0	0.0752394
5264.0	0.0508178
5267.0	0.0867079
5270.0	0.0860438
5273.0	0.0838402
5276.0	0.0694216
5279.0	0.0827173
5282.0	0.0643863
5285.0	0.0669569
5288.0	0.0708416
5291.0	0.0678389
5294.0	0.0854218
5297.0	0.0635574
5300.0	0.0759624
5303.0	0.0703985
5306.0	0.0598105
5309.0	0.0557154
5312.0	0.0778973
5315.0	0.0873487
5318.0	0.0934378
5321.0	0.0489838
5324.0	0.0801037
5327.0	0.0771657
5330.0	0.0542988
5333.0	0.0718063
5336.0	0.0792441
5339.0	0.0687049
5342.0	0.0560479
5345.0	0.0794058
5348.0	0.0445368
5351.0	0.0850048
5354.0	0.0438078
5357.0	0.0777036
5360.0	0.05703
5363.0	0.0650148
5366.0	0.0763736
5369.0	0.0820282
5372.0	0.0922571
5375.0	0.0829606
5378.0	0.0700971
5381.0	0.0817396
5384.0	0.0587402
5387.0	0.0783858
5390.0	0.0750418
5393.0	0.0799683
5396.0	0.0534815
5399.0	0.0905578
5402.0	0.0580561
5405.0	0.082245
5408.0	0.0706808
5411.0	0.0662854
5414.0	0.054339
5417.0	0.0740597
5420.0	0.0855511
5423.0	0.0578941
5426.0	0.0514898
5429.0	0.0550762
5432.0	0.0603644
5435.0	0.0376768
5438.0	0.0628071
5441.0	0.0601036
5444.0	0.0760601
5447.0	0.0457387
5450.0	0.0589215
5453.0	0.0955512
5456.0	0.0435615
5459.0	0.044051
5462.0	0.0550818
5465.0	0.0602467
5468.0	0.067714
5471.0	0.0552038
5474.0	0.0378713
5477.0	0.0388526
5480.0	0.0275626
5483.0	0.0668717
5486.0	0.0678287
5489.0	0.072039
5492.0	0.0565915
5495.0	0.0726906
5498.0	0.0625814
5501.0	0.045344
5504.0	0.0467201
5507.0	0.0378825
5510.0	0.0616325
5513.0	0.0741631
5516.0	0.0748603
5519.0	0.0489511
5522.0	0.0506678
5525.0	0.0500186
5528.0	0.0628881
5531.0	0.0682712
5534.0	0.0659726
5537.0	0.0612449
5540.0	0.0469511
5543.0	0.0698032
5546.0	0.0522129
5549.0	0.0752451
5552.0	0.096878
5555.0	0.0747228
5558.0	0.0874062
5561.0	0.022711
5564.0	0.0477746
5567.0	0.0537784
5570.0	0.0645318
5573.0	0.0608959
5576.0	0.0576263
5579.0	0.0418702
5582.0	0.0760428
5585.0	0.0429896
5588.0	0.0642718
5591.0	0.0496515
5594.0	0.0310348
5597.0	0.0508725
5600.0	0.0653463
5603.0	0.0607175
5606.0	0.0392188
5609.0	0.0529922
5612.0	0.0627952
5615.0	0.0495119
5618.0	0.0608304
5621.0	0.0682365
5624.0	0.048606
5627.0	0.0400932
5630.0	0.038481
5633.0	0.0410954
5636.0	0.0224725
5639.0	0.0484646
5642.0	0.0578803
5645.0	0.0534977
5648.0	0.058033
5651.0	0.0478925
5654.0	0.0628623
5657.0	0.0644376
5660.0	0.0671346
5663.0	0.0428717
5666.0	0.0357548
5669.0	0.0274157
5672.0	0.0413315
5675.0	0.0360565
5678.0	0.0431536
5681.0	0.040912
5684.0	0.0358661
5687.0	0.035237
5690.0	0.0496873
5693.0	0.045217
5696.0	0.0494597
5699.0	0.061055
5702.0	0.0508326
5705.0	0.043133
5708.0	0.0464088
5711.0	0.0545807
5714.0	0.0500166
5717.0	0.0389085
5720.0	0.0470877
5723.0	0.047518
5726.0	0.0462538
5729.0	0.0418966
5732.0	0.0618159
5735.0	0.0470237
5738.0	0.0521563
5741.0	0.0419054
5744.0	0.0533358
5747.0	0.0430597
5750.0	0.0398906
5753.0	0.0506014
5756.0	0.0604209
5759.0	0.0426048
5762.0	0.0404778
5765.0	0.0458539
5768.0	0.0501059
5771.0	0.0455524
5774.0	0.0424227
5777.0	0.0622054
5780.0	0.0554926
5783.0	0.0462434
5786.0	0.0536823
5789.0	0.0464195
5792.0	0.0539906
5795.0	0.0511872
5798.0	0.0479601
5801.0	0.0324489
5804.0	0.04725
5807.0	0.0467516
5810.0	0.0415811
5813.0	0.0535758
5816.0	0.0538404
5819.0	0.054469
5822.0	0.0606652
5825.0	0.0486865
5828.0	0.0514687
5831.0	0.0531808
5834.0	0.0545955
5837.0	0.0614847
5840.0	0.0597281
5843.0	0.058121
5846.0	0.0672261
5849.0	0.0486167
5852.0	0.0503324
5855.0	0.0498471
5858.0	0.0539259
5861.0	0.0441841
5864.0	0.0425433
5867.0	0.0585121
5870.0	0.0584306
5873.0	0.0537701
5876.0	0.0450068
5879.0	0.0534473
5882.0	0.0525354
5885.0	0.0543299
5888.0	0.0620417
5891.0	0.0627394
5894.0	0.0327776
5897.0	0.0586857
5900.0	0.0447092
5903.0	0.0419345
5906.0	0.0417502
5909.0	0.0537303
5912.0	0.0548421
5915.0	0.0544067
5918.0	0.0435649
5921.0	0.0452575
5924.0	0.0484809
5927.0	0.0422803
5930.0	0.0489076
5933.0	0.0568397
5936.0	0.0542661
5939.0	0.0528921
5942.0	0.0598363
5945.0	0.0559424
5948.0	0.0538775
5951.0	0.062705
5954.0	0.0550781
5957.0	0.0553634
5960.0	0.0495801
5963.0	0.0452772
5966.0	0.0555637
5969.0	0.0494464
5972.0	0.0540095
5975.0	0.0545074
5978.0	0.0494148
5981.0	0.057562
5984.0	0.0569867
5987.0	0.0520706
5990.0	0.0501872
5993.0	0.0557028
5996.0	0.0667665
5999.0	0.0576691
6002.0	0.0538164
6005.0	0.0566035
6008.0	0.0540713
6011.0	0.0507443
6014.0	0.0521463
6017.0	0.0449817
6020.0	0.0385506
6023.0	0.0450985
6026.0	0.0447299
6029.0	0.05086
6032.0	0.0506736
6035.0	0.0526989
6038.0	0.0453042
6041.0	0.0495001
6044.0	0.0523709
6047.0	0.0556147
6050.0	0.0551514
6053.0	0.0499398
6056.0	0.0546796
6059.0	0.0583802
6062.0	0.0455419
6065.0	0.0593862
6068.0	0.0562812
6071.0	0.0559095
6074.0	0.0534063
6077.0	0.0539149
6080.0	0.050434
6083.0	0.0501894
6086.0	0.0545308
6089.0	0.0421755
6092.0	0.0479432
6095.0	0.0527242
6098.0	0.0506023
6101.0	0.0470819
6104.0	0.049775
6107.0	0.0522987
6110.0	0.0369826
6113.0	0.0408524
6116.0	0.0564564
6119.0	0.0557469
6122.0	0.0493763
6125.0	0.0474768
6128.0	0.0421366
6131.0	0.0472564
6134.0	0.0498802
6137.0	0.0516073
6140.0	0.0463727
6143.0	0.0422594
6146.0	0.0525491
6149.0	0.0427643
6152.0	0.0551404
6155.0	0.0510064
6158.0	0.0532223
6161.0	0.0495987
6164.0	0.0501656
6167.0	0.0545164
6170.0	0.0432166
6173.0	0.0484741
6176.0	0.0511854
6179.0	0.0553355
6182.0	0.0466201
6185.0	0.0476708
6188.0	0.0471479
6191.0	0.0447824
6194.0	0.0435508
6197.0	0.0479736
6200.0	0.045294
6203.0	0.044807
6206.0	0.0448487
6209.0	0.045154
6212.0	0.0426843
6215.0	0.0515374
6218.0	0.0404204
6221.0	0.0440895
6224.0	0.0403369
6227.0	0.0410897
6230.0	0.0453333
6233.0	0.0446588
6236.0	0.0530947
6239.0	0.0531013
6242.0	0.0467022
6245.0	0.0351534
6248.0	0.0415402
6251.0	0.0472978
6254.0	0.0405153
6257.0	0.0345083
6260.0	0.041547
6263.0	0.0358725
6266.0	0.0394873
6269.0	0.044424
6272.0	0.0389283
6275.0	0.0411186
6278.0	0.0397273
6281.0	0.0289035
6284.0	0.0347665
6287.0	0.0314564
6290.0	0.0363395
6293.0	0.0345835
6296.0	0.0353239
6299.0	0.0401222
6302.0	0.0369509
6305.0	0.0328555
6308.0	0.0214664
6311.0	0.0213521
6314.0	0.0302868
6317.0	0.0256708
6320.0	0.0194458
6323.0	0.0201259
6326.0	0.0317545
6329.0	0.0354052
6332.0	0.0210818
6335.0	0.0286836
6338.0	0.0274083
6341.0	0.0243764
6344.0	0.036567
6347.0	0.0368941
6350.0	0.0263448
6353.0	0.0194251
6356.0	0.029717
6359.0	0.0201005
6362.0	0.0278596
6365.0	0.0333349
6368.0	0.0331594
6371.0	0.0400133
6374.0	0.0362846
6377.0	0.032759
6380.0	0.0312917
6383.0	0.0338711
6386.0	0.0416582
6389.0	0.0330844
6392.0	0.0350617
6395.0	0.0321765
6398.0	0.0367852
6401.0	0.0359979
6404.0	0.0342023
6407.0	0.0399929
6410.0	0.0331717
6413.0	0.0416627
6416.0	0.0362422
6419.0	0.0362574
6422.0	0.036933
6425.0	0.0358436
6428.0	0.0368673
6431.0	0.0381695
6434.0	0.0324762
6437.0	0.0392367
6440.0	0.0368874
6443.0	0.0351305
6446.0	0.0344852
6449.0	0.0369447
6452.0	0.0388264
6455.0	0.039345
6458.0	0.0333097
6461.0	0.0367039
6464.0	0.0398831
6467.0	0.0382787
6470.0	0.0399532
6473.0	0.0358967
6476.0	0.0339722
6479.0	0.0411465
6482.0	0.0421758
6485.0	0.0385015
6488.0	0.0369821
6491.0	0.0364066
6494.0	0.0341012
6497.0	0.0436853
6500.0	0.038417
6503.0	0.0448032
6506.0	0.0472929
6509.0	0.0408273
6512.0	0.042619
6515.0	0.0372147
6518.0	0.0377498
6521.0	0.0405006
6524.0	0.0387114
6527.0	0.0381244
6530.0	0.0385668
6533.0	0.0349346
6536.0	0.0339371
6539.0	0.037
6542.0	0.0384943
6545.0	0.0490212
6548.0	0.0400956
6551.0	0.0402693
6554.0	0.0435583
6557.0	0.0429811
6560.0	0.0386426
6563.0	0.034553
6566.0	0.0362939
6569.0	0.0400288
6572.0	0.0367594
6575.0	0.043978
6578.0	0.0373715
6581.0	0.0346077
6584.0	0.0344537
6587.0	0.0383275
6590.0	0.0330845
6593.0	0.0378116
6596.0	0.0397332
6599.0	0.0344485
6602.0	0.0350139
6605.0	0.0393534
6608.0	0.038365
6611.0	0.0416471
6614.0	0.038416
6617.0	0.0346769
6620.0	0.0442024
6623.0	0.0426836
6626.0	0.0416128
6629.0	0.0279455
6632.0	0.0322477
6635.0	0.0372544
6638.0	0.0389087
6641.0	0.0419742
6644.0	0.0442824
6647.0	0.0372211
6650.0	0.0394575
6653.0	0.0432621
6656.0	0.037566
6659.0	0.0363128
6662.0	0.0356381
6665.0	0.0335521
6668.0	0.0371329
6671.0	0.0374118
6674.0	0.0385718
6677.0	0.0320047
6680.0	0.0389706
6683.0	0.0340872
6686.0	0.0375
6689.0	0.0379854
6692.0	0.0317073
6695.0	0.0377716
6698.0	0.0422931
6701.0	0.038108
6704.0	0.0384733
6707.0	0.0334828
6710.0	0.0467972
6713.0	0.0472044
6716.0	0.0375657
6719.0	0.032852
6722.0	0.0319204
6725.0	0.038521
6728.0	0.0375324
6731.0	0.0347321
6734.0	0.0319249
6737.0	0.0369331
6740.0	0.0316337
6743.0	0.0273371
6746.0	0.0303424
6749.0	0.0315837
6752.0	0.0313686
6755.0	0.0362271
6758.0	0.0319065
6761.0	0.0330848
6764.0	0.0370421
6767.0	0.0400817
6770.0	0.036458
6773.0	0.0308579
6776.0	0.0309315
6779.0	0.0352005
6782.0	0.0325167
6785.0	0.0369113
6788.0	0.03178
6791.0	0.02955
6794.0	0.0318499
6797.0	0.0291219
6800.0	0.0302894
6803.0	0.0346752
6806.0	0.0337216
6809.0	0.0299311
6812.0	0.0166795
6815.0	0.00152938
6818.0	0.0125532
6821.0	0.0337534
6824.0	0.0328873
6827.0	0.0260473
6830.0	0.0280009
6833.0	0.0334599
6836.0	0.0264078
6839.0	0.0223487
6842.0	0.0287948
6845.0	0.0309359
6848.0	0.0408247
6851.0	0.0396239
6854.0	0.0371894
6857.0	0.0314029
6860.0	0.0282172
6863.0	0.0361181
6866.0	0.0325729
6869.0	0.0310329
6872.0	0.0257764
6875.0	0.03673
6878.0	0.0367254
6881.0	0.0291296
6884.0	0.0321916
6887.0	0.0317053
6890.0	0.0285114
6893.0	0.0365114
6896.0	0.0297596
6899.0	0.031846
6902.0	0.0352226
6905.0	0.0310641
6908.0	0.0326364
6911.0	0.0353943
6914.0	0.0347384
6917.0	0.0373888
6920.0	0.0320916
6923.0	0.0309388
6926.0	0.0277043
6929.0	0.0318146
6932.0	0.03271
6935.0	0.0336803
6938.0	0.0296635
6941.0	0.0285111
6944.0	0.0325727
6947.0	0.0329176
6950.0	0.0246482
6953.0	0.0228651
6956.0	0.0236236
6959.0	0.0298906
6962.0	0.0235945
6965.0	0.0259378
6968.0	0.0254111
6971.0	0.0302062
6974.0	0.0311847
6977.0	0.0287387
6980.0	0.0323012
6983.0	0.0211506
6986.0	0.0226068
6989.0	0.0269894
6992.0	0.0258162
6995.0	0.0274217
6998.0	0.0298545
7001.0	0.0315372
7004.0	0.027044
7007.0	0.031607
7010.0	0.0340631
7013.0	0.0282397
7016.0	0.0266226
7019.0	0.0265864
7022.0	0.02992
7025.0	0.0333794
7028.0	0.0257569
7031.0	0.0221921
7034.0	0.0226784
7037.0	0.022997
7040.0	0.0261716
7043.0	0.024423
7046.0	0.0262019
7049.0	0.026202
7052.0	0.025585
7055.0	0.033365
7058.0	0.0250237
7061.0	0.0252901
7064.0	0.0292002
7067.0	0.0290607
7070.0	0.0255589
7073.0	0.0198165
7076.0	0.0218048
7079.0	0.0274054
7082.0	0.0223505
7085.0	0.0319446
7088.0	0.0312777
7091.0	0.0228487
7094.0	0.0235669
7097.0	0.0292757
7100.0	0.0346352
7103.0	0.0360498
7106.0	0.0296844
7109.0	0.0243213
7112.0	0.0258045
7115.0	0.0264317
7118.0	0.0256012
7121.0	0.0256274
7124.0	0.0283546
7127.0	0.0207641
7130.0	0.0218443
7133.0	0.0223853
7136.0	0.0265456
7139.0	0.0285281
7142.0	0.0277347
7145.0	0.0292902
7148.0	0.029305
7151.0	0.0233103
7154.0	0.0225301
7157.0	0.0236686
7160.0	0.0284858
7163.0	0.0260801
7166.0	0.0335628
7169.0	0.0299238
7172.0	0.0240089
7175.0	0.0232993
7178.0	0.0269767
7181.0	0.0264692
7184.0	0.0270957
7187.0	0.0261914
7190.0	0.024668
7193.0	0.0254438
7196.0	0.0250797
7199.0	0.0269282
7202.0	0.0249665
7205.0	0.0284581
7208.0	0.0288271
7211.0	0.0282508
7214.0	0.0265243
7217.0	0.0298732
7220.0	0.0280185
7223.0	0.0290696
7226.0	0.0267373
7229.0	0.0218115
7232.0	0.028018
7235.0	0.0282059
7238.0	0.0325876
7241.0	0.0296862
7244.0	0.0312523
7247.0	0.0173627
7250.0	0.0259759
7253.0	0.0210357
7256.0	0.0260733
7259.0	0.0299164
7262.0	0.0279933
7265.0	0.0194577
7268.0	0.0205799
7271.0	0.0275284
7274.0	0.0290535
7277.0	0.0268936
7280.0	0.0241273
7283.0	0.0299531
7286.0	0.0301468
7289.0	0.0284577
7292.0	0.024918
7295.0	0.029042
7298.0	0.0293196
7301.0	0.0231904
7304.0	0.0249817
7307.0	0.0246312
7310.0	0.0304205
7313.0	0.0267575
7316.0	0.0215678
7319.0	0.0240185
7322.0	0.0267538
7325.0	0.0274912
7328.0	0.0266637
7331.0	0.0237518
7334.0	0.0206258
7337.0	0.0273348
7340.0	0.0280177
7343.0	0.0269045
7346.0	0.0271213
7349.0	0.0279547
7352.0	0.0258837
7355.0	0.0233555
7358.0	0.0272758
7361.0	0.0307011
7364.0	0.0244078
7367.0	0.0194893
7370.0	0.0139353
7373.0	0.0213
7376.0	0.0226985
7379.0	0.0276545
7382.0	0.0242354
7385.0	0.0182668
7388.0	0.0258715
7391.0	0.0269939
7394.0	0.0228855
7397.0	0.02424
7400.0	0.0215072
7403.0	0.0237089
7406.0	0.0275253
7409.0	0.0262925
7412.0	0.0217551
7415.0	0.0247729
7418.0	0.019895
7421.0	0.0197311
7424.0	0.0230054
7427.0	0.0225866
7430.0	0.0271979
7433.0	0.0283018
7436.0	0.0234113
7439.0	0.0200587
7442.0	0.0263531
7445.0	0.0191497
7448.0	0.0251662
7451.0	0.0277286
7454.0	0.0249778
7457.0	0.0231309
7460.0	0.0229351
7463.0	0.0261985
7466.0	0.02496
7469.0	0.0201927
7472.0	0.0185725
7475.0	0.0178008
7478.0	0.0215696
7481.0	0.0202309
7484.0	0.023086
7487.0	0.0239433
7490.0	0.0202093
7493.0	0.0220024
7496.0	0.0271109
7499.0	0.0244616
7502.0	0.0263467
7505.0	0.0258383
7508.0	0.0196558
7511.0	0.0184302
7514.0	0.0207896
7517.0	0.0204184
7520.0	0.0226146
7523.0	0.0210137
7526.0	0.0228295
7529.0	0.0192232
7532.0	0.0256409
7535.0	0.0273758
7538.0	0.02488
7541.0	0.0210552
7544.0	0.0204358
7547.0	0.0255946
7550.0	0.0213226
7553.0	0.0261823
7556.0	0.0322486
7559.0	0.020956
7562.0	0.0185686
7565.0	0.0217788
7568.0	0.021075
7571.0	0.0226032
7574.0	0.0264012
7577.0	0.0227934
7580.0	0.0231771
7583.0	0.0201175
7586.0	0.0231927
7589.0	0.0252384
7592.0	0.0254328
7595.0	0.0262623
7598.0	0.0258987
7601.0	0.0239178
7604.0	0.0135306
7607.0	0.0090006
7610.0	0.0263192
7613.0	0.0166159
7616.0	0.00731843
7619.0	0.0258737
7622.0	0.00710697
7625.0	0.0182544
7628.0	0.0265158
7631.0	0.0277755
7634.0	0.0257245
7637.0	0.0188251
7640.0	0.0237136
7643.0	0.0222191
7646.0	0.0158845
7649.0	0.0212331
7652.0	0.0254497
7655.0	0.0279619
7658.0	0.0168317
7661.0	0.0161831
7664.0	0.0203899
7667.0	0.0211746
7670.0	0.0165201
7673.0	0.0203183
7676.0	0.0240117
7679.0	0.024129
7682.0	0.0202826
7685.0	0.0216865
7688.0	0.0202567
7691.0	0.0164397
7694.0	0.0202817
7697.0	0.0225629
7700.0	0.0224604
7703.0	0.0161928
7706.0	0.0217988
7709.0	0.0214588
7712.0	0.0227236
7715.0	0.0241737
7718.0	0.0261222
7721.0	0.0265076
7724.0	0.0207528
7727.0	0.0212722
7730.0	0.0198342
7733.0	0.0192964
7736.0	0.0256637
7739.0	0.0244555
7742.0	0.021731
7745.0	0.017984
7748.0	0.0182631
7751.0	0.0202474
7754.0	0.0178818
7757.0	0.0244331
7760.0	0.0228277
7763.0	0.0254561
7766.0	0.0206432
7769.0	0.018787
7772.0	0.0195275
7775.0	0.0191659
7778.0	0.022238
7781.0	0.0188137
7784.0	0.01788
7787.0	0.0195532
7790.0	0.01828
7793.0	0.0196884
7796.0	0.0196803
7799.0	0.0173437
7802.0	0.0249418
7805.0	0.0242071
7808.0	0.011442
7811.0	0.0175929
7814.0	0.0201628
7817.0	0.0123791
7820.0	0.0180517
7823.0	0.0223277
7826.0	0.0111986
7829.0	0.0159588
7832.0	0.0224185
7835.0	0.0263903
7838.0	0.0176869
7841.0	0.0232157
7844.0	0.0260293
7847.0	0.0236146
7850.0	0.0219134
7853.0	0.0231613
7856.0	0.02363
7859.0	0.0212991
7862.0	0.0158434
7865.0	0.019043
7868.0	0.0199457
7871.0	0.0147766
7874.0	0.0216381
7877.0	0.0162724
7880.0	0.0149844
7883.0	0.021801
7886.0	0.026143
7889.0	0.0274496
7892.0	0.0194275
7895.0	0.0174233
7898.0	0.0141579
7901.0	0.0123629
7904.0	0.0197026
7907.0	0.0232977
7910.0	0.025791
7913.0	0.0190625
7916.0	0.0183651
7919.0	0.0230405
7922.0	0.0278905
7925.0	0.0264875
7928.0	0.0257088
7931.0	0.0241276
7934.0	0.021676
7937.0	0.0227257
7940.0	0.0250747
7943.0	0.0266688
7946.0	0.0265883
7949.0	0.0269697
7952.0	0.0201021
7955.0	0.0218594
7958.0	0.0294573
7961.0	0.0207997
7964.0	0.0211056
7967.0	0.0171478
7970.0	0.0156342
7973.0	0.0241968
7976.0	0.0234051
7979.0	0.0190154
7982.0	0.0164982
7985.0	0.0186194
7988.0	0.0197173
7991.0	0.0174655
7994.0	0.0234038
7997.0	0.0201902
8000.0	0.0159995
8003.0	0.0200708
8006.0	0.0216095
8009.0	0.0221292
8012.0	0.021851
8015.0	0.024813
8018.0	0.0190794
8021.0	0.0120343
8024.0	0.0111554
8027.0	0.0171347
8030.0	0.0226856
8033.0	0.0261069
8036.0	0.0120686
8039.0	0.0163809
8042.0	0.0138744
8045.0	0.0229149
8048.0	0.0218336
8051.0	0.0196278
8054.0	0.0165243
8057.0	0.0196944
8060.0	0.0203442
8063.0	0.020239
8066.0	0.0184054
8069.0	0.0231235
8072.0	0.0164816
8075.0	0.0174471
8078.0	0.016854
8081.0	0.0159704
8084.0	0.0202085
8087.0	0.0307607
8090.0	0.0258476
8093.0	0.013511
8096.0	0.0164331
8099.0	0.010849
8102.0	0.0181954
8105.0	0.0162989
8108.0	0.0264002
8111.0	0.023871
8114.0	0.0156968
8117.0	0.0176659
8120.0	0.0182877
8123.0	0.0157028
8126.0	0.017219
8129.0	0.0153307
8132.0	0.0170573
8135.0	0.0165253
8138.0	0.0133606
8141.0	0.0171547
8144.0	0.0159273
8147.0	0.0191462
8150.0	0.0184577
8153.0	0.0206022
8156.0	0.0186473
8159.0	0.0160759
8162.0	0.0124982
8165.0	0.0195373
8168.0	0.0177535
8171.0	0.0166171
8174.0	0.0191023
8177.0	0.0188334
8180.0	0.0204513
8183.0	0.0166542
8186.0	0.0184841
8189.0	0.0169393
8192.0	0.00712486
8195.0	0.0123681
8198.0	0.0111651
8201.0	0.0211988
8204.0	0.0113601
8207.0	0.0172384
8210.0	0.0155978
8213.0	0.0164733
8216.0	0.0139382
8219.0	0.0113504
8222.0	0.0158808
8225.0	0.0164999
8228.0	0.0100979
8231.0	0.0198236
8234.0	0.0184479
8237.0	0.0138528
8240.0	0.0104967
8243.0	0.0177494
8246.0	0.0170845
8249.0	0.0229592
8252.0	0.0200993
8255.0	0.0156368
8258.0	0.0168128
8261.0	0.0196387
8264.0	0.014766
8267.0	0.0188369
8270.0	0.0161824
8273.0	0.0167009
8276.0	0.0196088
8279.0	0.0131243
8282.0	0.0134837
8285.0	0.00574106
8288.0	0.014655
8291.0	0.0132524
8294.0	0.0136875
8297.0	0.0225654
8300.0	0.0205371
8303.0	0.00925091
8306.0	0.017788
8309.0	0.0163428
8312.0	0.0130163
8315.0	0.0173321
8318.0	0.0192685
8321.0	0.0264087
8324.0	0.0172671
8327.0	0.0228694
8330.0	0.0228903
8333.0	0.0170157
8336.0	0.0193706
8339.0	0.0159222
8342.0	0.0196695
8345.0	0.0265506
8348.0	0.012645
8351.0	0.0195601
8354.0	0.0130137
8357.0	0.0216512
8360.0	0.0243772
8363.0	0.0189318
8366.0	0.0183106
8369.0	0.0199586
8372.0	0.0221158
8375.0	0.0215817
8378.0	0.021293
8381.0	0.0239138
8384.0	0.0172077
8387.0	0.0149271
8390.0	0.0197167
8393.0	0.0194499
8396.0	0.0123799
8399.0	0.00853668
8402.0	0.0155481
8405.0	0.0298473
8408.0	0.0187597
8411.0	0.0144492
8414.0	0.0209331
8417.0	0.0212242
8420.0	0.0187907
8423.0	0.0145771
8426.0	0.0191358
8429.0	0.0138284
8432.0	0.0156222
8435.0	0.0135418
8438.0	0.0170191
8441.0	0.0221174
8444.0	0.0211682
8447.0	0.0182451
8450.0	0.0162876
8453.0	0.0205889
8456.0	0.0190425
8459.0	0.0190545
8462.0	0.0195682
8465.0	0.0144781
8468.0	0.0187926
8471.0	0.0190638
8474.0	0.019905
8477.0	0.0160651
8480.0	0.0172759
8483.0	0.0218609
8486.0	0.0184179
8489.0	0.0162514
8492.0	0.0226102
8495.0	0.0158203
8498.0	0.0178018
8501.0	0.0154864
8504.0	0.0243286
8507.0	0.0259548
8510.0	0.0145892
8513.0	0.0139305
8516.0	0.0143703
8519.0	0.0179623
8522.0	0.0176422
8525.0	0.0175677
8528.0	0.0158517
8531.0	0.0136863
8534.0	0.0202127
8537.0	0.020285
8540.0	0.0151684
8543.0	0.0167531
8546.0	0.00991562
8549.0	0.0193206
8552.0	0.0110459
8555.0	0.0124957
8558.0	0.0117618
8561.0	0.0143102
8564.0	0.0155604
8567.0	0.0135187
8570.0	0.0138601
8573.0	0.0225566
8576.0	0.0164108
8579.0	0.0152745
8582.0	0.0162403
8585.0	0.0147
8588.0	0.0142473
8591.0	0.0117948
8594.0	0.0177681
8597.0	0.019078
8600.0	0.0134597
8603.0	0.0138429
8606.0	0.0165851
8609.0	0.0160991
8612.0	0.0197138
8615.0	0.00988352
8618.0	0.0149027
8621.0	0.0117614
8624.0	0.0198664
8627.0	0.0226721
8630.0	0.0221838
8633.0	0.0177468
8636.0	0.00625975
8639.0	0.0158979
8642.0	0.0302794
8645.0	0.0244294
8648.0	0.0192802
8651.0	0.0127155
8654.0	0.00942316
8657.0	0.00457945
8660.0	0.0115941
8663.0	0.0154822
8666.0	0.0127976
8669.0	0.00401706
8672.0	0.00839024
8675.0	0.00973843
8678.0	0.00582852
8681.0	0.0212827
8684.0	0.0121027
8687.0	0.0140159
8690.0	0.0188309
8693.0	0.0138978
8696.0	0.0157384
8699.0	0.0166029
8702.0	0.0131605
8705.0	0.0149995
8708.0	0.0109167
8711.0	0.0131482
8714.0	0.0172424
8717.0	0.0179495
8720.0	0.0178433
8723.0	0.0195984
8726.0	0.0175105
8729.0	0.0180704
8732.0	0.0209079
8735.0	0.01701
8738.0	0.013046
8741.0	0.0146946
8744.0	0.0159276
8747.0	0.014518
8750.0	0.0194776
8753.0	0.0143127
8756.0	0.0180491
8759.0	0.0100983
8762.0	0.0219655
8765.0	0.0259132
8768.0	0.017773
8771.0	0.010405
8774.0	0.0292305
8777.0	0.0149328
8780.0	0.0157469
8783.0	0.0154738
8786.0	0.0245905
8789.0	0.022517
8792.0	0.0219383
8795.0	0.0246123
8798.0	0.0109489
8801.0	0.010001
8804.0	0.0155145
8807.0	0.0122944
8810.0	0.011789
8813.0	0.0102608
8816.0	0.0178061
8819.0	0.0166276
8822.0	0.0153271
8825.0	0.0191522
8828.0	0.0156883
8831.0	0.017126
8834.0	0.00430121
8837.0	0.013744
8840.0	0.0132918
8843.0	0.0184863
8846.0	0.01443
8849.0	0.00954179
8852.0	0.017885
8855.0	0.0114032
8858.0	0.0157144
8861.0	0.0134323
8864.0	0.0164625
8867.0	0.0191339
8870.0	0.0193535
8873.0	0.0229985
8876.0	0.0192113
8879.0	0.017097
8882.0	0.0119353
8885.0	0.016818
8888.0	0.0134081
8891.0	0.0123655
8894.0	0.0212852
8897.0	0.0132558
8900.0	0.021655
8903.0	0.018153
8906.0	0.0101176
8909.0	0.0119918
8912.0	0.0234131
8915.0	0.0163635
8918.0	0.0174111
8921.0	0.0122602
8924.0	0.0190874
8927.0	0.0197571
8930.0	0.0121991
8933.0	0.0183697
8936.0	0.0140786
8939.0	0.00902459
8942.0	0.0094526
8945.0	0.0159821
8948.0	0.0190328
8951.0	0.0192627
8954.0	0.0155755
8957.0	0.0191759
8960.0	0.0207472
8963.0	0.0139068
8966.0	0.0195895
8969.0	0.0132497
8972.0	0.0101622
8975.0	0.0161321
8978.0	0.0141558
8981.0	0.0149455
8984.0	0.0184508
8987.0	0.0189449
8990.0	0.0142978
8993.0	0.0211257
8996.0	0.0174281
8999.0	0.0161626
9002.0	0.0164805
9005.0	0.0209478
9008.0	0.0190632
9011.0	0.0141845
9014.0	0.0154361
9017.0	0.0194874
9020.0	0.0172681
9023.0	0.0161368
9026.0	0.0164316
9029.0	0.0179185
9032.0	0.018607
9035.0	0.0174619
9038.0	0.0180025
9041.0	0.0192133
9044.0	0.0149208
9047.0	0.016962
9050.0	0.0129124
9053.0	0.0140993
9056.0	0.0117822
9059.0	0.0160165
9062.0	0.0155233
9065.0	0.0125852
9068.0	0.0163654
9071.0	0.0134186
9074.0	0.0114059
9077.0	0.0156704
9080.0	0.0171708
9083.0	0.0148473
9086.0	0.0135928
9089.0	0.0215335
9092.0	0.0192897
9095.0	0.0133407
9098.0	0.014804
9101.0	0.0172519
9104.0	0.0158417
9107.0	0.0105013
9110.0	0.0110302
9113.0	0.0157136
9116.0	0.0121415
9119.0	0.0135398
9122.0	0.0175121
9125.0	0.0170824
9128.0	0.0109508
9131.0	0.00983198
9134.0	0.0112612
9137.0	0.0177516
9140.0	0.0126128
9143.0	0.0104569
9146.0	0.0143331
9149.0	0.0172547
9152.0	0.0182569
9155.0	0.0192109
9158.0	0.0182007
9161.0	0.0121354
9164.0	0.0187069
9167.0	0.0134996
9170.0	0.0097404
9173.0	0.017128
9176.0	0.0124967
9179.0	0.0189375
9182.0	0.0152232
9185.0	0.0138246
9188.0	0.0147202
9191.0	0.0136077
9194.0	0.0180209
9197.0	0.0140061
9200.0	0.0124108
9203.0	0.0127636
9206.0	0.0143554
9209.0	0.0215769
9212.0	0.0179728
9215.0	0.0121751
9218.0	0.013063
9221.0	0.0113901
9224.0	0.0155625
9227.0	0.0142752
9230.0	0.0144069
9233.0	0.0183255
9236.0	0.0135529
9239.0	0.0136243
9242.0	0.0116286
9245.0	0.018411
9248.0	0.0175
9251.0	0.0125525
9254.0	0.0153955
9257.0	0.0164507
9260.0	0.0191179
9263.0	0.0223036
9266.0	0.0167784
9269.0	0.0146751
9272.0	0.0148383
9275.0	0.0142042
9278.0	0.0118742
9281.0	0.0172213
9284.0	0.0141794
9287.0	0.0162943
9290.0	0.0178704
9293.0	0.0139032
9296.0	0.0150164
9299.0	0.0104857
9302.0	0.0210314
9305.0	0.00855475
9308.0	0.00249762
9311.0	0.0174266
9314.0	0.0156805
9317.0	0.0183517
9320.0	0.0343736
9323.0	0.0153544
9326.0	0.0154551
9329.0	0.0228778
9332.0	-0.00161251
9335.0	0.00971875
9338.0	0.0213155
9341.0	0.0134753
9344.0	0.0146927
9347.0	0.00953858
9350.0	0.00828477
9353.0	0.0163716
9356.0	0.00985458
9359.0	0.0184783
9362.0	0.0138817
9365.0	0.0187157
9368.0	0.0193696
9371.0	0.0286457
9374.0	-0.00735034
9377.0	-0.0226513
9380.0	0.0266356
9383.0	0.0145725
9386.0	0.0155079
9389.0	0.00892783
9392.0	0.00951161
9395.0	0.00785211
9398.0	0.0167265
9401.0	0.00769239
9404.0	0.0124541
9407.0	0.0180703
9410.0	0.00921503
9413.0	0.00658328
9416.0	0.00722136
9419.0	0.013857
9422.0	0.0257306
9425.0	0.0177161
9428.0	0.0183258
9431.0	0.0202486
9434.0	0.0130245
9437.0	0.013135
9440.0	0.0167454
9443.0	0.00439213
9446.0	-0.00270733
9449.0	0.00300541
9452.0	0.0107967
9455.0	0.0156502
9458.0	0.00948094
9461.0	0.0184661
9464.0	0.024743
9467.0	0.00605385
9470.0	0.000321359
9473.0	0.010554
9476.0	0.0235083
9479.0	-0.00101283
9482.0	0.0211812
9485.0	0.0283498
9488.0	0.0138348
9491.0	0.0107445
9494.0	0.0135183
9497.0	0.0033317
9500.0	0.0143597
9503.0	0.0178169
9506.0	0.0126805
9509.0	0.00587881
9512.0	0.0123138
9515.0	0.0122065
9518.0	0.0223676
9521.0	0.0049136
9524.0	0.00397721
9527.0	0.017611
9530.0	0.0170262
9533.0	0.0119035
9536.0	-1.65332e-05
9539.0	0.0104966
9542.0	0.0143736
9545.0	0.0170331
9548.0	0.0152891
9551.0	0.00707692
9554.0	0.0135087
9557.0	0.00897568
9560.0	0.00637293
9563.0	0.00988356
9566.0	0.00768215
9569.0	0.0223421
9572.0	0.0226788
9575.0	0.0107173
9578.0	0.015329
9581.0	0.0129426
9584.0	0.0141371
9587.0	0.0115545
9590.0	0.0142465
9593.0	0.0205291
9596.0	0.0156144
9599.0	0.0213866
9602.0	0.0127662
9605.0	0.0135586
9608.0	0.0124122
9611.0	0.00642962
9614.0	0.0150626
9617.0	0.0210688
9620.0	0.0149531
9623.0	0.0248402
9626.0	0.021213
9629.0	0.0138531
9632.0	0.0120271
9635.0	0.0131485
9638.0	0.0145506
9641.0	0.0138126
9644.0	0.0144794
9647.0	0.0108728
9650.0	0.0174618
9653.0	0.0198131
9656.0	0.0130773
9659.0	0.0122973
9662.0	0.0177373
9665.0	0.0104237
9668.0	0.00864384
9671.0	0.0139196
9674.0	0.0166155
9677.0	0.0205066
9680.0	0.0161534
9683.0	0.0103145
9686.0	0.0225157
9689.0	0.015062
9692.0	0.00556206
9695.0	0.0158983
9698.0	0.0140519
