#	 2017hju 
#	 UT date of observation: 20171017 
#	 Telescope/Instrument: KPNO4m/KOSMOS 
#	 Estimated Peak MJD: 58051.602 
#	 Estimated redshift: 0.015 
#	 Estimated Phase: -8.4 
#	 Published in Dettman et al. 2020 
#	 Observed barycentric wavelength (Angstroms)    F_lambda
4180.0	8.297248e-16
4181.0	8.776535e-16
4182.0	8.405069e-16
4183.0	9.004542e-16
4184.0	8.107244e-16
4185.0	8.610129e-16
4186.0	7.900825e-16
4187.0	8.209799e-16
4188.0	7.655053e-16
4189.0	8.194155e-16
4190.0	7.720085e-16
4191.0	8.029056e-16
4192.0	8.948903e-16
4193.0	8.032241e-16
4194.0	7.763233e-16
4195.0	8.445707e-16
4196.0	9.030766e-16
4197.0	8.281249e-16
4198.0	7.92826e-16
4199.0	7.657021e-16
4200.0	7.871206e-16
4201.0	7.914583e-16
4202.0	8.408943e-16
4203.0	8.028183e-16
4204.0	8.495605e-16
4205.0	8.395604e-16
4206.0	7.845145e-16
4207.0	8.214079e-16
4208.0	8.214996e-16
4209.0	7.931462e-16
4210.0	7.907954e-16
4211.0	8.141171e-16
4212.0	7.385244e-16
4213.0	8.039894e-16
4214.0	7.768213e-16
4215.0	7.97399e-16
4216.0	7.291639e-16
4217.0	7.604967e-16
4218.0	8.108563e-16
4219.0	7.942981e-16
4220.0	7.677143e-16
4221.0	8.035928e-16
4222.0	7.740219e-16
4223.0	7.699419e-16
4224.0	6.942286e-16
4225.0	6.819123e-16
4226.0	6.929257e-16
4227.0	7.385845e-16
4228.0	7.174203e-16
4229.0	7.473528e-16
4230.0	7.793743e-16
4231.0	7.217615e-16
4232.0	7.332143e-16
4233.0	7.316532e-16
4234.0	7.750051e-16
4235.0	7.834854e-16
4236.0	7.385117e-16
4237.0	7.168472e-16
4238.0	7.562493e-16
4239.0	7.003278e-16
4240.0	7.838053e-16
4241.0	7.426803e-16
4242.0	7.046545e-16
4243.0	7.319319e-16
4244.0	7.851985e-16
4245.0	6.96161e-16
4246.0	7.258767e-16
4247.0	7.207447e-16
4248.0	7.322364e-16
4249.0	6.989355e-16
4250.0	6.896209e-16
4251.0	7.413321e-16
4252.0	7.180756e-16
4253.0	7.202574e-16
4254.0	7.528489e-16
4255.0	7.834129e-16
4256.0	7.211126e-16
4257.0	7.437518e-16
4258.0	7.192618e-16
4259.0	7.192501e-16
4260.0	7.413076e-16
4261.0	7.097091e-16
4262.0	7.646589e-16
4263.0	7.087852e-16
4264.0	6.948555e-16
4265.0	6.476625e-16
4266.0	7.236741e-16
4267.0	6.752309e-16
4268.0	6.989498e-16
4269.0	6.592565e-16
4270.0	6.679802e-16
4271.0	7.012084e-16
4272.0	6.82048e-16
4273.0	6.835392e-16
4274.0	6.895142e-16
4275.0	6.79088e-16
4276.0	6.58907e-16
4277.0	6.65834e-16
4278.0	7.35208e-16
4279.0	6.663726e-16
4280.0	6.473796e-16
4281.0	6.290579e-16
4282.0	6.580589e-16
4283.0	6.729462e-16
4284.0	6.337986e-16
4285.0	6.291344e-16
4286.0	6.043786e-16
4287.0	6.644277e-16
4288.0	6.685782e-16
4289.0	6.711556e-16
4290.0	5.982378e-16
4291.0	6.050843e-16
4292.0	5.975051e-16
4293.0	6.438464e-16
4294.0	6.006339e-16
4295.0	5.386637e-16
4296.0	5.595973e-16
4297.0	5.726452e-16
4298.0	6.194079e-16
4299.0	6.244083e-16
4300.0	6.235108e-16
4301.0	6.152858e-16
4302.0	6.125643e-16
4303.0	5.599541e-16
4304.0	5.877172e-16
4305.0	5.796832e-16
4306.0	5.626061e-16
4307.0	5.808715e-16
4308.0	6.124292e-16
4309.0	5.794555e-16
4310.0	5.849749e-16
4311.0	5.758858e-16
4312.0	5.681604e-16
4313.0	5.767974e-16
4314.0	6.174395e-16
4315.0	5.79423e-16
4316.0	5.619614e-16
4317.0	5.537835e-16
4318.0	5.800184e-16
4319.0	5.788463e-16
4320.0	5.686243e-16
4321.0	5.136371e-16
4322.0	5.086294e-16
4323.0	5.589193e-16
4324.0	5.537377e-16
4325.0	5.062136e-16
4326.0	5.365673e-16
4327.0	5.010745e-16
4328.0	5.3401e-16
4329.0	5.572405e-16
4330.0	5.332517e-16
4331.0	5.153816e-16
4332.0	5.14053e-16
4333.0	4.959287e-16
4334.0	5.290363e-16
4335.0	5.459263e-16
4336.0	5.17659e-16
4337.0	4.898974e-16
4338.0	5.225558e-16
4339.0	5.391715e-16
4340.0	4.871793e-16
4341.0	4.988416e-16
4342.0	4.96301e-16
4343.0	5.039189e-16
4344.0	4.697958e-16
4345.0	5.175585e-16
4346.0	5.137326e-16
4347.0	4.634054e-16
4348.0	5.086752e-16
4349.0	5.128872e-16
4350.0	4.718739e-16
4351.0	4.604327e-16
4352.0	5.206547e-16
4353.0	4.694874e-16
4354.0	4.723689e-16
4355.0	4.902672e-16
4356.0	4.797094e-16
4357.0	5.161734e-16
4358.0	4.923141e-16
4359.0	4.444767e-16
4360.0	4.962789e-16
4361.0	4.613653e-16
4362.0	5.013038e-16
4363.0	4.841962e-16
4364.0	4.319697e-16
4365.0	4.441913e-16
4366.0	4.591144e-16
4367.0	4.159416e-16
4368.0	4.360884e-16
4369.0	4.220773e-16
4370.0	4.562539e-16
4371.0	4.709537e-16
4372.0	4.393703e-16
4373.0	4.598596e-16
4374.0	4.47923e-16
4375.0	4.733429e-16
4376.0	4.830783e-16
4377.0	4.636629e-16
4378.0	4.519497e-16
4379.0	4.303643e-16
4380.0	4.682392e-16
4381.0	4.516373e-16
4382.0	4.993622e-16
4383.0	4.774065e-16
4384.0	4.383389e-16
4385.0	4.735626e-16
4386.0	4.95981e-16
4387.0	4.714715e-16
4388.0	4.633021e-16
4389.0	4.333649e-16
4390.0	4.328849e-16
4391.0	4.787094e-16
4392.0	4.644233e-16
4393.0	4.7522e-16
4394.0	4.802415e-16
4395.0	4.423194e-16
4396.0	4.705721e-16
4397.0	4.891631e-16
4398.0	4.740721e-16
4399.0	4.72426e-16
4400.0	4.317643e-16
4401.0	4.774648e-16
4402.0	4.880593e-16
4403.0	4.753872e-16
4404.0	4.713218e-16
4405.0	4.664325e-16
4406.0	4.500043e-16
4407.0	4.459246e-16
4408.0	4.420752e-16
4409.0	4.841631e-16
4410.0	5.035423e-16
4411.0	4.782486e-16
4412.0	4.801367e-16
4413.0	5.015048e-16
4414.0	4.742874e-16
4415.0	4.517195e-16
4416.0	4.675469e-16
4417.0	4.796902e-16
4418.0	5.037516e-16
4419.0	5.419787e-16
4420.0	4.924587e-16
4421.0	4.990828e-16
4422.0	5.100351e-16
4423.0	4.929421e-16
4424.0	4.842199e-16
4425.0	5.106421e-16
4426.0	5.112518e-16
4427.0	4.763349e-16
4428.0	5.170733e-16
4429.0	5.457094e-16
4430.0	5.046561e-16
4431.0	5.029879e-16
4432.0	4.956594e-16
4433.0	5.109115e-16
4434.0	5.076079e-16
4435.0	4.871194e-16
4436.0	5.284111e-16
4437.0	5.111498e-16
4438.0	5.052337e-16
4439.0	4.723614e-16
4440.0	4.71927e-16
4441.0	5.435507e-16
4442.0	5.591078e-16
4443.0	5.378671e-16
4444.0	5.420238e-16
4445.0	5.409178e-16
4446.0	5.26486e-16
4447.0	5.484101e-16
4448.0	5.623848e-16
4449.0	5.556847e-16
4450.0	5.452819e-16
4451.0	5.580483e-16
4452.0	5.675981e-16
4453.0	5.585639e-16
4454.0	5.461847e-16
4455.0	5.589277e-16
4456.0	5.574717e-16
4457.0	5.967058e-16
4458.0	5.883316e-16
4459.0	5.89207e-16
4460.0	5.24928e-16
4461.0	5.819689e-16
4462.0	5.670211e-16
4463.0	5.826734e-16
4464.0	6.40804e-16
4465.0	5.738783e-16
4466.0	6.131802e-16
4467.0	5.851513e-16
4468.0	5.96329e-16
4469.0	6.013228e-16
4470.0	5.571893e-16
4471.0	5.744461e-16
4472.0	5.907204e-16
4473.0	5.597623e-16
4474.0	6.041141e-16
4475.0	6.167517e-16
4476.0	6.329334e-16
4477.0	6.176697e-16
4478.0	5.830627e-16
4479.0	5.78361e-16
4480.0	5.782693e-16
4481.0	5.92916e-16
4482.0	5.871468e-16
4483.0	6.011607e-16
4484.0	5.68632e-16
4485.0	5.955294e-16
4486.0	5.900247e-16
4487.0	5.906593e-16
4488.0	5.859609e-16
4489.0	5.727311e-16
4490.0	5.933871e-16
4491.0	5.869177e-16
4492.0	5.885699e-16
4493.0	5.89147e-16
4494.0	5.870436e-16
4495.0	5.898565e-16
4496.0	5.771528e-16
4497.0	5.894853e-16
4498.0	5.952167e-16
4499.0	6.11781e-16
4500.0	5.691752e-16
4501.0	5.775643e-16
4502.0	5.958889e-16
4503.0	5.723067e-16
4504.0	5.670877e-16
4505.0	5.875987e-16
4506.0	5.966744e-16
4507.0	5.452693e-16
4508.0	5.448118e-16
4509.0	6.0639e-16
4510.0	6.077284e-16
4511.0	5.546921e-16
4512.0	5.549328e-16
4513.0	5.686135e-16
4514.0	5.865929e-16
4515.0	5.600457e-16
4516.0	6.021039e-16
4517.0	5.998925e-16
4518.0	6.165115e-16
4519.0	5.948817e-16
4520.0	5.778214e-16
4521.0	5.861489e-16
4522.0	5.707631e-16
4523.0	5.76969e-16
4524.0	5.646922e-16
4525.0	6.211936e-16
4526.0	6.415858e-16
4527.0	5.923588e-16
4528.0	5.868723e-16
4529.0	5.927425e-16
4530.0	5.962441e-16
4531.0	5.869799e-16
4532.0	5.893242e-16
4533.0	6.326913e-16
4534.0	6.379472e-16
4535.0	6.148378e-16
4536.0	6.320779e-16
4537.0	6.222426e-16
4538.0	6.262695e-16
4539.0	6.591154e-16
4540.0	6.04521e-16
4541.0	6.23606e-16
4542.0	6.387859e-16
4543.0	6.144232e-16
4544.0	6.446181e-16
4545.0	6.347292e-16
4546.0	6.370001e-16
4547.0	6.475359e-16
4548.0	6.495836e-16
4549.0	6.441753e-16
4550.0	6.318692e-16
4551.0	6.146863e-16
4552.0	6.410994e-16
4553.0	6.488358e-16
4554.0	6.406058e-16
4555.0	6.381725e-16
4556.0	6.269491e-16
4557.0	6.356766e-16
4558.0	6.482118e-16
4559.0	6.343856e-16
4560.0	6.472948e-16
4561.0	6.347087e-16
4562.0	6.077304e-16
4563.0	6.356682e-16
4564.0	6.44501e-16
4565.0	6.426503e-16
4566.0	6.310808e-16
4567.0	6.599694e-16
4568.0	6.533105e-16
4569.0	6.299813e-16
4570.0	6.463401e-16
4571.0	6.6374e-16
4572.0	6.177557e-16
4573.0	6.273193e-16
4574.0	6.194104e-16
4575.0	6.412826e-16
4576.0	6.484111e-16
4577.0	6.159662e-16
4578.0	6.59895e-16
4579.0	6.741358e-16
4580.0	6.561502e-16
4581.0	6.33173e-16
4582.0	6.693e-16
4583.0	6.434e-16
4584.0	6.81239e-16
4585.0	6.744104e-16
4586.0	6.709833e-16
4587.0	6.781401e-16
4588.0	6.729526e-16
4589.0	6.660393e-16
4590.0	6.813016e-16
4591.0	7.087394e-16
4592.0	6.924502e-16
4593.0	6.754473e-16
4594.0	7.1121e-16
4595.0	6.715227e-16
4596.0	6.898496e-16
4597.0	7.09812e-16
4598.0	7.156533e-16
4599.0	6.725519e-16
4600.0	7.259836e-16
4601.0	6.92087e-16
4602.0	6.842041e-16
4603.0	6.726404e-16
4604.0	6.951226e-16
4605.0	7.050988e-16
4606.0	7.150772e-16
4607.0	7.086213e-16
4608.0	6.905855e-16
4609.0	6.93725e-16
4610.0	6.672478e-16
4611.0	6.982639e-16
4612.0	7.002174e-16
4613.0	6.801084e-16
4614.0	6.744895e-16
4615.0	6.957278e-16
4616.0	6.699599e-16
4617.0	6.862264e-16
4618.0	7.017795e-16
4619.0	6.775183e-16
4620.0	6.730112e-16
4621.0	7.151556e-16
4622.0	6.983987e-16
4623.0	6.821706e-16
4624.0	6.831615e-16
4625.0	6.868825e-16
4626.0	6.79251e-16
4627.0	6.62316e-16
4628.0	6.085174e-16
4629.0	6.682934e-16
4630.0	6.977437e-16
4631.0	7.143398e-16
4632.0	7.048459e-16
4633.0	6.80271e-16
4634.0	6.723211e-16
4635.0	6.785778e-16
4636.0	7.12551e-16
4637.0	6.945211e-16
4638.0	6.898247e-16
4639.0	7.146096e-16
4640.0	6.800077e-16
4641.0	6.84437e-16
4642.0	7.017282e-16
4643.0	6.829692e-16
4644.0	6.747411e-16
4645.0	6.515454e-16
4646.0	6.760602e-16
4647.0	6.874216e-16
4648.0	6.694201e-16
4649.0	6.700706e-16
4650.0	6.698272e-16
4651.0	6.703656e-16
4652.0	6.746571e-16
4653.0	6.776057e-16
4654.0	7.032201e-16
4655.0	6.694687e-16
4656.0	6.90346e-16
4657.0	6.863864e-16
4658.0	6.501272e-16
4659.0	6.535241e-16
4660.0	6.596123e-16
4661.0	6.447459e-16
4662.0	6.762084e-16
4663.0	6.670981e-16
4664.0	6.517586e-16
4665.0	6.41466e-16
4666.0	6.607058e-16
4667.0	6.687157e-16
4668.0	6.88304e-16
4669.0	6.879791e-16
4670.0	6.765635e-16
4671.0	6.678231e-16
4672.0	6.632993e-16
4673.0	6.453982e-16
4674.0	6.758959e-16
4675.0	6.672417e-16
4676.0	6.83696e-16
4677.0	6.659935e-16
4678.0	6.800862e-16
4679.0	6.845939e-16
4680.0	6.803356e-16
4681.0	6.834218e-16
4682.0	6.90623e-16
4683.0	6.712397e-16
4684.0	6.570282e-16
4685.0	6.613558e-16
4686.0	6.73663e-16
4687.0	6.452298e-16
4688.0	6.514729e-16
4689.0	6.474286e-16
4690.0	6.6711e-16
4691.0	6.632199e-16
4692.0	6.803807e-16
4693.0	6.727692e-16
4694.0	6.771758e-16
4695.0	6.618495e-16
4696.0	6.372847e-16
4697.0	6.290082e-16
4698.0	6.591514e-16
4699.0	6.603781e-16
4700.0	6.657999e-16
4701.0	6.627647e-16
4702.0	6.361109e-16
4703.0	6.467536e-16
4704.0	6.470314e-16
4705.0	6.421561e-16
4706.0	6.165955e-16
4707.0	6.34786e-16
4708.0	6.176958e-16
4709.0	6.5207e-16
4710.0	6.613128e-16
4711.0	6.514394e-16
4712.0	6.369598e-16
4713.0	6.412931e-16
4714.0	6.257261e-16
4715.0	6.182091e-16
4716.0	6.023712e-16
4717.0	6.072543e-16
4718.0	6.581714e-16
4719.0	6.041739e-16
4720.0	6.144535e-16
4721.0	6.382981e-16
4722.0	6.216174e-16
4723.0	5.988175e-16
4724.0	6.257924e-16
4725.0	6.011928e-16
4726.0	5.929628e-16
4727.0	6.000057e-16
4728.0	6.068945e-16
4729.0	6.083547e-16
4730.0	5.940044e-16
4731.0	5.955756e-16
4732.0	6.078128e-16
4733.0	5.884099e-16
4734.0	5.937879e-16
4735.0	5.968592e-16
4736.0	5.649619e-16
4737.0	5.867417e-16
4738.0	6.096878e-16
4739.0	5.62136e-16
4740.0	6.054786e-16
4741.0	6.028834e-16
4742.0	5.917147e-16
4743.0	6.010304e-16
4744.0	5.9647e-16
4745.0	5.804785e-16
4746.0	5.922351e-16
4747.0	6.075593e-16
4748.0	5.82775e-16
4749.0	5.752974e-16
4750.0	5.463945e-16
4751.0	5.492167e-16
4752.0	5.822728e-16
4753.0	5.824708e-16
4754.0	5.733332e-16
4755.0	5.688777e-16
4756.0	5.758758e-16
4757.0	5.665281e-16
4758.0	5.83353e-16
4759.0	5.522237e-16
4760.0	5.892118e-16
4761.0	5.92881e-16
4762.0	5.617014e-16
4763.0	5.767832e-16
4764.0	5.502657e-16
4765.0	5.703026e-16
4766.0	5.445813e-16
4767.0	5.842547e-16
4768.0	5.898342e-16
4769.0	5.656404e-16
4770.0	5.600834e-16
4771.0	5.613095e-16
4772.0	5.81693e-16
4773.0	5.748546e-16
4774.0	5.796503e-16
4775.0	5.562838e-16
4776.0	5.901889e-16
4777.0	5.690255e-16
4778.0	5.712763e-16
4779.0	5.741077e-16
4780.0	5.352292e-16
4781.0	5.553535e-16
4782.0	5.660071e-16
4783.0	5.750234e-16
4784.0	5.370743e-16
4785.0	5.594122e-16
4786.0	5.688071e-16
4787.0	5.681248e-16
4788.0	5.524259e-16
4789.0	5.568295e-16
4790.0	5.436108e-16
4791.0	5.637959e-16
4792.0	5.464046e-16
4793.0	5.611516e-16
4794.0	5.340706e-16
4795.0	5.540968e-16
4796.0	5.672898e-16
4797.0	5.521775e-16
4798.0	5.316491e-16
4799.0	5.692087e-16
4800.0	5.623528e-16
4801.0	5.604932e-16
4802.0	5.664829e-16
4803.0	5.335653e-16
4804.0	5.569811e-16
4805.0	5.507776e-16
4806.0	5.555136e-16
4807.0	5.430286e-16
4808.0	5.416689e-16
4809.0	5.561686e-16
4810.0	5.288235e-16
4811.0	5.009317e-16
4812.0	5.115996e-16
4813.0	5.21258e-16
4814.0	5.554027e-16
4815.0	5.299421e-16
4816.0	5.11976e-16
4817.0	5.165226e-16
4818.0	5.28186e-16
4819.0	5.3069e-16
4820.0	5.320549e-16
4821.0	5.492877e-16
4822.0	5.286954e-16
4823.0	5.232505e-16
4824.0	4.899793e-16
4825.0	5.199814e-16
4826.0	5.243871e-16
4827.0	5.138186e-16
4828.0	4.954621e-16
4829.0	5.145526e-16
4830.0	5.40861e-16
4831.0	5.197692e-16
4832.0	4.971836e-16
4833.0	4.978209e-16
4834.0	5.070914e-16
4835.0	5.23211e-16
4836.0	4.980843e-16
4837.0	5.439929e-16
4838.0	5.113505e-16
4839.0	5.18011e-16
4840.0	5.183154e-16
4841.0	5.17455e-16
4842.0	5.278603e-16
4843.0	5.011905e-16
4844.0	5.140122e-16
4845.0	5.163191e-16
4846.0	5.100551e-16
4847.0	5.265484e-16
4848.0	5.04896e-16
4849.0	5.392711e-16
4850.0	5.203545e-16
4851.0	5.059512e-16
4852.0	5.206785e-16
4853.0	5.366472e-16
4854.0	5.344429e-16
4855.0	5.684736e-16
4856.0	5.299944e-16
4857.0	5.333345e-16
4858.0	5.435665e-16
4859.0	5.444445e-16
4860.0	5.615578e-16
4861.0	5.553636e-16
4862.0	5.214867e-16
4863.0	5.307545e-16
4864.0	5.395245e-16
4865.0	5.515009e-16
4866.0	5.498431e-16
4867.0	5.544953e-16
4868.0	5.564684e-16
4869.0	5.500213e-16
4870.0	5.574455e-16
4871.0	5.782307e-16
4872.0	5.701062e-16
4873.0	5.497554e-16
4874.0	5.530339e-16
4875.0	5.338191e-16
4876.0	5.434389e-16
4877.0	5.570701e-16
4878.0	5.569566e-16
4879.0	5.3535e-16
4880.0	5.548051e-16
4881.0	5.601976e-16
4882.0	5.388249e-16
4883.0	5.60227e-16
4884.0	5.269238e-16
4885.0	5.666804e-16
4886.0	5.704883e-16
4887.0	5.516533e-16
4888.0	5.381429e-16
4889.0	5.521924e-16
4890.0	5.368755e-16
4891.0	5.463052e-16
4892.0	5.503063e-16
4893.0	5.289649e-16
4894.0	5.393181e-16
4895.0	5.241744e-16
4896.0	5.151644e-16
4897.0	5.480974e-16
4898.0	5.257794e-16
4899.0	5.441529e-16
4900.0	5.311087e-16
4901.0	5.256919e-16
4902.0	5.256087e-16
4903.0	5.213241e-16
4904.0	5.11476e-16
4905.0	4.992553e-16
4906.0	4.90576e-16
4907.0	5.154091e-16
4908.0	5.014277e-16
4909.0	5.165399e-16
4910.0	4.884476e-16
4911.0	4.849804e-16
4912.0	4.974546e-16
4913.0	4.860581e-16
4914.0	4.755358e-16
4915.0	4.851054e-16
4916.0	4.945631e-16
4917.0	4.871101e-16
4918.0	4.881733e-16
4919.0	4.937923e-16
4920.0	4.960412e-16
4921.0	5.008582e-16
4922.0	4.970256e-16
4923.0	4.904322e-16
4924.0	4.773965e-16
4925.0	5.122243e-16
4926.0	4.879906e-16
4927.0	4.740648e-16
4928.0	4.727267e-16
4929.0	4.748367e-16
4930.0	4.728542e-16
4931.0	4.660084e-16
4932.0	4.644006e-16
4933.0	4.699299e-16
4934.0	4.403129e-16
4935.0	4.660837e-16
4936.0	4.600643e-16
4937.0	4.614138e-16
4938.0	4.327056e-16
4939.0	4.606221e-16
4940.0	4.652167e-16
4941.0	4.547291e-16
4942.0	4.623979e-16
4943.0	4.448846e-16
4944.0	4.59116e-16
4945.0	4.612795e-16
4946.0	4.30235e-16
4947.0	4.527265e-16
4948.0	4.504008e-16
4949.0	4.333731e-16
4950.0	4.110739e-16
4951.0	4.30942e-16
4952.0	4.283935e-16
4953.0	4.408799e-16
4954.0	4.500697e-16
4955.0	4.427251e-16
4956.0	4.593156e-16
4957.0	4.621016e-16
4958.0	4.637035e-16
4959.0	4.437156e-16
4960.0	4.511361e-16
4961.0	4.599453e-16
4962.0	4.587059e-16
4963.0	4.480897e-16
4964.0	4.506473e-16
4965.0	4.597927e-16
4966.0	4.632849e-16
4967.0	4.660051e-16
4968.0	4.266603e-16
4969.0	4.314956e-16
4970.0	4.564297e-16
4971.0	4.506639e-16
4972.0	4.555554e-16
4973.0	4.66814e-16
4974.0	4.496817e-16
4975.0	4.680599e-16
4976.0	4.54307e-16
4977.0	4.738029e-16
4978.0	4.492059e-16
4979.0	4.389447e-16
4980.0	4.601573e-16
4981.0	4.579476e-16
4982.0	4.470503e-16
4983.0	4.465101e-16
4984.0	4.636687e-16
4985.0	4.489356e-16
4986.0	4.795794e-16
4987.0	4.682599e-16
4988.0	4.627227e-16
4989.0	4.57583e-16
4990.0	4.67473e-16
4991.0	4.702613e-16
4992.0	4.572596e-16
4993.0	4.465184e-16
4994.0	4.453362e-16
4995.0	4.539719e-16
4996.0	4.591396e-16
4997.0	4.545772e-16
4998.0	4.364175e-16
4999.0	4.405151e-16
5000.0	4.816129e-16
5001.0	4.528813e-16
5002.0	4.392043e-16
5003.0	4.53822e-16
5004.0	4.551067e-16
5005.0	4.417726e-16
5006.0	4.418676e-16
5007.0	4.259646e-16
5008.0	4.419563e-16
5009.0	4.20708e-16
5010.0	4.504047e-16
5011.0	4.705864e-16
5012.0	5.009781e-16
5013.0	4.952781e-16
5014.0	4.879775e-16
5015.0	4.728791e-16
5016.0	4.528589e-16
5017.0	4.644532e-16
5018.0	4.495993e-16
5019.0	4.475668e-16
5020.0	4.216173e-16
5021.0	4.200316e-16
5022.0	4.325355e-16
5023.0	4.427231e-16
5024.0	4.531132e-16
5025.0	4.561428e-16
5026.0	4.429474e-16
5027.0	4.426164e-16
5028.0	4.372794e-16
5029.0	4.533757e-16
5030.0	4.36517e-16
5031.0	4.568495e-16
5032.0	4.570829e-16
5033.0	4.42595e-16
5034.0	4.361016e-16
5035.0	4.495818e-16
5036.0	4.48875e-16
5037.0	4.61967e-16
5038.0	4.402623e-16
5039.0	4.4956e-16
5040.0	4.541021e-16
5041.0	4.413497e-16
5042.0	4.532818e-16
5043.0	4.322491e-16
5044.0	4.399222e-16
5045.0	4.484687e-16
5046.0	4.641381e-16
5047.0	4.275287e-16
5048.0	4.62273e-16
5049.0	4.480187e-16
5050.0	4.672143e-16
5051.0	4.643254e-16
5052.0	4.734404e-16
5053.0	4.441243e-16
5054.0	4.78411e-16
5055.0	4.57324e-16
5056.0	4.725085e-16
5057.0	4.649568e-16
5058.0	4.603751e-16
5059.0	4.726192e-16
5060.0	4.448998e-16
5061.0	4.613093e-16
5062.0	4.415199e-16
5063.0	4.626692e-16
5064.0	4.697486e-16
5065.0	4.522562e-16
5066.0	4.413071e-16
5067.0	4.527698e-16
5068.0	4.32924e-16
5069.0	4.391615e-16
5070.0	4.6226e-16
5071.0	4.678609e-16
5072.0	4.72306e-16
5073.0	4.490789e-16
5074.0	4.849573e-16
5075.0	4.404971e-16
5076.0	4.554291e-16
5077.0	4.873348e-16
5078.0	4.666795e-16
5079.0	4.408494e-16
5080.0	4.667447e-16
5081.0	4.79501e-16
5082.0	4.78745e-16
5083.0	4.576018e-16
5084.0	4.559358e-16
5085.0	4.568172e-16
5086.0	4.822032e-16
5087.0	4.841023e-16
5088.0	4.819034e-16
5089.0	4.817777e-16
5090.0	4.614542e-16
5091.0	4.828504e-16
5092.0	4.579668e-16
5093.0	4.780503e-16
5094.0	4.738084e-16
5095.0	4.602969e-16
5096.0	4.797785e-16
5097.0	4.513118e-16
5098.0	4.731381e-16
5099.0	4.939754e-16
5100.0	4.841253e-16
5101.0	5.007488e-16
5102.0	4.745868e-16
5103.0	4.933708e-16
5104.0	4.807161e-16
5105.0	5.052858e-16
5106.0	4.696706e-16
5107.0	4.861142e-16
5108.0	5.00197e-16
5109.0	5.187132e-16
5110.0	4.886345e-16
5111.0	4.896511e-16
5112.0	4.962092e-16
5113.0	4.854036e-16
5114.0	4.906707e-16
5115.0	5.137339e-16
5116.0	5.143448e-16
5117.0	4.934536e-16
5118.0	5.140965e-16
5119.0	5.062335e-16
5120.0	5.088025e-16
5121.0	4.990019e-16
5122.0	5.062847e-16
5123.0	5.043059e-16
5124.0	5.065206e-16
5125.0	5.158778e-16
5126.0	5.029003e-16
5127.0	4.837343e-16
5128.0	5.30609e-16
5129.0	4.847107e-16
5130.0	5.206785e-16
5131.0	5.121292e-16
5132.0	5.08599e-16
5133.0	5.357192e-16
5134.0	5.442505e-16
5135.0	5.36715e-16
5136.0	5.142327e-16
5137.0	5.214747e-16
5138.0	5.039285e-16
5139.0	5.389403e-16
5140.0	5.153785e-16
5141.0	5.302793e-16
5142.0	5.062601e-16
5143.0	4.939444e-16
5144.0	5.309351e-16
5145.0	5.359445e-16
5146.0	5.480402e-16
5147.0	5.488214e-16
5148.0	5.425125e-16
5149.0	5.290634e-16
5150.0	5.243064e-16
5151.0	5.446254e-16
5152.0	5.635547e-16
5153.0	5.318876e-16
5154.0	5.390167e-16
5155.0	5.254182e-16
5156.0	5.497955e-16
5157.0	5.391856e-16
5158.0	5.62054e-16
5159.0	5.565956e-16
5160.0	5.441996e-16
5161.0	5.353963e-16
5162.0	5.922894e-16
5163.0	5.739987e-16
5164.0	6.01904e-16
5165.0	5.475743e-16
5166.0	5.70226e-16
5167.0	5.637969e-16
5168.0	5.406136e-16
5169.0	5.601329e-16
5170.0	5.642239e-16
5171.0	5.621338e-16
5172.0	5.683842e-16
5173.0	5.464738e-16
5174.0	5.636938e-16
5175.0	5.705648e-16
5176.0	5.552943e-16
5177.0	5.75987e-16
5178.0	5.49959e-16
5179.0	5.839155e-16
5180.0	5.730733e-16
5181.0	5.661344e-16
5182.0	5.749544e-16
5183.0	5.955332e-16
5184.0	5.742486e-16
5185.0	5.94018e-16
5186.0	5.68242e-16
5187.0	5.850271e-16
5188.0	5.964835e-16
5189.0	5.968817e-16
5190.0	5.777511e-16
5191.0	5.872306e-16
5192.0	5.943504e-16
5193.0	6.102851e-16
5194.0	6.082588e-16
5195.0	5.93289e-16
5196.0	5.877513e-16
5197.0	5.945526e-16
5198.0	5.96929e-16
5199.0	6.129415e-16
5200.0	5.893044e-16
5201.0	5.923185e-16
5202.0	5.865855e-16
5203.0	6.014267e-16
5204.0	5.977431e-16
5205.0	5.921032e-16
5206.0	5.853558e-16
5207.0	6.017362e-16
5208.0	5.996118e-16
5209.0	5.938927e-16
5210.0	5.784668e-16
5211.0	6.02618e-16
5212.0	5.966254e-16
5213.0	5.881578e-16
5214.0	5.616288e-16
5215.0	5.95395e-16
5216.0	5.781014e-16
5217.0	6.11505e-16
5218.0	6.155452e-16
5219.0	5.988412e-16
5220.0	5.968895e-16
5221.0	6.134352e-16
5222.0	5.933721e-16
5223.0	5.88775e-16
5224.0	6.075884e-16
5225.0	6.27157e-16
5226.0	6.002233e-16
5227.0	6.16385e-16
5228.0	5.942848e-16
5229.0	5.980814e-16
5230.0	5.843825e-16
5231.0	6.047774e-16
5232.0	5.890968e-16
5233.0	5.890413e-16
5234.0	6.00682e-16
5235.0	5.776638e-16
5236.0	5.966749e-16
5237.0	5.962472e-16
5238.0	5.997882e-16
5239.0	5.998749e-16
5240.0	5.888097e-16
5241.0	5.813746e-16
5242.0	5.947776e-16
5243.0	5.907021e-16
5244.0	6.067076e-16
5245.0	5.843769e-16
5246.0	5.976798e-16
5247.0	6.001883e-16
5248.0	6.081656e-16
5249.0	6.229906e-16
5250.0	6.119319e-16
5251.0	6.06028e-16
5252.0	6.115512e-16
5253.0	6.038144e-16
5254.0	5.959571e-16
5255.0	5.743529e-16
5256.0	6.010277e-16
5257.0	6.297061e-16
5258.0	6.264737e-16
5259.0	6.249959e-16
5260.0	6.121758e-16
5261.0	6.127856e-16
5262.0	6.092998e-16
5263.0	6.228556e-16
5264.0	6.134526e-16
5265.0	6.221775e-16
5266.0	6.19372e-16
5267.0	6.061188e-16
5268.0	6.169352e-16
5269.0	6.14891e-16
5270.0	6.103767e-16
5271.0	6.291433e-16
5272.0	6.282137e-16
5273.0	6.12728e-16
5274.0	6.445102e-16
5275.0	6.652818e-16
5276.0	6.124242e-16
5277.0	6.155366e-16
5278.0	6.143634e-16
5279.0	6.269817e-16
5280.0	6.471225e-16
5281.0	6.239181e-16
5282.0	6.183806e-16
5283.0	6.440843e-16
5284.0	6.402873e-16
5285.0	6.39832e-16
5286.0	6.365251e-16
5287.0	6.195249e-16
5288.0	6.276553e-16
5289.0	6.315561e-16
5290.0	6.291429e-16
5291.0	6.234511e-16
5292.0	6.444991e-16
5293.0	6.414994e-16
5294.0	6.436279e-16
5295.0	6.238815e-16
5296.0	6.156492e-16
5297.0	6.108416e-16
5298.0	6.243782e-16
5299.0	5.994502e-16
5300.0	5.965973e-16
5301.0	6.172069e-16
5302.0	6.339695e-16
5303.0	6.102139e-16
5304.0	6.042439e-16
5305.0	6.334812e-16
5306.0	5.997662e-16
5307.0	5.96906e-16
5308.0	6.049902e-16
5309.0	6.160341e-16
5310.0	6.026253e-16
5311.0	6.126743e-16
5312.0	5.945139e-16
5313.0	5.941512e-16
5314.0	5.793765e-16
5315.0	5.916279e-16
5316.0	6.008597e-16
5317.0	5.974864e-16
5318.0	5.865472e-16
5319.0	5.983035e-16
5320.0	5.950178e-16
5321.0	5.981836e-16
5322.0	6.045777e-16
5323.0	5.72171e-16
5324.0	6.058452e-16
5325.0	5.67927e-16
5326.0	5.636921e-16
5327.0	5.635227e-16
5328.0	5.562638e-16
5329.0	5.798805e-16
5330.0	5.539592e-16
5331.0	5.733676e-16
5332.0	5.533511e-16
5333.0	5.517287e-16
5334.0	5.373057e-16
5335.0	5.524296e-16
5336.0	5.493261e-16
5337.0	5.626297e-16
5338.0	5.45158e-16
5339.0	5.167668e-16
5340.0	5.36764e-16
5341.0	5.151038e-16
5342.0	5.576861e-16
5343.0	5.286145e-16
5344.0	5.369654e-16
5345.0	5.445577e-16
5346.0	5.39315e-16
5347.0	5.255156e-16
5348.0	5.313994e-16
5349.0	5.430917e-16
5350.0	5.229299e-16
5351.0	5.319947e-16
5352.0	5.284696e-16
5353.0	5.087279e-16
5354.0	5.040063e-16
5355.0	5.108627e-16
5356.0	4.945264e-16
5357.0	5.045053e-16
5358.0	5.258037e-16
5359.0	4.920029e-16
5360.0	4.929078e-16
5361.0	5.041168e-16
5362.0	5.12794e-16
5363.0	5.147894e-16
5364.0	5.107043e-16
5365.0	5.103129e-16
5366.0	5.074102e-16
5367.0	4.981589e-16
5368.0	4.887305e-16
5369.0	5.017983e-16
5370.0	5.025979e-16
5371.0	5.080297e-16
5372.0	5.000119e-16
5373.0	5.057723e-16
5374.0	4.860011e-16
5375.0	5.149335e-16
5376.0	5.051476e-16
5377.0	5.196933e-16
5378.0	5.019053e-16
5379.0	5.080658e-16
5380.0	4.990573e-16
5381.0	5.196815e-16
5382.0	5.11698e-16
5383.0	4.968062e-16
5384.0	5.064823e-16
5385.0	5.041942e-16
5386.0	4.963059e-16
5387.0	4.510538e-16
5388.0	4.763653e-16
5389.0	4.741014e-16
5390.0	4.937736e-16
5391.0	4.768998e-16
5392.0	4.784217e-16
5393.0	4.892989e-16
5394.0	4.978855e-16
5395.0	4.820814e-16
5396.0	4.749619e-16
5397.0	4.95444e-16
5398.0	5.097028e-16
5399.0	5.02001e-16
5400.0	4.81572e-16
5401.0	5.20978e-16
5402.0	5.081349e-16
5403.0	4.69746e-16
5404.0	4.912736e-16
5405.0	4.632094e-16
5406.0	4.839102e-16
5407.0	5.053655e-16
5408.0	4.756033e-16
5409.0	4.683119e-16
5410.0	4.855052e-16
5411.0	4.917736e-16
5412.0	4.71484e-16
5413.0	4.227317e-16
5414.0	4.454461e-16
5415.0	4.945988e-16
5416.0	4.876912e-16
5417.0	4.819141e-16
5418.0	4.801277e-16
5419.0	4.594936e-16
5420.0	4.943363e-16
5421.0	4.984957e-16
5422.0	4.646241e-16
5423.0	4.30562e-16
5424.0	4.611609e-16
5425.0	4.100454e-16
5426.0	4.424623e-16
5427.0	4.664022e-16
5428.0	5.057106e-16
5429.0	4.990259e-16
5430.0	4.710008e-16
5431.0	4.943878e-16
5432.0	4.845989e-16
5433.0	4.717292e-16
5434.0	4.910857e-16
5435.0	5.045853e-16
5436.0	4.642584e-16
5437.0	4.669328e-16
5438.0	4.975831e-16
5439.0	4.866312e-16
5440.0	4.702295e-16
5441.0	4.748238e-16
5442.0	4.783405e-16
5443.0	4.820335e-16
5444.0	4.986921e-16
5445.0	5.021904e-16
5446.0	4.971257e-16
5447.0	4.778038e-16
5448.0	4.868104e-16
5449.0	4.739417e-16
5450.0	5.036575e-16
5451.0	5.019419e-16
5452.0	4.888489e-16
5453.0	5.073863e-16
5454.0	4.787888e-16
5455.0	4.608374e-16
5456.0	4.819073e-16
5457.0	4.864462e-16
5458.0	4.971345e-16
5459.0	4.957087e-16
5460.0	4.875126e-16
5461.0	4.911409e-16
5462.0	4.924177e-16
5463.0	5.007043e-16
5464.0	4.988355e-16
5465.0	5.299176e-16
5466.0	4.815357e-16
5467.0	4.794971e-16
5468.0	4.769049e-16
5469.0	5.157026e-16
5470.0	5.029524e-16
5471.0	4.764829e-16
5472.0	4.958413e-16
5473.0	4.751337e-16
5474.0	5.002795e-16
5475.0	4.911374e-16
5476.0	4.528489e-16
5477.0	4.694051e-16
5478.0	4.7355e-16
5479.0	5.015175e-16
5480.0	4.803438e-16
5481.0	4.94833e-16
5482.0	4.797212e-16
5483.0	4.943358e-16
5484.0	4.85489e-16
5485.0	4.970004e-16
5486.0	5.287644e-16
5487.0	4.677962e-16
5488.0	4.683732e-16
5489.0	4.975403e-16
5490.0	4.929903e-16
5491.0	4.805311e-16
5492.0	4.850444e-16
5493.0	4.722624e-16
5494.0	4.963026e-16
5495.0	5.071255e-16
5496.0	4.929069e-16
5497.0	4.846406e-16
5498.0	5.001398e-16
5499.0	4.977471e-16
5500.0	4.96992e-16
5501.0	5.077909e-16
5502.0	4.901999e-16
5503.0	4.801878e-16
5504.0	5.132559e-16
5505.0	4.80051e-16
5506.0	4.907153e-16
5507.0	4.749845e-16
5508.0	4.893784e-16
5509.0	4.760271e-16
5510.0	4.818313e-16
5511.0	4.711567e-16
5512.0	4.448266e-16
5513.0	4.640465e-16
5514.0	4.802741e-16
5515.0	4.814403e-16
5516.0	4.735969e-16
5517.0	4.764396e-16
5518.0	4.714379e-16
5519.0	4.715174e-16
5520.0	4.604819e-16
5521.0	4.621649e-16
5522.0	4.685817e-16
5523.0	4.742031e-16
5524.0	4.702051e-16
5525.0	4.732298e-16
5526.0	4.733042e-16
5527.0	4.623276e-16
5528.0	4.71431e-16
5529.0	4.638781e-16
5530.0	4.68442e-16
5531.0	4.514147e-16
5532.0	4.484988e-16
5533.0	4.572938e-16
5534.0	4.663071e-16
5535.0	4.785453e-16
5536.0	4.498092e-16
5537.0	4.599722e-16
5538.0	4.631149e-16
5539.0	4.509722e-16
5540.0	4.422676e-16
5541.0	4.400817e-16
5542.0	4.643112e-16
5543.0	4.718501e-16
5544.0	4.723323e-16
5545.0	4.616263e-16
5546.0	4.419495e-16
5547.0	4.3507e-16
5548.0	4.637107e-16
5549.0	4.709743e-16
5550.0	4.462646e-16
5551.0	4.633241e-16
5552.0	4.609569e-16
5553.0	4.617501e-16
5554.0	4.514815e-16
5555.0	4.682646e-16
5556.0	4.495668e-16
5557.0	4.631419e-16
5558.0	4.411659e-16
5559.0	4.60149e-16
5560.0	4.378825e-16
5561.0	4.339911e-16
5562.0	4.192706e-16
5563.0	4.371898e-16
5564.0	4.547642e-16
5565.0	4.472981e-16
5566.0	4.746431e-16
5567.0	4.261899e-16
5568.0	4.480456e-16
5569.0	4.933545e-16
5570.0	4.703758e-16
5571.0	4.697142e-16
5572.0	4.768131e-16
5573.0	4.96162e-16
5574.0	4.726956e-16
5575.0	4.264096e-16
5576.0	4.286151e-16
5577.0	4.423159e-16
5578.0	4.892282e-16
5579.0	4.568407e-16
5580.0	4.941015e-16
5581.0	4.794893e-16
5582.0	4.620557e-16
5583.0	4.80459e-16
5584.0	4.838197e-16
5585.0	4.583066e-16
5586.0	5.067456e-16
5587.0	4.895959e-16
5588.0	4.685871e-16
5589.0	4.751475e-16
5590.0	4.797967e-16
5591.0	4.857882e-16
5592.0	4.912504e-16
5593.0	5.128212e-16
5594.0	4.995252e-16
5595.0	5.136451e-16
5596.0	5.201513e-16
5597.0	5.011538e-16
5598.0	5.042571e-16
5599.0	5.328824e-16
5600.0	5.042995e-16
5601.0	5.166952e-16
5602.0	5.167974e-16
5603.0	5.151414e-16
5604.0	5.096289e-16
5605.0	5.300042e-16
5606.0	5.30614e-16
5607.0	5.254661e-16
5608.0	5.459528e-16
5609.0	5.23488e-16
5610.0	5.447075e-16
5611.0	5.318574e-16
5612.0	5.212101e-16
5613.0	5.265898e-16
5614.0	5.327177e-16
5615.0	5.383151e-16
5616.0	5.332728e-16
5617.0	5.420593e-16
5618.0	5.293335e-16
5619.0	5.487692e-16
5620.0	5.431307e-16
5621.0	5.463376e-16
5622.0	5.645903e-16
5623.0	5.24691e-16
5624.0	5.4024e-16
5625.0	5.434947e-16
5626.0	5.500027e-16
5627.0	5.533e-16
5628.0	5.48201e-16
5629.0	5.616697e-16
5630.0	5.574683e-16
5631.0	5.810833e-16
5632.0	5.53625e-16
5633.0	5.4317e-16
5634.0	5.410475e-16
5635.0	5.440284e-16
5636.0	5.676591e-16
5637.0	5.617668e-16
5638.0	5.480369e-16
5639.0	5.538636e-16
5640.0	5.369012e-16
5641.0	5.485898e-16
5642.0	5.539786e-16
5643.0	5.631743e-16
5644.0	5.431501e-16
5645.0	5.62489e-16
5646.0	5.640173e-16
5647.0	5.587655e-16
5648.0	5.683225e-16
5649.0	5.526295e-16
5650.0	5.427917e-16
5651.0	5.324176e-16
5652.0	5.456436e-16
5653.0	5.695897e-16
5654.0	5.599031e-16
5655.0	5.502608e-16
5656.0	5.503819e-16
5657.0	5.382229e-16
5658.0	5.386352e-16
5659.0	5.566767e-16
5660.0	5.294118e-16
5661.0	5.376629e-16
5662.0	5.236981e-16
5663.0	5.101648e-16
5664.0	5.365983e-16
5665.0	5.610115e-16
5666.0	5.219014e-16
5667.0	5.202647e-16
5668.0	5.26391e-16
5669.0	5.244512e-16
5670.0	5.430646e-16
5671.0	5.178635e-16
5672.0	5.415532e-16
5673.0	5.658821e-16
5674.0	5.298229e-16
5675.0	5.363917e-16
5676.0	5.326792e-16
5677.0	5.365576e-16
5678.0	5.43816e-16
5679.0	5.310633e-16
5680.0	5.107275e-16
5681.0	5.238564e-16
5682.0	5.476904e-16
5683.0	5.361587e-16
5684.0	5.274651e-16
5685.0	5.414316e-16
5686.0	5.323503e-16
5687.0	5.516989e-16
5688.0	5.772946e-16
5689.0	5.369884e-16
5690.0	5.559679e-16
5691.0	5.629806e-16
5692.0	5.560191e-16
5693.0	5.661095e-16
5694.0	5.384475e-16
5695.0	5.506696e-16
5696.0	5.627646e-16
5697.0	5.464859e-16
5698.0	5.480222e-16
5699.0	5.473617e-16
5700.0	5.669415e-16
5701.0	5.493444e-16
5702.0	5.736363e-16
5703.0	6.310701e-16
5704.0	6.905876e-16
5705.0	5.942691e-16
5706.0	5.567896e-16
5707.0	5.321466e-16
5708.0	5.146882e-16
5709.0	5.61792e-16
5710.0	5.825403e-16
5711.0	5.776285e-16
5712.0	5.554594e-16
5713.0	5.540906e-16
5714.0	5.570013e-16
5715.0	5.554673e-16
5716.0	5.753069e-16
5717.0	5.80597e-16
5718.0	5.509653e-16
5719.0	5.754611e-16
5720.0	5.49417e-16
5721.0	5.766585e-16
5722.0	5.725456e-16
5723.0	5.507646e-16
5724.0	5.807516e-16
5725.0	5.822382e-16
5726.0	5.534063e-16
5727.0	5.884414e-16
5728.0	5.709762e-16
5729.0	5.705682e-16
5730.0	5.653696e-16
5731.0	5.537482e-16
5732.0	5.804167e-16
5733.0	5.50594e-16
5734.0	5.684236e-16
5735.0	5.492615e-16
5736.0	5.436916e-16
5737.0	5.659815e-16
5738.0	5.646769e-16
5739.0	5.483369e-16
5740.0	5.960524e-16
5741.0	5.684045e-16
5742.0	5.76023e-16
5743.0	5.849074e-16
5744.0	5.572149e-16
5745.0	5.628537e-16
5746.0	5.51741e-16
5747.0	5.835074e-16
5748.0	5.857663e-16
5749.0	5.629838e-16
5750.0	5.901555e-16
5751.0	5.836355e-16
5752.0	5.60754e-16
5753.0	5.739336e-16
5754.0	5.701248e-16
5755.0	5.994635e-16
5756.0	5.915434e-16
5757.0	5.780408e-16
5758.0	5.574817e-16
5759.0	5.709599e-16
5760.0	5.745505e-16
5761.0	5.743229e-16
5762.0	5.863984e-16
5763.0	5.723631e-16
5764.0	5.858256e-16
5765.0	5.938181e-16
5766.0	5.831024e-16
5767.0	5.949684e-16
5768.0	5.969845e-16
5769.0	5.844851e-16
5770.0	5.673514e-16
5771.0	5.979908e-16
5772.0	5.635329e-16
5773.0	5.473557e-16
5774.0	5.670582e-16
5775.0	5.957198e-16
5776.0	6.174563e-16
5777.0	5.887698e-16
5778.0	5.717983e-16
5779.0	5.844239e-16
5780.0	5.765174e-16
5781.0	5.652555e-16
5782.0	5.747594e-16
5783.0	6.001627e-16
5784.0	6.179308e-16
5785.0	5.604335e-16
5786.0	6.136299e-16
5787.0	5.861355e-16
5788.0	5.791838e-16
5789.0	6.149196e-16
5790.0	5.814246e-16
5791.0	5.857435e-16
5792.0	6.109236e-16
5793.0	5.995892e-16
5794.0	5.884743e-16
5795.0	5.998255e-16
5796.0	5.796783e-16
5797.0	5.859786e-16
5798.0	5.978013e-16
5799.0	6.056021e-16
5800.0	5.897032e-16
5801.0	5.596518e-16
5802.0	5.808343e-16
5803.0	5.761482e-16
5804.0	6.173998e-16
5805.0	6.134782e-16
5806.0	5.475287e-16
5807.0	5.679539e-16
5808.0	5.957496e-16
5809.0	5.686482e-16
5810.0	5.676664e-16
5811.0	5.986481e-16
5812.0	5.968187e-16
5813.0	5.874183e-16
5814.0	5.845892e-16
5815.0	5.706942e-16
5816.0	5.830962e-16
5817.0	6.006989e-16
5818.0	5.611287e-16
5819.0	5.900183e-16
5820.0	5.923946e-16
5821.0	5.62508e-16
5822.0	5.830718e-16
5823.0	5.855162e-16
5824.0	5.492226e-16
5825.0	5.588658e-16
5826.0	5.54495e-16
5827.0	5.299412e-16
5828.0	5.667655e-16
5829.0	5.706564e-16
5830.0	5.686981e-16
5831.0	5.680759e-16
5832.0	5.469806e-16
5833.0	5.760251e-16
5834.0	5.676996e-16
5835.0	5.522812e-16
5836.0	5.762216e-16
5837.0	5.536914e-16
5838.0	5.58706e-16
5839.0	5.48814e-16
5840.0	5.555647e-16
5841.0	5.704499e-16
5842.0	5.405242e-16
5843.0	5.453536e-16
5844.0	5.452189e-16
5845.0	5.388517e-16
5846.0	5.627235e-16
5847.0	5.574862e-16
5848.0	5.413492e-16
5849.0	5.144206e-16
5850.0	5.528742e-16
5851.0	5.556171e-16
5852.0	5.45586e-16
5853.0	5.538499e-16
5854.0	5.467603e-16
5855.0	5.247411e-16
5856.0	5.489405e-16
5857.0	5.112412e-16
5858.0	5.442777e-16
5859.0	5.442086e-16
5860.0	5.356485e-16
5861.0	5.59012e-16
5862.0	5.339293e-16
5863.0	5.320298e-16
5864.0	5.544428e-16
5865.0	5.427887e-16
5866.0	4.993111e-16
5867.0	5.506153e-16
5868.0	5.398686e-16
5869.0	5.228217e-16
5870.0	5.658168e-16
5871.0	5.582626e-16
5872.0	5.488119e-16
5873.0	6.085509e-16
5874.0	6.2032e-16
5875.0	5.620601e-16
5876.0	5.688486e-16
5877.0	5.359057e-16
5878.0	5.165078e-16
5879.0	5.578736e-16
5880.0	5.472527e-16
5881.0	5.251826e-16
5882.0	5.097061e-16
5883.0	5.136989e-16
5884.0	5.310333e-16
5885.0	5.214318e-16
5886.0	5.09966e-16
5887.0	5.437651e-16
5888.0	5.129143e-16
5889.0	4.826867e-16
5890.0	4.794532e-16
5891.0	4.721879e-16
5892.0	4.871401e-16
5893.0	5.01003e-16
5894.0	4.939032e-16
5895.0	4.632469e-16
5896.0	4.82558e-16
5897.0	5.118476e-16
5898.0	4.977051e-16
5899.0	5.148716e-16
5900.0	4.875162e-16
5901.0	5.112618e-16
5902.0	5.280401e-16
5903.0	5.322069e-16
5904.0	5.326817e-16
5905.0	5.525677e-16
5906.0	5.261636e-16
5907.0	5.308588e-16
5908.0	5.481437e-16
5909.0	5.502675e-16
5910.0	5.537162e-16
5911.0	5.655649e-16
5912.0	5.396417e-16
5913.0	5.609721e-16
5914.0	5.437241e-16
5915.0	5.053209e-16
5916.0	5.320768e-16
5917.0	5.433508e-16
5918.0	5.029439e-16
5919.0	5.246616e-16
5920.0	5.541729e-16
5921.0	5.414101e-16
5922.0	5.228751e-16
5923.0	5.307503e-16
5924.0	5.42654e-16
5925.0	5.407916e-16
5926.0	5.618776e-16
5927.0	5.492342e-16
5928.0	5.576843e-16
5929.0	5.580628e-16
5930.0	5.337338e-16
5931.0	5.062053e-16
5932.0	5.357835e-16
5933.0	5.038174e-16
5934.0	5.226738e-16
5935.0	5.255036e-16
5936.0	5.312892e-16
5937.0	5.660441e-16
5938.0	5.492593e-16
5939.0	5.492788e-16
5940.0	5.299836e-16
5941.0	5.22937e-16
5942.0	5.491904e-16
5943.0	5.40362e-16
5944.0	5.092736e-16
5945.0	5.188247e-16
5946.0	5.24017e-16
5947.0	5.018323e-16
5948.0	5.38412e-16
5949.0	5.554538e-16
5950.0	5.345499e-16
5951.0	5.527144e-16
5952.0	5.648378e-16
5953.0	5.557611e-16
5954.0	5.712322e-16
5955.0	5.510618e-16
5956.0	5.419716e-16
5957.0	5.608246e-16
5958.0	5.075237e-16
5959.0	5.266762e-16
5960.0	5.695793e-16
5961.0	5.336776e-16
5962.0	5.208071e-16
5963.0	5.627645e-16
5964.0	5.475718e-16
5965.0	5.275682e-16
5966.0	5.363319e-16
5967.0	5.478452e-16
5968.0	5.176995e-16
5969.0	5.191183e-16
5970.0	5.543348e-16
5971.0	5.657765e-16
5972.0	5.762253e-16
5973.0	5.454203e-16
5974.0	5.633293e-16
5975.0	5.383987e-16
5976.0	5.149677e-16
5977.0	4.724741e-16
5978.0	4.916842e-16
5979.0	5.411314e-16
5980.0	5.316996e-16
5981.0	5.451925e-16
5982.0	5.44644e-16
5983.0	4.866574e-16
5984.0	4.782273e-16
5985.0	5.247982e-16
5986.0	5.336765e-16
5987.0	5.256681e-16
5988.0	5.370801e-16
5989.0	5.414999e-16
5990.0	5.510969e-16
5991.0	5.460266e-16
5992.0	5.521072e-16
5993.0	5.48123e-16
5994.0	5.504237e-16
5995.0	5.597881e-16
5996.0	5.709905e-16
5997.0	5.720754e-16
5998.0	5.795984e-16
5999.0	5.590558e-16
6000.0	5.576099e-16
6001.0	5.591049e-16
6002.0	5.797799e-16
6003.0	5.451132e-16
6004.0	5.430164e-16
6005.0	5.723067e-16
6006.0	5.567344e-16
6007.0	5.494505e-16
6008.0	5.547242e-16
6009.0	5.626031e-16
6010.0	5.463457e-16
6011.0	5.600367e-16
6012.0	5.646034e-16
6013.0	5.730114e-16
6014.0	5.545832e-16
6015.0	5.416826e-16
6016.0	5.582505e-16
6017.0	5.479304e-16
6018.0	5.32262e-16
6019.0	5.49857e-16
6020.0	5.474466e-16
6021.0	5.59582e-16
6022.0	5.637208e-16
6023.0	5.49182e-16
6024.0	5.391941e-16
6025.0	5.389003e-16
6026.0	5.615264e-16
6027.0	5.344584e-16
6028.0	5.439345e-16
6029.0	5.613903e-16
6030.0	5.467397e-16
6031.0	5.38156e-16
6032.0	5.591451e-16
6033.0	5.663208e-16
6034.0	5.452945e-16
6035.0	5.512323e-16
6036.0	5.637121e-16
6037.0	5.475985e-16
6038.0	5.409834e-16
6039.0	5.367038e-16
6040.0	5.211324e-16
6041.0	5.372557e-16
6042.0	5.342526e-16
6043.0	5.451533e-16
6044.0	5.515898e-16
6045.0	5.588089e-16
6046.0	5.384935e-16
6047.0	5.354419e-16
6048.0	5.291235e-16
6049.0	5.409715e-16
6050.0	5.155675e-16
6051.0	5.231096e-16
6052.0	5.407869e-16
6053.0	5.449447e-16
6054.0	5.373681e-16
6055.0	5.304523e-16
6056.0	5.382531e-16
6057.0	5.276561e-16
6058.0	5.32338e-16
6059.0	5.176233e-16
6060.0	5.238208e-16
6061.0	5.28476e-16
6062.0	5.315291e-16
6063.0	5.294722e-16
6064.0	5.29631e-16
6065.0	4.969067e-16
6066.0	5.314062e-16
6067.0	5.329283e-16
6068.0	5.08775e-16
6069.0	5.088896e-16
6070.0	5.001642e-16
6071.0	4.567846e-16
6072.0	4.915227e-16
6073.0	5.118908e-16
6074.0	4.942983e-16
6075.0	4.746349e-16
6076.0	5.171991e-16
6077.0	5.256171e-16
6078.0	5.082901e-16
6079.0	4.96693e-16
6080.0	4.852533e-16
6081.0	4.848916e-16
6082.0	4.957065e-16
6083.0	5.14649e-16
6084.0	5.207478e-16
6085.0	5.17177e-16
6086.0	5.228942e-16
6087.0	5.063934e-16
6088.0	5.008657e-16
6089.0	4.884647e-16
6090.0	5.016976e-16
6091.0	4.922995e-16
6092.0	4.87152e-16
6093.0	4.949724e-16
6094.0	5.116418e-16
6095.0	5.004286e-16
6096.0	4.911532e-16
6097.0	5.053371e-16
6098.0	4.994178e-16
6099.0	4.917925e-16
6100.0	4.852364e-16
6101.0	4.751527e-16
6102.0	4.780774e-16
6103.0	4.919056e-16
6104.0	4.975616e-16
6105.0	4.77437e-16
6106.0	5.030792e-16
6107.0	4.768757e-16
6108.0	4.496272e-16
6109.0	4.774791e-16
6110.0	5.030903e-16
6111.0	4.847683e-16
6112.0	4.952955e-16
6113.0	4.781731e-16
6114.0	4.756336e-16
6115.0	4.570764e-16
6116.0	4.67198e-16
6117.0	4.732669e-16
6118.0	4.699035e-16
6119.0	4.820909e-16
6120.0	4.827048e-16
6121.0	4.765465e-16
6122.0	4.65941e-16
6123.0	4.58864e-16
6124.0	4.586005e-16
6125.0	4.627193e-16
6126.0	4.732817e-16
6127.0	4.43322e-16
6128.0	4.414999e-16
6129.0	4.599861e-16
6130.0	4.450195e-16
6131.0	4.402138e-16
6132.0	4.557699e-16
6133.0	4.569736e-16
6134.0	4.506045e-16
6135.0	4.303764e-16
6136.0	4.460071e-16
6137.0	4.518635e-16
6138.0	4.576529e-16
6139.0	4.39751e-16
6140.0	4.541659e-16
6141.0	4.481032e-16
6142.0	4.381265e-16
6143.0	4.518772e-16
6144.0	4.60251e-16
6145.0	4.366068e-16
6146.0	4.099041e-16
6147.0	4.38727e-16
6148.0	4.329476e-16
6149.0	4.135997e-16
6150.0	4.428027e-16
6151.0	4.421259e-16
6152.0	4.210822e-16
6153.0	4.434484e-16
6154.0	4.433394e-16
6155.0	4.019012e-16
6156.0	3.893375e-16
6157.0	4.229919e-16
6158.0	4.456536e-16
6159.0	4.243647e-16
6160.0	4.210216e-16
6161.0	4.125145e-16
6162.0	3.90458e-16
6163.0	4.34388e-16
6164.0	4.238413e-16
6165.0	3.969368e-16
6166.0	3.929221e-16
6167.0	4.207348e-16
6168.0	3.978962e-16
6169.0	3.987397e-16
6170.0	4.256019e-16
6171.0	3.943111e-16
6172.0	3.670269e-16
6173.0	3.841778e-16
6174.0	3.956504e-16
6175.0	3.902082e-16
6176.0	3.821333e-16
6177.0	4.056964e-16
6178.0	3.91976e-16
6179.0	3.810186e-16
6180.0	3.809782e-16
6181.0	4.070699e-16
6182.0	3.778739e-16
6183.0	3.68962e-16
6184.0	3.970076e-16
6185.0	3.803794e-16
6186.0	3.953277e-16
6187.0	3.895441e-16
6188.0	3.816168e-16
6189.0	3.90506e-16
6190.0	3.996615e-16
6191.0	3.684728e-16
6192.0	3.850408e-16
6193.0	3.591274e-16
6194.0	3.646772e-16
6195.0	3.517008e-16
6196.0	3.457123e-16
6197.0	3.704742e-16
6198.0	3.618767e-16
6199.0	3.541869e-16
6200.0	3.547789e-16
6201.0	3.605897e-16
6202.0	3.395501e-16
6203.0	3.442932e-16
6204.0	3.431788e-16
6205.0	3.385998e-16
6206.0	3.252604e-16
6207.0	3.427029e-16
6208.0	3.424502e-16
6209.0	3.238404e-16
6210.0	3.565109e-16
6211.0	3.486657e-16
6212.0	3.430526e-16
6213.0	3.454676e-16
6214.0	3.471467e-16
6215.0	3.391559e-16
6216.0	3.291643e-16
6217.0	3.385701e-16
6218.0	3.440792e-16
6219.0	3.301884e-16
6220.0	3.330343e-16
6221.0	3.276454e-16
6222.0	3.460884e-16
6223.0	3.416477e-16
6224.0	3.220836e-16
6225.0	3.400027e-16
6226.0	3.391878e-16
6227.0	3.435472e-16
6228.0	3.472739e-16
6229.0	3.535631e-16
6230.0	3.36723e-16
6231.0	3.419889e-16
6232.0	3.357553e-16
6233.0	3.204853e-16
6234.0	3.122954e-16
6235.0	3.141129e-16
6236.0	3.178064e-16
6237.0	3.037823e-16
6238.0	3.021974e-16
6239.0	3.270202e-16
6240.0	3.124139e-16
6241.0	3.067888e-16
6242.0	3.439306e-16
6243.0	3.294756e-16
6244.0	3.013993e-16
6245.0	3.036286e-16
6246.0	3.246676e-16
6247.0	3.147763e-16
6248.0	3.121864e-16
6249.0	3.209081e-16
6250.0	3.172357e-16
6251.0	3.371868e-16
6252.0	3.179431e-16
6253.0	3.252866e-16
6254.0	3.450633e-16
6255.0	3.037124e-16
6256.0	3.170745e-16
6257.0	3.330951e-16
6258.0	3.292377e-16
6259.0	3.127564e-16
6260.0	3.160732e-16
6261.0	3.359683e-16
6262.0	3.364908e-16
6263.0	3.416488e-16
6264.0	3.421686e-16
6265.0	3.248405e-16
6266.0	3.154566e-16
6267.0	3.065985e-16
6268.0	3.194759e-16
6269.0	3.11011e-16
6270.0	2.962505e-16
6271.0	3.264053e-16
6272.0	3.106399e-16
6273.0	2.983576e-16
6274.0	3.193341e-16
6275.0	3.119192e-16
6276.0	3.064261e-16
6277.0	3.086453e-16
6278.0	3.16843e-16
6279.0	3.187555e-16
6280.0	2.992365e-16
6281.0	3.094611e-16
6282.0	3.244408e-16
6283.0	3.323872e-16
6284.0	3.19385e-16
6285.0	3.19288e-16
6286.0	3.387058e-16
6287.0	3.154225e-16
6288.0	3.115458e-16
6289.0	3.319131e-16
6290.0	3.304129e-16
6291.0	3.249122e-16
6292.0	3.183762e-16
6293.0	3.384325e-16
6294.0	3.459632e-16
6295.0	3.360106e-16
6296.0	3.284755e-16
6297.0	3.462931e-16
6298.0	3.335243e-16
6299.0	3.241825e-16
6300.0	3.572755e-16
6301.0	3.639214e-16
6302.0	3.477763e-16
6303.0	3.464399e-16
6304.0	3.686806e-16
6305.0	3.540984e-16
6306.0	3.395381e-16
6307.0	3.571113e-16
6308.0	3.852772e-16
6309.0	3.703031e-16
6310.0	3.53845e-16
6311.0	3.530017e-16
6312.0	3.641503e-16
6313.0	3.551618e-16
6314.0	3.472785e-16
6315.0	3.595641e-16
6316.0	3.849619e-16
6317.0	3.62746e-16
6318.0	3.585741e-16
6319.0	3.741098e-16
6320.0	3.978327e-16
6321.0	3.883663e-16
6322.0	3.556153e-16
6323.0	3.769258e-16
6324.0	3.743792e-16
6325.0	3.749913e-16
6326.0	3.740948e-16
6327.0	3.930061e-16
6328.0	3.671617e-16
6329.0	3.566543e-16
6330.0	3.862927e-16
6331.0	3.879007e-16
6332.0	3.554266e-16
6333.0	3.855024e-16
6334.0	3.998497e-16
6335.0	3.947637e-16
6336.0	3.728982e-16
6337.0	3.942138e-16
6338.0	4.012425e-16
6339.0	3.764784e-16
6340.0	3.876456e-16
6341.0	4.057566e-16
6342.0	3.832269e-16
6343.0	3.99447e-16
6344.0	4.11956e-16
6345.0	3.947621e-16
6346.0	3.713644e-16
6347.0	3.79022e-16
6348.0	3.9707e-16
6349.0	4.042135e-16
6350.0	3.965597e-16
6351.0	3.788447e-16
6352.0	3.927857e-16
6353.0	3.959819e-16
6354.0	4.019748e-16
6355.0	4.141732e-16
6356.0	4.183341e-16
6357.0	3.971629e-16
6358.0	4.179551e-16
6359.0	4.283451e-16
6360.0	4.037644e-16
6361.0	4.221939e-16
6362.0	4.092571e-16
6363.0	4.19029e-16
6364.0	4.429681e-16
6365.0	4.19345e-16
6366.0	3.892795e-16
6367.0	4.076312e-16
6368.0	4.226995e-16
6369.0	3.965204e-16
6370.0	3.85895e-16
6371.0	4.182093e-16
6372.0	4.020676e-16
6373.0	4.128207e-16
6374.0	4.180799e-16
6375.0	4.432564e-16
6376.0	4.20856e-16
6377.0	4.236765e-16
6378.0	4.302407e-16
6379.0	4.338787e-16
6380.0	4.332216e-16
6381.0	4.442449e-16
6382.0	4.419601e-16
6383.0	4.601317e-16
6384.0	4.289745e-16
6385.0	4.423217e-16
6386.0	4.268276e-16
6387.0	4.602544e-16
6388.0	4.614335e-16
6389.0	4.451847e-16
6390.0	4.29356e-16
6391.0	4.494371e-16
6392.0	4.304652e-16
6393.0	4.108297e-16
6394.0	4.145542e-16
6395.0	4.385465e-16
6396.0	4.538755e-16
6397.0	4.237806e-16
6398.0	4.218483e-16
6399.0	4.493126e-16
6400.0	4.606547e-16
6401.0	4.578786e-16
6402.0	4.590448e-16
6403.0	4.748802e-16
6404.0	4.623695e-16
6405.0	4.726647e-16
6406.0	4.562322e-16
6407.0	4.694079e-16
6408.0	4.62255e-16
6409.0	4.582725e-16
6410.0	4.645433e-16
6411.0	4.845381e-16
6412.0	4.685405e-16
6413.0	4.567935e-16
6414.0	4.659793e-16
6415.0	4.640475e-16
6416.0	4.871297e-16
6417.0	4.904153e-16
6418.0	4.733113e-16
6419.0	4.807791e-16
6420.0	4.772382e-16
6421.0	4.770042e-16
6422.0	4.564198e-16
6423.0	4.587602e-16
6424.0	4.693926e-16
6425.0	4.795025e-16
6426.0	4.893841e-16
6427.0	4.840547e-16
6428.0	4.785293e-16
6429.0	4.770264e-16
6430.0	4.699343e-16
6431.0	4.961337e-16
6432.0	4.898946e-16
6433.0	5.033833e-16
6434.0	4.908418e-16
6435.0	4.69139e-16
6436.0	4.802793e-16
6437.0	4.846196e-16
6438.0	4.660848e-16
6439.0	4.529985e-16
6440.0	4.744391e-16
6441.0	5.024399e-16
6442.0	4.829429e-16
6443.0	4.711525e-16
6444.0	4.97637e-16
6445.0	4.758426e-16
6446.0	4.570403e-16
6447.0	4.80215e-16
6448.0	4.96584e-16
6449.0	4.960289e-16
6450.0	4.690766e-16
6451.0	4.75525e-16
6452.0	4.692203e-16
6453.0	4.506668e-16
6454.0	4.891246e-16
6455.0	5.030223e-16
6456.0	4.703645e-16
6457.0	4.867005e-16
6458.0	4.806481e-16
6459.0	4.868748e-16
6460.0	4.841205e-16
6461.0	4.844559e-16
6462.0	4.905739e-16
6463.0	4.97126e-16
6464.0	4.982298e-16
6465.0	4.671031e-16
6466.0	4.747678e-16
6467.0	4.765493e-16
6468.0	4.816005e-16
6469.0	4.698389e-16
6470.0	4.995234e-16
6471.0	4.902115e-16
6472.0	5.047775e-16
6473.0	4.903626e-16
6474.0	4.641835e-16
6475.0	4.697061e-16
6476.0	4.666923e-16
6477.0	4.930733e-16
6478.0	4.896567e-16
6479.0	4.787382e-16
6480.0	4.896847e-16
6481.0	4.933155e-16
6482.0	4.770139e-16
6483.0	4.666967e-16
6484.0	4.816353e-16
6485.0	4.92468e-16
6486.0	4.727459e-16
6487.0	4.808428e-16
6488.0	4.878808e-16
6489.0	5.117913e-16
6490.0	4.98042e-16
6491.0	4.736217e-16
6492.0	4.669731e-16
6493.0	5.003955e-16
6494.0	4.863774e-16
6495.0	4.849603e-16
6496.0	4.93752e-16
6497.0	5.088414e-16
6498.0	5.014836e-16
6499.0	5.008475e-16
6500.0	5.116122e-16
6501.0	5.098729e-16
6502.0	5.119332e-16
6503.0	4.936258e-16
6504.0	4.983075e-16
6505.0	5.208796e-16
6506.0	5.233588e-16
6507.0	4.898162e-16
6508.0	4.917914e-16
6509.0	4.98701e-16
6510.0	5.087935e-16
6511.0	4.809109e-16
6512.0	4.904818e-16
6513.0	4.906202e-16
6514.0	4.922615e-16
6515.0	4.999021e-16
6516.0	4.778412e-16
6517.0	4.812835e-16
6518.0	4.883122e-16
6519.0	4.975799e-16
6520.0	4.822154e-16
6521.0	5.033095e-16
6522.0	4.868337e-16
6523.0	4.947456e-16
6524.0	4.909765e-16
6525.0	4.955739e-16
6526.0	4.764485e-16
6527.0	4.994243e-16
6528.0	4.904726e-16
6529.0	4.850345e-16
6530.0	4.753514e-16
6531.0	4.804804e-16
6532.0	4.939023e-16
6533.0	5.02141e-16
6534.0	4.747169e-16
6535.0	4.700546e-16
6536.0	4.855582e-16
6537.0	5.027211e-16
6538.0	4.982258e-16
6539.0	4.688813e-16
6540.0	4.970121e-16
6541.0	5.14769e-16
6542.0	5.062359e-16
6543.0	4.82389e-16
6544.0	4.67761e-16
6545.0	4.815465e-16
6546.0	4.901826e-16
6547.0	4.811219e-16
6548.0	4.872874e-16
6549.0	4.77e-16
6550.0	4.949167e-16
6551.0	4.931173e-16
6552.0	4.922052e-16
6553.0	4.851779e-16
6554.0	4.746277e-16
6555.0	4.864149e-16
6556.0	4.884851e-16
6557.0	4.726452e-16
6558.0	4.756179e-16
6559.0	4.829953e-16
6560.0	4.723293e-16
6561.0	4.822732e-16
6562.0	4.771827e-16
6563.0	4.915432e-16
6564.0	4.677608e-16
6565.0	4.632533e-16
6566.0	4.908487e-16
6567.0	4.888336e-16
6568.0	4.886745e-16
6569.0	4.698264e-16
6570.0	4.492019e-16
6571.0	4.503238e-16
6572.0	4.578713e-16
6573.0	4.68035e-16
6574.0	4.61765e-16
6575.0	4.661417e-16
6576.0	4.756876e-16
6577.0	4.885977e-16
6578.0	4.711175e-16
6579.0	4.623803e-16
6580.0	4.526072e-16
6581.0	4.750479e-16
6582.0	4.618275e-16
6583.0	4.430757e-16
6584.0	4.670893e-16
6585.0	4.694174e-16
6586.0	4.615436e-16
6587.0	4.535174e-16
6588.0	4.650189e-16
6589.0	4.635412e-16
6590.0	4.452584e-16
6591.0	4.663193e-16
6592.0	4.7312e-16
6593.0	4.587965e-16
6594.0	4.444604e-16
6595.0	4.29744e-16
6596.0	4.445333e-16
6597.0	4.43191e-16
6598.0	4.51006e-16
6599.0	4.620311e-16
6600.0	4.579838e-16
6601.0	4.507756e-16
6602.0	4.54e-16
6603.0	4.805541e-16
6604.0	4.59428e-16
6605.0	4.447484e-16
6606.0	4.448282e-16
6607.0	4.343092e-16
6608.0	4.511454e-16
6609.0	4.552052e-16
6610.0	4.577684e-16
6611.0	4.654597e-16
6612.0	4.661692e-16
6613.0	4.386612e-16
6614.0	4.360926e-16
6615.0	4.628391e-16
6616.0	4.646679e-16
6617.0	4.414861e-16
6618.0	4.42905e-16
6619.0	4.723144e-16
6620.0	4.719692e-16
6621.0	4.383498e-16
6622.0	4.210089e-16
6623.0	4.570977e-16
6624.0	4.488088e-16
6625.0	4.485871e-16
6626.0	4.376906e-16
6627.0	4.434703e-16
6628.0	4.524568e-16
6629.0	4.546953e-16
6630.0	4.328826e-16
6631.0	4.369865e-16
6632.0	4.495193e-16
6633.0	4.398346e-16
6634.0	4.211492e-16
6635.0	4.401879e-16
6636.0	4.464499e-16
6637.0	4.353812e-16
6638.0	4.381431e-16
6639.0	4.342422e-16
6640.0	4.308416e-16
6641.0	4.304725e-16
6642.0	4.333001e-16
6643.0	4.585772e-16
6644.0	4.470011e-16
6645.0	4.213521e-16
6646.0	4.123949e-16
6647.0	4.299352e-16
6648.0	4.377094e-16
6649.0	4.364493e-16
6650.0	4.119262e-16
6651.0	4.113403e-16
6652.0	4.241381e-16
6653.0	4.355345e-16
6654.0	4.313307e-16
6655.0	4.073631e-16
6656.0	4.422249e-16
6657.0	4.388853e-16
6658.0	4.249196e-16
6659.0	4.365386e-16
6660.0	4.216527e-16
6661.0	4.109417e-16
6662.0	4.149138e-16
6663.0	4.234986e-16
6664.0	4.291469e-16
6665.0	4.350756e-16
6666.0	4.197876e-16
6667.0	4.183911e-16
6668.0	4.257512e-16
6669.0	4.26345e-16
6670.0	4.348287e-16
6671.0	4.294894e-16
6672.0	4.07194e-16
6673.0	4.094207e-16
6674.0	4.292807e-16
6675.0	4.333069e-16
6676.0	4.289846e-16
6677.0	4.104138e-16
6678.0	4.10185e-16
6679.0	4.236957e-16
6680.0	4.076611e-16
6681.0	3.971948e-16
6682.0	4.179341e-16
6683.0	4.204899e-16
6684.0	4.336205e-16
6685.0	4.201448e-16
6686.0	4.11296e-16
6687.0	4.260575e-16
6688.0	4.172611e-16
6689.0	4.219666e-16
6690.0	4.239276e-16
6691.0	4.317995e-16
6692.0	4.071073e-16
6693.0	4.243895e-16
6694.0	4.177272e-16
6695.0	4.185071e-16
6696.0	4.108625e-16
6697.0	4.134073e-16
6698.0	4.158917e-16
6699.0	4.199507e-16
6700.0	4.16686e-16
6701.0	3.93017e-16
6702.0	4.096026e-16
6703.0	4.25332e-16
6704.0	4.094419e-16
6705.0	3.98838e-16
6706.0	4.154917e-16
6707.0	4.399905e-16
6708.0	4.296915e-16
6709.0	4.098436e-16
6710.0	4.194761e-16
6711.0	4.159854e-16
6712.0	4.049544e-16
6713.0	3.917376e-16
6714.0	4.082317e-16
6715.0	4.179298e-16
6716.0	4.107242e-16
6717.0	4.11423e-16
6718.0	4.045482e-16
6719.0	4.092438e-16
6720.0	4.232837e-16
6721.0	4.172468e-16
6722.0	4.221608e-16
6723.0	4.093456e-16
6724.0	4.062404e-16
6725.0	4.27024e-16
6726.0	4.292549e-16
6727.0	4.024713e-16
6728.0	3.855871e-16
6729.0	3.903155e-16
6730.0	4.019293e-16
6731.0	4.104931e-16
6732.0	4.13951e-16
6733.0	3.98793e-16
6734.0	3.836707e-16
6735.0	3.875465e-16
6736.0	3.944491e-16
6737.0	4.045592e-16
6738.0	3.975921e-16
6739.0	3.906059e-16
6740.0	4.077834e-16
6741.0	4.01099e-16
6742.0	3.91387e-16
6743.0	3.906284e-16
6744.0	4.143345e-16
6745.0	4.207121e-16
6746.0	3.980139e-16
6747.0	3.921238e-16
6748.0	3.93284e-16
6749.0	4.023256e-16
6750.0	4.090276e-16
6751.0	3.81329e-16
6752.0	3.95097e-16
6753.0	4.196367e-16
6754.0	4.134038e-16
6755.0	3.975527e-16
6756.0	3.988132e-16
6757.0	4.118824e-16
6758.0	4.095262e-16
6759.0	4.07335e-16
6760.0	4.071041e-16
6761.0	4.064085e-16
6762.0	3.953257e-16
6763.0	3.838496e-16
6764.0	3.851128e-16
6765.0	3.943981e-16
6766.0	3.779702e-16
6767.0	4.183894e-16
6768.0	4.780123e-16
6769.0	5.15586e-16
6770.0	5.290067e-16
6771.0	4.833376e-16
6772.0	4.362363e-16
6773.0	4.008945e-16
6774.0	3.816992e-16
6775.0	3.715154e-16
6776.0	3.903265e-16
6777.0	4.090546e-16
6778.0	4.178114e-16
6779.0	3.85857e-16
6780.0	3.779215e-16
6781.0	3.852684e-16
6782.0	3.912801e-16
6783.0	4.107884e-16
6784.0	4.017082e-16
6785.0	3.745419e-16
6786.0	3.848893e-16
6787.0	4.049198e-16
6788.0	4.067786e-16
6789.0	4.0847e-16
6790.0	4.028078e-16
6791.0	3.860539e-16
6792.0	4.209244e-16
6793.0	4.066433e-16
6794.0	3.595849e-16
6795.0	3.913808e-16
6796.0	3.928498e-16
6797.0	3.791287e-16
6798.0	3.819735e-16
6799.0	3.692011e-16
6800.0	3.84657e-16
6801.0	3.746993e-16
6802.0	3.76244e-16
6803.0	3.611258e-16
6804.0	3.752578e-16
6805.0	4.023464e-16
6806.0	3.876582e-16
6807.0	3.850304e-16
6808.0	3.74425e-16
6809.0	3.771974e-16
6810.0	3.87677e-16
6811.0	3.755733e-16
6812.0	3.716975e-16
6813.0	3.683906e-16
6814.0	3.770313e-16
6815.0	3.836604e-16
6816.0	3.74852e-16
6817.0	3.660893e-16
6818.0	3.870205e-16
6819.0	3.855203e-16
6820.0	3.695823e-16
6821.0	3.780838e-16
6822.0	3.923777e-16
6823.0	3.924415e-16
6824.0	4.051157e-16
6825.0	3.807014e-16
6826.0	3.687659e-16
6827.0	3.873843e-16
6828.0	3.869368e-16
6829.0	3.80369e-16
6830.0	3.678738e-16
6831.0	3.648547e-16
6832.0	3.859684e-16
6833.0	3.905796e-16
6834.0	3.662936e-16
6835.0	3.604206e-16
6836.0	3.595699e-16
6837.0	3.66319e-16
6838.0	3.857729e-16
6839.0	3.732539e-16
6840.0	3.733539e-16
6841.0	3.665545e-16
6842.0	3.844766e-16
6843.0	3.679671e-16
6844.0	3.642809e-16
6845.0	3.542096e-16
6846.0	3.707597e-16
6847.0	3.730025e-16
6848.0	3.830023e-16
6849.0	3.770454e-16
6850.0	3.613536e-16
6851.0	3.763475e-16
6852.0	3.688172e-16
6853.0	3.737855e-16
6854.0	3.80658e-16
6855.0	3.795761e-16
6856.0	3.736269e-16
6857.0	3.697295e-16
6858.0	3.680093e-16
6859.0	3.743991e-16
6860.0	3.729906e-16
6861.0	3.742914e-16
6862.0	3.638397e-16
6863.0	3.543342e-16
6864.0	3.782848e-16
6865.0	3.698359e-16
6866.0	3.606643e-16
6867.0	3.549713e-16
6868.0	3.618153e-16
6869.0	3.561043e-16
6870.0	3.691063e-16
6871.0	3.846901e-16
6872.0	3.931479e-16
6873.0	3.8568e-16
6874.0	3.879952e-16
6875.0	3.814193e-16
6876.0	3.505506e-16
6877.0	3.460117e-16
6878.0	3.60569e-16
6879.0	3.821124e-16
6880.0	3.748154e-16
6881.0	3.666519e-16
6882.0	3.879976e-16
6883.0	3.597873e-16
6884.0	3.791255e-16
6885.0	3.764812e-16
6886.0	3.490631e-16
6887.0	3.477659e-16
6888.0	3.697524e-16
6889.0	3.46222e-16
6890.0	3.414876e-16
6891.0	3.675735e-16
6892.0	3.718182e-16
6893.0	3.892777e-16
6894.0	3.695646e-16
6895.0	3.852237e-16
6896.0	3.830248e-16
6897.0	3.567577e-16
6898.0	3.553987e-16
6899.0	3.776748e-16
6900.0	3.624271e-16
6901.0	3.725959e-16
6902.0	3.661719e-16
6903.0	3.352406e-16
6904.0	3.558793e-16
6905.0	3.895087e-16
6906.0	3.831438e-16
6907.0	3.564405e-16
6908.0	3.519693e-16
6909.0	3.525315e-16
6910.0	3.720347e-16
6911.0	3.893849e-16
6912.0	3.513253e-16
6913.0	3.328913e-16
6914.0	3.477705e-16
6915.0	3.503384e-16
6916.0	3.299916e-16
6917.0	3.38005e-16
6918.0	3.513357e-16
6919.0	3.658984e-16
6920.0	3.809918e-16
6921.0	3.550657e-16
6922.0	3.579784e-16
6923.0	3.541408e-16
6924.0	3.475512e-16
6925.0	3.639351e-16
6926.0	3.844181e-16
6927.0	3.760324e-16
6928.0	3.541244e-16
6929.0	3.787337e-16
6930.0	3.832146e-16
6931.0	3.584727e-16
6932.0	3.387237e-16
6933.0	3.364834e-16
6934.0	3.386595e-16
6935.0	3.664869e-16
6936.0	3.470861e-16
6937.0	3.367261e-16
6938.0	3.474658e-16
6939.0	3.667605e-16
6940.0	3.53886e-16
6941.0	3.336973e-16
6942.0	3.327892e-16
6943.0	3.598373e-16
6944.0	3.576481e-16
6945.0	3.681476e-16
6946.0	3.321221e-16
6947.0	3.497577e-16
6948.0	3.642209e-16
6949.0	3.379126e-16
6950.0	3.199379e-16
6951.0	3.289156e-16
6952.0	3.318104e-16
6953.0	3.323482e-16
6954.0	3.272883e-16
6955.0	3.30869e-16
6956.0	3.494756e-16
6957.0	3.460905e-16
6958.0	3.347848e-16
6959.0	3.328698e-16
6960.0	3.34547e-16
6961.0	3.449972e-16
6962.0	3.498169e-16
6963.0	3.634196e-16
6964.0	3.316481e-16
6965.0	3.167251e-16
6966.0	3.422337e-16
6967.0	3.537772e-16
6968.0	3.433751e-16
6969.0	3.404775e-16
6970.0	3.374531e-16
6971.0	3.49192e-16
6972.0	3.664877e-16
6973.0	3.427775e-16
6974.0	3.360897e-16
6975.0	3.602921e-16
6976.0	3.792893e-16
6977.0	3.50885e-16
6978.0	3.445717e-16
6979.0	3.597309e-16
6980.0	3.408093e-16
6981.0	3.388119e-16
6982.0	3.315241e-16
6983.0	3.251292e-16
6984.0	3.366377e-16
6985.0	3.658919e-16
6986.0	3.505142e-16
6987.0	3.211148e-16
6988.0	3.082291e-16
6989.0	3.383693e-16
6990.0	3.268037e-16
6991.0	3.359344e-16
6992.0	3.251712e-16
6993.0	3.252073e-16
6994.0	3.340966e-16
6995.0	3.387284e-16
6996.0	3.165121e-16
6997.0	3.233657e-16
6998.0	3.218647e-16
6999.0	3.418279e-16
7000.0	3.599897e-16
7001.0	3.398439e-16
7002.0	3.144549e-16
7003.0	3.211604e-16
7004.0	3.406902e-16
7005.0	3.334868e-16
7006.0	3.206053e-16
7007.0	3.243006e-16
7008.0	3.210165e-16
7009.0	3.366109e-16
7010.0	3.282113e-16
7011.0	3.401136e-16
7012.0	3.252207e-16
7013.0	3.113716e-16
7014.0	3.34441e-16
7015.0	3.215325e-16
7016.0	3.22289e-16
7017.0	3.324172e-16
7018.0	3.243621e-16
7019.0	3.213742e-16
7020.0	3.134113e-16
7021.0	3.08402e-16
7022.0	3.284278e-16
7023.0	3.406667e-16
7024.0	3.280234e-16
7025.0	3.149355e-16
7026.0	3.401691e-16
7027.0	3.467992e-16
7028.0	3.204901e-16
7029.0	3.202506e-16
7030.0	3.092002e-16
7031.0	3.213876e-16
7032.0	3.148452e-16
7033.0	3.443399e-16
7034.0	3.599862e-16
7035.0	3.414098e-16
7036.0	3.510573e-16
7037.0	3.567291e-16
7038.0	3.404496e-16
7039.0	3.27215e-16
7040.0	3.139898e-16
7041.0	3.221341e-16
7042.0	3.364608e-16
7043.0	3.343394e-16
7044.0	3.178973e-16
7045.0	3.108645e-16
7046.0	3.424827e-16
7047.0	3.626631e-16
7048.0	3.672662e-16
7049.0	3.484118e-16
7050.0	3.290177e-16
7051.0	3.275669e-16
7052.0	3.358065e-16
7053.0	3.185037e-16
7054.0	2.972201e-16
7055.0	3.115566e-16
7056.0	3.171217e-16
7057.0	3.339522e-16
7058.0	3.336971e-16
7059.0	3.471987e-16
7060.0	3.375083e-16
