#	 2018bs 
#	 UT date of observation: 20180114 
#	 Telescope/Instrument: Lick3m/KAST 
#	 Estimated Peak MJD: nan 
#	 Estimated redshift: 0.070 
#	 Estimated Phase: nan 
#	 Published in Dettman et al. 2020 
#	 Observed barycentric wavelength (Angstroms)    F_lambda
3300.0	0.351368
3303.0	0.755616
3306.0	0.417677
3309.0	-0.563189
3312.0	0.887343
3315.0	0.305348
3318.0	0.536941
3321.0	0.68963
3324.0	1.03298
3327.0	0.640853
3330.0	0.176388
3333.0	-0.404209
3336.0	0.881121
3339.0	1.18607
3342.0	1.08504
3345.0	0.0013343
3348.0	0.332255
3351.0	0.710499
3354.0	0.472226
3357.0	0.64207
3360.0	0.791692
3363.0	-0.625258
3366.0	0.562634
3369.0	0.6586
3372.0	0.386686
3375.0	0.354315
3378.0	0.913749
3381.0	0.420665
3384.0	0.104806
3387.0	0.628665
3390.0	0.550578
3393.0	0.408778
3396.0	0.873983
3399.0	0.403769
3402.0	0.443875
3405.0	0.323402
3408.0	0.213259
3411.0	0.428647
3414.0	0.431006
3417.0	0.433163
3420.0	0.0600909
3423.0	0.719327
3426.0	0.302162
3429.0	0.547273
3432.0	0.611929
3435.0	0.502051
3438.0	0.510458
3441.0	0.448028
3444.0	0.459359
3447.0	0.203008
3450.0	0.483925
3453.0	0.148894
3456.0	0.249791
3459.0	0.404732
3462.0	0.35818
3465.0	0.294097
3468.0	0.268573
3471.0	0.411917
3474.0	0.256528
3477.0	0.451737
3480.0	0.19158
3483.0	0.398417
3486.0	0.311614
3489.0	0.423478
3492.0	0.352842
3495.0	0.372824
3498.0	0.338158
3501.0	0.307899
3504.0	0.293231
3507.0	0.524236
3510.0	0.521627
3513.0	0.273609
3516.0	0.40268
3519.0	0.411678
3522.0	0.444726
3525.0	0.464839
3528.0	0.366706
3531.0	0.452136
3534.0	0.339565
3537.0	0.509206
3540.0	0.504347
3543.0	0.349567
3546.0	0.554161
3549.0	0.541005
3552.0	0.351996
3555.0	0.418085
3558.0	0.232104
3561.0	0.608926
3564.0	0.643701
3567.0	0.499883
3570.0	0.536066
3573.0	0.452334
3576.0	0.660776
3579.0	0.449054
3582.0	0.419171
3585.0	0.435149
3588.0	0.613301
3591.0	0.549663
3594.0	0.420865
3597.0	0.615275
3600.0	0.436126
3603.0	0.426428
3606.0	0.551936
3609.0	0.354481
3612.0	0.528654
3615.0	0.480094
3618.0	0.418332
3621.0	0.463022
3624.0	0.540535
3627.0	0.650171
3630.0	0.596791
3633.0	0.391372
3636.0	0.482841
3639.0	0.640165
3642.0	0.586299
3645.0	0.415404
3648.0	0.673616
3651.0	0.709506
3654.0	0.541529
3657.0	0.664804
3660.0	0.46172
3663.0	0.721831
3666.0	0.857085
3669.0	0.862772
3672.0	0.653819
3675.0	0.754638
3678.0	0.616677
3681.0	0.86013
3684.0	0.776654
3687.0	0.827716
3690.0	0.787345
3693.0	0.840335
3696.0	0.637139
3699.0	0.730581
3702.0	0.701838
3705.0	0.773523
3708.0	0.651319
3711.0	0.780575
3714.0	0.7356
3717.0	0.724025
3720.0	0.738943
3723.0	0.850193
3726.0	0.730363
3729.0	0.865702
3732.0	0.811642
3735.0	0.937988
3738.0	0.777906
3741.0	0.858404
3744.0	0.921877
3747.0	0.998227
3750.0	0.840836
3753.0	0.878544
3756.0	0.879928
3759.0	0.913266
3762.0	0.969588
3765.0	0.765403
3768.0	0.960759
3771.0	0.830839
3774.0	0.987872
3777.0	0.879434
3780.0	0.943877
3783.0	0.972336
3786.0	0.968035
3789.0	1.04462
3792.0	1.00238
3795.0	1.03838
3798.0	1.00039
3801.0	1.0562
3804.0	0.997083
3807.0	1.00097
3810.0	1.15422
3813.0	0.906724
3816.0	0.976814
3819.0	1.13913
3822.0	1.07541
3825.0	1.04731
3828.0	0.985626
3831.0	1.01157
3834.0	1.14293
3837.0	0.973845
3840.0	0.921861
3843.0	1.09431
3846.0	0.979254
3849.0	1.02067
3852.0	0.950782
3855.0	0.928648
3858.0	0.955346
3861.0	0.893692
3864.0	0.84076
3867.0	0.888392
3870.0	0.745266
3873.0	0.896309
3876.0	0.749198
3879.0	0.781258
3882.0	0.781806
3885.0	0.678797
3888.0	0.661694
3891.0	0.712543
3894.0	0.655156
3897.0	0.461977
3900.0	0.549603
3903.0	0.535913
3906.0	0.637985
3909.0	0.539218
3912.0	0.475529
3915.0	0.465983
3918.0	0.534009
3921.0	0.483373
3924.0	0.380435
3927.0	0.387854
3930.0	0.384786
3933.0	0.388819
3936.0	0.410487
3939.0	0.364752
3942.0	0.392857
3945.0	0.430733
3948.0	0.31854
3951.0	0.4201
3954.0	0.360505
3957.0	0.334359
3960.0	0.289384
3963.0	0.351951
3966.0	0.348117
3969.0	0.294786
3972.0	0.309954
3975.0	0.30382
3978.0	0.348371
3981.0	0.356362
3984.0	0.410772
3987.0	0.356848
3990.0	0.504124
3993.0	0.417493
3996.0	0.509607
3999.0	0.477874
4002.0	0.566215
4005.0	0.47028
4008.0	0.636203
4011.0	0.537777
4014.0	0.668764
4017.0	0.697882
4020.0	0.611816
4023.0	0.638506
4026.0	0.582283
4029.0	0.529124
4032.0	0.572253
4035.0	0.595411
4038.0	0.561038
4041.0	0.595716
4044.0	0.588461
4047.0	0.472897
4050.0	0.554347
4053.0	0.542317
4056.0	0.523054
4059.0	0.529138
4062.0	0.602967
4065.0	0.589252
4068.0	0.667583
4071.0	0.53344
4074.0	0.59414
4077.0	0.578196
4080.0	0.677729
4083.0	0.73787
4086.0	0.564143
4089.0	0.565961
4092.0	0.71085
4095.0	0.70049
4098.0	0.76497
4101.0	0.67723
4104.0	0.825081
4107.0	0.765264
4110.0	0.784486
4113.0	0.843679
4116.0	0.871706
4119.0	0.796962
4122.0	0.85407
4125.0	0.950399
4128.0	0.868502
4131.0	0.945351
4134.0	0.875241
4137.0	0.979944
4140.0	0.883687
4143.0	1.03805
4146.0	0.924637
4149.0	1.00164
4152.0	0.930427
4155.0	1.00189
4158.0	0.92979
4161.0	1.02883
4164.0	1.04063
4167.0	1.03251
4170.0	0.941527
4173.0	1.01497
4176.0	1.00199
4179.0	1.0216
4182.0	1.03038
4185.0	1.13032
4188.0	1.05528
4191.0	1.10121
4194.0	1.08294
4197.0	1.10528
4200.0	1.09806
4203.0	1.14461
4206.0	1.20269
4209.0	1.14452
4212.0	1.16604
4215.0	1.16572
4218.0	1.12445
4221.0	1.1723
4224.0	1.11369
4227.0	1.03947
4230.0	0.956231
4233.0	1.10916
4236.0	1.06583
4239.0	1.01239
4242.0	1.0177
4245.0	0.856031
4248.0	1.08885
4251.0	0.955251
4254.0	0.88697
4257.0	0.927227
4260.0	0.944753
4263.0	0.785007
4266.0	0.830741
4269.0	0.890921
4272.0	0.871917
4275.0	0.867212
4278.0	0.919832
4281.0	0.912412
4284.0	0.926621
4287.0	0.868349
4290.0	0.967862
4293.0	0.90579
4296.0	0.932969
4299.0	1.01415
4302.0	0.958899
4305.0	1.004
4308.0	1.08181
4311.0	1.01081
4314.0	1.03129
4317.0	1.12837
4320.0	1.07589
4323.0	1.01862
4326.0	1.13036
4329.0	0.990521
4332.0	1.07678
4335.0	1.05667
4338.0	1.01459
4341.0	1.11232
4344.0	1.10603
4347.0	1.10189
4350.0	1.14782
4353.0	1.10916
4356.0	1.07737
4359.0	0.755739
4362.0	1.13263
4365.0	1.13623
4368.0	1.05435
4371.0	0.97136
4374.0	0.994767
4377.0	1.05304
4380.0	1.02925
4383.0	0.918517
4386.0	1.00655
4389.0	1.05543
4392.0	0.961334
4395.0	0.966628
4398.0	1.00827
4401.0	1.05014
4404.0	0.892489
4407.0	0.881904
4410.0	0.985903
4413.0	0.917404
4416.0	0.941789
4419.0	0.902623
4422.0	0.903378
4425.0	0.882076
4428.0	0.980081
4431.0	0.83455
4434.0	0.928679
4437.0	0.868903
4440.0	0.837919
4443.0	0.895808
4446.0	0.924503
4449.0	0.96492
4452.0	0.898176
4455.0	0.918527
4458.0	0.766186
4461.0	0.892018
4464.0	0.871365
4467.0	0.856252
4470.0	0.836705
4473.0	0.771715
4476.0	0.765554
4479.0	0.886117
4482.0	0.794555
4485.0	0.80281
4488.0	0.809163
4491.0	0.658376
4494.0	0.698924
4497.0	0.678558
4500.0	0.711916
4503.0	0.76745
4506.0	0.549805
4509.0	0.649306
4512.0	0.662307
4515.0	0.68969
4518.0	0.697182
4521.0	0.659464
4524.0	0.648577
4527.0	0.574984
4530.0	0.635858
4533.0	0.671158
4536.0	0.641032
4539.0	0.598566
4542.0	0.674186
4545.0	0.631466
4548.0	0.544179
4551.0	0.623913
4554.0	0.600631
4557.0	0.568541
4560.0	0.565898
4563.0	0.582146
4566.0	0.587089
4569.0	0.612984
4572.0	0.566762
4575.0	0.521109
4578.0	0.488625
4581.0	0.485071
4584.0	0.627953
4587.0	0.53066
4590.0	0.587316
4593.0	0.492464
4596.0	0.524908
4599.0	0.554968
4602.0	0.578414
4605.0	0.600839
4608.0	0.571498
4611.0	0.608552
4614.0	0.600045
4617.0	0.536332
4620.0	0.597079
4623.0	0.564354
4626.0	0.56976
4629.0	0.646655
4632.0	0.61983
4635.0	0.606761
4638.0	0.644857
4641.0	0.711552
4644.0	0.689092
4647.0	0.622289
4650.0	0.663729
4653.0	0.669123
4656.0	0.695096
4659.0	0.682686
4662.0	0.657571
4665.0	0.728904
4668.0	0.745439
4671.0	0.694341
4674.0	0.699722
4677.0	0.730985
4680.0	0.678219
4683.0	0.626328
4686.0	0.728411
4689.0	0.622898
4692.0	0.646431
4695.0	0.643566
4698.0	0.63546
4701.0	0.694973
4704.0	0.564365
4707.0	0.605263
4710.0	0.601839
4713.0	0.669277
4716.0	0.573763
4719.0	0.611358
4722.0	0.508405
4725.0	0.628845
4728.0	0.564848
4731.0	0.643026
4734.0	0.575129
4737.0	0.690755
4740.0	0.604891
4743.0	0.647868
4746.0	0.677559
4749.0	0.679372
4752.0	0.718455
4755.0	0.696934
4758.0	0.720239
4761.0	0.681585
4764.0	0.692911
4767.0	0.713789
4770.0	0.685329
4773.0	0.8294
4776.0	0.725283
4779.0	0.743879
4782.0	0.719509
4785.0	0.716633
4788.0	0.773453
4791.0	0.75926
4794.0	0.772419
4797.0	0.773312
4800.0	0.765607
4803.0	0.793151
4806.0	0.764585
4809.0	0.751701
4812.0	0.730581
4815.0	0.768614
4818.0	0.774649
4821.0	0.81043
4824.0	0.73108
4827.0	0.763142
4830.0	0.755866
4833.0	0.76124
4836.0	0.755966
4839.0	0.766899
4842.0	0.799315
4845.0	0.792161
4848.0	0.681667
4851.0	0.712353
4854.0	0.774643
4857.0	0.777508
4860.0	0.742318
4863.0	0.725587
4866.0	0.756085
4869.0	0.748363
4872.0	0.798277
4875.0	0.697066
4878.0	0.763476
4881.0	0.718271
4884.0	0.721393
4887.0	0.791755
4890.0	0.777213
4893.0	0.75894
4896.0	0.705193
4899.0	0.716816
4902.0	0.753153
4905.0	0.670291
4908.0	0.693423
4911.0	0.793534
4914.0	0.678734
4917.0	0.759069
4920.0	0.663028
4923.0	0.680144
4926.0	0.759974
4929.0	0.651854
4932.0	0.708661
4935.0	0.689279
4938.0	0.677744
4941.0	0.707541
4944.0	0.674419
4947.0	0.617957
4950.0	0.603605
4953.0	0.612664
4956.0	0.622242
4959.0	0.55382
4962.0	0.616732
4965.0	0.560118
4968.0	0.58371
4971.0	0.542854
4974.0	0.519107
4977.0	0.504793
4980.0	0.638493
4983.0	0.586792
4986.0	0.567674
4989.0	0.526629
4992.0	0.557763
4995.0	0.593255
4998.0	0.628421
5001.0	0.581559
5004.0	0.566719
5007.0	0.581917
5010.0	0.603864
5013.0	0.667333
5016.0	0.553069
5019.0	0.516481
5022.0	0.534353
5025.0	0.554314
5028.0	0.576833
5031.0	0.542273
5034.0	0.507952
5037.0	0.545983
5040.0	0.529947
5043.0	0.52707
5046.0	0.519994
5049.0	0.497795
5052.0	0.529648
5055.0	0.549675
5058.0	0.486266
5061.0	0.47479
5064.0	0.498285
5067.0	0.489605
5070.0	0.454052
5073.0	0.453258
5076.0	0.525832
5079.0	0.487237
5082.0	0.494278
5085.0	0.466055
5088.0	0.490496
5091.0	0.56058
5094.0	0.480932
5097.0	0.509442
5100.0	0.491416
5103.0	0.530883
5106.0	0.546102
5109.0	0.548943
5112.0	0.571003
5115.0	0.518838
5118.0	0.543535
5121.0	0.583365
5124.0	0.560729
5127.0	0.580909
5130.0	0.532963
5133.0	0.512733
5136.0	0.537534
5139.0	0.437199
5142.0	0.509138
5145.0	0.451818
5148.0	0.469265
5151.0	0.53519
5154.0	0.481082
5157.0	0.432106
5160.0	0.429813
5163.0	0.436568
5166.0	0.350821
5169.0	0.369901
5172.0	0.425864
5175.0	0.411989
5178.0	0.391687
5181.0	0.339033
5184.0	0.346453
5187.0	0.418315
5190.0	0.346931
5193.0	0.385201
5196.0	0.402349
5199.0	0.333573
5202.0	0.332108
5205.0	0.43277
5208.0	0.407526
5211.0	0.371824
5214.0	0.384818
5217.0	0.401561
5220.0	0.390729
5223.0	0.449171
5226.0	0.37634
5229.0	0.429136
5232.0	0.416997
5235.0	0.403859
5238.0	0.450456
5241.0	0.414937
5244.0	0.435075
5247.0	0.438571
5250.0	0.400297
5253.0	0.471233
5256.0	0.455678
5259.0	0.436686
5262.0	0.478966
5265.0	0.43837
5268.0	0.437752
5271.0	0.397387
5274.0	0.496943
5277.0	0.442043
5280.0	0.448358
5283.0	0.452716
5286.0	0.429236
5289.0	0.424662
5292.0	0.406486
5295.0	0.448264
5298.0	0.422229
5301.0	0.413497
5304.0	0.408106
5307.0	0.410782
5310.0	0.37004
5313.0	0.35477
5316.0	0.401059
5319.0	0.374561
5322.0	0.447733
5325.0	0.429556
5328.0	0.37109
5331.0	0.447089
5334.0	0.477898
5337.0	0.395714
5340.0	0.414581
5343.0	0.401496
5346.0	0.468596
5349.0	0.44328
5352.0	0.459754
5355.0	0.358649
5358.0	0.458543
5361.0	0.410019
5364.0	0.501788
5367.0	0.404454
5370.0	0.465461
5373.0	0.502555
5376.0	0.495672
5379.0	0.440266
5382.0	0.48879
5385.0	0.498345
5388.0	0.494031
5391.0	0.521617
5394.0	0.542569
5397.0	0.495777
5400.0	0.474497
5403.0	0.512887
5406.0	0.502812
5409.0	0.489487
5412.0	0.54958
5415.0	0.49448
5418.0	0.542882
5421.0	0.581824
5424.0	0.540943
5427.0	0.577398
5430.0	0.494684
5433.0	0.619218
5436.0	0.490089
5439.0	0.571017
5442.0	0.602358
5445.0	0.531536
5448.0	0.544651
5451.0	0.57958
5454.0	0.514664
5457.0	0.648828
5460.0	0.477585
5463.0	0.599542
5466.0	0.504666
5469.0	0.486275
5472.0	0.623238
5475.0	0.542251
5478.0	0.611927
5481.0	0.564873
5484.0	0.484708
5487.0	0.483467
5490.0	0.452092
5493.0	0.483179
5496.0	0.49401
5499.0	0.503804
5502.0	0.504299
5505.0	0.563786
5508.0	0.490134
5511.0	0.552759
5514.0	0.4533
5517.0	0.535516
5520.0	0.493002
5523.0	0.544841
5526.0	0.546751
5529.0	0.518987
5532.0	0.541198
5535.0	0.460432
5538.0	0.568425
5541.0	0.525183
5544.0	0.579394
5547.0	0.5005
5550.0	0.503277
5553.0	0.498996
5556.0	0.51102
5559.0	0.537404
5562.0	0.530943
5565.0	0.518916
5568.0	0.500962
5571.0	0.550853
5574.0	0.432418
5577.0	0.508707
5580.0	0.466514
5583.0	0.500269
5586.0	0.45854
5589.0	0.474731
5592.0	0.46337
5595.0	0.404764
5598.0	0.388314
5601.0	0.41274
5604.0	0.454281
5607.0	0.402852
5610.0	0.389058
5613.0	0.349102
5616.0	0.407054
5619.0	0.39771
5622.0	0.421594
5625.0	0.371736
5628.0	0.351341
5631.0	0.369546
5634.0	0.329068
5637.0	0.333407
5640.0	0.335845
5643.0	0.328375
5646.0	0.364459
5649.0	0.355237
5652.0	0.370406
5655.0	0.371125
5658.0	0.343688
5661.0	0.35117
5664.0	0.342549
5667.0	0.326137
5670.0	0.310577
5673.0	0.352416
5676.0	0.376218
5679.0	0.336565
5682.0	0.337462
5685.0	0.312693
5688.0	0.321649
5691.0	0.314488
5694.0	0.33886
5697.0	0.335506
5700.0	0.329736
5703.0	0.370357
5706.0	0.373773
5709.0	0.333795
5712.0	0.34352
5715.0	0.386154
5718.0	0.370181
5721.0	0.385877
5724.0	0.379263
5727.0	0.389243
5730.0	0.388017
5733.0	0.401533
5736.0	0.398962
5739.0	0.384402
5742.0	0.394868
5745.0	0.394885
5748.0	0.383883
5751.0	0.381314
5754.0	0.414454
5757.0	0.394337
5760.0	0.39009
5763.0	0.399511
5766.0	0.396058
5769.0	0.3818
5772.0	0.381183
5775.0	0.3417
5778.0	0.369587
5781.0	0.388647
5784.0	0.385506
5787.0	0.380627
5790.0	0.365091
5793.0	0.37316
5796.0	0.359998
5799.0	0.349059
5802.0	0.363602
5805.0	0.335655
5808.0	0.355174
5811.0	0.324606
5814.0	0.320736
5817.0	0.307193
5820.0	0.324926
5823.0	0.321938
5826.0	0.3217
5829.0	0.327074
5832.0	0.307995
5835.0	0.287681
5838.0	0.318474
5841.0	0.299879
5844.0	0.284003
5847.0	0.302982
5850.0	0.324218
5853.0	0.385083
5856.0	0.378018
5859.0	0.343507
5862.0	0.335045
5865.0	0.359663
5868.0	0.368185
5871.0	0.375954
5874.0	0.354966
5877.0	0.36121
5880.0	0.374844
5883.0	0.378274
5886.0	0.392508
5889.0	0.433247
5892.0	0.452525
5895.0	0.432573
5898.0	0.415606
5901.0	0.401006
5904.0	0.287391
5907.0	0.433355
5910.0	0.432731
5913.0	0.442834
5916.0	0.455456
5919.0	0.441575
5922.0	0.430766
5925.0	0.444969
5928.0	0.438917
5931.0	0.399515
5934.0	0.452278
5937.0	0.450872
5940.0	0.44786
5943.0	0.451993
5946.0	0.4252
5949.0	0.410195
5952.0	0.400382
5955.0	0.422599
5958.0	0.398934
5961.0	0.408385
5964.0	0.417638
5967.0	0.414377
5970.0	0.41699
5973.0	0.418028
5976.0	0.441416
5979.0	0.44327
5982.0	0.460834
5985.0	0.448836
5988.0	0.429155
5991.0	0.433914
5994.0	0.416136
5997.0	0.430753
6000.0	0.436989
6003.0	0.423478
6006.0	0.391613
6009.0	0.413254
6012.0	0.431088
6015.0	0.427888
6018.0	0.417841
6021.0	0.423541
6024.0	0.416588
6027.0	0.423431
6030.0	0.424775
6033.0	0.424122
6036.0	0.416615
6039.0	0.423597
6042.0	0.418727
6045.0	0.412029
6048.0	0.406336
6051.0	0.408884
6054.0	0.405756
6057.0	0.41527
6060.0	0.388122
6063.0	0.401739
6066.0	0.392297
6069.0	0.403042
6072.0	0.421229
6075.0	0.398967
6078.0	0.404019
6081.0	0.430321
6084.0	0.427299
6087.0	0.40692
6090.0	0.40638
6093.0	0.401387
6096.0	0.426718
6099.0	0.431716
6102.0	0.419148
6105.0	0.420372
6108.0	0.406501
6111.0	0.377744
6114.0	0.411074
6117.0	0.39464
6120.0	0.366074
6123.0	0.399512
6126.0	0.389536
6129.0	0.398492
6132.0	0.403931
6135.0	0.405545
6138.0	0.390115
6141.0	0.36872
6144.0	0.388142
6147.0	0.367597
6150.0	0.381463
6153.0	0.374799
6156.0	0.365319
6159.0	0.378697
6162.0	0.388674
6165.0	0.373789
6168.0	0.384407
6171.0	0.381608
6174.0	0.357886
6177.0	0.366349
6180.0	0.374539
6183.0	0.371299
6186.0	0.392941
6189.0	0.403762
6192.0	0.352867
6195.0	0.370365
6198.0	0.38612
6201.0	0.373568
6204.0	0.357557
6207.0	0.386422
6210.0	0.384033
6213.0	0.369242
6216.0	0.365664
6219.0	0.391389
6222.0	0.38056
6225.0	0.376461
6228.0	0.377041
6231.0	0.353477
6234.0	0.374592
6237.0	0.385586
6240.0	0.386703
6243.0	0.36272
6246.0	0.394501
6249.0	0.389044
6252.0	0.378644
6255.0	0.381245
6258.0	0.396162
6261.0	0.379847
6264.0	0.359634
6267.0	0.408859
6270.0	0.396254
6273.0	0.406188
6276.0	0.396578
6279.0	0.381575
6282.0	0.395807
6285.0	0.404332
6288.0	0.401832
6291.0	0.384211
6294.0	0.387603
6297.0	0.391381
6300.0	0.380865
6303.0	0.367367
6306.0	0.405476
6309.0	0.46236
6312.0	0.409623
6315.0	0.409832
6318.0	0.411034
6321.0	0.409187
6324.0	0.386922
6327.0	0.373138
6330.0	0.381443
6333.0	0.379865
6336.0	0.381967
6339.0	0.392282
6342.0	0.381279
6345.0	0.391228
6348.0	0.398295
6351.0	0.393395
6354.0	0.383375
6357.0	0.412068
6360.0	0.414618
6363.0	0.395858
6366.0	0.407082
6369.0	0.368447
6372.0	0.381036
6375.0	0.39151
6378.0	0.37916
6381.0	0.387251
6384.0	0.3704
6387.0	0.368367
6390.0	0.394853
6393.0	0.38984
6396.0	0.37607
6399.0	0.371774
6402.0	0.358833
6405.0	0.349719
6408.0	0.361258
6411.0	0.331298
6414.0	0.353126
6417.0	0.389293
6420.0	0.38629
6423.0	0.366041
6426.0	0.360439
6429.0	0.349792
6432.0	0.363515
6435.0	0.381588
6438.0	0.381818
6441.0	0.378365
6444.0	0.343851
6447.0	0.358914
6450.0	0.363036
6453.0	0.36229
6456.0	0.341495
6459.0	0.351742
6462.0	0.345457
6465.0	0.342423
6468.0	0.344
6471.0	0.329598
6474.0	0.303868
6477.0	0.318355
6480.0	0.316727
6483.0	0.324757
6486.0	0.294008
6489.0	0.279591
6492.0	0.282625
6495.0	0.276028
6498.0	0.270946
6501.0	0.27546
6504.0	0.276493
6507.0	0.266789
6510.0	0.229712
6513.0	0.229598
6516.0	0.251086
6519.0	0.236226
6522.0	0.217351
6525.0	0.213739
6528.0	0.202476
6531.0	0.20315
6534.0	0.211052
6537.0	0.187616
6540.0	0.170611
6543.0	0.165758
6546.0	0.16975
6549.0	0.182113
6552.0	0.177732
6555.0	0.194479
6558.0	0.19156
6561.0	0.182362
6564.0	0.16969
6567.0	0.173531
6570.0	0.17229
6573.0	0.181436
6576.0	0.188904
6579.0	0.18959
6582.0	0.19964
6585.0	0.197886
6588.0	0.211893
6591.0	0.193024
6594.0	0.215375
6597.0	0.22133
6600.0	0.222865
6603.0	0.234107
6606.0	0.225208
6609.0	0.225376
6612.0	0.216255
6615.0	0.248817
6618.0	0.247388
6621.0	0.251406
6624.0	0.247389
6627.0	0.254116
6630.0	0.25647
6633.0	0.26988
6636.0	0.271
6639.0	0.277229
6642.0	0.294347
6645.0	0.26917
6648.0	0.287136
6651.0	0.295517
6654.0	0.289115
6657.0	0.30285
6660.0	0.288212
6663.0	0.304597
6666.0	0.31593
6669.0	0.305221
6672.0	0.294121
6675.0	0.297164
6678.0	0.305139
6681.0	0.324544
6684.0	0.31664
6687.0	0.310782
6690.0	0.319541
6693.0	0.310178
6696.0	0.323615
6699.0	0.328232
6702.0	0.316706
6705.0	0.322558
6708.0	0.323795
6711.0	0.320493
6714.0	0.328367
6717.0	0.338325
6720.0	0.335778
6723.0	0.338388
6726.0	0.328875
6729.0	0.346389
6732.0	0.34429
6735.0	0.324539
6738.0	0.317522
6741.0	0.328424
6744.0	0.337926
6747.0	0.338199
6750.0	0.32317
6753.0	0.327303
6756.0	0.337665
6759.0	0.34931
6762.0	0.32936
6765.0	0.315899
6768.0	0.327147
6771.0	0.331435
6774.0	0.328874
6777.0	0.331995
6780.0	0.332988
6783.0	0.328067
6786.0	0.323477
6789.0	0.322294
6792.0	0.3221
6795.0	0.31908
6798.0	0.327209
6801.0	0.320702
6804.0	0.315135
6807.0	0.316577
6810.0	0.302078
6813.0	0.301565
6816.0	0.309168
6819.0	0.304818
6822.0	0.311269
6825.0	0.303714
6828.0	0.305177
6831.0	0.310448
6834.0	0.326886
6837.0	0.322953
6840.0	0.290829
6843.0	0.313166
6846.0	0.325299
6849.0	0.309312
6852.0	0.282931
6855.0	0.298748
6858.0	0.296154
6861.0	0.299415
6864.0	0.287571
6867.0	0.293958
6870.0	0.285497
6873.0	0.29438
6876.0	0.278914
6879.0	0.288986
6882.0	0.276768
6885.0	0.271641
6888.0	0.278189
6891.0	0.275082
6894.0	0.264783
6897.0	0.263151
6900.0	0.274867
6903.0	0.267714
6906.0	0.285177
6909.0	0.27656
6912.0	0.263922
6915.0	0.276616
6918.0	0.266315
6921.0	0.276248
6924.0	0.26705
6927.0	0.269963
6930.0	0.269544
6933.0	0.269598
6936.0	0.265375
6939.0	0.269813
6942.0	0.262326
6945.0	0.268635
6948.0	0.256621
6951.0	0.256552
6954.0	0.265397
6957.0	0.261062
6960.0	0.266236
6963.0	0.242942
6966.0	0.245957
6969.0	0.255585
6972.0	0.264434
6975.0	0.26744
6978.0	0.237269
6981.0	0.247585
6984.0	0.262366
6987.0	0.264208
6990.0	0.266582
6993.0	0.257778
6996.0	0.256411
6999.0	0.247552
7002.0	0.261451
7005.0	0.262747
7008.0	0.249951
7011.0	0.238335
7014.0	0.254941
7017.0	0.251514
7020.0	0.257794
7023.0	0.246907
7026.0	0.257791
7029.0	0.256572
7032.0	0.251924
7035.0	0.25264
7038.0	0.242333
7041.0	0.239838
7044.0	0.237495
7047.0	0.240957
7050.0	0.247769
7053.0	0.23611
7056.0	0.232069
7059.0	0.236994
7062.0	0.240295
7065.0	0.237585
7068.0	0.238524
7071.0	0.232807
7074.0	0.218904
7077.0	0.25237
7080.0	0.239586
7083.0	0.228796
7086.0	0.229002
7089.0	0.24011
7092.0	0.250075
7095.0	0.242478
7098.0	0.230336
7101.0	0.235813
7104.0	0.237735
7107.0	0.239231
7110.0	0.22605
7113.0	0.224415
7116.0	0.244708
7119.0	0.24144
7122.0	0.221911
7125.0	0.232925
7128.0	0.217632
7131.0	0.216902
7134.0	0.218424
7137.0	0.225593
7140.0	0.225438
7143.0	0.225908
7146.0	0.2327
7149.0	0.225712
7152.0	0.204099
7155.0	0.212536
7158.0	0.212867
7161.0	0.223197
7164.0	0.215269
7167.0	0.206292
7170.0	0.202221
7173.0	0.213368
7176.0	0.213464
7179.0	0.215454
7182.0	0.213433
7185.0	0.212136
7188.0	0.209015
7191.0	0.21085
7194.0	0.201311
7197.0	0.203471
7200.0	0.196112
7203.0	0.20392
7206.0	0.204229
7209.0	0.202144
7212.0	0.201039
7215.0	0.204528
7218.0	0.212287
7221.0	0.201918
7224.0	0.200041
7227.0	0.203809
7230.0	0.199066
7233.0	0.19448
7236.0	0.205257
7239.0	0.200822
7242.0	0.202602
7245.0	0.191261
7248.0	0.188053
7251.0	0.194442
7254.0	0.198654
7257.0	0.18786
7260.0	0.199835
7263.0	0.183811
7266.0	0.188966
7269.0	0.189891
7272.0	0.188468
7275.0	0.168205
7278.0	0.179018
7281.0	0.19241
7284.0	0.198296
7287.0	0.19306
7290.0	0.198236
7293.0	0.185456
7296.0	0.178382
7299.0	0.192436
7302.0	0.204512
7305.0	0.194695
7308.0	0.180364
7311.0	0.171126
7314.0	0.184213
7317.0	0.167618
7320.0	0.169578
7323.0	0.172356
7326.0	0.185022
7329.0	0.179492
7332.0	0.192418
7335.0	0.176222
7338.0	0.161814
7341.0	0.180058
7344.0	0.174332
7347.0	0.182669
7350.0	0.18175
7353.0	0.174869
7356.0	0.172661
7359.0	0.191316
7362.0	0.182497
7365.0	0.176183
7368.0	0.180391
7371.0	0.188681
7374.0	0.192595
7377.0	0.175532
7380.0	0.179934
7383.0	0.190368
7386.0	0.185029
7389.0	0.188769
7392.0	0.175462
7395.0	0.17645
7398.0	0.182626
7401.0	0.179212
7404.0	0.172126
7407.0	0.194214
7410.0	0.170609
7413.0	0.175965
7416.0	0.199912
7419.0	0.187174
7422.0	0.179919
7425.0	0.173793
7428.0	0.179276
7431.0	0.190842
7434.0	0.18469
7437.0	0.170485
7440.0	0.182882
7443.0	0.173969
7446.0	0.17851
7449.0	0.187885
7452.0	0.178854
7455.0	0.171858
7458.0	0.166833
7461.0	0.176968
7464.0	0.182142
7467.0	0.180683
7470.0	0.172884
7473.0	0.164563
7476.0	0.174195
7479.0	0.173149
7482.0	0.170566
7485.0	0.175326
7488.0	0.161679
7491.0	0.172689
7494.0	0.177965
7497.0	0.170359
7500.0	0.164777
7503.0	0.16446
7506.0	0.16074
7509.0	0.166495
7512.0	0.168568
7515.0	0.170651
7518.0	0.170734
7521.0	0.179079
7524.0	0.176546
7527.0	0.169326
7530.0	0.160839
7533.0	0.163936
7536.0	0.15687
7539.0	0.165109
7542.0	0.182187
7545.0	0.175959
7548.0	0.160475
7551.0	0.162695
7554.0	0.166432
7557.0	0.169722
7560.0	0.17438
7563.0	0.173975
7566.0	0.179612
7569.0	0.171149
7572.0	0.157328
7575.0	0.166586
7578.0	0.177563
7581.0	0.173794
7584.0	0.159336
7587.0	0.183469
7590.0	0.181401
7593.0	0.165951
7596.0	0.155255
7599.0	0.161069
7602.0	0.154496
7605.0	0.173144
7608.0	0.175561
7611.0	0.148592
7614.0	0.159253
7617.0	0.150752
7620.0	0.19361
7623.0	0.183759
7626.0	0.160522
7629.0	0.152136
7632.0	0.189387
7635.0	0.175745
7638.0	0.159696
7641.0	0.151561
7644.0	0.152429
7647.0	0.158699
7650.0	0.174772
7653.0	0.172187
7656.0	0.156775
7659.0	0.157487
7662.0	0.16256
7665.0	0.154453
7668.0	0.169995
7671.0	0.167044
7674.0	0.159494
7677.0	0.156671
7680.0	0.163974
7683.0	0.162014
7686.0	0.158849
7689.0	0.172327
7692.0	0.178568
7695.0	0.168642
7698.0	0.15116
7701.0	0.16507
7704.0	0.16344
7707.0	0.148498
7710.0	0.160018
7713.0	0.167209
7716.0	0.152261
7719.0	0.16192
7722.0	0.163583
7725.0	0.162383
7728.0	0.173146
7731.0	0.161011
7734.0	0.156018
7737.0	0.14724
7740.0	0.159309
7743.0	0.169013
7746.0	0.164742
7749.0	0.164995
7752.0	0.158787
7755.0	0.157469
7758.0	0.17258
7761.0	0.1519
7764.0	0.152781
7767.0	0.13934
7770.0	0.144804
7773.0	0.167147
7776.0	0.160321
7779.0	0.154674
7782.0	0.159525
7785.0	0.163374
7788.0	0.161375
7791.0	0.158368
7794.0	0.136712
7797.0	0.13229
7800.0	0.154593
7803.0	0.160067
7806.0	0.133381
7809.0	0.153474
7812.0	0.155306
7815.0	0.145055
7818.0	0.164354
7821.0	0.151999
7824.0	0.13924
7827.0	0.144945
7830.0	0.15647
7833.0	0.123105
7836.0	0.124288
7839.0	0.133671
7842.0	0.127977
7845.0	0.123303
7848.0	0.144429
7851.0	0.129365
7854.0	0.120793
7857.0	0.120067
7860.0	0.1112
7863.0	0.12557
7866.0	0.128882
7869.0	0.144663
7872.0	0.134356
7875.0	0.138082
7878.0	0.142118
7881.0	0.137598
7884.0	0.143083
7887.0	0.124843
7890.0	0.130114
7893.0	0.141361
7896.0	0.1255
7899.0	0.155109
7902.0	0.163403
7905.0	0.141287
7908.0	0.132842
7911.0	0.127859
7914.0	0.132271
7917.0	0.135677
7920.0	0.11384
7923.0	0.117527
7926.0	0.108948
7929.0	0.106841
7932.0	0.128763
7935.0	0.14262
7938.0	0.126179
7941.0	0.132549
7944.0	0.145938
7947.0	0.121462
7950.0	0.12713
7953.0	0.131921
7956.0	0.124212
7959.0	0.119948
7962.0	0.143209
7965.0	0.126745
7968.0	0.104351
7971.0	0.122656
7974.0	0.125295
7977.0	0.110987
7980.0	0.108784
7983.0	0.128897
7986.0	0.116031
7989.0	0.0984611
7992.0	0.107507
7995.0	0.1208
7998.0	0.121214
8001.0	0.139473
8004.0	0.142402
8007.0	0.118072
8010.0	0.119585
8013.0	0.121171
8016.0	0.117226
8019.0	0.114158
8022.0	0.110185
8025.0	0.106725
8028.0	0.135124
8031.0	0.11301
8034.0	0.122893
8037.0	0.126407
8040.0	0.12646
8043.0	0.112574
8046.0	0.122296
8049.0	0.0986231
8052.0	0.0955546
8055.0	0.111195
8058.0	0.114778
8061.0	0.116956
8064.0	0.114748
8067.0	0.116974
8070.0	0.12664
8073.0	0.130036
8076.0	0.122371
8079.0	0.119793
8082.0	0.113915
8085.0	0.121429
8088.0	0.117872
8091.0	0.119505
8094.0	0.119987
8097.0	0.116247
8100.0	0.12141
8103.0	0.129061
8106.0	0.123279
8109.0	0.129408
8112.0	0.126581
8115.0	0.124814
8118.0	0.126509
8121.0	0.12139
8124.0	0.122402
8127.0	0.120338
8130.0	0.121375
8133.0	0.112857
8136.0	0.121263
8139.0	0.12587
8142.0	0.122559
8145.0	0.10696
8148.0	0.117476
8151.0	0.130875
8154.0	0.128972
8157.0	0.117658
8160.0	0.115106
8163.0	0.132081
8166.0	0.132542
8169.0	0.134239
8172.0	0.116012
8175.0	0.117422
8178.0	0.133255
8181.0	0.121034
8184.0	0.118502
8187.0	0.125225
8190.0	0.0992325
8193.0	0.138124
8196.0	0.143591
8199.0	0.110977
8202.0	0.127805
8205.0	0.153361
8208.0	0.128583
8211.0	0.124481
8214.0	0.153815
8217.0	0.136998
8220.0	0.122721
8223.0	0.122571
8226.0	0.126334
8229.0	0.109999
8232.0	0.116696
8235.0	0.139692
8238.0	0.128015
8241.0	0.119533
8244.0	0.133095
8247.0	0.147274
8250.0	0.133992
8253.0	0.12747
8256.0	0.130853
8259.0	0.142304
8262.0	0.127312
8265.0	0.133661
8268.0	0.138689
8271.0	0.142826
8274.0	0.139192
8277.0	0.128712
8280.0	0.135692
8283.0	0.149703
8286.0	0.151047
8289.0	0.124369
8292.0	0.135358
8295.0	0.165466
8298.0	0.155979
8301.0	0.13619
8304.0	0.131766
8307.0	0.160718
8310.0	0.145196
8313.0	0.147466
8316.0	0.140393
8319.0	0.132739
8322.0	0.144966
8325.0	0.142472
8328.0	0.13822
8331.0	0.13417
8334.0	0.118535
8337.0	0.128749
8340.0	0.13865
8343.0	0.141481
8346.0	0.152474
8349.0	0.1392
8352.0	0.128558
8355.0	0.190453
8358.0	0.200466
8361.0	0.156958
8364.0	0.138913
8367.0	0.144724
8370.0	0.14929
8373.0	0.143393
8376.0	0.147066
8379.0	0.137805
8382.0	0.136589
8385.0	0.1271
8388.0	0.126046
8391.0	0.154893
8394.0	0.161882
8397.0	0.13308
8400.0	0.13095
8403.0	0.129932
8406.0	0.162557
8409.0	0.126713
8412.0	0.138321
8415.0	0.146731
8418.0	0.122418
8421.0	0.129316
8424.0	0.137089
8427.0	0.109803
8430.0	0.104581
8433.0	0.122817
8436.0	0.124827
8439.0	0.115985
8442.0	0.1166
8445.0	0.120072
8448.0	0.109805
8451.0	0.11086
8454.0	0.113062
8457.0	0.114554
8460.0	0.0948073
8463.0	0.108594
8466.0	0.112512
8469.0	0.105201
8472.0	0.112639
8475.0	0.0963777
8478.0	0.0912431
8481.0	0.0997662
8484.0	0.104458
8487.0	0.117912
8490.0	0.0976001
8493.0	0.0960906
8496.0	0.0934209
8499.0	0.0770935
8502.0	0.0849696
8505.0	0.106154
8508.0	0.102099
8511.0	0.104081
8514.0	0.0895699
8517.0	0.0921864
8520.0	0.0901089
8523.0	0.0965157
8526.0	0.107348
8529.0	0.109323
8532.0	0.103142
8535.0	0.0934673
8538.0	0.0957618
8541.0	0.102779
8544.0	0.110971
8547.0	0.106752
8550.0	0.106007
8553.0	0.115987
8556.0	0.0993908
8559.0	0.0972826
8562.0	0.10493
8565.0	0.0960582
8568.0	0.112923
8571.0	0.100074
8574.0	0.0910231
8577.0	0.0838516
8580.0	0.0915092
8583.0	0.0906869
8586.0	0.0945563
8589.0	0.0860639
8592.0	0.0944839
8595.0	0.0952424
8598.0	0.087475
8601.0	0.101413
8604.0	0.10396
8607.0	0.109178
8610.0	0.101165
8613.0	0.0923973
8616.0	0.103097
8619.0	0.0963769
8622.0	0.0995336
8625.0	0.10607
8628.0	0.103945
8631.0	0.0992639
8634.0	0.087529
8637.0	0.0837005
8640.0	0.0914939
8643.0	0.114855
8646.0	0.0987978
8649.0	0.10295
8652.0	0.119882
8655.0	0.123451
8658.0	0.103078
8661.0	0.10384
8664.0	0.114762
8667.0	0.116146
8670.0	0.10539
8673.0	0.115694
8676.0	0.133648
8679.0	0.118306
8682.0	0.123506
8685.0	0.12489
8688.0	0.1253
8691.0	0.116
8694.0	0.116683
8697.0	0.130947
8700.0	0.131699
8703.0	0.128538
8706.0	0.123157
8709.0	0.131773
8712.0	0.123122
8715.0	0.121731
8718.0	0.121597
8721.0	0.125505
8724.0	0.12226
8727.0	0.111906
8730.0	0.112907
8733.0	0.1318
8736.0	0.132096
8739.0	0.112822
8742.0	0.124702
8745.0	0.119162
8748.0	0.12472
8751.0	0.116093
8754.0	0.110218
8757.0	0.112924
8760.0	0.0998619
8763.0	0.103475
8766.0	0.108219
8769.0	0.132456
8772.0	0.113901
8775.0	0.066417
8778.0	0.114465
8781.0	0.111409
8784.0	0.107168
8787.0	0.0939696
8790.0	0.0902038
8793.0	0.110738
8796.0	0.106666
8799.0	0.101512
8802.0	0.100773
8805.0	0.0843668
8808.0	0.0977849
8811.0	0.106719
8814.0	0.105911
8817.0	0.0969764
8820.0	0.10927
8823.0	0.0991978
8826.0	0.0883378
8829.0	0.108499
8832.0	0.123916
8835.0	0.1115
8838.0	0.0910707
8841.0	0.0739331
8844.0	0.104533
8847.0	0.106153
8850.0	0.0861371
8853.0	0.114578
8856.0	0.139279
8859.0	0.132374
8862.0	0.113332
8865.0	0.103699
8868.0	0.119271
8871.0	0.134868
8874.0	0.12612
8877.0	0.104315
8880.0	0.0997337
8883.0	0.115578
8886.0	0.123584
8889.0	0.123624
8892.0	0.12834
8895.0	0.0986108
8898.0	0.129856
8901.0	0.0943469
8904.0	0.0945745
8907.0	0.133301
8910.0	0.119869
8913.0	0.0988641
8916.0	0.113534
8919.0	0.107253
8922.0	0.117153
8925.0	0.10595
8928.0	0.103949
8931.0	0.100258
8934.0	0.0971447
8937.0	0.118583
8940.0	0.11293
8943.0	0.113479
8946.0	0.105684
8949.0	0.117258
8952.0	0.129355
8955.0	0.111359
8958.0	0.10897
8961.0	0.142195
8964.0	0.131005
8967.0	0.102983
8970.0	0.106526
8973.0	0.0969448
8976.0	0.115274
8979.0	0.125863
8982.0	0.133895
8985.0	0.130581
8988.0	0.123267
8991.0	0.128894
8994.0	0.133796
8997.0	0.104254
9000.0	0.12283
9003.0	0.120167
9006.0	0.129219
9009.0	0.12295
9012.0	0.131926
9015.0	0.109286
9018.0	0.126344
9021.0	0.124503
9024.0	0.138978
9027.0	0.151241
9030.0	0.135326
9033.0	0.133165
9036.0	0.131938
9039.0	0.136138
9042.0	0.146986
9045.0	0.135291
9048.0	0.142038
9051.0	0.143434
9054.0	0.141678
9057.0	0.140779
9060.0	0.141402
9063.0	0.150743
9066.0	0.146741
9069.0	0.144906
9072.0	0.13502
9075.0	0.12692
9078.0	0.121631
9081.0	0.125742
9084.0	0.147846
9087.0	0.12911
9090.0	0.127832
9093.0	0.125933
9096.0	0.142571
9099.0	0.126139
9102.0	0.130968
9105.0	0.140864
9108.0	0.138257
9111.0	0.125209
9114.0	0.152819
9117.0	0.137103
9120.0	0.127804
9123.0	0.143714
9126.0	0.140896
9129.0	0.140831
9132.0	0.138471
9135.0	0.13222
9138.0	0.117803
9141.0	0.132034
9144.0	0.140456
9147.0	0.133116
9150.0	0.132315
9153.0	0.126955
9156.0	0.142597
9159.0	0.140399
9162.0	0.135079
9165.0	0.13071
9168.0	0.13403
9171.0	0.127592
9174.0	0.146716
9177.0	0.135455
9180.0	0.12411
9183.0	0.135379
9186.0	0.135503
9189.0	0.131529
9192.0	0.133869
9195.0	0.136721
9198.0	0.132225
9201.0	0.128226
9204.0	0.130715
9207.0	0.129361
9210.0	0.151691
9213.0	0.153805
9216.0	0.14138
9219.0	0.134125
9222.0	0.128701
9225.0	0.138222
9228.0	0.135894
9231.0	0.137732
9234.0	0.132447
9237.0	0.143962
9240.0	0.127219
9243.0	0.116296
9246.0	0.128413
9249.0	0.140544
9252.0	0.129598
9255.0	0.117921
9258.0	0.102631
9261.0	0.123772
9264.0	0.138716
9267.0	0.138979
9270.0	0.151435
9273.0	0.135608
9276.0	0.136683
9279.0	0.139004
9282.0	0.129343
9285.0	0.128233
9288.0	0.129483
9291.0	0.122288
9294.0	0.128585
9297.0	0.119835
9300.0	0.11724
9303.0	0.12755
9306.0	0.138473
9309.0	0.142068
9312.0	0.161237
9315.0	0.126465
9318.0	0.151005
9321.0	0.162719
9324.0	0.214537
9327.0	0.112506
9330.0	0.0779094
9333.0	0.0739077
9336.0	0.141004
9339.0	0.152063
9342.0	0.10706
9345.0	0.103944
9348.0	0.141739
9351.0	0.17347
9354.0	0.143752
9357.0	0.125575
9360.0	0.112319
9363.0	0.101606
9366.0	0.111327
9369.0	0.123434
9372.0	0.0983165
9375.0	0.0872882
9378.0	0.120402
9381.0	0.178099
9384.0	0.0398742
9387.0	0.10821
9390.0	0.137525
9393.0	0.117141
9396.0	0.143866
9399.0	0.136995
9402.0	0.105412
9405.0	0.105862
9408.0	0.122648
9411.0	0.153831
9414.0	0.110118
9417.0	0.117895
9420.0	0.13659
9423.0	0.126859
9426.0	0.129448
9429.0	0.137384
9432.0	0.109287
9435.0	0.134936
9438.0	0.143801
9441.0	0.11134
9444.0	0.101185
9447.0	0.0179158
9450.0	0.0464439
9453.0	0.162613
9456.0	0.108014
9459.0	0.0956645
9462.0	0.0681917
9465.0	0.0295049
9468.0	0.0464186
9471.0	0.0989562
9474.0	0.0944799
9477.0	0.114904
9480.0	0.123974
9483.0	0.109427
9486.0	0.126634
9489.0	0.105808
9492.0	0.0730655
9495.0	0.114981
9498.0	0.0985136
9501.0	0.10066
9504.0	0.102132
9507.0	0.056396
9510.0	0.116969
9513.0	0.104196
9516.0	0.0617036
9519.0	0.0833305
9522.0	0.0986365
9525.0	0.0941222
9528.0	0.104886
9531.0	0.133557
9534.0	0.119323
9537.0	0.120005
9540.0	0.106337
9543.0	0.097244
9546.0	0.0858717
9549.0	0.102165
9552.0	0.12572
9555.0	0.134033
9558.0	0.112956
9561.0	0.133807
9564.0	0.119394
9567.0	0.117638
9570.0	0.11469
9573.0	0.0775746
9576.0	0.086264
9579.0	0.121072
9582.0	0.0839942
9585.0	0.0993441
9588.0	0.114796
9591.0	0.102018
9594.0	0.0818803
9597.0	0.108725
9600.0	0.125986
9603.0	0.122473
9606.0	0.0978415
9609.0	0.0905231
9612.0	0.0804823
9615.0	0.102312
9618.0	0.100488
9621.0	0.102935
9624.0	0.134958
9627.0	0.101852
9630.0	0.0527018
9633.0	0.0837902
9636.0	0.081446
9639.0	0.089813
9642.0	0.0968206
9645.0	0.0993145
9648.0	0.0872156
9651.0	0.0969726
9654.0	0.10004
9657.0	0.0927813
9660.0	0.093528
9663.0	0.104015
9666.0	0.103878
9669.0	0.0951159
9672.0	0.0846602
9675.0	0.0669936
9678.0	0.0927763
9681.0	0.122375
9684.0	0.113787
9687.0	0.108944
9690.0	0.123408
9693.0	0.0900206
9696.0	0.079275
9699.0	0.101433
9702.0	0.100281
9705.0	0.107203
9708.0	0.13079
9711.0	0.0704291
9714.0	0.0917867
9717.0	0.11188
9720.0	0.0828693
9723.0	0.0694902
9726.0	0.0918161
9729.0	0.0845722
9732.0	0.0788357
9735.0	0.0992031
9738.0	0.106071
9741.0	0.084495
9744.0	0.114089
9747.0	0.137853
9750.0	0.0784557
9753.0	0.104775
9756.0	0.107923
9759.0	0.0862746
9762.0	0.100188
9765.0	0.106124
9768.0	0.0885792
9771.0	0.0909458
9774.0	0.102943
9777.0	0.110975
9780.0	0.110741
9783.0	0.104928
9786.0	0.108303
9789.0	0.116104
9792.0	0.114097
9795.0	0.108025
9798.0	0.0686957
9801.0	0.101734
9804.0	0.100389
9807.0	0.0555651
9810.0	0.111108
9813.0	0.100936
9816.0	0.100639
9819.0	0.10223
9822.0	0.0909435
9825.0	0.0934062
9828.0	0.0880473
9831.0	0.0915238
9834.0	0.104429
9837.0	0.0944232
9840.0	0.08668
9843.0	0.102516
9846.0	0.115305
9849.0	0.117384
9852.0	0.103264
9855.0	0.132185
9858.0	0.106396
9861.0	0.0868769
9864.0	0.095232
9867.0	0.0899665
9870.0	0.113576
9873.0	0.106687
9876.0	0.0856043
9879.0	0.152828
9882.0	0.164106
9885.0	0.189207
9888.0	0.0519267
9891.0	0.0956363
9894.0	0.0760924
9897.0	0.0869373
9900.0	0.109368
9903.0	0.122667
9906.0	0.130303
9909.0	0.085179
9912.0	0.100585
9915.0	0.103381
9918.0	0.119111
9921.0	0.0716354
9924.0	0.0680733
9927.0	0.0833666
9930.0	0.073552
9933.0	0.0884181
9936.0	0.107621
9939.0	0.115849
9942.0	0.107745
9945.0	0.165294
9948.0	0.168092
9951.0	0.123066
9954.0	0.0847644
9957.0	0.093866
9960.0	0.122428
9963.0	0.162603
9966.0	0.141012
9969.0	0.0755273
9972.0	0.0812614
9975.0	0.0737308
9978.0	0.084899
9981.0	0.0883503
9984.0	0.0857187
9987.0	0.129551
9990.0	0.11399
9993.0	0.115582
9996.0	0.0786149
9999.0	0.0870533
10002.0	0.0875767
10005.0	0.0572895
10008.0	0.0353169
10011.0	0.0730807
10014.0	0.126754
10017.0	0.0839612
10020.0	0.0778114
10023.0	0.144836
10026.0	0.170194
10029.0	0.0829489
10032.0	0.0726132
10035.0	0.114968
10038.0	0.119385
10041.0	0.152361
10044.0	0.079555
10047.0	0.0726993
10050.0	0.0833613
10053.0	0.0997652
10056.0	0.0961078
10059.0	0.0917503
10062.0	0.127929
10065.0	0.149805
10068.0	0.146977
10071.0	0.0610159
10074.0	0.0819878
10077.0	0.0742428
10080.0	0.111803
10083.0	0.110967
10086.0	0.120588
10089.0	0.0509341
10092.0	0.0714815
10095.0	0.148021
10098.0	0.147742
10101.0	0.103183
10104.0	0.0690012
10107.0	0.124394
10110.0	0.132527
10113.0	0.1072
10116.0	0.102278
10119.0	0.0380275
10122.0	0.0492537
10125.0	0.0855082
10128.0	0.129635
10131.0	0.0173834
10134.0	0.00305416
10137.0	0.13803
10140.0	0.0315979
10143.0	0.114869
10146.0	0.136924
10149.0	0.112006
10152.0	0.142693
10155.0	0.106999
10158.0	0.112883
10161.0	0.0995851
10164.0	0.130414
10167.0	0.134786
10170.0	0.0485566
10173.0	0.0889146
10176.0	0.107908
10179.0	0.0627062
10182.0	0.180893
10185.0	0.113646
10188.0	0.0287961
10191.0	0.137639
10194.0	0.205951
10197.0	0.089234
10200.0	0.0272976
10203.0	0.0504325
10206.0	0.0846175
10209.0	0.130675
10212.0	-0.00427572
10215.0	0.0536297
10218.0	0.156768
10221.0	0.208283
10224.0	0.0522843
10227.0	0.013615
10230.0	0.0717666
10233.0	0.00146956
10236.0	-0.0658985
10239.0	0.0598864
10242.0	0.020178
10245.0	-0.0393494
10248.0	-0.0311543
10251.0	0.0324849
10254.0	0.0419533
10257.0	0.0526813
10260.0	0.0349298
10263.0	0.0596752
10266.0	0.0941065
10269.0	0.0646273
10272.0	0.140787
10275.0	0.0980828
10278.0	-0.0178354
10281.0	0.130169
10284.0	0.00577357
10287.0	0.11397
10290.0	0.287316
10293.0	-0.0781271
10296.0	-0.364337
10299.0	-0.253602
10302.0	0.0891997
10305.0	0.131014
10308.0	-0.0824295
10311.0	0.0715883
10314.0	0.14982
10317.0	0.132921
10320.0	0.0343154
10323.0	0.16345
10326.0	0.0854159
10329.0	0.0954849
10332.0	-0.0212865
10335.0	0.101184
10338.0	0.105159
10341.0	-0.0116425
10344.0	0.105781
10347.0	0.0452511
10350.0	-0.12211
10353.0	-0.101508
10356.0	0.0100204
10359.0	0.242112
10362.0	0.015084
10365.0	0.156657
10368.0	0.395479
10371.0	0.148535
10374.0	-0.0743559
10377.0	0.0593015
10380.0	0.108923
10383.0	-0.288514
10386.0	-0.156901
10389.0	0.347006
10392.0	0.204795
10395.0	0.140036
10398.0	0.141474
10401.0	0.190848
10404.0	0.307135
10407.0	0.341054
10410.0	0.0486023
10413.0	0.0313879
10416.0	0.0561945
10419.0	-0.0162147
10422.0	-0.181122
10425.0	-0.0986922
10428.0	0.325226
10431.0	0.30737
10434.0	0.300117
10437.0	0.0139
10440.0	0.226635
10443.0	-0.0671265
10446.0	-0.0613314
10449.0	-0.00894581
10452.0	-0.010277
10455.0	0.194988
10458.0	0.257064
10461.0	0.165368
10464.0	-0.0975104
10467.0	-0.141037
10470.0	0.0713956
10473.0	-0.117009
10476.0	-0.17298
10479.0	0.155095
10482.0	0.414289
10485.0	0.344381
10488.0	0.154935
10491.0	0.0305568
10494.0	-0.0113623
10497.0	0.13276
10500.0	-0.104747
