#	 2018oh 
#	 UT date of observation: 20180208 
#	 Telescope/Instrument: Lick3m/KAST 
#	 Estimated Peak MJD: nan 
#	 Estimated redshift: 0.011 
#	 Estimated Phase: nan 
#	 Published in Dettman et al. 2020 
#	 Observed barycentric wavelength (Angstroms)    F_lambda
3200.0	3.53624
3203.0	1.40429
3206.0	1.39363
3209.0	1.38298
3212.0	2.69183
3215.0	0.947494
3218.0	5.72821
3221.0	-0.554381
3224.0	-1.90269
3227.0	1.99735
3230.0	3.05893
3233.0	-0.778445
3236.0	0.969288
3239.0	0.822003
3242.0	-1.93497
3245.0	-0.747618
3248.0	0.875156
3251.0	2.83259
3254.0	0.223592
3257.0	1.73278
3260.0	3.42263
3263.0	6.39131
3266.0	4.20209
3269.0	3.74271
3272.0	3.62283
3275.0	3.65027
3278.0	6.65945
3281.0	5.75543
3284.0	5.75807
3287.0	4.28412
3290.0	4.00804
3293.0	4.32957
3296.0	3.402
3299.0	4.75739
3302.0	4.59745
3305.0	4.00192
3308.0	4.3677
3311.0	5.22277
3314.0	4.66154
3317.0	5.15382
3320.0	5.38448
3323.0	5.78962
3326.0	5.31145
3329.0	6.04482
3332.0	5.75502
3335.0	6.25273
3338.0	6.34762
3341.0	6.30189
3344.0	7.05007
3347.0	6.80371
3350.0	7.71053
3353.0	6.68599
3356.0	7.76045
3359.0	7.34452
3362.0	8.6662
3365.0	8.13508
3368.0	8.49443
3371.0	8.53279
3374.0	8.91801
3377.0	9.38043
3380.0	9.80626
3383.0	9.5046
3386.0	10.0525
3389.0	8.91692
3392.0	9.26168
3395.0	8.45247
3398.0	9.37967
3401.0	8.5504
3404.0	9.45163
3407.0	8.93583
3410.0	9.31352
3413.0	9.13034
3416.0	8.97481
3419.0	9.16112
3422.0	8.45569
3425.0	8.76338
3428.0	8.56677
3431.0	8.40137
3434.0	8.85486
3437.0	8.21951
3440.0	8.87253
3443.0	8.51252
3446.0	9.30249
3449.0	9.63096
3452.0	9.95063
3455.0	10.2181
3458.0	9.42343
3461.0	10.3246
3464.0	9.8913
3467.0	9.65175
3470.0	10.4043
3473.0	11.5166
3476.0	11.8828
3479.0	11.9678
3482.0	11.4586
3485.0	11.7327
3488.0	11.5821
3491.0	11.5204
3494.0	11.4447
3497.0	11.4163
3500.0	11.4013
3503.0	11.2531
3506.0	11.2061
3509.0	11.2314
3512.0	11.1142
3515.0	11.3574
3518.0	11.4021
3521.0	11.6203
3524.0	11.1517
3527.0	11.9198
3530.0	11.8909
3533.0	12.409
3536.0	12.781
3539.0	12.2658
3542.0	12.7756
3545.0	12.4514
3548.0	12.3178
3551.0	11.8296
3554.0	11.7713
3557.0	11.7631
3560.0	11.7377
3563.0	11.8485
3566.0	11.9334
3569.0	12.2783
3572.0	11.8574
3575.0	12.5232
3578.0	12.5415
3581.0	12.3744
3584.0	12.4675
3587.0	12.6467
3590.0	12.8092
3593.0	12.6738
3596.0	12.7759
3599.0	12.9829
3602.0	12.7266
3605.0	12.8816
3608.0	13.1834
3611.0	13.1115
3614.0	13.2288
3617.0	13.2326
3620.0	13.4724
3623.0	13.4178
3626.0	13.4401
3629.0	13.4661
3632.0	13.5392
3635.0	13.395
3638.0	13.4867
3641.0	13.7961
3644.0	14.053
3647.0	14.4059
3650.0	14.4229
3653.0	14.6902
3656.0	14.3681
3659.0	14.3269
3662.0	12.3632
3665.0	12.1192
3668.0	11.7462
3671.0	11.8116
3674.0	11.7238
3677.0	11.4964
3680.0	11.1616
3683.0	10.518
3686.0	10.1143
3689.0	10.2618
3692.0	9.21746
3695.0	8.78679
3698.0	8.27706
3701.0	7.79691
3704.0	7.58076
3707.0	7.32941
3710.0	6.98547
3713.0	6.70651
3716.0	6.74873
3719.0	6.52236
3722.0	6.43501
3725.0	6.20708
3728.0	5.83149
3731.0	5.72851
3734.0	5.59307
3737.0	5.44063
3740.0	5.20156
3743.0	5.17019
3746.0	5.11896
3749.0	5.00252
3752.0	4.94514
3755.0	5.0296
3758.0	4.83833
3761.0	4.93308
3764.0	4.86816
3767.0	5.20271
3770.0	5.19481
3773.0	5.28781
3776.0	5.59058
3779.0	5.51818
3782.0	5.78509
3785.0	5.94904
3788.0	6.00268
3791.0	6.20354
3794.0	6.24834
3797.0	6.33365
3800.0	6.27842
3803.0	6.38816
3806.0	6.30941
3809.0	6.29409
3812.0	6.26683
3815.0	6.43095
3818.0	6.35865
3821.0	6.16852
3824.0	6.25919
3827.0	6.31318
3830.0	6.21731
3833.0	6.14176
3836.0	6.29761
3839.0	6.20075
3842.0	6.34545
3845.0	6.40059
3848.0	6.5011
3851.0	6.63967
3854.0	6.69174
3857.0	6.91799
3860.0	6.9715
3863.0	7.19052
3866.0	7.12074
3869.0	7.31457
3872.0	7.50028
3875.0	7.63061
3878.0	8.14491
3881.0	8.25249
3884.0	8.73406
3887.0	8.96299
3890.0	9.20829
3893.0	9.68534
3896.0	9.60103
3899.0	9.70623
3902.0	9.94031
3905.0	10.1479
3908.0	10.1487
3911.0	10.6093
3914.0	10.6989
3917.0	11.2772
3920.0	11.2309
3923.0	11.4138
3926.0	11.6242
3929.0	11.7417
3932.0	11.4637
3935.0	11.4886
3938.0	12.2715
3941.0	12.3969
3944.0	12.5258
3947.0	12.6827
3950.0	12.8002
3953.0	13.0636
3956.0	13.0876
3959.0	13.2556
3962.0	13.5858
3965.0	13.7423
3968.0	13.3248
3971.0	13.9611
3974.0	13.8751
3977.0	13.9404
3980.0	14.0282
3983.0	14.0192
3986.0	13.9298
3989.0	14.0571
3992.0	14.0486
3995.0	14.1174
3998.0	13.6259
4001.0	13.4837
4004.0	13.3476
4007.0	13.1701
4010.0	12.7283
4013.0	12.7735
4016.0	12.5679
4019.0	12.2979
4022.0	12.2528
4025.0	12.2637
4028.0	11.9984
4031.0	11.9842
4034.0	11.8493
4037.0	11.6923
4040.0	11.7137
4043.0	11.6697
4046.0	11.8395
4049.0	11.8863
4052.0	11.7704
4055.0	11.9699
4058.0	12.0443
4061.0	12.2559
4064.0	12.3308
4067.0	12.3103
4070.0	12.5121
4073.0	12.4179
4076.0	12.4767
4079.0	12.6229
4082.0	12.8333
4085.0	12.8322
4088.0	12.7328
4091.0	12.8626
4094.0	13.0315
4097.0	13.2095
4100.0	13.1371
4103.0	13.0966
4106.0	13.2134
4109.0	13.184
4112.0	13.548
4115.0	13.3328
4118.0	13.3881
4121.0	13.4654
4124.0	13.4279
4127.0	13.3635
4130.0	13.3068
4133.0	13.508
4136.0	13.4425
4139.0	13.3945
4142.0	13.0539
4145.0	13.1128
4148.0	12.9338
4151.0	12.7599
4154.0	12.4888
4157.0	12.4292
4160.0	12.1578
4163.0	12.0587
4166.0	11.8996
4169.0	11.7308
4172.0	11.7767
4175.0	11.7005
4178.0	11.8068
4181.0	11.7548
4184.0	11.6004
4187.0	11.5419
4190.0	11.2743
4193.0	11.2891
4196.0	11.2419
4199.0	11.1718
4202.0	11.1387
4205.0	11.3368
4208.0	11.201
4211.0	11.2511
4214.0	11.1121
4217.0	11.1409
4220.0	11.047
4223.0	10.8277
4226.0	10.8493
4229.0	10.6854
4232.0	10.3877
4235.0	10.166
4238.0	10.1324
4241.0	9.95928
4244.0	9.8758
4247.0	9.63467
4250.0	9.55236
4253.0	9.5573
4256.0	9.38498
4259.0	9.20826
4262.0	9.20452
4265.0	9.07381
4268.0	8.95845
4271.0	8.97277
4274.0	8.83497
4277.0	8.81516
4280.0	8.68953
4283.0	8.70861
4286.0	8.76251
4289.0	8.6343
4292.0	8.58362
4295.0	8.3142
4298.0	8.36912
4301.0	8.31437
4304.0	8.17238
4307.0	8.17023
4310.0	8.04967
4313.0	7.97837
4316.0	7.81598
4319.0	7.71758
4322.0	7.61304
4325.0	7.50154
4328.0	7.54806
4331.0	7.41719
4334.0	7.49022
4337.0	7.30418
4340.0	7.34997
4343.0	7.42471
4346.0	7.34886
4349.0	7.30234
4352.0	7.43309
4355.0	7.41281
4358.0	7.58229
4361.0	7.50393
4364.0	7.59002
4367.0	7.63342
4370.0	7.60622
4373.0	7.71026
4376.0	7.83975
4379.0	7.8351
4382.0	8.00022
4385.0	8.03954
4388.0	8.23328
4391.0	8.31308
4394.0	8.40805
4397.0	8.4433
4400.0	8.60645
4403.0	8.66338
4406.0	8.6009
4409.0	8.71065
4412.0	8.71735
4415.0	8.79914
4418.0	8.83937
4421.0	8.85456
4424.0	8.79323
4427.0	8.72948
4430.0	8.69236
4433.0	8.58497
4436.0	8.31418
4439.0	8.27552
4442.0	8.07574
4445.0	7.95684
4448.0	7.60777
4451.0	7.6692
4454.0	7.55294
4457.0	7.38861
4460.0	7.24348
4463.0	7.1649
4466.0	7.22151
4469.0	7.2007
4472.0	7.16575
4475.0	7.192
4478.0	7.18355
4481.0	7.36459
4484.0	7.33747
4487.0	7.45021
4490.0	7.5953
4493.0	7.60503
4496.0	7.77692
4499.0	7.99228
4502.0	8.16202
4505.0	8.15563
4508.0	8.45265
4511.0	8.54286
4514.0	8.66697
4517.0	8.77162
4520.0	8.84831
4523.0	8.85079
4526.0	8.89192
4529.0	8.94338
4532.0	8.98886
4535.0	9.1558
4538.0	8.95392
4541.0	8.87634
4544.0	8.89064
4547.0	8.87452
4550.0	8.83913
4553.0	8.86048
4556.0	8.84586
4559.0	8.77532
4562.0	8.90973
4565.0	8.82651
4568.0	8.92049
4571.0	8.84316
4574.0	8.71024
4577.0	8.70156
4580.0	8.68107
4583.0	8.74142
4586.0	8.66247
4589.0	8.68557
4592.0	8.61403
4595.0	8.85825
4598.0	8.76043
4601.0	8.68213
4604.0	8.77081
4607.0	8.77842
4610.0	8.8078
4613.0	8.85359
4616.0	8.68081
4619.0	8.87253
4622.0	8.89533
4625.0	8.83584
4628.0	8.88301
4631.0	8.88361
4634.0	8.93429
4637.0	8.90896
4640.0	8.89214
4643.0	8.96743
4646.0	9.02301
4649.0	8.90042
4652.0	8.87956
4655.0	8.88546
4658.0	8.85918
4661.0	8.76238
4664.0	8.72421
4667.0	8.63132
4670.0	8.64262
4673.0	8.53335
4676.0	8.43491
4679.0	8.29002
4682.0	8.00735
4685.0	8.07553
4688.0	7.95878
4691.0	7.89738
4694.0	7.68091
4697.0	7.6836
4700.0	7.59023
4703.0	7.51867
4706.0	7.44829
4709.0	7.36574
4712.0	7.33625
4715.0	7.3577
4718.0	7.23256
4721.0	7.26876
4724.0	7.17154
4727.0	7.21497
4730.0	7.20655
4733.0	7.13651
4736.0	7.05555
4739.0	7.09054
4742.0	7.09752
4745.0	7.13667
4748.0	7.04356
4751.0	7.199
4754.0	7.18711
4757.0	7.13828
4760.0	7.18505
4763.0	7.15565
4766.0	7.06766
4769.0	7.12507
4772.0	7.02128
4775.0	7.0357
4778.0	6.90446
4781.0	6.95851
4784.0	6.89604
4787.0	6.86199
4790.0	6.80303
4793.0	6.7681
4796.0	6.7383
4799.0	6.72869
4802.0	6.74669
4805.0	6.81982
4808.0	6.74559
4811.0	6.9513
4814.0	6.9259
4817.0	7.00009
4820.0	7.09828
4823.0	7.06149
4826.0	7.0255
4829.0	6.99499
4832.0	7.03931
4835.0	7.1326
4838.0	6.86723
4841.0	6.92582
4844.0	6.99361
4847.0	6.9021
4850.0	6.83801
4853.0	6.89239
4856.0	6.75242
4859.0	6.74293
4862.0	6.61532
4865.0	6.59666
4868.0	6.50139
4871.0	6.4055
4874.0	6.19316
4877.0	6.11604
4880.0	6.08274
4883.0	6.06354
4886.0	5.87739
4889.0	5.82183
4892.0	5.75724
4895.0	5.75174
4898.0	5.61193
4901.0	5.58965
4904.0	5.63221
4907.0	5.54881
4910.0	5.48808
4913.0	5.52433
4916.0	5.46378
4919.0	5.44544
4922.0	5.4561
4925.0	5.47779
4928.0	5.41624
4931.0	5.47546
4934.0	5.52177
4937.0	5.58242
4940.0	5.56866
4943.0	5.55931
4946.0	5.63138
4949.0	5.65462
4952.0	5.61336
4955.0	5.61312
4958.0	5.6581
4961.0	5.64906
4964.0	5.70585
4967.0	5.66525
4970.0	5.67874
4973.0	5.71848
4976.0	5.76985
4979.0	5.78648
4982.0	5.7001
4985.0	5.81399
4988.0	5.83868
4991.0	5.74201
4994.0	5.89248
4997.0	5.77887
5000.0	5.77179
5003.0	5.65214
5006.0	5.70927
5009.0	5.74033
5012.0	5.65282
5015.0	5.69601
5018.0	5.62253
5021.0	5.62017
5024.0	5.58108
5027.0	5.66821
5030.0	5.57024
5033.0	5.58774
5036.0	5.62302
5039.0	5.52115
5042.0	5.52865
5045.0	5.59812
5048.0	5.56641
5051.0	5.66798
5054.0	5.64118
5057.0	5.69187
5060.0	5.84783
5063.0	5.8772
5066.0	5.90235
5069.0	5.8575
5072.0	5.84234
5075.0	5.99011
5078.0	5.98914
5081.0	6.06156
5084.0	6.14522
5087.0	6.10698
5090.0	6.19254
5093.0	6.23358
5096.0	6.29888
5099.0	6.30736
5102.0	6.29062
5105.0	6.29109
5108.0	6.29743
5111.0	6.24922
5114.0	6.38473
5117.0	6.41011
5120.0	6.41725
5123.0	6.39594
5126.0	6.58674
5129.0	6.50496
5132.0	6.5774
5135.0	6.63002
5138.0	6.64932
5141.0	6.79924
5144.0	6.75076
5147.0	6.82512
5150.0	6.77736
5153.0	6.90616
5156.0	6.84369
5159.0	6.80553
5162.0	6.87548
5165.0	6.74129
5168.0	6.75592
5171.0	6.75919
5174.0	6.87024
5177.0	6.68883
5180.0	6.77171
5183.0	6.76287
5186.0	6.82274
5189.0	6.75233
5192.0	6.69511
5195.0	6.71939
5198.0	6.63745
5201.0	6.52358
5204.0	6.74475
5207.0	6.71516
5210.0	6.70746
5213.0	6.68059
5216.0	6.75399
5219.0	6.79463
5222.0	6.84287
5225.0	6.80374
5228.0	6.80248
5231.0	6.83616
5234.0	6.80908
5237.0	6.82029
5240.0	6.7598
5243.0	6.77018
5246.0	6.70416
5249.0	6.79458
5252.0	6.65539
5255.0	6.77979
5258.0	6.65422
5261.0	6.53121
5264.0	6.5003
5267.0	6.40797
5270.0	6.23152
5273.0	6.12123
5276.0	6.0278
5279.0	5.94119
5282.0	5.77574
5285.0	5.73388
5288.0	5.69314
5291.0	5.4751
5294.0	5.39803
5297.0	5.32847
5300.0	5.34852
5303.0	5.18551
5306.0	5.07607
5309.0	5.02501
5312.0	5.03785
5315.0	4.92804
5318.0	4.83907
5321.0	4.94331
5324.0	4.87644
5327.0	4.93468
5330.0	4.90676
5333.0	4.9294
5336.0	4.82775
5339.0	4.79758
5342.0	4.86388
5345.0	4.8739
5348.0	4.83283
5351.0	4.88344
5354.0	4.91132
5357.0	4.90695
5360.0	4.78063
5363.0	4.84266
5366.0	4.89496
5369.0	4.91019
5372.0	4.89727
5375.0	4.93275
5378.0	4.93757
5381.0	4.94515
5384.0	5.01051
5387.0	5.05345
5390.0	5.05176
5393.0	5.06901
5396.0	5.09999
5399.0	5.09824
5402.0	5.10036
5405.0	5.04047
5408.0	5.11438
5411.0	5.05971
5414.0	4.93569
5417.0	4.93028
5420.0	4.89621
5423.0	4.85692
5426.0	4.84591
5429.0	4.76887
5432.0	4.80144
5435.0	4.75525
5438.0	4.77054
5441.0	4.802
5444.0	4.73024
5447.0	4.71697
5450.0	4.63975
5453.0	4.59427
5456.0	4.65392
5459.0	4.56326
5462.0	4.57333
5465.0	4.51195
5468.0	4.56234
5471.0	4.45863
5474.0	4.39971
5477.0	4.32166
5480.0	4.30692
5483.0	4.30819
5486.0	4.22951
5489.0	4.13917
5492.0	4.16196
5495.0	4.10155
5498.0	3.99721
5501.0	4.03414
5504.0	4.03326
5507.0	3.98642
5510.0	4.03819
5513.0	3.95308
5516.0	3.98945
5519.0	4.1322
5522.0	4.07684
5525.0	4.05718
5528.0	4.1009
5531.0	4.15953
5534.0	4.23909
5537.0	4.33554
5540.0	4.33071
5543.0	4.32332
5546.0	4.37911
5549.0	4.41887
5552.0	4.45345
5555.0	4.48988
5558.0	4.56757
5561.0	4.57946
5564.0	4.6444
5567.0	4.72805
5570.0	4.7336
5573.0	4.69577
5576.0	4.78646
5579.0	4.84526
5582.0	4.8143
5585.0	4.80051
5588.0	4.78376
5591.0	4.81813
5594.0	4.83146
5597.0	4.76208
5600.0	4.69685
5603.0	4.62727
5606.0	4.56085
5609.0	4.52675
5612.0	4.52766
5615.0	4.52432
5618.0	4.5193
5621.0	4.45911
5624.0	4.56833
5627.0	4.55226
5630.0	4.54806
5633.0	4.67238
5636.0	4.64062
5639.0	4.68389
5642.0	4.72441
5645.0	4.75905
5649.0	4.74949
5652.0	4.732
5655.0	4.71298
5658.0	4.64517
5661.0	4.60642
5664.0	4.55232
5667.0	4.51741
5670.0	4.50424
5673.0	4.55369
5676.0	4.53517
5679.0	4.53645
5682.0	4.53764
5685.0	4.61129
5688.0	4.62422
5691.0	4.69026
5694.0	4.74033
5697.0	4.7912
5700.0	4.84808
5703.0	4.87045
5706.0	4.87761
5709.0	4.8664
5712.0	4.84524
5715.0	4.92389
5718.0	4.8849
5721.0	4.8818
5724.0	4.90283
5727.0	4.93669
5730.0	4.92678
5733.0	4.91598
5736.0	4.954
5739.0	4.92221
5742.0	4.92114
5745.0	4.9181
5748.0	4.95595
5751.0	4.95407
5754.0	4.93636
5757.0	4.93704
5760.0	4.94048
5763.0	4.91246
5766.0	4.91645
5769.0	4.90065
5772.0	4.8427
5775.0	4.86428
5778.0	4.85929
5781.0	4.8236
5784.0	4.78063
5787.0	4.78975
5790.0	4.75519
5793.0	4.70418
5796.0	4.74002
5799.0	4.70073
5802.0	4.70164
5805.0	4.7161
5808.0	4.67677
5811.0	4.66769
5814.0	4.66343
5817.0	4.65168
5820.0	4.61453
5823.0	4.6176
5826.0	4.6323
5829.0	4.63222
5832.0	4.6011
5835.0	4.59391
5838.0	4.59926
5841.0	4.61503
5844.0	4.60911
5847.0	4.58573
5850.0	4.62641
5853.0	4.59753
5856.0	4.5983
5859.0	4.62091
5862.0	4.62358
5865.0	4.61291
5868.0	4.61548
5871.0	4.58533
5874.0	4.57338
5877.0	4.61272
5880.0	4.60641
5883.0	4.52543
5886.0	4.44928
5889.0	4.36262
5892.0	4.23662
5895.0	4.24305
5898.0	4.346
5901.0	4.40073
5904.0	4.50629
5907.0	4.51367
5910.0	4.50743
5913.0	4.51198
5916.0	4.51342
5919.0	4.53141
5922.0	4.51752
5925.0	4.53636
5928.0	4.55228
5931.0	4.55916
5934.0	4.5991
5937.0	4.57411
5940.0	4.59279
5943.0	4.57395
5946.0	4.55145
5949.0	4.5442
5952.0	4.56824
5955.0	4.58436
5958.0	4.6191
5961.0	4.61225
5964.0	4.60308
5967.0	4.56408
5970.0	4.56075
5973.0	4.55316
5976.0	4.57491
5979.0	4.5779
5982.0	4.54938
5985.0	4.51932
5988.0	4.51047
5991.0	4.49137
5994.0	4.47535
5997.0	4.52645
6000.0	4.4784
6003.0	4.48412
6006.0	4.47607
6009.0	4.46228
6012.0	4.46276
6015.0	4.45543
6018.0	4.44465
6021.0	4.43337
6024.0	4.39576
6027.0	4.37083
6030.0	4.37333
6033.0	4.33528
6036.0	4.33325
6039.0	4.32388
6042.0	4.30096
6045.0	4.26183
6048.0	4.26664
6051.0	4.26081
6054.0	4.21778
6057.0	4.26853
6060.0	4.26685
6063.0	4.25071
6066.0	4.21419
6069.0	4.18368
6072.0	4.16449
6075.0	4.11989
6078.0	4.10878
6081.0	4.09924
6084.0	4.07145
6087.0	4.02884
6090.0	4.02967
6093.0	3.9758
6096.0	3.93903
6099.0	3.92181
6102.0	3.88817
6105.0	3.82687
6108.0	3.78883
6111.0	3.73131
6114.0	3.67693
6117.0	3.64691
6120.0	3.56601
6123.0	3.4814
6126.0	3.44025
6129.0	3.4418
6132.0	3.37198
6135.0	3.28316
6138.0	3.20531
6141.0	3.17084
6144.0	3.11257
6147.0	3.0333
6150.0	2.9926
6153.0	2.95753
6156.0	2.90075
6159.0	2.82995
6162.0	2.77379
6165.0	2.70286
6168.0	2.64523
6171.0	2.59601
6174.0	2.55685
6177.0	2.52617
6180.0	2.49752
6183.0	2.46052
6186.0	2.41726
6189.0	2.37535
6192.0	2.31415
6195.0	2.31253
6198.0	2.30904
6201.0	2.30066
6204.0	2.30007
6207.0	2.32261
6210.0	2.34768
6213.0	2.36844
6216.0	2.39235
6219.0	2.40696
6222.0	2.44421
6225.0	2.47326
6228.0	2.52661
6231.0	2.59111
6234.0	2.63675
6237.0	2.68166
6240.0	2.7041
6243.0	2.74694
6246.0	2.80531
6249.0	2.86952
6252.0	2.92541
6255.0	2.96589
6258.0	3.00908
6261.0	3.0536
6264.0	3.10821
6267.0	3.10269
6270.0	3.14416
6273.0	3.2061
6276.0	3.20845
6279.0	3.22105
6282.0	3.25049
6285.0	3.26388
6288.0	3.33558
6291.0	3.36571
6294.0	3.40674
6297.0	3.45355
6300.0	3.49863
6303.0	3.55439
6306.0	3.57671
6309.0	3.6016
6312.0	3.63324
6315.0	3.65299
6318.0	3.69633
6321.0	3.7539
6324.0	3.77569
6327.0	3.77418
6330.0	3.82842
6333.0	3.86059
6336.0	3.8932
6339.0	3.88814
6342.0	3.89283
6345.0	3.96123
6348.0	3.98746
6351.0	3.96077
6354.0	3.93203
6357.0	3.94172
6360.0	3.93184
6363.0	3.93224
6366.0	3.92916
6369.0	3.89934
6372.0	3.8961
6375.0	3.87088
6378.0	3.83815
6381.0	3.80663
6384.0	3.80712
6387.0	3.77772
6390.0	3.74598
6393.0	3.73655
6396.0	3.73888
6399.0	3.72936
6402.0	3.7146
6405.0	3.7129
6408.0	3.70138
6411.0	3.70376
6414.0	3.702
6417.0	3.71267
6420.0	3.68357
6423.0	3.69114
6426.0	3.70003
6429.0	3.70034
6432.0	3.72459
6435.0	3.74475
6438.0	3.74896
6441.0	3.75866
6444.0	3.76666
6447.0	3.74841
6450.0	3.78654
6453.0	3.81942
6456.0	3.8181
6459.0	3.81652
6462.0	3.80793
6465.0	3.80376
6468.0	3.79848
6471.0	3.79584
6474.0	3.79114
6477.0	3.76061
6480.0	3.78672
6483.0	3.78041
6486.0	3.77664
6489.0	3.80181
6492.0	3.76334
6495.0	3.76813
6498.0	3.75628
6501.0	3.77853
6504.0	3.76737
6507.0	3.77583
6510.0	3.77182
6513.0	3.72849
6516.0	3.70082
6519.0	3.69314
6522.0	3.68935
6525.0	3.70386
6528.0	3.70987
6531.0	3.69698
6534.0	3.67537
6537.0	3.67875
6540.0	3.69033
6543.0	3.66947
6546.0	3.6698
6549.0	3.65955
6552.0	3.65591
6555.0	3.65016
6558.0	3.63242
6561.0	3.63184
6564.0	3.61618
6567.0	3.6045
6570.0	3.61089
6573.0	3.59884
6576.0	3.55945
6579.0	3.53729
6582.0	3.54819
6585.0	3.52031
6588.0	3.50458
6591.0	3.51648
6594.0	3.50328
6597.0	3.48283
6600.0	3.46693
6603.0	3.46154
6606.0	3.47212
6609.0	3.47656
6612.0	3.46399
6615.0	3.46286
6618.0	3.43167
6621.0	3.41282
6624.0	3.43672
6627.0	3.39759
6630.0	3.42248
6633.0	3.43839
6636.0	3.47572
6639.0	3.52457
6642.0	3.45405
6645.0	3.38625
6648.0	3.36579
6651.0	3.35717
6654.0	3.33263
6657.0	3.33701
6660.0	3.32486
6663.0	3.31922
6666.0	3.33074
6669.0	3.30379
6672.0	3.28516
6675.0	3.27962
6678.0	3.2934
6681.0	3.25123
6684.0	3.23748
6687.0	3.22758
6690.0	3.22252
6693.0	3.2132
6696.0	3.19687
6699.0	3.20186
6702.0	3.18528
6705.0	3.17078
6708.0	3.17943
6711.0	3.1657
6714.0	3.15405
6717.0	3.16288
6720.0	3.15402
6723.0	3.15856
6726.0	3.14294
6729.0	3.12972
6732.0	3.1279
6735.0	3.13474
6738.0	3.13585
6741.0	3.12222
6744.0	3.09394
6747.0	3.09616
6750.0	3.09424
6753.0	3.10059
6756.0	3.09502
6759.0	3.07153
6762.0	3.0535
6765.0	3.0525
6768.0	3.07165
6771.0	3.02808
6774.0	3.0203
6777.0	3.02253
6780.0	3.00605
6783.0	2.99902
6786.0	3.00164
6789.0	2.98453
6792.0	2.98387
6795.0	2.98189
6798.0	2.93178
6801.0	2.92415
6804.0	2.94666
6807.0	2.9518
6810.0	2.93327
6813.0	2.92904
6816.0	2.92371
6819.0	2.90643
6822.0	2.91092
6825.0	2.89749
6828.0	2.86774
6831.0	2.87405
6834.0	2.87682
6837.0	2.84435
6840.0	2.85463
6843.0	2.85898
6846.0	2.85892
6849.0	2.85213
6852.0	2.83249
6855.0	2.83525
6858.0	2.83587
6861.0	2.81147
6864.0	2.81535
6867.0	2.78571
6870.0	2.81242
6873.0	2.81309
6876.0	2.7667
6879.0	2.75938
6882.0	2.76194
6885.0	2.74232
6888.0	2.77656
6891.0	2.81165
6894.0	2.77665
6897.0	2.74106
6900.0	2.7388
6903.0	2.72194
6906.0	2.69582
6909.0	2.69612
6912.0	2.66853
6915.0	2.68094
6918.0	2.6835
6921.0	2.65757
6924.0	2.63657
6927.0	2.61623
6930.0	2.64405
6933.0	2.63488
6936.0	2.61656
6939.0	2.62533
6942.0	2.6203
6945.0	2.57819
6948.0	2.57126
6951.0	2.58453
6954.0	2.56677
6957.0	2.57814
6960.0	2.56096
6963.0	2.54973
6966.0	2.5466
6969.0	2.55573
6972.0	2.55408
6975.0	2.5587
6978.0	2.56363
6981.0	2.53907
6984.0	2.54038
6987.0	2.54274
6990.0	2.52189
6993.0	2.52314
6996.0	2.51895
6999.0	2.531
7002.0	2.51456
7005.0	2.48275
7008.0	2.48375
7011.0	2.50025
7014.0	2.48896
7017.0	2.47878
7020.0	2.47713
7023.0	2.46151
7026.0	2.4198
7029.0	2.43993
7032.0	2.40501
7035.0	2.39538
7038.0	2.38041
7041.0	2.37458
7044.0	2.36778
7047.0	2.33869
7050.0	2.35104
7053.0	2.35146
7056.0	2.32184
7059.0	2.31853
7062.0	2.33924
7065.0	2.33718
7068.0	2.33718
7071.0	2.33663
7074.0	2.33018
7077.0	2.3507
7080.0	2.35158
7083.0	2.34956
7086.0	2.35515
7089.0	2.33428
7092.0	2.36769
7095.0	2.37335
7098.0	2.37681
7101.0	2.39208
7104.0	2.39546
7107.0	2.39259
7110.0	2.39749
7113.0	2.39536
7116.0	2.39345
7119.0	2.42999
7122.0	2.4246
7125.0	2.42423
7128.0	2.44325
7131.0	2.4397
7134.0	2.4405
7137.0	2.43289
7140.0	2.4392
7143.0	2.4483
7146.0	2.45883
7149.0	2.44845
7152.0	2.43999
7155.0	2.46098
7158.0	2.43716
7161.0	2.42774
7164.0	2.43752
7167.0	2.44035
7170.0	2.4452
7173.0	2.42917
7176.0	2.42233
7179.0	2.45596
7182.0	2.41717
7185.0	2.41677
7188.0	2.4452
7191.0	2.42709
7194.0	2.41585
7197.0	2.41804
7200.0	2.4116
7203.0	2.40443
7206.0	2.41268
7209.0	2.40815
7212.0	2.38674
7215.0	2.41073
7218.0	2.41651
7221.0	2.40165
7224.0	2.39171
7227.0	2.38854
7230.0	2.38378
7233.0	2.39231
7236.0	2.39612
7239.0	2.37183
7242.0	2.36396
7245.0	2.37783
7248.0	2.36553
7251.0	2.35176
7254.0	2.35757
7257.0	2.3431
7260.0	2.35545
7263.0	2.35598
7266.0	2.34207
7269.0	2.32694
7272.0	2.33053
7275.0	2.33384
7278.0	2.31362
7281.0	2.29209
7284.0	2.28988
7287.0	2.27737
7290.0	2.29497
7293.0	2.26801
7296.0	2.25571
7299.0	2.22887
7302.0	2.22027
7305.0	2.21583
7308.0	2.20229
7311.0	2.18968
7314.0	2.1737
7317.0	2.15591
7320.0	2.17936
7323.0	2.19086
7326.0	2.17591
7329.0	2.16657
7332.0	2.15734
7335.0	2.15095
7338.0	2.15498
7341.0	2.15991
7344.0	2.18972
7347.0	2.15841
7350.0	2.16081
7353.0	2.19161
7356.0	2.18201
7359.0	2.16626
7362.0	2.17422
7365.0	2.1663
7368.0	2.16689
7371.0	2.16431
7374.0	2.1708
7377.0	2.16009
7380.0	2.15111
7383.0	2.13851
7386.0	2.14848
7389.0	2.1638
7392.0	2.16444
7395.0	2.14482
7398.0	2.16094
7401.0	2.16641
7404.0	2.12602
7407.0	2.14236
7410.0	2.14355
7413.0	2.12108
7416.0	2.10438
7419.0	2.12247
7422.0	2.11624
7425.0	2.10599
7428.0	2.10962
7431.0	2.10332
7434.0	2.09212
7437.0	2.0935
7440.0	2.08636
7443.0	2.08011
7446.0	2.09841
7449.0	2.08343
7452.0	2.07937
7455.0	2.06304
7458.0	2.06056
7461.0	2.05822
7464.0	2.03034
7467.0	2.0261
7470.0	2.0359
7473.0	2.05078
7476.0	2.04884
7479.0	2.04505
7482.0	2.04725
7485.0	2.03686
7488.0	2.02656
7491.0	2.04577
7494.0	2.01921
7497.0	2.01079
7500.0	2.0128
7503.0	2.01273
7506.0	2.01057
7509.0	1.99462
7512.0	1.9835
7515.0	1.96198
7518.0	1.95914
7521.0	1.96845
7524.0	1.94657
7527.0	1.93909
7530.0	1.91972
7533.0	1.9171
7536.0	1.8909
7539.0	1.88245
7542.0	1.87429
7545.0	1.85731
7548.0	1.85736
7551.0	1.84445
7554.0	1.83505
7557.0	1.82695
7560.0	1.81151
7563.0	1.81319
7566.0	1.82101
7569.0	1.79609
7572.0	1.78986
7575.0	1.80283
7578.0	1.7877
7581.0	1.77485
7584.0	1.77213
7587.0	1.77658
7590.0	1.77948
7593.0	1.75681
7596.0	1.80526
7599.0	1.80405
7602.0	1.76516
7605.0	1.75975
7608.0	1.70501
7611.0	1.70057
7614.0	1.74946
7617.0	1.76403
7620.0	1.76334
7623.0	1.7956
7626.0	1.82349
7629.0	1.81181
7632.0	1.80068
7635.0	1.79386
7638.0	1.76101
7641.0	1.77969
7644.0	1.7943
7647.0	1.78412
7650.0	1.77525
7653.0	1.79966
7656.0	1.78998
7659.0	1.79053
7662.0	1.79318
7665.0	1.79607
7668.0	1.81152
7671.0	1.81398
7674.0	1.79569
7677.0	1.80508
7680.0	1.80333
7683.0	1.80894
7686.0	1.81705
7689.0	1.81247
7692.0	1.81792
7695.0	1.81472
7698.0	1.81024
7701.0	1.81259
7704.0	1.82473
7707.0	1.81406
7710.0	1.82457
7713.0	1.83983
7716.0	1.83829
7719.0	1.84344
7722.0	1.84431
7725.0	1.81622
7728.0	1.82057
7731.0	1.81873
7734.0	1.83145
7737.0	1.83344
7740.0	1.81288
7743.0	1.79785
7746.0	1.80026
7749.0	1.80182
7752.0	1.80897
7755.0	1.81613
7758.0	1.80607
7761.0	1.79564
7764.0	1.793
7767.0	1.80546
7770.0	1.81192
7773.0	1.80617
7776.0	1.80622
7779.0	1.79491
7782.0	1.81086
7785.0	1.80358
7788.0	1.81007
7791.0	1.80624
7794.0	1.81011
7797.0	1.82972
7800.0	1.82101
7803.0	1.83115
7806.0	1.83075
7809.0	1.83882
7812.0	1.8316
7815.0	1.82602
7818.0	1.81921
7821.0	1.82104
7824.0	1.83334
7827.0	1.85062
7830.0	1.83053
7833.0	1.83609
7836.0	1.83741
7839.0	1.83925
7842.0	1.84615
7845.0	1.84364
7848.0	1.83027
7851.0	1.84539
7854.0	1.85703
7857.0	1.86537
7860.0	1.8634
7863.0	1.84713
7866.0	1.8387
7869.0	1.84231
7872.0	1.82709
7875.0	1.8402
7878.0	1.8564
7881.0	1.85235
7884.0	1.83103
7887.0	1.83353
7890.0	1.8215
7893.0	1.81825
7896.0	1.81244
7899.0	1.81435
7902.0	1.82679
7905.0	1.80766
7908.0	1.8128
7911.0	1.81844
7914.0	1.8071
7917.0	1.77365
7920.0	1.77188
7923.0	1.75171
7926.0	1.74968
7929.0	1.73692
7932.0	1.72551
7935.0	1.74169
7938.0	1.72544
7941.0	1.71408
7944.0	1.69925
7947.0	1.68017
7950.0	1.68363
7953.0	1.68276
7956.0	1.67938
7959.0	1.65811
7962.0	1.66647
7965.0	1.66196
7968.0	1.65642
7971.0	1.65128
7974.0	1.64364
7977.0	1.6402
7980.0	1.63734
7983.0	1.63601
7986.0	1.61418
7989.0	1.59747
7992.0	1.58468
7995.0	1.58872
7998.0	1.58913
8001.0	1.5719
8004.0	1.54019
8007.0	1.52204
8010.0	1.51091
8013.0	1.51632
8016.0	1.5024
8019.0	1.46529
8022.0	1.44472
8025.0	1.43955
8028.0	1.41148
8031.0	1.42483
8034.0	1.40522
8037.0	1.38104
8040.0	1.39262
8043.0	1.38188
8046.0	1.37492
8049.0	1.36463
8052.0	1.36152
8055.0	1.35348
8058.0	1.35965
8061.0	1.35851
8064.0	1.35041
8067.0	1.34017
8070.0	1.36597
8073.0	1.3508
8076.0	1.3417
8079.0	1.34352
8082.0	1.34127
8085.0	1.35671
8088.0	1.35477
8091.0	1.35352
8094.0	1.34003
8097.0	1.35503
8100.0	1.35863
8103.0	1.34181
8106.0	1.3345
8109.0	1.35742
8112.0	1.35986
8115.0	1.35128
8118.0	1.35125
8121.0	1.33991
8124.0	1.3425
8127.0	1.35036
8130.0	1.34593
8133.0	1.34761
8136.0	1.36516
8139.0	1.36777
8142.0	1.38184
8145.0	1.38253
8148.0	1.39454
8151.0	1.39341
8154.0	1.37607
8157.0	1.38421
8160.0	1.38502
8163.0	1.40083
8166.0	1.38288
8169.0	1.39215
8172.0	1.4171
8175.0	1.40352
8178.0	1.41261
8181.0	1.42068
8184.0	1.42264
8187.0	1.44651
8190.0	1.47279
8193.0	1.48519
8196.0	1.4647
8199.0	1.46401
8202.0	1.47889
8205.0	1.49287
8208.0	1.49635
8211.0	1.51263
8214.0	1.52074
8217.0	1.49728
8220.0	1.49853
8223.0	1.4947
8226.0	1.55041
8229.0	1.62133
8232.0	1.59025
8235.0	1.50742
8238.0	1.45386
8241.0	1.46379
8244.0	1.49156
8247.0	1.47299
8250.0	1.46696
8253.0	1.45989
8256.0	1.43989
8259.0	1.44462
8262.0	1.43856
8265.0	1.43717
8268.0	1.4299
8271.0	1.39763
8274.0	1.39154
8277.0	1.40022
8280.0	1.40165
8283.0	1.39484
8286.0	1.37182
8289.0	1.36094
8292.0	1.36457
8295.0	1.33633
8298.0	1.33075
8301.0	1.31462
8304.0	1.32231
8307.0	1.31588
8310.0	1.31412
8313.0	1.31195
8316.0	1.2999
8319.0	1.29831
8322.0	1.29682
8325.0	1.28685
8328.0	1.29958
8331.0	1.31618
8334.0	1.3039
8337.0	1.26707
8340.0	1.27479
8343.0	1.27553
8346.0	1.27911
8349.0	1.28625
8352.0	1.30721
8355.0	1.30875
8358.0	1.30029
8361.0	1.30674
8364.0	1.32188
8367.0	1.3143
8370.0	1.3108
8373.0	1.31928
8376.0	1.31914
8379.0	1.31421
8382.0	1.31575
8385.0	1.31922
8388.0	1.30563
8391.0	1.30214
8394.0	1.30585
8397.0	1.30542
8400.0	1.3011
8403.0	1.30103
8406.0	1.28703
8409.0	1.28148
8412.0	1.26869
8415.0	1.28057
8418.0	1.2758
8421.0	1.28001
8424.0	1.29059
8427.0	1.27991
8430.0	1.2743
8433.0	1.26724
8436.0	1.26062
8439.0	1.27573
8442.0	1.28531
8445.0	1.28781
8448.0	1.30073
8451.0	1.30783
8454.0	1.30168
8457.0	1.29998
8460.0	1.32056
8463.0	1.33883
8466.0	1.34076
8469.0	1.33296
8472.0	1.3431
8475.0	1.35257
8478.0	1.35628
8481.0	1.36849
8484.0	1.38403
8487.0	1.38548
8490.0	1.38195
8493.0	1.38575
8496.0	1.38552
8499.0	1.39855
8502.0	1.40299
8505.0	1.39942
8508.0	1.41296
8511.0	1.42613
8514.0	1.41999
8517.0	1.43091
8520.0	1.43194
8523.0	1.41977
8526.0	1.42831
8529.0	1.43751
8532.0	1.44361
8535.0	1.44076
8538.0	1.44748
8541.0	1.458
8544.0	1.4525
8547.0	1.45906
8550.0	1.47193
8553.0	1.46749
8556.0	1.47154
8559.0	1.47585
8562.0	1.47947
8565.0	1.4708
8568.0	1.47479
8571.0	1.49043
8574.0	1.49549
8577.0	1.47191
8580.0	1.48372
8583.0	1.49537
8586.0	1.50944
8589.0	1.48488
8592.0	1.49222
8595.0	1.50006
8598.0	1.49815
8601.0	1.50733
8604.0	1.50655
8607.0	1.48311
8610.0	1.48838
8613.0	1.50433
8616.0	1.49573
8619.0	1.49584
8622.0	1.50105
8625.0	1.49627
8628.0	1.49672
8631.0	1.49063
8634.0	1.47907
8637.0	1.48864
8640.0	1.49426
8643.0	1.46944
8646.0	1.48587
8649.0	1.48932
8652.0	1.47254
8655.0	1.48301
8658.0	1.48618
8661.0	1.4718
8664.0	1.45975
8667.0	1.45736
8670.0	1.4805
8673.0	1.46263
8676.0	1.47307
8679.0	1.46688
8682.0	1.45633
8685.0	1.45227
8688.0	1.46001
8691.0	1.45279
8694.0	1.45938
8697.0	1.46778
8700.0	1.44212
8703.0	1.44015
8706.0	1.42329
8709.0	1.43655
8712.0	1.43253
8715.0	1.42957
8718.0	1.41757
8721.0	1.43621
8724.0	1.44399
8727.0	1.43766
8730.0	1.43003
8733.0	1.42707
8736.0	1.42377
8739.0	1.43716
8742.0	1.43011
8745.0	1.42613
8748.0	1.43076
8751.0	1.42029
8754.0	1.42793
8757.0	1.42375
8760.0	1.41344
8763.0	1.41174
8766.0	1.41996
8769.0	1.42253
8772.0	1.43151
8775.0	1.42218
8778.0	1.42722
8781.0	1.4243
8784.0	1.42402
8787.0	1.41681
8790.0	1.41195
8793.0	1.40982
8796.0	1.41823
8799.0	1.42639
8802.0	1.42331
8805.0	1.43485
8808.0	1.42273
8811.0	1.42984
8814.0	1.41964
8817.0	1.42555
8820.0	1.41817
8823.0	1.40731
8826.0	1.40881
8829.0	1.41048
8832.0	1.39849
8835.0	1.41624
8838.0	1.43532
8841.0	1.41217
8844.0	1.40286
8847.0	1.41176
8850.0	1.40986
8853.0	1.3971
8856.0	1.40234
8859.0	1.41234
8862.0	1.41259
8865.0	1.41547
8868.0	1.41096
8871.0	1.40612
8874.0	1.39168
8877.0	1.40524
8880.0	1.38822
8883.0	1.37356
8886.0	1.37128
8889.0	1.40002
8892.0	1.40156
8895.0	1.39105
8898.0	1.36795
8901.0	1.36648
8904.0	1.37754
8907.0	1.37422
8910.0	1.37679
8913.0	1.35457
8916.0	1.33289
8919.0	1.33481
8922.0	1.34357
8925.0	1.33288
8928.0	1.32198
8931.0	1.32298
8934.0	1.31604
8937.0	1.29396
8940.0	1.30391
8943.0	1.31534
8946.0	1.29933
8949.0	1.29998
8952.0	1.28228
8955.0	1.30119
8958.0	1.28839
8961.0	1.2811
8964.0	1.31713
8967.0	1.30799
8970.0	1.30919
8973.0	1.32909
8976.0	1.29261
8979.0	1.27306
8982.0	1.28354
8985.0	1.31583
8988.0	1.40999
8991.0	1.38743
8994.0	1.26023
8997.0	1.20927
9000.0	1.23024
9003.0	1.2356
9006.0	1.23885
9009.0	1.24868
9012.0	1.26263
9015.0	1.25296
9018.0	1.22889
9021.0	1.197
9024.0	1.22447
9027.0	1.22544
9030.0	1.20312
9033.0	1.20933
9036.0	1.19773
9039.0	1.20223
9042.0	1.211
9045.0	1.19577
9048.0	1.20483
9051.0	1.22042
9054.0	1.207
9057.0	1.1926
9060.0	1.20545
9063.0	1.21138
9066.0	1.20313
9069.0	1.19577
9072.0	1.20975
9075.0	1.1951
9078.0	1.19531
9081.0	1.21611
9084.0	1.20482
9087.0	1.227
9090.0	1.1989
9093.0	1.19387
9096.0	1.18456
9099.0	1.19168
9102.0	1.17702
9105.0	1.16233
9108.0	1.18288
9111.0	1.16463
9114.0	1.14388
9117.0	1.16041
9120.0	1.17571
9123.0	1.16023
9126.0	1.12529
9129.0	1.16334
9132.0	1.16162
9135.0	1.16015
9138.0	1.16136
9141.0	1.15624
9144.0	1.15713
9147.0	1.15051
9150.0	1.16228
9153.0	1.18593
9156.0	1.19982
9159.0	1.15706
9162.0	1.16674
9165.0	1.19216
9168.0	1.20261
9171.0	1.18947
9174.0	1.18567
9177.0	1.18861
9180.0	1.16921
9183.0	1.17746
9186.0	1.20191
9189.0	1.18638
9192.0	1.19229
9195.0	1.21617
9198.0	1.21156
9201.0	1.2457
9204.0	1.23176
9207.0	1.21735
9210.0	1.22064
9213.0	1.22031
9216.0	1.25542
9219.0	1.25491
9222.0	1.29343
9225.0	1.31465
9228.0	1.29525
9231.0	1.26449
9234.0	1.24361
9237.0	1.25255
9240.0	1.26969
9243.0	1.26004
9246.0	1.25297
9249.0	1.26458
9252.0	1.27474
9255.0	1.28011
9258.0	1.2715
9261.0	1.25068
9264.0	1.27751
9267.0	1.27989
9270.0	1.25727
9273.0	1.23567
9276.0	1.23153
9279.0	1.22816
9282.0	1.21686
9285.0	1.22819
9288.0	1.22099
9291.0	1.20143
9294.0	1.24141
9297.0	1.21661
9300.0	1.2311
9303.0	1.21522
9306.0	1.22318
9309.0	1.23155
9312.0	1.2007
9315.0	1.26912
9318.0	1.21712
9321.0	1.19585
9324.0	1.25877
9327.0	1.2033
9330.0	1.19232
9333.0	1.25661
9336.0	1.22043
9339.0	1.18406
9342.0	1.28655
9345.0	1.23659
9348.0	1.16206
9351.0	1.227
9354.0	1.28432
9357.0	1.26504
9360.0	1.20539
9363.0	1.19809
9366.0	1.23107
9369.0	1.25949
9372.0	1.23256
9375.0	1.19839
9378.0	1.25016
9381.0	1.23038
9384.0	1.19393
9387.0	1.20818
9390.0	1.18141
9393.0	1.1851
9396.0	1.1847
9399.0	1.22698
9402.0	1.19941
9405.0	1.1664
9408.0	1.21006
9411.0	1.18609
9414.0	1.16205
9417.0	1.2278
9420.0	1.21097
9423.0	1.17864
9426.0	1.24636
9429.0	1.21291
9432.0	1.12956
9435.0	1.17272
9438.0	1.25078
9441.0	1.20782
9444.0	1.1471
9447.0	1.12887
9450.0	1.13634
9453.0	1.17246
9456.0	1.18198
9459.0	1.17672
9462.0	1.13682
9465.0	1.1559
9468.0	1.1487
9471.0	1.14144
9474.0	1.13984
9477.0	1.15908
9480.0	1.18075
9483.0	1.10928
9486.0	1.12128
9489.0	1.15014
9492.0	1.18035
9495.0	1.13109
9498.0	1.1451
9501.0	1.14741
9504.0	1.10462
9507.0	1.11039
9510.0	1.12292
9513.0	1.15189
9516.0	1.14032
9519.0	1.1169
9522.0	1.11886
9525.0	1.11141
9528.0	1.1146
9531.0	1.10009
9534.0	1.1152
9537.0	1.1439
9540.0	1.19097
9543.0	1.13412
9546.0	1.0686
9549.0	1.07978
9552.0	1.08543
9555.0	1.07732
9558.0	1.03837
9561.0	1.08076
9564.0	1.09289
9567.0	1.06575
9570.0	1.03206
9573.0	1.03648
9576.0	1.05951
9579.0	1.06918
9582.0	1.01491
9585.0	1.03749
9588.0	1.06803
9591.0	1.02956
9594.0	1.02752
9597.0	1.02645
9600.0	1.02993
9603.0	1.0427
9606.0	1.03806
9609.0	1.01418
9612.0	1.0071
9615.0	1.02707
9618.0	1.01061
9621.0	1.02088
9624.0	1.00707
9627.0	1.00184
9630.0	1.01769
9633.0	1.04336
9636.0	1.04361
9639.0	0.986291
9642.0	1.00023
9645.0	0.99731
9648.0	0.988474
9651.0	0.981805
9654.0	0.976544
9657.0	0.981589
9660.0	1.0005
9663.0	0.998499
9666.0	0.997577
9669.0	1.00275
9672.0	1.00031
9675.0	0.987071
9678.0	0.979442
9681.0	0.98272
9684.0	0.98424
9687.0	0.972355
9690.0	1.01306
9693.0	0.998937
9696.0	0.954505
9699.0	0.963268
9702.0	0.9738
9705.0	0.968001
9708.0	0.947551
9711.0	0.945537
9714.0	0.94114
9717.0	0.928498
9720.0	0.955268
9723.0	0.929238
9726.0	0.940677
9729.0	0.937177
9732.0	0.945067
9735.0	0.94955
9738.0	0.93071
9741.0	0.924947
9744.0	0.925311
9747.0	0.937629
9750.0	0.935939
9753.0	0.94222
9756.0	0.924595
9759.0	0.922458
9762.0	0.916634
9765.0	0.912535
9768.0	0.932227
9771.0	0.953771
9774.0	0.926788
9777.0	0.929051
9780.0	0.928373
9783.0	0.913745
9786.0	0.912729
9789.0	0.902382
9792.0	0.873757
9795.0	0.891107
9798.0	0.904277
9801.0	0.898886
9804.0	0.896671
9807.0	0.891918
9810.0	0.919201
9813.0	0.914758
9816.0	0.900615
9819.0	0.883705
9822.0	0.900104
9825.0	0.904213
9828.0	0.889714
9831.0	0.900863
9834.0	0.896231
9837.0	0.87854
9840.0	0.886761
9843.0	0.878911
9846.0	0.880846
9849.0	0.88238
9852.0	0.873757
9855.0	0.881953
9858.0	0.871397
9861.0	0.86817
9864.0	0.872748
9867.0	0.876344
9870.0	0.890458
9873.0	0.924192
9876.0	0.901429
9879.0	0.878226
9882.0	0.864592
9885.0	0.868387
9888.0	0.880352
9891.0	0.878057
9894.0	0.866345
9897.0	0.864272
9900.0	0.85118
9903.0	0.851441
9906.0	0.864252
9909.0	0.853841
9912.0	0.848056
9915.0	0.869787
9918.0	0.859404
9921.0	0.833676
9924.0	0.839035
9927.0	0.8499
9930.0	0.856136
9933.0	0.850531
9936.0	0.838354
9939.0	0.841509
9942.0	0.837359
9945.0	0.801664
9948.0	0.818535
9951.0	0.858611
9954.0	0.842651
9957.0	0.814981
9960.0	0.834981
9963.0	0.81635
9966.0	0.818797
9969.0	0.826665
9972.0	0.826076
9975.0	0.82044
9978.0	0.833059
9981.0	0.840462
9984.0	0.817431
9987.0	0.820939
9990.0	0.84199
9993.0	0.829197
9996.0	0.80457
9999.0	0.813261
