#	 2018oh 
#	 UT date of observation: 20180421 
#	 Telescope/Instrument: SOAR/Goodman 
#	 Estimated Peak MJD: nan 
#	 Estimated redshift: 0.011 
#	 Estimated Phase: nan 
#	 Published in Dettman et al. 2020 
#	 Observed barycentric wavelength (Angstroms)    F_lambda
3600.0	0.390089
3602.0	0.400464
3604.0	0.424149
3606.0	0.449465
3608.0	0.413688
3610.0	0.437951
3612.0	0.51092
3614.0	0.466954
3616.0	0.43126
3618.0	0.438536
3620.0	0.396416
3622.0	0.406396
3624.0	0.400417
3626.0	0.404499
3628.0	0.474102
3630.0	0.502631
3632.0	0.49505
3634.0	0.48862
3636.0	0.519125
3638.0	0.526122
3640.0	0.533679
3642.0	0.547052
3644.0	0.49075
3646.0	0.446186
3648.0	0.453888
3650.0	0.528542
3652.0	0.579899
3654.0	0.538121
3656.0	0.515635
3658.0	0.537225
3660.0	0.532869
3662.0	0.482127
3664.0	0.495732
3666.0	0.536248
3668.0	0.533235
3670.0	0.531452
3672.0	0.498734
3674.0	0.497
3676.0	0.518957
3678.0	0.482319
3680.0	0.45123
3682.0	0.433377
3684.0	0.440739
3686.0	0.468735
3688.0	0.509255
3690.0	0.514662
3692.0	0.479565
3694.0	0.483839
3696.0	0.523791
3698.0	0.51875
3700.0	0.485284
3702.0	0.482827
3704.0	0.502533
3706.0	0.526218
3708.0	0.534374
3710.0	0.550181
3712.0	0.609683
3714.0	0.625993
3716.0	0.584051
3718.0	0.606465
3720.0	0.618066
3722.0	0.616765
3724.0	0.665532
3726.0	0.714136
3728.0	0.746038
3730.0	0.739237
3732.0	0.737314
3734.0	0.74528
3736.0	0.758238
3738.0	0.789486
3740.0	0.784561
3742.0	0.808629
3744.0	0.826865
3746.0	0.784299
3748.0	0.81425
3750.0	0.857782
3752.0	0.834838
3754.0	0.805455
3756.0	0.828345
3758.0	0.840489
3760.0	0.84194
3762.0	0.86799
3764.0	0.892839
3766.0	0.875329
3768.0	0.849901
3770.0	0.873672
3772.0	0.849196
3774.0	0.804472
3776.0	0.781643
3778.0	0.790699
3780.0	0.777967
3782.0	0.807505
3784.0	0.806315
3786.0	0.756719
3788.0	0.721331
3790.0	0.703993
3792.0	0.708752
3794.0	0.679241
3796.0	0.665436
3798.0	0.664752
3800.0	0.673707
3802.0	0.664068
3804.0	0.627469
3806.0	0.581548
3808.0	0.594974
3810.0	0.57551
3812.0	0.550043
3814.0	0.489667
3816.0	0.477636
3818.0	0.458783
3820.0	0.439431
3822.0	0.421813
3824.0	0.368216
3826.0	0.36281
3828.0	0.357919
3830.0	0.353561
3832.0	0.319194
3834.0	0.287185
3836.0	0.28653
3838.0	0.267491
3840.0	0.267588
3842.0	0.279256
3844.0	0.261181
3846.0	0.251064
3848.0	0.228853
3850.0	0.241755
3852.0	0.228622
3854.0	0.244628
3856.0	0.238244
3858.0	0.243976
3860.0	0.241747
3862.0	0.264237
3864.0	0.235749
3866.0	0.212199
3868.0	0.237577
3870.0	0.291601
3872.0	0.253771
3874.0	0.240652
3876.0	0.251951
3878.0	0.273086
3880.0	0.29912
3882.0	0.313782
3884.0	0.363526
3886.0	0.382974
3888.0	0.384052
3890.0	0.376443
3892.0	0.390823
3894.0	0.42511
3896.0	0.454004
3898.0	0.462441
3900.0	0.468834
3902.0	0.513797
3904.0	0.52878
3906.0	0.519866
3908.0	0.526002
3910.0	0.587158
3912.0	0.615451
3914.0	0.612686
3916.0	0.63692
3918.0	0.661894
3920.0	0.699795
3922.0	0.709442
3924.0	0.741308
3926.0	0.77998
3928.0	0.806361
3930.0	0.831879
3932.0	0.816603
3934.0	0.832232
3936.0	0.826976
3938.0	0.860625
3940.0	0.922383
3942.0	0.926604
3944.0	0.936959
3946.0	0.951305
3948.0	0.986597
3950.0	0.985304
3952.0	0.980644
3954.0	0.982136
3956.0	0.991318
3958.0	1.01001
3960.0	1.01904
3962.0	1.0461
3964.0	1.03799
3966.0	1.03232
3968.0	1.03175
3970.0	1.0543
3972.0	1.06871
3974.0	1.08541
3976.0	1.09693
3978.0	1.0799
3980.0	1.07745
3982.0	1.08094
3984.0	1.11497
3986.0	1.10647
3988.0	1.09082
3990.0	1.1489
3992.0	1.16375
3994.0	1.15432
3996.0	1.20611
3998.0	1.22341
4000.0	1.23481
4002.0	1.26884
4004.0	1.231
4006.0	1.21125
4008.0	1.24946
4010.0	1.24209
4012.0	1.20804
4014.0	1.17807
4016.0	1.23022
4018.0	1.24141
4020.0	1.19398
4022.0	1.21477
4024.0	1.20922
4026.0	1.20605
4028.0	1.2192
4030.0	1.17288
4032.0	1.19613
4034.0	1.19844
4036.0	1.20568
4038.0	1.24936
4040.0	1.23173
4042.0	1.2138
4044.0	1.20668
4046.0	1.16547
4048.0	1.14809
4050.0	1.13831
4052.0	1.12503
4054.0	1.14992
4056.0	1.13153
4058.0	1.08554
4060.0	1.05509
4062.0	1.04505
4064.0	1.0592
4066.0	1.03317
4068.0	0.961023
4070.0	0.97784
4072.0	1.01045
4074.0	0.999202
4076.0	0.958135
4078.0	0.937406
4080.0	0.936928
4082.0	0.887387
4084.0	0.857908
4086.0	0.842888
4088.0	0.883025
4090.0	0.895473
4092.0	0.843723
4094.0	0.809505
4096.0	0.813042
4098.0	0.786612
4100.0	0.735705
4102.0	0.738394
4104.0	0.784409
4106.0	0.779956
4108.0	0.76732
4110.0	0.783125
4112.0	0.783023
4114.0	0.74307
4116.0	0.756283
4118.0	0.784159
4120.0	0.781109
4122.0	0.772339
4124.0	0.786134
4126.0	0.818234
4128.0	0.813071
4130.0	0.80023
4132.0	0.801993
4134.0	0.785976
4136.0	0.735179
4138.0	0.747342
4140.0	0.768729
4142.0	0.775145
4144.0	0.793759
4146.0	0.77281
4148.0	0.769243
4150.0	0.767956
4152.0	0.755243
4154.0	0.75738
4156.0	0.746599
4158.0	0.734458
4160.0	0.726466
4162.0	0.743617
4164.0	0.765468
4166.0	0.730694
4168.0	0.708909
4170.0	0.711105
4172.0	0.694041
4174.0	0.710751
4176.0	0.736616
4178.0	0.713461
4180.0	0.692584
4182.0	0.696622
4184.0	0.693144
4186.0	0.700284
4188.0	0.706335
4190.0	0.680957
4192.0	0.695069
4194.0	0.726683
4196.0	0.719883
4198.0	0.700111
4200.0	0.7189
4202.0	0.704207
4204.0	0.694892
4206.0	0.715143
4208.0	0.727693
4210.0	0.712382
4212.0	0.713384
4214.0	0.734466
4216.0	0.738017
4218.0	0.730341
4220.0	0.723658
4222.0	0.71878
4224.0	0.704754
4226.0	0.714625
4228.0	0.713696
4230.0	0.734541
4232.0	0.750067
4234.0	0.747091
4236.0	0.744177
4238.0	0.728442
4240.0	0.730885
4242.0	0.751721
4244.0	0.748955
4246.0	0.755346
4248.0	0.782702
4250.0	0.796219
4252.0	0.793249
4254.0	0.776895
4256.0	0.773485
4258.0	0.805439
4260.0	0.819874
4262.0	0.816141
4264.0	0.818628
4266.0	0.836551
4268.0	0.853076
4270.0	0.846616
4272.0	0.853562
4274.0	0.857624
4276.0	0.860572
4278.0	0.842071
4280.0	0.814221
4282.0	0.8279
4284.0	0.823672
4286.0	0.818799
4288.0	0.834034
4290.0	0.843673
4292.0	0.869201
4294.0	0.884609
4296.0	0.858065
4298.0	0.830276
4300.0	0.850637
4302.0	0.873267
4304.0	0.858996
4306.0	0.843138
4308.0	0.829161
4310.0	0.831764
4312.0	0.855995
4314.0	0.865529
4316.0	0.844024
4318.0	0.817825
4320.0	0.829948
4322.0	0.829192
4324.0	0.82392
4326.0	0.867642
4328.0	0.883112
4330.0	0.863332
4332.0	0.85833
4334.0	0.858113
4336.0	0.8391
4338.0	0.82143
4340.0	0.836335
4342.0	0.865035
4344.0	0.880314
4346.0	0.876809
4348.0	0.886504
4350.0	0.891205
4352.0	0.886518
4354.0	0.904027
4356.0	0.90897
4358.0	0.897875
4360.0	0.924665
4362.0	0.947603
4364.0	0.929999
4366.0	0.9227
4368.0	0.911431
4370.0	0.9051
4372.0	0.929872
4374.0	0.955628
4376.0	0.973394
4378.0	0.979855
4380.0	0.988873
4382.0	1.00283
4384.0	1.00355
4386.0	1.01654
4388.0	1.03845
4390.0	1.00904
4392.0	0.990311
4394.0	0.997454
4396.0	1.00497
4398.0	1.02028
4400.0	1.00207
4402.0	0.985447
4404.0	0.969565
4406.0	0.953084
4408.0	0.946051
4410.0	0.944178
4412.0	0.934419
4414.0	0.91847
4416.0	0.888699
4418.0	0.849841
4420.0	0.819013
4422.0	0.801343
4424.0	0.775456
4426.0	0.787395
4428.0	0.764713
4430.0	0.728798
4432.0	0.713994
4434.0	0.702656
4436.0	0.692188
4438.0	0.677168
4440.0	0.663406
4442.0	0.632301
4444.0	0.616868
4446.0	0.601333
4448.0	0.600578
4450.0	0.592147
4452.0	0.585911
4454.0	0.577533
4456.0	0.561135
4458.0	0.551644
4460.0	0.542535
4462.0	0.546376
4464.0	0.544276
4466.0	0.537125
4468.0	0.497478
4470.0	0.491957
4472.0	0.515903
4474.0	0.497446
4476.0	0.488189
4478.0	0.481272
4480.0	0.48123
4482.0	0.512056
4484.0	0.477868
4486.0	0.45366
4488.0	0.467174
4490.0	0.488035
4492.0	0.487286
4494.0	0.481268
4496.0	0.460543
4498.0	0.458143
4500.0	0.473876
4502.0	0.464383
4504.0	0.479172
4506.0	0.489429
4508.0	0.498567
4510.0	0.503838
4512.0	0.508349
4514.0	0.491872
4516.0	0.529856
4518.0	0.557813
4520.0	0.542772
4522.0	0.562757
4524.0	0.583349
4526.0	0.580369
4528.0	0.589346
4530.0	0.594992
4532.0	0.602083
4534.0	0.610829
4536.0	0.640802
4538.0	0.608706
4540.0	0.60737
4542.0	0.604851
4544.0	0.635332
4546.0	0.621073
4548.0	0.628798
4550.0	0.633569
4552.0	0.659061
4554.0	0.678848
4556.0	0.697759
4558.0	0.709141
4560.0	0.7312
4562.0	0.72277
4564.0	0.74926
4566.0	0.761235
4568.0	0.777176
4570.0	0.807556
4572.0	0.837138
4574.0	0.850035
4576.0	0.841064
4578.0	0.872239
4580.0	0.865173
4582.0	0.909972
4584.0	0.915747
4586.0	0.910318
4588.0	0.902637
4590.0	0.930871
4592.0	0.973442
4594.0	0.977145
4596.0	1.02004
4598.0	1.05767
4600.0	1.07868
4602.0	1.09593
4604.0	1.14264
4606.0	1.14311
4608.0	1.17335
4610.0	1.22574
4612.0	1.22069
4614.0	1.22568
4616.0	1.25534
4618.0	1.30238
4620.0	1.30128
4622.0	1.31359
4624.0	1.33907
4626.0	1.38786
4628.0	1.4226
4630.0	1.41094
4632.0	1.45323
4634.0	1.46798
4636.0	1.47253
4638.0	1.51035
4640.0	1.53153
4642.0	1.56982
4644.0	1.58609
4646.0	1.61378
4648.0	1.63447
4650.0	1.64165
4652.0	1.66099
4654.0	1.68188
4656.0	1.66306
4658.0	1.66824
4660.0	1.72479
4662.0	1.73057
4664.0	1.70696
4666.0	1.72086
4668.0	1.74507
4670.0	1.74389
4672.0	1.73458
4674.0	1.73304
4676.0	1.71482
4678.0	1.7223
4680.0	1.74954
4682.0	1.72069
4684.0	1.68232
4686.0	1.70513
4688.0	1.72297
4690.0	1.72782
4692.0	1.72886
4694.0	1.73567
4696.0	1.7494
4698.0	1.74325
4700.0	1.72878
4702.0	1.74611
4704.0	1.74746
4706.0	1.73337
4708.0	1.76842
4710.0	1.76369
4712.0	1.72857
4714.0	1.739
4716.0	1.78135
4718.0	1.78689
4720.0	1.75137
4722.0	1.72277
4724.0	1.72762
4726.0	1.74283
4728.0	1.7071
4730.0	1.652
4732.0	1.60783
4734.0	1.5672
4736.0	1.52057
4738.0	1.48348
4740.0	1.47563
4742.0	1.4428
4744.0	1.39584
4746.0	1.35187
4748.0	1.29745
4750.0	1.26244
4752.0	1.2409
4754.0	1.22005
4756.0	1.19456
4758.0	1.17367
4760.0	1.16025
4762.0	1.14748
4764.0	1.11816
4766.0	1.081
4768.0	1.05502
4770.0	1.02819
4772.0	0.99964
4774.0	0.977845
4776.0	0.968777
4778.0	0.927027
4780.0	0.896061
4782.0	0.90078
4784.0	0.876879
4786.0	0.84857
4788.0	0.833928
4790.0	0.822055
4792.0	0.795766
4794.0	0.785991
4796.0	0.78992
4798.0	0.78498
4800.0	0.782185
4802.0	0.777779
4804.0	0.773371
4806.0	0.784445
4808.0	0.783385
4810.0	0.77959
4812.0	0.797355
4814.0	0.803092
4816.0	0.791498
4818.0	0.77961
4820.0	0.770244
4822.0	0.766277
4824.0	0.761502
4826.0	0.741212
4828.0	0.71565
4830.0	0.706728
4832.0	0.710756
4834.0	0.698196
4836.0	0.67991
4838.0	0.679204
4840.0	0.675941
4842.0	0.68637
4844.0	0.699914
4846.0	0.686303
4848.0	0.666306
4850.0	0.662305
4852.0	0.675979
4854.0	0.681803
4856.0	0.690563
4858.0	0.709778
4860.0	0.725695
4862.0	0.722565
4864.0	0.729349
4866.0	0.760292
4868.0	0.774044
4870.0	0.78131
4872.0	0.809002
4874.0	0.842647
4876.0	0.838585
4878.0	0.847963
4880.0	0.88335
4882.0	0.887216
4884.0	0.887862
4886.0	0.907286
4888.0	0.920206
4890.0	0.926333
4892.0	0.932636
4894.0	0.928373
4896.0	0.928461
4898.0	0.941564
4900.0	0.934996
4902.0	0.931243
4904.0	0.927642
4906.0	0.917201
4908.0	0.905021
4910.0	0.895673
4912.0	0.893618
4914.0	0.894693
4916.0	0.867082
4918.0	0.842372
4920.0	0.83596
4922.0	0.810936
4924.0	0.809325
4926.0	0.805501
4928.0	0.808014
4930.0	0.801751
4932.0	0.776778
4934.0	0.768918
4936.0	0.758078
4938.0	0.762849
4940.0	0.768304
4942.0	0.749192
4944.0	0.738202
4946.0	0.772092
4948.0	0.772278
4950.0	0.769964
4952.0	0.786344
4954.0	0.795512
4956.0	0.78534
4958.0	0.798685
4960.0	0.833783
4962.0	0.852809
4964.0	0.865058
4966.0	0.902797
4968.0	0.915287
4970.0	0.928147
4972.0	0.939705
4974.0	0.963502
4976.0	0.993952
4978.0	1.00242
4980.0	1.01449
4982.0	1.0479
4984.0	1.06326
4986.0	1.08721
4988.0	1.1313
4990.0	1.14087
4992.0	1.12929
4994.0	1.16476
4996.0	1.21473
4998.0	1.22739
5000.0	1.25299
5002.0	1.24421
5004.0	1.27394
5006.0	1.29938
5008.0	1.32214
5010.0	1.33793
5012.0	1.36578
5014.0	1.37674
5016.0	1.3766
5018.0	1.38174
5020.0	1.35221
5022.0	1.34313
5024.0	1.37265
5026.0	1.37732
5028.0	1.41561
5030.0	1.38994
5032.0	1.36824
5034.0	1.34625
5036.0	1.33408
5038.0	1.30162
5040.0	1.27533
5042.0	1.26067
5044.0	1.22128
5046.0	1.17908
5048.0	1.1663
5050.0	1.14366
5052.0	1.10985
5054.0	1.07897
5056.0	1.03925
5058.0	1.01766
5060.0	1.01638
5062.0	0.990998
5064.0	0.940151
5066.0	0.897003
5068.0	0.859002
5070.0	0.83413
5072.0	0.815924
5074.0	0.815208
5076.0	0.788729
5078.0	0.769304
5080.0	0.764818
5082.0	0.751173
5084.0	0.733348
5086.0	0.727791
5088.0	0.720947
5090.0	0.700958
5092.0	0.692941
5094.0	0.696293
5096.0	0.690861
5098.0	0.685965
5100.0	0.678296
5102.0	0.675106
5104.0	0.681388
5106.0	0.689606
5108.0	0.696686
5110.0	0.695768
5112.0	0.692372
5114.0	0.698132
5116.0	0.702815
5118.0	0.717918
5120.0	0.713909
5122.0	0.709079
5124.0	0.741732
5126.0	0.741711
5128.0	0.754647
5130.0	0.740049
5132.0	0.733948
5134.0	0.73783
5136.0	0.725407
5138.0	0.729481
5140.0	0.72464
5142.0	0.728234
5144.0	0.743547
5146.0	0.73487
5148.0	0.7274
5150.0	0.734427
5152.0	0.740349
5154.0	0.737501
5156.0	0.725142
5158.0	0.730134
5160.0	0.747338
5162.0	0.745227
5164.0	0.745648
5166.0	0.741183
5168.0	0.730773
5170.0	0.752094
5172.0	0.752513
5174.0	0.749609
5176.0	0.745414
5178.0	0.759326
5180.0	0.761216
5182.0	0.748114
5184.0	0.752272
5186.0	0.75111
5188.0	0.750637
5190.0	0.756069
5192.0	0.754855
5194.0	0.756843
5196.0	0.758055
5198.0	0.759435
5200.0	0.762168
5202.0	0.763506
5204.0	0.771408
5206.0	0.772079
5208.0	0.765723
5210.0	0.759988
5212.0	0.763783
5214.0	0.772777
5216.0	0.767913
5218.0	0.759059
5220.0	0.755414
5222.0	0.753004
5224.0	0.757157
5226.0	0.761706
5228.0	0.747602
5230.0	0.744998
5232.0	0.766865
5234.0	0.772378
5236.0	0.76717
5238.0	0.772922
5240.0	0.784273
5242.0	0.782705
5244.0	0.789536
5246.0	0.801752
5248.0	0.794867
5250.0	0.795148
5252.0	0.803431
5254.0	0.811473
5256.0	0.826294
5258.0	0.837476
5260.0	0.841391
5262.0	0.857029
5264.0	0.87185
5266.0	0.874235
5268.0	0.890378
5270.0	0.908933
5272.0	0.913524
5274.0	0.922433
5276.0	0.921819
5278.0	0.92699
5280.0	0.946748
5282.0	0.961322
5284.0	0.957018
5286.0	0.986516
5288.0	1.01155
5290.0	1.00349
5292.0	1.01199
5294.0	1.03291
5296.0	1.0375
5298.0	1.04075
5300.0	1.04499
5302.0	1.0456
5304.0	1.04455
5306.0	1.05372
5308.0	1.06696
5310.0	1.07022
5312.0	1.07992
5314.0	1.08544
5316.0	1.09584
5318.0	1.10641
5320.0	1.11678
5322.0	1.12625
5324.0	1.11962
5326.0	1.12223
5328.0	1.13571
5330.0	1.13682
5332.0	1.14263
5334.0	1.14609
5336.0	1.16405
5338.0	1.17108
5340.0	1.18291
5342.0	1.19198
5344.0	1.18256
5346.0	1.18322
5348.0	1.21287
5350.0	1.22294
5352.0	1.22109
5354.0	1.22588
5356.0	1.24219
5358.0	1.25006
5360.0	1.23656
5362.0	1.23579
5364.0	1.25243
5366.0	1.26293
5368.0	1.26246
5370.0	1.25783
5372.0	1.26939
5374.0	1.27031
5376.0	1.28054
5378.0	1.26551
5380.0	1.2556
5382.0	1.26547
5384.0	1.28559
5386.0	1.28021
5388.0	1.26657
5390.0	1.28036
5392.0	1.28609
5394.0	1.276
5396.0	1.27186
5398.0	1.27659
5400.0	1.28462
5402.0	1.28741
5404.0	1.2831
5406.0	1.28059
5408.0	1.28996
5410.0	1.29565
5412.0	1.30492
5414.0	1.298
5416.0	1.2906
5418.0	1.28018
5420.0	1.29059
5422.0	1.28947
5424.0	1.28287
5426.0	1.30271
5428.0	1.31173
5430.0	1.3239
5432.0	1.3359
5434.0	1.34211
5436.0	1.34487
5438.0	1.32675
5440.0	1.32227
5442.0	1.33865
5444.0	1.32893
5446.0	1.32057
5448.0	1.32087
5450.0	1.31294
5452.0	1.30415
5454.0	1.30044
5456.0	1.32352
5458.0	1.32713
5460.0	1.299
5462.0	1.28283
5464.0	1.27023
5466.0	1.24883
5468.0	1.21483
5470.0	1.19365
5472.0	1.19101
5474.0	1.17902
5476.0	1.17041
5478.0	1.15953
5480.0	1.14676
5482.0	1.14073
5484.0	1.12606
5486.0	1.12483
5488.0	1.13176
5490.0	1.12773
5492.0	1.12348
5494.0	1.11371
5496.0	1.11845
5498.0	1.13268
5500.0	1.13738
5502.0	1.1297
5504.0	1.13624
5506.0	1.1533
5508.0	1.15718
5510.0	1.15931
5512.0	1.16599
5514.0	1.18606
5516.0	1.21063
5518.0	1.22939
5520.0	1.23948
5522.0	1.24636
5524.0	1.25483
5526.0	1.27249
5528.0	1.28368
5530.0	1.28757
5532.0	1.30748
5534.0	1.32553
5536.0	1.33187
5538.0	1.3342
5540.0	1.34431
5542.0	1.35594
5544.0	1.37081
5546.0	1.40186
5548.0	1.39971
5550.0	1.39588
5552.0	1.41459
5554.0	1.4147
5556.0	1.42468
5558.0	1.41507
5560.0	1.42448
5562.0	1.41608
5564.0	1.41774
5566.0	1.42942
5568.0	1.41315
5570.0	1.38919
5572.0	1.39847
5574.0	1.4171
5576.0	1.4097
5578.0	1.41282
5580.0	1.40527
5582.0	1.38188
5584.0	1.35201
5586.0	1.36527
5588.0	1.33144
5590.0	1.32456
5592.0	1.32117
5594.0	1.32644
5596.0	1.31036
5598.0	1.29201
5600.0	1.28628
5602.0	1.28673
5604.0	1.27569
5606.0	1.24726
5608.0	1.22995
5610.0	1.22178
5612.0	1.19901
5614.0	1.18689
5616.0	1.18265
5618.0	1.16439
5620.0	1.14102
5622.0	1.13841
5624.0	1.12851
5626.0	1.10407
5628.0	1.08293
5630.0	1.07226
5632.0	1.06116
5634.0	1.05788
5636.0	1.02809
5638.0	1.01631
5640.0	1.01293
5642.0	0.987145
5644.0	0.978428
5646.0	0.962878
5648.0	0.945707
5650.0	0.935771
5652.0	0.915544
5654.0	0.895369
5656.0	0.888801
5658.0	0.879881
5660.0	0.862555
5662.0	0.848555
5664.0	0.838313
5666.0	0.82927
5668.0	0.817998
5670.0	0.80506
5672.0	0.790305
5674.0	0.772486
5676.0	0.755234
5678.0	0.737934
5680.0	0.718305
5682.0	0.703388
5684.0	0.70238
5686.0	0.694499
5688.0	0.679854
5690.0	0.670028
5692.0	0.662667
5694.0	0.656638
5696.0	0.6465
5698.0	0.627944
5700.0	0.607932
5702.0	0.595045
5704.0	0.591117
5706.0	0.587283
5708.0	0.569257
5710.0	0.555763
5712.0	0.546602
5714.0	0.537094
5716.0	0.536384
5718.0	0.530717
5720.0	0.522103
5722.0	0.507024
5724.0	0.492062
5726.0	0.493254
5728.0	0.496036
5730.0	0.4871
5732.0	0.475812
5734.0	0.467496
5736.0	0.45527
5738.0	0.445905
5740.0	0.466367
5742.0	0.474709
5744.0	0.472229
5746.0	0.46166
5748.0	0.445346
5750.0	0.456789
5752.0	0.447312
5754.0	0.45059
5756.0	0.478438
5758.0	0.459933
5760.0	0.480856
5762.0	0.499423
5764.0	0.496343
5766.0	0.49629
5768.0	0.489503
5770.0	0.487137
5772.0	0.491136
5774.0	0.49028
5776.0	0.489128
5778.0	0.460704
5780.0	0.467319
5782.0	0.501012
5784.0	0.500959
5786.0	0.511857
5788.0	0.491608
5790.0	0.456456
5792.0	0.468032
5794.0	0.492767
5796.0	0.483751
5798.0	0.457317
5800.0	0.457507
5802.0	0.470939
5804.0	0.494721
5806.0	0.519138
5808.0	0.547406
5810.0	0.583191
5812.0	0.610982
5814.0	0.638891
5816.0	0.670498
5818.0	0.701831
5820.0	0.716071
5822.0	0.735112
5824.0	0.768028
5826.0	0.800956
5828.0	0.837576
5830.0	0.861653
5832.0	0.883023
5834.0	0.912862
5836.0	0.931168
5838.0	0.964237
5840.0	1.00295
5842.0	1.03359
5844.0	1.06085
5846.0	1.08675
5848.0	1.12094
5850.0	1.14376
5852.0	1.17294
5854.0	1.18969
5856.0	1.22735
5858.0	1.24851
5860.0	1.27967
5862.0	1.30326
5864.0	1.31369
5866.0	1.34248
5868.0	1.36419
5870.0	1.39482
5872.0	1.42156
5874.0	1.43249
5876.0	1.44257
5878.0	1.45955
5880.0	1.47446
5882.0	1.47749
5884.0	1.49031
5886.0	1.51633
5888.0	1.5002
5890.0	1.47945
5892.0	1.4678
5894.0	1.46059
5896.0	1.47351
5898.0	1.46554
5900.0	1.48857
5902.0	1.53071
5904.0	1.53911
5906.0	1.54011
5908.0	1.55274
5910.0	1.56259
5912.0	1.55831
5914.0	1.54511
5916.0	1.54473
5918.0	1.54582
5920.0	1.5168
5922.0	1.50465
5924.0	1.51004
5926.0	1.49926
5928.0	1.4922
5930.0	1.48461
5932.0	1.46013
5934.0	1.46116
5936.0	1.45518
5938.0	1.44303
5940.0	1.43133
5942.0	1.41179
5944.0	1.39819
5946.0	1.39913
5948.0	1.4086
5950.0	1.3848
5952.0	1.36646
5954.0	1.35643
5956.0	1.34233
5958.0	1.33275
5960.0	1.32226
5962.0	1.31612
5964.0	1.30088
5966.0	1.29267
5968.0	1.27667
5970.0	1.26918
5972.0	1.26612
5974.0	1.2618
5976.0	1.25407
5978.0	1.2493
5980.0	1.2485
5982.0	1.23518
5984.0	1.22103
5986.0	1.199
5988.0	1.19842
5990.0	1.20277
5992.0	1.18316
5994.0	1.17008
5996.0	1.16731
5998.0	1.15643
6000.0	1.14122
6002.0	1.13296
6004.0	1.1217
6006.0	1.11169
6008.0	1.10536
6010.0	1.08426
6012.0	1.07508
6014.0	1.06808
6016.0	1.0504
6018.0	1.04493
6020.0	1.03165
6022.0	1.00539
6024.0	0.991798
6026.0	0.993582
6028.0	0.98321
6030.0	0.968953
6032.0	0.959843
6034.0	0.948287
6036.0	0.93782
6038.0	0.912251
6040.0	0.892085
6042.0	0.889319
6044.0	0.875629
6046.0	0.859763
6048.0	0.839915
6050.0	0.826132
6052.0	0.821352
6054.0	0.809276
6056.0	0.796647
6058.0	0.784959
6060.0	0.767203
6062.0	0.776404
6064.0	0.783694
6066.0	0.765351
6068.0	0.737653
6070.0	0.733885
6072.0	0.722085
6074.0	0.714275
6076.0	0.701712
6078.0	0.688584
6080.0	0.684195
6082.0	0.680139
6084.0	0.659561
6086.0	0.666317
6088.0	0.675371
6090.0	0.667172
6092.0	0.667871
6094.0	0.667924
6096.0	0.655781
6098.0	0.662938
6100.0	0.66594
6102.0	0.670033
6104.0	0.668438
6106.0	0.678263
6108.0	0.67421
6110.0	0.676016
6112.0	0.684085
6114.0	0.686762
6116.0	0.692934
6118.0	0.695895
6120.0	0.709542
6122.0	0.709995
6124.0	0.707739
6126.0	0.716515
6128.0	0.720946
6130.0	0.730045
6132.0	0.730023
6134.0	0.7285
6136.0	0.734593
6138.0	0.740429
6140.0	0.730037
6142.0	0.726571
6144.0	0.731465
6146.0	0.731764
6148.0	0.728752
6150.0	0.729625
6152.0	0.73789
6154.0	0.741194
6156.0	0.739019
6158.0	0.739915
6160.0	0.743178
6162.0	0.730333
6164.0	0.723008
6166.0	0.729564
6168.0	0.72884
6170.0	0.720448
6172.0	0.713049
6174.0	0.706028
6176.0	0.704471
6178.0	0.705011
6180.0	0.713486
6182.0	0.713374
6184.0	0.704153
6186.0	0.702987
6188.0	0.705003
6190.0	0.710676
6192.0	0.712201
6194.0	0.708475
6196.0	0.710585
6198.0	0.715805
6200.0	0.728324
6202.0	0.743447
6204.0	0.743185
6206.0	0.739617
6208.0	0.733257
6210.0	0.740587
6212.0	0.756108
6214.0	0.767711
6216.0	0.773068
6218.0	0.77391
6220.0	0.773959
6222.0	0.776573
6224.0	0.787224
6226.0	0.79926
6228.0	0.78784
6230.0	0.772521
6232.0	0.775783
6234.0	0.779193
6236.0	0.782691
6238.0	0.771635
6240.0	0.770553
6242.0	0.778286
6244.0	0.779285
6246.0	0.78033
6248.0	0.776762
6250.0	0.787132
6252.0	0.793791
6254.0	0.797426
6256.0	0.819838
6258.0	0.825889
6260.0	0.812073
6262.0	0.81495
6264.0	0.816412
6266.0	0.81749
6268.0	0.828335
6270.0	0.837451
6272.0	0.840553
6274.0	0.836967
6276.0	0.833154
6278.0	0.831716
6280.0	0.837979
6282.0	0.846805
6284.0	0.867511
6286.0	0.869743
6288.0	0.87992
6290.0	0.869319
6292.0	0.85795
6294.0	0.862333
6296.0	0.857855
6298.0	0.862871
6300.0	0.866043
6302.0	0.84977
6304.0	0.848461
6306.0	0.837346
6308.0	0.826186
6310.0	0.827178
6312.0	0.838186
6314.0	0.824727
6316.0	0.797851
6318.0	0.783374
6320.0	0.788895
6322.0	0.78853
6324.0	0.781029
6326.0	0.768627
6328.0	0.760664
6330.0	0.748906
6332.0	0.730348
6334.0	0.71492
6336.0	0.710513
6338.0	0.703503
6340.0	0.677253
6342.0	0.661834
6344.0	0.644584
6346.0	0.625152
6348.0	0.613415
6350.0	0.603326
6352.0	0.599953
6354.0	0.580283
6356.0	0.564598
6358.0	0.567141
6360.0	0.564123
6362.0	0.562466
6364.0	0.554968
6366.0	0.544153
6368.0	0.543312
6370.0	0.541252
6372.0	0.534312
6374.0	0.53009
6376.0	0.532427
6378.0	0.525995
6380.0	0.507082
6382.0	0.507225
6384.0	0.51243
6386.0	0.510212
6388.0	0.51685
6390.0	0.516322
6392.0	0.516655
6394.0	0.525096
6396.0	0.526581
6398.0	0.521351
6400.0	0.531874
6402.0	0.520166
6404.0	0.532111
6406.0	0.544721
6408.0	0.546824
6410.0	0.546365
6412.0	0.549064
6414.0	0.561601
6416.0	0.567888
6418.0	0.573874
6420.0	0.584889
6422.0	0.610793
6424.0	0.610308
6426.0	0.607121
6428.0	0.614995
6430.0	0.635283
6432.0	0.642159
6434.0	0.64152
6436.0	0.653123
6438.0	0.648587
6440.0	0.658112
6442.0	0.660613
6444.0	0.6582
6446.0	0.6811
6448.0	0.685051
6450.0	0.679445
6452.0	0.694181
6454.0	0.698641
6456.0	0.703195
6458.0	0.719182
6460.0	0.732237
6462.0	0.730431
6464.0	0.738412
6466.0	0.745679
6468.0	0.745739
6470.0	0.755886
6472.0	0.765757
6474.0	0.779667
6476.0	0.780309
6478.0	0.783908
6480.0	0.80502
6482.0	0.82412
6484.0	0.835668
6486.0	0.825554
6488.0	0.838505
6490.0	0.845761
6492.0	0.847762
6494.0	0.870524
6496.0	0.886191
6498.0	0.895434
6500.0	0.900641
6502.0	0.907755
6504.0	0.934659
6506.0	0.933843
6508.0	0.930878
6510.0	0.946518
6512.0	0.957674
6514.0	0.957684
6516.0	0.968822
6518.0	0.978711
6520.0	0.988947
6522.0	0.999685
6524.0	0.996202
6526.0	1.00582
6528.0	1.01557
6530.0	1.02486
6532.0	1.02742
6534.0	1.03204
6536.0	1.01902
6538.0	1.02485
6540.0	1.04245
6542.0	1.0417
6544.0	1.04103
6546.0	1.04784
6548.0	1.05171
6550.0	1.05281
6552.0	1.05237
6554.0	1.04984
6556.0	1.04207
6558.0	1.04042
6560.0	1.03803
6562.0	1.0384
6564.0	1.02702
6566.0	1.02525
6568.0	1.03694
6570.0	1.03309
6572.0	1.03809
6574.0	1.02866
6576.0	1.01813
6578.0	1.00433
6580.0	1.00108
6582.0	0.997473
6584.0	0.986832
6586.0	0.981205
6588.0	0.976017
6590.0	0.95388
6592.0	0.943292
6594.0	0.940163
6596.0	0.929339
6598.0	0.923348
6600.0	0.922124
6602.0	0.923955
6604.0	0.909035
6606.0	0.89525
6608.0	0.880175
6610.0	0.86729
6612.0	0.852746
6614.0	0.839702
6616.0	0.824344
6618.0	0.819238
6620.0	0.817597
6622.0	0.808158
6624.0	0.792237
6626.0	0.787712
6628.0	0.76934
6630.0	0.770345
6632.0	0.790803
6634.0	0.805264
6636.0	0.808871
6638.0	0.785468
6640.0	0.736874
6642.0	0.69117
6644.0	0.676895
6646.0	0.672708
6648.0	0.662671
6650.0	0.648959
6652.0	0.644148
6654.0	0.636897
6656.0	0.619179
6658.0	0.600475
6660.0	0.587443
6662.0	0.577142
6664.0	0.56538
6666.0	0.554763
6668.0	0.54881
6670.0	0.543988
6672.0	0.537809
6674.0	0.525677
6676.0	0.512162
6678.0	0.507614
6680.0	0.499647
6682.0	0.481018
6684.0	0.46719
6686.0	0.462437
6688.0	0.460121
6690.0	0.457454
6692.0	0.453585
6694.0	0.446743
6696.0	0.444251
6698.0	0.432888
6700.0	0.415922
6702.0	0.398559
6704.0	0.391294
6706.0	0.391933
6708.0	0.385962
6710.0	0.38268
6712.0	0.375908
6714.0	0.371123
6716.0	0.367589
6718.0	0.364216
6720.0	0.352775
6722.0	0.346952
6724.0	0.347995
6726.0	0.34269
6728.0	0.327267
6730.0	0.321631
6732.0	0.318589
6734.0	0.31414
6736.0	0.30913
6738.0	0.306952
6740.0	0.304963
6742.0	0.303212
6744.0	0.302504
6746.0	0.294228
6748.0	0.285201
6750.0	0.286907
6752.0	0.281182
6754.0	0.277265
6756.0	0.278868
6758.0	0.275298
6760.0	0.267518
6762.0	0.266063
6764.0	0.263625
6766.0	0.25721
6768.0	0.263596
6770.0	0.262106
6772.0	0.256845
6774.0	0.258742
6776.0	0.256759
6778.0	0.252403
6780.0	0.24555
6782.0	0.243532
6784.0	0.238849
6786.0	0.236515
6788.0	0.241873
6790.0	0.238656
6792.0	0.238765
6794.0	0.240479
6796.0	0.246223
6798.0	0.242315
6800.0	0.235021
6802.0	0.238548
6804.0	0.241366
6806.0	0.240369
6808.0	0.233916
6810.0	0.222732
6812.0	0.220539
6814.0	0.220925
6816.0	0.222408
6818.0	0.222813
6820.0	0.218423
6822.0	0.218278
6824.0	0.22188
6826.0	0.219801
6828.0	0.217802
6830.0	0.220306
6832.0	0.22119
6834.0	0.225621
6836.0	0.230155
6838.0	0.225956
6840.0	0.216325
6842.0	0.215847
6844.0	0.216434
6846.0	0.213734
6848.0	0.215456
6850.0	0.209804
6852.0	0.20879
6854.0	0.215875
6856.0	0.215901
6858.0	0.222773
6860.0	0.233521
6862.0	0.234437
6864.0	0.228488
6866.0	0.227794
6868.0	0.23021
6870.0	0.222041
6872.0	0.226389
6874.0	0.225831
6876.0	0.214883
6878.0	0.222233
6880.0	0.224501
6882.0	0.222091
6884.0	0.219838
6886.0	0.222491
6888.0	0.225137
6890.0	0.222973
6892.0	0.227717
6894.0	0.233175
6896.0	0.234963
6898.0	0.230691
6900.0	0.230621
6902.0	0.237738
6904.0	0.23582
6906.0	0.230006
6908.0	0.227585
6910.0	0.2346
6912.0	0.235147
6914.0	0.227874
6916.0	0.230598
6918.0	0.230427
6920.0	0.232254
6922.0	0.238607
6924.0	0.238903
6926.0	0.238726
6928.0	0.237909
6930.0	0.236434
6932.0	0.243847
6934.0	0.248148
6936.0	0.245345
6938.0	0.24659
6940.0	0.245784
6942.0	0.251897
6944.0	0.260561
6946.0	0.253453
6948.0	0.244121
6950.0	0.242592
6952.0	0.247223
6954.0	0.250673
6956.0	0.259011
6958.0	0.267642
6960.0	0.267988
6962.0	0.270753
6964.0	0.266633
6966.0	0.273308
6968.0	0.278315
6970.0	0.278514
6972.0	0.283114
6974.0	0.281678
6976.0	0.292308
6978.0	0.287974
6980.0	0.284614
6982.0	0.285468
6984.0	0.285427
6986.0	0.285221
6988.0	0.287688
6990.0	0.288731
6992.0	0.295448
6994.0	0.300145
6996.0	0.306438
6998.0	0.313775
7000.0	0.309796
7002.0	0.308701
7004.0	0.317619
7006.0	0.315723
7008.0	0.31927
7010.0	0.31947
7012.0	0.320554
7014.0	0.331871
7016.0	0.329233
7018.0	0.319845
7020.0	0.327855
7022.0	0.334457
7024.0	0.329961
7026.0	0.340144
7028.0	0.343583
7030.0	0.345928
7032.0	0.3545
7034.0	0.341026
7036.0	0.336017
7038.0	0.337885
7040.0	0.335037
7042.0	0.332044
7044.0	0.333184
7046.0	0.326183
7048.0	0.322745
7050.0	0.332168
7052.0	0.332239
7054.0	0.335824
7056.0	0.335435
7058.0	0.332471
7060.0	0.332884
7062.0	0.325845
7064.0	0.3205
7066.0	0.32575
7068.0	0.328804
7070.0	0.326039
7072.0	0.324315
7074.0	0.329614
7076.0	0.330766
7078.0	0.333865
7080.0	0.331147
7082.0	0.332225
7084.0	0.33887
7086.0	0.339712
7088.0	0.332422
7090.0	0.326694
7092.0	0.322513
7094.0	0.326635
7096.0	0.335793
7098.0	0.343805
7100.0	0.345814
7102.0	0.348846
7104.0	0.341213
7105.0	0.326849
7107.0	0.344721
7109.0	0.345315
7111.0	0.342783
7113.0	0.360849
7115.0	0.361351
7117.0	0.35628
7119.0	0.356351
7121.0	0.349766
7123.0	0.352602
7125.0	0.354962
7127.0	0.354099
7129.0	0.353354
7131.0	0.34464
7133.0	0.350265
7135.0	0.362814
7137.0	0.366522
7139.0	0.375472
7141.0	0.385944
7143.0	0.386153
7145.0	0.390282
7147.0	0.394365
7149.0	0.39229
7151.0	0.396241
7153.0	0.392177
7155.0	0.383299
7157.0	0.390957
7159.0	0.395601
7161.0	0.390149
7163.0	0.396267
7165.0	0.406411
7167.0	0.404534
7169.0	0.411902
7171.0	0.417897
7173.0	0.415112
7175.0	0.415253
7177.0	0.405588
7179.0	0.419248
7181.0	0.439301
7183.0	0.443669
7185.0	0.43856
7187.0	0.430749
7189.0	0.420707
7191.0	0.417395
7193.0	0.421341
7195.0	0.421482
7197.0	0.421971
7199.0	0.427945
7201.0	0.433684
7203.0	0.429142
7205.0	0.442868
7207.0	0.457335
7209.0	0.466691
7211.0	0.468329
7213.0	0.469383
7215.0	0.488323
7217.0	0.500466
7219.0	0.501994
7221.0	0.501538
7223.0	0.492143
7225.0	0.484415
7227.0	0.477374
7229.0	0.46738
7231.0	0.467736
7233.0	0.463293
7235.0	0.465459
7237.0	0.463843
7239.0	0.446983
7241.0	0.453922
7243.0	0.476063
7245.0	0.466823
7247.0	0.467021
7249.0	0.475494
7251.0	0.485314
7253.0	0.501464
7255.0	0.485967
7257.0	0.494036
7259.0	0.503788
7261.0	0.506275
7263.0	0.513665
7265.0	0.513257
7267.0	0.512426
7269.0	0.51797
7271.0	0.518598
7273.0	0.486516
7275.0	0.479034
7277.0	0.487682
7279.0	0.49635
7281.0	0.511556
7283.0	0.504283
7285.0	0.497993
7287.0	0.501412
7289.0	0.513463
7291.0	0.530529
7293.0	0.538022
7295.0	0.536272
7297.0	0.549243
7299.0	0.55771
7301.0	0.556419
7303.0	0.55818
7305.0	0.573776
7307.0	0.579022
7309.0	0.579275
7311.0	0.586382
7313.0	0.582494
7315.0	0.573934
7317.0	0.571189
7319.0	0.554032
7321.0	0.560674
7323.0	0.572163
7325.0	0.58216
7327.0	0.578492
7329.0	0.592502
7331.0	0.600537
7333.0	0.589546
7335.0	0.586809
7337.0	0.598368
7339.0	0.616214
7341.0	0.623381
7343.0	0.623065
7345.0	0.617628
7347.0	0.615718
7349.0	0.592387
7351.0	0.575263
7353.0	0.560498
7355.0	0.546084
7357.0	0.536023
7359.0	0.541511
7361.0	0.55376
7363.0	0.558556
7365.0	0.559348
7367.0	0.548142
7369.0	0.540462
7371.0	0.559011
7373.0	0.55904
7375.0	0.550957
7377.0	0.547717
7379.0	0.545597
7381.0	0.543719
7383.0	0.514004
7385.0	0.483289
7387.0	0.464433
7389.0	0.461219
7391.0	0.468983
7393.0	0.47601
7395.0	0.470864
7397.0	0.463366
7399.0	0.464918
7401.0	0.470009
7403.0	0.479029
7405.0	0.492617
7407.0	0.498334
7409.0	0.493579
7411.0	0.499026
7413.0	0.501068
7415.0	0.493102
7417.0	0.485475
7419.0	0.475358
7421.0	0.467476
7423.0	0.447744
7425.0	0.450917
7427.0	0.445401
7429.0	0.435159
7431.0	0.432732
7433.0	0.430561
7435.0	0.448557
7437.0	0.45358
7439.0	0.462182
7441.0	0.481772
7443.0	0.485676
7445.0	0.496273
7447.0	0.508543
7449.0	0.511038
7451.0	0.518788
7453.0	0.524991
7455.0	0.537969
7457.0	0.544312
7459.0	0.532663
7461.0	0.519021
7463.0	0.507624
7465.0	0.508509
7467.0	0.50047
7469.0	0.504424
7471.0	0.507732
7473.0	0.513315
7475.0	0.504404
7477.0	0.488258
7479.0	0.490114
7481.0	0.500208
7483.0	0.493863
7485.0	0.494424
7487.0	0.508463
7489.0	0.507253
7491.0	0.512773
7493.0	0.521766
7495.0	0.517638
7497.0	0.526015
7499.0	0.543593
7501.0	0.568076
7503.0	0.582244
7505.0	0.575047
7507.0	0.58256
7509.0	0.589775
7511.0	0.603976
7513.0	0.617531
7515.0	0.601468
7517.0	0.605851
7519.0	0.603343
7521.0	0.583757
7523.0	0.568666
7525.0	0.557292
7527.0	0.553134
7529.0	0.540002
7531.0	0.527421
7533.0	0.513325
7535.0	0.520526
7537.0	0.521362
7539.0	0.527774
7541.0	0.534319
7543.0	0.543572
7545.0	0.555507
7547.0	0.56645
7549.0	0.571279
7551.0	0.593664
7553.0	0.607173
7555.0	0.598517
7557.0	0.582004
7559.0	0.55443
7561.0	0.539948
7563.0	0.527904
7565.0	0.513525
7567.0	0.519642
7569.0	0.523642
7571.0	0.502915
7573.0	0.494221
7575.0	0.483662
7577.0	0.472577
7579.0	0.473649
7581.0	0.468148
7583.0	0.460736
7585.0	0.464884
7587.0	0.476236
7589.0	0.462449
7591.0	0.447158
7593.0	0.437378
7595.0	0.423459
7597.0	0.389147
7599.0	0.303185
7601.0	0.238423
7603.0	0.245799
7605.0	0.328162
7607.0	0.383071
7609.0	0.374729
7611.0	0.343087
7613.0	0.259097
7615.0	0.256518
7617.0	0.326557
7619.0	0.353309
7621.0	0.365347
7623.0	0.363433
7625.0	0.336941
7627.0	0.325468
7629.0	0.326681
7631.0	0.313617
7633.0	0.306413
7635.0	0.313091
7637.0	0.323819
7639.0	0.336319
7641.0	0.335937
7643.0	0.322439
7645.0	0.321466
7647.0	0.314824
7649.0	0.310185
7651.0	0.333154
7653.0	0.344199
7655.0	0.345268
7657.0	0.357672
7659.0	0.368556
7661.0	0.393726
7663.0	0.410557
7665.0	0.398574
7667.0	0.385975
7669.0	0.395188
7671.0	0.398935
7673.0	0.383121
7675.0	0.381829
7677.0	0.393059
7679.0	0.398366
7681.0	0.396752
7683.0	0.404399
7685.0	0.407556
7687.0	0.403886
7689.0	0.409944
7691.0	0.419029
7693.0	0.438097
7695.0	0.453706
7697.0	0.446549
7699.0	0.455243
7701.0	0.458204
7703.0	0.457931
7705.0	0.467357
7707.0	0.478798
7709.0	0.479559
7711.0	0.481652
7713.0	0.522161
7715.0	0.523498
7717.0	0.506377
7719.0	0.525233
7721.0	0.524706
7723.0	0.525321
7725.0	0.532422
7727.0	0.528844
7729.0	0.523435
7731.0	0.529885
7733.0	0.522829
7735.0	0.527362
7737.0	0.538731
7739.0	0.531437
7741.0	0.529005
7743.0	0.528536
7745.0	0.511166
7747.0	0.518928
7749.0	0.538414
7751.0	0.549594
7753.0	0.55459
7755.0	0.566121
7757.0	0.580092
7759.0	0.570414
7761.0	0.559682
7763.0	0.551042
7765.0	0.547755
7767.0	0.542144
7769.0	0.540795
7771.0	0.540425
7773.0	0.533971
7775.0	0.52519
7777.0	0.527132
7779.0	0.519318
7781.0	0.526143
7783.0	0.529908
7785.0	0.518479
7787.0	0.526837
7789.0	0.53335
7791.0	0.540437
7793.0	0.54859
7795.0	0.535814
7797.0	0.536619
7799.0	0.546185
7801.0	0.529945
7803.0	0.516472
7805.0	0.521977
7807.0	0.513022
7809.0	0.499977
7811.0	0.503883
7813.0	0.498341
7815.0	0.478017
7817.0	0.479365
7819.0	0.462891
7821.0	0.463844
7823.0	0.48783
7825.0	0.500238
7827.0	0.499221
7829.0	0.494206
7831.0	0.493308
7833.0	0.496711
7835.0	0.485801
7837.0	0.471708
7839.0	0.463987
7841.0	0.437292
7843.0	0.432533
7845.0	0.434636
7847.0	0.42112
7849.0	0.416107
7851.0	0.424889
7853.0	0.435237
7855.0	0.437322
7857.0	0.433739
7859.0	0.430073
7861.0	0.443051
7863.0	0.43442
7865.0	0.412156
7867.0	0.411198
7869.0	0.409569
7871.0	0.404434
7873.0	0.404313
7875.0	0.38975
7877.0	0.369961
7879.0	0.351564
7881.0	0.338266
7883.0	0.355105
7885.0	0.362701
7887.0	0.379313
7889.0	0.388044
7891.0	0.373534
7893.0	0.362456
7895.0	0.349194
7897.0	0.340844
7899.0	0.34287
7901.0	0.339354
7903.0	0.334156
7905.0	0.326048
7907.0	0.306817
7909.0	0.30878
7911.0	0.316892
7913.0	0.28541
7915.0	0.293833
7917.0	0.300343
7919.0	0.286153
7921.0	0.276732
7923.0	0.28405
7925.0	0.292458
7927.0	0.283087
7929.0	0.270535
7931.0	0.27956
7933.0	0.274523
7935.0	0.280038
7937.0	0.276573
7939.0	0.277866
7941.0	0.26771
7943.0	0.267855
7945.0	0.254794
7947.0	0.252221
7949.0	0.240665
7951.0	0.243584
7953.0	0.24034
7955.0	0.229002
7957.0	0.224229
7959.0	0.228173
7961.0	0.223409
7963.0	0.215605
7965.0	0.203805
7967.0	0.208831
7969.0	0.23063
7971.0	0.231114
7973.0	0.23812
7975.0	0.238445
7977.0	0.231196
7979.0	0.234427
7981.0	0.211294
7983.0	0.198775
7985.0	0.206302
7987.0	0.204253
7989.0	0.201432
7991.0	0.220924
7993.0	0.221791
7995.0	0.206143
7997.0	0.189079
7999.0	0.176837
8001.0	0.181896
8003.0	0.183106
8005.0	0.192836
8007.0	0.200339
8009.0	0.199425
8011.0	0.217494
8013.0	0.224352
8015.0	0.210723
8017.0	0.200496
8019.0	0.198465
8021.0	0.200976
8023.0	0.194544
8025.0	0.199107
8027.0	0.218155
8029.0	0.203871
8031.0	0.184018
8033.0	0.185697
8035.0	0.192793
8037.0	0.184749
8039.0	0.189908
8041.0	0.192233
8043.0	0.188615
8045.0	0.205924
8047.0	0.225229
8049.0	0.226587
8051.0	0.221905
8053.0	0.218422
8055.0	0.21707
8057.0	0.213817
8059.0	0.21029
8061.0	0.204617
8063.0	0.187046
8065.0	0.186659
8067.0	0.20273
8069.0	0.207319
8071.0	0.208217
8073.0	0.207793
8075.0	0.207503
8077.0	0.21185
8079.0	0.219271
8081.0	0.210887
8083.0	0.202742
8085.0	0.201433
8087.0	0.202311
8089.0	0.216512
8091.0	0.227159
8093.0	0.227254
8095.0	0.229166
8097.0	0.232538
8099.0	0.225964
8101.0	0.219757
8103.0	0.213087
8105.0	0.205646
8107.0	0.200425
8109.0	0.196668
8111.0	0.204269
8113.0	0.204091
8115.0	0.196638
8117.0	0.193821
8119.0	0.196267
8121.0	0.197207
8123.0	0.203003
8125.0	0.21913
8127.0	0.219516
8129.0	0.218098
8131.0	0.209497
8133.0	0.202992
8135.0	0.208493
8137.0	0.197354
8139.0	0.193955
8141.0	0.193181
8143.0	0.186252
8145.0	0.184707
8147.0	0.189405
8149.0	0.184163
8151.0	0.177494
8153.0	0.172937
8155.0	0.188119
8157.0	0.191433
8159.0	0.192734
8161.0	0.177488
8163.0	0.174037
8165.0	0.18545
8167.0	0.189431
8169.0	0.196297
8171.0	0.194778
8173.0	0.194751
8175.0	0.191345
8177.0	0.17448
8179.0	0.176161
8181.0	0.169281
8183.0	0.177875
8185.0	0.190355
8187.0	0.176146
8189.0	0.157421
8191.0	0.161994
8193.0	0.166027
8195.0	0.169037
8197.0	0.170001
8199.0	0.170903
8201.0	0.174243
8203.0	0.180637
8205.0	0.201367
8207.0	0.201501
8209.0	0.179172
8211.0	0.164936
8213.0	0.15662
8215.0	0.152854
8217.0	0.163017
8219.0	0.160157
8221.0	0.165144
8223.0	0.166249
8225.0	0.166626
8227.0	0.154976
8229.0	0.142676
8231.0	0.153542
8233.0	0.148175
8235.0	0.155695
8237.0	0.16525
8239.0	0.162522
8241.0	0.183217
8243.0	0.176118
8245.0	0.169427
8247.0	0.162606
8249.0	0.15771
8251.0	0.158587
8253.0	0.145083
8255.0	0.141095
8257.0	0.144524
8259.0	0.154319
8261.0	0.13743
8263.0	0.122225
8265.0	0.111866
8267.0	0.117483
8269.0	0.123692
8271.0	0.11971
8273.0	0.113813
8275.0	0.106602
8277.0	0.10457
8279.0	0.112145
8281.0	0.127146
8283.0	0.113404
8285.0	0.098705
8287.0	0.0983424
8289.0	0.100841
8291.0	0.100617
8293.0	0.0879345
8295.0	0.0849288
8297.0	0.0799659
8299.0	0.0676075
8301.0	0.050164
8303.0	0.0482466
8305.0	0.0581207
8307.0	0.0609326
8309.0	0.0594096
8311.0	0.057201
8313.0	0.0617393
8315.0	0.0613104
8317.0	0.0496952
8319.0	0.0506367
8321.0	0.0531676
8323.0	0.0555852
8325.0	0.0575374
8327.0	0.0553741
8329.0	0.0559958
8331.0	0.0530712
8333.0	0.0425608
8335.0	0.038705
8337.0	0.0363119
8339.0	0.0361327
8341.0	0.0391563
8343.0	0.0358222
8345.0	0.0209919
8347.0	0.0103781
8349.0	0.0289072
8351.0	0.0461153
8353.0	0.045675
8355.0	0.0470595
8357.0	0.0491042
8359.0	0.0493997
8361.0	0.0560651
8363.0	0.0595627
8365.0	0.0612349
8367.0	0.0626112
8369.0	0.0570963
8371.0	0.0638364
8373.0	0.0679887
8375.0	0.0589481
8377.0	0.0554276
8379.0	0.0559822
8381.0	0.0579092
8383.0	0.0565827
8385.0	0.0556843
8387.0	0.0632417
8389.0	0.0669319
8391.0	0.0656177
8393.0	0.0762493
8395.0	0.0733367
8397.0	0.0793029
8399.0	0.101564
8401.0	0.0925829
8403.0	0.0757439
8405.0	0.0889725
8407.0	0.0939345
8409.0	0.0945808
8411.0	0.10518
8413.0	0.108609
8415.0	0.104554
8417.0	0.100937
8419.0	0.089471
8421.0	0.0976668
8423.0	0.0946703
8425.0	0.0988517
8427.0	0.0874477
8429.0	0.0862653
8431.0	0.0966788
8433.0	0.0652206
8435.0	0.0841807
8437.0	0.088602
8439.0	0.0845873
8441.0	0.0913665
8443.0	0.0984597
8445.0	0.11236
8447.0	0.110654
8449.0	0.122598
8451.0	0.139571
8453.0	0.130019
8455.0	0.135813
8457.0	0.140789
8459.0	0.137042
8461.0	0.12094
8463.0	0.112526
8465.0	0.110875
8467.0	0.113815
8469.0	0.106408
8471.0	0.102901
8473.0	0.0933273
8475.0	0.098083
8477.0	0.0918076
8479.0	0.0920876
8481.0	0.0949974
8483.0	0.101443
8485.0	0.101252
8487.0	0.0921016
8489.0	0.104126
8491.0	0.119839
8493.0	0.119007
8495.0	0.119949
8497.0	0.127094
8499.0	0.141922
8501.0	0.143611
8503.0	0.149532
8505.0	0.146272
8507.0	0.147373
8509.0	0.140896
8511.0	0.114976
8513.0	0.113389
8515.0	0.114144
8517.0	0.117884
8519.0	0.124293
8521.0	0.121166
8523.0	0.117383
8525.0	0.121015
8527.0	0.133086
8529.0	0.144716
8531.0	0.147964
8533.0	0.155667
8535.0	0.152745
8537.0	0.158565
8539.0	0.170263
8541.0	0.198346
8543.0	0.21262
8545.0	0.199256
8547.0	0.194556
8549.0	0.201797
8551.0	0.200939
8553.0	0.193168
8555.0	0.187866
8557.0	0.184932
8559.0	0.191205
8561.0	0.21213
8563.0	0.214317
8565.0	0.198536
8567.0	0.206956
8569.0	0.233032
8571.0	0.256328
8573.0	0.261878
8575.0	0.276593
8577.0	0.307683
8579.0	0.318902
8581.0	0.313712
8583.0	0.314107
8585.0	0.314123
8587.0	0.29867
8589.0	0.286129
8591.0	0.263929
8593.0	0.248227
8595.0	0.243435
8597.0	0.242581
8599.0	0.245522
8601.0	0.26262
8603.0	0.266669
8605.0	0.268969
8607.0	0.261237
8609.0	0.25887
8611.0	0.284613
8613.0	0.30816
8615.0	0.333541
8617.0	0.338213
8619.0	0.348887
8621.0	0.34578
8623.0	0.335228
8625.0	0.348448
8627.0	0.316262
8629.0	0.278611
8631.0	0.247415
8633.0	0.22547
8635.0	0.224443
8637.0	0.250299
8639.0	0.247777
8641.0	0.242955
8643.0	0.244683
8645.0	0.244779
8647.0	0.251776
8649.0	0.265057
8651.0	0.292189
8653.0	0.317206
8655.0	0.328528
8657.0	0.33907
8659.0	0.340172
8661.0	0.316543
8663.0	0.298519
8665.0	0.266075
8667.0	0.242736
8669.0	0.233594
8671.0	0.225378
8673.0	0.21159
8675.0	0.222643
8677.0	0.227138
8679.0	0.228303
8681.0	0.238926
8683.0	0.255338
8685.0	0.273802
8687.0	0.283042
8689.0	0.291043
8691.0	0.309399
8693.0	0.310873
8695.0	0.308002
8697.0	0.291218
8699.0	0.250101
8701.0	0.247109
8703.0	0.251977
8705.0	0.237821
8707.0	0.209018
8709.0	0.200122
8711.0	0.205103
8713.0	0.217128
8715.0	0.239568
8717.0	0.271348
8719.0	0.27518
8721.0	0.275293
8723.0	0.285331
8725.0	0.307519
8727.0	0.309031
8729.0	0.292127
8731.0	0.25718
8733.0	0.250587
8735.0	0.241861
8737.0	0.234311
8739.0	0.21823
8741.0	0.222628
8743.0	0.231973
8745.0	0.240616
8747.0	0.234982
8749.0	0.252448
8751.0	0.262273
8753.0	0.281809
8755.0	0.288508
8757.0	0.290726
8759.0	0.332532
8761.0	0.359537
8763.0	0.324904
8765.0	0.265269
8767.0	0.24876
8769.0	0.270968
8771.0	0.256304
8773.0	0.230805
8775.0	0.228254
8777.0	0.228531
8779.0	0.230999
8781.0	0.242594
8783.0	0.255629
8785.0	0.274821
8787.0	0.284014
8789.0	0.308901
8791.0	0.340766
8793.0	0.344483
8795.0	0.338643
8797.0	0.338197
8799.0	0.336025
8801.0	0.320256
8803.0	0.286688
8805.0	0.272259
8807.0	0.259654
8809.0	0.234082
8811.0	0.238126
8813.0	0.24782
8815.0	0.258071
8817.0	0.272931
8819.0	0.293238
8821.0	0.306133
8823.0	0.317359
8825.0	0.359889
8827.0	0.384753
8829.0	0.406822
8831.0	0.366167
8833.0	0.326632
8835.0	0.330797
8837.0	0.307029
8839.0	0.261252
8841.0	0.253963
8843.0	0.267091
8845.0	0.266453
8847.0	0.247009
8849.0	0.259401
8851.0	0.272087
8853.0	0.295989
8855.0	0.320851
8857.0	0.320459
8859.0	0.346352
8861.0	0.362209
8863.0	0.358222
8865.0	0.35955
8867.0	0.339013
8869.0	0.30811
8871.0	0.286501
8873.0	0.252035
8875.0	0.240432
8877.0	0.228971
8879.0	0.239974
8881.0	0.256968
8883.0	0.265403
8885.0	0.271715
8887.0	0.275004
8889.0	0.336401
8891.0	0.363335
8893.0	0.351144
8895.0	0.339461
8897.0	0.330118
8899.0	0.302764
8901.0	0.264639
8903.0	0.254053
8905.0	0.249075
8907.0	0.252844
8909.0	0.266123
8911.0	0.258428
8913.0	0.263077
8915.0	0.296747
8917.0	0.29441
8919.0	0.315212
8921.0	0.38389
8923.0	0.391208
8925.0	0.32779
8927.0	0.303593
8929.0	0.286977
8931.0	0.279277
8933.0	0.247746
8935.0	0.225895
8937.0	0.226307
8939.0	0.227818
8941.0	0.243068
8943.0	0.258045
8945.0	0.292706
8947.0	0.307889
8949.0	0.32984
8951.0	0.298758
8953.0	0.303984
8955.0	0.261846
8957.0	0.235966
8959.0	0.238594
8961.0	0.233364
8963.0	0.204895
8965.0	0.208403
8967.0	0.233119
8969.0	0.254251
8971.0	0.278032
8973.0	0.312545
8975.0	0.296891
8977.0	0.241957
8979.0	0.220927
8981.0	0.197482
8983.0	0.181573
8985.0	0.189468
8987.0	0.195491
8989.0	0.196642
8991.0	0.232493
8993.0	0.26828
8995.0	0.242342
8997.0	0.218478
8999.0	0.197029
9001.0	0.187053
9003.0	0.177874
9005.0	0.176506
9007.0	0.219174
9009.0	0.26644
9011.0	0.262308
9013.0	0.219973
9015.0	0.182186
9017.0	0.164048
9019.0	0.18038
9021.0	0.221323
9023.0	0.256359
9025.0	0.247901
9027.0	0.20016
9029.0	0.1599
9031.0	0.155244
9033.0	0.180386
9035.0	0.221492
9037.0	0.249012
9039.0	0.238868
9041.0	0.197692
9043.0	0.178812
9045.0	0.0820853
9047.0	-0.0100677
9049.0	0.0
9051.0	0.0
9053.0	0.0
9055.0	0.0
