#	 ASASSN15oh 
#	 UT date of observation: 20150919 
#	 Telescope/Instrument: Keck/DEIMOS 
#	 Estimated Peak MJD: 57255.902 
#	 Estimated redshift: 0.000 
#	 Estimated Phase: 28.1 
#	 Published in Dettman et al. 2020 
#	 Observed barycentric wavelength (Angstroms)    F_lambda
4447.0	-0.0123554
4448.0	-0.00452121
4449.0	0.0121393
4450.0	0.00804099
4451.0	0.0273528
4452.0	0.0278031
4453.0	0.00849764
4454.0	-0.00014483
4455.0	-0.00318055
4456.0	0.00560492
4457.0	0.0219582
4458.0	0.0305726
4459.0	0.0185382
4460.0	0.0220003
4461.0	0.0116298
4462.0	0.0115436
4463.0	0.00721286
4464.0	0.0103977
4465.0	0.0150142
4466.0	0.00237051
4467.0	0.00158887
4468.0	0.0149701
4469.0	0.0126356
4470.0	0.0111554
4471.0	0.00892934
4472.0	0.0148534
4473.0	0.0245217
4474.0	0.0174667
4475.0	0.0153976
4476.0	0.00491389
4477.0	0.00299107
4478.0	0.00700676
4479.0	0.0076316
4480.0	0.0121914
4481.0	0.0164853
4482.0	0.00928874
4483.0	0.00145192
4484.0	-0.00022008
4485.0	0.00279535
4486.0	0.00795901
4487.0	0.0131253
4488.0	0.00837044
4489.0	0.0184269
4490.0	0.00884818
4491.0	0.00989138
4492.0	0.0135066
4493.0	0.00219057
4494.0	0.00873803
4495.0	0.00685528
4496.0	0.00917515
4497.0	0.0143139
4498.0	0.0104479
4499.0	0.00143575
4500.0	0.00428086
4501.0	0.00664965
4502.0	0.0112635
4503.0	0.011852
4504.0	0.0158357
4505.0	0.0130729
4506.0	0.00596943
4507.0	0.0115122
4508.0	0.0115309
4509.0	0.0168346
4510.0	0.00932967
4511.0	0.00923756
4512.0	0.0164269
4513.0	0.0115001
4514.0	0.00455233
4515.0	0.00623231
4516.0	0.00729106
4517.0	0.0103029
4518.0	0.00881638
4519.0	0.00510283
4520.0	0.00742422
4521.0	0.00644383
4522.0	0.00796252
4523.0	0.00772804
4524.0	0.00143555
4525.0	0.00997303
4526.0	0.00952144
4527.0	0.01022
4528.0	0.00828718
4529.0	0.00954139
4530.0	0.0115567
4531.0	0.00799154
4532.0	0.0106042
4533.0	0.0109558
4534.0	0.0070732
4535.0	0.00837511
4536.0	0.0114824
4537.0	0.00984538
4538.0	0.0071964
4539.0	0.00902831
4540.0	0.00969896
4541.0	0.00735695
4542.0	0.00765347
4543.0	0.00662147
4544.0	0.0110805
4545.0	0.0137675
4546.0	0.0105593
4547.0	0.00931837
4548.0	0.00917059
4549.0	0.00845918
4550.0	0.00661137
4551.0	0.00695674
4552.0	0.0121155
4553.0	0.0100654
4554.0	0.0104848
4555.0	0.0101469
4556.0	0.0102903
4557.0	0.0115781
4558.0	0.00791825
4559.0	0.00992449
4560.0	0.0103215
4561.0	0.00907871
4562.0	0.0125444
4563.0	0.0131204
4564.0	0.0122754
4565.0	0.0150378
4566.0	0.0154335
4567.0	0.0119732
4568.0	0.0102542
4569.0	0.0130774
4570.0	0.0122531
4571.0	0.0113776
4572.0	0.0115208
4573.0	0.0136415
4574.0	0.0101321
4575.0	0.0112101
4576.0	0.0133906
4577.0	0.0116835
4578.0	0.0125364
4579.0	0.0117129
4580.0	0.0144496
4581.0	0.0145694
4582.0	0.0118633
4583.0	0.01219
4584.0	0.0135897
4585.0	0.012155
4586.0	0.0138427
4587.0	0.011883
4588.0	0.0137692
4589.0	0.0170075
4590.0	0.0135738
4591.0	0.0115904
4592.0	0.0150994
4593.0	0.0155032
4594.0	0.0137563
4595.0	0.013997
4596.0	0.0148357
4597.0	0.0150766
4598.0	0.0156389
4599.0	0.0129408
4600.0	0.00990348
4601.0	0.0138097
4602.0	0.0150603
4603.0	0.0156628
4604.0	0.0164444
4605.0	0.0167172
4606.0	0.0135186
4607.0	0.0150154
4608.0	0.015423
4609.0	0.0156422
4610.0	0.0179481
4611.0	0.0189956
4612.0	0.0182008
4613.0	0.017035
4614.0	0.0164082
4615.0	0.0212999
4616.0	0.0192031
4617.0	0.0177933
4618.0	0.0167293
4619.0	0.019192
4620.0	0.0216316
4621.0	0.020574
4622.0	0.0186689
4623.0	0.0199333
4624.0	0.0201824
4625.0	0.0187311
4626.0	0.0174641
4627.0	0.0176328
4628.0	0.0153203
4629.0	0.0201169
4630.0	0.0199426
4631.0	0.021389
4632.0	0.0205401
4633.0	0.0193201
4634.0	0.0175072
4635.0	0.0227631
4636.0	0.0235216
4637.0	0.0209617
4638.0	0.022549
4639.0	0.0232108
4640.0	0.0217579
4641.0	0.0221452
4642.0	0.023137
4643.0	0.0234988
4644.0	0.0217009
4645.0	0.0221591
4646.0	0.0241863
4647.0	0.0221292
4648.0	0.0224887
4649.0	0.0250508
4650.0	0.0258945
4651.0	0.0227248
4652.0	0.0242125
4653.0	0.0244763
4654.0	0.0247259
4655.0	0.0271001
4656.0	0.0262131
4657.0	0.0243271
4658.0	0.0246585
4659.0	0.0229651
4660.0	0.0243439
4661.0	0.024898
4662.0	0.0268469
4663.0	0.026257
4664.0	0.0246276
4665.0	0.025572
4666.0	0.0244909
4667.0	0.0246346
4668.0	0.0258715
4669.0	0.0254295
4670.0	0.0272983
4671.0	0.027729
4672.0	0.0273116
4673.0	0.0255821
4674.0	0.0246936
4675.0	0.0246151
4676.0	0.0274649
4677.0	0.0259541
4678.0	0.0255204
4679.0	0.0281086
4680.0	0.0245678
4681.0	0.0232469
4682.0	0.0252283
4683.0	0.0285496
4684.0	0.0287428
4685.0	0.0290471
4686.0	0.024689
4687.0	0.0260986
4688.0	0.0285129
4689.0	0.0291405
4690.0	0.0285291
4691.0	0.0272838
4692.0	0.0259552
4693.0	0.0259153
4694.0	0.0288658
4695.0	0.0280823
4696.0	0.0251014
4697.0	0.0268223
4698.0	0.027345
4699.0	0.0267857
4700.0	0.0245128
4701.0	0.0270256
4702.0	0.0261355
4703.0	0.0251255
4704.0	0.0232485
4705.0	0.0264743
4706.0	0.0256638
4707.0	0.0244285
4708.0	0.0251962
4709.0	0.0255491
4710.0	0.0256633
4711.0	0.0256069
4712.0	0.0262755
4713.0	0.0272003
4714.0	0.0259111
4715.0	0.0260799
4716.0	0.0241746
4717.0	0.0238836
4718.0	0.0250239
4719.0	0.0228876
4720.0	0.0228178
4721.0	0.0235557
4722.0	0.0235968
4723.0	0.0231985
4724.0	0.0231954
4725.0	0.0229088
4726.0	0.0205882
4727.0	0.0228189
4728.0	0.0236348
4729.0	0.0232251
4730.0	0.0225086
4731.0	0.0234831
4732.0	0.0222376
4733.0	0.0211647
4734.0	0.0220268
4735.0	0.0214264
4736.0	0.021627
4737.0	0.021552
4738.0	0.0191657
4739.0	0.0215337
4740.0	0.0216621
4741.0	0.0215517
4742.0	0.0202782
4743.0	0.0195218
4744.0	0.0192795
4745.0	0.0190174
4746.0	0.0179945
4747.0	0.0169312
4748.0	0.0152294
4749.0	0.0174655
4750.0	0.0185671
4751.0	0.0185096
4752.0	0.0180624
4753.0	0.0165352
4754.0	0.0149478
4755.0	0.0154857
4756.0	0.0154005
4757.0	0.0159659
4758.0	0.014131
4759.0	0.0128337
4760.0	0.01467
4761.0	0.0149488
4762.0	0.0142499
4763.0	0.0123036
4764.0	0.0119104
4765.0	0.0138762
4766.0	0.0150236
4767.0	0.0147923
4768.0	0.0133487
4769.0	0.0144483
4770.0	0.0150827
4771.0	0.0132898
4772.0	0.0126312
4773.0	0.014804
4774.0	0.0129371
4775.0	0.0130406
4776.0	0.0119674
4777.0	0.0117972
4778.0	0.0116386
4779.0	0.0109412
4780.0	0.0129123
4781.0	0.0135651
4782.0	0.0116306
4783.0	0.0116499
4784.0	0.0117324
4785.0	0.0125281
4786.0	0.0103795
4787.0	0.0128358
4788.0	0.0129342
4789.0	0.0113005
4790.0	0.0122553
4791.0	0.0112117
4792.0	0.00915172
4793.0	0.0118813
4794.0	0.0101939
4795.0	0.0097773
4796.0	0.00889194
4797.0	0.0104106
4798.0	0.00905548
4799.0	0.0108487
4800.0	0.0101329
4801.0	0.0107539
4802.0	0.00893385
4803.0	0.0106138
4804.0	0.0111356
4805.0	0.0117509
4806.0	0.0124607
4807.0	0.0129201
4808.0	0.0110948
4809.0	0.0107127
4810.0	0.010952
4811.0	0.0108088
4812.0	0.0116304
4813.0	0.0112069
4814.0	0.0102097
4815.0	0.0104592
4816.0	0.0100891
4817.0	0.00913249
4818.0	0.0110156
4819.0	0.0117705
4820.0	0.011121
4821.0	0.0110476
4822.0	0.011279
4823.0	0.0112566
4824.0	0.0109104
4825.0	0.0121748
4826.0	0.0124609
4827.0	0.0114858
4828.0	0.0101706
4829.0	0.00943197
4830.0	0.0113226
4831.0	0.0127552
4832.0	0.0106647
4833.0	0.00982673
4834.0	0.0111344
4835.0	0.0101578
4836.0	0.0135311
4837.0	0.011729
4838.0	0.010629
4839.0	0.0101109
4840.0	0.0104793
4841.0	0.011837
4842.0	0.0109865
4843.0	0.01105
4844.0	0.0111485
4845.0	0.0113626
4846.0	0.0110339
4847.0	0.0116991
4848.0	0.012018
4849.0	0.0122277
4850.0	0.0117655
4851.0	0.0102409
4852.0	0.010013
4853.0	0.0109065
4854.0	0.0118749
4855.0	0.0124166
4856.0	0.0123232
4857.0	0.0114043
4858.0	0.012628
4859.0	0.012606
4860.0	0.0119057
4861.0	0.0127513
4862.0	0.0146409
4863.0	0.0134413
4864.0	0.0124085
4865.0	0.0123048
4866.0	0.0142041
4867.0	0.0144273
4868.0	0.0137499
4869.0	0.0124006
4870.0	0.012797
4871.0	0.012793
4872.0	0.013724
4873.0	0.0133304
4874.0	0.0152422
4875.0	0.0162203
4876.0	0.0140828
4877.0	0.0139468
4878.0	0.0124301
4879.0	0.0158047
4880.0	0.0153016
4881.0	0.0144334
4882.0	0.0159705
4883.0	0.0159707
4884.0	0.0149784
4885.0	0.0136371
4886.0	0.0151381
4887.0	0.0165104
4888.0	0.0148481
4889.0	0.0152974
4890.0	0.0129585
4891.0	0.0151901
4892.0	0.016959
4893.0	0.0170402
4894.0	0.015841
4895.0	0.0144349
4896.0	0.0153121
4897.0	0.0178236
4898.0	0.018003
4899.0	0.0160782
4900.0	0.0148804
4901.0	0.0158055
4902.0	0.0156021
4903.0	0.0157238
4904.0	0.0131271
4905.0	0.0139786
4906.0	0.015184
4907.0	0.016106
4908.0	0.0160493
4909.0	0.0154479
4910.0	0.0158745
4911.0	0.0156767
4912.0	0.0155476
4913.0	0.0148232
4914.0	0.0141205
4915.0	0.0164908
4916.0	0.0177009
4917.0	0.0151705
4918.0	0.0168002
4919.0	0.0170538
4920.0	0.0147887
4921.0	0.0154975
4922.0	0.0158895
4923.0	0.0146603
4924.0	0.0147229
4925.0	0.0160464
4926.0	0.017723
4927.0	0.0145961
4928.0	0.0168875
4929.0	0.0161502
4930.0	0.0167232
4931.0	0.015252
4932.0	0.0147863
4933.0	0.015765
4934.0	0.01529
4935.0	0.0133858
4936.0	0.015486
4937.0	0.0146187
4938.0	0.0129437
4939.0	0.0152422
4940.0	0.015307
4941.0	0.0165402
4942.0	0.0144107
4943.0	0.0142921
4944.0	0.0141921
4945.0	0.0154667
4946.0	0.014888
4947.0	0.0142592
4948.0	0.0153419
4949.0	0.015227
4950.0	0.014466
4951.0	0.015302
4952.0	0.015874
4953.0	0.0146614
4954.0	0.0147978
4955.0	0.0162918
4956.0	0.0151825
4957.0	0.015677
4958.0	0.0143743
4959.0	0.0148218
4960.0	0.0169848
4961.0	0.0161357
4962.0	0.0168237
4963.0	0.0163509
4964.0	0.0162486
4965.0	0.0165245
4966.0	0.0162294
4967.0	0.0171507
4968.0	0.0175547
4969.0	0.0178647
4970.0	0.0177175
4971.0	0.0175833
4972.0	0.0187365
4973.0	0.0190683
4974.0	0.0182542
4975.0	0.0180976
4976.0	0.020314
4977.0	0.0199358
4978.0	0.01894
4979.0	0.0189069
4980.0	0.0201303
4981.0	0.0198054
4982.0	0.0195588
4983.0	0.0203133
4984.0	0.0216811
4985.0	0.0214276
4986.0	0.0211658
4987.0	0.0213988
4988.0	0.0215325
4989.0	0.0214408
4990.0	0.0225325
4991.0	0.023233
4992.0	0.0218667
4993.0	0.0215081
4994.0	0.0229396
4995.0	0.0237785
4996.0	0.0230488
4997.0	0.0227186
4998.0	0.0214897
4999.0	0.023174
5000.0	0.0227731
5001.0	0.0245135
5002.0	0.0266347
5003.0	0.0255626
5004.0	0.0242601
5005.0	0.0260716
5006.0	0.0253746
5007.0	0.0263736
5008.0	0.0255953
5009.0	0.0254993
5010.0	0.0255197
5011.0	0.0272467
5012.0	0.0270584
5013.0	0.0255211
5014.0	0.0261256
5015.0	0.0258293
5016.0	0.0231556
5017.0	0.0249674
5018.0	0.0267387
5019.0	0.025562
5020.0	0.0247663
5021.0	0.0264656
5022.0	0.0255061
5023.0	0.0249534
5024.0	0.0240903
5025.0	0.0246828
5026.0	0.0241909
5027.0	0.0252071
5028.0	0.0266484
5029.0	0.023674
5030.0	0.0225214
5031.0	0.0252537
5032.0	0.0234041
5033.0	0.0231938
5034.0	0.0226076
5035.0	0.0228362
5036.0	0.0245413
5037.0	0.0248293
5038.0	0.0232816
5039.0	0.0241441
5040.0	0.0241702
5041.0	0.0234013
5042.0	0.0250746
5043.0	0.0230972
5044.0	0.0232961
5045.0	0.0222188
5046.0	0.023772
5047.0	0.0234884
5048.0	0.0215873
5049.0	0.0209377
5050.0	0.0215892
5051.0	0.0206842
5052.0	0.0211365
5053.0	0.0216887
5054.0	0.0212508
5055.0	0.0222861
5056.0	0.0214692
5057.0	0.0228448
5058.0	0.0223333
5059.0	0.0198989
5060.0	0.021027
5061.0	0.0201807
5062.0	0.0190314
5063.0	0.0196587
5064.0	0.0188597
5065.0	0.0192122
5066.0	0.0194651
5067.0	0.0203411
5068.0	0.0203364
5069.0	0.0176348
5070.0	0.0179805
5071.0	0.0180036
5072.0	0.0172838
5073.0	0.0177985
5074.0	0.0179591
5075.0	0.0173595
5076.0	0.016014
5077.0	0.0160523
5078.0	0.0163666
5079.0	0.0170648
5080.0	0.0159442
5081.0	0.0164244
5082.0	0.0170338
5083.0	0.0155563
5084.0	0.0152057
5085.0	0.0159698
5086.0	0.0156953
5087.0	0.0141614
5088.0	0.0141179
5089.0	0.0141595
5090.0	0.0141972
5091.0	0.0142923
5092.0	0.0145706
5093.0	0.0137101
5094.0	0.0151446
5095.0	0.0139333
5096.0	0.0128965
5097.0	0.0139973
5098.0	0.0136611
5099.0	0.0127353
5100.0	0.0136869
5101.0	0.0150902
5102.0	0.0137047
5103.0	0.0130972
5104.0	0.0124916
5105.0	0.0127588
5106.0	0.0131313
5107.0	0.0121478
5108.0	0.0142027
5109.0	0.0138273
5110.0	0.0148225
5111.0	0.0134543
5112.0	0.0134802
5113.0	0.0130851
5114.0	0.0122971
5115.0	0.0133993
5116.0	0.0122378
5117.0	0.0130007
5118.0	0.0135586
5119.0	0.0144225
5120.0	0.0148172
5121.0	0.0127882
5122.0	0.0124302
5123.0	0.0138773
5124.0	0.0128996
5125.0	0.0128322
5126.0	0.0128579
5127.0	0.0107195
5128.0	0.0123344
5129.0	0.0115848
5130.0	0.011624
5131.0	0.0131821
5132.0	0.0119652
5133.0	0.0122312
5134.0	0.0127605
5135.0	0.0131464
5136.0	0.0126667
5137.0	0.0122936
5138.0	0.012695
5139.0	0.0131884
5140.0	0.012283
5141.0	0.0118713
5142.0	0.0130974
5143.0	0.0127578
5144.0	0.0121239
5145.0	0.0113506
5146.0	0.011868
5147.0	0.0121674
5148.0	0.0129935
5149.0	0.0130875
5150.0	0.0123788
5151.0	0.0121064
5152.0	0.0118375
5153.0	0.010755
5154.0	0.0123
5155.0	0.0126852
5156.0	0.012037
5157.0	0.0122177
5158.0	0.0121427
5159.0	0.0113986
5160.0	0.0120145
5161.0	0.0120876
5162.0	0.0120156
5163.0	0.01239
5164.0	0.0124699
5165.0	0.0117415
5166.0	0.0117845
5167.0	0.0116944
5168.0	0.0109634
5169.0	0.0122855
5170.0	0.0114254
5171.0	0.0116074
5172.0	0.0113615
5173.0	0.0130804
5174.0	0.0129305
5175.0	0.0122938
5176.0	0.0120671
5177.0	0.0124059
5178.0	0.0115931
5179.0	0.0111957
5180.0	0.0125036
5181.0	0.0120986
5182.0	0.0109159
5183.0	0.0114534
5184.0	0.0130077
5185.0	0.012014
5186.0	0.0107767
5187.0	0.0114326
5188.0	0.0106026
5189.0	0.0106994
5190.0	0.0119585
5191.0	0.012943
5192.0	0.0114347
5193.0	0.0106016
5194.0	0.011228
5195.0	0.0116423
5196.0	0.0121672
5197.0	0.0130694
5198.0	0.012173
5199.0	0.0112357
5200.0	0.0113463
5201.0	0.0116152
5202.0	0.0122798
5203.0	0.0114162
5204.0	0.0125803
5205.0	0.0128274
5206.0	0.0115907
5207.0	0.0113267
5208.0	0.0125513
5209.0	0.0121779
5210.0	0.0118909
5211.0	0.0114332
5212.0	0.0122597
5213.0	0.0116468
5214.0	0.0111201
5215.0	0.0120991
5216.0	0.0124617
5217.0	0.0123057
5218.0	0.0127011
5219.0	0.0117319
5220.0	0.0121045
5221.0	0.0122637
5222.0	0.0120006
5223.0	0.0130524
5224.0	0.0133674
5225.0	0.0125149
5226.0	0.012192
5227.0	0.0111534
5228.0	0.0115521
5229.0	0.012666
5230.0	0.0127471
5231.0	0.012631
5232.0	0.0127161
5233.0	0.012913
5234.0	0.0125067
5235.0	0.0137134
5236.0	0.0130216
5237.0	0.0134096
5238.0	0.0123445
5239.0	0.0121697
5240.0	0.0115955
5241.0	0.013377
5242.0	0.013511
5243.0	0.0121161
5244.0	0.0120803
5245.0	0.011526
5246.0	0.0127343
5247.0	0.013634
5248.0	0.0129481
5249.0	0.0120772
5250.0	0.0127582
5251.0	0.0130538
5252.0	0.0128699
5253.0	0.0124846
5254.0	0.0132898
5255.0	0.0129583
5256.0	0.013961
5257.0	0.0143904
5258.0	0.0144013
5259.0	0.0130063
5260.0	0.0141398
5261.0	0.0150169
5262.0	0.0146264
5263.0	0.0140479
5264.0	0.0147495
5265.0	0.0146109
5266.0	0.0142647
5267.0	0.0151656
5268.0	0.0139652
5269.0	0.0141117
5270.0	0.0145852
5271.0	0.0145968
5272.0	0.0128989
5273.0	0.0127483
5274.0	0.0150764
5275.0	0.0154541
5276.0	0.0149212
5277.0	0.0134193
5278.0	0.014935
5279.0	0.0151705
5280.0	0.0142983
5281.0	0.0152795
5282.0	0.0145598
5283.0	0.0148674
5284.0	0.0152711
5285.0	0.0158582
5286.0	0.0159645
5287.0	0.0153262
5288.0	0.0164915
5289.0	0.0154125
5290.0	0.0157035
5291.0	0.0177012
5292.0	0.0170466
5293.0	0.0163559
5294.0	0.0170213
5295.0	0.01621
5296.0	0.0147154
5297.0	0.0173145
5298.0	0.0169869
5299.0	0.0165626
5300.0	0.0178592
5301.0	0.0164474
5302.0	0.0176306
5303.0	0.0195688
5304.0	0.0182582
5305.0	0.0187697
5306.0	0.0179803
5307.0	0.0179805
5308.0	0.0168462
5309.0	0.0171291
5310.0	0.0189307
5311.0	0.0188197
5312.0	0.0192609
5313.0	0.0184925
5314.0	0.019487
5315.0	0.0187396
5316.0	0.0187996
5317.0	0.018933
5318.0	0.0189781
5319.0	0.0177186
5320.0	0.0180516
5321.0	0.0181676
5322.0	0.0176412
5323.0	0.0184242
5324.0	0.0191824
5325.0	0.0186049
5326.0	0.0196074
5327.0	0.019324
5328.0	0.0188025
5329.0	0.0201343
5330.0	0.019107
5331.0	0.0204306
5332.0	0.0199788
5333.0	0.0204455
5334.0	0.0202028
5335.0	0.0195491
5336.0	0.0193453
5337.0	0.0207404
5338.0	0.0211901
5339.0	0.0220367
5340.0	0.0215714
5341.0	0.0213201
5342.0	0.0217091
5343.0	0.0205026
5344.0	0.0207844
5345.0	0.0203524
5346.0	0.0215171
5347.0	0.0222953
5348.0	0.0206624
5349.0	0.0208886
5350.0	0.0207919
5351.0	0.0203513
5352.0	0.0209103
5353.0	0.0211458
5354.0	0.0218572
5355.0	0.022006
5356.0	0.0219169
5357.0	0.022667
5358.0	0.0231006
5359.0	0.023149
5360.0	0.0219569
5361.0	0.0217471
5362.0	0.0221976
5363.0	0.0221727
5364.0	0.0228805
5365.0	0.0220464
5366.0	0.022504
5367.0	0.0229408
5368.0	0.0249978
5369.0	0.022005
5370.0	0.0214042
5371.0	0.0231381
5372.0	0.0222695
5373.0	0.0218137
5374.0	0.0217948
5375.0	0.02366
5376.0	0.0247262
5377.0	0.0240742
5378.0	0.0236929
5379.0	0.0230048
5380.0	0.0234446
5381.0	0.0236039
5382.0	0.0232484
5383.0	0.0235306
5384.0	0.025323
5385.0	0.0248338
5386.0	0.0246031
5387.0	0.0242752
5388.0	0.0235603
5389.0	0.0233197
5390.0	0.0250502
5391.0	0.0247174
5392.0	0.0251434
5393.0	0.0251667
5394.0	0.0252792
5395.0	0.0236693
5396.0	0.0244389
5397.0	0.0243584
5398.0	0.0237618
5399.0	0.0245021
5400.0	0.0243725
5401.0	0.0238725
5402.0	0.0239355
5403.0	0.0247303
5404.0	0.0239728
5405.0	0.0230919
5406.0	0.0242127
5407.0	0.0239724
5408.0	0.023784
5409.0	0.0231134
5410.0	0.0224964
5411.0	0.0227967
5412.0	0.0246289
5413.0	0.0234246
5414.0	0.023483
5415.0	0.0244097
5416.0	0.0236575
5417.0	0.02391
5418.0	0.0244638
5419.0	0.023221
5420.0	0.0234826
5421.0	0.0229163
5422.0	0.0230516
5423.0	0.0225324
5424.0	0.0206511
5425.0	0.0214256
5426.0	0.023518
5427.0	0.0229289
5428.0	0.0235243
5429.0	0.0243116
5430.0	0.0229654
5431.0	0.0208687
5432.0	0.0236141
5433.0	0.0210823
5434.0	0.0223777
5435.0	0.0233142
5436.0	0.021354
5437.0	0.020908
5438.0	0.0220733
5439.0	0.0223659
5440.0	0.0223686
5441.0	0.0225193
5442.0	0.0232176
5443.0	0.0223031
5444.0	0.0222334
5445.0	0.0223766
5446.0	0.0223266
5447.0	0.0204342
5448.0	0.0213553
5449.0	0.0218305
5450.0	0.0223158
5451.0	0.0228241
5452.0	0.0218432
5453.0	0.0228996
5454.0	0.0232375
5455.0	0.0205687
5456.0	0.019992
5457.0	0.0214048
5458.0	0.0217474
5459.0	0.0214738
5460.0	0.0207856
5461.0	0.02268
5462.0	0.0228326
5463.0	0.0213389
5464.0	0.0232665
5465.0	0.022999
5466.0	0.0213324
5467.0	0.0223781
5468.0	0.0226871
5469.0	0.022858
5470.0	0.0230948
5471.0	0.0233054
5472.0	0.0224797
5473.0	0.023641
5474.0	0.0243
5475.0	0.0240894
5476.0	0.0241491
5477.0	0.0234981
5478.0	0.0239803
5479.0	0.0239955
5480.0	0.0245153
5481.0	0.0246341
5482.0	0.0226998
5483.0	0.0245663
5484.0	0.0258501
5485.0	0.0247754
5486.0	0.0250354
5487.0	0.0240213
5488.0	0.0246217
5489.0	0.0267756
5490.0	0.0261618
5491.0	0.0248474
5492.0	0.0237511
5493.0	0.0260019
5494.0	0.0250401
5495.0	0.0251528
5496.0	0.0262311
5497.0	0.0268222
5498.0	0.0264802
5499.0	0.0263024
5500.0	0.0272301
5501.0	0.0273496
5502.0	0.0270817
5503.0	0.0265983
5504.0	0.0279992
5505.0	0.0281055
5506.0	0.0291138
5507.0	0.0284438
5508.0	0.0280737
5509.0	0.0284712
5510.0	0.0287099
5511.0	0.0297376
5512.0	0.0311795
5513.0	0.0314531
5514.0	0.0307031
5515.0	0.0304145
5516.0	0.0301618
5517.0	0.0307191
5518.0	0.0310886
5519.0	0.0327342
5520.0	0.0316766
5521.0	0.030801
5522.0	0.0307856
5523.0	0.0318138
5524.0	0.031206
5525.0	0.0325816
5526.0	0.0321692
5527.0	0.0320091
5528.0	0.0321948
5529.0	0.0334643
5530.0	0.0350523
5531.0	0.0346751
5532.0	0.0348464
5533.0	0.0365186
5534.0	0.0349236
5535.0	0.0351124
5536.0	0.0356915
5537.0	0.0357344
5538.0	0.0363052
5539.0	0.0351622
5540.0	0.0355764
5541.0	0.0348038
5542.0	0.0350671
5543.0	0.0376939
5544.0	0.0364075
5545.0	0.0349565
5546.0	0.0348889
5547.0	0.0372479
5548.0	0.0382752
5549.0	0.0362672
5550.0	0.0378373
5551.0	0.0378894
5552.0	0.0379032
5553.0	0.0374327
5554.0	0.0371826
5555.0	0.0380233
5556.0	0.0401517
5557.0	0.0389834
5558.0	0.0379395
5559.0	0.0402693
5560.0	0.0409935
5561.0	0.0388749
5562.0	0.0382018
5563.0	0.0390172
5564.0	0.0404361
5565.0	0.0414029
5566.0	0.0405894
5567.0	0.0405785
5568.0	0.0418987
5569.0	0.0418654
5570.0	0.0412658
5571.0	0.0427742
5572.0	0.0439023
5573.0	0.0417797
5574.0	0.0415087
5575.0	0.0421967
5576.0	0.0414553
5577.0	0.042855
5578.0	0.0418716
5579.0	0.0401375
5580.0	0.0414606
5581.0	0.0457066
5582.0	0.045372
5583.0	0.0429425
5584.0	0.0427357
5585.0	0.0420666
5586.0	0.0426002
5587.0	0.0437602
5588.0	0.0442443
5589.0	0.0428871
5590.0	0.0426599
5591.0	0.0428451
5592.0	0.0425359
5593.0	0.0436978
5594.0	0.0459067
5595.0	0.0436285
5596.0	0.0447
5597.0	0.0441748
5598.0	0.0457871
5599.0	0.0453023
5600.0	0.0433302
5601.0	0.043927
5602.0	0.0448178
5603.0	0.0467412
5604.0	0.0458886
5605.0	0.0445197
5606.0	0.0435108
5607.0	0.0466445
5608.0	0.0461413
5609.0	0.0452846
5610.0	0.0461079
5611.0	0.0453266
5612.0	0.0455426
5613.0	0.0477296
5614.0	0.0473268
5615.0	0.0436203
5616.0	0.0449396
5617.0	0.0471635
5618.0	0.0450308
5619.0	0.046902
5620.0	0.0445467
5621.0	0.0434096
5622.0	0.0461418
5623.0	0.0471804
5624.0	0.0453728
5625.0	0.0445395
5626.0	0.0472265
5627.0	0.0462375
5628.0	0.0437565
5629.0	0.0445997
5630.0	0.0451601
5631.0	0.0475456
5632.0	0.0481807
5633.0	0.0467045
5634.0	0.0451627
5635.0	0.0453093
5636.0	0.0464247
5637.0	0.0447648
5638.0	0.0441599
5639.0	0.0440829
5640.0	0.0415787
5641.0	0.0461651
5642.0	0.0470355
5643.0	0.0457745
5644.0	0.0448722
5645.0	0.0445979
5646.0	0.0476689
5647.0	0.0454607
5648.0	0.0436457
5649.0	0.0454507
5650.0	0.0458407
5651.0	0.0452251
5652.0	0.0442171
5653.0	0.0450426
5654.0	0.0443577
5655.0	0.0460538
5656.0	0.0457935
5657.0	0.0461519
5658.0	0.0461821
5659.0	0.046226
5660.0	0.0456576
5661.0	0.0444923
5662.0	0.044597
5663.0	0.0450959
5664.0	0.0458275
5665.0	0.0453969
5666.0	0.0446639
5667.0	0.0442898
5668.0	0.0432809
5669.0	0.0427511
5670.0	0.0438495
5671.0	0.0441289
5672.0	0.0438842
5673.0	0.0439235
5674.0	0.0444121
5675.0	0.0447254
5676.0	0.0451148
5677.0	0.0453553
5678.0	0.0446964
5679.0	0.0439061
5680.0	0.0430325
5681.0	0.0432138
5682.0	0.0442345
5683.0	0.04321
5684.0	0.0426513
5685.0	0.0426717
5686.0	0.0439974
5687.0	0.0434572
5688.0	0.0420646
5689.0	0.0414242
5690.0	0.0414453
5691.0	0.0410425
5692.0	0.0418897
5693.0	0.0416682
5694.0	0.0409801
5695.0	0.0424273
5696.0	0.0420838
5697.0	0.0402248
5698.0	0.0399759
5699.0	0.0398946
5700.0	0.0391065
5701.0	0.0401866
5702.0	0.0408588
5703.0	0.0380683
5704.0	0.0384188
5705.0	0.0379002
5706.0	0.0388395
5707.0	0.0393073
5708.0	0.0400058
5709.0	0.0391521
5710.0	0.0385868
5711.0	0.039332
5712.0	0.0384308
5713.0	0.0390427
5714.0	0.0380558
5715.0	0.0375272
5716.0	0.036585
5717.0	0.0364024
5718.0	0.0374617
5719.0	0.037844
5720.0	0.0379344
5721.0	0.0351759
5722.0	0.0347726
5723.0	0.0371355
5724.0	0.0358289
5725.0	0.0343058
5726.0	0.0354112
5727.0	0.034928
5728.0	0.0347181
5729.0	0.0351599
5730.0	0.0346914
5731.0	0.034502
5732.0	0.0351079
5733.0	0.0347767
5734.0	0.0339854
5735.0	0.0334326
5736.0	0.0346499
5737.0	0.0350879
5738.0	0.0341576
5739.0	0.032062
5740.0	0.0328152
5741.0	0.033454
5742.0	0.0331602
5743.0	0.032928
5744.0	0.0327325
5745.0	0.0342179
5746.0	0.0335619
5747.0	0.0319286
5748.0	0.0307645
5749.0	0.0305605
5750.0	0.0325915
5751.0	0.032335
5752.0	0.0328889
5753.0	0.0320209
5754.0	0.031003
5755.0	0.0320202
5756.0	0.033212
5757.0	0.0330508
5758.0	0.0312078
5759.0	0.0322966
5760.0	0.0304106
5761.0	0.0302636
5762.0	0.0314347
5763.0	0.030848
5764.0	0.0301568
5765.0	0.0296959
5766.0	0.029516
5767.0	0.029956
5768.0	0.0302398
5769.0	0.0301706
5770.0	0.0289431
5771.0	0.0290411
5772.0	0.0296217
5773.0	0.0292588
5774.0	0.0291851
5775.0	0.028535
5776.0	0.027627
5777.0	0.029106
5778.0	0.03061
5779.0	0.0298911
5780.0	0.0291133
5781.0	0.0284525
5782.0	0.0270464
5783.0	0.0282263
5784.0	0.029136
5785.0	0.0300555
5786.0	0.0291497
5787.0	0.0285374
5788.0	0.0290823
5789.0	0.0269944
5790.0	0.0261143
5791.0	0.0280007
5792.0	0.0270194
5793.0	0.0281233
5794.0	0.0297677
5795.0	0.0274942
5796.0	0.0283557
5797.0	0.028382
5798.0	0.0263416
5799.0	0.0267044
5800.0	0.0272183
5801.0	0.0271115
5802.0	0.0269594
5803.0	0.0271137
5804.0	0.0283469
5805.0	0.0278294
5806.0	0.0275802
5807.0	0.0275543
5808.0	0.0284008
5809.0	0.0275197
5810.0	0.0263902
5811.0	0.0275742
5812.0	0.0275913
5813.0	0.0279568
5814.0	0.0265803
5815.0	0.0270675
5816.0	0.0265308
5817.0	0.0270973
5818.0	0.026778
5819.0	0.026279
5820.0	0.0273285
5821.0	0.0273998
5822.0	0.0276344
5823.0	0.0275331
5824.0	0.0256388
5825.0	0.026096
5826.0	0.0258707
5827.0	0.0268544
5828.0	0.0266013
5829.0	0.0262056
5830.0	0.0256509
5831.0	0.026189
5832.0	0.0261162
5833.0	0.0258913
5834.0	0.0262702
5835.0	0.0272705
5836.0	0.0267407
5837.0	0.0263628
5838.0	0.0257071
5839.0	0.0270323
5840.0	0.0265873
5841.0	0.0263652
5842.0	0.0272682
5843.0	0.0271841
5844.0	0.0273468
5845.0	0.0274031
5846.0	0.027318
5847.0	0.0277955
5848.0	0.0282912
5849.0	0.0285378
5850.0	0.0291562
5851.0	0.026629
5852.0	0.0258784
5853.0	0.027895
5854.0	0.027641
5855.0	0.0284897
5856.0	0.0286455
5857.0	0.0277205
5858.0	0.0290594
5859.0	0.0275205
5860.0	0.0284241
5861.0	0.0296043
5862.0	0.0272937
5863.0	0.0283806
5864.0	0.0288006
5865.0	0.0294558
5866.0	0.0282557
5867.0	0.0291952
5868.0	0.0292752
5869.0	0.0297972
5870.0	0.0296738
5871.0	0.0300401
5872.0	0.0298952
5873.0	0.0295704
5874.0	0.0292378
5875.0	0.0291684
5876.0	0.0296347
5877.0	0.0290479
5878.0	0.0304256
5879.0	0.0310407
5880.0	0.0309076
5881.0	0.0314138
5882.0	0.0310102
5883.0	0.0298332
5884.0	0.0302336
5885.0	0.0316866
5886.0	0.0322257
5887.0	0.0323139
5888.0	0.0314471
5889.0	0.0309862
5890.0	0.0282693
5891.0	0.026907
5892.0	0.0255766
5893.0	0.0282902
5894.0	0.030981
5895.0	0.031162
5896.0	0.0292148
5897.0	0.0284364
5898.0	0.0285147
5899.0	0.0291685
5900.0	0.030983
5901.0	0.0312098
5902.0	0.0311992
5903.0	0.0322765
5904.0	0.0315897
5905.0	0.0309823
5906.0	0.0323407
5907.0	0.0324062
5908.0	0.0319877
5909.0	0.0318843
5910.0	0.0335743
5911.0	0.0339414
5912.0	0.0339398
5913.0	0.0334219
5914.0	0.0315906
5915.0	0.0324013
5916.0	0.0334453
5917.0	0.0330796
5918.0	0.0350016
5919.0	0.0325752
5920.0	0.0320647
5921.0	0.0327611
5922.0	0.0331581
5923.0	0.0331573
5924.0	0.0331971
5925.0	0.0321552
5926.0	0.0330559
5927.0	0.0330162
5928.0	0.0322479
5929.0	0.0332367
5930.0	0.0343338
5931.0	0.0341494
5932.0	0.0348246
5933.0	0.0336397
5934.0	0.0321811
5935.0	0.0324142
5936.0	0.0326381
5937.0	0.0324055
5938.0	0.0322522
5939.0	0.0332669
5940.0	0.0329329
5941.0	0.0336049
5942.0	0.033572
5943.0	0.0327825
5944.0	0.0334194
5945.0	0.0331195
5946.0	0.0315677
5947.0	0.0315163
5948.0	0.0317546
5949.0	0.0313742
5950.0	0.0325926
5951.0	0.032234
5952.0	0.0333697
5953.0	0.0317916
5954.0	0.0315813
5955.0	0.0323396
5956.0	0.0331655
5957.0	0.0334155
5958.0	0.0326984
5959.0	0.0325613
5960.0	0.0328429
5961.0	0.0317375
5962.0	0.0322162
5963.0	0.0310887
5964.0	0.0318822
5965.0	0.0320191
5966.0	0.0327024
5967.0	0.0325042
5968.0	0.0315235
5969.0	0.0306272
5970.0	0.0298169
5971.0	0.0296946
5972.0	0.0309232
5973.0	0.0316018
5974.0	0.0310329
5975.0	0.0292993
5976.0	0.0293975
5977.0	0.02983
5978.0	0.0311759
5979.0	0.0298613
5980.0	0.0292168
5981.0	0.0282996
5982.0	0.0284861
5983.0	0.0290975
5984.0	0.029818
5985.0	0.0293966
5986.0	0.0292586
5987.0	0.0287497
5988.0	0.0287859
5989.0	0.0279485
5990.0	0.0285893
5991.0	0.0289763
5992.0	0.0288903
5993.0	0.0285809
5994.0	0.02805
5995.0	0.0271289
5996.0	0.0274687
5997.0	0.0278978
5998.0	0.0278124
5999.0	0.0266367
6000.0	0.0276133
6001.0	0.0273708
6002.0	0.0267645
6003.0	0.0264998
6004.0	0.0265656
6005.0	0.0272737
6006.0	0.0259022
6007.0	0.0254375
6008.0	0.0247358
6009.0	0.0256005
6010.0	0.0261332
6011.0	0.0252824
6012.0	0.0251489
6013.0	0.026579
6014.0	0.0259649
6015.0	0.0260111
6016.0	0.0249358
6017.0	0.0235486
6018.0	0.0270403
6019.0	0.0268908
6020.0	0.0249958
6021.0	0.0270418
6022.0	0.0262579
6023.0	0.0257306
6024.0	0.0241478
6025.0	0.0248183
6026.0	0.02545
6027.0	0.025075
6028.0	0.0242428
6029.0	0.0255221
6030.0	0.0250151
6031.0	0.0238057
6032.0	0.024701
6033.0	0.0243788
6034.0	0.0238039
6035.0	0.0239881
6036.0	0.0247816
6037.0	0.0217474
6038.0	0.02362
6039.0	0.0241193
6040.0	0.0231062
6041.0	0.0236518
6042.0	0.0230925
6043.0	0.0244171
6044.0	0.0239696
6045.0	0.0222168
6046.0	0.0225981
6047.0	0.0231983
6048.0	0.0231989
6049.0	0.0234453
6050.0	0.0219593
6051.0	0.0221217
6052.0	0.0233469
6053.0	0.0229433
6054.0	0.0232477
6055.0	0.0233525
6056.0	0.0225773
6057.0	0.0215179
6058.0	0.0223018
6059.0	0.0226408
6060.0	0.0213897
6061.0	0.022153
6062.0	0.0220699
6063.0	0.0222667
6064.0	0.021257
6065.0	0.0204159
6066.0	0.0214695
6067.0	0.0211735
6068.0	0.0214918
6069.0	0.0213285
6070.0	0.0212935
6071.0	0.0209225
6072.0	0.0204998
6073.0	0.0208226
6074.0	0.020454
6075.0	0.0217476
6076.0	0.0216362
6077.0	0.0214008
6078.0	0.0194199
6079.0	0.0192406
6080.0	0.0199802
6081.0	0.0210396
6082.0	0.0208139
6083.0	0.0212577
6084.0	0.0193971
6085.0	0.0191381
6086.0	0.0193417
6087.0	0.0202125
6088.0	0.0202968
6089.0	0.020033
6090.0	0.0198541
6091.0	0.0190037
6092.0	0.0192726
6093.0	0.0201593
6094.0	0.0197966
6095.0	0.0193306
6096.0	0.0196644
6097.0	0.0197325
6098.0	0.0203913
6099.0	0.0191771
6100.0	0.0197802
6101.0	0.0203933
6102.0	0.0200744
6103.0	0.0195602
6104.0	0.019406
6105.0	0.0185542
6106.0	0.0186411
6107.0	0.0204615
6108.0	0.019451
6109.0	0.0193331
6110.0	0.0192926
6111.0	0.0194096
6112.0	0.0191096
6113.0	0.0190422
6114.0	0.017799
6115.0	0.0182934
6116.0	0.0179967
6117.0	0.0180264
6118.0	0.0191775
6119.0	0.0196009
6120.0	0.0192858
6121.0	0.0190828
6122.0	0.0186063
6123.0	0.018698
6124.0	0.0200114
6125.0	0.0199534
6126.0	0.019644
6127.0	0.0192306
6128.0	0.0181931
6129.0	0.0183182
6130.0	0.0192564
6131.0	0.0183979
6132.0	0.0186676
6133.0	0.0196934
6134.0	0.0190683
6135.0	0.0204262
6136.0	0.0196842
6137.0	0.0186554
6138.0	0.019031
6139.0	0.0182568
6140.0	0.0188012
6141.0	0.0201024
6142.0	0.0196964
6143.0	0.0193644
6144.0	0.0190504
6145.0	0.0196437
6146.0	0.0197711
6147.0	0.019612
6148.0	0.0190025
6149.0	0.0187724
6150.0	0.0182244
6151.0	0.0189073
6152.0	0.0195867
6153.0	0.0184555
6154.0	0.0184904
6155.0	0.0191309
6156.0	0.0186394
6157.0	0.0193098
6158.0	0.0194233
6159.0	0.0199627
6160.0	0.0196112
6161.0	0.0188772
6162.0	0.0189681
6163.0	0.0182604
6164.0	0.0186388
6165.0	0.0185325
6166.0	0.0184938
6167.0	0.01824
6168.0	0.0181052
6169.0	0.0176714
6170.0	0.0174569
6171.0	0.0180612
6172.0	0.017718
6173.0	0.0177811
6174.0	0.0175568
6175.0	0.0172336
6176.0	0.0180892
6177.0	0.0177352
6178.0	0.018127
6179.0	0.0178729
6180.0	0.0175437
6181.0	0.0170684
6182.0	0.0171799
6183.0	0.0168948
6184.0	0.0166732
6185.0	0.0179859
6186.0	0.0181127
6187.0	0.0174121
6188.0	0.0175979
6189.0	0.0178227
6190.0	0.017488
6191.0	0.0170943
6192.0	0.0172266
6193.0	0.0166082
6194.0	0.0169568
6195.0	0.0171227
6196.0	0.0162811
6197.0	0.0159886
6198.0	0.016994
6199.0	0.0170045
6200.0	0.0164172
6201.0	0.0165108
6202.0	0.0160987
6203.0	0.0164223
6204.0	0.0159314
6205.0	0.016097
6206.0	0.0165145
6207.0	0.0169204
6208.0	0.0161034
6209.0	0.0168084
6210.0	0.0168587
6211.0	0.0158285
6212.0	0.015133
6213.0	0.0154586
6214.0	0.0157566
6215.0	0.015183
6216.0	0.0151937
6217.0	0.0162182
6218.0	0.01574
6219.0	0.01664
6220.0	0.0162995
6221.0	0.0152792
6222.0	0.0149647
6223.0	0.015011
6224.0	0.0149418
6225.0	0.0144222
6226.0	0.0144778
6227.0	0.0154523
6228.0	0.0156601
6229.0	0.0148121
6230.0	0.0135064
6231.0	0.013978
6232.0	0.0145746
6233.0	0.0139225
6234.0	0.0131141
6235.0	0.0135537
6236.0	0.0132866
6237.0	0.0135928
6238.0	0.0128183
6239.0	0.0136343
6240.0	0.0126955
6241.0	0.0129159
6242.0	0.0137973
6243.0	0.0134305
6244.0	0.0134049
6245.0	0.0130164
6246.0	0.0128526
6247.0	0.0127727
6248.0	0.0126589
6249.0	0.0125798
6250.0	0.0132138
6251.0	0.0132545
6252.0	0.0129394
6253.0	0.0121737
6254.0	0.012861
6255.0	0.0130875
6256.0	0.0128594
6257.0	0.0117685
6258.0	0.0113633
6259.0	0.0121425
6260.0	0.0118958
6261.0	0.0127046
6262.0	0.0123336
6263.0	0.0118016
6264.0	0.0114189
6265.0	0.0120242
6266.0	0.011544
6267.0	0.011065
6268.0	0.0117538
6269.0	0.0119567
6270.0	0.0112969
6271.0	0.0109988
6272.0	0.0116592
6273.0	0.0125868
6274.0	0.0128506
6275.0	0.0136805
6276.0	0.012671
6277.0	0.0120268
6278.0	0.011357
6279.0	0.0118374
6280.0	0.01276
6281.0	0.0125321
6282.0	0.0119421
6283.0	0.0119703
6284.0	0.0116225
6285.0	0.0121097
6286.0	0.0115629
6287.0	0.0111723
6288.0	0.0115609
6289.0	0.0114534
6290.0	0.0126189
6291.0	0.0130919
6292.0	0.012521
6293.0	0.0119169
6294.0	0.0137592
6295.0	0.0137732
6296.0	0.0129984
6297.0	0.0133439
6298.0	0.0130885
6299.0	0.012728
6300.0	0.0124845
6301.0	0.0137648
6302.0	0.0131239
6303.0	0.0124637
6304.0	0.0129154
6305.0	0.0141145
6306.0	0.0143142
6307.0	0.013871
6308.0	0.013508
6309.0	0.0140704
6310.0	0.0138485
6311.0	0.0139791
6312.0	0.0138134
6313.0	0.013668
6314.0	0.0140036
6315.0	0.0142742
6316.0	0.0147364
6317.0	0.014347
6318.0	0.0150193
6319.0	0.0149969
6320.0	0.0148355
6321.0	0.0148219
6322.0	0.0148816
6323.0	0.0148904
6324.0	0.0161722
6325.0	0.015559
6326.0	0.0153598
6327.0	0.0161528
6328.0	0.0153703
6329.0	0.0158912
6330.0	0.0160198
6331.0	0.0158206
6332.0	0.0171132
6333.0	0.0171298
6334.0	0.0173247
6335.0	0.0167307
6336.0	0.0161668
6337.0	0.017003
6338.0	0.0175317
6339.0	0.0169275
6340.0	0.0164278
6341.0	0.0169551
6342.0	0.0174538
6343.0	0.0187943
6344.0	0.0167139
6345.0	0.0172694
6346.0	0.0166773
6347.0	0.0181197
6348.0	0.0172536
6349.0	0.0187465
6350.0	0.018376
6351.0	0.0172687
6352.0	0.0176728
6353.0	0.0170382
6354.0	0.0168692
6355.0	0.0179047
6356.0	0.0182649
6357.0	0.0187881
6358.0	0.0178111
6359.0	0.0184111
6360.0	0.0185045
6361.0	0.0171713
6362.0	0.0178354
6363.0	0.0171461
6364.0	0.0173316
6365.0	0.0159634
6366.0	0.0165726
6367.0	0.0173025
6368.0	0.0182794
6369.0	0.0173065
6370.0	0.0179158
6371.0	0.0179209
6372.0	0.0183339
6373.0	0.0186104
6374.0	0.0180699
6375.0	0.0179421
6376.0	0.0171854
6377.0	0.0173332
6378.0	0.0187105
6379.0	0.0179764
6380.0	0.0185537
6381.0	0.0173033
6382.0	0.0169578
6383.0	0.016912
6384.0	0.0178031
6385.0	0.0181039
6386.0	0.0180362
6387.0	0.0184985
6388.0	0.0191567
6389.0	0.0195711
6390.0	0.0170455
6391.0	0.0185844
6392.0	0.017253
6393.0	0.0179999
6394.0	0.0183894
6395.0	0.0185497
6396.0	0.0192195
6397.0	0.0191917
6398.0	0.0184952
6399.0	0.0184882
6400.0	0.0200981
6401.0	0.0197436
6402.0	0.019895
6403.0	0.0197771
6404.0	0.0194386
6405.0	0.01976
6406.0	0.0193506
6407.0	0.0194147
6408.0	0.0194428
6409.0	0.0203212
6410.0	0.0196794
6411.0	0.0198114
6412.0	0.0201345
6413.0	0.0187203
6414.0	0.0198432
6415.0	0.0207282
6416.0	0.0201315
6417.0	0.0197621
6418.0	0.0202905
6419.0	0.0212076
6420.0	0.0207205
6421.0	0.0201971
6422.0	0.0205467
6423.0	0.021088
6424.0	0.0209535
6425.0	0.0207277
6426.0	0.0210783
6427.0	0.0209046
6428.0	0.021831
6429.0	0.0225816
6430.0	0.0218191
6431.0	0.0225105
6432.0	0.0219302
6433.0	0.0221883
6434.0	0.021001
6435.0	0.0212099
6436.0	0.0212313
6437.0	0.0213183
6438.0	0.0220932
6439.0	0.0221819
6440.0	0.0222824
6441.0	0.0228368
6442.0	0.022712
6443.0	0.0235627
6444.0	0.0228296
6445.0	0.0233124
6446.0	0.0221341
6447.0	0.0222539
6448.0	0.0241686
6449.0	0.0239858
6450.0	0.0239989
6451.0	0.024408
6452.0	0.024089
6453.0	0.0234282
6454.0	0.0223343
6455.0	0.023539
6456.0	0.0238052
6457.0	0.023231
6458.0	0.0246244
6459.0	0.0250316
6460.0	0.0248865
6461.0	0.0260428
6462.0	0.0254747
6463.0	0.0257421
6464.0	0.0257097
6465.0	0.0259967
6466.0	0.0249174
6467.0	0.0248182
6468.0	0.0257415
6469.0	0.0245289
6470.0	0.0243185
6471.0	0.0259141
6472.0	0.0264039
6473.0	0.0259908
6474.0	0.0259447
6475.0	0.0257443
6476.0	0.0260662
6477.0	0.0262725
6478.0	0.0265179
6479.0	0.0273692
6480.0	0.0276895
6481.0	0.0273997
6482.0	0.0279148
6483.0	0.0275944
6484.0	0.0271088
6485.0	0.0275057
6486.0	0.0279311
6487.0	0.0274341
6488.0	0.0267321
6489.0	0.0271761
6490.0	0.0281233
6491.0	0.0284172
6492.0	0.0282635
6493.0	0.0290797
6494.0	0.0278394
6495.0	0.0290748
6496.0	0.0296045
6497.0	0.0290147
6498.0	0.0283101
6499.0	0.028766
6500.0	0.0288907
6501.0	0.0292184
6502.0	0.0299282
6503.0	0.0284048
6504.0	0.0292125
6505.0	0.0299439
6506.0	0.0305589
6507.0	0.0301166
6508.0	0.0299248
6509.0	0.0296886
6510.0	0.0308028
6511.0	0.0307684
6512.0	0.0313059
6513.0	0.0308239
6514.0	0.0308472
6515.0	0.0302814
6516.0	0.0299416
6517.0	0.0295208
6518.0	0.0313703
6519.0	0.0324361
6520.0	0.0316729
6521.0	0.0312337
6522.0	0.0319615
6523.0	0.0321284
6524.0	0.0316522
6525.0	0.0312122
6526.0	0.0314154
6527.0	0.0319113
6528.0	0.0316101
6529.0	0.0322478
6530.0	0.0324284
6531.0	0.0323596
6532.0	0.0337828
6533.0	0.0337007
6534.0	0.0331875
6535.0	0.033136
6536.0	0.0331127
6537.0	0.0330905
6538.0	0.0334892
6539.0	0.0342362
6540.0	0.034304
6541.0	0.0345718
6542.0	0.0345719
6543.0	0.0337794
6544.0	0.0342208
6545.0	0.0338201
6546.0	0.0332846
6547.0	0.0340863
6548.0	0.0328817
6549.0	0.035051
6550.0	0.0347475
6551.0	0.0328794
6552.0	0.0346383
6553.0	0.0348491
6554.0	0.0353348
6555.0	0.0354287
6556.0	0.0352374
6557.0	0.0350643
6558.0	0.0361843
6559.0	0.0353193
6560.0	0.0343456
6561.0	0.0348336
6562.0	0.0366172
6563.0	0.0365763
6564.0	0.0363271
6565.0	0.0370802
6566.0	0.0372272
6567.0	0.0363308
6568.0	0.036729
6569.0	0.0355448
6570.0	0.0372331
6571.0	0.0363877
6572.0	0.0358222
6573.0	0.0373939
6574.0	0.0376497
6575.0	0.0373618
6576.0	0.0377123
6577.0	0.0378774
6578.0	0.0384019
6579.0	0.0383589
6580.0	0.0370865
6581.0	0.0369805
6582.0	0.0382779
6583.0	0.0375265
6584.0	0.0393507
6585.0	0.0381309
6586.0	0.0375123
6587.0	0.0372476
6588.0	0.0374532
6589.0	0.0367912
6590.0	0.0376316
6591.0	0.0381703
6592.0	0.0386087
6593.0	0.0372183
6594.0	0.0376831
6595.0	0.037738
6596.0	0.0383473
6597.0	0.0396605
6598.0	0.0397177
6599.0	0.0399212
6600.0	0.0397247
6601.0	0.0400641
6602.0	0.0376672
6603.0	0.0383066
6604.0	0.038926
6605.0	0.0387649
6606.0	0.0385437
6607.0	0.0390023
6608.0	0.0385974
6609.0	0.0393146
6610.0	0.0397957
6611.0	0.0387546
6612.0	0.0384432
6613.0	0.0399476
6614.0	0.0399637
6615.0	0.0404138
6616.0	0.0388255
6617.0	0.0393267
6618.0	0.0403133
6619.0	0.0402106
6620.0	0.0402802
6621.0	0.0396094
6622.0	0.0388662
6623.0	0.039173
6624.0	0.0394535
6625.0	0.0391089
6626.0	0.0388793
6627.0	0.0391481
6628.0	0.0393524
6629.0	0.0393626
6630.0	0.0381096
6631.0	0.039324
6632.0	0.0387645
6633.0	0.0380519
6634.0	0.0390618
6635.0	0.0382329
6636.0	0.0376989
6637.0	0.0386268
6638.0	0.0390284
6639.0	0.0382277
6640.0	0.0381333
6641.0	0.0386053
6642.0	0.0395612
6643.0	0.0386931
6644.0	0.0398212
6645.0	0.0403112
6646.0	0.0387414
6647.0	0.0386949
6648.0	0.0380477
6649.0	0.0380745
6650.0	0.0370654
6651.0	0.038398
6652.0	0.0388268
6653.0	0.0376511
6654.0	0.0388837
6655.0	0.040016
6656.0	0.0399949
6657.0	0.0374568
6658.0	0.0371888
6659.0	0.0401965
6660.0	0.0399866
6661.0	0.0385918
6662.0	0.0380401
6663.0	0.0373642
6664.0	0.0380628
6665.0	0.0382118
6666.0	0.0368609
6667.0	0.0375108
6668.0	0.0385333
6669.0	0.0387885
6670.0	0.0376874
6671.0	0.0367419
6672.0	0.0369514
6673.0	0.0353793
6674.0	0.0367464
6675.0	0.0359669
6676.0	0.0360204
6677.0	0.0365654
6678.0	0.0368293
6679.0	0.0369266
6680.0	0.0362081
6681.0	0.037266
6682.0	0.0361669
6683.0	0.0366155
6684.0	0.0371631
6685.0	0.036699
6686.0	0.0363005
6687.0	0.0362059
6688.0	0.0362465
6689.0	0.0367155
6690.0	0.0372021
6691.0	0.0357084
6692.0	0.0348545
6693.0	0.0348232
6694.0	0.0358602
6695.0	0.0358417
6696.0	0.0350417
6697.0	0.0348624
6698.0	0.0349249
6699.0	0.035234
6700.0	0.0353808
6701.0	0.0357208
6702.0	0.0354321
6703.0	0.0340008
6704.0	0.0329294
6705.0	0.0339044
6706.0	0.0342855
6707.0	0.034004
6708.0	0.0333605
6709.0	0.0325135
6710.0	0.0331993
6711.0	0.0330163
6712.0	0.0332216
6713.0	0.033704
6714.0	0.0333878
6715.0	0.0327027
6716.0	0.033195
6717.0	0.0332491
6718.0	0.0327368
6719.0	0.0329778
6720.0	0.032061
6721.0	0.0325185
6722.0	0.0330952
6723.0	0.0328238
6724.0	0.0326763
6725.0	0.0319589
6726.0	0.0320421
6727.0	0.0319641
6728.0	0.0307383
6729.0	0.0308085
6730.0	0.0316665
6731.0	0.0320359
6732.0	0.030565
6733.0	0.0308401
6734.0	0.0312753
6735.0	0.0310815
6736.0	0.0306699
6737.0	0.0302978
6738.0	0.0305903
6739.0	0.0300688
6740.0	0.0280002
6741.0	0.0291268
6742.0	0.0302634
6743.0	0.0291674
6744.0	0.0294067
6745.0	0.0288273
6746.0	0.0288243
6747.0	0.0292718
6748.0	0.0287384
6749.0	0.0283859
6750.0	0.0280123
6751.0	0.0294548
6752.0	0.0289497
6753.0	0.0283721
6754.0	0.0282926
6755.0	0.0280353
6756.0	0.0287058
6757.0	0.0278881
6758.0	0.028279
6759.0	0.0275793
6760.0	0.0279093
6761.0	0.0279866
6762.0	0.0278072
6763.0	0.0272139
6764.0	0.0282164
6765.0	0.0265534
6766.0	0.0269185
6767.0	0.0261498
6768.0	0.0252908
6769.0	0.026685
6770.0	0.0268537
6771.0	0.0257631
6772.0	0.0261712
6773.0	0.0253106
6774.0	0.0265071
6775.0	0.0262801
6776.0	0.0251171
6777.0	0.0252531
6778.0	0.0251887
6779.0	0.0256886
6780.0	0.0246017
6781.0	0.0243912
6782.0	0.0230545
6783.0	0.025171
6784.0	0.0255519
6785.0	0.0251548
6786.0	0.0247299
6787.0	0.024152
6788.0	0.0234345
6789.0	0.0231687
6790.0	0.0241463
6791.0	0.0230172
6792.0	0.0229788
6793.0	0.0233869
6794.0	0.0235098
6795.0	0.0231136
6796.0	0.0236178
6797.0	0.0233965
6798.0	0.0230617
6799.0	0.0230421
6800.0	0.0225465
6801.0	0.0226408
6802.0	0.0224595
6803.0	0.0224672
6804.0	0.0225194
6805.0	0.0223556
6806.0	0.0220648
6807.0	0.0223191
6808.0	0.0224274
6809.0	0.0223829
6810.0	0.0215342
6811.0	0.0214258
6812.0	0.0215616
6813.0	0.0219544
6814.0	0.021221
6815.0	0.0208497
6816.0	0.0213217
6817.0	0.0211605
6818.0	0.0215854
6819.0	0.0212575
6820.0	0.0208201
6821.0	0.0204629
6822.0	0.0196466
6823.0	0.0203414
6824.0	0.0211561
6825.0	0.0207727
6826.0	0.0205713
6827.0	0.0199154
6828.0	0.0185684
6829.0	0.0193042
6830.0	0.0196596
6831.0	0.0203326
6832.0	0.0209798
6833.0	0.0197401
6834.0	0.0203492
6835.0	0.0189323
6836.0	0.0183305
6837.0	0.018785
6838.0	0.0185471
6839.0	0.0182856
6840.0	0.0199445
6841.0	0.0198419
6842.0	0.0184835
6843.0	0.0191418
6844.0	0.0188644
6845.0	0.0187862
6846.0	0.0185013
6847.0	0.0179851
6848.0	0.0191862
6849.0	0.0196647
6850.0	0.0194103
6851.0	0.0189262
6852.0	0.0185679
6853.0	0.0187681
6854.0	0.0191167
6855.0	0.0183446
6856.0	0.0177768
6857.0	0.018571
6858.0	0.0185394
6859.0	0.0184284
6860.0	0.0182708
6861.0	0.0182413
6862.0	0.0186792
6863.0	0.0189745
6864.0	0.0187244
6865.0	0.017507
6866.0	0.017358
6867.0	0.0176857
6868.0	0.0182035
6869.0	0.0177587
6870.0	0.016855
6871.0	0.0161611
6872.0	0.0186468
6873.0	0.0176139
6874.0	0.0171224
6875.0	0.0183289
6876.0	0.0186779
6877.0	0.0182261
6878.0	0.0175458
6879.0	0.0173979
6880.0	0.0171427
6881.0	0.0165567
6882.0	0.017165
6883.0	0.0179608
6884.0	0.017493
6885.0	0.0178419
6886.0	0.0173618
6887.0	0.0177774
6888.0	0.0168548
6889.0	0.0162574
6890.0	0.0173301
6891.0	0.0174986
6892.0	0.0180024
6893.0	0.0171964
6894.0	0.0167727
6895.0	0.0176945
6896.0	0.0166521
6897.0	0.0164364
6898.0	0.0169915
6899.0	0.0169073
6900.0	0.0163972
6901.0	0.0178659
6902.0	0.0173235
6903.0	0.0166028
6904.0	0.0168115
6905.0	0.0167813
6906.0	0.0163365
6907.0	0.0159871
6908.0	0.0168975
6909.0	0.0173666
6910.0	0.0174334
6911.0	0.0165506
6912.0	0.0161983
6913.0	0.0168567
6914.0	0.0155601
6915.0	0.0158255
6916.0	0.0172755
6917.0	0.0160282
6918.0	0.015058
6919.0	0.0159721
6920.0	0.0167909
6921.0	0.0164983
6922.0	0.017068
6923.0	0.0162456
6924.0	0.0161415
6925.0	0.0159
6926.0	0.0166581
6927.0	0.0165185
6928.0	0.0167499
6929.0	0.0169218
6930.0	0.0168284
6931.0	0.0160278
6932.0	0.0152353
6933.0	0.0162156
6934.0	0.0157024
6935.0	0.0158962
6936.0	0.0172581
6937.0	0.0163775
6938.0	0.0168412
6939.0	0.0167911
6940.0	0.0162706
6941.0	0.0163821
6942.0	0.016656
6943.0	0.0164178
6944.0	0.0159191
6945.0	0.0156132
6946.0	0.015413
6947.0	0.0156199
6948.0	0.0164937
6949.0	0.0167063
6950.0	0.0156278
6951.0	0.0153779
6952.0	0.0168083
6953.0	0.0165836
6954.0	0.0168992
6955.0	0.0168263
6956.0	0.0177639
6957.0	0.0175565
6958.0	0.016949
6959.0	0.0165355
6960.0	0.0160486
6961.0	0.0166332
6962.0	0.0171972
6963.0	0.0168319
6964.0	0.0169182
6965.0	0.0168342
6966.0	0.0164659
6967.0	0.0164776
6968.0	0.0160499
6969.0	0.0167066
6970.0	0.0167995
6971.0	0.0172612
6972.0	0.0169288
6973.0	0.0171136
6974.0	0.0160134
6975.0	0.0165126
6976.0	0.0167314
6977.0	0.0170664
6978.0	0.0174873
6979.0	0.0178241
6980.0	0.0171391
6981.0	0.017133
6982.0	0.0171269
6983.0	0.0171208
6984.0	0.0171147
6985.0	0.0171086
6986.0	0.0171025
6987.0	0.0170964
6988.0	0.0170903
6989.0	0.0170842
6990.0	0.0170781
6991.0	0.017072
6992.0	0.0170659
6993.0	0.0170598
6994.0	0.0170537
6995.0	0.0170475
6996.0	0.0170414
6997.0	0.0170353
6998.0	0.0170292
6999.0	0.0170292
7000.0	0.0172525
7001.0	0.0165005
7002.0	0.0161189
7003.0	0.0159756
7004.0	0.0158117
7005.0	0.0168249
7006.0	0.0158858
7007.0	0.0174832
7008.0	0.0177629
7009.0	0.016842
7010.0	0.0174535
7011.0	0.0181193
7012.0	0.0146444
7013.0	0.0167075
7014.0	0.0167324
7015.0	0.0166375
7016.0	0.0172907
7017.0	0.0179403
7018.0	0.0163724
7019.0	0.0165846
7020.0	0.0176049
7021.0	0.017152
7022.0	0.0169863
7023.0	0.0163153
7024.0	0.0172749
7025.0	0.0168629
7026.0	0.0172955
7027.0	0.0172727
7028.0	0.01691
7029.0	0.0173999
7030.0	0.0175288
7031.0	0.0166476
7032.0	0.0166845
7033.0	0.0173333
7034.0	0.0172258
7035.0	0.0166425
7036.0	0.0171324
7037.0	0.0177559
7038.0	0.0166086
7039.0	0.0155107
7040.0	0.0169388
7041.0	0.0187605
7042.0	0.0171551
7043.0	0.0175044
7044.0	0.0182446
7045.0	0.0176852
7046.0	0.0161519
7047.0	0.0177013
7048.0	0.0174091
7049.0	0.0173004
7050.0	0.0161458
7051.0	0.0178877
7052.0	0.0170008
7053.0	0.0178637
7054.0	0.0182649
7055.0	0.017178
7056.0	0.015915
7057.0	0.0164282
7058.0	0.0168616
7059.0	0.0172166
7060.0	0.0160263
7061.0	0.0167292
7062.0	0.016502
7063.0	0.0162968
7064.0	0.0166089
7065.0	0.0175112
7066.0	0.0168602
7067.0	0.0167878
7068.0	0.0170527
7069.0	0.0173677
7070.0	0.017478
7071.0	0.0171644
7072.0	0.0176636
7073.0	0.0167158
7074.0	0.0165266
7075.0	0.0174783
7076.0	0.0169669
7077.0	0.0169542
7078.0	0.0160751
7079.0	0.0180968
7080.0	0.0183458
7081.0	0.017135
7082.0	0.0174228
7083.0	0.0177937
7084.0	0.0173722
7085.0	0.0166407
7086.0	0.0158553
7087.0	0.0169295
7088.0	0.0174247
7089.0	0.0170835
7090.0	0.0171976
7091.0	0.0169969
7092.0	0.0174943
7093.0	0.0169596
7094.0	0.0171556
7095.0	0.0166065
7096.0	0.0162846
7097.0	0.0157698
7098.0	0.0167883
7099.0	0.0172722
7100.0	0.0169448
7101.0	0.0166042
7102.0	0.016464
7103.0	0.0168108
7104.0	0.0166855
7105.0	0.0162272
7106.0	0.0173117
7107.0	0.0157165
7108.0	0.0160261
7109.0	0.0168689
7110.0	0.0165818
7111.0	0.0168423
7112.0	0.0161949
7113.0	0.0169312
7114.0	0.0171519
7115.0	0.0169759
7116.0	0.0166731
7117.0	0.017179
7118.0	0.0158424
7119.0	0.0160011
7120.0	0.0155916
7121.0	0.0153021
7122.0	0.0158122
7123.0	0.0168171
7124.0	0.0163369
7125.0	0.0156667
7126.0	0.0158354
7127.0	0.0151353
7128.0	0.0161051
7129.0	0.0168276
7130.0	0.0167364
7131.0	0.0160348
7132.0	0.0154282
7133.0	0.015884
7134.0	0.0154758
7135.0	0.0160272
7136.0	0.0154573
7137.0	0.0154069
7138.0	0.0142338
7139.0	0.0160218
7140.0	0.0171891
7141.0	0.0158878
7142.0	0.015877
7143.0	0.0156808
7144.0	0.0155429
7145.0	0.0163236
7146.0	0.0157346
7147.0	0.0153142
7148.0	0.015218
7149.0	0.0150781
7150.0	0.0155928
7151.0	0.0156798
7152.0	0.0153229
7153.0	0.0161055
7154.0	0.0167347
7155.0	0.0157694
7156.0	0.0160206
7157.0	0.0159845
7158.0	0.0153178
7159.0	0.0141032
7160.0	0.0149462
7161.0	0.0158895
7162.0	0.0161912
7163.0	0.0152951
7164.0	0.0162367
7165.0	0.0166294
7166.0	0.0149265
7167.0	0.0150682
7168.0	0.0163
7169.0	0.0157742
7170.0	0.0148054
7171.0	0.0153721
7172.0	0.0159347
7173.0	0.0158928
7174.0	0.0150932
7175.0	0.0142503
7176.0	0.0142258
7177.0	0.0145564
7178.0	0.0145095
7179.0	0.0152743
7180.0	0.0145939
7181.0	0.0147054
7182.0	0.0152844
7183.0	0.0156073
7184.0	0.0145462
7185.0	0.015266
7186.0	0.0156288
7187.0	0.015333
7188.0	0.0153363
7189.0	0.0145419
7190.0	0.0164613
7191.0	0.0152549
7192.0	0.0148765
7193.0	0.0142632
7194.0	0.0143116
7195.0	0.0148344
7196.0	0.0156725
7197.0	0.0155265
7198.0	0.0159725
7199.0	0.0153277
7200.0	0.0149282
7201.0	0.0150673
7202.0	0.014995
7203.0	0.015412
7204.0	0.0156843
7205.0	0.0151295
7206.0	0.0151409
7207.0	0.0155441
7208.0	0.0148834
7209.0	0.0150521
7210.0	0.01642
7211.0	0.0153155
7212.0	0.0156475
7213.0	0.0152804
7214.0	0.0152553
7215.0	0.0154016
7216.0	0.0143798
7217.0	0.0148495
7218.0	0.0151549
7219.0	0.0157313
7220.0	0.0149608
7221.0	0.0145228
7222.0	0.0155061
7223.0	0.015311
7224.0	0.0158308
7225.0	0.0142716
7226.0	0.0150215
7227.0	0.0148251
7228.0	0.0153379
7229.0	0.015277
7230.0	0.0153112
7231.0	0.0156479
7232.0	0.0155536
7233.0	0.0151247
7234.0	0.0157497
7235.0	0.0143318
7236.0	0.014979
7237.0	0.0150314
7238.0	0.0151639
7239.0	0.0164819
7240.0	0.0144446
7241.0	0.0142102
7242.0	0.0158011
7243.0	0.0171132
7244.0	0.0163351
7245.0	0.0156615
7246.0	0.0156074
7247.0	0.0160805
7248.0	0.0160992
7249.0	0.0157446
7250.0	0.0160461
7251.0	0.0152603
7252.0	0.016038
7253.0	0.0174873
7254.0	0.0165781
7255.0	0.0166264
7256.0	0.0157574
7257.0	0.0159012
7258.0	0.016414
7259.0	0.0163154
7260.0	0.0158016
7261.0	0.0154248
7262.0	0.0163128
7263.0	0.0151919
7264.0	0.0145839
7265.0	0.01564
7266.0	0.015905
7267.0	0.0166014
7268.0	0.0168757
7269.0	0.0160083
7270.0	0.0171836
7271.0	0.0159039
7272.0	0.0165452
7273.0	0.0161021
7274.0	0.0167274
7275.0	0.0169874
7276.0	0.0179048
7277.0	0.0195567
7278.0	0.0183182
7279.0	0.0175929
7280.0	0.0170903
7281.0	0.0183066
7282.0	0.0172547
7283.0	0.0174287
7284.0	0.0156137
7285.0	0.0164035
7286.0	0.0173044
7287.0	0.0159808
7288.0	0.0175919
7289.0	0.0173849
7290.0	0.0169907
7291.0	0.0163577
7292.0	0.0170393
7293.0	0.0167193
7294.0	0.0175687
7295.0	0.0170289
7296.0	0.0173704
7297.0	0.0174891
7298.0	0.01795
7299.0	0.0173081
7300.0	0.0169206
7301.0	0.017272
7302.0	0.0163768
7303.0	0.0177408
7304.0	0.0185386
7305.0	0.0174041
7306.0	0.017502
7307.0	0.0174497
7308.0	0.0178744
7309.0	0.0168886
7310.0	0.0168279
7311.0	0.0176341
7312.0	0.0176235
7313.0	0.0185906
7314.0	0.0181096
7315.0	0.0171594
7316.0	0.0197422
7317.0	0.0179898
7318.0	0.0175664
7319.0	0.0180985
7320.0	0.0176133
7321.0	0.0177073
7322.0	0.0186027
7323.0	0.0187047
7324.0	0.0180187
7325.0	0.0178004
7326.0	0.0191819
7327.0	0.0174351
7328.0	0.0182587
7329.0	0.0183048
7330.0	0.0178011
7331.0	0.0186122
7332.0	0.0177259
7333.0	0.0179235
7334.0	0.0177385
7335.0	0.0183034
7336.0	0.0170341
7337.0	0.0177759
7338.0	0.0181624
7339.0	0.0180327
7340.0	0.0182084
7341.0	0.0201001
7342.0	0.0193991
7343.0	0.0177043
7344.0	0.0188588
7345.0	0.0168632
7346.0	0.0175715
7347.0	0.0164336
7348.0	0.016983
7349.0	0.0187665
7350.0	0.0189646
7351.0	0.018888
7352.0	0.0177376
7353.0	0.0183843
7354.0	0.0180171
7355.0	0.0182347
7356.0	0.0198212
7357.0	0.0183541
7358.0	0.017979
7359.0	0.017735
7360.0	0.0189961
7361.0	0.0197155
7362.0	0.0197535
7363.0	0.0188008
7364.0	0.0180563
7365.0	0.0182318
7366.0	0.0183697
7367.0	0.0194639
7368.0	0.0188054
7369.0	0.0192908
7370.0	0.0177472
7371.0	0.0187437
7372.0	0.018785
7373.0	0.0168289
7374.0	0.0175797
7375.0	0.0181928
7376.0	0.0178849
7377.0	0.0182287
7378.0	0.0180287
7379.0	0.0175635
7380.0	0.0175404
7381.0	0.0176383
7382.0	0.0187842
7383.0	0.0173879
7384.0	0.0175037
7385.0	0.0179006
7386.0	0.0193817
7387.0	0.0178664
7388.0	0.018471
7389.0	0.0199017
7390.0	0.0190021
7391.0	0.0179659
7392.0	0.019151
7393.0	0.0185394
7394.0	0.0194554
7395.0	0.0187048
7396.0	0.0184797
7397.0	0.0173181
7398.0	0.0183545
7399.0	0.0186582
7400.0	0.0195057
7401.0	0.0193082
7402.0	0.0190981
7403.0	0.020708
7404.0	0.0187423
7405.0	0.0192991
7406.0	0.0191563
7407.0	0.0183174
7408.0	0.0172596
7409.0	0.0181427
7410.0	0.018341
7411.0	0.0189828
7412.0	0.0184581
7413.0	0.0191474
7414.0	0.0186419
7415.0	0.0182777
7416.0	0.0195474
7417.0	0.01884
7418.0	0.0185595
7419.0	0.0185799
7420.0	0.0190057
7421.0	0.0188514
7422.0	0.0186434
7423.0	0.0183684
7424.0	0.0190525
7425.0	0.0189252
7426.0	0.0191969
7427.0	0.0181666
7428.0	0.0175955
7429.0	0.0183738
7430.0	0.0189307
7431.0	0.0184652
7432.0	0.0191276
7433.0	0.0198973
7434.0	0.0186433
7435.0	0.0187762
7436.0	0.0189303
7437.0	0.0197213
7438.0	0.0186863
7439.0	0.018782
7440.0	0.0184628
7441.0	0.0184503
7442.0	0.0182755
7443.0	0.0193193
7444.0	0.0188426
7445.0	0.0187442
7446.0	0.0196363
7447.0	0.0197259
7448.0	0.0185724
7449.0	0.0181365
7450.0	0.0188951
7451.0	0.0194682
7452.0	0.0191556
7453.0	0.0191629
7454.0	0.0188436
7455.0	0.020437
7456.0	0.0212778
7457.0	0.0204548
7458.0	0.0203077
7459.0	0.0191978
7460.0	0.0200313
7461.0	0.0202661
7462.0	0.0206182
7463.0	0.0198712
7464.0	0.0199147
7465.0	0.0190696
7466.0	0.0199696
7467.0	0.0214418
7468.0	0.021455
7469.0	0.0202784
7470.0	0.0204008
7471.0	0.0197683
7472.0	0.0197714
7473.0	0.0214257
7474.0	0.0205017
7475.0	0.020728
7476.0	0.0200986
7477.0	0.0207717
7478.0	0.0201272
7479.0	0.0202543
7480.0	0.0206774
7481.0	0.0209637
7482.0	0.020347
7483.0	0.0207286
7484.0	0.0193089
7485.0	0.0208116
7486.0	0.0208856
7487.0	0.0204526
7488.0	0.0209594
7489.0	0.0207744
7490.0	0.0203094
7491.0	0.0210281
7492.0	0.0205347
7493.0	0.0206217
7494.0	0.0208327
7495.0	0.0197294
7496.0	0.020904
7497.0	0.0208779
7498.0	0.0213563
7499.0	0.0205827
7500.0	0.0207254
7501.0	0.0218673
7502.0	0.0225984
7503.0	0.0237498
7504.0	0.0220425
7505.0	0.0227983
7506.0	0.0229786
7507.0	0.0213939
7508.0	0.0218228
7509.0	0.0224775
7510.0	0.022248
7511.0	0.0220443
7512.0	0.0214642
7513.0	0.0212883
7514.0	0.0211404
7515.0	0.0234152
7516.0	0.0228548
7517.0	0.0228431
7518.0	0.0216297
7519.0	0.0212513
7520.0	0.0213066
7521.0	0.0215665
7522.0	0.0226791
7523.0	0.0236424
7524.0	0.0236422
7525.0	0.0232633
7526.0	0.0224784
7527.0	0.022345
7528.0	0.0223508
7529.0	0.0237705
7530.0	0.0227483
7531.0	0.022863
7532.0	0.0214101
7533.0	0.0215139
7534.0	0.0211817
7535.0	0.0218859
7536.0	0.0232961
7537.0	0.0216651
7538.0	0.0210837
7539.0	0.0220868
7540.0	0.0224715
7541.0	0.0220368
7542.0	0.0218696
7543.0	0.0217767
7544.0	0.022888
7545.0	0.0213698
7546.0	0.0216571
7547.0	0.0215913
7548.0	0.0215558
7549.0	0.0226991
7550.0	0.0233403
7551.0	0.0238058
7552.0	0.0210071
7553.0	0.0203228
7554.0	0.0212653
7555.0	0.0220478
7556.0	0.0235144
7557.0	0.022265
7558.0	0.0223418
7559.0	0.0230759
7560.0	0.0232195
7561.0	0.0219874
7562.0	0.0223354
7563.0	0.0225586
7564.0	0.0229183
7565.0	0.0223057
7566.0	0.0215968
7567.0	0.0224821
7568.0	0.0224445
7569.0	0.0221309
7570.0	0.021896
7571.0	0.0222065
7572.0	0.021324
7573.0	0.0223322
7574.0	0.0226476
7575.0	0.0215719
7576.0	0.0210585
7577.0	0.0216022
7578.0	0.0207107
7579.0	0.0226574
7580.0	0.0210047
7581.0	0.0216766
7582.0	0.0216705
7583.0	0.021197
7584.0	0.0235194
7585.0	0.0221679
7586.0	0.021591
7587.0	0.0213582
7588.0	0.0203778
7589.0	0.0207698
7590.0	0.0210833
7591.0	0.0220079
7592.0	0.0211699
7593.0	0.0220248
7594.0	0.0212259
7595.0	0.019935
7596.0	0.0207745
7597.0	0.0202564
7598.0	0.0204734
7599.0	0.0201973
7600.0	0.0202398
7601.0	0.0162984
7602.0	0.0200585
7603.0	0.0201268
7604.0	0.0198006
7605.0	0.0186062
7606.0	0.0208477
7607.0	0.0202071
7608.0	0.022021
7609.0	0.0212898
7610.0	0.0201838
7611.0	0.0181862
7612.0	0.0215461
7613.0	0.0185959
7614.0	0.0174782
7615.0	0.0189597
7616.0	0.0204988
7617.0	0.0174808
7618.0	0.0176078
7619.0	0.0186024
7620.0	0.0188628
7621.0	0.0181735
7622.0	0.0188838
7623.0	0.0181904
7624.0	0.0169999
7625.0	0.0181928
7626.0	0.0195159
7627.0	0.0180919
7628.0	0.0187904
7629.0	0.0178582
7630.0	0.0183775
7631.0	0.0203943
7632.0	0.0195339
7633.0	0.0172489
7634.0	0.0176276
7635.0	0.0170691
7636.0	0.017506
7637.0	0.0173232
7638.0	0.0176309
7639.0	0.0172431
7640.0	0.0164582
7641.0	0.0161643
7642.0	0.0167169
7643.0	0.0186219
7644.0	0.0177253
7645.0	0.0157474
7646.0	0.0163183
7647.0	0.0164476
7648.0	0.0174854
7649.0	0.0172895
7650.0	0.0162561
7651.0	0.0172097
7652.0	0.0168755
7653.0	0.0168942
7654.0	0.0169653
7655.0	0.01779
7656.0	0.0179245
7657.0	0.0176141
7658.0	0.0171381
7659.0	0.0175881
7660.0	0.0182429
7661.0	0.0181881
7662.0	0.018277
7663.0	0.018061
7664.0	0.0176777
7665.0	0.0162247
7666.0	0.0163306
7667.0	0.0168637
7668.0	0.0172986
7669.0	0.0181124
7670.0	0.0175862
7671.0	0.0174461
7672.0	0.0171114
7673.0	0.0174409
7674.0	0.0177482
7675.0	0.0196849
7676.0	0.0180163
7677.0	0.0177318
7678.0	0.0178186
7679.0	0.0183981
7680.0	0.0184837
7681.0	0.0177321
7682.0	0.0176611
7683.0	0.0192731
7684.0	0.0190666
7685.0	0.0189865
7686.0	0.0188853
7687.0	0.0182583
7688.0	0.017114
7689.0	0.0185495
7690.0	0.0180962
7691.0	0.0176798
7692.0	0.0183446
7693.0	0.0187594
7694.0	0.0192796
7695.0	0.0203765
7696.0	0.0189891
7697.0	0.0189441
7698.0	0.018398
7699.0	0.0180171
7700.0	0.0182259
7701.0	0.0189931
7702.0	0.0191969
7703.0	0.0190896
7704.0	0.0187724
7705.0	0.0198522
7706.0	0.0200888
7707.0	0.0186742
7708.0	0.0194913
7709.0	0.0181317
7710.0	0.0189295
7711.0	0.0186175
7712.0	0.0203709
7713.0	0.0203471
7714.0	0.0188563
7715.0	0.0186326
7716.0	0.019425
7717.0	0.0200927
7718.0	0.019834
7719.0	0.0200262
7720.0	0.0199303
7721.0	0.0197228
7722.0	0.020919
7723.0	0.0202318
7724.0	0.0198482
7725.0	0.0197963
7726.0	0.0207587
7727.0	0.0213079
7728.0	0.0217212
7729.0	0.0207056
7730.0	0.0198369
7731.0	0.0205932
7732.0	0.0197726
7733.0	0.0211508
7734.0	0.0213537
7735.0	0.0194224
7736.0	0.0197005
7737.0	0.0203945
7738.0	0.0217274
7739.0	0.0209095
7740.0	0.021692
7741.0	0.0214989
7742.0	0.0208569
7743.0	0.0227566
7744.0	0.0223249
7745.0	0.0208386
7746.0	0.0224518
7747.0	0.0217904
7748.0	0.0215631
7749.0	0.0217771
7750.0	0.0242661
7751.0	0.0232499
7752.0	0.0219813
7753.0	0.0229622
7754.0	0.0225589
7755.0	0.0229313
7756.0	0.021627
7757.0	0.0218269
7758.0	0.0216864
7759.0	0.0227221
7760.0	0.024075
7761.0	0.0245579
7762.0	0.0217713
7763.0	0.0215152
7764.0	0.0231499
7765.0	0.0223518
7766.0	0.023403
7767.0	0.0230947
7768.0	0.0235816
7769.0	0.0228308
7770.0	0.0233364
7771.0	0.023783
7772.0	0.0232127
7773.0	0.0224493
7774.0	0.0238143
7775.0	0.0236572
7776.0	0.0226769
7777.0	0.0248276
7778.0	0.0241985
7779.0	0.0240548
7780.0	0.0234547
7781.0	0.022305
7782.0	0.0238455
7783.0	0.023958
7784.0	0.0249207
7785.0	0.0237676
7786.0	0.0234599
7787.0	0.0241656
7788.0	0.0232845
7789.0	0.0237741
7790.0	0.0248404
7791.0	0.025799
7792.0	0.0252745
7793.0	0.0253217
7794.0	0.0264733
7795.0	0.0248337
7796.0	0.0241691
7797.0	0.025377
7798.0	0.0252558
7799.0	0.0252428
7800.0	0.025169
7801.0	0.0247674
7802.0	0.0251561
7803.0	0.0257563
7804.0	0.0252525
7805.0	0.0265787
7806.0	0.0257548
7807.0	0.0247789
7808.0	0.0262421
7809.0	0.0260432
7810.0	0.0260603
7811.0	0.0268292
7812.0	0.0269217
7813.0	0.0265627
7814.0	0.0272331
7815.0	0.0252767
7816.0	0.0255779
7817.0	0.025878
7818.0	0.0263757
7819.0	0.0260044
7820.0	0.0249996
7821.0	0.0260427
7822.0	0.0260396
7823.0	0.0268421
7824.0	0.0277218
7825.0	0.0271025
7826.0	0.0259014
7827.0	0.0266073
7828.0	0.0263134
7829.0	0.0277273
7830.0	0.0266268
7831.0	0.0251027
7832.0	0.0270642
7833.0	0.026065
7834.0	0.02729
7835.0	0.0269869
7836.0	0.0266982
7837.0	0.0277752
7838.0	0.0270499
7839.0	0.0270448
7840.0	0.028603
7841.0	0.0297347
7842.0	0.026974
7843.0	0.026883
7844.0	0.0304025
7845.0	0.0283847
7846.0	0.0266776
7847.0	0.0262665
7848.0	0.02556
7849.0	0.0261599
7850.0	0.0283143
7851.0	0.0280327
7852.0	0.0279252
7853.0	0.0269632
7854.0	0.027288
7855.0	0.0296976
7856.0	0.0287868
7857.0	0.0284911
7858.0	0.0268736
7859.0	0.0282071
7860.0	0.0261666
7861.0	0.0277947
7862.0	0.0279129
7863.0	0.027752
7864.0	0.0276202
7865.0	0.0278548
7866.0	0.0277917
7867.0	0.0283012
7868.0	0.0274212
7869.0	0.0273469
7870.0	0.0263794
7871.0	0.0278608
7872.0	0.0278967
7873.0	0.0265839
7874.0	0.0262699
7875.0	0.0272403
7876.0	0.0271163
7877.0	0.0282049
7878.0	0.0264922
7879.0	0.027135
7880.0	0.0267752
7881.0	0.028518
7882.0	0.0259996
7883.0	0.0281032
7884.0	0.0279445
7885.0	0.0266712
7886.0	0.0266723
7887.0	0.0267659
7888.0	0.0275569
7889.0	0.0285738
7890.0	0.0273875
7891.0	0.0271179
7892.0	0.0274633
7893.0	0.0274193
7894.0	0.0266966
7895.0	0.027541
7896.0	0.0272696
7897.0	0.0264239
7898.0	0.0262661
7899.0	0.026433
7900.0	0.0272547
7901.0	0.0274172
7902.0	0.026347
7903.0	0.0271005
7904.0	0.0262844
7905.0	0.0260736
7906.0	0.0270428
7907.0	0.026165
7908.0	0.0261312
7909.0	0.0267251
7910.0	0.0258653
7911.0	0.0258594
7912.0	0.026829
7913.0	0.0277092
7914.0	0.0262779
7915.0	0.024138
7916.0	0.025634
7917.0	0.0260771
7918.0	0.0258929
7919.0	0.0252773
7920.0	0.0253356
7921.0	0.0265141
7922.0	0.0259051
7923.0	0.0251553
7924.0	0.0249204
7925.0	0.0247705
7926.0	0.023936
7927.0	0.0260815
7928.0	0.0260475
7929.0	0.0248686
7930.0	0.0246841
7931.0	0.0242839
7932.0	0.0253459
7933.0	0.0260602
7934.0	0.0253944
7935.0	0.0255434
7936.0	0.0249139
7937.0	0.0255447
7938.0	0.0253869
7939.0	0.0253476
7940.0	0.0247283
7941.0	0.0247748
7942.0	0.0250608
7943.0	0.0250189
7944.0	0.0247275
7945.0	0.0246988
7946.0	0.0243683
7947.0	0.0239488
7948.0	0.0240223
7949.0	0.0257738
7950.0	0.0250619
7951.0	0.0257678
7952.0	0.0248807
7953.0	0.0234703
7954.0	0.0231752
7955.0	0.0237255
7956.0	0.0249064
7957.0	0.0236431
7958.0	0.0228092
7959.0	0.0234703
7960.0	0.0246289
7961.0	0.0245695
7962.0	0.0243314
7963.0	0.0234723
7964.0	0.023866
7965.0	0.0245216
7966.0	0.0245699
7967.0	0.024307
7968.0	0.0244074
7969.0	0.0225271
7970.0	0.0230711
7971.0	0.0235489
7972.0	0.0238945
7973.0	0.0240461
7974.0	0.0234333
7975.0	0.0240408
7976.0	0.0223262
7977.0	0.0217641
7978.0	0.0225947
7979.0	0.0234916
7980.0	0.0224613
7981.0	0.022191
7982.0	0.0222825
7983.0	0.02175
7984.0	0.0223323
7985.0	0.023403
7986.0	0.0220962
7987.0	0.0221808
7988.0	0.0228808
7989.0	0.022512
7990.0	0.0223537
7991.0	0.0220097
7992.0	0.022899
7993.0	0.0224284
7994.0	0.0226313
7995.0	0.021416
7996.0	0.0219123
7997.0	0.0222357
7998.0	0.0230012
7999.0	0.0225226
8000.0	0.0220943
8001.0	0.0218027
8002.0	0.0217507
8003.0	0.0218602
8004.0	0.0216652
8005.0	0.0208597
8006.0	0.0206279
8007.0	0.0221771
8008.0	0.022249
8009.0	0.0214558
8010.0	0.0221181
8011.0	0.0221002
8012.0	0.0214713
8013.0	0.0210427
8014.0	0.0211037
8015.0	0.0194922
8016.0	0.0213305
8017.0	0.0213814
8018.0	0.021105
8019.0	0.0218012
8020.0	0.0217775
8021.0	0.0222289
8022.0	0.0223607
8023.0	0.0218466
8024.0	0.0198856
8025.0	0.0194368
8026.0	0.0212462
8027.0	0.0210164
8028.0	0.0198326
8029.0	0.0205863
8030.0	0.0206928
8031.0	0.0206607
8032.0	0.0202934
8033.0	0.0207963
8034.0	0.0205153
8035.0	0.019771
8036.0	0.0205071
8037.0	0.0210292
8038.0	0.020008
8039.0	0.019273
8040.0	0.0193978
8041.0	0.020307
8042.0	0.0207098
8043.0	0.0199215
8044.0	0.0194476
8045.0	0.0199914
8046.0	0.0191439
8047.0	0.018803
8048.0	0.0194804
8049.0	0.019988
8050.0	0.0197059
8051.0	0.0193273
8052.0	0.0194074
8053.0	0.0190224
8054.0	0.0195142
8055.0	0.0193569
8056.0	0.0177418
8057.0	0.018914
8058.0	0.0190829
8059.0	0.0189115
8060.0	0.0181533
8061.0	0.0192952
8062.0	0.017348
8063.0	0.0175477
8064.0	0.0188217
8065.0	0.0187397
8066.0	0.0178348
8067.0	0.0172431
8068.0	0.0173381
8069.0	0.0183234
8070.0	0.0170827
8071.0	0.0171896
8072.0	0.017714
8073.0	0.0175109
8074.0	0.0172192
8075.0	0.0179439
8076.0	0.0173576
8077.0	0.0174026
8078.0	0.017148
8079.0	0.0161321
8080.0	0.0177307
8081.0	0.0172016
8082.0	0.0172812
8083.0	0.0181483
8084.0	0.017947
8085.0	0.01711
8086.0	0.0170095
8087.0	0.0153242
8088.0	0.0179981
8089.0	0.0182364
8090.0	0.016601
8091.0	0.0160302
8092.0	0.0171741
8093.0	0.0167508
8094.0	0.01739
8095.0	0.0163473
8096.0	0.0168847
8097.0	0.0170549
8098.0	0.0172201
8099.0	0.016804
8100.0	0.0158736
8101.0	0.0159269
8102.0	0.0166423
8103.0	0.0165945
8104.0	0.0169082
8105.0	0.017096
8106.0	0.0150882
8107.0	0.0159511
8108.0	0.0169589
8109.0	0.0181896
8110.0	0.0167292
8111.0	0.0145946
8112.0	0.0169392
8113.0	0.0159694
8114.0	0.0159682
8115.0	0.0170295
8116.0	0.0166993
8117.0	0.015801
8118.0	0.0158278
8119.0	0.0172625
8120.0	0.0160956
8121.0	0.0159344
8122.0	0.015547
8123.0	0.0161185
8124.0	0.0169983
8125.0	0.0170861
8126.0	0.0155999
8127.0	0.0153476
8128.0	0.0147924
8129.0	0.0142084
8130.0	0.0159669
8131.0	0.0158402
8132.0	0.0148979
8133.0	0.0164878
8134.0	0.0154802
8135.0	0.013766
8136.0	0.0146518
8137.0	0.0160867
8138.0	0.0165625
8139.0	0.0160694
8140.0	0.01553
8141.0	0.0152475
8142.0	0.0162154
8143.0	0.0151272
8144.0	0.0161056
8145.0	0.0159074
8146.0	0.0152909
8147.0	0.0158447
8148.0	0.0140695
8149.0	0.0149856
8150.0	0.0150451
8151.0	0.0155129
8152.0	0.0155231
8153.0	0.0165115
8154.0	0.0166791
8155.0	0.0151007
8156.0	0.0150719
8157.0	0.0159355
8158.0	0.014767
8159.0	0.0151081
8160.0	0.015015
8161.0	0.0146111
8162.0	0.0150621
8163.0	0.0143546
8164.0	0.0142877
8165.0	0.0147697
8166.0	0.015768
8167.0	0.015549
8168.0	0.0149558
8169.0	0.0157251
8170.0	0.0144543
8171.0	0.0154076
8172.0	0.0152722
8173.0	0.0150792
8174.0	0.0156285
8175.0	0.0152305
8176.0	0.0145516
8177.0	0.0146324
8178.0	0.0145352
8179.0	0.0152074
8180.0	0.014638
8181.0	0.0144303
8182.0	0.014635
8183.0	0.0139689
8184.0	0.0142254
8185.0	0.0145637
8186.0	0.0148184
8187.0	0.0150503
8188.0	0.0144705
8189.0	0.0151056
8190.0	0.0159948
8191.0	0.0156492
8192.0	0.0162085
8193.0	0.0160527
8194.0	0.0143818
8195.0	0.0141082
8196.0	0.01388
8197.0	0.013422
8198.0	0.0141507
8199.0	0.0135543
8200.0	0.0138488
8201.0	0.0138206
8202.0	0.0145893
8203.0	0.014158
8204.0	0.0152419
8205.0	0.0145562
8206.0	0.0148376
8207.0	0.0146551
8208.0	0.0143108
8209.0	0.0152868
8210.0	0.0150095
8211.0	0.0137284
8212.0	0.0141313
8213.0	0.0150452
8214.0	0.0142663
8215.0	0.0145012
8216.0	0.014769
8217.0	0.0142246
8218.0	0.0138861
8219.0	0.0133592
8220.0	0.0139508
8221.0	0.0140573
8222.0	0.0136148
8223.0	0.0138203
8224.0	0.0134839
8225.0	0.0128559
8226.0	0.0132565
8227.0	0.0138825
8228.0	0.0137846
8229.0	0.0132725
8230.0	0.0124329
8231.0	0.013558
8232.0	0.0141757
8233.0	0.0125148
8234.0	0.0127783
8235.0	0.0130297
8236.0	0.0131612
8237.0	0.0128276
8238.0	0.0128136
8239.0	0.0126242
8240.0	0.0124267
8241.0	0.0119382
8242.0	0.0124417
8243.0	0.0127071
8244.0	0.0125806
8245.0	0.0140558
8246.0	0.0129618
8247.0	0.0124467
8248.0	0.011826
8249.0	0.012
8250.0	0.0120341
8251.0	0.0115708
8252.0	0.0112684
8253.0	0.0120339
8254.0	0.010283
8255.0	0.0108295
8256.0	0.0110994
8257.0	0.0110984
8258.0	0.0111811
8259.0	0.0102047
8260.0	0.0111747
8261.0	0.0105988
8262.0	0.0108299
8263.0	0.0102311
8264.0	0.0101903
8265.0	0.00862301
8266.0	0.00933079
8267.0	0.0101453
8268.0	0.00967295
8269.0	0.00961702
8270.0	0.0104254
8271.0	0.00954777
8272.0	0.0094985
8273.0	0.00965998
8274.0	0.00862813
8275.0	0.00851714
8276.0	0.00940698
8277.0	0.00881971
8278.0	0.00850928
8279.0	0.00883072
8280.0	0.00876001
8281.0	0.00811377
8282.0	0.00777971
8283.0	0.00799209
8284.0	0.00781708
8285.0	0.00847004
8286.0	0.00782286
8287.0	0.00735994
8288.0	0.00954784
8289.0	0.007722
8290.0	0.00685503
8291.0	0.00715705
8292.0	0.00695728
8293.0	0.00562123
8294.0	0.00627502
8295.0	0.00692686
8296.0	0.0079476
8297.0	0.00656543
8298.0	0.00720837
8299.0	0.00918611
8300.0	0.00690588
8301.0	0.00712672
8302.0	0.00627002
8303.0	0.00525628
8304.0	0.00641125
8305.0	0.00746224
8306.0	0.00631565
8307.0	0.00571139
8308.0	0.00580887
8309.0	0.0055973
8310.0	0.00613457
8311.0	0.00622797
8312.0	0.00555871
8313.0	0.00457967
8314.0	0.00617039
8315.0	0.00495686
8316.0	0.00471936
8317.0	0.00508484
8318.0	0.00545199
8319.0	0.00437802
8320.0	0.00594305
8321.0	0.0051778
8322.0	0.00559707
8323.0	0.00475749
8324.0	0.00407886
8325.0	0.00493671
8326.0	0.00505211
8327.0	0.00454857
8328.0	0.00469069
8329.0	0.00402591
8330.0	0.0047576
8331.0	0.00447736
8332.0	0.00482781
8333.0	0.00390566
8334.0	0.0048565
8335.0	0.00371174
8336.0	0.00440131
8337.0	0.00409287
8338.0	0.00347416
8339.0	0.00387216
8340.0	0.00454162
8341.0	0.00474971
8342.0	0.00385347
8343.0	0.00285456
8344.0	0.00595261
8345.0	0.00481507
8346.0	0.00286525
8347.0	0.0042831
8348.0	0.00464921
8349.0	0.00354111
8350.0	0.00382576
8351.0	0.00368206
8352.0	0.00366196
8353.0	0.00411923
8354.0	0.00446522
8355.0	0.00403934
8356.0	0.00438073
8357.0	0.00346169
8358.0	0.00320634
8359.0	0.00261595
8360.0	0.00395624
8361.0	0.00407952
8362.0	0.00342992
8363.0	0.00289387
8364.0	0.00404192
8365.0	0.00351373
8366.0	0.00323324
8367.0	0.00303159
8368.0	0.00368206
8369.0	0.00338389
8370.0	0.00386002
8371.0	0.00314138
8372.0	0.00291787
8373.0	0.0030202
8374.0	0.00436413
8375.0	0.00361735
8376.0	0.00263227
8377.0	0.00339486
8378.0	0.00302525
8379.0	0.00323313
8380.0	0.00322629
8381.0	0.00357148
8382.0	0.004216
8383.0	0.00439666
8384.0	0.00328952
8385.0	0.003196
8386.0	0.00405562
8387.0	0.00401626
8388.0	0.00323863
8389.0	0.00372923
8390.0	0.00337908
8391.0	0.00329708
8392.0	0.00355067
8393.0	0.00400302
8394.0	0.00361935
8395.0	0.00384661
8396.0	0.00420956
8397.0	0.00327912
8398.0	0.00282984
8399.0	0.00370037
8400.0	0.00377432
8401.0	0.00355228
8402.0	0.0042343
8403.0	0.00336254
8404.0	0.0036457
8405.0	0.00419136
8406.0	0.00413444
8407.0	0.00416846
8408.0	0.00403426
8409.0	0.00413774
8410.0	0.00373474
8411.0	0.00363398
8412.0	0.00407195
8413.0	0.0036601
8414.0	0.00377078
8415.0	0.00442841
8416.0	0.00420663
8417.0	0.00412575
8418.0	0.00520789
8419.0	0.00430235
8420.0	0.00399304
8421.0	0.00365584
8422.0	0.00398089
8423.0	0.00373164
8424.0	0.00397569
8425.0	0.00424425
8426.0	0.00453323
8427.0	0.00465648
8428.0	0.00471997
8429.0	0.00357855
8430.0	0.00557623
8431.0	0.00383322
8432.0	0.00429865
8433.0	0.00465843
8434.0	0.0032025
8435.0	0.00395297
8436.0	0.00454727
8437.0	0.00434828
8438.0	0.00467464
8439.0	0.00458112
8440.0	0.00470022
8441.0	0.00472611
8442.0	0.00482056
8443.0	0.00401341
8444.0	0.00498868
8445.0	0.0041133
8446.0	0.00413895
8447.0	0.00446906
8448.0	0.00463166
8449.0	0.00491095
8450.0	0.00423929
8451.0	0.00419641
8452.0	0.00507321
8453.0	0.00380382
8454.0	0.00502526
8455.0	0.00513105
8456.0	0.00517387
8457.0	0.00456473
8458.0	0.00411163
8459.0	0.00506799
8460.0	0.00524833
8461.0	0.00514859
8462.0	0.00454042
8463.0	0.00431353
8464.0	0.00485454
8465.0	0.00564645
8466.0	0.00483532
8467.0	0.00539754
8468.0	0.00572713
8469.0	0.00520798
8470.0	0.00518113
8471.0	0.00512996
8472.0	0.005393
8473.0	0.00510707
8474.0	0.00464603
8475.0	0.00448243
8476.0	0.00495104
8477.0	0.00546425
8478.0	0.00572825
8479.0	0.00575063
8480.0	0.00595475
8481.0	0.00498569
8482.0	0.00563527
8483.0	0.00559739
8484.0	0.00518417
8485.0	0.00471834
8486.0	0.00514951
8487.0	0.00528861
8488.0	0.00538039
8489.0	0.00484125
8490.0	0.00577283
8491.0	0.00484768
8492.0	0.00411899
8493.0	0.00533989
8494.0	0.00618222
8495.0	0.00529122
8496.0	0.00558525
8497.0	0.00510404
8498.0	0.00494616
8499.0	0.0055547
8500.0	0.00510168
8501.0	0.00566983
8502.0	0.00607907
8503.0	0.00489641
8504.0	0.00625842
8505.0	0.00546912
8506.0	0.00573761
8507.0	0.00623126
8508.0	0.00648814
8509.0	0.00543886
8510.0	0.00448432
8511.0	0.00462175
8512.0	0.00512572
8513.0	0.00565985
8514.0	0.00555582
8515.0	0.00554729
8516.0	0.00610593
8517.0	0.0054652
8518.0	0.0059663
8519.0	0.00604775
8520.0	0.00641186
8521.0	0.00606479
8522.0	0.00570329
8523.0	0.00611526
8524.0	0.00622426
8525.0	0.00596913
8526.0	0.00642521
8527.0	0.00643379
8528.0	0.00660365
8529.0	0.00640495
8530.0	0.00615217
8531.0	0.00649598
8532.0	0.00600075
8533.0	0.00566146
8534.0	0.00592504
8535.0	0.00604101
8536.0	0.00590477
8537.0	0.00610721
8538.0	0.00635417
8539.0	0.00606916
8540.0	0.00644885
8541.0	0.00669725
8542.0	0.00769425
8543.0	0.00639376
8544.0	0.00632618
8545.0	0.00713011
8546.0	0.0072171
8547.0	0.0073315
8548.0	0.00705376
8549.0	0.00826236
8550.0	0.00684581
8551.0	0.00706188
8552.0	0.0070279
8553.0	0.00689249
8554.0	0.00690449
8555.0	0.00680904
8556.0	0.00696046
8557.0	0.00794485
8558.0	0.00802221
8559.0	0.00735267
8560.0	0.00730611
8561.0	0.00782474
8562.0	0.00803736
8563.0	0.007601
8564.0	0.00787408
8565.0	0.00786971
8566.0	0.00873392
8567.0	0.00807187
8568.0	0.00795939
8569.0	0.00825696
8570.0	0.00883134
8571.0	0.00881757
8572.0	0.00900368
8573.0	0.00914588
8574.0	0.00850249
8575.0	0.00876393
8576.0	0.00948786
8577.0	0.00954338
8578.0	0.00929847
8579.0	0.00889877
8580.0	0.00946418
8581.0	0.00940971
8582.0	0.00885644
8583.0	0.0092176
8584.0	0.0101747
8585.0	0.0102665
8586.0	0.0102096
8587.0	0.00989948
8588.0	0.0101561
8589.0	0.00985663
8590.0	0.00964722
8591.0	0.010115
8592.0	0.00966258
8593.0	0.00953427
8594.0	0.0107931
8595.0	0.0115429
8596.0	0.0102019
8597.0	0.0103917
8598.0	0.0099405
8599.0	0.00994339
8600.0	0.0109085
8601.0	0.0112711
8602.0	0.0113263
8603.0	0.0114792
8604.0	0.0115481
8605.0	0.0108185
8606.0	0.0112585
8607.0	0.0117006
8608.0	0.0116558
8609.0	0.0125014
8610.0	0.0112535
8611.0	0.012066
8612.0	0.0112447
8613.0	0.0118702
8614.0	0.0122887
8615.0	0.0115484
8616.0	0.0113786
8617.0	0.013024
8618.0	0.0138476
8619.0	0.0135223
8620.0	0.0125517
8621.0	0.0120516
8622.0	0.0132095
8623.0	0.0124266
8624.0	0.0126896
8625.0	0.0141681
8626.0	0.0140317
8627.0	0.0144698
8628.0	0.0143335
8629.0	0.0139278
8630.0	0.0147132
8631.0	0.0146883
8632.0	0.0131114
8633.0	0.0131689
8634.0	0.0136537
8635.0	0.0125303
8636.0	0.014249
8637.0	0.0156188
8638.0	0.0154224
8639.0	0.014454
8640.0	0.014962
8641.0	0.015348
8642.0	0.0156119
8643.0	0.0142573
8644.0	0.0141488
8645.0	0.0159118
8646.0	0.0147825
8647.0	0.0146203
8648.0	0.0144208
8649.0	0.0171329
8650.0	0.0168337
8651.0	0.0154672
8652.0	0.0155172
8653.0	0.0146015
8654.0	0.0169998
8655.0	0.0164821
8656.0	0.0168799
8657.0	0.0163979
8658.0	0.0175666
8659.0	0.0175091
8660.0	0.0185251
8661.0	0.0176717
8662.0	0.018455
8663.0	0.0190934
8664.0	0.0193369
8665.0	0.0182179
8666.0	0.0190188
8667.0	0.019112
8668.0	0.0198128
8669.0	0.0210535
8670.0	0.0201735
8671.0	0.0190753
8672.0	0.0199955
8673.0	0.0215789
8674.0	0.0199057
8675.0	0.0204782
8676.0	0.0217258
8677.0	0.0201584
8678.0	0.0203751
8679.0	0.0205939
8680.0	0.0211963
8681.0	0.021699
8682.0	0.0210521
8683.0	0.0214106
8684.0	0.0218812
8685.0	0.0215618
8686.0	0.0218087
8687.0	0.0222661
8688.0	0.0214919
8689.0	0.0209662
8690.0	0.0206048
8691.0	0.0206144
8692.0	0.0221845
8693.0	0.0221493
8694.0	0.0222602
8695.0	0.0214173
8696.0	0.0211648
8697.0	0.0209444
8698.0	0.021963
8699.0	0.0219221
8700.0	0.0206213
8701.0	0.0220036
8702.0	0.021873
8703.0	0.0215719
8704.0	0.0224875
8705.0	0.0222126
8706.0	0.022128
8707.0	0.0221423
8708.0	0.021916
8709.0	0.0219681
8710.0	0.0230943
8711.0	0.021848
8712.0	0.0222633
8713.0	0.0233149
8714.0	0.0220526
8715.0	0.022589
8716.0	0.0231621
8717.0	0.0230946
8718.0	0.0218349
8719.0	0.0233956
8720.0	0.0228908
8721.0	0.0239367
8722.0	0.0233707
8723.0	0.022721
8724.0	0.0234581
8725.0	0.0232235
8726.0	0.0225505
8727.0	0.0227923
8728.0	0.0226111
8729.0	0.0232603
8730.0	0.0222392
8731.0	0.0214149
8732.0	0.0227083
8733.0	0.0237434
8734.0	0.0239459
8735.0	0.0232805
8736.0	0.0237164
8737.0	0.0228225
8738.0	0.0227364
8739.0	0.0218596
8740.0	0.0224756
8741.0	0.0225295
8742.0	0.0228124
8743.0	0.0257212
8744.0	0.0249525
8745.0	0.02388
8746.0	0.0227984
8747.0	0.0236291
8748.0	0.0239287
8749.0	0.023593
8750.0	0.022436
8751.0	0.0222336
8752.0	0.0236848
8753.0	0.023783
8754.0	0.0241842
8755.0	0.0231718
8756.0	0.0236803
8757.0	0.0233619
8758.0	0.0239793
8759.0	0.0242002
8760.0	0.0229376
8761.0	0.0249294
8762.0	0.025359
8763.0	0.024567
8764.0	0.0247566
8765.0	0.0238629
8766.0	0.0236936
8767.0	0.0266209
8768.0	0.0268787
8769.0	0.0258876
8770.0	0.0261101
8771.0	0.0233961
8772.0	0.0225823
8773.0	0.023245
8774.0	0.023701
8775.0	0.0241453
8776.0	0.0234658
8777.0	0.0233408
8778.0	0.02498
8779.0	0.0262213
8780.0	0.0239706
8781.0	0.0249996
8782.0	0.0241334
8783.0	0.0243563
8784.0	0.0239634
8785.0	0.0243286
8786.0	0.0256263
8787.0	0.0249153
8788.0	0.0243792
8789.0	0.0245413
8790.0	0.02409
8791.0	0.024921
8792.0	0.0251564
8793.0	0.0244553
8794.0	0.0244517
8795.0	0.0244718
8796.0	0.0238655
8797.0	0.024005
8798.0	0.0236927
8799.0	0.0244
8800.0	0.0252823
8801.0	0.0251952
8802.0	0.0244232
8803.0	0.0246922
8804.0	0.0248065
8805.0	0.0243248
8806.0	0.0240709
8807.0	0.0246859
8808.0	0.0258595
8809.0	0.0251834
8810.0	0.0247412
8811.0	0.0255891
8812.0	0.0244373
8813.0	0.0247034
8814.0	0.0249878
8815.0	0.0230787
8816.0	0.023178
8817.0	0.025004
8818.0	0.0234626
8819.0	0.0244908
8820.0	0.0250631
8821.0	0.024616
8822.0	0.024965
8823.0	0.0242182
8824.0	0.0237838
8825.0	0.0242163
8826.0	0.026375
8827.0	0.025876
8828.0	0.0265764
8829.0	0.0267666
8830.0	0.0267126
8831.0	0.0229945
8832.0	0.0227306
8833.0	0.02524
8834.0	0.0267634
8835.0	0.0243772
8836.0	0.0282085
8837.0	0.0276319
8838.0	0.0258249
8839.0	0.0257445
8840.0	0.0246139
8841.0	0.0246617
8842.0	0.0249489
8843.0	0.025251
8844.0	0.0254081
8845.0	0.0241357
8846.0	0.0242436
8847.0	0.0251673
8848.0	0.0250892
8849.0	0.0248965
8850.0	0.0252235
8851.0	0.0248884
8852.0	0.0248088
8853.0	0.0257392
8854.0	0.025174
8855.0	0.0248684
8856.0	0.0249056
8857.0	0.0260772
8858.0	0.0253251
8859.0	0.0248449
8860.0	0.0239184
8861.0	0.0246537
8862.0	0.0247257
8863.0	0.0245946
8864.0	0.0260356
8865.0	0.0245094
8866.0	0.0247979
8867.0	0.025755
8868.0	0.025761
8869.0	0.0264654
8870.0	0.0244
8871.0	0.0250633
8872.0	0.0261993
8873.0	0.0267559
8874.0	0.02612
8875.0	0.0267248
8876.0	0.0251121
8877.0	0.0247988
8878.0	0.0265535
8879.0	0.0264276
8880.0	0.0251981
8881.0	0.0242106
8882.0	0.0270313
8883.0	0.0272943
8884.0	0.0237237
8885.0	0.0238461
8886.0	0.0248049
8887.0	0.0258494
8888.0	0.0262777
8889.0	0.024973
8890.0	0.0249061
8891.0	0.0255296
8892.0	0.0258407
8893.0	0.0263172
8894.0	0.0253292
8895.0	0.0267467
8896.0	0.0246787
8897.0	0.0262376
8898.0	0.0264734
8899.0	0.0258835
8900.0	0.0253619
8901.0	0.0242658
8902.0	0.0246508
8903.0	0.0257438
8904.0	0.0277041
8905.0	0.0250009
8906.0	0.0267303
8907.0	0.0249407
8908.0	0.0246845
8909.0	0.0247838
8910.0	0.0263214
8911.0	0.0274852
8912.0	0.0254013
8913.0	0.0255093
8914.0	0.0263168
8915.0	0.0245962
8916.0	0.0259224
8917.0	0.0261126
8918.0	0.0242871
8919.0	0.0292505
8920.0	0.0265705
8921.0	0.0247903
8922.0	0.026393
8923.0	0.023855
8924.0	0.0246548
8925.0	0.0252921
8926.0	0.024323
8927.0	0.0247212
8928.0	0.0249052
8929.0	0.0253117
8930.0	0.0244356
8931.0	0.0239578
8932.0	0.0254586
8933.0	0.0252602
8934.0	0.0252818
8935.0	0.0251323
8936.0	0.0263324
8937.0	0.0254719
8938.0	0.0250468
8939.0	0.024958
8940.0	0.0249695
8941.0	0.026539
8942.0	0.0250407
8943.0	0.0251587
8944.0	0.0250827
8945.0	0.0239727
8946.0	0.0257216
8947.0	0.024385
8948.0	0.0243578
8949.0	0.0242933
8950.0	0.0234246
8951.0	0.0241636
8952.0	0.0251902
8953.0	0.0252428
8954.0	0.0241035
8955.0	0.02389
8956.0	0.0229512
8957.0	0.0235382
8958.0	0.0242243
8959.0	0.0242854
8960.0	0.0264193
8961.0	0.0261907
8962.0	0.0231836
8963.0	0.0243349
8964.0	0.0249002
8965.0	0.0237166
8966.0	0.0239064
8967.0	0.0251048
8968.0	0.0253632
8969.0	0.0247721
8970.0	0.0237208
8971.0	0.0244489
8972.0	0.0244885
8973.0	0.0250692
8974.0	0.0233399
8975.0	0.0236169
8976.0	0.0245081
8977.0	0.0239069
8978.0	0.0233046
8979.0	0.0237894
8980.0	0.02412
8981.0	0.022663
8982.0	0.0219094
8983.0	0.0239072
8984.0	0.0242304
8985.0	0.0247337
8986.0	0.0255899
8987.0	0.0237181
8988.0	0.0234587
8989.0	0.0228147
8990.0	0.0246581
8991.0	0.0239909
8992.0	0.0226239
8993.0	0.022893
8994.0	0.0243113
8995.0	0.0241752
8996.0	0.0247217
8997.0	0.0239485
8998.0	0.02441
8999.0	0.0235864
9000.0	0.0218813
9001.0	0.0230461
9002.0	0.0235801
9003.0	0.0251961
9004.0	0.024776
9005.0	0.0260695
9006.0	0.0266901
9007.0	0.0254387
9008.0	0.0245812
9009.0	0.0256653
9010.0	0.0235529
9011.0	0.0232744
9012.0	0.0243647
9013.0	0.023583
9014.0	0.0228394
9015.0	0.0236587
9016.0	0.0224681
9017.0	0.0217592
9018.0	0.0222687
9019.0	0.022173
9020.0	0.0232837
9021.0	0.0228398
9022.0	0.0249836
9023.0	0.0236538
9024.0	0.02336
9025.0	0.0223845
9026.0	0.0224484
9027.0	0.0210106
9028.0	0.0212531
9029.0	0.0215209
9030.0	0.0218352
9031.0	0.0229967
9032.0	0.0216295
9033.0	0.0212964
9034.0	0.0221167
9035.0	0.0228104
9036.0	0.0215481
9037.0	0.0213754
9038.0	0.0212102
9039.0	0.0239639
9040.0	0.0224621
9041.0	0.0231071
9042.0	0.0213969
9043.0	0.023232
9044.0	0.0216644
9045.0	0.0211943
9046.0	0.0209805
9047.0	0.0228906
9048.0	0.0215027
9049.0	0.0228994
9050.0	0.0231529
9051.0	0.0218717
9052.0	0.0219151
9053.0	0.0215633
9054.0	0.0215638
9055.0	0.020846
9056.0	0.0204992
9057.0	0.0212248
9058.0	0.0208769
9059.0	0.0218814
9060.0	0.0225086
9061.0	0.0205421
9062.0	0.0203722
9063.0	0.0211132
9064.0	0.0210969
9065.0	0.0204814
9066.0	0.0202371
9067.0	0.0191052
9068.0	0.0191954
9069.0	0.0202648
9070.0	0.0208572
9071.0	0.0197037
9072.0	0.019746
9073.0	0.0198628
9074.0	0.0185547
9075.0	0.0199023
9076.0	0.0190537
9077.0	0.019571
9078.0	0.0196098
9079.0	0.0194638
9080.0	0.0202125
9081.0	0.0194022
9082.0	0.0181986
9083.0	0.019713
9084.0	0.0194416
9085.0	0.0208748
9086.0	0.0194665
9087.0	0.0190648
9088.0	0.0185313
9089.0	0.018988
9090.0	0.0183517
9091.0	0.0177999
9092.0	0.0189143
9093.0	0.0194527
9094.0	0.0191371
9095.0	0.017885
9096.0	0.0176083
9097.0	0.0186438
9098.0	0.0196614
9099.0	0.0195996
9100.0	0.0187329
9101.0	0.0192298
9102.0	0.0194541
9103.0	0.0198378
9104.0	0.019066
9105.0	0.0187395
9106.0	0.0187409
9107.0	0.0181052
9108.0	0.0185704
9109.0	0.0186497
9110.0	0.0185709
9111.0	0.0182628
9112.0	0.0179855
9113.0	0.0177557
9114.0	0.0186304
9115.0	0.0187128
9116.0	0.0183276
9117.0	0.0180948
9118.0	0.0170085
9119.0	0.0175482
9120.0	0.0164791
9121.0	0.0170626
9122.0	0.016794
9123.0	0.017155
9124.0	0.0170085
9125.0	0.0173065
9126.0	0.017682
9127.0	0.0173926
9128.0	0.0182696
9129.0	0.0153719
9130.0	0.01553
9131.0	0.0165528
9132.0	0.0177498
9133.0	0.0167107
9134.0	0.017169
9135.0	0.0158907
9136.0	0.0171376
9137.0	0.0176106
9138.0	0.0169588
9139.0	0.0150926
9140.0	0.0152741
9141.0	0.0169327
9142.0	0.0163748
9143.0	0.0159046
9144.0	0.0157185
9145.0	0.0165966
9146.0	0.0175766
9147.0	0.0158211
9148.0	0.015017
9149.0	0.0164325
9150.0	0.0161726
9151.0	0.0173166
9152.0	0.0161708
9153.0	0.0149806
9154.0	0.0147451
9155.0	0.0162537
9156.0	0.0158512
9157.0	0.0157701
9158.0	0.0167622
9159.0	0.0160312
9160.0	0.0144769
9161.0	0.0167744
9162.0	0.0157852
9163.0	0.016282
9164.0	0.0169105
9165.0	0.017266
9166.0	0.0166177
9167.0	0.0154385
9168.0	0.015613
9169.0	0.01472
9170.0	0.0153068
9171.0	0.0157928
9172.0	0.015232
9173.0	0.0157276
9174.0	0.0159839
9175.0	0.0165926
9176.0	0.0158895
9177.0	0.0152525
9178.0	0.0159341
9179.0	0.015666
9180.0	0.0150978
9181.0	0.0158548
9182.0	0.0153294
9183.0	0.0156522
9184.0	0.0159068
9185.0	0.0158786
9186.0	0.0153037
9187.0	0.0165259
9188.0	0.0162838
9189.0	0.0152335
9190.0	0.0155714
9191.0	0.0154788
9192.0	0.0150318
9193.0	0.0148066
9194.0	0.0151927
9195.0	0.014764
9196.0	0.0151805
9197.0	0.0151791
9198.0	0.0145709
9199.0	0.0149726
9200.0	0.015791
9201.0	0.0155801
9202.0	0.0156854
9203.0	0.0153401
9204.0	0.0154209
9205.0	0.0162949
9206.0	0.0163961
9207.0	0.0164743
9208.0	0.0163356
9209.0	0.0150282
9210.0	0.0148629
9211.0	0.0156098
9212.0	0.0147171
9213.0	0.0154947
9214.0	0.0164766
9215.0	0.0153674
9216.0	0.0155693
9217.0	0.0158495
9218.0	0.0151922
9219.0	0.0146178
9220.0	0.015943
9221.0	0.0169144
9222.0	0.0177328
9223.0	0.0168455
9224.0	0.0162038
9225.0	0.0156913
9226.0	0.0159963
9227.0	0.0159117
9228.0	0.0159914
9229.0	0.0163255
9230.0	0.0155802
9231.0	0.0163827
9232.0	0.0153123
9233.0	0.0145239
9234.0	0.0155484
9235.0	0.015157
9236.0	0.0156432
9237.0	0.0145759
9238.0	0.0142241
9239.0	0.0150136
9240.0	0.0161935
9241.0	0.0152168
9242.0	0.0142656
9243.0	0.0154246
9244.0	0.0158804
9245.0	0.014749
9246.0	0.0150936
9247.0	0.0157788
9248.0	0.0152877
9249.0	0.0147141
9250.0	0.0140637
9251.0	0.0152788
9252.0	0.0147899
9253.0	0.0157668
9254.0	0.0163315
9255.0	0.0160832
9256.0	0.0151834
9257.0	0.0162412
9258.0	0.0165308
9259.0	0.0155018
9260.0	0.0147575
9261.0	0.0150482
9262.0	0.0133618
9263.0	0.0147181
9264.0	0.0158438
9265.0	0.0145497
9266.0	0.0149408
9267.0	0.0151769
9268.0	0.0156939
9269.0	0.0145998
9270.0	0.0147164
9271.0	0.0159678
9272.0	0.0155329
9273.0	0.0147312
9274.0	0.0155766
9275.0	0.0154633
9276.0	0.0163526
9277.0	0.0151736
9278.0	0.0145393
9279.0	0.0146881
9280.0	0.013602
9281.0	0.0153504
9282.0	0.0161744
9283.0	0.0159494
9284.0	0.0155648
9285.0	0.0152445
9286.0	0.0159815
9287.0	0.015048
9288.0	0.0160047
9289.0	0.0153237
9290.0	0.0154715
9291.0	0.0155282
9292.0	0.01499
9293.0	0.013878
9294.0	0.0150772
9295.0	0.0161628
9296.0	0.0160654
9297.0	0.015475
9298.0	0.0155839
9299.0	0.0148611
9300.0	0.0144819
9301.0	0.0151153
9302.0	0.0148142
9303.0	0.0136567
9304.0	0.015853
9305.0	0.0149824
9306.0	0.016414
9307.0	0.0163573
9308.0	0.0146165
9309.0	0.016788
9310.0	0.0164882
9311.0	0.0139786
9312.0	0.0154257
9313.0	0.0148156
9314.0	0.0146417
9315.0	0.0160463
9316.0	0.0169543
9317.0	0.0145978
9318.0	0.0146751
9319.0	0.0174773
9320.0	0.0156067
9321.0	0.0152571
9322.0	0.0138073
9323.0	0.0148337
9324.0	0.0165415
9325.0	0.0152422
9326.0	0.0151493
9327.0	0.0155387
9328.0	0.015654
9329.0	0.016164
9330.0	0.015931
9331.0	0.0158929
9332.0	0.0154323
9333.0	0.0153274
9334.0	0.0140411
9335.0	0.0138778
9336.0	0.0142519
9337.0	0.0152144
9338.0	0.0151133
9339.0	0.0146888
9340.0	0.0145046
9341.0	0.0163162
9342.0	0.0147361
9343.0	0.0155856
9344.0	0.01426
9345.0	0.0154541
9346.0	0.0161038
9347.0	0.0169059
9348.0	0.0169539
9349.0	0.0146144
9350.0	0.0149732
9351.0	0.0158454
9352.0	0.0154733
9353.0	0.0158628
9354.0	0.0159109
9355.0	0.0155329
9356.0	0.0154158
9357.0	0.0151624
9358.0	0.0144409
9359.0	0.0138329
9360.0	0.0157016
9361.0	0.0160561
9362.0	0.0145576
9363.0	0.0126859
9364.0	0.0155419
9365.0	0.0156255
9366.0	0.0141762
9367.0	0.014363
9368.0	0.0159052
9369.0	0.0155425
9370.0	0.0139144
9371.0	0.0147025
9372.0	0.0152849
9373.0	0.0145763
9374.0	0.0138421
9375.0	0.0138028
9376.0	0.0166676
9377.0	0.0184176
9378.0	0.0197319
9379.0	0.016058
9380.0	0.014553
9381.0	0.0156094
9382.0	0.0154282
9383.0	0.0147278
9384.0	0.0140709
9385.0	0.0135605
9386.0	0.0154764
9387.0	0.014913
9388.0	0.0158881
9389.0	0.0132741
9390.0	0.0139357
9391.0	0.0150155
9392.0	0.0143028
9393.0	0.0152403
9394.0	0.0151886
9395.0	0.0142733
9396.0	0.01548
9397.0	0.0149725
9398.0	0.0156815
9399.0	0.0162074
9400.0	0.015989
9401.0	0.0164792
9402.0	0.0178212
9403.0	0.0161639
9404.0	0.0167972
9405.0	0.0187038
9406.0	0.0152612
9407.0	0.0145577
9408.0	0.0152149
9409.0	0.0154905
9410.0	0.0150461
9411.0	0.0149055
9412.0	0.0149405
9413.0	0.0142395
9414.0	0.0153596
9415.0	0.0147904
9416.0	0.0149116
9417.0	0.0152903
9418.0	0.0154151
9419.0	0.0152795
9420.0	0.0157231
9421.0	0.015205
9422.0	0.0141986
9423.0	0.0149883
9424.0	0.0145957
9425.0	0.0140154
9426.0	0.0148248
9427.0	0.0151284
9428.0	0.0145451
9429.0	0.0150125
9430.0	0.0160613
9431.0	0.0141286
9432.0	0.01494
9433.0	0.0153954
9434.0	0.0142111
9435.0	0.0148002
9436.0	0.0150559
9437.0	0.0148246
9438.0	0.015337
9439.0	0.0156707
9440.0	0.0157603
9441.0	0.0171655
9442.0	0.0178405
9443.0	0.0143315
9444.0	0.0141915
9445.0	0.0150137
9446.0	0.0153281
9447.0	0.0153026
9448.0	0.0157768
9449.0	0.0147172
9450.0	0.0152904
9451.0	0.0158756
9452.0	0.0156891
9453.0	0.015977
9454.0	0.0150028
9455.0	0.0151387
9456.0	0.0144551
9457.0	0.0141531
9458.0	0.0175804
9459.0	0.01396
9460.0	0.0127862
9461.0	0.0151816
9462.0	0.0161821
9463.0	0.0145211
9464.0	0.0138327
9465.0	0.0137289
9466.0	0.0131259
9467.0	0.0138154
9468.0	0.0145168
9469.0	0.0133626
9470.0	0.0124716
9471.0	0.0136768
9472.0	0.0147531
9473.0	0.0149479
9474.0	0.0138293
9475.0	0.0124514
9476.0	0.0164776
9477.0	0.0170834
9478.0	0.0141788
9479.0	0.0158629
9480.0	0.0148341
9481.0	0.0127374
9482.0	0.0152826
9483.0	0.0144205
9484.0	0.0141671
9485.0	0.0128951
9486.0	0.0131487
9487.0	0.0138974
9488.0	0.0134
9489.0	0.0131313
9490.0	0.0140409
9491.0	0.0155506
9492.0	0.0145882
9493.0	0.0123691
9494.0	0.0135993
9495.0	0.0140028
9496.0	0.013151
9497.0	0.0144412
9498.0	0.0142696
9499.0	0.0136371
9500.0	0.0140472
9501.0	0.0126115
9502.0	0.0137833
9503.0	0.0145852
9504.0	0.0148599
9505.0	0.0128195
9506.0	0.0130924
9507.0	0.0142674
9508.0	0.0137322
9509.0	0.0137817
9510.0	0.014249
9511.0	0.0134423
9512.0	0.013377
9513.0	0.0139275
9514.0	0.0143592
9515.0	0.0135885
9516.0	0.014155
9517.0	0.0136603
9518.0	0.0139888
9519.0	0.0151289
9520.0	0.0166671
9521.0	0.0148898
9522.0	0.0150882
9523.0	0.0132821
9524.0	0.0142466
9525.0	0.0141964
9526.0	0.0132061
9527.0	0.0127315
9528.0	0.0133659
9529.0	0.0135696
9530.0	0.012501
9531.0	0.0122168
9532.0	0.0135072
9533.0	0.0139788
9534.0	0.0143772
9535.0	0.0137742
9536.0	0.0142745
9537.0	0.0149235
9538.0	0.0150925
9539.0	0.0156298
9540.0	0.0157175
9541.0	0.0167507
9542.0	0.0158191
9543.0	0.0165624
9544.0	0.0152194
9545.0	0.0136035
9546.0	0.0121372
9547.0	0.0133599
9548.0	0.0128436
9549.0	0.0145074
9550.0	0.014436
9551.0	0.0145443
9552.0	0.0148078
9553.0	0.0142787
9554.0	0.0132496
9555.0	0.0133094
9556.0	0.0133227
9557.0	0.0146837
9558.0	0.0138663
9559.0	0.013254
9560.0	0.0129662
9561.0	0.0126578
9562.0	0.0147015
9563.0	0.0141719
9564.0	0.0143615
9565.0	0.0145487
9566.0	0.0133885
9567.0	0.0143921
9568.0	0.0136731
9569.0	0.0143817
9570.0	0.0117878
9571.0	0.0129524
9572.0	0.0122124
9573.0	0.0127342
9574.0	0.0133578
9575.0	0.0129137
9576.0	0.01397
9577.0	0.0141188
9578.0	0.0140249
9579.0	0.012422
9580.0	0.0123198
9581.0	0.0134267
9582.0	0.0122514
9583.0	0.0116119
9584.0	0.0124181
9585.0	0.0145419
9586.0	0.0150179
9587.0	0.0143213
9588.0	0.0154358
9589.0	0.0159159
9590.0	0.0140491
9591.0	0.0135745
9592.0	0.0124998
9593.0	0.0138729
9594.0	0.0119165
9595.0	0.0135092
9596.0	0.0142372
9597.0	0.0137922
9598.0	0.0147063
9599.0	0.0131287
9600.0	0.0129623
9601.0	0.0141832
9602.0	0.014303
9603.0	0.0136344
9604.0	0.0135799
9605.0	0.0118779
9606.0	0.0133214
9607.0	0.0138078
9608.0	0.0141889
9609.0	0.0138464
9610.0	0.0135806
9611.0	0.0133013
9612.0	0.0141903
9613.0	0.0134626
9614.0	0.0136935
9615.0	0.0148083
9616.0	0.0148601
9617.0	0.0139887
9618.0	0.0145192
9619.0	0.015
9620.0	0.012808
9621.0	0.0141985
9622.0	0.0135039
9623.0	0.0136455
9624.0	0.0149281
9625.0	0.0142013
9626.0	0.01341
9627.0	0.0133995
9628.0	0.0131547
9629.0	0.0142528
9630.0	0.0143891
