#	 asassn15il 
#	 UT date of observation: 20150517 
#	 Telescope/Instrument: SOAR/Goodman 
#	 Estimated Peak MJD: 57161.438 
#	 Estimated redshift: 0.023 
#	 Estimated Phase: -2.4 
#	 Published in Dettman et al. 2020 
#	 Observed barycentric wavelength (Angstroms)    F_lambda
3250.0	1.918342e-15
3252.0	1.975178e-15
3254.0	1.911113e-15
3256.0	1.880634e-15
3258.0	1.685681e-15
3260.0	1.602415e-15
3262.0	1.668784e-15
3264.0	1.588584e-15
3266.0	1.672648e-15
3268.0	1.776314e-15
3270.0	1.646162e-15
3272.0	1.780736e-15
3274.0	2.01765e-15
3276.0	1.800544e-15
3278.0	1.617408e-15
3280.0	1.635539e-15
3282.0	1.551953e-15
3284.0	1.653034e-15
3286.0	1.768096e-15
3288.0	1.71622e-15
3290.0	1.665088e-15
3292.0	1.412163e-15
3294.0	1.326163e-15
3296.0	1.682067e-15
3298.0	2.081322e-15
3300.0	1.991206e-15
3302.0	1.684908e-15
3304.0	1.805756e-15
3306.0	1.736362e-15
3308.0	1.586909e-15
3310.0	1.534433e-15
3312.0	1.415877e-15
3314.0	1.404465e-15
3316.0	1.588307e-15
3318.0	1.536218e-15
3320.0	1.597672e-15
3322.0	1.68984e-15
3324.0	1.574791e-15
3326.0	1.604535e-15
3328.0	1.572185e-15
3330.0	1.551896e-15
3332.0	1.706712e-15
3334.0	1.691325e-15
3336.0	1.563643e-15
3338.0	1.532603e-15
3340.0	1.669623e-15
3342.0	1.655531e-15
3344.0	1.577271e-15
3346.0	1.591398e-15
3348.0	1.545742e-15
3350.0	1.534604e-15
3352.0	1.575141e-15
3354.0	1.574399e-15
3356.0	1.600471e-15
3358.0	1.80798e-15
3360.0	1.755302e-15
3362.0	1.669917e-15
3364.0	1.727346e-15
3366.0	1.797695e-15
3368.0	1.899991e-15
3370.0	1.911283e-15
3372.0	2.015953e-15
3374.0	1.779843e-15
3376.0	1.821366e-15
3378.0	1.995154e-15
3380.0	2.158705e-15
3382.0	2.16023e-15
3384.0	1.97562e-15
3386.0	2.05544e-15
3388.0	2.244524e-15
3390.0	2.048701e-15
3392.0	2.092594e-15
3394.0	2.322649e-15
3396.0	2.313897e-15
3398.0	2.275623e-15
3400.0	2.176768e-15
3402.0	2.043697e-15
3404.0	2.169528e-15
3406.0	2.226325e-15
3408.0	2.17544e-15
3410.0	2.119795e-15
3412.0	2.085449e-15
3414.0	1.917458e-15
3416.0	1.866954e-15
3418.0	1.831758e-15
3420.0	1.818343e-15
3422.0	1.711211e-15
3424.0	1.740773e-15
3426.0	1.78059e-15
3428.0	1.640504e-15
3430.0	1.58533e-15
3432.0	1.533081e-15
3434.0	1.542631e-15
3436.0	1.586609e-15
3438.0	1.614397e-15
3440.0	1.587729e-15
3442.0	1.526521e-15
3444.0	1.527222e-15
3446.0	1.62855e-15
3448.0	1.698364e-15
3450.0	1.659859e-15
3452.0	1.593316e-15
3454.0	1.648037e-15
3456.0	1.643707e-15
3458.0	1.63526e-15
3460.0	1.687036e-15
3462.0	1.673377e-15
3464.0	1.652051e-15
3466.0	1.698654e-15
3468.0	1.717322e-15
3470.0	1.75623e-15
3472.0	1.81479e-15
3474.0	1.845684e-15
3476.0	1.912248e-15
3478.0	1.971941e-15
3480.0	2.00666e-15
3482.0	2.054068e-15
3484.0	2.259177e-15
3486.0	2.264885e-15
3488.0	2.244328e-15
3490.0	2.319977e-15
3492.0	2.406171e-15
3494.0	2.401069e-15
3496.0	2.422368e-15
3498.0	2.529086e-15
3500.0	2.543439e-15
3502.0	2.538583e-15
3504.0	2.599053e-15
3506.0	2.712209e-15
3508.0	2.777472e-15
3510.0	2.849801e-15
3512.0	2.702818e-15
3514.0	2.685189e-15
3516.0	2.871274e-15
3518.0	2.829304e-15
3520.0	2.881901e-15
3522.0	2.79572e-15
3524.0	2.902853e-15
3526.0	2.890421e-15
3528.0	2.816483e-15
3530.0	2.865841e-15
3532.0	2.796086e-15
3534.0	2.84845e-15
3536.0	2.876946e-15
3538.0	2.889334e-15
3540.0	2.745896e-15
3542.0	2.739513e-15
3544.0	2.805445e-15
3546.0	2.699199e-15
3548.0	2.703581e-15
3550.0	2.742269e-15
3552.0	2.753809e-15
3554.0	2.686141e-15
3556.0	2.763639e-15
3558.0	2.838616e-15
3560.0	2.864736e-15
3562.0	2.916754e-15
3564.0	2.832855e-15
3566.0	2.791262e-15
3568.0	2.855952e-15
3570.0	2.899593e-15
3572.0	2.922917e-15
3574.0	2.910003e-15
3576.0	2.962914e-15
3578.0	2.900838e-15
3580.0	2.956947e-15
3582.0	3.011831e-15
3584.0	2.980015e-15
3586.0	2.888482e-15
3588.0	2.972217e-15
3590.0	3.00548e-15
3592.0	2.955352e-15
3594.0	2.892133e-15
3596.0	2.871621e-15
3598.0	2.857692e-15
3600.0	2.92423e-15
3602.0	2.975349e-15
3604.0	2.947481e-15
3606.0	3.013353e-15
3608.0	3.029435e-15
3610.0	2.977765e-15
3612.0	3.051109e-15
3614.0	3.117363e-15
3616.0	3.09171e-15
3618.0	3.093094e-15
3620.0	3.186576e-15
3622.0	3.178965e-15
3624.0	3.087329e-15
3626.0	3.161844e-15
3628.0	3.17838e-15
3630.0	3.126595e-15
3632.0	3.146877e-15
3634.0	3.154635e-15
3636.0	3.212034e-15
3638.0	3.255421e-15
3640.0	3.253863e-15
3642.0	3.249267e-15
3644.0	3.235545e-15
3646.0	3.262232e-15
3648.0	3.268465e-15
3650.0	3.274365e-15
3652.0	3.308013e-15
3654.0	3.25693e-15
3656.0	3.23187e-15
3658.0	3.226451e-15
3660.0	3.231356e-15
3662.0	3.245097e-15
3664.0	3.228479e-15
3666.0	3.150989e-15
3668.0	3.168393e-15
3670.0	3.183668e-15
3672.0	3.198039e-15
3674.0	3.223997e-15
3676.0	3.237195e-15
3678.0	3.141824e-15
3680.0	3.080067e-15
3682.0	3.157859e-15
3684.0	3.199011e-15
3686.0	3.15141e-15
3688.0	3.14098e-15
3690.0	3.091904e-15
3692.0	3.070959e-15
3694.0	3.079911e-15
3696.0	3.058236e-15
3698.0	3.023353e-15
3700.0	2.951524e-15
3702.0	2.893169e-15
3704.0	2.904816e-15
3706.0	2.787408e-15
3708.0	2.72579e-15
3710.0	2.763927e-15
3712.0	2.747861e-15
3714.0	2.672312e-15
3716.0	2.556574e-15
3718.0	2.505165e-15
3720.0	2.530714e-15
3722.0	2.453156e-15
3724.0	2.357007e-15
3726.0	2.269565e-15
3728.0	2.179905e-15
3730.0	2.14798e-15
3732.0	2.061548e-15
3734.0	1.996571e-15
3736.0	1.981952e-15
3738.0	1.937313e-15
3740.0	1.866125e-15
3742.0	1.853359e-15
3744.0	1.844819e-15
3746.0	1.793028e-15
3748.0	1.711389e-15
3750.0	1.672984e-15
3752.0	1.651326e-15
3754.0	1.68725e-15
3756.0	1.662926e-15
3758.0	1.607124e-15
3760.0	1.578247e-15
3762.0	1.488034e-15
3764.0	1.44645e-15
3766.0	1.424037e-15
3768.0	1.42312e-15
3770.0	1.449991e-15
3772.0	1.442292e-15
3774.0	1.375167e-15
3776.0	1.35106e-15
3778.0	1.346719e-15
3780.0	1.334918e-15
3782.0	1.320798e-15
3784.0	1.329479e-15
3786.0	1.36566e-15
3788.0	1.324126e-15
3790.0	1.291011e-15
3792.0	1.297161e-15
3794.0	1.318769e-15
3796.0	1.357042e-15
3798.0	1.359093e-15
3800.0	1.352335e-15
3802.0	1.367064e-15
3804.0	1.377056e-15
3806.0	1.392523e-15
3808.0	1.442712e-15
3810.0	1.463631e-15
3812.0	1.504612e-15
3814.0	1.616138e-15
3816.0	1.696646e-15
3818.0	1.716275e-15
3820.0	1.702203e-15
3822.0	1.715383e-15
3824.0	1.76713e-15
3826.0	1.814121e-15
3828.0	1.850581e-15
3830.0	1.894749e-15
3832.0	1.930518e-15
3834.0	1.946684e-15
3836.0	1.947376e-15
3838.0	1.935843e-15
3840.0	1.930037e-15
3842.0	1.925556e-15
3844.0	1.949239e-15
3846.0	1.96522e-15
3848.0	1.958506e-15
3850.0	1.952366e-15
3852.0	1.928811e-15
3854.0	1.92501e-15
3856.0	1.924156e-15
3858.0	1.903393e-15
3860.0	1.918199e-15
3862.0	1.917169e-15
3864.0	1.904103e-15
3866.0	1.905696e-15
3868.0	1.874501e-15
3870.0	1.873746e-15
3872.0	1.896052e-15
3874.0	1.878194e-15
3876.0	1.850433e-15
3878.0	1.814766e-15
3880.0	1.787368e-15
3882.0	1.79894e-15
3884.0	1.785985e-15
3886.0	1.787107e-15
3888.0	1.802927e-15
3890.0	1.797705e-15
3892.0	1.829879e-15
3894.0	1.872909e-15
3896.0	1.867297e-15
3898.0	1.885689e-15
3900.0	1.920804e-15
3902.0	1.913946e-15
3904.0	1.909934e-15
3906.0	1.942792e-15
3908.0	1.978014e-15
3910.0	1.995457e-15
3912.0	2.016136e-15
3914.0	2.043239e-15
3916.0	2.122437e-15
3918.0	2.186921e-15
3920.0	2.21379e-15
3922.0	2.261761e-15
3924.0	2.301291e-15
3926.0	2.345573e-15
3928.0	2.402463e-15
3930.0	2.425687e-15
3932.0	2.425165e-15
3934.0	2.454884e-15
3936.0	2.515594e-15
3938.0	2.62689e-15
3940.0	2.749543e-15
3942.0	2.799611e-15
3944.0	2.816919e-15
3946.0	2.844264e-15
3948.0	2.889213e-15
3950.0	2.929169e-15
3952.0	2.958679e-15
3954.0	2.975044e-15
3956.0	3.000764e-15
3958.0	3.05965e-15
3960.0	3.076105e-15
3962.0	3.084456e-15
3964.0	3.075922e-15
3966.0	3.034696e-15
3968.0	3.039931e-15
3970.0	3.050796e-15
3972.0	3.076667e-15
3974.0	3.110171e-15
3976.0	3.108892e-15
3978.0	3.112217e-15
3980.0	3.127117e-15
3982.0	3.136358e-15
3984.0	3.169333e-15
3986.0	3.186006e-15
3988.0	3.203802e-15
3990.0	3.246743e-15
3992.0	3.297681e-15
3994.0	3.303516e-15
3996.0	3.297691e-15
3998.0	3.312554e-15
4000.0	3.353937e-15
4002.0	3.41635e-15
4004.0	3.463466e-15
4006.0	3.463204e-15
4008.0	3.414774e-15
4010.0	3.424784e-15
4012.0	3.498503e-15
4014.0	3.551486e-15
4016.0	3.562247e-15
4018.0	3.58736e-15
4020.0	3.600492e-15
4022.0	3.499225e-15
4024.0	3.436425e-15
4026.0	3.444322e-15
4028.0	3.480206e-15
4030.0	3.535226e-15
4032.0	3.559094e-15
4034.0	3.569537e-15
4036.0	3.584843e-15
4038.0	3.579802e-15
4040.0	3.51364e-15
4042.0	3.511563e-15
4044.0	3.502924e-15
4046.0	3.480699e-15
4048.0	3.476713e-15
4050.0	3.43016e-15
4052.0	3.394617e-15
4054.0	3.39227e-15
4056.0	3.345526e-15
4058.0	3.283326e-15
4060.0	3.266742e-15
4062.0	3.214394e-15
4064.0	3.130744e-15
4066.0	3.190582e-15
4068.0	3.212002e-15
4070.0	3.235823e-15
4072.0	3.201008e-15
4074.0	3.178324e-15
4076.0	3.164096e-15
4078.0	3.180755e-15
4080.0	3.165224e-15
4082.0	3.189478e-15
4084.0	3.208384e-15
4086.0	3.232571e-15
4088.0	3.255313e-15
4090.0	3.248987e-15
4092.0	3.265291e-15
4094.0	3.301133e-15
4096.0	3.298862e-15
4098.0	3.314107e-15
4100.0	3.334999e-15
4102.0	3.327719e-15
4104.0	3.39891e-15
4106.0	3.401147e-15
4108.0	3.439932e-15
4110.0	3.480302e-15
4112.0	3.466138e-15
4114.0	3.493981e-15
4116.0	3.516352e-15
4118.0	3.494532e-15
4120.0	3.505849e-15
4122.0	3.485558e-15
4124.0	3.538913e-15
4126.0	3.491423e-15
4128.0	3.55771e-15
4130.0	3.570993e-15
4132.0	3.589199e-15
4134.0	3.611033e-15
4136.0	3.57853e-15
4138.0	3.619209e-15
4140.0	3.633565e-15
4142.0	3.632599e-15
4144.0	3.639986e-15
4146.0	3.654337e-15
4148.0	3.674233e-15
4150.0	3.685721e-15
4152.0	3.635767e-15
4154.0	3.650928e-15
4156.0	3.697771e-15
4158.0	3.681993e-15
4160.0	3.697829e-15
4162.0	3.686557e-15
4164.0	3.64602e-15
4166.0	3.648136e-15
4168.0	3.621962e-15
4170.0	3.595903e-15
4172.0	3.600755e-15
4174.0	3.610212e-15
4176.0	3.618207e-15
4178.0	3.602963e-15
4180.0	3.547799e-15
4182.0	3.585078e-15
4184.0	3.630449e-15
4186.0	3.559124e-15
4188.0	3.523918e-15
4190.0	3.455844e-15
4192.0	3.471041e-15
4194.0	3.472256e-15
4196.0	3.443337e-15
4198.0	3.388263e-15
4200.0	3.355906e-15
4202.0	3.300901e-15
4204.0	3.259098e-15
4206.0	3.279273e-15
4208.0	3.278023e-15
4210.0	3.255878e-15
4212.0	3.223158e-15
4214.0	3.226053e-15
4216.0	3.25038e-15
4218.0	3.232291e-15
4220.0	3.207301e-15
4222.0	3.197709e-15
4224.0	3.181667e-15
4226.0	3.153722e-15
4228.0	3.13961e-15
4230.0	3.140896e-15
4232.0	3.110565e-15
4234.0	3.099438e-15
4236.0	3.092706e-15
4238.0	3.090295e-15
4240.0	3.089625e-15
4242.0	3.055596e-15
4244.0	3.064701e-15
4246.0	3.079409e-15
4248.0	3.12319e-15
4250.0	3.122152e-15
4252.0	3.071037e-15
4254.0	3.067726e-15
4256.0	3.03168e-15
4258.0	3.019542e-15
4260.0	3.027442e-15
4262.0	2.985678e-15
4264.0	2.977469e-15
4266.0	2.95912e-15
4268.0	2.917332e-15
4270.0	2.864212e-15
4272.0	2.825308e-15
4274.0	2.823446e-15
4276.0	2.825022e-15
4278.0	2.791606e-15
4280.0	2.736678e-15
4282.0	2.713839e-15
4284.0	2.689338e-15
4286.0	2.66619e-15
4288.0	2.675692e-15
4290.0	2.662743e-15
4292.0	2.616716e-15
4294.0	2.577279e-15
4296.0	2.549997e-15
4298.0	2.515395e-15
4300.0	2.493103e-15
4302.0	2.474597e-15
4304.0	2.45261e-15
4306.0	2.451987e-15
4308.0	2.429237e-15
4310.0	2.392029e-15
4312.0	2.385012e-15
4314.0	2.387845e-15
4316.0	2.371122e-15
4318.0	2.351058e-15
4320.0	2.309169e-15
4322.0	2.293476e-15
4324.0	2.265206e-15
4326.0	2.245468e-15
4328.0	2.247759e-15
4330.0	2.251115e-15
4332.0	2.240468e-15
4334.0	2.206683e-15
4336.0	2.181281e-15
4338.0	2.162786e-15
4340.0	2.159397e-15
4342.0	2.150327e-15
4344.0	2.12356e-15
4346.0	2.097572e-15
4348.0	2.07141e-15
4350.0	2.05905e-15
4352.0	2.06131e-15
4354.0	2.058438e-15
4356.0	2.028766e-15
4358.0	1.993632e-15
4360.0	1.952629e-15
4362.0	1.957806e-15
4364.0	1.964552e-15
4366.0	1.934527e-15
4368.0	1.918274e-15
4370.0	1.907653e-15
4372.0	1.881852e-15
4374.0	1.891132e-15
4376.0	1.884103e-15
4378.0	1.887914e-15
4380.0	1.907303e-15
4382.0	1.907465e-15
4384.0	1.905171e-15
4386.0	1.911239e-15
4388.0	1.895808e-15
4390.0	1.894153e-15
4392.0	1.925971e-15
4394.0	1.932535e-15
4396.0	1.94356e-15
4398.0	1.977417e-15
4400.0	1.986087e-15
4402.0	1.967019e-15
4404.0	1.97806e-15
4406.0	2.017049e-15
4408.0	2.025627e-15
4410.0	2.034323e-15
4412.0	2.042718e-15
4414.0	2.100348e-15
4416.0	2.143525e-15
4418.0	2.148226e-15
4420.0	2.148199e-15
4422.0	2.137874e-15
4424.0	2.138877e-15
4426.0	2.155533e-15
4428.0	2.185765e-15
4430.0	2.218258e-15
4432.0	2.235466e-15
4434.0	2.260628e-15
4436.0	2.278312e-15
4438.0	2.283295e-15
4440.0	2.30125e-15
4442.0	2.335016e-15
4444.0	2.354722e-15
4446.0	2.364355e-15
4448.0	2.385592e-15
4450.0	2.400102e-15
4452.0	2.410252e-15
4454.0	2.429138e-15
4456.0	2.461068e-15
4458.0	2.494291e-15
4460.0	2.517222e-15
4462.0	2.546367e-15
4464.0	2.565735e-15
4466.0	2.566792e-15
4468.0	2.557863e-15
4470.0	2.557978e-15
4472.0	2.571581e-15
4474.0	2.568894e-15
4476.0	2.545523e-15
4478.0	2.535243e-15
4480.0	2.524493e-15
4482.0	2.50487e-15
4484.0	2.467255e-15
4486.0	2.435977e-15
4488.0	2.383814e-15
4490.0	2.36362e-15
4492.0	2.351603e-15
4494.0	2.313706e-15
4496.0	2.312103e-15
4498.0	2.311584e-15
4500.0	2.277587e-15
4502.0	2.242386e-15
4504.0	2.223155e-15
4506.0	2.210073e-15
4508.0	2.205842e-15
4510.0	2.187404e-15
4512.0	2.170602e-15
4514.0	2.165797e-15
4516.0	2.164347e-15
4518.0	2.146968e-15
4520.0	2.150159e-15
4522.0	2.172872e-15
4524.0	2.174711e-15
4526.0	2.185758e-15
4528.0	2.201282e-15
4530.0	2.209072e-15
4532.0	2.234423e-15
4534.0	2.257395e-15
4536.0	2.299464e-15
4538.0	2.337725e-15
4540.0	2.34511e-15
4542.0	2.362723e-15
4544.0	2.416902e-15
4546.0	2.446351e-15
4548.0	2.47072e-15
4550.0	2.507713e-15
4552.0	2.534929e-15
4554.0	2.544429e-15
4556.0	2.551043e-15
4558.0	2.55408e-15
4560.0	2.558962e-15
4562.0	2.548309e-15
4564.0	2.561222e-15
4566.0	2.597816e-15
4568.0	2.594734e-15
4570.0	2.594326e-15
4572.0	2.604293e-15
4574.0	2.579779e-15
4576.0	2.618773e-15
4578.0	2.660665e-15
4580.0	2.655837e-15
4582.0	2.667115e-15
4584.0	2.644657e-15
4586.0	2.627161e-15
4588.0	2.65876e-15
4590.0	2.668938e-15
4592.0	2.667858e-15
4594.0	2.670063e-15
4596.0	2.676849e-15
4598.0	2.683887e-15
4600.0	2.689636e-15
4602.0	2.683622e-15
4604.0	2.689301e-15
4606.0	2.693732e-15
4608.0	2.680967e-15
4610.0	2.673877e-15
4612.0	2.697369e-15
4614.0	2.697639e-15
4616.0	2.670265e-15
4618.0	2.647422e-15
4620.0	2.658015e-15
4622.0	2.655862e-15
4624.0	2.636666e-15
4626.0	2.623911e-15
4628.0	2.609804e-15
4630.0	2.625376e-15
4632.0	2.616169e-15
4634.0	2.587457e-15
4636.0	2.573338e-15
4638.0	2.561828e-15
4640.0	2.586285e-15
4642.0	2.623014e-15
4644.0	2.630216e-15
4646.0	2.638376e-15
4648.0	2.64999e-15
4650.0	2.634728e-15
4652.0	2.601804e-15
4654.0	2.600419e-15
4656.0	2.621433e-15
4658.0	2.636813e-15
4660.0	2.645556e-15
4662.0	2.629246e-15
4664.0	2.641687e-15
4666.0	2.6569e-15
4668.0	2.645682e-15
4670.0	2.64597e-15
4672.0	2.662407e-15
4674.0	2.663465e-15
4676.0	2.667842e-15
4678.0	2.684087e-15
4680.0	2.691387e-15
4682.0	2.687846e-15
4684.0	2.668347e-15
4686.0	2.660263e-15
4688.0	2.644035e-15
4690.0	2.6466e-15
4692.0	2.64647e-15
4694.0	2.653746e-15
4696.0	2.627909e-15
4698.0	2.621608e-15
4700.0	2.635726e-15
4702.0	2.619762e-15
4704.0	2.610267e-15
4706.0	2.640712e-15
4708.0	2.625088e-15
4710.0	2.588191e-15
4712.0	2.584062e-15
4714.0	2.588074e-15
4716.0	2.587865e-15
4718.0	2.567561e-15
4720.0	2.535428e-15
4722.0	2.503224e-15
4724.0	2.488982e-15
4726.0	2.490547e-15
4728.0	2.468228e-15
4730.0	2.43421e-15
4732.0	2.420983e-15
4734.0	2.400661e-15
4736.0	2.384914e-15
4738.0	2.382532e-15
4740.0	2.331855e-15
4742.0	2.320178e-15
4744.0	2.282017e-15
4746.0	2.285924e-15
4748.0	2.256312e-15
4750.0	2.275505e-15
4752.0	2.254486e-15
4754.0	2.233214e-15
4756.0	2.223565e-15
4758.0	2.201617e-15
4760.0	2.198415e-15
4762.0	2.192313e-15
4764.0	2.183632e-15
4766.0	2.169138e-15
4768.0	2.181883e-15
4770.0	2.145713e-15
4772.0	2.151492e-15
4774.0	2.159648e-15
4776.0	2.17682e-15
4778.0	2.175921e-15
4780.0	2.152181e-15
4782.0	2.145728e-15
4784.0	2.153321e-15
4786.0	2.171778e-15
4788.0	2.165691e-15
4790.0	2.1679e-15
4792.0	2.172191e-15
4794.0	2.177331e-15
4796.0	2.215126e-15
4798.0	2.197627e-15
4800.0	2.176732e-15
4802.0	2.202544e-15
4804.0	2.183925e-15
4806.0	2.152943e-15
4808.0	2.152642e-15
4810.0	2.17873e-15
4812.0	2.165233e-15
4814.0	2.136911e-15
4816.0	2.156595e-15
4818.0	2.121748e-15
4820.0	2.105998e-15
4822.0	2.103057e-15
4824.0	2.088161e-15
4826.0	2.099225e-15
4828.0	2.07596e-15
4830.0	2.045088e-15
4832.0	2.049168e-15
4834.0	2.039899e-15
4836.0	2.048901e-15
4838.0	2.004036e-15
4840.0	1.97537e-15
4842.0	1.986028e-15
4844.0	1.997089e-15
4846.0	1.982239e-15
4848.0	1.972808e-15
4850.0	1.976796e-15
4852.0	1.971799e-15
4854.0	1.988066e-15
4856.0	1.990609e-15
4858.0	1.985849e-15
4860.0	1.98323e-15
4862.0	2.006817e-15
4864.0	2.017e-15
4866.0	2.006455e-15
4868.0	2.011277e-15
4870.0	2.007106e-15
4872.0	2.017963e-15
4874.0	2.035988e-15
4876.0	2.037536e-15
4878.0	2.039747e-15
4880.0	2.063299e-15
4882.0	2.059424e-15
4884.0	2.081273e-15
4886.0	2.078213e-15
4888.0	2.069674e-15
4890.0	2.061369e-15
4892.0	2.082545e-15
4894.0	2.062412e-15
4896.0	2.046326e-15
4898.0	2.050527e-15
4900.0	2.085399e-15
4902.0	2.07336e-15
4904.0	2.067138e-15
4906.0	2.042328e-15
4908.0	2.025496e-15
4910.0	2.042017e-15
4912.0	2.030569e-15
4914.0	1.990746e-15
4916.0	1.98533e-15
4918.0	1.976302e-15
4920.0	1.936295e-15
4922.0	1.91573e-15
4924.0	1.903796e-15
4926.0	1.898126e-15
4928.0	1.880877e-15
4930.0	1.860876e-15
4932.0	1.845177e-15
4934.0	1.810315e-15
4936.0	1.79292e-15
4938.0	1.773986e-15
4940.0	1.756354e-15
4942.0	1.720941e-15
4944.0	1.70869e-15
4946.0	1.706301e-15
4948.0	1.694714e-15
4950.0	1.697097e-15
4952.0	1.682751e-15
4954.0	1.668041e-15
4956.0	1.675644e-15
4958.0	1.659476e-15
4960.0	1.660975e-15
4962.0	1.672113e-15
4964.0	1.67614e-15
4966.0	1.649755e-15
4968.0	1.637503e-15
4970.0	1.632092e-15
4972.0	1.623073e-15
4974.0	1.617501e-15
4976.0	1.619499e-15
4978.0	1.640593e-15
4980.0	1.651133e-15
4982.0	1.652032e-15
4984.0	1.685172e-15
4986.0	1.704883e-15
4988.0	1.69383e-15
4990.0	1.66656e-15
4992.0	1.670404e-15
4994.0	1.685083e-15
4996.0	1.698246e-15
4998.0	1.69735e-15
5000.0	1.673521e-15
5002.0	1.67266e-15
5004.0	1.668984e-15
5006.0	1.658003e-15
5008.0	1.661658e-15
5010.0	1.698319e-15
5012.0	1.703636e-15
5014.0	1.684778e-15
5016.0	1.673592e-15
5018.0	1.661134e-15
5020.0	1.667361e-15
5022.0	1.677234e-15
5024.0	1.663713e-15
5026.0	1.655629e-15
5028.0	1.659132e-15
5030.0	1.670434e-15
5032.0	1.67962e-15
5034.0	1.680778e-15
5036.0	1.672852e-15
5038.0	1.680076e-15
5040.0	1.692363e-15
5042.0	1.69381e-15
5044.0	1.673259e-15
5046.0	1.662074e-15
5048.0	1.67978e-15
5050.0	1.68267e-15
5052.0	1.671331e-15
5054.0	1.661518e-15
5056.0	1.656718e-15
5058.0	1.648846e-15
5060.0	1.646709e-15
5062.0	1.661076e-15
5064.0	1.676408e-15
5066.0	1.662376e-15
5068.0	1.627051e-15
5070.0	1.617e-15
5072.0	1.626696e-15
5074.0	1.624296e-15
5076.0	1.627224e-15
5078.0	1.636141e-15
5080.0	1.638372e-15
5082.0	1.637939e-15
5084.0	1.631202e-15
5086.0	1.630732e-15
5088.0	1.639549e-15
5090.0	1.642149e-15
5092.0	1.642597e-15
5094.0	1.639857e-15
5096.0	1.627492e-15
5098.0	1.628836e-15
5100.0	1.641843e-15
5102.0	1.644633e-15
5104.0	1.65014e-15
5106.0	1.66472e-15
5108.0	1.671008e-15
5110.0	1.673371e-15
5112.0	1.688633e-15
5114.0	1.705927e-15
5116.0	1.70433e-15
5118.0	1.700675e-15
5120.0	1.702172e-15
5122.0	1.691852e-15
5124.0	1.69922e-15
5126.0	1.735108e-15
5128.0	1.754433e-15
5130.0	1.746209e-15
5132.0	1.736767e-15
5134.0	1.739707e-15
5136.0	1.751375e-15
5138.0	1.76547e-15
5140.0	1.775111e-15
5142.0	1.783782e-15
5144.0	1.786774e-15
5146.0	1.812754e-15
5148.0	1.847657e-15
5150.0	1.848288e-15
5152.0	1.843457e-15
5154.0	1.839307e-15
5156.0	1.840062e-15
5158.0	1.84216e-15
5160.0	1.852208e-15
5162.0	1.862034e-15
5164.0	1.863116e-15
5166.0	1.872463e-15
5168.0	1.885279e-15
5170.0	1.905258e-15
5172.0	1.91859e-15
5174.0	1.923781e-15
5176.0	1.932238e-15
5178.0	1.941967e-15
5180.0	1.946811e-15
5182.0	1.944638e-15
5184.0	1.958553e-15
5186.0	1.9629e-15
5188.0	1.969247e-15
5190.0	1.988365e-15
5192.0	1.995773e-15
5194.0	2.014832e-15
5196.0	2.035448e-15
5198.0	2.027636e-15
5200.0	2.026998e-15
5202.0	2.042029e-15
5204.0	2.044216e-15
5206.0	2.043746e-15
5208.0	2.07185e-15
5210.0	2.072006e-15
5212.0	2.079006e-15
5214.0	2.096641e-15
5216.0	2.073508e-15
5218.0	2.053818e-15
5220.0	2.051046e-15
5222.0	2.052414e-15
5224.0	2.064615e-15
5226.0	2.077748e-15
5228.0	2.081489e-15
5230.0	2.089824e-15
5232.0	2.080391e-15
5234.0	2.083622e-15
5236.0	2.092128e-15
5238.0	2.084209e-15
5240.0	2.060037e-15
5242.0	2.059529e-15
5244.0	2.045569e-15
5246.0	2.037979e-15
5248.0	2.032007e-15
5250.0	2.017266e-15
5252.0	2.001171e-15
5254.0	2.017962e-15
5256.0	2.03476e-15
5258.0	2.033736e-15
5260.0	2.00812e-15
5262.0	1.999129e-15
5264.0	2.011366e-15
5266.0	2.018338e-15
5268.0	2.015018e-15
5270.0	2.007922e-15
5272.0	2.012691e-15
5274.0	2.034082e-15
5276.0	2.046524e-15
5278.0	2.038381e-15
5280.0	2.037198e-15
5282.0	2.031616e-15
5284.0	2.004325e-15
5286.0	1.983174e-15
5288.0	1.971011e-15
5290.0	1.97909e-15
5292.0	1.980122e-15
5294.0	2.003645e-15
5296.0	2.022629e-15
5298.0	2.0377e-15
5300.0	2.028697e-15
5302.0	2.006681e-15
5304.0	2.000718e-15
5306.0	2.008468e-15
5308.0	1.998701e-15
5310.0	1.999212e-15
5312.0	1.986431e-15
5314.0	1.972727e-15
5316.0	1.98209e-15
5318.0	1.982057e-15
5320.0	1.989792e-15
5322.0	1.948305e-15
5324.0	1.923263e-15
5326.0	1.928054e-15
5328.0	1.872592e-15
5330.0	1.856914e-15
5332.0	1.850574e-15
5334.0	1.843954e-15
5336.0	1.840348e-15
5338.0	1.830912e-15
5340.0	1.796844e-15
5342.0	1.770624e-15
5344.0	1.734465e-15
5346.0	1.724714e-15
5348.0	1.69397e-15
5350.0	1.672593e-15
5352.0	1.655185e-15
5354.0	1.651061e-15
5356.0	1.620995e-15
5358.0	1.597262e-15
5360.0	1.578623e-15
5362.0	1.55587e-15
5364.0	1.573523e-15
5366.0	1.576671e-15
5368.0	1.560387e-15
5370.0	1.535147e-15
5372.0	1.521554e-15
5374.0	1.508823e-15
5376.0	1.471417e-15
5378.0	1.493073e-15
5380.0	1.494143e-15
5382.0	1.478884e-15
5384.0	1.474796e-15
5386.0	1.457058e-15
5388.0	1.451226e-15
5390.0	1.446582e-15
5392.0	1.440259e-15
5394.0	1.467242e-15
5396.0	1.483105e-15
5398.0	1.477771e-15
5400.0	1.48752e-15
5402.0	1.50131e-15
5404.0	1.504229e-15
5406.0	1.50284e-15
5408.0	1.483902e-15
5410.0	1.479649e-15
5412.0	1.494015e-15
5414.0	1.495016e-15
5416.0	1.491932e-15
5418.0	1.501764e-15
5420.0	1.50178e-15
5422.0	1.510597e-15
5424.0	1.504218e-15
5426.0	1.529443e-15
5428.0	1.534937e-15
5430.0	1.516297e-15
5432.0	1.524201e-15
5434.0	1.534275e-15
5436.0	1.54576e-15
5438.0	1.556719e-15
5440.0	1.564773e-15
5442.0	1.579491e-15
5444.0	1.576168e-15
5446.0	1.577915e-15
5448.0	1.585969e-15
5450.0	1.590909e-15
5452.0	1.582906e-15
5454.0	1.57236e-15
5456.0	1.597958e-15
5458.0	1.609442e-15
5460.0	1.607863e-15
5462.0	1.608401e-15
5464.0	1.607741e-15
5466.0	1.604174e-15
5468.0	1.62373e-15
5470.0	1.628123e-15
5472.0	1.607746e-15
5474.0	1.59487e-15
5476.0	1.601989e-15
5478.0	1.598172e-15
5480.0	1.624201e-15
5482.0	1.650743e-15
5484.0	1.639626e-15
5486.0	1.619734e-15
5488.0	1.603328e-15
5490.0	1.600086e-15
5492.0	1.601721e-15
5494.0	1.598357e-15
5496.0	1.595939e-15
5498.0	1.599926e-15
5500.0	1.595492e-15
5502.0	1.615696e-15
5504.0	1.605817e-15
5506.0	1.602433e-15
5508.0	1.603907e-15
5510.0	1.580738e-15
5512.0	1.584212e-15
5514.0	1.581331e-15
5516.0	1.57586e-15
5518.0	1.562802e-15
5520.0	1.546169e-15
5522.0	1.518804e-15
5524.0	1.526097e-15
5526.0	1.537728e-15
5528.0	1.523253e-15
5530.0	1.487673e-15
5532.0	1.480462e-15
5534.0	1.467931e-15
5536.0	1.449111e-15
5538.0	1.460772e-15
5540.0	1.469625e-15
5542.0	1.454705e-15
5544.0	1.458586e-15
5546.0	1.450475e-15
5548.0	1.437872e-15
5550.0	1.433505e-15
5552.0	1.428267e-15
5554.0	1.425532e-15
5556.0	1.396544e-15
5558.0	1.389127e-15
5560.0	1.393491e-15
5562.0	1.403584e-15
5564.0	1.390975e-15
5566.0	1.387602e-15
5568.0	1.407367e-15
5570.0	1.409388e-15
5572.0	1.384767e-15
5574.0	1.383292e-15
5576.0	1.402569e-15
5578.0	1.408313e-15
5580.0	1.411483e-15
5582.0	1.455079e-15
5584.0	1.448855e-15
5586.0	1.470743e-15
5588.0	1.46093e-15
5590.0	1.451159e-15
5592.0	1.470074e-15
5594.0	1.499849e-15
5596.0	1.511519e-15
5598.0	1.517627e-15
5600.0	1.53067e-15
5602.0	1.549684e-15
5604.0	1.550938e-15
5606.0	1.553973e-15
5608.0	1.557052e-15
5610.0	1.576689e-15
5612.0	1.583033e-15
5614.0	1.599924e-15
5616.0	1.606747e-15
5618.0	1.612099e-15
5620.0	1.643679e-15
5622.0	1.66686e-15
5624.0	1.673548e-15
5626.0	1.680092e-15
5628.0	1.678371e-15
5630.0	1.688187e-15
5632.0	1.697247e-15
5634.0	1.703824e-15
5636.0	1.705641e-15
5638.0	1.69912e-15
5640.0	1.711852e-15
5642.0	1.729531e-15
5644.0	1.744826e-15
5646.0	1.761947e-15
5648.0	1.75823e-15
5650.0	1.742838e-15
5652.0	1.74855e-15
5654.0	1.744407e-15
5656.0	1.732035e-15
5658.0	1.726615e-15
5660.0	1.723474e-15
5662.0	1.718316e-15
5664.0	1.713176e-15
5666.0	1.708347e-15
5668.0	1.700356e-15
5670.0	1.69068e-15
5672.0	1.674517e-15
5674.0	1.652761e-15
5676.0	1.654843e-15
5678.0	1.66878e-15
5680.0	1.667361e-15
5682.0	1.670158e-15
5684.0	1.673338e-15
5686.0	1.676533e-15
5688.0	1.673019e-15
5690.0	1.69027e-15
5692.0	1.711416e-15
5694.0	1.706903e-15
5696.0	1.703852e-15
5698.0	1.713829e-15
5700.0	1.720713e-15
5702.0	1.727095e-15
5704.0	1.729486e-15
5706.0	1.737634e-15
5708.0	1.757636e-15
5710.0	1.748404e-15
5712.0	1.742555e-15
5714.0	1.746573e-15
5716.0	1.729472e-15
5718.0	1.737134e-15
5720.0	1.745311e-15
5722.0	1.745793e-15
5724.0	1.756047e-15
5726.0	1.755634e-15
5728.0	1.744229e-15
5730.0	1.748352e-15
5732.0	1.752691e-15
5734.0	1.756039e-15
5736.0	1.773234e-15
5738.0	1.767275e-15
5740.0	1.765421e-15
5742.0	1.782311e-15
5744.0	1.765377e-15
5746.0	1.760921e-15
5748.0	1.757419e-15
5750.0	1.74255e-15
5752.0	1.749261e-15
5754.0	1.765397e-15
5756.0	1.770494e-15
5758.0	1.750451e-15
5760.0	1.757109e-15
5762.0	1.767683e-15
5764.0	1.772997e-15
5766.0	1.773905e-15
5768.0	1.76193e-15
5770.0	1.760481e-15
5772.0	1.761852e-15
5774.0	1.746695e-15
5776.0	1.733694e-15
5778.0	1.729873e-15
5780.0	1.730738e-15
5782.0	1.740763e-15
5784.0	1.754229e-15
5786.0	1.766105e-15
5788.0	1.773587e-15
5790.0	1.76383e-15
5792.0	1.754844e-15
5794.0	1.750362e-15
5796.0	1.754942e-15
5798.0	1.760365e-15
5800.0	1.756557e-15
5802.0	1.773003e-15
5804.0	1.778997e-15
5806.0	1.77586e-15
5808.0	1.766843e-15
5810.0	1.747726e-15
5812.0	1.739951e-15
5814.0	1.741505e-15
5816.0	1.74342e-15
5818.0	1.756146e-15
5820.0	1.758516e-15
5822.0	1.758907e-15
5824.0	1.768197e-15
5826.0	1.773266e-15
5828.0	1.747813e-15
5830.0	1.720585e-15
5832.0	1.716017e-15
5834.0	1.722362e-15
5836.0	1.733749e-15
5838.0	1.72729e-15
5840.0	1.692852e-15
5842.0	1.688777e-15
5844.0	1.692768e-15
5846.0	1.692137e-15
5848.0	1.685871e-15
5850.0	1.693928e-15
5852.0	1.697126e-15
5854.0	1.698529e-15
5856.0	1.68624e-15
5858.0	1.659423e-15
5860.0	1.652397e-15
5862.0	1.668476e-15
5864.0	1.672185e-15
5866.0	1.666078e-15
5868.0	1.648809e-15
5870.0	1.638724e-15
5872.0	1.652147e-15
5874.0	1.654056e-15
5876.0	1.640144e-15
5878.0	1.6342e-15
5880.0	1.64753e-15
5882.0	1.637548e-15
5884.0	1.61828e-15
5886.0	1.610387e-15
5888.0	1.571351e-15
5890.0	1.521014e-15
5892.0	1.495894e-15
5894.0	1.487691e-15
5896.0	1.50293e-15
5898.0	1.54055e-15
5900.0	1.579743e-15
5902.0	1.617685e-15
5904.0	1.626154e-15
5906.0	1.635825e-15
5908.0	1.636989e-15
5910.0	1.638168e-15
5912.0	1.617142e-15
5914.0	1.60503e-15
5916.0	1.627616e-15
5918.0	1.626939e-15
5920.0	1.600317e-15
5922.0	1.602273e-15
5924.0	1.624721e-15
5926.0	1.641752e-15
5928.0	1.647441e-15
5930.0	1.629743e-15
5932.0	1.637246e-15
5934.0	1.640586e-15
5936.0	1.638307e-15
5938.0	1.633901e-15
5940.0	1.637498e-15
5942.0	1.644466e-15
5944.0	1.622277e-15
5946.0	1.630215e-15
5948.0	1.62434e-15
5950.0	1.603368e-15
5952.0	1.621658e-15
5954.0	1.643092e-15
5956.0	1.632036e-15
5958.0	1.632116e-15
5960.0	1.632005e-15
5962.0	1.624986e-15
5964.0	1.641518e-15
5966.0	1.633664e-15
5968.0	1.610814e-15
5970.0	1.604264e-15
5972.0	1.607392e-15
5974.0	1.617756e-15
5976.0	1.62309e-15
5978.0	1.624147e-15
5980.0	1.636396e-15
5982.0	1.637388e-15
5984.0	1.63545e-15
5986.0	1.629307e-15
5988.0	1.623832e-15
5990.0	1.62488e-15
5992.0	1.637529e-15
5994.0	1.634717e-15
5996.0	1.61879e-15
5998.0	1.643802e-15
6000.0	1.655481e-15
6002.0	1.647809e-15
6004.0	1.649606e-15
6006.0	1.65099e-15
6008.0	1.660847e-15
6010.0	1.670221e-15
6012.0	1.674108e-15
6014.0	1.684724e-15
6016.0	1.674481e-15
6018.0	1.676924e-15
6020.0	1.666707e-15
6022.0	1.657665e-15
6024.0	1.653791e-15
6026.0	1.615054e-15
6028.0	1.582072e-15
6030.0	1.575064e-15
6032.0	1.61106e-15
6034.0	1.64327e-15
6036.0	1.646362e-15
6038.0	1.648864e-15
6040.0	1.654858e-15
6042.0	1.662972e-15
6044.0	1.683568e-15
6046.0	1.705347e-15
6048.0	1.68117e-15
6050.0	1.656615e-15
6052.0	1.654846e-15
6054.0	1.658878e-15
6056.0	1.664504e-15
6058.0	1.673629e-15
6060.0	1.688401e-15
6062.0	1.66782e-15
6064.0	1.65279e-15
6066.0	1.659847e-15
6068.0	1.665189e-15
6070.0	1.640827e-15
6072.0	1.649797e-15
6074.0	1.670721e-15
6076.0	1.678392e-15
6078.0	1.682197e-15
6080.0	1.665312e-15
6082.0	1.665914e-15
6084.0	1.669251e-15
6086.0	1.67228e-15
6088.0	1.664397e-15
6090.0	1.658544e-15
6092.0	1.656634e-15
6094.0	1.653204e-15
6096.0	1.663599e-15
6098.0	1.663819e-15
6100.0	1.660024e-15
6102.0	1.656283e-15
6104.0	1.658128e-15
6106.0	1.668424e-15
6108.0	1.671846e-15
6110.0	1.671737e-15
6112.0	1.660459e-15
6114.0	1.656578e-15
6116.0	1.636616e-15
6118.0	1.616692e-15
6120.0	1.618005e-15
6122.0	1.633272e-15
6124.0	1.628424e-15
6126.0	1.62757e-15
6128.0	1.616758e-15
6130.0	1.619906e-15
6132.0	1.612977e-15
6134.0	1.615093e-15
6136.0	1.60333e-15
6138.0	1.584408e-15
6140.0	1.593638e-15
6142.0	1.600594e-15
6144.0	1.591164e-15
6146.0	1.57612e-15
6148.0	1.5649e-15
6150.0	1.570613e-15
6152.0	1.55935e-15
6154.0	1.546725e-15
6156.0	1.543645e-15
6158.0	1.53256e-15
6160.0	1.523155e-15
6162.0	1.514853e-15
6164.0	1.512721e-15
6166.0	1.512043e-15
6168.0	1.503046e-15
6170.0	1.498075e-15
6172.0	1.469063e-15
6174.0	1.447267e-15
6176.0	1.45e-15
6178.0	1.440045e-15
6180.0	1.430932e-15
6182.0	1.41548e-15
6184.0	1.398866e-15
6186.0	1.370101e-15
6188.0	1.360066e-15
6190.0	1.348779e-15
6192.0	1.328745e-15
6194.0	1.314744e-15
6196.0	1.284382e-15
6198.0	1.269567e-15
6200.0	1.266615e-15
6202.0	1.252473e-15
6204.0	1.238034e-15
6206.0	1.20309e-15
6208.0	1.188086e-15
6210.0	1.191874e-15
6212.0	1.182578e-15
6214.0	1.17154e-15
6216.0	1.152846e-15
6218.0	1.136068e-15
6220.0	1.120167e-15
6222.0	1.106316e-15
6224.0	1.090075e-15
6226.0	1.06036e-15
6228.0	1.042595e-15
6230.0	1.045982e-15
6232.0	1.041654e-15
6234.0	1.028784e-15
6236.0	1.008559e-15
6238.0	9.982191e-16
6240.0	9.966404e-16
6242.0	9.851486e-16
6244.0	9.644293e-16
6246.0	9.644217e-16
6248.0	9.500451e-16
6250.0	9.307823e-16
6252.0	9.38627e-16
6254.0	9.488799e-16
6256.0	9.406311e-16
6258.0	9.360291e-16
6260.0	9.27565e-16
6262.0	9.202877e-16
6264.0	9.166126e-16
6266.0	9.129082e-16
6268.0	9.143604e-16
6270.0	9.136913e-16
6272.0	9.190893e-16
6274.0	9.238775e-16
6276.0	9.217464e-16
6278.0	9.166574e-16
6280.0	9.103779e-16
6282.0	9.118974e-16
6284.0	9.301219e-16
6286.0	9.4537e-16
6288.0	9.516912e-16
6290.0	9.606811e-16
6292.0	9.690859e-16
6294.0	9.738562e-16
6296.0	9.79693e-16
6298.0	1.004418e-15
6300.0	1.012206e-15
6302.0	9.981094e-16
6304.0	9.987665e-16
6306.0	1.009808e-15
6308.0	1.022504e-15
6310.0	1.046589e-15
6312.0	1.062792e-15
6314.0	1.060067e-15
6316.0	1.067421e-15
6318.0	1.085078e-15
6320.0	1.096724e-15
6322.0	1.117849e-15
6324.0	1.133655e-15
6326.0	1.129409e-15
6328.0	1.139642e-15
6330.0	1.150172e-15
6332.0	1.151282e-15
6334.0	1.167303e-15
6336.0	1.177919e-15
6338.0	1.183089e-15
6340.0	1.191717e-15
6342.0	1.197973e-15
6344.0	1.200768e-15
6346.0	1.207778e-15
6348.0	1.223535e-15
6350.0	1.238722e-15
6352.0	1.248849e-15
6354.0	1.251983e-15
6356.0	1.24698e-15
6358.0	1.244723e-15
6360.0	1.25885e-15
6362.0	1.273893e-15
6364.0	1.268327e-15
6366.0	1.265022e-15
6368.0	1.272081e-15
6370.0	1.278344e-15
6372.0	1.292733e-15
6374.0	1.301039e-15
6376.0	1.295869e-15
6378.0	1.29639e-15
6380.0	1.310821e-15
6382.0	1.312238e-15
6384.0	1.319563e-15
6386.0	1.326229e-15
6388.0	1.303593e-15
6390.0	1.301333e-15
6392.0	1.322075e-15
6394.0	1.334885e-15
6396.0	1.340115e-15
6398.0	1.34785e-15
6400.0	1.349499e-15
6402.0	1.347162e-15
6404.0	1.339393e-15
6406.0	1.334415e-15
6408.0	1.338209e-15
6410.0	1.351472e-15
6412.0	1.352464e-15
6414.0	1.357241e-15
6416.0	1.36342e-15
6418.0	1.368092e-15
6420.0	1.359118e-15
6422.0	1.36651e-15
6424.0	1.384526e-15
6426.0	1.380608e-15
6428.0	1.373149e-15
6430.0	1.373712e-15
6432.0	1.377568e-15
6434.0	1.377901e-15
6436.0	1.381366e-15
6438.0	1.371361e-15
6440.0	1.366911e-15
6442.0	1.371753e-15
6444.0	1.374818e-15
6446.0	1.377237e-15
6448.0	1.38085e-15
6450.0	1.37643e-15
6452.0	1.356699e-15
6454.0	1.367136e-15
6456.0	1.368156e-15
6458.0	1.371167e-15
6460.0	1.363385e-15
6462.0	1.364543e-15
6464.0	1.380729e-15
6466.0	1.371559e-15
6468.0	1.376222e-15
6470.0	1.375741e-15
6472.0	1.369671e-15
6474.0	1.36723e-15
6476.0	1.366079e-15
6478.0	1.363411e-15
6480.0	1.346075e-15
6482.0	1.345211e-15
6484.0	1.357097e-15
6486.0	1.364772e-15
6488.0	1.356749e-15
6490.0	1.37046e-15
6492.0	1.355112e-15
6494.0	1.359802e-15
6496.0	1.369701e-15
6498.0	1.346493e-15
6500.0	1.351504e-15
6502.0	1.357733e-15
6504.0	1.353306e-15
6506.0	1.329222e-15
6508.0	1.342052e-15
6510.0	1.338536e-15
6512.0	1.342331e-15
6514.0	1.329969e-15
6516.0	1.339742e-15
6518.0	1.349862e-15
6520.0	1.344563e-15
6522.0	1.344585e-15
6524.0	1.343933e-15
6526.0	1.342036e-15
6528.0	1.346315e-15
6530.0	1.348482e-15
6532.0	1.33757e-15
6534.0	1.347372e-15
6536.0	1.338163e-15
6538.0	1.31763e-15
6540.0	1.320193e-15
6542.0	1.310624e-15
6544.0	1.314464e-15
6546.0	1.30877e-15
6548.0	1.302368e-15
6550.0	1.300363e-15
6552.0	1.313262e-15
6554.0	1.313479e-15
6556.0	1.310192e-15
6558.0	1.321489e-15
6560.0	1.307504e-15
6562.0	1.297285e-15
6564.0	1.294495e-15
6566.0	1.284044e-15
6568.0	1.283225e-15
6570.0	1.289054e-15
6572.0	1.288315e-15
6574.0	1.292481e-15
6576.0	1.305838e-15
6578.0	1.307993e-15
6580.0	1.293657e-15
6582.0	1.271803e-15
6584.0	1.275757e-15
6586.0	1.283316e-15
6588.0	1.264562e-15
6590.0	1.254842e-15
6592.0	1.267071e-15
6594.0	1.265246e-15
6596.0	1.257315e-15
6598.0	1.264297e-15
6600.0	1.263802e-15
6602.0	1.254129e-15
6604.0	1.247713e-15
6606.0	1.243807e-15
6608.0	1.242013e-15
6610.0	1.237568e-15
6612.0	1.239378e-15
6614.0	1.235205e-15
6616.0	1.230639e-15
6618.0	1.245422e-15
6620.0	1.256228e-15
6622.0	1.248113e-15
6624.0	1.250526e-15
6626.0	1.237479e-15
6628.0	1.239731e-15
6630.0	1.226933e-15
6632.0	1.225517e-15
6634.0	1.227323e-15
6636.0	1.224264e-15
6638.0	1.216633e-15
6640.0	1.228548e-15
6642.0	1.229346e-15
6644.0	1.193605e-15
6646.0	1.181978e-15
6648.0	1.196802e-15
6650.0	1.195134e-15
6652.0	1.214154e-15
6654.0	1.213728e-15
6656.0	1.220138e-15
6658.0	1.217868e-15
6660.0	1.210045e-15
6662.0	1.203068e-15
6664.0	1.212011e-15
6666.0	1.205797e-15
6668.0	1.218894e-15
6670.0	1.20887e-15
6672.0	1.201969e-15
6674.0	1.19258e-15
6676.0	1.183199e-15
6678.0	1.186885e-15
6680.0	1.187537e-15
6682.0	1.198631e-15
6684.0	1.203303e-15
6686.0	1.203346e-15
6688.0	1.210857e-15
6690.0	1.199821e-15
6692.0	1.18178e-15
6694.0	1.18498e-15
6696.0	1.172424e-15
6698.0	1.16103e-15
6700.0	1.162951e-15
6702.0	1.183777e-15
6704.0	1.186045e-15
6706.0	1.16968e-15
6708.0	1.156062e-15
6710.0	1.156125e-15
6712.0	1.147118e-15
6714.0	1.12778e-15
6716.0	1.134311e-15
6718.0	1.128591e-15
6720.0	1.143981e-15
6722.0	1.151524e-15
6724.0	1.150956e-15
6726.0	1.158739e-15
6728.0	1.151139e-15
6730.0	1.156514e-15
6732.0	1.160424e-15
6734.0	1.162615e-15
6736.0	1.179239e-15
6738.0	1.17219e-15
6740.0	1.155254e-15
6742.0	1.132417e-15
6744.0	1.126836e-15
6746.0	1.150806e-15
6748.0	1.148205e-15
6750.0	1.130816e-15
6752.0	1.124699e-15
6754.0	1.130013e-15
6756.0	1.125041e-15
6758.0	1.120399e-15
6760.0	1.12518e-15
6762.0	1.135043e-15
6764.0	1.149104e-15
6766.0	1.1448e-15
6768.0	1.127514e-15
6770.0	1.112883e-15
6772.0	1.118161e-15
6774.0	1.117392e-15
6776.0	1.107333e-15
6778.0	1.107473e-15
6780.0	1.103347e-15
6782.0	1.09743e-15
6784.0	1.102458e-15
6786.0	1.109519e-15
6788.0	1.111802e-15
6790.0	1.110299e-15
6792.0	1.091076e-15
6794.0	1.083065e-15
6796.0	1.089183e-15
6798.0	1.093609e-15
6800.0	1.099172e-15
6802.0	1.107556e-15
6804.0	1.101957e-15
6806.0	1.092029e-15
6808.0	1.088007e-15
6810.0	1.08573e-15
6812.0	1.07943e-15
6814.0	1.06846e-15
6816.0	1.058646e-15
6818.0	1.061461e-15
6820.0	1.062261e-15
6822.0	1.060769e-15
6824.0	1.07162e-15
6826.0	1.077554e-15
6828.0	1.064701e-15
6830.0	1.051523e-15
6832.0	1.038774e-15
6834.0	1.038974e-15
6836.0	1.048702e-15
6838.0	1.053135e-15
6840.0	1.067282e-15
6842.0	1.064879e-15
6844.0	1.06416e-15
6846.0	1.060313e-15
6848.0	1.05311e-15
6850.0	1.056185e-15
6852.0	1.046392e-15
6854.0	1.018259e-15
6856.0	1.03704e-15
6858.0	1.054298e-15
6860.0	1.049384e-15
6862.0	1.04135e-15
6864.0	1.024029e-15
6866.0	1.031105e-15
6868.0	1.053987e-15
6870.0	1.041922e-15
6872.0	1.011721e-15
6874.0	1.012848e-15
6876.0	1.013008e-15
6878.0	1.011128e-15
6880.0	1.006768e-15
6882.0	1.006772e-15
6884.0	1.015499e-15
6886.0	1.009283e-15
6888.0	9.837018e-16
6890.0	9.772192e-16
6892.0	9.88865e-16
6894.0	9.889502e-16
6896.0	9.937242e-16
6898.0	9.978573e-16
6900.0	9.905705e-16
6902.0	9.985299e-16
6904.0	1.002504e-15
6906.0	9.76892e-16
6908.0	9.588202e-16
6910.0	9.700561e-16
6912.0	9.787585e-16
6914.0	9.810614e-16
6916.0	9.836233e-16
6918.0	9.813129e-16
6920.0	9.737586e-16
6922.0	9.673452e-16
6924.0	9.581781e-16
6926.0	9.537962e-16
6928.0	9.550939e-16
6930.0	9.541021e-16
6932.0	9.59555e-16
6934.0	9.68236e-16
6936.0	9.75298e-16
6938.0	9.588348e-16
6940.0	9.503175e-16
6942.0	9.583008e-16
6944.0	9.432525e-16
6946.0	9.386804e-16
6948.0	9.525594e-16
6950.0	9.628725e-16
6952.0	9.659525e-16
6954.0	9.651321e-16
6956.0	9.662831e-16
6958.0	9.554789e-16
6960.0	9.343414e-16
6962.0	9.270279e-16
6964.0	9.253902e-16
6966.0	9.27965e-16
6968.0	9.395423e-16
6970.0	9.442875e-16
6972.0	9.463969e-16
6974.0	9.575536e-16
6976.0	9.557343e-16
6978.0	9.399615e-16
6980.0	9.304678e-16
6982.0	9.299e-16
6984.0	9.44225e-16
6986.0	9.530011e-16
6988.0	9.461018e-16
6990.0	9.355567e-16
6992.0	9.237005e-16
6994.0	9.255245e-16
6996.0	9.260602e-16
6998.0	9.229017e-16
7000.0	9.172658e-16
7002.0	9.151175e-16
7004.0	9.232477e-16
7006.0	9.281095e-16
7008.0	9.16703e-16
7010.0	9.075599e-16
7012.0	9.027675e-16
7014.0	9.135509e-16
7016.0	9.222104e-16
7018.0	9.231379e-16
7020.0	9.232111e-16
7022.0	9.22816e-16
7024.0	9.047846e-16
7026.0	9.018466e-16
7028.0	9.119775e-16
7030.0	9.114282e-16
7032.0	9.168624e-16
7034.0	9.149586e-16
7036.0	9.058193e-16
7038.0	9.024153e-16
7040.0	9.014318e-16
7042.0	9.06082e-16
7044.0	9.086506e-16
7046.0	9.039646e-16
7048.0	8.978972e-16
7050.0	9.115482e-16
