#	 asassn15lg 
#	 UT date of observation: 20150616 
#	 Telescope/Instrument: SOAR/Goodman 
#	 Estimated Peak MJD: 57196.418 
#	 Estimated redshift: 0.020 
#	 Estimated Phase: -7.3 
#	 Published in Dettman et al. 2020 
#	 Observed barycentric wavelength (Angstroms)    F_lambda
3600.0	1.362633e-15
3602.0	1.389582e-15
3604.0	1.360013e-15
3606.0	1.358832e-15
3608.0	1.40943e-15
3610.0	1.384612e-15
3612.0	1.38542e-15
3614.0	1.412952e-15
3616.0	1.369327e-15
3618.0	1.393499e-15
3620.0	1.383119e-15
3622.0	1.356429e-15
3624.0	1.35713e-15
3626.0	1.432804e-15
3628.0	1.40955e-15
3630.0	1.364784e-15
3632.0	1.372557e-15
3634.0	1.415498e-15
3636.0	1.410538e-15
3638.0	1.371808e-15
3640.0	1.362672e-15
3642.0	1.340702e-15
3644.0	1.326364e-15
3646.0	1.36888e-15
3648.0	1.347252e-15
3650.0	1.303598e-15
3652.0	1.29935e-15
3654.0	1.304355e-15
3656.0	1.305553e-15
3658.0	1.276681e-15
3660.0	1.253142e-15
3662.0	1.255002e-15
3664.0	1.225631e-15
3666.0	1.264738e-15
3668.0	1.240732e-15
3670.0	1.207208e-15
3672.0	1.177527e-15
3674.0	1.177701e-15
3676.0	1.197373e-15
3678.0	1.149166e-15
3680.0	1.122882e-15
3682.0	1.119343e-15
3684.0	1.05921e-15
3686.0	1.099204e-15
3688.0	1.100269e-15
3690.0	1.063135e-15
3692.0	1.068603e-15
3694.0	1.059005e-15
3696.0	1.019532e-15
3698.0	1.002042e-15
3700.0	9.96638e-16
3702.0	9.941034e-16
3704.0	9.880571e-16
3706.0	1.013775e-15
3708.0	1.031065e-15
3710.0	1.014364e-15
3712.0	9.764795e-16
3714.0	9.404746e-16
3716.0	9.251433e-16
3718.0	8.50577e-16
3720.0	8.663828e-16
3722.0	8.598351e-16
3724.0	8.361348e-16
3726.0	8.093672e-16
3728.0	7.639085e-16
3730.0	7.413594e-16
3732.0	6.856256e-16
3734.0	6.628453e-16
3736.0	6.399675e-16
3738.0	6.063087e-16
3740.0	5.960798e-16
3742.0	5.86241e-16
3744.0	5.629693e-16
3746.0	5.456763e-16
3748.0	5.239284e-16
3750.0	5.018854e-16
3752.0	5.064732e-16
3754.0	5.132825e-16
3756.0	5.034627e-16
3758.0	4.852441e-16
3760.0	5.014589e-16
3762.0	5.115168e-16
3764.0	4.841597e-16
3766.0	4.764481e-16
3768.0	4.411685e-16
3770.0	4.388218e-16
3772.0	4.70474e-16
3774.0	4.860772e-16
3776.0	4.716087e-16
3778.0	4.581216e-16
3780.0	4.872095e-16
3782.0	4.998075e-16
3784.0	5.152244e-16
3786.0	5.27047e-16
3788.0	5.216588e-16
3790.0	5.395049e-16
3792.0	5.542276e-16
3794.0	5.629049e-16
3796.0	5.937945e-16
3798.0	6.299329e-16
3800.0	6.562605e-16
3802.0	6.432837e-16
3804.0	6.086602e-16
3806.0	5.877529e-16
3808.0	5.791215e-16
3810.0	5.906731e-16
3812.0	6.018333e-16
3814.0	5.97611e-16
3816.0	5.959603e-16
3818.0	6.090262e-16
3820.0	6.037368e-16
3822.0	5.90322e-16
3824.0	6.033082e-16
3826.0	5.897867e-16
3828.0	5.893922e-16
3830.0	6.044191e-16
3832.0	6.043709e-16
3834.0	5.962527e-16
3836.0	6.012658e-16
3838.0	6.158151e-16
3840.0	6.126509e-16
3842.0	6.058499e-16
3844.0	6.205639e-16
3846.0	6.363437e-16
3848.0	6.493417e-16
3850.0	6.569301e-16
3852.0	6.63474e-16
3854.0	6.594705e-16
3856.0	6.744217e-16
3858.0	6.745803e-16
3860.0	6.988807e-16
3862.0	6.94612e-16
3864.0	7.150428e-16
3866.0	7.354781e-16
3868.0	7.227167e-16
3870.0	7.196208e-16
3872.0	7.584012e-16
3874.0	7.979987e-16
3876.0	8.143703e-16
3878.0	8.178473e-16
3880.0	8.128241e-16
3882.0	8.40936e-16
3884.0	8.910707e-16
3886.0	8.989142e-16
3888.0	9.279494e-16
3890.0	9.607341e-16
3892.0	9.598173e-16
3894.0	9.795745e-16
3896.0	9.932351e-16
3898.0	1.010067e-15
3900.0	1.038721e-15
3902.0	1.061527e-15
3904.0	1.066543e-15
3906.0	1.052853e-15
3908.0	1.091203e-15
3910.0	1.110472e-15
3912.0	1.107275e-15
3914.0	1.123376e-15
3916.0	1.152944e-15
3918.0	1.198484e-15
3920.0	1.186277e-15
3922.0	1.203512e-15
3924.0	1.223264e-15
3926.0	1.251449e-15
3928.0	1.238891e-15
3930.0	1.234236e-15
3932.0	1.24883e-15
3934.0	1.302916e-15
3936.0	1.328976e-15
3938.0	1.331016e-15
3940.0	1.331191e-15
3942.0	1.330368e-15
3944.0	1.330367e-15
3946.0	1.370419e-15
3948.0	1.40011e-15
3950.0	1.375905e-15
3952.0	1.368104e-15
3954.0	1.384009e-15
3956.0	1.403061e-15
3958.0	1.404752e-15
3960.0	1.395521e-15
3962.0	1.412197e-15
3964.0	1.421005e-15
3966.0	1.397003e-15
3968.0	1.402405e-15
3970.0	1.416908e-15
3972.0	1.465913e-15
3974.0	1.479272e-15
3976.0	1.47038e-15
3978.0	1.458876e-15
3980.0	1.447775e-15
3982.0	1.459843e-15
3984.0	1.481924e-15
3986.0	1.509201e-15
3988.0	1.525473e-15
3990.0	1.502664e-15
3992.0	1.477355e-15
3994.0	1.482062e-15
3996.0	1.465761e-15
3998.0	1.447485e-15
4000.0	1.429645e-15
4002.0	1.422642e-15
4004.0	1.39917e-15
4006.0	1.368997e-15
4008.0	1.333565e-15
4010.0	1.284849e-15
4012.0	1.23578e-15
4014.0	1.223204e-15
4016.0	1.235519e-15
4018.0	1.247465e-15
4020.0	1.234803e-15
4022.0	1.201093e-15
4024.0	1.191655e-15
4026.0	1.191509e-15
4028.0	1.198584e-15
4030.0	1.200588e-15
4032.0	1.185992e-15
4034.0	1.172507e-15
4036.0	1.149393e-15
4038.0	1.14564e-15
4040.0	1.14224e-15
4042.0	1.102549e-15
4044.0	1.086912e-15
4046.0	1.095802e-15
4048.0	1.080028e-15
4050.0	1.081744e-15
4052.0	1.112315e-15
4054.0	1.123605e-15
4056.0	1.118575e-15
4058.0	1.10752e-15
4060.0	1.131162e-15
4062.0	1.131369e-15
4064.0	1.110645e-15
4066.0	1.086594e-15
4068.0	1.125004e-15
4070.0	1.127022e-15
4072.0	1.11307e-15
4074.0	1.119262e-15
4076.0	1.141248e-15
4078.0	1.122318e-15
4080.0	1.123172e-15
4082.0	1.147315e-15
4084.0	1.145259e-15
4086.0	1.147455e-15
4088.0	1.167645e-15
4090.0	1.188301e-15
4092.0	1.195864e-15
4094.0	1.213389e-15
4096.0	1.235064e-15
4098.0	1.250307e-15
4100.0	1.24186e-15
4102.0	1.254781e-15
4104.0	1.261954e-15
4106.0	1.295312e-15
4108.0	1.318738e-15
4110.0	1.30878e-15
4112.0	1.301268e-15
4114.0	1.326939e-15
4116.0	1.326764e-15
4118.0	1.324241e-15
4120.0	1.347207e-15
4122.0	1.356008e-15
4124.0	1.361052e-15
4126.0	1.380443e-15
4128.0	1.393126e-15
4130.0	1.378808e-15
4132.0	1.366002e-15
4134.0	1.394564e-15
4136.0	1.399709e-15
4138.0	1.403545e-15
4140.0	1.39966e-15
4142.0	1.410458e-15
4144.0	1.418819e-15
4146.0	1.394012e-15
4148.0	1.412319e-15
4150.0	1.435873e-15
4152.0	1.420915e-15
4154.0	1.418324e-15
4156.0	1.425688e-15
4158.0	1.428557e-15
4160.0	1.429065e-15
4162.0	1.399571e-15
4164.0	1.400923e-15
4166.0	1.39793e-15
4168.0	1.412619e-15
4170.0	1.386409e-15
4172.0	1.353089e-15
4174.0	1.346933e-15
4176.0	1.330462e-15
4178.0	1.324828e-15
4180.0	1.322416e-15
4182.0	1.326808e-15
4184.0	1.318737e-15
4186.0	1.296368e-15
4188.0	1.303548e-15
4190.0	1.310277e-15
4192.0	1.297081e-15
4194.0	1.299325e-15
4196.0	1.280112e-15
4198.0	1.269906e-15
4200.0	1.276013e-15
4202.0	1.275663e-15
4204.0	1.250102e-15
4206.0	1.262026e-15
4208.0	1.270807e-15
4210.0	1.259799e-15
4212.0	1.266532e-15
4214.0	1.246529e-15
4216.0	1.244886e-15
4218.0	1.256794e-15
4220.0	1.234785e-15
4222.0	1.217671e-15
4224.0	1.220491e-15
4226.0	1.236896e-15
4228.0	1.239626e-15
4230.0	1.216417e-15
4232.0	1.220043e-15
4234.0	1.228771e-15
4236.0	1.215545e-15
4238.0	1.210273e-15
4240.0	1.213736e-15
4242.0	1.206352e-15
4244.0	1.198632e-15
4246.0	1.202194e-15
4248.0	1.19407e-15
4250.0	1.198563e-15
4252.0	1.179634e-15
4254.0	1.16821e-15
4256.0	1.160977e-15
4258.0	1.131385e-15
4260.0	1.135135e-15
4262.0	1.144983e-15
4264.0	1.115248e-15
4266.0	1.095652e-15
4268.0	1.092841e-15
4270.0	1.084904e-15
4272.0	1.074426e-15
4274.0	1.07904e-15
4276.0	1.081383e-15
4278.0	1.075149e-15
4280.0	1.059777e-15
4282.0	1.055985e-15
4284.0	1.069323e-15
4286.0	1.064023e-15
4288.0	1.03843e-15
4290.0	1.032422e-15
4292.0	1.033662e-15
4294.0	1.027528e-15
4296.0	1.025145e-15
4298.0	1.0247e-15
4300.0	1.01253e-15
4302.0	9.944569e-16
4304.0	9.90399e-16
4306.0	9.922848e-16
4308.0	9.71395e-16
4310.0	9.905486e-16
4312.0	1.000708e-15
4314.0	9.951402e-16
4316.0	9.918155e-16
4318.0	9.724315e-16
4320.0	9.533549e-16
4322.0	9.512073e-16
4324.0	9.494588e-16
4326.0	9.484482e-16
4328.0	9.518407e-16
4330.0	9.320989e-16
4332.0	9.143301e-16
4334.0	9.103608e-16
4336.0	9.028826e-16
4338.0	8.797411e-16
4340.0	8.612978e-16
4342.0	8.485969e-16
4344.0	8.392271e-16
4346.0	8.254879e-16
4348.0	8.178417e-16
4350.0	8.071617e-16
4352.0	8.0446e-16
4354.0	8.065068e-16
4356.0	7.969126e-16
4358.0	7.689098e-16
4360.0	7.630834e-16
4362.0	7.542001e-16
4364.0	7.478699e-16
4366.0	7.51512e-16
4368.0	7.608916e-16
4370.0	7.498904e-16
4372.0	7.417128e-16
4374.0	7.491656e-16
4376.0	7.655328e-16
4378.0	7.60779e-16
4380.0	7.431574e-16
4382.0	7.399238e-16
4384.0	7.527228e-16
4386.0	7.464903e-16
4388.0	7.597324e-16
4390.0	7.541679e-16
4392.0	7.61084e-16
4394.0	7.775861e-16
4396.0	7.778878e-16
4398.0	7.77435e-16
4400.0	7.878499e-16
4402.0	8.083794e-16
4404.0	8.421094e-16
4406.0	8.300716e-16
4408.0	8.232257e-16
4410.0	8.29825e-16
4412.0	8.357689e-16
4414.0	8.485386e-16
4416.0	8.573377e-16
4418.0	8.630732e-16
4420.0	8.583862e-16
4422.0	8.510238e-16
4424.0	8.630376e-16
4426.0	8.703688e-16
4428.0	8.744122e-16
4430.0	8.840858e-16
4432.0	8.895047e-16
4434.0	8.903219e-16
4436.0	8.939145e-16
4438.0	9.021041e-16
4440.0	8.953433e-16
4442.0	8.808349e-16
4444.0	8.831807e-16
4446.0	8.947049e-16
4448.0	9.004176e-16
4450.0	8.911141e-16
4452.0	8.656469e-16
4454.0	8.582574e-16
4456.0	8.855981e-16
4458.0	9.013809e-16
4460.0	8.928037e-16
4462.0	8.842845e-16
4464.0	8.761353e-16
4466.0	8.761531e-16
4468.0	8.74331e-16
4470.0	8.679413e-16
4472.0	8.678371e-16
4474.0	8.614014e-16
4476.0	8.46082e-16
4478.0	8.327026e-16
4480.0	8.437064e-16
4482.0	8.338987e-16
4484.0	8.112915e-16
4486.0	8.340956e-16
4488.0	8.492759e-16
4490.0	8.375433e-16
4492.0	8.374906e-16
4494.0	8.413164e-16
4496.0	8.41802e-16
4498.0	8.449613e-16
4500.0	8.511681e-16
4502.0	8.436914e-16
4504.0	8.700154e-16
4506.0	9.058796e-16
4508.0	9.005779e-16
4510.0	8.851071e-16
4512.0	8.879726e-16
4514.0	9.134418e-16
4516.0	9.335856e-16
4518.0	9.188972e-16
4520.0	9.091132e-16
4522.0	9.320421e-16
4524.0	9.49086e-16
4526.0	9.501839e-16
4528.0	9.477614e-16
4530.0	9.524358e-16
4532.0	9.680547e-16
4534.0	9.717466e-16
4536.0	9.656793e-16
4538.0	9.6127e-16
4540.0	9.754758e-16
4542.0	9.870925e-16
4544.0	9.611748e-16
4546.0	9.805645e-16
4548.0	9.859488e-16
4550.0	9.777876e-16
4552.0	9.761421e-16
4554.0	9.764664e-16
4556.0	9.758959e-16
4558.0	9.658876e-16
4560.0	9.798715e-16
4562.0	9.897005e-16
4564.0	9.795804e-16
4566.0	9.723753e-16
4568.0	9.787123e-16
4570.0	9.89333e-16
4572.0	9.763429e-16
4574.0	9.772813e-16
4576.0	9.865717e-16
4578.0	9.861483e-16
4580.0	9.772961e-16
4582.0	9.775978e-16
4584.0	9.789722e-16
4586.0	9.860345e-16
4588.0	1.003617e-15
4590.0	1.001985e-15
4592.0	9.925519e-16
4594.0	9.790904e-16
4596.0	9.683158e-16
4598.0	9.790953e-16
4600.0	1.002657e-15
4602.0	9.877121e-16
4604.0	9.683756e-16
4606.0	9.789037e-16
4608.0	9.750222e-16
4610.0	9.538154e-16
4612.0	9.348981e-16
4614.0	9.309753e-16
4616.0	9.385189e-16
4618.0	9.440563e-16
4620.0	9.314241e-16
4622.0	9.219463e-16
4624.0	9.27073e-16
4626.0	9.342041e-16
4628.0	9.402534e-16
4630.0	9.281848e-16
4632.0	9.240823e-16
4634.0	9.295036e-16
4636.0	9.441589e-16
4638.0	9.27097e-16
4640.0	9.304857e-16
4642.0	9.417467e-16
4644.0	9.452636e-16
4646.0	9.396591e-16
4648.0	9.207211e-16
4650.0	9.134502e-16
4652.0	9.243532e-16
4654.0	9.439432e-16
4656.0	9.419062e-16
4658.0	9.407017e-16
4660.0	9.48537e-16
4662.0	9.422787e-16
4664.0	9.318309e-16
4666.0	9.328861e-16
4668.0	9.447857e-16
4670.0	9.490721e-16
4672.0	9.45033e-16
4674.0	9.444355e-16
4676.0	9.48856e-16
4678.0	9.437347e-16
4680.0	9.366173e-16
4682.0	9.35596e-16
4684.0	9.389144e-16
4686.0	9.351361e-16
4688.0	9.306686e-16
4690.0	9.29773e-16
4692.0	9.252633e-16
4694.0	9.162355e-16
4696.0	9.168714e-16
4698.0	9.00966e-16
4700.0	8.817787e-16
4702.0	8.824454e-16
4704.0	8.850532e-16
4706.0	8.793804e-16
4708.0	8.813903e-16
4710.0	8.675157e-16
4712.0	8.363303e-16
4714.0	8.312627e-16
4716.0	8.264319e-16
4718.0	8.154701e-16
4720.0	8.03341e-16
4722.0	8.040212e-16
4724.0	8.052985e-16
4726.0	7.97705e-16
4728.0	7.978932e-16
4730.0	7.936078e-16
4732.0	7.919666e-16
4734.0	7.951756e-16
4736.0	7.897143e-16
4738.0	7.944208e-16
4740.0	7.888196e-16
4742.0	7.911248e-16
4744.0	8.075669e-16
4746.0	8.111723e-16
4748.0	7.992539e-16
4750.0	7.840813e-16
4752.0	7.835083e-16
4754.0	8.046372e-16
4756.0	8.207219e-16
4758.0	8.078981e-16
4760.0	8.033302e-16
4762.0	8.084134e-16
4764.0	8.02822e-16
4766.0	8.028368e-16
4768.0	7.904396e-16
4770.0	7.833758e-16
4772.0	8.09993e-16
4774.0	8.176521e-16
4776.0	8.1344e-16
4778.0	8.066556e-16
4780.0	8.153581e-16
4782.0	8.090628e-16
4784.0	7.985023e-16
4786.0	7.945408e-16
4788.0	7.967952e-16
4790.0	7.913939e-16
4792.0	7.948438e-16
4794.0	8.002364e-16
4796.0	7.752151e-16
4798.0	7.61495e-16
4800.0	7.631383e-16
4802.0	7.628473e-16
4804.0	7.627934e-16
4806.0	7.485526e-16
4808.0	7.364322e-16
4810.0	7.528297e-16
4812.0	7.517478e-16
4814.0	7.368927e-16
4816.0	7.332064e-16
4818.0	7.259864e-16
4820.0	7.199731e-16
4822.0	7.198011e-16
4824.0	7.225323e-16
4826.0	7.284409e-16
4828.0	7.185544e-16
4830.0	7.106943e-16
4832.0	7.021899e-16
4834.0	7.058054e-16
4836.0	7.18601e-16
4838.0	7.220564e-16
4840.0	7.236312e-16
4842.0	7.224997e-16
4844.0	7.194111e-16
4846.0	7.244643e-16
4848.0	7.391395e-16
4850.0	7.293688e-16
4852.0	7.181952e-16
4854.0	7.289356e-16
4856.0	7.428403e-16
4858.0	7.702947e-16
4860.0	7.592146e-16
4862.0	7.35658e-16
4864.0	7.310244e-16
4866.0	7.340447e-16
4868.0	7.382654e-16
4870.0	7.454507e-16
4872.0	7.443838e-16
4874.0	7.351015e-16
4876.0	7.370736e-16
4878.0	7.350712e-16
4880.0	7.176231e-16
4882.0	6.941713e-16
4884.0	6.849244e-16
4886.0	6.905246e-16
4888.0	6.905096e-16
4890.0	6.788435e-16
4892.0	6.693781e-16
4894.0	6.696847e-16
4896.0	6.594466e-16
4898.0	6.491837e-16
4900.0	6.386977e-16
4902.0	6.284175e-16
4904.0	6.239571e-16
4906.0	6.080215e-16
4908.0	5.981092e-16
4910.0	5.887048e-16
4912.0	5.848911e-16
4914.0	5.809493e-16
4916.0	5.675782e-16
4918.0	5.578951e-16
4920.0	5.49701e-16
4922.0	5.441546e-16
4924.0	5.468099e-16
4926.0	5.409838e-16
4928.0	5.257309e-16
4930.0	5.221396e-16
4932.0	5.198354e-16
4934.0	5.13409e-16
4936.0	5.142013e-16
4938.0	5.18807e-16
4940.0	5.25618e-16
4942.0	5.227551e-16
4944.0	5.140377e-16
4946.0	5.067385e-16
4948.0	5.126693e-16
4950.0	5.312572e-16
4952.0	5.319389e-16
4954.0	5.449501e-16
4956.0	5.593508e-16
4958.0	5.614481e-16
4960.0	5.694922e-16
4962.0	5.829806e-16
4964.0	5.931242e-16
4966.0	5.924262e-16
4968.0	5.810377e-16
4970.0	5.698863e-16
4972.0	5.781463e-16
4974.0	5.834741e-16
4976.0	5.793451e-16
4978.0	5.681072e-16
4980.0	5.798443e-16
4982.0	5.986114e-16
4984.0	5.965318e-16
4986.0	5.956154e-16
4988.0	5.895342e-16
4990.0	5.93904e-16
4992.0	6.06084e-16
4994.0	6.111656e-16
4996.0	6.165581e-16
4998.0	6.170344e-16
5000.0	6.196179e-16
5002.0	6.263055e-16
5004.0	6.197094e-16
5006.0	6.181021e-16
5008.0	6.22009e-16
5010.0	6.338024e-16
5012.0	6.497139e-16
5014.0	6.540143e-16
5016.0	6.440824e-16
5018.0	6.386816e-16
5020.0	6.383078e-16
5022.0	6.322475e-16
5024.0	6.438152e-16
5026.0	6.502307e-16
5028.0	6.437703e-16
5030.0	6.385668e-16
5032.0	6.346444e-16
5034.0	6.441974e-16
5036.0	6.497371e-16
5038.0	6.505975e-16
5040.0	6.620898e-16
5042.0	6.534713e-16
5044.0	6.451778e-16
5046.0	6.479513e-16
5048.0	6.567113e-16
5050.0	6.589126e-16
5052.0	6.570176e-16
5054.0	6.575876e-16
5056.0	6.602668e-16
5058.0	6.609657e-16
5060.0	6.650726e-16
5062.0	6.648042e-16
5064.0	6.565737e-16
5066.0	6.663092e-16
5068.0	6.677646e-16
5070.0	6.630363e-16
5072.0	6.603034e-16
5074.0	6.789032e-16
5076.0	6.80333e-16
5078.0	6.654387e-16
5080.0	6.610731e-16
5082.0	6.665309e-16
5084.0	6.668829e-16
5086.0	6.625908e-16
5088.0	6.741166e-16
5090.0	6.774477e-16
5092.0	6.692977e-16
5094.0	6.711558e-16
5096.0	6.636112e-16
5098.0	6.656882e-16
5100.0	6.661148e-16
5102.0	6.67491e-16
5104.0	6.665979e-16
5106.0	6.725833e-16
5108.0	6.73822e-16
5110.0	6.804073e-16
5112.0	6.90169e-16
5114.0	6.881747e-16
5116.0	6.876162e-16
5118.0	6.979273e-16
5120.0	6.888102e-16
5122.0	6.75006e-16
5124.0	6.775854e-16
5126.0	6.876359e-16
5128.0	6.862352e-16
5130.0	6.764946e-16
5132.0	6.78263e-16
5134.0	6.794772e-16
5136.0	6.833722e-16
5138.0	6.926555e-16
5140.0	7.011373e-16
5142.0	7.018493e-16
5144.0	6.952107e-16
5146.0	7.024591e-16
5148.0	7.142154e-16
5150.0	7.14798e-16
5152.0	7.149171e-16
5154.0	7.244342e-16
5156.0	7.301632e-16
5158.0	7.289396e-16
5160.0	7.271519e-16
5162.0	7.347533e-16
5164.0	7.388745e-16
5166.0	7.371791e-16
5168.0	7.270495e-16
5170.0	7.418318e-16
5172.0	7.55517e-16
5174.0	7.479923e-16
5176.0	7.360273e-16
5178.0	7.431275e-16
5180.0	7.386986e-16
5182.0	7.393365e-16
5184.0	7.42712e-16
5186.0	7.423244e-16
5188.0	7.381691e-16
5190.0	7.365479e-16
5192.0	7.440726e-16
5194.0	7.424162e-16
5196.0	7.334431e-16
5198.0	7.279346e-16
5200.0	7.188286e-16
5202.0	7.174383e-16
5204.0	7.188577e-16
5206.0	7.134385e-16
5208.0	7.106826e-16
5210.0	7.072326e-16
5212.0	6.991506e-16
5214.0	6.913415e-16
5216.0	6.959822e-16
5218.0	7.029623e-16
5220.0	7.000751e-16
5222.0	6.89233e-16
5224.0	6.847667e-16
5226.0	6.918423e-16
5228.0	6.864145e-16
5230.0	6.756003e-16
5232.0	6.723529e-16
5234.0	6.743164e-16
5236.0	6.670099e-16
5238.0	6.817664e-16
5240.0	6.859863e-16
5242.0	6.758767e-16
5244.0	6.76002e-16
5246.0	6.80305e-16
5248.0	6.837992e-16
5250.0	6.854038e-16
5252.0	6.848286e-16
5254.0	6.88275e-16
5256.0	6.875021e-16
5258.0	6.81087e-16
5260.0	6.837582e-16
5262.0	6.927975e-16
5264.0	7.015932e-16
5266.0	7.000521e-16
5268.0	6.91532e-16
5270.0	6.971586e-16
5272.0	7.097181e-16
5274.0	6.868023e-16
5276.0	6.783442e-16
5278.0	6.98785e-16
5280.0	6.956929e-16
5282.0	6.945003e-16
5284.0	6.861975e-16
5286.0	6.908723e-16
5288.0	6.872816e-16
5290.0	6.758211e-16
5292.0	6.600166e-16
5294.0	6.490878e-16
5296.0	6.51104e-16
5298.0	6.556835e-16
5300.0	6.525525e-16
5302.0	6.386519e-16
5304.0	6.296538e-16
5306.0	6.288799e-16
5308.0	6.236466e-16
5310.0	6.025143e-16
5312.0	5.938343e-16
5314.0	5.932328e-16
5316.0	5.904439e-16
5318.0	5.797023e-16
5320.0	5.716407e-16
5322.0	5.67673e-16
5324.0	5.688781e-16
5326.0	5.627511e-16
5328.0	5.585473e-16
5330.0	5.490738e-16
5332.0	5.392071e-16
5334.0	5.31269e-16
5336.0	5.300022e-16
5338.0	5.372759e-16
5340.0	5.365569e-16
5342.0	5.387517e-16
5344.0	5.38544e-16
5346.0	5.316868e-16
5348.0	5.253312e-16
5350.0	5.258402e-16
5352.0	5.265206e-16
5354.0	5.236124e-16
5356.0	5.225529e-16
5358.0	5.203708e-16
5360.0	5.198416e-16
5362.0	5.243682e-16
5364.0	5.206411e-16
5366.0	5.216977e-16
5368.0	5.224491e-16
5370.0	5.181787e-16
5372.0	5.18938e-16
5374.0	5.247097e-16
5376.0	5.132907e-16
5378.0	5.110462e-16
5380.0	5.06541e-16
5382.0	5.223851e-16
5384.0	5.229618e-16
5386.0	5.260852e-16
5388.0	5.298871e-16
5390.0	5.25293e-16
5392.0	5.267324e-16
5394.0	5.278039e-16
5396.0	5.313445e-16
5398.0	5.343118e-16
5400.0	5.301735e-16
5402.0	5.294952e-16
5404.0	5.325868e-16
5406.0	5.404452e-16
5408.0	5.430609e-16
5410.0	5.419118e-16
5412.0	5.421624e-16
5414.0	5.517622e-16
5416.0	5.586201e-16
5418.0	5.562637e-16
5420.0	5.573271e-16
5422.0	5.565818e-16
5424.0	5.541333e-16
5426.0	5.463378e-16
5428.0	5.417098e-16
5430.0	5.424272e-16
5432.0	5.487497e-16
5434.0	5.521178e-16
5436.0	5.42758e-16
5438.0	5.359706e-16
5440.0	5.446961e-16
5442.0	5.467556e-16
5444.0	5.483723e-16
5446.0	5.435533e-16
5448.0	5.45876e-16
5450.0	5.396595e-16
5452.0	5.3415e-16
5454.0	5.321804e-16
5456.0	5.356164e-16
5458.0	5.483475e-16
5460.0	5.44926e-16
5462.0	5.442516e-16
5464.0	5.401096e-16
5466.0	5.399968e-16
5468.0	5.381697e-16
5470.0	5.286437e-16
5472.0	5.178329e-16
5474.0	5.173845e-16
5476.0	5.216287e-16
5478.0	5.214307e-16
5480.0	5.201552e-16
5482.0	5.147164e-16
5484.0	5.070572e-16
5486.0	5.067285e-16
5488.0	5.07208e-16
5490.0	5.00698e-16
5492.0	4.982112e-16
5494.0	5.002657e-16
5496.0	4.981716e-16
5498.0	4.86754e-16
5500.0	4.798779e-16
5502.0	4.781531e-16
5504.0	4.700906e-16
5506.0	4.621663e-16
5508.0	4.612809e-16
5510.0	4.557192e-16
5512.0	4.54449e-16
5514.0	4.550631e-16
5516.0	4.560434e-16
5518.0	4.524425e-16
5520.0	4.496218e-16
5522.0	4.522876e-16
5524.0	4.484321e-16
5526.0	4.436951e-16
5528.0	4.443124e-16
5530.0	4.420318e-16
5532.0	4.411019e-16
5534.0	4.421919e-16
5536.0	4.402521e-16
5538.0	4.37885e-16
5540.0	4.425293e-16
5542.0	4.471818e-16
5544.0	4.442418e-16
5546.0	4.518813e-16
5548.0	4.655973e-16
5550.0	4.683299e-16
5552.0	4.658528e-16
5554.0	4.604533e-16
5556.0	4.5426e-16
5558.0	4.735102e-16
5560.0	4.842879e-16
5562.0	4.81506e-16
5564.0	4.890426e-16
5566.0	4.995976e-16
5568.0	5.029474e-16
5570.0	5.08218e-16
5572.0	5.183612e-16
5574.0	5.315433e-16
5576.0	5.385138e-16
5578.0	5.322678e-16
5580.0	5.057443e-16
5582.0	5.013555e-16
5584.0	5.163799e-16
5586.0	5.308479e-16
5588.0	5.343652e-16
5590.0	5.32344e-16
5592.0	5.371685e-16
5594.0	5.449881e-16
5596.0	5.510484e-16
5598.0	5.527132e-16
5600.0	5.503469e-16
5602.0	5.485952e-16
5604.0	5.583657e-16
5606.0	5.604843e-16
5608.0	5.604318e-16
5610.0	5.668495e-16
5612.0	5.582664e-16
5614.0	5.620612e-16
5616.0	5.551564e-16
5618.0	5.548264e-16
5620.0	5.652854e-16
5622.0	5.563009e-16
5624.0	5.557645e-16
5626.0	5.552855e-16
5628.0	5.63711e-16
5630.0	5.564742e-16
5632.0	5.5784e-16
5634.0	5.589633e-16
5636.0	5.523272e-16
5638.0	5.42076e-16
5640.0	5.441275e-16
5642.0	5.502736e-16
5644.0	5.477831e-16
5646.0	5.45567e-16
5648.0	5.544917e-16
5650.0	5.605679e-16
5652.0	5.592575e-16
5654.0	5.579972e-16
5656.0	5.6105e-16
5658.0	5.62486e-16
5660.0	5.617658e-16
5662.0	5.663455e-16
5664.0	5.670885e-16
5666.0	5.689104e-16
5668.0	5.706034e-16
5670.0	5.772086e-16
5672.0	5.795199e-16
5674.0	5.757154e-16
5676.0	5.745264e-16
5678.0	5.686067e-16
5680.0	5.718754e-16
5682.0	5.824715e-16
5684.0	5.780792e-16
5686.0	5.702288e-16
5688.0	5.634555e-16
5690.0	5.672249e-16
5692.0	5.694626e-16
5694.0	5.752334e-16
5696.0	5.731421e-16
5698.0	5.707769e-16
5700.0	5.686879e-16
5702.0	5.665794e-16
5704.0	5.653069e-16
5706.0	5.669517e-16
5708.0	5.667997e-16
5710.0	5.66273e-16
5712.0	5.704662e-16
5714.0	5.79798e-16
5716.0	5.855011e-16
5718.0	5.792245e-16
5720.0	5.773655e-16
5722.0	5.80882e-16
5724.0	5.757967e-16
5726.0	5.797308e-16
5728.0	5.814009e-16
5730.0	5.714127e-16
5732.0	5.743159e-16
5734.0	5.772859e-16
5736.0	5.700215e-16
5738.0	5.640747e-16
5740.0	5.642541e-16
5742.0	5.604253e-16
5744.0	5.642563e-16
5746.0	5.739111e-16
5748.0	5.672735e-16
5750.0	5.660571e-16
5752.0	5.766346e-16
5754.0	5.723679e-16
5756.0	5.681803e-16
5758.0	5.635894e-16
5760.0	5.742598e-16
5762.0	5.71884e-16
5764.0	5.68687e-16
5766.0	5.661539e-16
5768.0	5.595448e-16
5770.0	5.636665e-16
5772.0	5.559686e-16
5774.0	5.430617e-16
5776.0	5.444476e-16
5778.0	5.456652e-16
5780.0	5.424727e-16
5782.0	5.40546e-16
5784.0	5.381557e-16
5786.0	5.400301e-16
5788.0	5.391698e-16
5790.0	5.363562e-16
5792.0	5.331074e-16
5794.0	5.349319e-16
5796.0	5.347727e-16
5798.0	5.29532e-16
5800.0	5.257097e-16
5802.0	5.196476e-16
5804.0	5.124848e-16
5806.0	5.077166e-16
5808.0	5.048622e-16
5810.0	5.11465e-16
5812.0	5.090935e-16
5814.0	4.998715e-16
5816.0	4.96567e-16
5818.0	4.990845e-16
5820.0	4.890427e-16
5822.0	4.826055e-16
5824.0	4.855761e-16
5826.0	4.776583e-16
5828.0	4.6802e-16
5830.0	4.736511e-16
5832.0	4.767092e-16
5834.0	4.745391e-16
5836.0	4.758717e-16
5838.0	4.741814e-16
5840.0	4.729297e-16
5842.0	4.77304e-16
5844.0	4.774649e-16
5846.0	4.676869e-16
5848.0	4.654147e-16
5850.0	4.688553e-16
5852.0	4.677454e-16
5854.0	4.718879e-16
5856.0	4.77877e-16
5858.0	4.733199e-16
5860.0	4.722668e-16
5862.0	4.715154e-16
5864.0	4.751193e-16
5866.0	4.769914e-16
5868.0	4.903125e-16
5870.0	4.747211e-16
5872.0	4.717033e-16
5874.0	4.734018e-16
5876.0	4.718032e-16
5878.0	4.810628e-16
5880.0	4.858796e-16
5882.0	4.864724e-16
5884.0	4.910423e-16
5886.0	4.929261e-16
5888.0	4.872295e-16
5890.0	4.826919e-16
5892.0	4.821236e-16
5894.0	4.892217e-16
5896.0	4.903824e-16
5898.0	4.865926e-16
5900.0	4.910908e-16
5902.0	4.965013e-16
5904.0	5.008146e-16
5906.0	5.01164e-16
5908.0	5.093068e-16
5910.0	5.142168e-16
5912.0	5.089705e-16
5914.0	5.105412e-16
5916.0	5.134498e-16
5918.0	5.174977e-16
5920.0	5.193932e-16
5922.0	5.101246e-16
5924.0	5.076019e-16
5926.0	5.140423e-16
5928.0	5.168505e-16
5930.0	5.142359e-16
5932.0	5.233206e-16
5934.0	5.255109e-16
5936.0	5.216613e-16
5938.0	5.272164e-16
5940.0	5.296286e-16
5942.0	5.316986e-16
5944.0	5.34979e-16
5946.0	5.420771e-16
5948.0	5.32025e-16
5950.0	5.234697e-16
5952.0	5.307839e-16
5954.0	5.449884e-16
5956.0	5.443259e-16
5958.0	5.420656e-16
5960.0	5.455976e-16
5962.0	5.419871e-16
5964.0	5.392728e-16
5966.0	5.365726e-16
5968.0	5.404113e-16
5970.0	5.434108e-16
5972.0	5.415159e-16
5974.0	5.419036e-16
5976.0	5.39864e-16
5978.0	5.44966e-16
5980.0	5.460192e-16
5982.0	5.431181e-16
5984.0	5.47358e-16
5986.0	5.459262e-16
5988.0	5.497934e-16
5990.0	5.494201e-16
5992.0	5.566381e-16
5994.0	5.664595e-16
5996.0	5.538108e-16
5998.0	5.439047e-16
6000.0	5.475153e-16
6002.0	5.400379e-16
6004.0	5.396528e-16
6006.0	5.35999e-16
6008.0	5.26766e-16
6010.0	5.124911e-16
6012.0	5.187561e-16
6014.0	5.31111e-16
6016.0	5.351881e-16
6018.0	5.368176e-16
6020.0	5.346528e-16
6022.0	5.359524e-16
6024.0	5.379533e-16
6026.0	5.327784e-16
6028.0	5.283281e-16
6030.0	5.287609e-16
6032.0	5.296417e-16
6034.0	5.315858e-16
6036.0	5.23564e-16
6038.0	5.235838e-16
6040.0	5.225358e-16
6042.0	5.23858e-16
6044.0	5.261821e-16
6046.0	5.217685e-16
6048.0	5.067299e-16
6050.0	5.132967e-16
6052.0	5.087513e-16
6054.0	5.058292e-16
6056.0	5.071381e-16
6058.0	5.08069e-16
6060.0	5.072015e-16
6062.0	5.08383e-16
6064.0	4.967351e-16
6066.0	4.9217e-16
6068.0	4.917149e-16
6070.0	4.850491e-16
6072.0	4.819188e-16
6074.0	4.819019e-16
6076.0	4.791208e-16
6078.0	4.79256e-16
6080.0	4.794263e-16
6082.0	4.763455e-16
6084.0	4.771609e-16
6086.0	4.751626e-16
6088.0	4.743338e-16
6090.0	4.629203e-16
6092.0	4.606831e-16
6094.0	4.628501e-16
6096.0	4.610056e-16
6098.0	4.552479e-16
6100.0	4.589304e-16
6102.0	4.563822e-16
6104.0	4.458003e-16
6106.0	4.551515e-16
6108.0	4.442373e-16
6110.0	4.462142e-16
6112.0	4.448589e-16
6114.0	4.392672e-16
6116.0	4.376994e-16
6118.0	4.340486e-16
6120.0	4.354632e-16
6122.0	4.33105e-16
6124.0	4.248814e-16
6126.0	4.196234e-16
6128.0	4.147699e-16
6130.0	4.09965e-16
6132.0	4.042553e-16
6134.0	4.033284e-16
6136.0	4.028698e-16
6138.0	3.924251e-16
6140.0	3.878423e-16
6142.0	3.771113e-16
6144.0	3.709349e-16
6146.0	3.695556e-16
6148.0	3.65254e-16
6150.0	3.638941e-16
6152.0	3.590293e-16
6154.0	3.58486e-16
6156.0	3.534111e-16
6158.0	3.395156e-16
6160.0	3.364788e-16
6162.0	3.293941e-16
6164.0	3.262312e-16
6166.0	3.198207e-16
6168.0	3.174974e-16
6170.0	3.076525e-16
6172.0	3.036463e-16
6174.0	2.949963e-16
6176.0	2.862806e-16
6178.0	2.850186e-16
6180.0	2.77833e-16
6182.0	2.746356e-16
6184.0	2.718436e-16
6186.0	2.679724e-16
6188.0	2.66547e-16
6190.0	2.648123e-16
6192.0	2.625414e-16
6194.0	2.590293e-16
6196.0	2.624637e-16
6198.0	2.625368e-16
6200.0	2.550253e-16
6202.0	2.540399e-16
6204.0	2.563056e-16
6206.0	2.522827e-16
6208.0	2.511629e-16
6210.0	2.545309e-16
6212.0	2.522138e-16
6214.0	2.539412e-16
6216.0	2.576281e-16
6218.0	2.579543e-16
6220.0	2.569791e-16
6222.0	2.581562e-16
6224.0	2.61462e-16
6226.0	2.613878e-16
6228.0	2.6118e-16
6230.0	2.65183e-16
6232.0	2.676102e-16
6234.0	2.674249e-16
6236.0	2.716658e-16
6238.0	2.774006e-16
6240.0	2.79018e-16
6242.0	2.787476e-16
6244.0	2.779559e-16
6246.0	2.825244e-16
6248.0	2.86374e-16
6250.0	2.882038e-16
6252.0	2.933006e-16
6254.0	2.94627e-16
6256.0	3.005886e-16
6258.0	2.994797e-16
6260.0	2.986791e-16
6262.0	3.04822e-16
6264.0	3.097517e-16
6266.0	3.174806e-16
6268.0	3.212217e-16
6270.0	3.234693e-16
6272.0	3.250133e-16
6274.0	3.276976e-16
6276.0	3.277616e-16
6278.0	3.342398e-16
6280.0	3.427486e-16
6282.0	3.499633e-16
6284.0	3.571161e-16
6286.0	3.571729e-16
6288.0	3.505559e-16
6290.0	3.562563e-16
6292.0	3.652418e-16
6294.0	3.789288e-16
6296.0	3.964221e-16
6298.0	3.839752e-16
6300.0	3.723793e-16
6302.0	3.70424e-16
6304.0	3.703486e-16
6306.0	3.825981e-16
6308.0	3.922151e-16
6310.0	3.980228e-16
6312.0	3.966138e-16
6314.0	3.981681e-16
6316.0	4.076295e-16
6318.0	4.078734e-16
6320.0	4.030089e-16
6322.0	4.107387e-16
6324.0	4.087633e-16
6326.0	4.136935e-16
6328.0	4.192417e-16
6330.0	4.325059e-16
6332.0	4.364432e-16
6334.0	4.348859e-16
6336.0	4.31393e-16
6338.0	4.362559e-16
6340.0	4.397852e-16
6342.0	4.465672e-16
6344.0	4.476303e-16
6346.0	4.479932e-16
6348.0	4.533207e-16
6350.0	4.594712e-16
6352.0	4.608841e-16
6354.0	4.646433e-16
6356.0	4.669327e-16
6358.0	4.720431e-16
6360.0	4.789424e-16
6362.0	4.784763e-16
6364.0	4.779887e-16
6366.0	4.670955e-16
6368.0	4.605629e-16
6370.0	4.71365e-16
6372.0	4.798262e-16
6374.0	4.814373e-16
6376.0	4.748768e-16
6378.0	4.752869e-16
6380.0	4.785941e-16
6382.0	4.854217e-16
6384.0	4.825942e-16
6386.0	4.837657e-16
6388.0	4.882477e-16
6390.0	4.89358e-16
6392.0	4.862488e-16
6394.0	4.873483e-16
6396.0	4.86971e-16
6398.0	4.871915e-16
6400.0	4.798496e-16
6402.0	4.83822e-16
6404.0	4.904484e-16
6406.0	4.888594e-16
6408.0	4.845021e-16
6410.0	4.855992e-16
6412.0	4.841667e-16
6414.0	4.825603e-16
6416.0	4.819935e-16
6418.0	4.796939e-16
6420.0	4.754227e-16
6422.0	4.746624e-16
6424.0	4.831572e-16
6426.0	4.93779e-16
6428.0	4.931889e-16
6430.0	4.899929e-16
6432.0	4.810797e-16
6434.0	4.680071e-16
6436.0	4.66443e-16
6438.0	4.805083e-16
6440.0	4.739384e-16
6442.0	4.660868e-16
6444.0	4.694864e-16
6446.0	4.76361e-16
6448.0	4.81894e-16
6450.0	4.73784e-16
6452.0	4.763079e-16
6454.0	4.758096e-16
6456.0	4.872506e-16
6458.0	4.914733e-16
6460.0	4.871933e-16
6462.0	4.908634e-16
6464.0	4.914727e-16
6466.0	4.860077e-16
6468.0	4.839327e-16
6470.0	4.804919e-16
6472.0	4.768847e-16
6474.0	4.818927e-16
6476.0	4.878829e-16
6478.0	4.887217e-16
6480.0	4.872181e-16
6482.0	4.898732e-16
6484.0	4.951273e-16
6486.0	4.930473e-16
6488.0	4.933439e-16
6490.0	4.942706e-16
6492.0	4.982668e-16
6494.0	4.96658e-16
6496.0	5.01534e-16
6498.0	4.963055e-16
6500.0	4.921999e-16
6502.0	4.999928e-16
6504.0	4.982274e-16
6506.0	5.022468e-16
6508.0	5.041366e-16
6510.0	4.980446e-16
6512.0	4.961712e-16
6514.0	4.916727e-16
6516.0	4.858511e-16
6518.0	4.875418e-16
6520.0	4.866155e-16
6522.0	4.853465e-16
6524.0	4.872292e-16
6526.0	4.87546e-16
6528.0	4.823504e-16
6530.0	4.809769e-16
6532.0	4.795199e-16
6534.0	4.814955e-16
6536.0	4.841605e-16
6538.0	4.839971e-16
6540.0	4.914278e-16
6542.0	4.851777e-16
6544.0	4.799346e-16
6546.0	4.867438e-16
6548.0	4.800827e-16
6550.0	4.801204e-16
6552.0	4.733322e-16
6554.0	4.708721e-16
6556.0	4.724735e-16
6558.0	4.724043e-16
6560.0	4.748599e-16
6562.0	4.850638e-16
6564.0	4.830304e-16
6566.0	4.761371e-16
6568.0	4.774363e-16
6570.0	4.701804e-16
6572.0	4.720651e-16
6574.0	4.753356e-16
6576.0	4.756391e-16
6578.0	4.722347e-16
6580.0	4.737222e-16
6582.0	4.833155e-16
6584.0	4.717345e-16
6586.0	4.690668e-16
6588.0	4.667434e-16
6590.0	4.596531e-16
6592.0	4.621029e-16
6594.0	4.664457e-16
6596.0	4.57245e-16
6598.0	4.57896e-16
6600.0	4.677385e-16
6602.0	4.705335e-16
6604.0	4.721807e-16
6606.0	4.730258e-16
6608.0	4.693851e-16
6610.0	4.616332e-16
6612.0	4.622283e-16
6614.0	4.590556e-16
6616.0	4.538351e-16
6618.0	4.555688e-16
6620.0	4.525481e-16
6622.0	4.525506e-16
6624.0	4.550927e-16
6626.0	4.486074e-16
6628.0	4.421688e-16
6630.0	4.412499e-16
6632.0	4.463232e-16
6634.0	4.437808e-16
6636.0	4.387553e-16
6638.0	4.389872e-16
6640.0	4.441041e-16
6642.0	4.402808e-16
6644.0	4.465143e-16
6646.0	4.547087e-16
6648.0	4.537537e-16
6650.0	4.515466e-16
6652.0	4.465018e-16
6654.0	4.489715e-16
6656.0	4.420303e-16
6658.0	4.416571e-16
6660.0	4.45937e-16
6662.0	4.423314e-16
6664.0	4.411811e-16
6666.0	4.399787e-16
6668.0	4.368436e-16
6670.0	4.374451e-16
6672.0	4.379653e-16
6674.0	4.482837e-16
6676.0	4.443596e-16
6678.0	4.404656e-16
6680.0	4.524856e-16
6682.0	4.588246e-16
6684.0	4.627873e-16
6686.0	4.510052e-16
6688.0	4.440496e-16
6690.0	4.453733e-16
6692.0	4.693733e-16
6694.0	5.442046e-16
6696.0	6.225966e-16
6698.0	6.447575e-16
6700.0	6.149871e-16
6702.0	5.346037e-16
6704.0	4.614362e-16
6706.0	4.346461e-16
6708.0	4.279475e-16
6710.0	4.225235e-16
6712.0	4.252227e-16
6714.0	4.561061e-16
6716.0	4.899605e-16
6718.0	5.049313e-16
6720.0	5.022166e-16
6722.0	4.790438e-16
6724.0	4.459551e-16
6726.0	4.230267e-16
6728.0	4.187864e-16
6730.0	4.240827e-16
6732.0	4.225968e-16
6734.0	4.224282e-16
6736.0	4.233176e-16
6738.0	4.186933e-16
6740.0	4.162856e-16
6742.0	4.143108e-16
6744.0	4.13375e-16
6746.0	4.142949e-16
6748.0	4.187585e-16
6750.0	4.199963e-16
6752.0	4.191448e-16
6754.0	4.194797e-16
6756.0	4.199001e-16
6758.0	4.192382e-16
6760.0	4.137406e-16
6762.0	4.06824e-16
6764.0	4.075279e-16
6766.0	4.097034e-16
6768.0	4.162491e-16
6770.0	4.128969e-16
6772.0	4.081155e-16
6774.0	4.086707e-16
6776.0	4.068564e-16
6778.0	4.095915e-16
6780.0	4.096806e-16
6782.0	4.017469e-16
6784.0	3.981461e-16
6786.0	4.110136e-16
6788.0	4.129295e-16
6790.0	4.150371e-16
6792.0	4.161357e-16
6794.0	4.087802e-16
6796.0	4.023218e-16
6798.0	4.046191e-16
6800.0	4.011855e-16
6802.0	3.975023e-16
6804.0	3.977675e-16
6806.0	4.045032e-16
6808.0	4.009288e-16
6810.0	3.953179e-16
6812.0	4.018764e-16
6814.0	4.036415e-16
6816.0	4.034768e-16
6818.0	4.03298e-16
6820.0	3.92418e-16
6822.0	3.819656e-16
6824.0	3.965439e-16
6826.0	4.017116e-16
6828.0	3.911484e-16
6830.0	3.861046e-16
6832.0	3.915105e-16
6834.0	3.860462e-16
6836.0	3.846131e-16
6838.0	3.844771e-16
6840.0	3.84372e-16
6842.0	3.796015e-16
6844.0	3.791305e-16
6846.0	3.849692e-16
6848.0	3.946708e-16
6850.0	4.106724e-16
6852.0	4.218364e-16
6854.0	4.191448e-16
6856.0	4.099185e-16
6858.0	3.983796e-16
6860.0	3.868247e-16
6862.0	3.879896e-16
6864.0	3.780567e-16
6866.0	3.778332e-16
6868.0	3.864982e-16
6870.0	3.949042e-16
6872.0	3.926866e-16
6874.0	3.829489e-16
6876.0	3.830057e-16
6878.0	3.830726e-16
6880.0	3.877266e-16
6882.0	3.844801e-16
6884.0	3.739301e-16
6886.0	3.689015e-16
6888.0	3.675064e-16
6890.0	3.681421e-16
6892.0	3.617108e-16
6894.0	3.584599e-16
6896.0	3.640256e-16
6898.0	3.738367e-16
6900.0	3.808858e-16
6902.0	3.806605e-16
6904.0	3.690171e-16
6906.0	3.608382e-16
6908.0	3.721324e-16
6910.0	3.734159e-16
6912.0	3.68366e-16
6914.0	3.696435e-16
6916.0	3.69936e-16
6918.0	3.698572e-16
6920.0	3.725854e-16
6922.0	3.715607e-16
6924.0	3.675576e-16
6926.0	3.652277e-16
6928.0	3.571787e-16
6930.0	3.584583e-16
6932.0	3.694894e-16
6934.0	3.662711e-16
6936.0	3.65684e-16
6938.0	3.637486e-16
6940.0	3.681764e-16
6942.0	3.706182e-16
6944.0	3.699828e-16
6946.0	3.673329e-16
6948.0	3.636161e-16
6950.0	3.584151e-16
6952.0	3.560657e-16
6954.0	3.635768e-16
6956.0	3.689884e-16
6958.0	3.671356e-16
6960.0	3.634773e-16
6962.0	3.653121e-16
6964.0	3.679674e-16
6966.0	3.650103e-16
6968.0	3.633277e-16
6970.0	3.578803e-16
6972.0	3.619076e-16
6974.0	3.721437e-16
6976.0	3.720853e-16
6978.0	3.653907e-16
6980.0	3.594735e-16
6982.0	3.578365e-16
6984.0	3.517193e-16
6986.0	3.487369e-16
6988.0	3.583318e-16
6990.0	3.606124e-16
6992.0	3.606537e-16
6994.0	3.612234e-16
6996.0	3.559626e-16
6998.0	3.512237e-16
7000.0	3.509886e-16
7002.0	3.471146e-16
7004.0	3.46426e-16
7006.0	3.489264e-16
7008.0	3.565845e-16
7010.0	3.609919e-16
7012.0	3.521966e-16
7014.0	3.482512e-16
7016.0	3.499696e-16
7018.0	3.502381e-16
7020.0	3.546792e-16
7022.0	3.604531e-16
7024.0	3.54619e-16
7026.0	3.479296e-16
7028.0	3.482707e-16
7030.0	3.451272e-16
7032.0	3.434232e-16
7034.0	3.514216e-16
7036.0	3.544014e-16
7038.0	3.48027e-16
7040.0	3.458051e-16
7042.0	3.423872e-16
7044.0	3.452787e-16
7046.0	3.538112e-16
7048.0	3.573623e-16
7050.0	3.522738e-16
