#	 asassn15py 
#	 UT date of observation: 20151011 
#	 Telescope/Instrument: SOAR/Goodman 
#	 Estimated Peak MJD: 57288.961 
#	 Estimated redshift: 0.000 
#	 Estimated Phase: 17.0 
#	 Published in Dettman et al. 2020 
#	 Observed barycentric wavelength (Angstroms)    F_lambda
3700.0	7.699666e-16
3702.0	7.329199e-16
3704.0	4.966574e-16
3706.0	3.908777e-16
3708.0	6.57373e-16
3710.0	4.979391e-16
3712.0	4.222147e-16
3714.0	6.645466e-16
3716.0	6.301902e-16
3718.0	6.606626e-16
3720.0	6.567641e-16
3722.0	8.943373e-16
3724.0	9.677974e-16
3726.0	6.375446e-16
3728.0	6.552823e-16
3730.0	7.139826e-16
3732.0	4.573782e-16
3734.0	4.586174e-16
3736.0	5.330522e-16
3738.0	5.796162e-16
3740.0	2.999211e-16
3742.0	2.522143e-16
3744.0	3.706427e-16
3746.0	6.084112e-16
3748.0	6.053357e-16
3750.0	4.090959e-16
3752.0	4.735257e-16
3754.0	4.923688e-16
3756.0	5.798368e-16
3758.0	6.080002e-16
3760.0	5.748216e-16
3762.0	7.929235e-16
3764.0	8.470199e-16
3766.0	6.648356e-16
3768.0	7.540334e-16
3770.0	7.601982e-16
3772.0	8.353754e-16
3774.0	7.952644e-16
3776.0	7.251332e-16
3778.0	1.930378e-16
3780.0	4.893275e-16
3782.0	9.097287e-16
3784.0	8.592529e-16
3786.0	4.792642e-16
3788.0	3.599188e-16
3790.0	3.785555e-16
3792.0	4.989305e-16
3794.0	5.471222e-16
3796.0	3.688207e-16
3798.0	4.123387e-16
3800.0	6.781004e-16
3802.0	4.738635e-16
3804.0	5.190546e-16
3806.0	5.186552e-16
3808.0	5.08225e-16
3810.0	6.003166e-16
3812.0	5.12742e-16
3814.0	3.157084e-16
3816.0	6.339059e-16
3818.0	3.851074e-16
3820.0	3.120732e-16
3822.0	8.646787e-16
3824.0	7.405999e-16
3826.0	5.232905e-16
3828.0	5.198288e-16
3830.0	6.348028e-16
3832.0	6.832401e-16
3834.0	8.008681e-16
3836.0	8.561527e-16
3838.0	7.308656e-16
3840.0	7.489116e-16
3842.0	6.425364e-16
3844.0	6.026804e-16
3846.0	8.482599e-16
3848.0	7.196533e-16
3850.0	5.358117e-16
3852.0	7.620009e-16
3854.0	9.018004e-16
3856.0	5.508192e-16
3858.0	5.406701e-16
3860.0	4.231539e-16
3862.0	3.240688e-16
3864.0	4.79447e-16
3866.0	6.10669e-16
3868.0	7.250023e-16
3870.0	6.439255e-16
3872.0	4.325284e-16
3874.0	6.211921e-16
3876.0	5.062154e-16
3878.0	5.66001e-16
3880.0	5.902635e-16
3882.0	5.390236e-16
3884.0	4.547895e-16
3886.0	4.746408e-16
3888.0	5.003263e-16
3890.0	5.976417e-16
3892.0	4.908148e-16
3894.0	6.359346e-16
3896.0	5.559783e-16
3898.0	4.62942e-16
3900.0	4.309469e-16
3902.0	3.858452e-16
3904.0	2.952175e-16
3906.0	4.019427e-16
3908.0	4.72864e-16
3910.0	2.901698e-16
3912.0	1.969607e-16
3914.0	2.74656e-17
3916.0	1.62656e-16
3918.0	2.457858e-16
3920.0	2.322682e-16
3922.0	2.271841e-16
3924.0	1.740949e-16
3926.0	1.493882e-16
3928.0	1.772834e-16
3930.0	1.029612e-16
3932.0	1.367924e-16
3934.0	2.819606e-16
3936.0	2.346355e-16
3938.0	3.173883e-16
3940.0	2.90818e-16
3942.0	1.660295e-16
3944.0	3.798085e-16
3946.0	4.895386e-16
3948.0	3.572148e-16
3950.0	3.015119e-16
3952.0	3.619995e-16
3954.0	3.211546e-16
3956.0	4.693096e-16
3958.0	3.684014e-16
3960.0	3.314029e-16
3962.0	5.79557e-16
3964.0	4.231594e-16
3966.0	2.52508e-16
3968.0	1.167732e-16
3970.0	2.097996e-16
3972.0	5.286874e-16
3974.0	3.62704e-16
3976.0	2.249317e-16
3978.0	3.383519e-16
3980.0	3.884315e-16
3982.0	6.014217e-16
3984.0	5.6209e-16
3986.0	4.867083e-16
3988.0	3.806316e-16
3990.0	4.793858e-16
3992.0	5.53025e-16
3994.0	4.775453e-16
3996.0	4.884499e-16
3998.0	5.33382e-16
4000.0	5.714601e-16
4002.0	5.726191e-16
4004.0	4.99984e-16
4006.0	5.112012e-16
4008.0	5.219323e-16
4010.0	6.680995e-16
4012.0	9.054091e-16
4014.0	7.840877e-16
4016.0	6.36125e-16
4018.0	6.383648e-16
4020.0	7.666892e-16
4022.0	8.875545e-16
4024.0	8.93943e-16
4026.0	9.329914e-16
4028.0	9.231179e-16
4030.0	8.775903e-16
4032.0	9.062223e-16
4034.0	9.623864e-16
4036.0	1.093518e-15
4038.0	9.748909e-16
4040.0	8.551659e-16
4042.0	1.144817e-15
4044.0	1.10403e-15
4046.0	7.856871e-16
4048.0	9.59715e-16
4050.0	1.298837e-15
4052.0	1.390278e-15
4054.0	1.310197e-15
4056.0	1.144273e-15
4058.0	1.043101e-15
4060.0	1.164886e-15
4062.0	1.263202e-15
4064.0	1.244173e-15
4066.0	1.267661e-15
4068.0	1.282599e-15
4070.0	1.291267e-15
4072.0	1.216951e-15
4074.0	1.116828e-15
4076.0	1.13821e-15
4078.0	1.177526e-15
4080.0	1.126868e-15
4082.0	1.150614e-15
4084.0	1.33759e-15
4086.0	1.440392e-15
4088.0	1.310234e-15
4090.0	1.343527e-15
4092.0	1.350498e-15
4094.0	1.177859e-15
4096.0	1.225057e-15
4098.0	1.267444e-15
4100.0	1.254757e-15
4102.0	1.200463e-15
4104.0	1.20717e-15
4106.0	1.263327e-15
4108.0	1.093308e-15
4110.0	1.015377e-15
4112.0	1.220595e-15
4114.0	1.454862e-15
4116.0	1.466996e-15
4118.0	1.409719e-15
4120.0	1.398894e-15
4122.0	1.523703e-15
4124.0	1.631688e-15
4126.0	1.359145e-15
4128.0	1.164137e-15
4130.0	1.211648e-15
4132.0	1.244118e-15
4134.0	1.347722e-15
4136.0	1.45649e-15
4138.0	1.399448e-15
4140.0	1.171982e-15
4142.0	1.110032e-15
4144.0	1.215322e-15
4146.0	1.216845e-15
4148.0	1.266918e-15
4150.0	1.321865e-15
4152.0	1.330125e-15
4154.0	1.193905e-15
4156.0	1.013737e-15
4158.0	1.020964e-15
4160.0	1.245267e-15
4162.0	1.197851e-15
4164.0	1.181163e-15
4166.0	1.290929e-15
4168.0	1.214421e-15
4170.0	1.172285e-15
4172.0	9.887423e-16
4174.0	8.594544e-16
4176.0	1.008566e-15
4178.0	1.07054e-15
4180.0	1.060731e-15
4182.0	9.908369e-16
4184.0	8.463616e-16
4186.0	8.482065e-16
4188.0	7.828997e-16
4190.0	8.539416e-16
4192.0	8.8066e-16
4194.0	8.151317e-16
4196.0	7.9916e-16
4198.0	8.02792e-16
4200.0	8.480365e-16
4202.0	8.968834e-16
4204.0	8.089078e-16
4206.0	8.132715e-16
4208.0	8.195071e-16
4210.0	8.428366e-16
4212.0	8.651417e-16
4214.0	8.600951e-16
4216.0	9.036953e-16
4218.0	9.241567e-16
4220.0	9.176798e-16
4222.0	8.104781e-16
4224.0	8.283765e-16
4226.0	9.630881e-16
4228.0	1.055953e-15
4230.0	8.86637e-16
4232.0	7.263888e-16
4234.0	9.107502e-16
4236.0	1.006146e-15
4238.0	9.677507e-16
4240.0	7.422887e-16
4242.0	8.035212e-16
4244.0	8.674486e-16
4246.0	8.974414e-16
4248.0	7.738763e-16
4250.0	8.14768e-16
4252.0	1.032374e-15
4254.0	9.008497e-16
4256.0	7.957754e-16
4258.0	8.864408e-16
4260.0	8.348468e-16
4262.0	7.218543e-16
4264.0	6.006468e-16
4266.0	6.329919e-16
4268.0	9.064795e-16
4270.0	9.301803e-16
4272.0	7.979402e-16
4274.0	8.88988e-16
4276.0	9.321185e-16
4278.0	9.200762e-16
4280.0	7.789808e-16
4282.0	7.470486e-16
4284.0	6.615776e-16
4286.0	5.124011e-16
4288.0	8.434519e-16
4290.0	8.129372e-16
4292.0	6.933269e-16
4294.0	8.589169e-16
4296.0	8.587484e-16
4298.0	8.052701e-16
4300.0	7.525036e-16
4302.0	7.72225e-16
4304.0	8.287574e-16
4306.0	7.469863e-16
4308.0	8.118221e-16
4310.0	8.18494e-16
4312.0	7.216012e-16
4314.0	7.829107e-16
4316.0	7.991028e-16
4318.0	7.06832e-16
4320.0	7.409611e-16
4322.0	6.751831e-16
4324.0	6.028417e-16
4326.0	6.714879e-16
4328.0	8.893804e-16
4330.0	7.771358e-16
4332.0	8.39608e-16
4334.0	7.958402e-16
4336.0	7.158795e-16
4338.0	8.848718e-16
4340.0	9.343274e-16
4342.0	8.058447e-16
4344.0	7.905486e-16
4346.0	8.162457e-16
4348.0	7.867426e-16
4350.0	9.121091e-16
4352.0	9.261717e-16
4354.0	9.334682e-16
4356.0	9.445598e-16
4358.0	9.831318e-16
4360.0	9.695635e-16
4362.0	9.164568e-16
4364.0	1.026437e-15
4366.0	9.85322e-16
4368.0	9.365666e-16
4370.0	8.9912e-16
4372.0	9.113573e-16
4374.0	1.037226e-15
4376.0	9.895379e-16
4378.0	8.7652e-16
4380.0	8.606628e-16
4382.0	9.814213e-16
4384.0	1.098682e-15
4386.0	9.75343e-16
4388.0	8.770729e-16
4390.0	9.491019e-16
4392.0	9.206711e-16
4394.0	7.995083e-16
4396.0	7.708769e-16
4398.0	9.3519e-16
4400.0	9.255101e-16
4402.0	8.439056e-16
4404.0	8.811832e-16
4406.0	8.507108e-16
4408.0	9.220457e-16
4410.0	9.137194e-16
4412.0	8.681379e-16
4414.0	8.570256e-16
4416.0	9.212095e-16
4418.0	9.4344e-16
4420.0	9.96231e-16
4422.0	1.00713e-15
4424.0	9.186613e-16
4426.0	9.974415e-16
4428.0	8.664803e-16
4430.0	8.144663e-16
4432.0	8.47419e-16
4434.0	8.811588e-16
4436.0	8.069505e-16
4438.0	7.276104e-16
4440.0	7.416311e-16
4442.0	7.62244e-16
4444.0	8.670797e-16
4446.0	9.447042e-16
4448.0	8.468981e-16
4450.0	1.023032e-15
4452.0	9.913279e-16
4454.0	7.88855e-16
4456.0	9.236037e-16
4458.0	9.699007e-16
4460.0	8.909988e-16
4462.0	7.997404e-16
4464.0	1.003411e-15
4466.0	9.729244e-16
4468.0	8.885661e-16
4470.0	8.714975e-16
4472.0	9.321673e-16
4474.0	1.057451e-15
4476.0	1.001038e-15
4478.0	1.005418e-15
4480.0	9.493989e-16
4482.0	9.164144e-16
4484.0	1.092603e-15
4486.0	1.030325e-15
4488.0	1.072527e-15
4490.0	1.006644e-15
4492.0	9.068533e-16
4494.0	1.102548e-15
4496.0	1.005857e-15
4498.0	1.055774e-15
4500.0	9.78938e-16
4502.0	1.120021e-15
4504.0	1.084516e-15
4506.0	9.752417e-16
4508.0	1.009028e-15
4510.0	1.120202e-15
4512.0	1.139578e-15
4514.0	1.080789e-15
4516.0	8.089915e-16
4518.0	9.965051e-16
4520.0	8.949204e-16
4522.0	9.626516e-16
4524.0	8.053203e-16
4526.0	9.170722e-16
4528.0	9.233441e-16
4530.0	8.097546e-16
4532.0	8.179331e-16
4534.0	7.8372e-16
4536.0	7.389781e-16
4538.0	7.128689e-16
4540.0	7.028624e-16
4542.0	6.238893e-16
4544.0	7.235209e-16
4546.0	7.134845e-16
4548.0	6.782465e-16
4550.0	6.853627e-16
4552.0	6.744552e-16
4554.0	6.724019e-16
4556.0	7.116037e-16
4558.0	8.460369e-16
4560.0	6.73534e-16
4562.0	5.474419e-16
4564.0	6.550799e-16
4566.0	6.554921e-16
4568.0	5.18791e-16
4570.0	4.367973e-16
4572.0	5.61005e-16
4574.0	7.529672e-16
4576.0	7.204496e-16
4578.0	7.012658e-16
4580.0	6.538314e-16
4582.0	6.481385e-16
4584.0	4.578764e-16
4586.0	4.9089e-16
4588.0	4.566468e-16
4590.0	4.55541e-16
4592.0	4.496438e-16
4594.0	4.224344e-16
4596.0	5.099323e-16
4598.0	5.808761e-16
4600.0	5.738942e-16
4602.0	4.17281e-16
4604.0	5.927317e-16
4606.0	5.40939e-16
4608.0	5.25298e-16
4610.0	5.747616e-16
4612.0	4.953593e-16
4614.0	5.17978e-16
4616.0	4.25936e-16
4618.0	4.824769e-16
4620.0	6.29964e-16
4622.0	7.3129e-16
4624.0	6.797495e-16
4626.0	5.106321e-16
4628.0	6.062961e-16
4630.0	6.83572e-16
4632.0	6.920819e-16
4634.0	7.285337e-16
4636.0	6.262712e-16
4638.0	4.683164e-16
4640.0	5.380029e-16
4642.0	5.949217e-16
4644.0	6.008396e-16
4646.0	6.899313e-16
4648.0	5.859517e-16
4650.0	5.230068e-16
4652.0	5.436953e-16
4654.0	5.589071e-16
4656.0	4.211844e-16
4658.0	4.819158e-16
4660.0	5.362903e-16
4662.0	5.865047e-16
4664.0	6.662179e-16
4666.0	6.470098e-16
4668.0	7.926867e-16
4670.0	7.441125e-16
4672.0	6.940978e-16
4674.0	7.310576e-16
4676.0	6.692557e-16
4678.0	6.146406e-16
4680.0	6.501467e-16
4682.0	6.396274e-16
4684.0	7.037939e-16
4686.0	7.483058e-16
4688.0	6.999456e-16
4690.0	7.048766e-16
4692.0	7.794683e-16
4694.0	7.72891e-16
4696.0	8.022817e-16
4698.0	8.536212e-16
4700.0	9.001211e-16
4702.0	9.66298e-16
4704.0	9.409678e-16
4706.0	8.386038e-16
4708.0	7.432263e-16
4710.0	8.306714e-16
4712.0	9.932471e-16
4714.0	1.012654e-15
4716.0	1.022582e-15
4718.0	1.061622e-15
4720.0	1.0951e-15
4722.0	1.019052e-15
4724.0	1.045327e-15
4726.0	1.144894e-15
4728.0	1.231136e-15
4730.0	1.256042e-15
4732.0	1.235172e-15
4734.0	1.315506e-15
4736.0	1.324275e-15
4738.0	1.264169e-15
4740.0	1.313163e-15
4742.0	1.379632e-15
4744.0	1.388982e-15
4746.0	1.452811e-15
4748.0	1.521746e-15
4750.0	1.469465e-15
4752.0	1.488409e-15
4754.0	1.549461e-15
4756.0	1.510488e-15
4758.0	1.493137e-15
4760.0	1.495403e-15
4762.0	1.523081e-15
4764.0	1.553571e-15
4766.0	1.555483e-15
4768.0	1.573739e-15
4770.0	1.586859e-15
4772.0	1.627857e-15
4774.0	1.683859e-15
4776.0	1.723978e-15
4778.0	1.778695e-15
4780.0	1.79765e-15
4782.0	1.822463e-15
4784.0	1.865317e-15
4786.0	1.926122e-15
4788.0	1.968848e-15
4790.0	2.03379e-15
4792.0	2.054156e-15
4794.0	1.925757e-15
4796.0	1.870564e-15
4798.0	1.918622e-15
4800.0	2.037864e-15
4802.0	2.145846e-15
4804.0	2.097346e-15
4806.0	2.044638e-15
4808.0	2.074832e-15
4810.0	2.123554e-15
4812.0	2.12702e-15
4814.0	2.069677e-15
4816.0	2.002393e-15
4818.0	2.035585e-15
4820.0	2.130524e-15
4822.0	2.095397e-15
4824.0	2.145772e-15
4826.0	2.201839e-15
4828.0	2.151605e-15
4830.0	2.204304e-15
4832.0	2.192954e-15
4834.0	2.083319e-15
4836.0	2.128384e-15
4838.0	2.234828e-15
4840.0	2.240733e-15
4842.0	2.167078e-15
4844.0	2.012923e-15
4846.0	1.940815e-15
4848.0	1.852727e-15
4850.0	1.658029e-15
4852.0	1.639814e-15
4854.0	1.765571e-15
4856.0	1.601396e-15
4858.0	1.483526e-15
4860.0	1.597469e-15
4862.0	1.602881e-15
4864.0	1.561115e-15
4866.0	1.54904e-15
4868.0	1.539526e-15
4870.0	1.436906e-15
4872.0	1.382873e-15
4874.0	1.243427e-15
4876.0	1.115416e-15
4878.0	1.154121e-15
4880.0	1.223573e-15
4882.0	1.218422e-15
4884.0	1.081702e-15
4886.0	9.719313e-16
4888.0	9.729115e-16
4890.0	9.770693e-16
4892.0	1.028925e-15
4894.0	9.872169e-16
4896.0	9.921972e-16
4898.0	9.859411e-16
4900.0	1.053652e-15
4902.0	1.086305e-15
4904.0	1.077142e-15
4906.0	1.0949e-15
4908.0	9.131551e-16
4910.0	8.379444e-16
4912.0	9.296672e-16
4914.0	9.261608e-16
4916.0	8.880485e-16
4918.0	8.495979e-16
4920.0	8.685212e-16
4922.0	8.848475e-16
4924.0	8.529612e-16
4926.0	8.227026e-16
4928.0	8.379218e-16
4930.0	8.458924e-16
4932.0	8.831491e-16
4934.0	8.102448e-16
4936.0	7.434411e-16
4938.0	8.828708e-16
4940.0	9.323382e-16
4942.0	7.717403e-16
4944.0	7.674585e-16
4946.0	7.323354e-16
4948.0	7.149606e-16
4950.0	7.39666e-16
4952.0	7.849213e-16
4954.0	7.194294e-16
4956.0	7.776406e-16
4958.0	6.700072e-16
4960.0	6.843028e-16
4962.0	7.597728e-16
4964.0	8.726724e-16
4966.0	9.043954e-16
4968.0	1.050352e-15
4970.0	9.792193e-16
4972.0	7.48487e-16
4974.0	7.903268e-16
4976.0	8.590132e-16
4978.0	8.225486e-16
4980.0	7.147519e-16
4982.0	6.284161e-16
4984.0	7.526417e-16
4986.0	7.990328e-16
4988.0	8.679789e-16
4990.0	8.771574e-16
4992.0	7.307269e-16
4994.0	6.218834e-16
4996.0	8.569571e-16
4998.0	9.209195e-16
5000.0	8.743493e-16
5002.0	8.682748e-16
5004.0	8.667642e-16
5006.0	8.567357e-16
5008.0	8.766623e-16
5010.0	9.861159e-16
5012.0	9.779757e-16
5014.0	1.018136e-15
5016.0	8.931352e-16
5018.0	9.740295e-16
5020.0	9.502774e-16
5022.0	9.446646e-16
5024.0	8.928209e-16
5026.0	8.305664e-16
5028.0	8.337693e-16
5030.0	9.095039e-16
5032.0	8.106037e-16
5034.0	8.194698e-16
5036.0	8.874459e-16
5038.0	8.590448e-16
5040.0	8.522164e-16
5042.0	8.392352e-16
5044.0	8.511897e-16
5046.0	7.400282e-16
5048.0	8.384071e-16
5050.0	8.214745e-16
5052.0	8.219418e-16
5054.0	8.64082e-16
5056.0	8.493162e-16
5058.0	8.775687e-16
5060.0	8.562168e-16
5062.0	8.28041e-16
5064.0	8.527868e-16
5066.0	8.515994e-16
5068.0	8.840075e-16
5070.0	8.415492e-16
5072.0	8.826983e-16
5074.0	9.363837e-16
5076.0	9.605396e-16
5078.0	9.636141e-16
5080.0	7.843171e-16
5082.0	7.75223e-16
5084.0	7.363369e-16
5086.0	8.789976e-16
5088.0	9.30374e-16
5090.0	8.933286e-16
5092.0	1.025205e-15
5094.0	1.014281e-15
5096.0	1.078105e-15
5098.0	9.549627e-16
5100.0	8.672767e-16
5102.0	1.006537e-15
5104.0	1.06102e-15
5106.0	9.103677e-16
5108.0	9.467357e-16
5110.0	1.057061e-15
5112.0	1.035954e-15
5114.0	1.134009e-15
5116.0	1.192481e-15
5118.0	1.196188e-15
5120.0	1.084535e-15
5122.0	1.177556e-15
5124.0	1.139761e-15
5126.0	1.07053e-15
5128.0	1.118652e-15
5130.0	1.120637e-15
5132.0	1.19104e-15
5134.0	1.227529e-15
5136.0	1.301753e-15
5138.0	1.412134e-15
5140.0	1.388701e-15
5142.0	1.299809e-15
5144.0	1.279664e-15
5146.0	1.302578e-15
5148.0	1.303228e-15
5150.0	1.451757e-15
5152.0	1.441502e-15
5154.0	1.479015e-15
5156.0	1.380122e-15
5158.0	1.345132e-15
5160.0	1.32518e-15
5162.0	1.399485e-15
5164.0	1.357429e-15
5166.0	1.25176e-15
5168.0	1.32577e-15
5170.0	1.254943e-15
5172.0	1.181427e-15
5174.0	1.151455e-15
5176.0	1.280871e-15
5178.0	1.279963e-15
5180.0	1.127347e-15
5182.0	1.070381e-15
5184.0	1.074987e-15
5186.0	1.105222e-15
5188.0	1.012962e-15
5190.0	1.009051e-15
5192.0	1.050857e-15
5194.0	1.026891e-15
5196.0	9.799846e-16
5198.0	8.878132e-16
5200.0	9.29159e-16
5202.0	9.761369e-16
5204.0	9.3125e-16
5206.0	9.756605e-16
5208.0	8.811418e-16
5210.0	8.458642e-16
5212.0	9.238468e-16
5214.0	8.632597e-16
5216.0	7.858044e-16
5218.0	7.807528e-16
5220.0	7.923461e-16
5222.0	8.257968e-16
5224.0	8.68385e-16
5226.0	8.845889e-16
5228.0	8.962963e-16
5230.0	8.195634e-16
5232.0	7.712809e-16
5234.0	7.530509e-16
5236.0	7.142513e-16
5238.0	8.030829e-16
5240.0	8.428892e-16
5242.0	7.545548e-16
5244.0	7.60359e-16
5246.0	7.73751e-16
5248.0	7.667815e-16
5250.0	8.541639e-16
5252.0	9.225443e-16
5254.0	8.689111e-16
5256.0	8.118525e-16
5258.0	8.147244e-16
5260.0	8.267271e-16
5262.0	8.36428e-16
5264.0	7.495797e-16
5266.0	6.975737e-16
5268.0	7.348274e-16
5270.0	7.369404e-16
5272.0	6.863861e-16
5274.0	7.221662e-16
5276.0	7.851244e-16
5278.0	7.903232e-16
5280.0	7.286055e-16
5282.0	6.81488e-16
5284.0	7.291777e-16
5286.0	7.187054e-16
5288.0	7.452168e-16
5290.0	8.176988e-16
5292.0	8.401599e-16
5294.0	8.069644e-16
5296.0	8.279525e-16
5298.0	7.511297e-16
5300.0	7.152603e-16
5302.0	6.987958e-16
5304.0	7.32328e-16
5306.0	7.581979e-16
5308.0	7.22557e-16
5310.0	7.799777e-16
5312.0	7.550853e-16
5314.0	6.603885e-16
5316.0	7.191186e-16
5318.0	7.109953e-16
5320.0	6.437124e-16
5322.0	7.320469e-16
5324.0	7.86749e-16
5326.0	7.167946e-16
5328.0	7.758958e-16
5330.0	8.366552e-16
5332.0	7.766338e-16
5334.0	7.112652e-16
5336.0	7.303872e-16
5338.0	6.931109e-16
5340.0	6.210944e-16
5342.0	6.334453e-16
5344.0	6.616984e-16
5346.0	7.119496e-16
5348.0	6.954297e-16
5350.0	6.488802e-16
5352.0	7.520507e-16
5354.0	7.44914e-16
5356.0	6.664893e-16
5358.0	6.924651e-16
5360.0	7.709189e-16
5362.0	7.456059e-16
5364.0	7.600776e-16
5366.0	7.34007e-16
5368.0	6.34092e-16
5370.0	8.095774e-16
5372.0	8.703282e-16
5374.0	8.281851e-16
5376.0	8.468788e-16
5378.0	7.713044e-16
5380.0	8.054304e-16
5382.0	8.751105e-16
5384.0	9.338336e-16
5386.0	9.634409e-16
5388.0	8.731789e-16
5390.0	8.097478e-16
5392.0	8.991691e-16
5394.0	9.195619e-16
5396.0	9.871983e-16
5398.0	1.011548e-15
5400.0	1.039421e-15
5402.0	9.942686e-16
5404.0	9.336841e-16
5406.0	1.018255e-15
5408.0	1.010357e-15
5410.0	1.009091e-15
5412.0	1.152108e-15
5414.0	1.165141e-15
5416.0	1.076535e-15
5418.0	1.099184e-15
5420.0	1.079361e-15
5422.0	1.036931e-15
5424.0	1.065304e-15
5426.0	1.115283e-15
5428.0	1.145369e-15
5430.0	1.178609e-15
5432.0	1.251008e-15
5434.0	1.283646e-15
5436.0	1.344063e-15
5438.0	1.393506e-15
5440.0	1.397756e-15
5442.0	1.380639e-15
5444.0	1.363123e-15
5446.0	1.420854e-15
5448.0	1.471521e-15
5450.0	1.440638e-15
5452.0	1.438458e-15
5454.0	1.452202e-15
5456.0	1.426611e-15
5458.0	1.439356e-15
5460.0	1.485414e-15
5462.0	1.544606e-15
5464.0	1.566248e-15
5466.0	1.556266e-15
5468.0	1.490236e-15
5470.0	1.499259e-15
5472.0	1.517403e-15
5474.0	1.462099e-15
5476.0	1.559575e-15
5478.0	1.561851e-15
5480.0	1.564446e-15
5482.0	1.636138e-15
5484.0	1.706538e-15
5486.0	1.663602e-15
5488.0	1.688348e-15
5490.0	1.71394e-15
5492.0	1.596898e-15
5494.0	1.640089e-15
5496.0	1.727138e-15
5498.0	1.732536e-15
5500.0	1.731885e-15
5502.0	1.797113e-15
5504.0	1.800917e-15
5506.0	1.766407e-15
5508.0	1.793916e-15
5510.0	1.866372e-15
5512.0	1.841919e-15
5514.0	1.797157e-15
5516.0	1.754438e-15
5518.0	1.806001e-15
5520.0	1.799702e-15
5522.0	1.796275e-15
5524.0	1.795249e-15
5526.0	1.732406e-15
5528.0	1.800084e-15
5530.0	1.863533e-15
5532.0	1.864156e-15
5534.0	1.777102e-15
5536.0	1.721293e-15
5538.0	1.749612e-15
5540.0	1.699544e-15
5542.0	1.677765e-15
5544.0	1.76317e-15
5546.0	1.728977e-15
5548.0	1.686458e-15
5550.0	1.73564e-15
5552.0	1.677114e-15
5554.0	1.614819e-15
5556.0	1.661741e-15
5558.0	1.742404e-15
5560.0	1.696276e-15
5562.0	1.621756e-15
5564.0	1.719891e-15
5566.0	1.79159e-15
5568.0	1.59621e-15
5570.0	1.537057e-15
5572.0	1.781903e-15
5574.0	1.686212e-15
5576.0	1.364749e-15
5578.0	1.451494e-15
5580.0	1.690531e-15
5582.0	1.762616e-15
5584.0	1.361861e-15
5586.0	1.33317e-15
5588.0	1.522418e-15
5590.0	1.489574e-15
5592.0	1.521261e-15
5594.0	1.519911e-15
5596.0	1.54795e-15
5598.0	1.620182e-15
5600.0	1.607863e-15
5602.0	1.559949e-15
5604.0	1.540781e-15
5606.0	1.534928e-15
5608.0	1.529044e-15
5610.0	1.585182e-15
5612.0	1.665423e-15
5614.0	1.651694e-15
5616.0	1.534191e-15
5618.0	1.559825e-15
5620.0	1.592202e-15
5622.0	1.53688e-15
5624.0	1.554919e-15
5626.0	1.587182e-15
5628.0	1.601747e-15
5630.0	1.583053e-15
5632.0	1.535277e-15
5634.0	1.509261e-15
5636.0	1.570128e-15
5638.0	1.578326e-15
5640.0	1.527222e-15
5642.0	1.531535e-15
5644.0	1.610677e-15
5646.0	1.692183e-15
5648.0	1.647715e-15
5650.0	1.618486e-15
5652.0	1.605086e-15
5654.0	1.586735e-15
5656.0	1.631055e-15
5658.0	1.654877e-15
5660.0	1.666557e-15
5662.0	1.549129e-15
5664.0	1.559011e-15
5666.0	1.589538e-15
5668.0	1.579586e-15
5670.0	1.501467e-15
5672.0	1.518876e-15
5674.0	1.592677e-15
5676.0	1.639554e-15
5678.0	1.595226e-15
5680.0	1.496516e-15
5682.0	1.471563e-15
5684.0	1.505099e-15
5686.0	1.517289e-15
5688.0	1.453049e-15
5690.0	1.449646e-15
5692.0	1.590343e-15
5694.0	1.525873e-15
5696.0	1.500816e-15
5698.0	1.496708e-15
5700.0	1.39758e-15
5702.0	1.525578e-15
5704.0	1.557723e-15
5706.0	1.533249e-15
5708.0	1.460501e-15
5710.0	1.466668e-15
5712.0	1.573168e-15
5714.0	1.423364e-15
5716.0	1.493204e-15
5718.0	1.432793e-15
5720.0	1.455785e-15
5722.0	1.516843e-15
5724.0	1.454792e-15
5726.0	1.434889e-15
5728.0	1.402867e-15
5730.0	1.438151e-15
5732.0	1.454263e-15
5734.0	1.338879e-15
5736.0	1.35038e-15
5738.0	1.262874e-15
5740.0	1.315424e-15
5742.0	1.449006e-15
5744.0	1.33021e-15
5746.0	1.340106e-15
5748.0	1.338944e-15
5750.0	1.379856e-15
5752.0	1.429601e-15
5754.0	1.35605e-15
5756.0	1.187396e-15
5758.0	1.298111e-15
5760.0	1.356857e-15
5762.0	1.333284e-15
5764.0	1.320536e-15
5766.0	1.335745e-15
5768.0	1.36453e-15
5770.0	1.278458e-15
5772.0	1.154085e-15
5774.0	1.155037e-15
5776.0	1.251199e-15
5778.0	1.238995e-15
5780.0	1.129542e-15
5782.0	1.16951e-15
5784.0	1.207601e-15
5786.0	1.151282e-15
5788.0	1.208297e-15
5790.0	1.170071e-15
5792.0	1.207806e-15
5794.0	1.241036e-15
5796.0	1.259574e-15
5798.0	1.136764e-15
5800.0	1.03398e-15
5802.0	9.601021e-16
5804.0	9.840099e-16
5806.0	1.105453e-15
5808.0	1.163833e-15
5810.0	1.175834e-15
5812.0	1.103962e-15
5814.0	9.836568e-16
5816.0	9.588007e-16
5818.0	1.055826e-15
5820.0	1.059031e-15
5822.0	1.014142e-15
5824.0	1.010011e-15
5826.0	1.021157e-15
5828.0	1.040105e-15
5830.0	1.075496e-15
5832.0	1.0382e-15
5834.0	9.20157e-16
5836.0	9.781686e-16
5838.0	1.132772e-15
5840.0	1.149954e-15
5842.0	9.355817e-16
5844.0	9.169337e-16
5846.0	9.406485e-16
5848.0	9.835937e-16
5850.0	1.007494e-15
5852.0	1.003282e-15
5854.0	9.498148e-16
5856.0	8.151448e-16
5858.0	8.581064e-16
5860.0	8.716241e-16
5862.0	9.504843e-16
5864.0	8.8438e-16
5866.0	8.83745e-16
5868.0	9.251122e-16
5870.0	8.563518e-16
5872.0	6.863782e-16
5874.0	7.004081e-16
5876.0	7.705123e-16
5878.0	8.173655e-16
5880.0	8.161931e-16
5882.0	7.006672e-16
5884.0	7.178786e-16
5886.0	8.398572e-16
5888.0	8.328954e-16
5890.0	8.304699e-16
5892.0	5.87563e-16
5894.0	6.263573e-16
5896.0	5.552795e-16
5898.0	7.085566e-16
5900.0	8.119597e-16
5902.0	7.55656e-16
5904.0	7.288091e-16
5906.0	7.138506e-16
5908.0	7.005733e-16
5910.0	6.790718e-16
5912.0	7.225275e-16
5914.0	6.958333e-16
5916.0	6.836681e-16
5918.0	6.58044e-16
5920.0	6.217762e-16
5922.0	6.533707e-16
5924.0	6.763082e-16
5926.0	6.149945e-16
5928.0	6.668433e-16
5930.0	6.797775e-16
5932.0	6.274485e-16
5934.0	6.572947e-16
5936.0	6.732322e-16
5938.0	7.048855e-16
5940.0	6.858664e-16
5942.0	6.30289e-16
5944.0	6.390576e-16
5946.0	6.842014e-16
5948.0	6.778894e-16
5950.0	6.547134e-16
5952.0	6.276157e-16
5954.0	6.712665e-16
5956.0	7.343473e-16
5958.0	6.672169e-16
5960.0	5.692754e-16
5962.0	6.701971e-16
5964.0	7.900998e-16
5966.0	7.626374e-16
5968.0	7.421304e-16
5970.0	6.720787e-16
5972.0	6.152106e-16
5974.0	6.313755e-16
5976.0	6.102535e-16
5978.0	6.619574e-16
5980.0	6.942428e-16
5982.0	6.706625e-16
5984.0	6.192777e-16
5986.0	6.78206e-16
5988.0	7.489939e-16
5990.0	6.64961e-16
5992.0	6.367132e-16
5994.0	7.198693e-16
5996.0	7.31592e-16
5998.0	7.615716e-16
6000.0	7.769435e-16
6002.0	7.427062e-16
6004.0	7.859911e-16
6006.0	8.007434e-16
6008.0	7.604153e-16
6010.0	7.591374e-16
6012.0	7.392271e-16
6014.0	7.827393e-16
6016.0	8.008148e-16
6018.0	8.023745e-16
6020.0	9.076511e-16
6022.0	9.302431e-16
6024.0	9.157442e-16
6026.0	8.730908e-16
6028.0	8.687644e-16
6030.0	9.424156e-16
6032.0	9.204395e-16
6034.0	9.605625e-16
6036.0	1.028331e-15
6038.0	9.432627e-16
6040.0	9.201349e-16
6042.0	9.41093e-16
6044.0	9.974369e-16
6046.0	9.987385e-16
6048.0	1.015161e-15
6050.0	1.056926e-15
6052.0	1.066808e-15
6054.0	1.134149e-15
6056.0	1.122384e-15
6058.0	1.098683e-15
6060.0	1.216413e-15
6062.0	1.3532e-15
6064.0	1.313898e-15
6066.0	1.192988e-15
6068.0	1.218264e-15
6070.0	1.262265e-15
6072.0	1.281191e-15
6074.0	1.282267e-15
6076.0	1.263557e-15
6078.0	1.286296e-15
6080.0	1.329446e-15
6082.0	1.362106e-15
6084.0	1.342955e-15
6086.0	1.389428e-15
6088.0	1.444492e-15
6090.0	1.362447e-15
6092.0	1.321295e-15
6094.0	1.399985e-15
6096.0	1.47542e-15
6098.0	1.48531e-15
6100.0	1.504695e-15
6102.0	1.568834e-15
6104.0	1.458832e-15
6106.0	1.401824e-15
6108.0	1.465376e-15
6110.0	1.584346e-15
6112.0	1.483468e-15
6114.0	1.493076e-15
6116.0	1.516898e-15
6118.0	1.537219e-15
6120.0	1.659519e-15
6122.0	1.706655e-15
6124.0	1.655523e-15
6126.0	1.58627e-15
6128.0	1.624388e-15
6130.0	1.682886e-15
6132.0	1.654068e-15
6134.0	1.463463e-15
6136.0	1.378985e-15
6138.0	1.421093e-15
6140.0	1.503817e-15
6142.0	1.485274e-15
6144.0	1.505678e-15
6146.0	1.601854e-15
6148.0	1.55427e-15
6150.0	1.471821e-15
6152.0	1.446385e-15
6154.0	1.35262e-15
6156.0	1.398285e-15
6158.0	1.384415e-15
6160.0	1.309874e-15
6162.0	1.484491e-15
6164.0	1.526531e-15
6166.0	1.461016e-15
6168.0	1.474311e-15
6170.0	1.43759e-15
6172.0	1.389095e-15
6174.0	1.388479e-15
6176.0	1.381793e-15
6178.0	1.368036e-15
6180.0	1.370879e-15
6182.0	1.408132e-15
6184.0	1.433714e-15
6186.0	1.476932e-15
6188.0	1.392689e-15
6190.0	1.238439e-15
6192.0	1.269073e-15
6194.0	1.311557e-15
6196.0	1.310525e-15
6198.0	1.255867e-15
6200.0	1.219917e-15
6202.0	1.190782e-15
6204.0	1.208182e-15
6206.0	1.192272e-15
6208.0	1.199191e-15
6210.0	1.168676e-15
6212.0	1.145669e-15
6214.0	1.165969e-15
6216.0	1.150431e-15
6218.0	1.162604e-15
6220.0	1.2029e-15
6222.0	1.261667e-15
6224.0	1.188211e-15
6226.0	1.117517e-15
6228.0	1.102414e-15
6230.0	1.142817e-15
6232.0	1.141987e-15
6234.0	1.115666e-15
6236.0	1.171696e-15
6238.0	1.114501e-15
6240.0	9.959341e-16
6242.0	9.442215e-16
6244.0	9.82698e-16
6246.0	1.067488e-15
6248.0	1.030001e-15
6250.0	9.084874e-16
6252.0	9.601098e-16
6254.0	1.049949e-15
6256.0	1.059084e-15
6258.0	1.014643e-15
6260.0	1.015379e-15
6262.0	9.964084e-16
6264.0	9.406908e-16
6266.0	9.203285e-16
6268.0	9.40028e-16
6270.0	9.92513e-16
6272.0	8.865918e-16
6274.0	8.387819e-16
6276.0	9.46618e-16
6278.0	9.756282e-16
6280.0	9.212929e-16
6282.0	9.084799e-16
6284.0	9.28317e-16
6286.0	9.042875e-16
6288.0	8.810086e-16
6290.0	9.69491e-16
6292.0	9.048965e-16
6294.0	8.21686e-16
6296.0	8.47985e-16
6298.0	7.227978e-16
6300.0	6.427814e-16
6302.0	8.551749e-16
6304.0	9.232624e-16
6306.0	8.457323e-16
6308.0	8.323445e-16
6310.0	8.355344e-16
6312.0	8.622543e-16
6314.0	8.502982e-16
6316.0	8.253853e-16
6318.0	8.817228e-16
6320.0	9.159632e-16
6322.0	8.729535e-16
6324.0	8.781381e-16
6326.0	9.060313e-16
6328.0	8.727308e-16
6330.0	8.674984e-16
6332.0	8.414896e-16
6334.0	7.816102e-16
6336.0	8.666505e-16
6338.0	8.993468e-16
6340.0	8.182691e-16
6342.0	6.898305e-16
6344.0	7.20234e-16
6346.0	8.41504e-16
6348.0	9.060443e-16
6350.0	9.14601e-16
6352.0	7.873654e-16
6354.0	6.877708e-16
6356.0	7.765545e-16
6358.0	8.129164e-16
6360.0	7.789821e-16
6362.0	7.707226e-16
6364.0	7.476345e-16
6366.0	6.95529e-16
6368.0	6.674834e-16
6370.0	6.834006e-16
6372.0	7.204192e-16
6374.0	7.222027e-16
6376.0	7.363489e-16
6378.0	6.753272e-16
6380.0	6.014085e-16
6382.0	5.760401e-16
6384.0	5.547041e-16
6386.0	6.133501e-16
6388.0	6.511089e-16
6390.0	6.358943e-16
6392.0	5.477751e-16
6394.0	5.03632e-16
6396.0	5.748289e-16
6398.0	5.607526e-16
6400.0	4.679778e-16
6402.0	4.575529e-16
6404.0	4.735551e-16
6406.0	4.951504e-16
6408.0	5.444587e-16
6410.0	5.381396e-16
6412.0	4.858684e-16
6414.0	4.996981e-16
6416.0	5.635736e-16
6418.0	5.3843e-16
6420.0	4.822958e-16
6422.0	5.203009e-16
6424.0	5.650447e-16
6426.0	5.092275e-16
6428.0	4.682979e-16
6430.0	5.539498e-16
6432.0	5.276553e-16
6434.0	5.082517e-16
6436.0	4.942846e-16
6438.0	4.831638e-16
6440.0	4.053787e-16
6442.0	4.928759e-16
6444.0	5.482049e-16
6446.0	5.407528e-16
6448.0	5.705306e-16
6450.0	5.880793e-16
6452.0	5.779738e-16
6454.0	5.361256e-16
6456.0	6.144958e-16
6458.0	5.659596e-16
6460.0	6.187755e-16
6462.0	6.262255e-16
6464.0	6.449486e-16
6466.0	7.058979e-16
6468.0	6.283708e-16
6470.0	7.050261e-16
6472.0	7.185117e-16
6474.0	6.912707e-16
6476.0	7.378245e-16
6478.0	6.809692e-16
6480.0	5.910995e-16
6482.0	5.887021e-16
6484.0	7.38974e-16
6486.0	6.791308e-16
6488.0	6.499437e-16
6490.0	6.949178e-16
6492.0	7.394167e-16
6494.0	6.366528e-16
6496.0	6.881784e-16
6498.0	7.166218e-16
6500.0	7.471517e-16
6502.0	7.692041e-16
6504.0	6.521319e-16
6506.0	7.160781e-16
6508.0	6.737432e-16
6510.0	7.309765e-16
6512.0	7.504231e-16
6514.0	6.723717e-16
6516.0	7.528486e-16
6518.0	7.813307e-16
6520.0	7.988659e-16
6522.0	7.774396e-16
6524.0	7.894702e-16
6526.0	8.15181e-16
6528.0	6.797223e-16
6530.0	7.127064e-16
6532.0	8.258074e-16
6534.0	8.247301e-16
6536.0	7.453303e-16
6538.0	8.847078e-16
6540.0	8.65665e-16
6542.0	7.663104e-16
6544.0	8.557697e-16
6546.0	8.109463e-16
6548.0	7.853882e-16
6550.0	8.10979e-16
6552.0	8.076289e-16
6554.0	7.38681e-16
6556.0	8.079903e-16
6558.0	8.326425e-16
6560.0	9.757501e-16
6562.0	9.187125e-16
6564.0	8.405947e-16
6566.0	9.112466e-16
6568.0	8.903377e-16
6570.0	8.136611e-16
6572.0	9.278458e-16
6574.0	9.285089e-16
6576.0	9.115106e-16
6578.0	7.826634e-16
6580.0	9.096093e-16
6582.0	9.554197e-16
6584.0	9.336026e-16
6586.0	9.038511e-16
6588.0	8.742576e-16
6590.0	8.608467e-16
6592.0	9.28663e-16
6594.0	9.775715e-16
6596.0	9.920889e-16
6598.0	1.008471e-15
6600.0	9.065775e-16
6602.0	8.984589e-16
6604.0	9.28561e-16
6606.0	9.215248e-16
6608.0	9.781958e-16
6610.0	1.035374e-15
6612.0	1.071519e-15
6614.0	9.771233e-16
6616.0	9.239316e-16
6618.0	1.026341e-15
6620.0	1.07489e-15
6622.0	1.077902e-15
6624.0	1.052499e-15
6626.0	1.087701e-15
6628.0	1.16736e-15
6630.0	1.080071e-15
6632.0	9.859941e-16
6634.0	9.688966e-16
6636.0	1.06306e-15
6638.0	1.167054e-15
6640.0	1.058043e-15
6642.0	1.014204e-15
6644.0	1.036201e-15
6646.0	1.017798e-15
6648.0	1.027713e-15
6650.0	1.013453e-15
6652.0	1.043628e-15
6654.0	1.085306e-15
6656.0	1.015418e-15
6658.0	1.047329e-15
6660.0	9.951651e-16
6662.0	9.898955e-16
6664.0	1.125455e-15
6666.0	1.192066e-15
6668.0	1.072191e-15
6670.0	1.041171e-15
6672.0	1.008323e-15
6674.0	1.080347e-15
6676.0	1.013736e-15
6678.0	1.01549e-15
6680.0	1.021428e-15
6682.0	1.108619e-15
6684.0	1.065921e-15
6686.0	1.013534e-15
6688.0	1.144666e-15
6690.0	1.215001e-15
6692.0	1.174985e-15
6694.0	1.095741e-15
6696.0	1.074359e-15
6698.0	1.143003e-15
6700.0	1.079824e-15
6702.0	1.079151e-15
6704.0	1.160799e-15
6706.0	1.089373e-15
6708.0	1.059679e-15
6710.0	1.123113e-15
6712.0	1.060944e-15
6714.0	1.049419e-15
6716.0	1.03392e-15
6718.0	1.132712e-15
6720.0	1.129472e-15
6722.0	1.070268e-15
6724.0	1.098138e-15
6726.0	1.041819e-15
6728.0	1.034359e-15
6730.0	1.139684e-15
6732.0	1.072774e-15
6734.0	1.094533e-15
6736.0	1.104355e-15
6738.0	1.176675e-15
6740.0	1.186085e-15
6742.0	1.058935e-15
6744.0	1.06979e-15
6746.0	1.055802e-15
6748.0	1.098424e-15
6750.0	1.074953e-15
6752.0	1.063486e-15
6754.0	1.079445e-15
6756.0	1.096223e-15
6758.0	1.071572e-15
6760.0	1.085787e-15
6762.0	1.115569e-15
6764.0	1.130365e-15
6766.0	1.123401e-15
6768.0	1.067687e-15
6770.0	1.088869e-15
6772.0	1.09636e-15
6774.0	1.10112e-15
6776.0	1.140847e-15
6778.0	1.143051e-15
6780.0	1.144202e-15
6782.0	1.157753e-15
6784.0	1.109125e-15
6786.0	1.042897e-15
6788.0	1.140307e-15
6790.0	1.183711e-15
6792.0	1.176002e-15
6794.0	1.210427e-15
6796.0	1.139087e-15
6798.0	1.106636e-15
6800.0	1.098144e-15
6802.0	1.097791e-15
6804.0	1.119276e-15
6806.0	1.159416e-15
6808.0	1.117374e-15
6810.0	1.022112e-15
6812.0	9.87787e-16
6814.0	1.034628e-15
6816.0	1.09383e-15
6818.0	1.055252e-15
6820.0	1.042092e-15
6822.0	1.045839e-15
6824.0	1.106657e-15
6826.0	1.073688e-15
6828.0	1.021978e-15
6830.0	1.05551e-15
6832.0	1.023921e-15
6834.0	1.110272e-15
6836.0	1.145091e-15
6838.0	9.824602e-16
6840.0	9.824347e-16
6842.0	1.039466e-15
6844.0	1.039214e-15
6846.0	1.057981e-15
6848.0	1.216383e-15
6850.0	1.310347e-15
6852.0	1.166472e-15
6854.0	1.033175e-15
6856.0	8.661271e-16
6858.0	8.022543e-16
6860.0	8.694806e-16
6862.0	9.330111e-16
6864.0	8.96314e-16
6866.0	9.390875e-16
6868.0	1.0311e-15
6870.0	1.085344e-15
6872.0	1.04299e-15
6874.0	1.016354e-15
6876.0	1.057701e-15
6878.0	1.003734e-15
6880.0	8.7119e-16
6882.0	8.977655e-16
6884.0	9.109516e-16
6886.0	8.02057e-16
6888.0	7.881639e-16
6890.0	9.023831e-16
6892.0	8.873842e-16
6894.0	8.457359e-16
6896.0	9.053666e-16
6898.0	8.743972e-16
6900.0	8.495907e-16
6902.0	8.388318e-16
6904.0	8.335406e-16
6906.0	8.286641e-16
6908.0	8.330263e-16
6910.0	8.423573e-16
6912.0	8.72471e-16
6914.0	8.809954e-16
6916.0	8.676192e-16
6918.0	8.179871e-16
6920.0	7.743439e-16
6922.0	8.243623e-16
6924.0	7.719599e-16
6926.0	6.676692e-16
6928.0	6.837509e-16
6930.0	7.377654e-16
6932.0	7.485315e-16
6934.0	7.074985e-16
6936.0	7.014963e-16
6938.0	7.080852e-16
6940.0	7.118854e-16
6942.0	7.311526e-16
6944.0	7.64089e-16
6946.0	6.953946e-16
6948.0	6.727029e-16
6950.0	7.482311e-16
6952.0	6.993976e-16
6954.0	6.660585e-16
6956.0	7.179946e-16
6958.0	7.236771e-16
6960.0	6.863515e-16
6962.0	6.923393e-16
6964.0	6.799544e-16
6966.0	6.114621e-16
6968.0	5.530134e-16
6970.0	5.740743e-16
6972.0	6.208355e-16
6974.0	5.930036e-16
6976.0	5.754926e-16
6978.0	6.543827e-16
6980.0	6.641035e-16
6982.0	6.005645e-16
6984.0	5.503741e-16
6986.0	5.371988e-16
6988.0	5.44838e-16
6990.0	5.489301e-16
6992.0	5.988699e-16
6994.0	6.598299e-16
6996.0	5.991372e-16
6998.0	6.011521e-16
7000.0	5.558317e-16
7002.0	5.299763e-16
7004.0	5.870666e-16
7006.0	6.516003e-16
7008.0	6.523882e-16
7010.0	5.912199e-16
7012.0	5.483408e-16
7014.0	5.182193e-16
7016.0	5.460041e-16
7018.0	5.848133e-16
7020.0	5.705988e-16
7022.0	4.877249e-16
7024.0	5.063328e-16
7026.0	5.364485e-16
7028.0	4.973955e-16
7030.0	4.872816e-16
7032.0	4.649077e-16
7034.0	4.324257e-16
7036.0	4.225454e-16
7038.0	4.446942e-16
7040.0	5.058637e-16
7042.0	4.948265e-16
7044.0	4.741406e-16
7046.0	4.786953e-16
7048.0	5.051639e-16
7050.0	5.189543e-16
