#	 asassn15sf 
#	 UT date of observation: 20151114 
#	 Telescope/Instrument: SOAR/Goodman 
#	 Estimated Peak MJD: 57333.148 
#	 Estimated redshift: 0.025 
#	 Estimated Phase: 6.7 
#	 Published in Dettman et al. 2020 
#	 Observed barycentric wavelength (Angstroms)    F_lambda
3500.0	8.943018e-16
3502.0	9.028304e-16
3504.0	9.287899e-16
3506.0	9.077066e-16
3508.0	9.372744e-16
3510.0	9.044171e-16
3512.0	8.904346e-16
3514.0	8.800887e-16
3516.0	9.274342e-16
3518.0	9.457377e-16
3520.0	8.861227e-16
3522.0	8.62075e-16
3524.0	9.555761e-16
3526.0	1.006874e-15
3528.0	9.812653e-16
3530.0	1.004692e-15
3532.0	1.066294e-15
3534.0	1.026993e-15
3536.0	9.835229e-16
3538.0	1.011067e-15
3540.0	1.00143e-15
3542.0	1.031535e-15
3544.0	1.054906e-15
3546.0	1.03964e-15
3548.0	1.024799e-15
3550.0	1.033713e-15
3552.0	1.033386e-15
3554.0	1.028998e-15
3556.0	1.045356e-15
3558.0	1.041594e-15
3560.0	1.055469e-15
3562.0	1.054592e-15
3564.0	1.061437e-15
3566.0	1.020102e-15
3568.0	9.895354e-16
3570.0	1.025121e-15
3572.0	1.022749e-15
3574.0	1.060972e-15
3576.0	1.06963e-15
3578.0	1.082609e-15
3580.0	1.16178e-15
3582.0	1.204904e-15
3584.0	1.178474e-15
3586.0	1.163652e-15
3588.0	1.222193e-15
3590.0	1.254491e-15
3592.0	1.25628e-15
3594.0	1.287251e-15
3596.0	1.321039e-15
3598.0	1.353272e-15
3600.0	1.373709e-15
3602.0	1.382925e-15
3604.0	1.432281e-15
3606.0	1.483036e-15
3608.0	1.466147e-15
3610.0	1.495102e-15
3612.0	1.557601e-15
3614.0	1.550228e-15
3616.0	1.531547e-15
3618.0	1.543797e-15
3620.0	1.566571e-15
3622.0	1.581361e-15
3624.0	1.589292e-15
3626.0	1.596108e-15
3628.0	1.625898e-15
3630.0	1.642895e-15
3632.0	1.679496e-15
3634.0	1.683514e-15
3636.0	1.657333e-15
3638.0	1.715401e-15
3640.0	1.766034e-15
3642.0	1.756822e-15
3644.0	1.799333e-15
3646.0	1.840916e-15
3648.0	1.847632e-15
3650.0	1.831526e-15
3652.0	1.817193e-15
3654.0	1.869356e-15
3656.0	1.918295e-15
3658.0	1.951132e-15
3660.0	1.987732e-15
3662.0	1.999318e-15
3664.0	2.017562e-15
3666.0	2.059485e-15
3668.0	2.071431e-15
3670.0	2.048246e-15
3672.0	2.076337e-15
3674.0	2.1233e-15
3676.0	2.112915e-15
3678.0	2.08246e-15
3680.0	2.067442e-15
3682.0	2.083268e-15
3684.0	2.083993e-15
3686.0	2.077391e-15
3688.0	2.05278e-15
3690.0	2.019065e-15
3692.0	1.996468e-15
3694.0	1.989858e-15
3696.0	1.951774e-15
3698.0	1.9386e-15
3700.0	1.898543e-15
3702.0	1.89932e-15
3704.0	1.909045e-15
3706.0	1.903446e-15
3708.0	1.870594e-15
3710.0	1.8639e-15
3712.0	1.841185e-15
3714.0	1.855889e-15
3716.0	1.840716e-15
3718.0	1.82808e-15
3720.0	1.829614e-15
3722.0	1.832819e-15
3724.0	1.825778e-15
3726.0	1.832356e-15
3728.0	1.833728e-15
3730.0	1.801533e-15
3732.0	1.795385e-15
3734.0	1.806862e-15
3736.0	1.776755e-15
3738.0	1.752321e-15
3740.0	1.777277e-15
3742.0	1.799938e-15
3744.0	1.801483e-15
3746.0	1.8066e-15
3748.0	1.789273e-15
3750.0	1.744698e-15
3752.0	1.697429e-15
3754.0	1.658844e-15
3756.0	1.627102e-15
3758.0	1.664326e-15
3760.0	1.65264e-15
3762.0	1.63082e-15
3764.0	1.627266e-15
3766.0	1.598392e-15
3768.0	1.574143e-15
3770.0	1.577248e-15
3772.0	1.54779e-15
3774.0	1.544882e-15
3776.0	1.562359e-15
3778.0	1.552421e-15
3780.0	1.516303e-15
3782.0	1.505231e-15
3784.0	1.514711e-15
3786.0	1.491774e-15
3788.0	1.46259e-15
3790.0	1.444877e-15
3792.0	1.425801e-15
3794.0	1.406656e-15
3796.0	1.367122e-15
3798.0	1.323064e-15
3800.0	1.304488e-15
3802.0	1.262663e-15
3804.0	1.209129e-15
3806.0	1.192699e-15
3808.0	1.152878e-15
3810.0	1.112792e-15
3812.0	1.097059e-15
3814.0	1.090189e-15
3816.0	1.07914e-15
3818.0	1.06964e-15
3820.0	1.07096e-15
3822.0	1.066449e-15
3824.0	1.047595e-15
3826.0	1.050306e-15
3828.0	1.065384e-15
3830.0	1.078988e-15
3832.0	1.095542e-15
3834.0	1.12116e-15
3836.0	1.144166e-15
3838.0	1.183058e-15
3840.0	1.216855e-15
3842.0	1.234223e-15
3844.0	1.294612e-15
3846.0	1.354251e-15
3848.0	1.382914e-15
3850.0	1.385564e-15
3852.0	1.396978e-15
3854.0	1.428394e-15
3856.0	1.436291e-15
3858.0	1.433136e-15
3860.0	1.421937e-15
3862.0	1.385334e-15
3864.0	1.327093e-15
3866.0	1.287115e-15
3868.0	1.251184e-15
3870.0	1.210366e-15
3872.0	1.192255e-15
3874.0	1.177962e-15
3876.0	1.143307e-15
3878.0	1.113468e-15
3880.0	1.09034e-15
3882.0	1.054508e-15
3884.0	1.044313e-15
3886.0	1.057389e-15
3888.0	1.064334e-15
3890.0	1.060819e-15
3892.0	1.047056e-15
3894.0	1.043007e-15
3896.0	1.036341e-15
3898.0	1.010057e-15
3900.0	1.011458e-15
3902.0	1.037391e-15
3904.0	1.031194e-15
3906.0	9.968937e-16
3908.0	9.870818e-16
3910.0	1.008821e-15
3912.0	1.015191e-15
3914.0	9.998144e-16
3916.0	1.009173e-15
3918.0	1.019822e-15
3920.0	1.022022e-15
3922.0	1.057295e-15
3924.0	1.084803e-15
3926.0	1.098934e-15
3928.0	1.111326e-15
3930.0	1.125017e-15
3932.0	1.148171e-15
3934.0	1.194374e-15
3936.0	1.216995e-15
3938.0	1.247122e-15
3940.0	1.290189e-15
3942.0	1.316943e-15
3944.0	1.339127e-15
3946.0	1.385796e-15
3948.0	1.460989e-15
3950.0	1.510805e-15
3952.0	1.531547e-15
3954.0	1.573879e-15
3956.0	1.618349e-15
3958.0	1.652501e-15
3960.0	1.716402e-15
3962.0	1.766798e-15
3964.0	1.793701e-15
3966.0	1.824574e-15
3968.0	1.893643e-15
3970.0	1.957277e-15
3972.0	1.992807e-15
3974.0	2.044992e-15
3976.0	2.073239e-15
3978.0	2.115219e-15
3980.0	2.135311e-15
3982.0	2.176054e-15
3984.0	2.230659e-15
3986.0	2.270724e-15
3988.0	2.311777e-15
3990.0	2.360696e-15
3992.0	2.367941e-15
3994.0	2.378012e-15
3996.0	2.397703e-15
3998.0	2.378791e-15
4000.0	2.386992e-15
4002.0	2.409589e-15
4004.0	2.411905e-15
4006.0	2.405132e-15
4008.0	2.451453e-15
4010.0	2.431855e-15
4012.0	2.407796e-15
4014.0	2.419315e-15
4016.0	2.435312e-15
4018.0	2.417443e-15
4020.0	2.428886e-15
4022.0	2.430898e-15
4024.0	2.433397e-15
4026.0	2.419648e-15
4028.0	2.460281e-15
4030.0	2.484289e-15
4032.0	2.502491e-15
4034.0	2.464375e-15
4036.0	2.463204e-15
4038.0	2.445396e-15
4040.0	2.481125e-15
4042.0	2.49383e-15
4044.0	2.546659e-15
4046.0	2.554406e-15
4048.0	2.564048e-15
4050.0	2.57302e-15
4052.0	2.606444e-15
4054.0	2.594257e-15
4056.0	2.619081e-15
4058.0	2.618866e-15
4060.0	2.65988e-15
4062.0	2.651095e-15
4064.0	2.619519e-15
4066.0	2.574166e-15
4068.0	2.525673e-15
4070.0	2.504848e-15
4072.0	2.415791e-15
4074.0	2.380558e-15
4076.0	2.328966e-15
4078.0	2.304198e-15
4080.0	2.28299e-15
4082.0	2.221102e-15
4084.0	2.178854e-15
4086.0	2.178736e-15
4088.0	2.132105e-15
4090.0	2.065236e-15
4092.0	1.992793e-15
4094.0	1.97546e-15
4096.0	1.945586e-15
4098.0	1.891738e-15
4100.0	1.878317e-15
4102.0	1.887391e-15
4104.0	1.862362e-15
4106.0	1.890797e-15
4108.0	1.901802e-15
4110.0	1.882313e-15
4112.0	1.895193e-15
4114.0	1.922336e-15
4116.0	1.932512e-15
4118.0	1.940451e-15
4120.0	1.949612e-15
4122.0	1.983073e-15
4124.0	1.997169e-15
4126.0	2.017117e-15
4128.0	2.053905e-15
4130.0	2.048274e-15
4132.0	2.049959e-15
4134.0	2.087313e-15
4136.0	2.104514e-15
4138.0	2.125488e-15
4140.0	2.202715e-15
4142.0	2.227085e-15
4144.0	2.230401e-15
4146.0	2.235653e-15
4148.0	2.275026e-15
4150.0	2.301813e-15
4152.0	2.307599e-15
4154.0	2.336293e-15
4156.0	2.338364e-15
4158.0	2.355299e-15
4160.0	2.408847e-15
4162.0	2.418495e-15
4164.0	2.428753e-15
4166.0	2.415481e-15
4168.0	2.381577e-15
4170.0	2.373848e-15
4172.0	2.391987e-15
4174.0	2.400382e-15
4176.0	2.367964e-15
4178.0	2.375249e-15
4180.0	2.37342e-15
4182.0	2.36715e-15
4184.0	2.36738e-15
4186.0	2.376955e-15
4188.0	2.368386e-15
4190.0	2.370277e-15
4192.0	2.36278e-15
4194.0	2.34338e-15
4196.0	2.34633e-15
4198.0	2.322231e-15
4200.0	2.308082e-15
4202.0	2.291909e-15
4204.0	2.257273e-15
4206.0	2.261776e-15
4208.0	2.240503e-15
4210.0	2.201852e-15
4212.0	2.201689e-15
4214.0	2.201345e-15
4216.0	2.201041e-15
4218.0	2.196682e-15
4220.0	2.178128e-15
4222.0	2.154338e-15
4224.0	2.16544e-15
4226.0	2.189172e-15
4228.0	2.153835e-15
4230.0	2.131809e-15
4232.0	2.129702e-15
4234.0	2.12103e-15
4236.0	2.113759e-15
4238.0	2.087812e-15
4240.0	2.089607e-15
4242.0	2.08478e-15
4244.0	2.096496e-15
4246.0	2.110097e-15
4248.0	2.112477e-15
4250.0	2.100929e-15
4252.0	2.09003e-15
4254.0	2.080798e-15
4256.0	2.059297e-15
4258.0	2.084956e-15
4260.0	2.091011e-15
4262.0	2.09014e-15
4264.0	2.11346e-15
4266.0	2.122283e-15
4268.0	2.124703e-15
4270.0	2.119451e-15
4272.0	2.137443e-15
4274.0	2.1617e-15
4276.0	2.147838e-15
4278.0	2.145927e-15
4280.0	2.18598e-15
4282.0	2.195048e-15
4284.0	2.211571e-15
4286.0	2.210307e-15
4288.0	2.205419e-15
4290.0	2.227392e-15
4292.0	2.217362e-15
4294.0	2.186578e-15
4296.0	2.194463e-15
4298.0	2.190338e-15
4300.0	2.194781e-15
4302.0	2.186181e-15
4304.0	2.157829e-15
4306.0	2.142894e-15
4308.0	2.145645e-15
4310.0	2.113752e-15
4312.0	2.081394e-15
4314.0	2.09417e-15
4316.0	2.087671e-15
4318.0	2.060193e-15
4320.0	2.044636e-15
4322.0	2.03657e-15
4324.0	2.002738e-15
4326.0	1.986312e-15
4328.0	1.995859e-15
4330.0	2.0031e-15
4332.0	1.997211e-15
4334.0	1.981527e-15
4336.0	1.954191e-15
4338.0	1.915132e-15
4340.0	1.899938e-15
4342.0	1.887122e-15
4344.0	1.870222e-15
4346.0	1.834851e-15
4348.0	1.809276e-15
4350.0	1.774998e-15
4352.0	1.755898e-15
4354.0	1.760077e-15
4356.0	1.749748e-15
4358.0	1.725739e-15
4360.0	1.703358e-15
4362.0	1.711247e-15
4364.0	1.720589e-15
4366.0	1.702761e-15
4368.0	1.666861e-15
4370.0	1.655218e-15
4372.0	1.649874e-15
4374.0	1.63577e-15
4376.0	1.619894e-15
4378.0	1.612085e-15
4380.0	1.618288e-15
4382.0	1.600622e-15
4384.0	1.570988e-15
4386.0	1.551442e-15
4388.0	1.55447e-15
4390.0	1.57057e-15
4392.0	1.544185e-15
4394.0	1.530646e-15
4396.0	1.539259e-15
4398.0	1.523155e-15
4400.0	1.515912e-15
4402.0	1.497243e-15
4404.0	1.481199e-15
4406.0	1.486305e-15
4408.0	1.479099e-15
4410.0	1.459313e-15
4412.0	1.425506e-15
4414.0	1.406742e-15
4416.0	1.401945e-15
4418.0	1.388378e-15
4420.0	1.36878e-15
4422.0	1.352659e-15
4424.0	1.359098e-15
4426.0	1.360896e-15
4428.0	1.335434e-15
4430.0	1.338195e-15
4432.0	1.375643e-15
4434.0	1.384408e-15
4436.0	1.380331e-15
4438.0	1.369459e-15
4440.0	1.359702e-15
4442.0	1.36255e-15
4444.0	1.362603e-15
4446.0	1.374807e-15
4448.0	1.381378e-15
4450.0	1.381074e-15
4452.0	1.37991e-15
4454.0	1.395516e-15
4456.0	1.42314e-15
4458.0	1.437603e-15
4460.0	1.435066e-15
4462.0	1.437577e-15
4464.0	1.464713e-15
4466.0	1.46832e-15
4468.0	1.459235e-15
4470.0	1.468733e-15
4472.0	1.470797e-15
4474.0	1.459903e-15
4476.0	1.440191e-15
4478.0	1.413244e-15
4480.0	1.405298e-15
4482.0	1.411324e-15
4484.0	1.407334e-15
4486.0	1.406186e-15
4488.0	1.416675e-15
4490.0	1.411735e-15
4492.0	1.391783e-15
4494.0	1.381735e-15
4496.0	1.378054e-15
4498.0	1.37559e-15
4500.0	1.381799e-15
4502.0	1.398823e-15
4504.0	1.414162e-15
4506.0	1.408021e-15
4508.0	1.384951e-15
4510.0	1.398587e-15
4512.0	1.421193e-15
4514.0	1.416994e-15
4516.0	1.420202e-15
4518.0	1.436815e-15
4520.0	1.455615e-15
4522.0	1.467044e-15
4524.0	1.476805e-15
4526.0	1.491463e-15
4528.0	1.506091e-15
4530.0	1.515324e-15
4532.0	1.531316e-15
4534.0	1.545486e-15
4536.0	1.571191e-15
4538.0	1.595206e-15
4540.0	1.604034e-15
4542.0	1.606263e-15
4544.0	1.614552e-15
4546.0	1.62568e-15
4548.0	1.635319e-15
4550.0	1.632346e-15
4552.0	1.65063e-15
4554.0	1.671586e-15
4556.0	1.690755e-15
4558.0	1.699274e-15
4560.0	1.710896e-15
4562.0	1.751834e-15
4564.0	1.767401e-15
4566.0	1.756737e-15
4568.0	1.770293e-15
4570.0	1.788296e-15
4572.0	1.793574e-15
4574.0	1.804767e-15
4576.0	1.804371e-15
4578.0	1.800848e-15
4580.0	1.79152e-15
4582.0	1.789438e-15
4584.0	1.797868e-15
4586.0	1.781713e-15
4588.0	1.794265e-15
4590.0	1.809906e-15
4592.0	1.803182e-15
4594.0	1.786593e-15
4596.0	1.796531e-15
4598.0	1.819395e-15
4600.0	1.837758e-15
4602.0	1.848339e-15
4604.0	1.853892e-15
4606.0	1.880247e-15
4608.0	1.920191e-15
4610.0	1.939226e-15
4612.0	1.946672e-15
4614.0	1.946999e-15
4616.0	1.948121e-15
4618.0	1.947166e-15
4620.0	1.954052e-15
4622.0	1.972736e-15
4624.0	1.973888e-15
4626.0	1.951378e-15
4628.0	1.965583e-15
4630.0	1.959354e-15
4632.0	1.97256e-15
4634.0	1.990315e-15
4636.0	1.99749e-15
4638.0	2.010635e-15
4640.0	2.024511e-15
4642.0	2.011975e-15
4644.0	2.050903e-15
4646.0	2.056457e-15
4648.0	2.064435e-15
4650.0	2.054722e-15
4652.0	2.051918e-15
4654.0	2.053103e-15
4656.0	2.087413e-15
4658.0	2.06585e-15
4660.0	2.012891e-15
4662.0	2.02977e-15
4664.0	2.047678e-15
4666.0	2.016973e-15
4668.0	1.997566e-15
4670.0	1.981968e-15
4672.0	1.982671e-15
4674.0	1.95394e-15
4676.0	1.948008e-15
4678.0	1.96642e-15
4680.0	1.957489e-15
4682.0	1.907088e-15
4684.0	1.898649e-15
4686.0	1.914989e-15
4688.0	1.920456e-15
4690.0	1.909214e-15
4692.0	1.932888e-15
4694.0	1.932596e-15
4696.0	1.93242e-15
4698.0	1.936624e-15
4700.0	1.952568e-15
4702.0	1.945115e-15
4704.0	1.954284e-15
4706.0	1.994474e-15
4708.0	1.963555e-15
4710.0	1.992886e-15
4712.0	1.983538e-15
4714.0	1.982092e-15
4716.0	1.987743e-15
4718.0	2.02008e-15
4720.0	2.00595e-15
4722.0	2.030739e-15
4724.0	2.046551e-15
4726.0	2.039571e-15
4728.0	2.027231e-15
4730.0	2.046079e-15
4732.0	2.041207e-15
4734.0	2.053488e-15
4736.0	2.055921e-15
4738.0	2.047187e-15
4740.0	2.017083e-15
4742.0	2.006115e-15
4744.0	1.98221e-15
4746.0	1.972196e-15
4748.0	1.959261e-15
4750.0	1.959824e-15
4752.0	1.941985e-15
4754.0	1.91489e-15
4756.0	1.889054e-15
4758.0	1.866412e-15
4760.0	1.847141e-15
4762.0	1.832029e-15
4764.0	1.819031e-15
4766.0	1.788146e-15
4768.0	1.796463e-15
4770.0	1.762026e-15
4772.0	1.715577e-15
4774.0	1.682275e-15
4776.0	1.64683e-15
4778.0	1.628402e-15
4780.0	1.639711e-15
4782.0	1.604019e-15
4784.0	1.563367e-15
4786.0	1.552955e-15
4788.0	1.562604e-15
4790.0	1.561446e-15
4792.0	1.594435e-15
4794.0	1.604361e-15
4796.0	1.601002e-15
4798.0	1.591781e-15
4800.0	1.581501e-15
4802.0	1.581852e-15
4804.0	1.603851e-15
4806.0	1.619495e-15
4808.0	1.608512e-15
4810.0	1.619918e-15
4812.0	1.648566e-15
4814.0	1.635517e-15
4816.0	1.621567e-15
4818.0	1.61615e-15
4820.0	1.616279e-15
4822.0	1.611448e-15
4824.0	1.625841e-15
4826.0	1.646211e-15
4828.0	1.610636e-15
4830.0	1.593354e-15
4832.0	1.596205e-15
4834.0	1.580456e-15
4836.0	1.558055e-15
4838.0	1.521406e-15
4840.0	1.483895e-15
4842.0	1.440979e-15
4844.0	1.430276e-15
4846.0	1.414323e-15
4848.0	1.394363e-15
4850.0	1.377991e-15
4852.0	1.35788e-15
4854.0	1.341321e-15
4856.0	1.300571e-15
4858.0	1.286039e-15
4860.0	1.296806e-15
4862.0	1.289031e-15
4864.0	1.27205e-15
4866.0	1.260187e-15
4868.0	1.261032e-15
4870.0	1.260604e-15
4872.0	1.239691e-15
4874.0	1.221725e-15
4876.0	1.227297e-15
4878.0	1.233648e-15
4880.0	1.222399e-15
4882.0	1.210388e-15
4884.0	1.195731e-15
4886.0	1.177711e-15
4888.0	1.181479e-15
4890.0	1.176442e-15
4892.0	1.157643e-15
4894.0	1.164463e-15
4896.0	1.1862e-15
4898.0	1.19992e-15
4900.0	1.211661e-15
4902.0	1.236845e-15
4904.0	1.269236e-15
4906.0	1.289529e-15
4908.0	1.288351e-15
4910.0	1.295541e-15
4912.0	1.325046e-15
4914.0	1.347673e-15
4916.0	1.36286e-15
4918.0	1.379029e-15
4920.0	1.397957e-15
4922.0	1.408337e-15
4924.0	1.394082e-15
4926.0	1.380813e-15
4928.0	1.382772e-15
4930.0	1.368362e-15
4932.0	1.353883e-15
4934.0	1.324831e-15
4936.0	1.289638e-15
4938.0	1.285444e-15
4940.0	1.269586e-15
4942.0	1.23591e-15
4944.0	1.221776e-15
4946.0	1.214266e-15
4948.0	1.189635e-15
4950.0	1.173097e-15
4952.0	1.162591e-15
4954.0	1.141546e-15
4956.0	1.127233e-15
4958.0	1.107115e-15
4960.0	1.088934e-15
4962.0	1.08186e-15
4964.0	1.083029e-15
4966.0	1.071205e-15
4968.0	1.055911e-15
4970.0	1.03806e-15
4972.0	1.019287e-15
4974.0	1.016464e-15
4976.0	1.019304e-15
4978.0	1.006405e-15
4980.0	9.805073e-16
4982.0	9.662779e-16
4984.0	9.652598e-16
4986.0	9.671691e-16
4988.0	9.594555e-16
4990.0	9.538023e-16
4992.0	9.536575e-16
4994.0	9.649985e-16
4996.0	9.683771e-16
4998.0	9.648428e-16
5000.0	9.691266e-16
5002.0	9.801388e-16
5004.0	9.98795e-16
5006.0	1.02569e-15
5008.0	1.054599e-15
5010.0	1.066122e-15
5012.0	1.087929e-15
5014.0	1.115871e-15
5016.0	1.128949e-15
5018.0	1.140137e-15
5020.0	1.166857e-15
5022.0	1.18855e-15
5024.0	1.202904e-15
5026.0	1.230369e-15
5028.0	1.266492e-15
5030.0	1.300396e-15
5032.0	1.316825e-15
5034.0	1.335161e-15
5036.0	1.342603e-15
5038.0	1.351212e-15
5040.0	1.342838e-15
5042.0	1.340038e-15
5044.0	1.355135e-15
5046.0	1.359843e-15
5048.0	1.348003e-15
5050.0	1.349054e-15
5052.0	1.359502e-15
5054.0	1.347978e-15
5056.0	1.341408e-15
5058.0	1.31213e-15
5060.0	1.285677e-15
5062.0	1.286952e-15
5064.0	1.281108e-15
5066.0	1.266695e-15
5068.0	1.267934e-15
5070.0	1.273628e-15
5072.0	1.251822e-15
5074.0	1.237953e-15
5076.0	1.231111e-15
5078.0	1.202288e-15
5080.0	1.186038e-15
5082.0	1.173747e-15
5084.0	1.163118e-15
5086.0	1.149674e-15
5088.0	1.128268e-15
5090.0	1.098962e-15
5092.0	1.089283e-15
5094.0	1.076764e-15
5096.0	1.054884e-15
5098.0	1.033332e-15
5100.0	1.035398e-15
5102.0	1.03345e-15
5104.0	1.019739e-15
5106.0	1.008888e-15
5108.0	1.001823e-15
5110.0	9.940329e-16
5112.0	9.810943e-16
5114.0	9.774224e-16
5116.0	9.802468e-16
5118.0	9.672906e-16
5120.0	9.65506e-16
5122.0	9.811281e-16
5124.0	9.736826e-16
5126.0	9.685984e-16
5128.0	9.757922e-16
5130.0	9.782114e-16
5132.0	9.730623e-16
5134.0	9.938428e-16
5136.0	9.86636e-16
5138.0	9.935533e-16
5140.0	1.001263e-15
5142.0	1.010685e-15
5144.0	1.03179e-15
5146.0	1.035922e-15
5148.0	1.025782e-15
5150.0	1.025292e-15
5152.0	1.043499e-15
5154.0	1.052572e-15
5156.0	1.063009e-15
5158.0	1.060769e-15
5160.0	1.068632e-15
5162.0	1.088814e-15
5164.0	1.095122e-15
5166.0	1.099828e-15
5168.0	1.107673e-15
5170.0	1.102469e-15
5172.0	1.112014e-15
5174.0	1.122252e-15
5176.0	1.127785e-15
5178.0	1.141961e-15
5180.0	1.14466e-15
5182.0	1.162386e-15
5184.0	1.154607e-15
5186.0	1.167424e-15
5188.0	1.192528e-15
5190.0	1.213636e-15
5192.0	1.20554e-15
5194.0	1.220195e-15
5196.0	1.230182e-15
5198.0	1.216912e-15
5200.0	1.227047e-15
5202.0	1.249349e-15
5204.0	1.262932e-15
5206.0	1.276455e-15
5208.0	1.297461e-15
5210.0	1.305123e-15
5212.0	1.320901e-15
5214.0	1.327985e-15
5216.0	1.329039e-15
5218.0	1.345174e-15
5220.0	1.346115e-15
5222.0	1.358945e-15
5224.0	1.376735e-15
5226.0	1.385171e-15
5228.0	1.38067e-15
5230.0	1.367268e-15
5232.0	1.3913e-15
5234.0	1.407185e-15
5236.0	1.414432e-15
5238.0	1.417672e-15
5240.0	1.417531e-15
5242.0	1.419046e-15
5244.0	1.42292e-15
5246.0	1.445165e-15
5248.0	1.448858e-15
5250.0	1.456062e-15
5252.0	1.457886e-15
5254.0	1.485596e-15
5256.0	1.495958e-15
5258.0	1.498425e-15
5260.0	1.501619e-15
5262.0	1.515154e-15
5264.0	1.540033e-15
5266.0	1.512028e-15
5268.0	1.534719e-15
5270.0	1.533561e-15
5272.0	1.5369e-15
5274.0	1.531511e-15
5276.0	1.522779e-15
5278.0	1.525071e-15
5280.0	1.515357e-15
5282.0	1.503796e-15
5284.0	1.511592e-15
5286.0	1.475455e-15
5288.0	1.46873e-15
5290.0	1.483456e-15
5292.0	1.497706e-15
5294.0	1.520326e-15
5296.0	1.508328e-15
5298.0	1.494347e-15
5300.0	1.513003e-15
5302.0	1.521592e-15
5304.0	1.536305e-15
5306.0	1.534486e-15
5308.0	1.512629e-15
5310.0	1.506873e-15
5312.0	1.49085e-15
5314.0	1.490869e-15
5316.0	1.509077e-15
5318.0	1.527493e-15
5320.0	1.524537e-15
5322.0	1.53179e-15
5324.0	1.545334e-15
5326.0	1.547685e-15
5328.0	1.55738e-15
5330.0	1.551789e-15
5332.0	1.535004e-15
5334.0	1.544464e-15
5336.0	1.559635e-15
5338.0	1.563755e-15
5340.0	1.567563e-15
5342.0	1.570705e-15
5344.0	1.568795e-15
5346.0	1.569866e-15
5348.0	1.576949e-15
5350.0	1.567686e-15
5352.0	1.574893e-15
5354.0	1.586141e-15
5356.0	1.575764e-15
5358.0	1.564244e-15
5360.0	1.56064e-15
5362.0	1.560819e-15
5364.0	1.547298e-15
5366.0	1.534373e-15
5368.0	1.514542e-15
5370.0	1.496731e-15
5372.0	1.484608e-15
5374.0	1.48105e-15
5376.0	1.463363e-15
5378.0	1.434515e-15
5380.0	1.424064e-15
5382.0	1.392567e-15
5384.0	1.351577e-15
5386.0	1.322954e-15
5388.0	1.286771e-15
5390.0	1.254959e-15
5392.0	1.22884e-15
5394.0	1.203251e-15
5396.0	1.177998e-15
5398.0	1.153328e-15
5400.0	1.132487e-15
5402.0	1.128975e-15
5404.0	1.108668e-15
5406.0	1.093966e-15
5408.0	1.09095e-15
5410.0	1.077544e-15
5412.0	1.058618e-15
5414.0	1.036066e-15
5416.0	1.015588e-15
5418.0	1.006609e-15
5420.0	9.992735e-16
5422.0	9.995715e-16
5424.0	1.004396e-15
5426.0	1.020673e-15
5428.0	1.046057e-15
5430.0	1.050952e-15
5432.0	1.046381e-15
5434.0	1.043417e-15
5436.0	1.045928e-15
5438.0	1.040571e-15
5440.0	1.038325e-15
5442.0	1.048837e-15
5444.0	1.071864e-15
5446.0	1.097168e-15
5448.0	1.097586e-15
5450.0	1.097715e-15
5452.0	1.103876e-15
5454.0	1.110581e-15
5456.0	1.104612e-15
5458.0	1.106915e-15
5460.0	1.115862e-15
5462.0	1.10753e-15
5464.0	1.103268e-15
5466.0	1.105341e-15
5468.0	1.099704e-15
5470.0	1.085274e-15
5472.0	1.074458e-15
5474.0	1.069415e-15
5476.0	1.064131e-15
5478.0	1.062174e-15
5480.0	1.07647e-15
5482.0	1.093546e-15
5484.0	1.091884e-15
5486.0	1.08585e-15
5488.0	1.097449e-15
5490.0	1.1162e-15
5492.0	1.119885e-15
5494.0	1.107115e-15
5496.0	1.100971e-15
5498.0	1.104997e-15
5500.0	1.118335e-15
5502.0	1.129128e-15
5504.0	1.130101e-15
5506.0	1.124524e-15
5508.0	1.123435e-15
5510.0	1.13109e-15
5512.0	1.123214e-15
5514.0	1.104558e-15
5516.0	1.10279e-15
5518.0	1.12411e-15
5520.0	1.137448e-15
5522.0	1.132437e-15
5524.0	1.127631e-15
5526.0	1.124137e-15
5528.0	1.118824e-15
5530.0	1.120232e-15
5532.0	1.121702e-15
5534.0	1.120114e-15
5536.0	1.121824e-15
5538.0	1.132773e-15
5540.0	1.146849e-15
5542.0	1.147614e-15
5544.0	1.142319e-15
5546.0	1.143457e-15
5548.0	1.152184e-15
5550.0	1.160593e-15
5552.0	1.156268e-15
5554.0	1.144761e-15
5556.0	1.135498e-15
5558.0	1.123932e-15
5560.0	1.112119e-15
5562.0	1.105059e-15
5564.0	1.088419e-15
5566.0	1.065601e-15
5568.0	1.054755e-15
5570.0	1.043459e-15
5572.0	1.036862e-15
5574.0	1.03461e-15
5576.0	1.024984e-15
5578.0	1.014919e-15
5580.0	1.013376e-15
5582.0	1.027816e-15
5584.0	1.033219e-15
5586.0	1.017843e-15
5588.0	1.007856e-15
5590.0	9.865534e-16
5592.0	9.608597e-16
5594.0	9.555065e-16
5596.0	9.494394e-16
5598.0	9.316679e-16
5600.0	9.047736e-16
5602.0	8.898209e-16
5604.0	8.839934e-16
5606.0	8.707122e-16
5608.0	8.619229e-16
5610.0	8.69555e-16
5612.0	8.842367e-16
5614.0	8.873296e-16
5616.0	8.881602e-16
5618.0	8.92277e-16
5620.0	8.928005e-16
5622.0	8.964082e-16
5624.0	9.014572e-16
5626.0	9.092797e-16
5628.0	9.231838e-16
5630.0	9.381061e-16
5632.0	9.565752e-16
5634.0	9.761455e-16
5636.0	9.999557e-16
5638.0	1.020891e-15
5640.0	1.037684e-15
5642.0	1.057397e-15
5644.0	1.078781e-15
5646.0	1.095299e-15
5648.0	1.101714e-15
5650.0	1.107869e-15
5652.0	1.116012e-15
5654.0	1.133729e-15
5656.0	1.154272e-15
5658.0	1.157288e-15
5660.0	1.155809e-15
5662.0	1.168716e-15
5664.0	1.179882e-15
5666.0	1.186541e-15
5668.0	1.190096e-15
5670.0	1.193925e-15
5672.0	1.206473e-15
5674.0	1.206272e-15
5676.0	1.203867e-15
5678.0	1.207334e-15
5680.0	1.211985e-15
5682.0	1.223316e-15
5684.0	1.220594e-15
5686.0	1.208148e-15
5688.0	1.207368e-15
5690.0	1.214096e-15
5692.0	1.2262e-15
5694.0	1.240518e-15
5696.0	1.240852e-15
5698.0	1.230237e-15
5700.0	1.223094e-15
5702.0	1.22862e-15
5704.0	1.226645e-15
5706.0	1.220371e-15
5708.0	1.22614e-15
5710.0	1.228933e-15
5712.0	1.2307e-15
5714.0	1.236073e-15
5716.0	1.233083e-15
5718.0	1.226276e-15
5720.0	1.232473e-15
5722.0	1.235497e-15
5724.0	1.232752e-15
5726.0	1.246698e-15
5728.0	1.254446e-15
5730.0	1.235659e-15
5732.0	1.231069e-15
5734.0	1.242566e-15
5736.0	1.252205e-15
5738.0	1.254136e-15
5740.0	1.25341e-15
5742.0	1.255708e-15
5744.0	1.246311e-15
5746.0	1.248721e-15
5748.0	1.253511e-15
5750.0	1.242111e-15
5752.0	1.231165e-15
5754.0	1.232024e-15
5756.0	1.235838e-15
5758.0	1.238742e-15
5760.0	1.24823e-15
5762.0	1.239419e-15
5764.0	1.232827e-15
5766.0	1.237019e-15
5768.0	1.231512e-15
5770.0	1.233619e-15
5772.0	1.233348e-15
5774.0	1.224535e-15
5776.0	1.228204e-15
5778.0	1.216501e-15
5780.0	1.198257e-15
5782.0	1.209235e-15
5784.0	1.205142e-15
5786.0	1.206249e-15
5788.0	1.215556e-15
5790.0	1.210556e-15
5792.0	1.203383e-15
5794.0	1.194844e-15
5796.0	1.183127e-15
5798.0	1.191723e-15
5800.0	1.199994e-15
5802.0	1.19533e-15
5804.0	1.181863e-15
5806.0	1.192211e-15
5808.0	1.188213e-15
5810.0	1.18144e-15
5812.0	1.172691e-15
5814.0	1.168823e-15
5816.0	1.158584e-15
5818.0	1.153479e-15
5820.0	1.155168e-15
5822.0	1.136522e-15
5824.0	1.128856e-15
5826.0	1.147265e-15
5828.0	1.133236e-15
5830.0	1.125955e-15
5832.0	1.130187e-15
5834.0	1.126946e-15
5836.0	1.124096e-15
5838.0	1.107894e-15
5840.0	1.099106e-15
5842.0	1.104065e-15
5844.0	1.104633e-15
5846.0	1.101275e-15
5848.0	1.083277e-15
5850.0	1.076277e-15
5852.0	1.073298e-15
5854.0	1.07532e-15
5856.0	1.064356e-15
5858.0	1.062783e-15
5860.0	1.073189e-15
5862.0	1.070556e-15
5864.0	1.065412e-15
5866.0	1.061968e-15
5868.0	1.06543e-15
5870.0	1.065553e-15
5872.0	1.045701e-15
5874.0	1.036695e-15
5876.0	1.052966e-15
5878.0	1.065656e-15
5880.0	1.051171e-15
5882.0	1.056458e-15
5884.0	1.061134e-15
5886.0	1.056644e-15
5888.0	1.041396e-15
5890.0	1.019711e-15
5892.0	1.026264e-15
5894.0	1.033222e-15
5896.0	1.034815e-15
5898.0	1.037304e-15
5900.0	1.049469e-15
5902.0	1.04114e-15
5904.0	1.047056e-15
5906.0	1.061174e-15
5908.0	1.050189e-15
5910.0	1.045953e-15
5912.0	1.053545e-15
5914.0	1.056089e-15
5916.0	1.05005e-15
5918.0	1.055133e-15
5920.0	1.064807e-15
5922.0	1.066799e-15
5924.0	1.081364e-15
5926.0	1.081e-15
5928.0	1.086136e-15
5930.0	1.090447e-15
5932.0	1.09323e-15
5934.0	1.093642e-15
5936.0	1.086657e-15
5938.0	1.089127e-15
5940.0	1.091697e-15
5942.0	1.086243e-15
5944.0	1.094389e-15
5946.0	1.09403e-15
5948.0	1.112324e-15
5950.0	1.125381e-15
5952.0	1.120444e-15
5954.0	1.118908e-15
5956.0	1.115534e-15
5958.0	1.134894e-15
5960.0	1.144606e-15
5962.0	1.143359e-15
5964.0	1.15806e-15
5966.0	1.154854e-15
5968.0	1.15482e-15
5970.0	1.165759e-15
5972.0	1.172459e-15
5974.0	1.177849e-15
5976.0	1.188759e-15
5978.0	1.175467e-15
5980.0	1.181698e-15
5982.0	1.191339e-15
5984.0	1.193008e-15
5986.0	1.203826e-15
5988.0	1.207818e-15
5990.0	1.199309e-15
5992.0	1.193183e-15
5994.0	1.207333e-15
5996.0	1.217376e-15
5998.0	1.212301e-15
6000.0	1.217599e-15
6002.0	1.213085e-15
6004.0	1.209497e-15
6006.0	1.210591e-15
6008.0	1.223085e-15
6010.0	1.221259e-15
6012.0	1.213316e-15
6014.0	1.227318e-15
6016.0	1.22428e-15
6018.0	1.211266e-15
6020.0	1.205727e-15
6022.0	1.218664e-15
6024.0	1.220955e-15
6026.0	1.241e-15
6028.0	1.229982e-15
6030.0	1.219456e-15
6032.0	1.220342e-15
6034.0	1.204242e-15
6036.0	1.201258e-15
6038.0	1.20295e-15
6040.0	1.197808e-15
6042.0	1.198113e-15
6044.0	1.188059e-15
6046.0	1.189215e-15
6048.0	1.175125e-15
6050.0	1.155289e-15
6052.0	1.139732e-15
6054.0	1.150167e-15
6056.0	1.142399e-15
6058.0	1.132973e-15
6060.0	1.150263e-15
6062.0	1.173552e-15
6064.0	1.171103e-15
6066.0	1.166787e-15
6068.0	1.169083e-15
6070.0	1.157857e-15
6072.0	1.15266e-15
6074.0	1.144471e-15
6076.0	1.134759e-15
6078.0	1.138131e-15
6080.0	1.148274e-15
6082.0	1.150002e-15
6084.0	1.15332e-15
6086.0	1.139574e-15
6088.0	1.135128e-15
6090.0	1.137978e-15
6092.0	1.139356e-15
6094.0	1.128301e-15
6096.0	1.117963e-15
6098.0	1.1271e-15
6100.0	1.137575e-15
6102.0	1.122382e-15
6104.0	1.114915e-15
6106.0	1.124879e-15
6108.0	1.144581e-15
6110.0	1.135964e-15
6112.0	1.122599e-15
6114.0	1.126095e-15
6116.0	1.120829e-15
6118.0	1.113923e-15
6120.0	1.111441e-15
6122.0	1.107077e-15
6124.0	1.099731e-15
6126.0	1.110212e-15
6128.0	1.11858e-15
6130.0	1.109512e-15
6132.0	1.112785e-15
6134.0	1.104021e-15
6136.0	1.096701e-15
6138.0	1.091943e-15
6140.0	1.080654e-15
6142.0	1.078742e-15
6144.0	1.078145e-15
6146.0	1.078446e-15
6148.0	1.074761e-15
6150.0	1.065666e-15
6152.0	1.059408e-15
6154.0	1.060608e-15
6156.0	1.062872e-15
6158.0	1.056525e-15
6160.0	1.057452e-15
6162.0	1.07237e-15
6164.0	1.069523e-15
6166.0	1.055105e-15
6168.0	1.048097e-15
6170.0	1.046712e-15
6172.0	1.037155e-15
6174.0	1.032984e-15
6176.0	1.029425e-15
6178.0	1.025288e-15
6180.0	1.026151e-15
6182.0	1.027221e-15
6184.0	1.028528e-15
6186.0	1.023136e-15
6188.0	1.017094e-15
6190.0	1.014941e-15
6192.0	1.018803e-15
6194.0	1.017418e-15
6196.0	1.010857e-15
6198.0	1.011767e-15
6200.0	1.016776e-15
6202.0	1.011341e-15
6204.0	1.002227e-15
6206.0	1.003335e-15
6208.0	9.997305e-16
6210.0	9.857336e-16
6212.0	9.806419e-16
6214.0	9.822737e-16
6216.0	9.864968e-16
6218.0	9.906433e-16
6220.0	9.8239e-16
6222.0	9.740504e-16
6224.0	9.689661e-16
6226.0	9.595728e-16
6228.0	9.459272e-16
6230.0	9.379084e-16
6232.0	9.324352e-16
6234.0	9.149515e-16
6236.0	8.905949e-16
6238.0	8.707387e-16
6240.0	8.508859e-16
6242.0	8.291511e-16
6244.0	7.989193e-16
6246.0	7.711246e-16
6248.0	7.482809e-16
6250.0	7.227482e-16
6252.0	7.003461e-16
6254.0	6.7303e-16
6256.0	6.537668e-16
6258.0	6.309178e-16
6260.0	5.9604e-16
6262.0	5.734774e-16
6264.0	5.563339e-16
6266.0	5.314364e-16
6268.0	5.060269e-16
6270.0	4.928772e-16
6272.0	4.881325e-16
6274.0	4.781836e-16
6276.0	4.562402e-16
6278.0	4.414e-16
6280.0	4.339605e-16
6282.0	4.380477e-16
6284.0	4.412914e-16
6286.0	4.412667e-16
6288.0	4.331066e-16
6290.0	4.234177e-16
6292.0	4.239434e-16
6294.0	4.19801e-16
6296.0	4.061414e-16
6298.0	3.937269e-16
6300.0	3.889239e-16
6302.0	3.753418e-16
6304.0	3.798321e-16
6306.0	3.965394e-16
6308.0	4.019999e-16
6310.0	4.026988e-16
6312.0	4.030226e-16
6314.0	4.081198e-16
6316.0	4.114955e-16
6318.0	4.179505e-16
6320.0	4.044467e-16
6322.0	4.107693e-16
6324.0	4.202019e-16
6326.0	4.250789e-16
6328.0	4.292458e-16
6330.0	4.397928e-16
6332.0	4.485046e-16
6334.0	4.554098e-16
6336.0	4.64171e-16
6338.0	4.799972e-16
6340.0	4.916564e-16
6342.0	5.071254e-16
6344.0	5.237556e-16
6346.0	5.429496e-16
6348.0	5.567652e-16
6350.0	5.645679e-16
6352.0	5.650744e-16
6354.0	5.86167e-16
6356.0	6.027027e-16
6358.0	5.918871e-16
6360.0	6.031911e-16
6362.0	6.226802e-16
6364.0	6.338556e-16
6366.0	6.43794e-16
6368.0	6.573116e-16
6370.0	6.62751e-16
6372.0	6.693735e-16
6374.0	6.940835e-16
6376.0	7.09751e-16
6378.0	7.211717e-16
6380.0	7.330095e-16
6382.0	7.336827e-16
6384.0	7.46608e-16
6386.0	7.557588e-16
6388.0	7.579341e-16
6390.0	7.588739e-16
6392.0	7.5927e-16
6394.0	7.767905e-16
6396.0	7.899397e-16
6398.0	7.954683e-16
6400.0	7.95339e-16
6402.0	8.069254e-16
6404.0	7.955091e-16
6406.0	8.060865e-16
6408.0	8.174638e-16
6410.0	8.152517e-16
6412.0	8.250371e-16
6414.0	8.289423e-16
6416.0	8.227895e-16
6418.0	8.196578e-16
6420.0	8.336469e-16
6422.0	8.393289e-16
6424.0	8.466446e-16
6426.0	8.539529e-16
6428.0	8.50306e-16
6430.0	8.404034e-16
6432.0	8.351355e-16
6434.0	8.491783e-16
6436.0	8.440522e-16
6438.0	8.488128e-16
6440.0	8.435973e-16
6442.0	8.42627e-16
6444.0	8.420952e-16
6446.0	8.402692e-16
6448.0	8.302457e-16
6450.0	8.512038e-16
6452.0	8.452443e-16
6454.0	8.427314e-16
6456.0	8.432133e-16
6458.0	8.430292e-16
6460.0	8.410331e-16
6462.0	8.477917e-16
6464.0	8.542399e-16
6466.0	8.557148e-16
6468.0	8.625635e-16
6470.0	8.516971e-16
6472.0	8.360418e-16
6474.0	8.312572e-16
6476.0	8.432504e-16
6478.0	8.452102e-16
6480.0	8.374344e-16
6482.0	8.346744e-16
6484.0	8.274621e-16
6486.0	8.343967e-16
6488.0	8.365932e-16
6490.0	8.406735e-16
6492.0	8.453088e-16
6494.0	8.391839e-16
6496.0	8.434922e-16
6498.0	8.39858e-16
6500.0	8.313e-16
6502.0	8.30974e-16
6504.0	8.246911e-16
6506.0	8.259596e-16
6508.0	8.221809e-16
6510.0	8.281597e-16
6512.0	8.261364e-16
6514.0	8.154541e-16
6516.0	8.094355e-16
6518.0	8.135896e-16
6520.0	8.103112e-16
6522.0	8.1252e-16
6524.0	8.015385e-16
6526.0	7.882489e-16
6528.0	7.972389e-16
6530.0	7.993758e-16
6532.0	7.95053e-16
6534.0	7.885839e-16
6536.0	7.857761e-16
6538.0	7.945617e-16
6540.0	8.002935e-16
6542.0	8.052734e-16
6544.0	7.932628e-16
6546.0	7.849796e-16
6548.0	7.905875e-16
6550.0	7.806072e-16
6552.0	7.844866e-16
6554.0	7.898442e-16
6556.0	7.68796e-16
6558.0	7.855929e-16
6560.0	8.009719e-16
6562.0	7.848571e-16
6564.0	7.85531e-16
6566.0	7.851487e-16
6568.0	7.689334e-16
6570.0	7.619573e-16
6572.0	7.68664e-16
6574.0	7.589016e-16
6576.0	7.618639e-16
6578.0	7.694071e-16
6580.0	7.722701e-16
6582.0	7.630034e-16
6584.0	7.689692e-16
6586.0	7.672946e-16
6588.0	7.695921e-16
6590.0	7.572347e-16
6592.0	7.539848e-16
6594.0	7.4807e-16
6596.0	7.457113e-16
6598.0	7.451292e-16
6600.0	7.47151e-16
6602.0	7.509087e-16
6604.0	7.473681e-16
6606.0	7.411471e-16
6608.0	7.490242e-16
6610.0	7.454222e-16
6612.0	7.286881e-16
6614.0	7.33156e-16
6616.0	7.269886e-16
6618.0	7.337002e-16
6620.0	7.339388e-16
6622.0	7.311558e-16
6624.0	7.280075e-16
6626.0	7.351831e-16
6628.0	7.517688e-16
6630.0	7.500516e-16
6632.0	7.483468e-16
6634.0	7.303656e-16
6636.0	7.215304e-16
6638.0	7.287068e-16
6640.0	7.233276e-16
6642.0	7.308121e-16
6644.0	7.359346e-16
6646.0	7.395363e-16
6648.0	7.425543e-16
6650.0	7.460466e-16
6652.0	7.410258e-16
6654.0	7.333241e-16
6656.0	7.348655e-16
6658.0	7.345262e-16
6660.0	7.316896e-16
6662.0	7.344816e-16
6664.0	7.373841e-16
6666.0	7.435641e-16
6668.0	7.487297e-16
6670.0	7.408932e-16
6672.0	7.383883e-16
6674.0	7.376856e-16
6676.0	7.381702e-16
6678.0	7.377361e-16
6680.0	7.322471e-16
6682.0	7.282273e-16
6684.0	7.277656e-16
6686.0	7.299184e-16
6688.0	7.348371e-16
6690.0	7.393332e-16
6692.0	7.373193e-16
6694.0	7.330334e-16
6696.0	7.320796e-16
6698.0	7.3328e-16
6700.0	7.254745e-16
6702.0	7.163042e-16
6704.0	7.149459e-16
6706.0	7.22434e-16
6708.0	7.277112e-16
6710.0	7.311256e-16
6712.0	7.34539e-16
6714.0	7.312359e-16
6716.0	7.256703e-16
6718.0	7.261867e-16
6720.0	7.194061e-16
6722.0	7.066519e-16
6724.0	6.982078e-16
6726.0	6.903619e-16
6728.0	6.928143e-16
6730.0	7.040002e-16
6732.0	7.064152e-16
6734.0	7.019827e-16
6736.0	7.022921e-16
6738.0	6.898837e-16
6740.0	6.858885e-16
6742.0	6.865164e-16
6744.0	6.776162e-16
6746.0	6.744082e-16
6748.0	6.74584e-16
6750.0	6.746942e-16
6752.0	6.793962e-16
6754.0	6.867661e-16
6756.0	6.929676e-16
6758.0	6.938392e-16
6760.0	6.81224e-16
6762.0	6.686488e-16
6764.0	6.631878e-16
6766.0	6.654448e-16
6768.0	6.719779e-16
6770.0	6.706994e-16
6772.0	6.626295e-16
6774.0	6.596973e-16
6776.0	6.646737e-16
6778.0	6.674767e-16
6780.0	6.59257e-16
6782.0	6.485363e-16
6784.0	6.465283e-16
6786.0	6.416198e-16
6788.0	6.423212e-16
6790.0	6.489064e-16
6792.0	6.431872e-16
6794.0	6.431316e-16
6796.0	6.434887e-16
6798.0	6.36609e-16
6800.0	6.32536e-16
6802.0	6.270159e-16
6804.0	6.217708e-16
6806.0	6.17633e-16
6808.0	6.253306e-16
6810.0	6.288983e-16
6812.0	6.31232e-16
6814.0	6.302816e-16
6816.0	6.156525e-16
6818.0	6.127588e-16
6820.0	6.139394e-16
6822.0	5.995789e-16
6824.0	5.838373e-16
6826.0	5.82114e-16
6828.0	5.87859e-16
6830.0	5.917178e-16
6832.0	5.923891e-16
6834.0	5.916466e-16
6836.0	5.927881e-16
6838.0	5.92859e-16
6840.0	5.851238e-16
6842.0	5.825868e-16
6844.0	5.86437e-16
6846.0	5.912875e-16
6848.0	5.906245e-16
6850.0	5.795702e-16
6852.0	5.753651e-16
6854.0	5.70714e-16
6856.0	5.714068e-16
6858.0	5.736153e-16
6860.0	5.679099e-16
6862.0	5.678261e-16
6864.0	5.604527e-16
6866.0	5.469266e-16
6868.0	5.454838e-16
6870.0	5.660628e-16
6872.0	5.673495e-16
6874.0	5.514567e-16
6876.0	5.522121e-16
6878.0	5.545807e-16
6880.0	5.526936e-16
6882.0	5.480149e-16
6884.0	5.477836e-16
6886.0	5.474245e-16
6888.0	5.515783e-16
6890.0	5.546165e-16
6892.0	5.55154e-16
6894.0	5.617936e-16
6896.0	5.616672e-16
6898.0	5.544314e-16
6900.0	5.486933e-16
6902.0	5.498813e-16
6904.0	5.525688e-16
6906.0	5.475092e-16
6908.0	5.379821e-16
6910.0	5.434957e-16
6912.0	5.43801e-16
6914.0	5.346574e-16
6916.0	5.274609e-16
6918.0	5.309602e-16
6920.0	5.334438e-16
6922.0	5.206964e-16
6924.0	5.189768e-16
6926.0	5.268513e-16
6928.0	5.316278e-16
6930.0	5.314302e-16
6932.0	5.254417e-16
6934.0	5.13828e-16
6936.0	5.029341e-16
6938.0	5.096001e-16
6940.0	5.16137e-16
6942.0	5.174029e-16
6944.0	5.10964e-16
6946.0	5.082771e-16
6948.0	5.100621e-16
6950.0	5.139356e-16
6952.0	5.078584e-16
6954.0	4.99478e-16
6956.0	5.03363e-16
6958.0	4.9708e-16
6960.0	4.973209e-16
6962.0	5.037062e-16
6964.0	5.051674e-16
6966.0	5.07227e-16
6968.0	5.069086e-16
6970.0	5.046015e-16
6972.0	5.009054e-16
6974.0	5.060032e-16
6976.0	5.006149e-16
6978.0	5.030705e-16
6980.0	5.068562e-16
6982.0	5.02124e-16
6984.0	5.097656e-16
6986.0	5.035302e-16
6988.0	4.98864e-16
6990.0	4.949663e-16
6992.0	4.810185e-16
6994.0	4.75808e-16
6996.0	4.847949e-16
6998.0	4.867969e-16
7000.0	4.889771e-16
7002.0	4.952303e-16
7004.0	4.986104e-16
7006.0	4.945799e-16
7008.0	4.916133e-16
7010.0	4.874071e-16
7012.0	4.843415e-16
7014.0	4.88592e-16
7016.0	4.88607e-16
7018.0	4.852254e-16
7020.0	4.838259e-16
7022.0	4.873847e-16
7024.0	4.716098e-16
7026.0	4.700333e-16
7028.0	4.682842e-16
7030.0	4.793283e-16
7032.0	4.849646e-16
7034.0	4.718179e-16
7036.0	4.704926e-16
7038.0	4.726518e-16
7040.0	4.583697e-16
7042.0	4.587289e-16
7044.0	4.640075e-16
7046.0	4.66111e-16
7048.0	4.771085e-16
7050.0	4.734897e-16
