#	 asassn15hg 
#	 UT date of observation: 20150516 
#	 Telescope/Instrument: SOAR/Goodman 
#	 Estimated Peak MJD: 57131.316 
#	 Estimated redshift: 0.030 
#	 Estimated Phase: 25.9 
#	 Published in Dettman et al. 2020 
#	 Observed barycentric wavelength (Angstroms)    F_lambda
3600.0	-6.235469e-18
3602.0	3.374586e-17
3604.0	3.973133e-17
3606.0	1.009034e-17
3608.0	-1.235108e-17
3610.0	-8.270262e-18
3612.0	6.131758e-18
3614.0	1.030485e-17
3616.0	1.74972e-17
3618.0	2.494449e-18
3620.0	1.393038e-17
3622.0	2.866268e-17
3624.0	2.246253e-18
3626.0	9.686198e-18
3628.0	3.975631e-17
3630.0	1.839926e-17
3632.0	8.32747e-18
3634.0	-7.055985e-18
3636.0	-1.59431e-17
3638.0	1.489706e-17
3640.0	2.547988e-17
3642.0	-8.900442e-18
3644.0	-2.406459e-17
3646.0	-2.734168e-17
3648.0	1.461679e-17
3650.0	-1.401803e-17
3652.0	-6.689378e-18
3654.0	1.42269e-17
3656.0	1.559939e-17
3658.0	1.94518e-17
3660.0	2.926146e-17
3662.0	1.222618e-17
3664.0	2.599793e-17
3666.0	4.315143e-17
3668.0	3.515381e-17
3670.0	1.330913e-18
3672.0	2.63453e-17
3674.0	2.344813e-17
3676.0	8.628835e-18
3678.0	1.130455e-18
3680.0	-2.47521e-20
3682.0	1.273424e-17
3684.0	9.080579e-18
3686.0	-6.668658e-20
3688.0	2.095382e-17
3690.0	1.700893e-17
3692.0	2.356694e-17
3694.0	1.109098e-17
3696.0	9.016607e-18
3698.0	1.520769e-17
3700.0	1.656205e-17
3702.0	2.079753e-17
3704.0	1.845717e-17
3706.0	1.428497e-17
3708.0	2.471913e-17
3710.0	2.17997e-17
3712.0	6.537297e-18
3714.0	2.532569e-17
3716.0	3.169864e-17
3718.0	2.444521e-17
3720.0	1.511341e-17
3722.0	1.739568e-17
3724.0	2.50082e-17
3726.0	3.082125e-17
3728.0	2.635078e-18
3730.0	-7.469248e-18
3732.0	-2.79399e-18
3734.0	-3.454794e-18
3736.0	6.741883e-18
3738.0	3.193694e-17
3740.0	5.240284e-18
3742.0	6.913503e-18
3744.0	1.160045e-17
3746.0	1.545086e-17
3748.0	2.345114e-17
3750.0	1.688929e-17
3752.0	1.220054e-17
3754.0	1.172685e-17
3756.0	2.080043e-17
3758.0	1.953185e-17
3760.0	1.659494e-17
3762.0	2.033718e-17
3764.0	1.856681e-17
3766.0	1.717674e-17
3768.0	3.325816e-17
3770.0	2.297317e-17
3772.0	7.719612e-18
3774.0	1.48994e-17
3776.0	8.344132e-18
3778.0	4.628492e-18
3780.0	7.062825e-18
3782.0	2.224088e-17
3784.0	3.071956e-17
3786.0	2.724422e-17
3788.0	1.500226e-17
3790.0	9.628937e-18
3792.0	1.738172e-17
3794.0	3.387231e-17
3796.0	2.506611e-17
3798.0	1.262995e-17
3800.0	2.060938e-17
3802.0	2.038203e-17
3804.0	1.290973e-17
3806.0	1.045917e-17
3808.0	1.845234e-17
3810.0	2.873766e-17
3812.0	2.042812e-17
3814.0	5.828956e-18
3816.0	3.21531e-18
3818.0	4.311749e-18
3820.0	3.411701e-18
3822.0	7.660681e-18
3824.0	5.088172e-18
3826.0	4.812936e-18
3828.0	1.319675e-17
3830.0	1.174296e-17
3832.0	6.868834e-18
3834.0	1.284731e-17
3836.0	1.531635e-17
3838.0	2.661022e-17
3840.0	2.654563e-17
3842.0	9.755699e-18
3844.0	1.360706e-17
3846.0	2.187773e-17
3848.0	1.138114e-17
3850.0	6.292323e-18
3852.0	1.377584e-17
3854.0	2.020176e-17
3856.0	2.293051e-17
3858.0	1.753548e-17
3860.0	1.399721e-17
3862.0	1.147395e-17
3864.0	3.871933e-18
3866.0	2.74108e-18
3868.0	7.264477e-18
3870.0	1.521752e-17
3872.0	2.560426e-17
3874.0	2.620542e-17
3876.0	1.690405e-17
3878.0	6.882895e-18
3880.0	4.733934e-18
3882.0	1.608521e-17
3884.0	1.558812e-17
3886.0	6.524258e-18
3888.0	1.067922e-17
3890.0	1.029208e-17
3892.0	7.596929e-18
3894.0	8.357463e-18
3896.0	6.190513e-18
3898.0	7.342487e-18
3900.0	1.196663e-17
3902.0	1.436965e-17
3904.0	1.500209e-17
3906.0	1.662005e-17
3908.0	1.365543e-17
3910.0	4.881851e-18
3912.0	8.046892e-18
3914.0	8.926637e-18
3916.0	1.043506e-17
3918.0	1.707697e-17
3920.0	1.523368e-17
3922.0	1.587629e-17
3924.0	7.920568e-18
3926.0	3.19971e-18
3928.0	9.906581e-18
3930.0	1.0996e-17
3932.0	9.794942e-18
3934.0	5.56439e-18
3936.0	8.534913e-18
3938.0	1.505515e-17
3940.0	1.02031e-17
3942.0	5.977229e-18
3944.0	8.00192e-18
3946.0	1.135185e-17
3948.0	1.753816e-17
3950.0	1.585928e-17
3952.0	1.120146e-17
3954.0	1.291662e-17
3956.0	1.275841e-17
3958.0	1.595755e-17
3960.0	2.000826e-17
3962.0	1.313324e-17
3964.0	1.555998e-17
3966.0	1.758538e-17
3968.0	1.82655e-17
3970.0	1.993755e-17
3972.0	1.395501e-17
3974.0	6.753689e-18
3976.0	3.551127e-18
3978.0	4.881055e-18
3980.0	1.473861e-17
3982.0	2.572979e-17
3984.0	2.3731e-17
3986.0	1.961467e-17
3988.0	1.544074e-17
3990.0	1.16137e-17
3992.0	1.690281e-17
3994.0	2.206938e-17
3996.0	1.94667e-17
3998.0	2.079983e-17
4000.0	2.113773e-17
4002.0	2.130005e-17
4004.0	1.831564e-17
4006.0	1.754031e-17
4008.0	2.280018e-17
4010.0	2.787539e-17
4012.0	2.922155e-17
4014.0	2.683159e-17
4016.0	2.876384e-17
4018.0	2.765431e-17
4020.0	1.994457e-17
4022.0	1.265445e-17
4024.0	2.426682e-17
4026.0	2.687738e-17
4028.0	2.593598e-17
4030.0	4.111922e-17
4032.0	3.985137e-17
4034.0	2.947084e-17
4036.0	2.319085e-17
4038.0	2.884324e-17
4040.0	2.531928e-17
4042.0	2.14267e-17
4044.0	3.10383e-17
4046.0	2.918912e-17
4048.0	3.310913e-17
4050.0	3.04444e-17
4052.0	2.922622e-17
4054.0	2.229551e-17
4056.0	2.980933e-17
4058.0	3.602006e-17
4060.0	3.697094e-17
4062.0	3.744098e-17
4064.0	3.647011e-17
4066.0	3.022791e-17
4068.0	3.664421e-17
4070.0	3.760081e-17
4072.0	3.224857e-17
4074.0	3.314265e-17
4076.0	3.827237e-17
4078.0	3.581553e-17
4080.0	3.315598e-17
4082.0	3.054619e-17
4084.0	2.971376e-17
4086.0	2.267376e-17
4088.0	2.070855e-17
4090.0	2.230865e-17
4092.0	2.03676e-17
4094.0	2.132156e-17
4096.0	1.867712e-17
4098.0	2.327169e-17
4100.0	3.058666e-17
4102.0	2.932435e-17
4104.0	2.180657e-17
4106.0	2.581074e-17
4108.0	2.351747e-17
4110.0	1.906369e-17
4112.0	1.894622e-17
4114.0	2.400928e-17
4116.0	3.265099e-17
4118.0	3.220221e-17
4120.0	2.78237e-17
4122.0	1.904308e-17
4124.0	1.959583e-17
4126.0	2.928019e-17
4128.0	2.906734e-17
4130.0	2.698478e-17
4132.0	2.300749e-17
4134.0	2.256088e-17
4136.0	2.286542e-17
4138.0	3.283023e-17
4140.0	2.03712e-17
4142.0	1.131702e-17
4144.0	1.552407e-17
4146.0	2.152885e-17
4148.0	1.724393e-17
4150.0	1.569775e-17
4152.0	2.127423e-17
4154.0	2.301638e-17
4156.0	2.12399e-17
4158.0	2.522906e-17
4160.0	1.599627e-17
4162.0	2.115526e-17
4164.0	1.628339e-17
4166.0	1.824789e-17
4168.0	1.596806e-17
4170.0	1.556093e-17
4172.0	1.960285e-17
4174.0	2.835945e-17
4176.0	2.723644e-17
4178.0	1.703544e-17
4180.0	2.18956e-17
4182.0	3.017145e-17
4184.0	2.744554e-17
4186.0	1.951738e-17
4188.0	1.773999e-17
4190.0	2.250264e-17
4192.0	2.583511e-17
4194.0	2.481359e-17
4196.0	2.156108e-17
4198.0	1.986781e-17
4200.0	2.023317e-17
4202.0	1.669434e-17
4204.0	2.44002e-17
4206.0	2.484102e-17
4208.0	1.730392e-17
4210.0	1.235481e-17
4212.0	1.394234e-17
4214.0	2.295464e-17
4216.0	2.537023e-17
4218.0	2.153861e-17
4220.0	2.471226e-17
4222.0	2.245664e-17
4224.0	1.616263e-17
4226.0	1.273854e-17
4228.0	1.665992e-17
4230.0	1.723288e-17
4232.0	1.375166e-17
4234.0	2.525753e-17
4236.0	2.747925e-17
4238.0	1.882568e-17
4240.0	2.140015e-17
4242.0	2.6068e-17
4244.0	2.120688e-17
4246.0	1.548821e-17
4248.0	1.996488e-17
4250.0	1.955177e-17
4252.0	1.82367e-17
4254.0	2.131286e-17
4256.0	2.295367e-17
4258.0	2.402854e-17
4260.0	1.902611e-17
4262.0	2.004166e-17
4264.0	1.688527e-17
4266.0	1.795303e-17
4268.0	1.461522e-17
4270.0	4.800237e-18
4272.0	1.226588e-17
4274.0	1.888244e-17
4276.0	2.524857e-17
4278.0	2.042799e-17
4280.0	1.745809e-17
4282.0	1.693365e-17
4284.0	1.486398e-17
4286.0	1.656918e-17
4288.0	2.937532e-17
4290.0	2.589991e-17
4292.0	2.02816e-17
4294.0	1.940704e-17
4296.0	2.119174e-17
4298.0	1.644171e-17
4300.0	2.275838e-17
4302.0	2.177477e-17
4304.0	2.225311e-17
4306.0	1.600834e-17
4308.0	1.746007e-17
4310.0	2.274009e-17
4312.0	1.861643e-17
4314.0	2.162502e-17
4316.0	2.522733e-17
4318.0	2.432159e-17
4320.0	2.706755e-17
4322.0	2.6727e-17
4324.0	2.134962e-17
4326.0	1.503273e-17
4328.0	2.123892e-17
4330.0	1.814692e-17
4332.0	1.382185e-17
4334.0	1.306979e-17
4336.0	1.060537e-17
4338.0	1.552154e-17
4340.0	1.890018e-17
4342.0	2.000093e-17
4344.0	1.737998e-17
4346.0	1.201324e-17
4348.0	1.948314e-17
4350.0	2.056555e-17
4352.0	2.544321e-17
4354.0	3.078466e-17
4356.0	3.58427e-17
4358.0	2.882191e-17
4360.0	2.641012e-17
4362.0	2.067267e-17
4364.0	2.478675e-17
4366.0	1.938645e-17
4368.0	1.681098e-17
4370.0	1.263837e-17
4372.0	1.634704e-17
4374.0	1.840268e-17
4376.0	1.744146e-17
4378.0	2.155481e-17
4380.0	2.340651e-17
4382.0	2.149772e-17
4384.0	2.088189e-17
4386.0	1.67004e-17
4388.0	1.111419e-17
4390.0	1.781346e-17
4392.0	2.420898e-17
4394.0	2.35574e-17
4396.0	2.547953e-17
4398.0	1.846618e-17
4400.0	1.69388e-17
4402.0	1.643288e-17
4404.0	1.822812e-17
4406.0	2.673125e-17
4408.0	3.200237e-17
4410.0	2.825943e-17
4412.0	2.537047e-17
4414.0	3.042271e-17
4416.0	2.771118e-17
4418.0	2.63625e-17
4420.0	1.837725e-17
4422.0	1.684457e-17
4424.0	2.021023e-17
4426.0	3.166103e-17
4428.0	2.846589e-17
4430.0	1.789196e-17
4432.0	1.852084e-17
4434.0	2.365038e-17
4436.0	2.830521e-17
4438.0	2.555536e-17
4440.0	2.204474e-17
4442.0	2.305146e-17
4444.0	2.544071e-17
4446.0	2.600415e-17
4448.0	2.320865e-17
4450.0	2.028237e-17
4452.0	1.679889e-17
4454.0	1.958442e-17
4456.0	1.689634e-17
4458.0	2.165169e-17
4460.0	2.305503e-17
4462.0	2.056804e-17
4464.0	1.265259e-17
4466.0	1.924152e-17
4468.0	2.4285e-17
4470.0	1.743129e-17
4472.0	1.60844e-17
4474.0	1.42788e-17
4476.0	1.727642e-17
4478.0	1.238859e-17
4480.0	1.044031e-17
4482.0	2.020062e-17
4484.0	1.962664e-17
4486.0	1.82728e-17
4488.0	2.524079e-17
4490.0	2.997555e-17
4492.0	2.766965e-17
4494.0	1.592386e-17
4496.0	1.256427e-17
4498.0	1.512599e-17
4500.0	1.842459e-17
4502.0	1.843635e-17
4504.0	1.549658e-17
4506.0	1.333585e-17
4508.0	1.494127e-17
4510.0	1.613327e-17
4512.0	9.195156e-18
4514.0	8.138037e-18
4516.0	9.12358e-18
4518.0	8.850225e-18
4520.0	1.063917e-17
4522.0	1.354567e-17
4524.0	1.816818e-17
4526.0	2.054614e-17
4528.0	1.7129e-17
4530.0	1.613849e-17
4532.0	1.541281e-17
4534.0	1.569579e-17
4536.0	2.025753e-17
4538.0	2.508355e-17
4540.0	2.043616e-17
4542.0	1.590462e-17
4544.0	1.549202e-17
4546.0	1.445007e-17
4548.0	1.225944e-17
4550.0	1.083395e-17
4552.0	1.176642e-17
4554.0	1.057379e-17
4556.0	1.114277e-17
4558.0	9.63475e-18
4560.0	6.632756e-18
4562.0	1.258085e-17
4564.0	1.880966e-17
4566.0	1.686476e-17
4568.0	1.488436e-17
4570.0	1.161401e-17
4572.0	8.230972e-18
4574.0	1.23359e-17
4576.0	1.898665e-17
4578.0	1.588602e-17
4580.0	1.01993e-17
4582.0	1.317803e-17
4584.0	1.590865e-17
4586.0	1.449346e-17
4588.0	1.71897e-17
4590.0	1.845483e-17
4592.0	1.794244e-17
4594.0	1.603812e-17
4596.0	1.566858e-17
4598.0	1.698998e-17
4600.0	1.00096e-17
4602.0	7.946657e-18
4604.0	1.433964e-17
4606.0	2.100477e-17
4608.0	2.763048e-17
4610.0	2.275492e-17
4612.0	1.245069e-17
4614.0	1.324912e-17
4616.0	1.656199e-17
4618.0	1.675098e-17
4620.0	2.039379e-17
4622.0	2.120461e-17
4624.0	1.930749e-17
4626.0	1.707623e-17
4628.0	1.588408e-17
4630.0	2.124832e-17
4632.0	2.418916e-17
4634.0	2.141396e-17
4636.0	1.862071e-17
4638.0	1.803284e-17
4640.0	1.999852e-17
4642.0	2.061133e-17
4644.0	1.61196e-17
4646.0	1.562715e-17
4648.0	2.237086e-17
4650.0	2.660278e-17
4652.0	3.005229e-17
4654.0	2.526738e-17
4656.0	1.894728e-17
4658.0	2.230546e-17
4660.0	2.510794e-17
4662.0	2.842075e-17
4664.0	2.961792e-17
4666.0	3.113266e-17
4668.0	3.220448e-17
4670.0	3.085187e-17
4672.0	2.72494e-17
4674.0	2.863061e-17
4676.0	3.453778e-17
4678.0	3.563742e-17
4680.0	3.421429e-17
4682.0	2.86862e-17
4684.0	3.31576e-17
4686.0	3.797196e-17
4688.0	3.443178e-17
4690.0	3.650736e-17
4692.0	3.804533e-17
4694.0	3.740489e-17
4696.0	3.802823e-17
4698.0	3.690665e-17
4700.0	3.696323e-17
4702.0	3.604208e-17
4704.0	3.863173e-17
4706.0	4.673932e-17
4708.0	4.820551e-17
4710.0	3.953606e-17
4712.0	3.469943e-17
4714.0	4.383962e-17
4716.0	4.761745e-17
4718.0	4.140218e-17
4720.0	3.801159e-17
4722.0	4.992131e-17
4724.0	4.995698e-17
4726.0	4.402115e-17
4728.0	4.114381e-17
4730.0	4.553953e-17
4732.0	4.154047e-17
4734.0	4.719076e-17
4736.0	4.516799e-17
4738.0	4.886938e-17
4740.0	5.440926e-17
4742.0	4.367973e-17
4744.0	4.085743e-17
4746.0	4.132971e-17
4748.0	3.860495e-17
4750.0	4.159813e-17
4752.0	3.858841e-17
4754.0	3.932592e-17
4756.0	3.92667e-17
4758.0	3.780968e-17
4760.0	4.162011e-17
4762.0	4.339008e-17
4764.0	3.877959e-17
4766.0	4.27641e-17
4768.0	4.236541e-17
4770.0	4.480046e-17
4772.0	4.155025e-17
4774.0	3.941461e-17
4776.0	3.739576e-17
4778.0	4.375518e-17
4780.0	3.915611e-17
4782.0	3.675534e-17
4784.0	3.375837e-17
4786.0	3.749233e-17
4788.0	3.51733e-17
4790.0	3.576388e-17
4792.0	3.619232e-17
4794.0	3.310152e-17
4796.0	3.866454e-17
4798.0	3.504192e-17
4800.0	3.94501e-17
4802.0	3.733887e-17
4804.0	3.132115e-17
4806.0	2.839593e-17
4808.0	3.277899e-17
4810.0	2.195444e-17
4812.0	2.151036e-17
4814.0	3.39493e-17
4816.0	2.890931e-17
4818.0	2.410306e-17
4820.0	2.229351e-17
4822.0	2.072308e-17
4824.0	1.836749e-17
4826.0	2.031167e-17
4828.0	2.037568e-17
4830.0	2.3811e-17
4832.0	2.757653e-17
4834.0	2.875622e-17
4836.0	2.995974e-17
4838.0	2.785926e-17
4840.0	2.07851e-17
4842.0	2.263594e-17
4844.0	2.019308e-17
4846.0	2.438091e-17
4848.0	2.086765e-17
4850.0	1.918326e-17
4852.0	1.971403e-17
4854.0	2.006947e-17
4856.0	2.103543e-17
4858.0	2.122025e-17
4860.0	1.991099e-17
4862.0	1.529645e-17
4864.0	1.951026e-17
4866.0	1.776171e-17
4868.0	9.680411e-18
4870.0	1.2774e-17
4872.0	1.670627e-17
4874.0	2.330509e-17
4876.0	2.211022e-17
4878.0	1.441947e-17
4880.0	1.438847e-17
4882.0	1.447151e-17
4884.0	1.634906e-17
4886.0	1.604389e-17
4888.0	1.400342e-17
4890.0	1.557226e-17
4892.0	1.535545e-17
4894.0	1.290662e-17
4896.0	2.098824e-17
4898.0	2.672868e-17
4900.0	3.029268e-17
4902.0	2.239084e-17
4904.0	1.463968e-17
4906.0	1.652707e-17
4908.0	1.845384e-17
4910.0	2.080127e-17
4912.0	1.349699e-17
4914.0	1.547293e-17
4916.0	1.947602e-17
4918.0	2.164776e-17
4920.0	2.415136e-17
4922.0	2.402191e-17
4924.0	3.428123e-17
4926.0	2.794436e-17
4928.0	2.527984e-17
4930.0	2.675803e-17
4932.0	1.936431e-17
4934.0	2.275524e-17
4936.0	2.950925e-17
4938.0	3.391417e-17
4940.0	2.864102e-17
4942.0	3.107405e-17
4944.0	2.963483e-17
4946.0	3.0256e-17
4948.0	2.694148e-17
4950.0	2.918158e-17
4952.0	2.936658e-17
4954.0	3.256147e-17
4956.0	2.730562e-17
4958.0	3.021094e-17
4960.0	2.795275e-17
4962.0	2.985269e-17
4964.0	2.658293e-17
4966.0	2.491575e-17
4968.0	2.206573e-17
4970.0	1.775175e-17
4972.0	1.782386e-17
4974.0	1.730086e-17
4976.0	2.476878e-17
4978.0	2.841296e-17
4980.0	2.514155e-17
4982.0	2.196921e-17
4984.0	2.672921e-17
4986.0	2.865178e-17
4988.0	2.821982e-17
4990.0	3.106822e-17
4992.0	2.957065e-17
4994.0	2.867092e-17
4996.0	2.983035e-17
4998.0	2.957735e-17
5000.0	2.517252e-17
5002.0	2.782908e-17
5004.0	2.676486e-17
5006.0	2.369266e-17
5008.0	2.600928e-17
5010.0	2.849322e-17
5012.0	2.657395e-17
5014.0	2.852775e-17
5016.0	2.622818e-17
5018.0	2.337208e-17
5020.0	2.445165e-17
5022.0	2.926418e-17
5024.0	2.989756e-17
5026.0	2.834707e-17
5028.0	2.850821e-17
5030.0	3.228738e-17
5032.0	3.332877e-17
5034.0	3.400864e-17
5036.0	3.651789e-17
5038.0	3.835239e-17
5040.0	3.749307e-17
5042.0	3.425088e-17
5044.0	3.106121e-17
5046.0	3.489554e-17
5048.0	4.204707e-17
5050.0	4.416352e-17
5052.0	4.458682e-17
5054.0	4.165638e-17
5056.0	3.985163e-17
5058.0	4.344909e-17
5060.0	4.317334e-17
5062.0	4.250195e-17
5064.0	4.296853e-17
5066.0	4.042748e-17
5068.0	3.959478e-17
5070.0	4.368906e-17
5072.0	4.66934e-17
5074.0	4.620582e-17
5076.0	4.610484e-17
5078.0	4.745481e-17
5080.0	4.613339e-17
5082.0	4.24775e-17
5084.0	4.147017e-17
5086.0	3.796328e-17
5088.0	3.847136e-17
5090.0	4.82693e-17
5092.0	5.257332e-17
5094.0	4.604267e-17
5096.0	4.247042e-17
5098.0	4.459715e-17
5100.0	4.558285e-17
5102.0	4.533238e-17
5104.0	4.055323e-17
5106.0	3.806777e-17
5108.0	3.886134e-17
5110.0	3.751039e-17
5112.0	3.419506e-17
5114.0	3.198201e-17
5116.0	3.155945e-17
5118.0	3.090325e-17
5120.0	3.024584e-17
5122.0	2.769386e-17
5124.0	3.08299e-17
5126.0	3.673048e-17
5128.0	3.397815e-17
5130.0	2.96486e-17
5132.0	3.116484e-17
5134.0	3.267307e-17
5136.0	2.817757e-17
5138.0	2.501748e-17
5140.0	2.468143e-17
5142.0	2.414122e-17
5144.0	2.471277e-17
5146.0	2.481648e-17
5148.0	2.406955e-17
5150.0	2.391423e-17
5152.0	2.560488e-17
5154.0	2.663017e-17
5156.0	2.706339e-17
5158.0	2.380444e-17
5160.0	2.160203e-17
5162.0	1.950765e-17
5164.0	1.755144e-17
5166.0	2.248732e-17
5168.0	2.293571e-17
5170.0	1.757593e-17
5172.0	1.729818e-17
5174.0	2.145554e-17
5176.0	2.298435e-17
5178.0	2.471965e-17
5180.0	2.570448e-17
5182.0	2.691147e-17
5184.0	2.251144e-17
5186.0	1.85386e-17
5188.0	2.330757e-17
5190.0	2.35327e-17
5192.0	1.946092e-17
5194.0	2.118581e-17
5196.0	2.569016e-17
5198.0	2.296795e-17
5200.0	1.995422e-17
5202.0	2.201677e-17
5204.0	2.162381e-17
5206.0	1.969787e-17
5208.0	2.236108e-17
5210.0	2.388823e-17
5212.0	2.04883e-17
5214.0	1.912274e-17
5216.0	1.654669e-17
5218.0	1.779964e-17
5220.0	1.889888e-17
5222.0	1.909649e-17
5224.0	2.057261e-17
5226.0	2.15728e-17
5228.0	2.362452e-17
5230.0	2.063499e-17
5232.0	1.965154e-17
5234.0	2.18309e-17
5236.0	2.260704e-17
5238.0	2.228369e-17
5240.0	2.380385e-17
5242.0	2.185201e-17
5244.0	1.862998e-17
5246.0	2.248938e-17
5248.0	2.566636e-17
5250.0	2.366593e-17
5252.0	1.843625e-17
5254.0	1.50221e-17
5256.0	2.000291e-17
5258.0	2.062112e-17
5260.0	1.897206e-17
5262.0	2.071776e-17
5264.0	2.271993e-17
5266.0	1.917067e-17
5268.0	1.92064e-17
5270.0	2.187208e-17
5272.0	2.135894e-17
5274.0	2.130125e-17
5276.0	1.683464e-17
5278.0	1.78802e-17
5280.0	2.480752e-17
5282.0	1.97562e-17
5284.0	1.644531e-17
5286.0	1.85781e-17
5288.0	2.065329e-17
5290.0	1.79061e-17
5292.0	1.709067e-17
5294.0	1.772791e-17
5296.0	1.818985e-17
5298.0	1.592114e-17
5300.0	1.296359e-17
5302.0	1.435243e-17
5304.0	1.811837e-17
5306.0	2.244408e-17
5308.0	2.275718e-17
5310.0	2.326468e-17
5312.0	1.881977e-17
5314.0	1.469561e-17
5316.0	1.846693e-17
5318.0	2.127329e-17
5320.0	2.495341e-17
5322.0	2.495701e-17
5324.0	2.619476e-17
5326.0	2.655758e-17
5328.0	2.391301e-17
5330.0	2.229271e-17
5332.0	2.350531e-17
5334.0	2.760542e-17
5336.0	2.559228e-17
5338.0	2.395764e-17
5340.0	2.386795e-17
5342.0	2.46483e-17
5344.0	2.656798e-17
5346.0	2.55517e-17
5348.0	2.375416e-17
5350.0	2.834248e-17
5352.0	2.785584e-17
5354.0	2.393806e-17
5356.0	2.59917e-17
5358.0	3.25562e-17
5360.0	3.244691e-17
5362.0	3.113553e-17
5364.0	3.203235e-17
5366.0	3.023523e-17
5368.0	2.7798e-17
5370.0	2.824319e-17
5372.0	2.943236e-17
5374.0	2.685653e-17
5376.0	3.018341e-17
5378.0	3.38462e-17
5380.0	3.3705e-17
5382.0	3.488102e-17
5384.0	3.782378e-17
5386.0	3.305843e-17
5388.0	3.056068e-17
5390.0	3.103089e-17
5392.0	3.089754e-17
5394.0	3.727588e-17
5396.0	3.348683e-17
5398.0	3.668081e-17
5400.0	3.970818e-17
5402.0	3.345992e-17
5404.0	3.280152e-17
5406.0	2.95406e-17
5408.0	3.725268e-17
5410.0	3.93591e-17
5412.0	3.653575e-17
5414.0	4.097936e-17
5416.0	3.752369e-17
5418.0	3.430039e-17
5420.0	3.83001e-17
5422.0	3.092916e-17
5424.0	2.816085e-17
5426.0	3.691177e-17
5428.0	4.147891e-17
5430.0	4.150344e-17
5432.0	4.147337e-17
5434.0	3.936116e-17
5436.0	3.610594e-17
5438.0	3.33081e-17
5440.0	3.618713e-17
5442.0	3.256222e-17
5444.0	3.565724e-17
5446.0	3.570439e-17
5448.0	3.603838e-17
5450.0	3.423572e-17
5452.0	3.647506e-17
5454.0	3.816764e-17
5456.0	3.976238e-17
5458.0	4.14306e-17
5460.0	4.322899e-17
5462.0	3.793182e-17
5464.0	3.631191e-17
5466.0	4.064981e-17
5468.0	4.351254e-17
5470.0	3.507929e-17
5472.0	3.217142e-17
5474.0	4.112699e-17
5476.0	3.912325e-17
5478.0	3.354703e-17
5480.0	3.435584e-17
5482.0	3.727612e-17
5484.0	4.304585e-17
5486.0	3.778423e-17
5488.0	3.57155e-17
5490.0	3.526509e-17
5492.0	3.787761e-17
5494.0	3.475199e-17
5496.0	3.686531e-17
5498.0	3.917e-17
5500.0	3.586615e-17
5502.0	3.82651e-17
5504.0	3.671939e-17
5506.0	3.81251e-17
5508.0	3.577154e-17
5510.0	3.437223e-17
5512.0	3.635328e-17
5514.0	3.067369e-17
5516.0	2.967842e-17
5518.0	2.765578e-17
5520.0	3.301791e-17
5522.0	3.667666e-17
5524.0	3.282572e-17
5526.0	3.756099e-17
5528.0	3.840868e-17
5530.0	3.717124e-17
5532.0	4.100571e-17
5534.0	3.884339e-17
5536.0	3.57032e-17
5538.0	3.524564e-17
5540.0	3.331276e-17
5542.0	3.883607e-17
5544.0	3.924718e-17
5546.0	3.648456e-17
5548.0	3.385584e-17
5550.0	4.058618e-17
5552.0	4.684663e-17
5554.0	4.08594e-17
5556.0	4.279449e-17
5558.0	3.922019e-17
5560.0	4.340099e-17
5562.0	4.065013e-17
5564.0	4.442894e-17
5566.0	4.995647e-17
5568.0	4.579306e-17
5570.0	4.427013e-17
5572.0	5.00592e-17
5574.0	6.970081e-17
5576.0	3.79859e-17
5578.0	5.781388e-17
5580.0	5.599821e-17
5582.0	4.303914e-17
5584.0	3.92344e-17
5586.0	5.425593e-17
5588.0	5.536256e-17
5590.0	5.451331e-17
5592.0	5.975381e-17
5594.0	6.395344e-17
5596.0	5.861737e-17
5598.0	5.347213e-17
5600.0	5.78868e-17
5602.0	5.583975e-17
5604.0	6.194341e-17
5606.0	6.320944e-17
5608.0	6.050335e-17
5610.0	5.388807e-17
5612.0	5.873697e-17
5614.0	6.278957e-17
5616.0	5.937533e-17
5618.0	6.102773e-17
5620.0	6.778177e-17
5622.0	6.819247e-17
5624.0	6.683064e-17
5626.0	6.737514e-17
5628.0	6.626632e-17
5630.0	6.076927e-17
5632.0	6.125928e-17
5634.0	6.795767e-17
5636.0	7.137487e-17
5638.0	6.600142e-17
5640.0	6.512273e-17
5642.0	7.126954e-17
5644.0	7.393057e-17
5646.0	6.74992e-17
5648.0	6.733175e-17
5650.0	6.787973e-17
5652.0	6.897028e-17
5654.0	7.517394e-17
5656.0	7.276829e-17
5658.0	6.694399e-17
5660.0	7.305335e-17
5662.0	7.133664e-17
5664.0	6.871121e-17
5666.0	6.700315e-17
5668.0	6.901478e-17
5670.0	6.829738e-17
5672.0	7.585716e-17
5674.0	7.471521e-17
5676.0	7.36074e-17
5678.0	7.716535e-17
5680.0	7.148891e-17
5682.0	7.255016e-17
5684.0	7.507511e-17
5686.0	7.888174e-17
5688.0	8.030685e-17
5690.0	7.318531e-17
5692.0	6.896162e-17
5694.0	6.968304e-17
5696.0	7.210306e-17
5698.0	7.207858e-17
5700.0	7.139587e-17
5702.0	7.202204e-17
5704.0	6.874228e-17
5706.0	7.359062e-17
5708.0	7.347841e-17
5710.0	7.505422e-17
5712.0	7.36384e-17
5714.0	7.77961e-17
5716.0	7.365427e-17
5718.0	7.371595e-17
5720.0	7.141221e-17
5722.0	7.120431e-17
5724.0	7.728785e-17
5726.0	7.440202e-17
5728.0	7.094285e-17
5730.0	7.26603e-17
5732.0	7.000102e-17
5734.0	7.191143e-17
5736.0	7.13681e-17
5738.0	7.010245e-17
5740.0	7.271163e-17
5742.0	7.490163e-17
5744.0	7.218121e-17
5746.0	6.510819e-17
5748.0	6.364457e-17
5750.0	6.659287e-17
5752.0	6.518202e-17
5754.0	6.857898e-17
5756.0	7.055509e-17
5758.0	6.917594e-17
5760.0	6.925897e-17
5762.0	6.833534e-17
5764.0	7.186527e-17
5766.0	6.915223e-17
5768.0	5.986958e-17
5770.0	6.21147e-17
5772.0	7.006629e-17
5774.0	6.576318e-17
5776.0	6.392176e-17
5778.0	6.48229e-17
5780.0	6.57948e-17
5782.0	6.946654e-17
5784.0	6.710395e-17
5786.0	6.569759e-17
5788.0	6.307129e-17
5790.0	6.140654e-17
5792.0	7.041348e-17
5794.0	6.632502e-17
5796.0	5.773842e-17
5798.0	6.019954e-17
5800.0	5.539604e-17
5802.0	5.093018e-17
5804.0	5.019326e-17
5806.0	5.251584e-17
5808.0	5.354446e-17
5810.0	5.68736e-17
5812.0	5.483839e-17
5814.0	4.724574e-17
5816.0	4.549857e-17
5818.0	4.70972e-17
5820.0	4.706711e-17
5822.0	4.551671e-17
5824.0	4.85456e-17
5826.0	5.355831e-17
5828.0	5.254009e-17
5830.0	4.727256e-17
5832.0	4.701562e-17
5834.0	4.735178e-17
5836.0	4.661626e-17
5838.0	4.830911e-17
5840.0	4.920836e-17
5842.0	4.838665e-17
5844.0	4.824171e-17
5846.0	4.668593e-17
5848.0	4.435151e-17
5850.0	4.625271e-17
5852.0	4.342196e-17
5854.0	3.916233e-17
5856.0	3.900987e-17
5858.0	4.114314e-17
5860.0	4.455593e-17
5862.0	4.715677e-17
5864.0	4.544568e-17
5866.0	4.380075e-17
5868.0	4.766066e-17
5870.0	5.161567e-17
5872.0	4.910434e-17
5874.0	4.493576e-17
5876.0	4.89419e-17
5878.0	4.843061e-17
5880.0	4.503486e-17
5882.0	4.633061e-17
5884.0	4.64179e-17
5886.0	4.281034e-17
5888.0	4.104102e-17
5890.0	4.40136e-17
5892.0	4.511787e-17
5894.0	4.382851e-17
5896.0	4.070938e-17
5898.0	3.371423e-17
5900.0	3.756754e-17
5902.0	4.724043e-17
5904.0	4.846169e-17
5906.0	4.681405e-17
5908.0	4.048433e-17
5910.0	3.874487e-17
5912.0	4.064109e-17
5914.0	4.341105e-17
5916.0	4.457917e-17
5918.0	4.791065e-17
5920.0	5.097918e-17
5922.0	5.249708e-17
5924.0	4.77098e-17
5926.0	4.576048e-17
5928.0	4.904274e-17
5930.0	4.745852e-17
5932.0	4.639608e-17
5934.0	4.755544e-17
5936.0	3.797142e-17
5938.0	4.037057e-17
5940.0	4.498922e-17
5942.0	4.4428e-17
5944.0	4.57356e-17
5946.0	5.256422e-17
5948.0	4.882298e-17
5950.0	4.171758e-17
5952.0	4.378809e-17
5954.0	4.643446e-17
5956.0	4.68475e-17
5958.0	4.506545e-17
5960.0	4.56265e-17
5962.0	4.95519e-17
5964.0	4.710254e-17
5966.0	4.955662e-17
5968.0	5.27748e-17
5970.0	5.506043e-17
5972.0	5.286789e-17
5974.0	5.159049e-17
5976.0	4.947458e-17
5978.0	4.915251e-17
5980.0	4.729022e-17
5982.0	4.995903e-17
5984.0	5.183562e-17
5986.0	5.215127e-17
5988.0	4.875058e-17
5990.0	4.739266e-17
5992.0	5.308373e-17
5994.0	5.197243e-17
5996.0	5.407816e-17
5998.0	5.074995e-17
6000.0	4.870296e-17
6002.0	5.148377e-17
6004.0	5.214996e-17
6006.0	5.163173e-17
6008.0	5.305089e-17
6010.0	5.088113e-17
6012.0	5.073138e-17
6014.0	5.209258e-17
6016.0	5.108701e-17
6018.0	5.692046e-17
6020.0	5.812877e-17
6022.0	5.275622e-17
6024.0	5.417687e-17
6026.0	5.011973e-17
6028.0	4.471256e-17
6030.0	5.20249e-17
6032.0	5.742858e-17
6034.0	5.128235e-17
6036.0	4.453342e-17
6038.0	5.012476e-17
6040.0	4.557841e-17
6042.0	4.71794e-17
6044.0	5.079565e-17
6046.0	5.470125e-17
6048.0	5.401384e-17
6050.0	5.003575e-17
6052.0	4.799505e-17
6054.0	4.714748e-17
6056.0	5.049825e-17
6058.0	4.921934e-17
6060.0	4.315525e-17
6062.0	4.55486e-17
6064.0	4.634179e-17
6066.0	4.600445e-17
6068.0	4.521645e-17
6070.0	3.799864e-17
6072.0	4.636526e-17
6074.0	4.750622e-17
6076.0	4.262029e-17
6078.0	4.031017e-17
6080.0	3.916697e-17
6082.0	3.889149e-17
6084.0	3.909843e-17
6086.0	3.896503e-17
6088.0	3.973665e-17
6090.0	4.180303e-17
6092.0	4.186781e-17
6094.0	4.064903e-17
6096.0	4.32153e-17
6098.0	4.557513e-17
6100.0	4.246151e-17
6102.0	3.698152e-17
6104.0	3.857302e-17
6106.0	4.043754e-17
6108.0	4.306613e-17
6110.0	4.025912e-17
6112.0	3.307737e-17
6114.0	3.456698e-17
6116.0	3.80629e-17
6118.0	3.221133e-17
6120.0	2.981066e-17
6122.0	3.194877e-17
6124.0	3.282419e-17
6126.0	3.419882e-17
6128.0	4.02086e-17
6130.0	3.593813e-17
6132.0	3.210495e-17
6134.0	3.449125e-17
6136.0	3.882659e-17
6138.0	3.611755e-17
6140.0	3.748185e-17
6142.0	4.014892e-17
6144.0	3.470514e-17
6146.0	3.718313e-17
6148.0	3.457495e-17
6150.0	2.960382e-17
6152.0	3.068432e-17
6154.0	2.982776e-17
6156.0	2.849999e-17
6158.0	3.069066e-17
6160.0	2.966085e-17
6162.0	3.196028e-17
6164.0	3.408004e-17
6166.0	2.785863e-17
6168.0	3.267097e-17
6170.0	3.147283e-17
6172.0	3.149501e-17
6174.0	3.096707e-17
6176.0	2.87682e-17
6178.0	2.951172e-17
6180.0	2.530674e-17
6182.0	2.403762e-17
6184.0	2.881893e-17
6186.0	3.178737e-17
6188.0	3.230916e-17
6190.0	3.327577e-17
6192.0	3.256009e-17
6194.0	3.293112e-17
6196.0	2.940654e-17
6198.0	2.654646e-17
6200.0	2.710989e-17
6202.0	2.542055e-17
6204.0	2.636408e-17
6206.0	2.902661e-17
6208.0	2.837805e-17
6210.0	2.970256e-17
6212.0	3.112855e-17
6214.0	3.134856e-17
6216.0	2.997275e-17
6218.0	2.558683e-17
6220.0	2.932257e-17
6222.0	2.870293e-17
6224.0	2.590328e-17
6226.0	2.67349e-17
6228.0	2.812417e-17
6230.0	2.739021e-17
6232.0	2.870464e-17
6234.0	2.723792e-17
6236.0	2.728569e-17
6238.0	3.272587e-17
6240.0	3.426545e-17
6242.0	3.118e-17
6244.0	2.744622e-17
6246.0	2.838985e-17
6248.0	2.466459e-17
6250.0	2.116557e-17
6252.0	2.693037e-17
6254.0	2.468322e-17
6256.0	2.562553e-17
6258.0	2.959746e-17
6260.0	2.658326e-17
6262.0	2.724948e-17
6264.0	3.451406e-17
6266.0	3.046958e-17
6268.0	2.302703e-17
6270.0	2.37521e-17
6272.0	2.520994e-17
6274.0	2.868927e-17
6276.0	2.595219e-17
6278.0	2.464127e-17
6280.0	2.777358e-17
6282.0	2.339681e-17
6284.0	2.259719e-17
6286.0	2.125837e-17
6288.0	2.208313e-17
6290.0	2.11458e-17
6292.0	2.42254e-17
6294.0	2.643313e-17
6296.0	2.203253e-17
6298.0	1.384984e-17
6300.0	3.825096e-17
6302.0	3.428763e-17
6304.0	3.341991e-17
6306.0	2.503319e-17
6308.0	2.183958e-17
6310.0	2.076092e-17
6312.0	2.253021e-17
6314.0	2.500678e-17
6316.0	2.036891e-17
6318.0	1.664037e-17
6320.0	1.718677e-17
6322.0	2.014291e-17
6324.0	2.252149e-17
6326.0	2.380867e-17
6328.0	1.83652e-17
6330.0	1.760875e-17
6332.0	2.163164e-17
6334.0	1.958431e-17
6336.0	1.793082e-17
6338.0	1.880084e-17
6340.0	1.838986e-17
6342.0	1.953451e-17
6344.0	1.962412e-17
6346.0	1.901011e-17
6348.0	1.471917e-17
6350.0	1.430269e-17
6352.0	1.848506e-17
6354.0	1.816235e-17
6356.0	2.316339e-17
6358.0	2.555084e-17
6360.0	2.908571e-17
6362.0	2.596196e-17
6364.0	2.944878e-17
6366.0	2.164005e-17
6368.0	1.607794e-17
6370.0	2.10779e-17
6372.0	1.65024e-17
6374.0	1.896641e-17
6376.0	1.980455e-17
6378.0	2.169296e-17
6380.0	2.11506e-17
6382.0	2.251064e-17
6384.0	2.285011e-17
6386.0	2.435757e-17
6388.0	2.53671e-17
6390.0	2.572324e-17
6392.0	2.290474e-17
6394.0	2.323257e-17
6396.0	2.43119e-17
6398.0	2.536832e-17
6400.0	2.637207e-17
6402.0	2.780905e-17
6404.0	2.783755e-17
6406.0	2.724909e-17
6408.0	3.158758e-17
6410.0	3.107177e-17
6412.0	2.445637e-17
6414.0	2.32031e-17
6416.0	2.783529e-17
6418.0	2.930573e-17
6420.0	2.763054e-17
6422.0	2.79284e-17
6424.0	3.079717e-17
6426.0	3.165571e-17
6428.0	3.237525e-17
6430.0	3.276389e-17
6432.0	3.133722e-17
6434.0	3.039881e-17
6436.0	2.73822e-17
6438.0	2.62126e-17
6440.0	2.865701e-17
6442.0	2.885075e-17
6444.0	2.706455e-17
6446.0	2.882408e-17
6448.0	3.151146e-17
6450.0	2.961537e-17
6452.0	2.629327e-17
6454.0	2.747827e-17
6456.0	2.840551e-17
6458.0	2.703994e-17
6460.0	2.553744e-17
6462.0	2.482227e-17
6464.0	2.852073e-17
6466.0	2.664452e-17
6468.0	2.444281e-17
6470.0	2.906248e-17
6472.0	3.060047e-17
6474.0	2.884775e-17
6476.0	2.95192e-17
6478.0	2.947229e-17
6480.0	2.897163e-17
6482.0	3.259891e-17
6484.0	3.435457e-17
6486.0	3.246879e-17
6488.0	3.078848e-17
6490.0	3.28924e-17
6492.0	3.833911e-17
6494.0	3.8455e-17
6496.0	3.471248e-17
6498.0	3.68851e-17
6500.0	3.659513e-17
6502.0	3.163826e-17
6504.0	3.175664e-17
6506.0	3.332876e-17
6508.0	3.342078e-17
6510.0	3.508723e-17
6512.0	3.530514e-17
6514.0	3.36428e-17
6516.0	3.539118e-17
6518.0	3.753198e-17
6520.0	3.543209e-17
6522.0	3.528418e-17
6524.0	3.80996e-17
6526.0	3.897004e-17
6528.0	3.798061e-17
6530.0	3.862513e-17
6532.0	4.061844e-17
6534.0	4.133284e-17
6536.0	4.031239e-17
6538.0	3.831286e-17
6540.0	3.766e-17
6542.0	3.986895e-17
6544.0	4.261701e-17
6546.0	4.374165e-17
6548.0	4.319626e-17
6550.0	4.407977e-17
6552.0	4.365257e-17
6554.0	4.360959e-17
6556.0	4.300922e-17
6558.0	4.134924e-17
6560.0	4.269421e-17
6562.0	4.460565e-17
6564.0	4.846643e-17
6566.0	5.155401e-17
6568.0	5.076767e-17
6570.0	4.663022e-17
6572.0	4.357486e-17
6574.0	4.860462e-17
6576.0	4.84197e-17
6578.0	4.98611e-17
6580.0	4.959777e-17
6582.0	5.091901e-17
6584.0	5.624749e-17
6586.0	5.625166e-17
6588.0	5.120078e-17
6590.0	5.095952e-17
6592.0	5.448092e-17
6594.0	5.335609e-17
6596.0	5.048778e-17
6598.0	5.202577e-17
6600.0	4.855758e-17
6602.0	4.572727e-17
6604.0	4.715358e-17
6606.0	5.087068e-17
6608.0	5.599584e-17
6610.0	5.601837e-17
6612.0	5.351721e-17
6614.0	5.422732e-17
6616.0	5.301576e-17
6618.0	5.683078e-17
6620.0	5.899635e-17
6622.0	5.766256e-17
6624.0	5.47538e-17
6626.0	5.447052e-17
6628.0	5.538778e-17
6630.0	5.787602e-17
6632.0	5.698399e-17
6634.0	5.26543e-17
6636.0	6.019689e-17
6638.0	6.166133e-17
6640.0	5.790822e-17
6642.0	5.509785e-17
6644.0	5.966776e-17
6646.0	6.632774e-17
6648.0	6.280822e-17
6650.0	6.086448e-17
6652.0	6.122042e-17
6654.0	5.826771e-17
6656.0	5.706716e-17
6658.0	6.019929e-17
6660.0	5.791448e-17
6662.0	5.828162e-17
6664.0	6.404506e-17
6666.0	6.435271e-17
6668.0	6.541412e-17
6670.0	6.256727e-17
6672.0	6.349321e-17
6674.0	5.960201e-17
6676.0	5.925739e-17
6678.0	5.764823e-17
6680.0	6.072529e-17
6682.0	6.088299e-17
6684.0	5.954642e-17
6686.0	6.157977e-17
6688.0	6.014875e-17
6690.0	5.581079e-17
6692.0	5.886714e-17
6694.0	6.132753e-17
6696.0	5.993246e-17
6698.0	6.316368e-17
6700.0	6.519224e-17
6702.0	6.093827e-17
6704.0	6.268125e-17
6706.0	6.317184e-17
6708.0	5.985152e-17
6710.0	6.317785e-17
6712.0	6.246738e-17
6714.0	6.479443e-17
6716.0	6.728683e-17
6718.0	6.273372e-17
6720.0	6.038774e-17
6722.0	6.60005e-17
6724.0	6.802639e-17
6726.0	6.248514e-17
6728.0	6.164002e-17
6730.0	6.289529e-17
6732.0	6.2962e-17
6734.0	6.169781e-17
6736.0	6.186393e-17
6738.0	6.237955e-17
6740.0	6.311471e-17
6742.0	5.861058e-17
6744.0	5.61376e-17
6746.0	6.3173e-17
6748.0	6.296961e-17
6750.0	6.140275e-17
6752.0	6.105676e-17
6754.0	5.815431e-17
6756.0	5.725288e-17
6758.0	5.754149e-17
6760.0	5.731707e-17
6762.0	5.781658e-17
6764.0	6.083853e-17
6766.0	6.066796e-17
6768.0	6.065316e-17
6770.0	5.864268e-17
6772.0	5.806567e-17
6774.0	6.189659e-17
6776.0	6.210702e-17
6778.0	5.244769e-17
6780.0	5.599346e-17
6782.0	5.486639e-17
6784.0	4.963565e-17
6786.0	5.206611e-17
6788.0	5.767271e-17
6790.0	5.602791e-17
6792.0	5.562639e-17
6794.0	5.13106e-17
6796.0	5.474519e-17
6798.0	5.21952e-17
6800.0	5.575793e-17
6802.0	5.524814e-17
6804.0	5.236792e-17
6806.0	5.644449e-17
6808.0	5.315714e-17
6810.0	5.6457e-17
6812.0	5.983004e-17
6814.0	5.672557e-17
6816.0	5.027557e-17
6818.0	4.635205e-17
6820.0	5.170184e-17
6822.0	5.389793e-17
6824.0	4.702495e-17
6826.0	4.887169e-17
6828.0	4.671195e-17
6830.0	5.711238e-17
6832.0	5.017806e-17
6834.0	5.343346e-17
6836.0	5.090923e-17
6838.0	4.232272e-17
6840.0	4.71609e-17
6842.0	4.723725e-17
6844.0	4.507433e-17
6846.0	4.75419e-17
6848.0	4.828508e-17
6850.0	4.77691e-17
6852.0	4.991239e-17
6854.0	5.050764e-17
6856.0	4.900689e-17
6858.0	4.26805e-17
6860.0	4.098346e-17
6862.0	4.396782e-17
6864.0	3.7304e-17
6866.0	4.035607e-17
6868.0	3.929214e-17
6870.0	4.004733e-17
6872.0	3.867582e-17
6874.0	3.739494e-17
6876.0	3.599099e-17
6878.0	3.768451e-17
6880.0	4.170588e-17
6882.0	3.95347e-17
6884.0	3.772589e-17
6886.0	3.538019e-17
6888.0	3.142463e-17
6890.0	3.295756e-17
6892.0	3.826313e-17
6894.0	4.00288e-17
6896.0	4.076525e-17
6898.0	3.829364e-17
6900.0	3.718973e-17
6902.0	3.262234e-17
6904.0	3.264796e-17
6906.0	3.593944e-17
6908.0	3.314153e-17
6910.0	3.351635e-17
6912.0	3.61709e-17
6914.0	3.537914e-17
6916.0	3.191913e-17
6918.0	3.132204e-17
6920.0	3.180402e-17
6922.0	2.748595e-17
6924.0	2.970255e-17
6926.0	3.041789e-17
6928.0	3.163343e-17
6930.0	3.192491e-17
6932.0	2.990397e-17
6934.0	2.724136e-17
6936.0	2.751233e-17
6938.0	2.721513e-17
6940.0	3.289224e-17
6942.0	3.269544e-17
6944.0	3.314946e-17
6946.0	3.299027e-17
6948.0	3.192689e-17
6950.0	2.630398e-17
6952.0	2.814808e-17
6954.0	2.979076e-17
6956.0	3.189848e-17
6958.0	2.859298e-17
6960.0	2.620313e-17
6962.0	3.329638e-17
6964.0	3.099659e-17
6966.0	2.823474e-17
6968.0	3.138884e-17
6970.0	3.055825e-17
6972.0	3.126902e-17
6974.0	2.721949e-17
6976.0	3.026821e-17
6978.0	3.266545e-17
6980.0	3.137203e-17
6982.0	3.025789e-17
6984.0	2.813594e-17
6986.0	2.973666e-17
6988.0	2.628758e-17
6990.0	3.263131e-17
6992.0	3.306978e-17
6994.0	3.178092e-17
6996.0	2.987859e-17
6998.0	2.904737e-17
7000.0	2.881224e-17
7002.0	2.66551e-17
7004.0	2.659858e-17
7006.0	2.940976e-17
7008.0	3.22955e-17
7010.0	3.035035e-17
7012.0	2.774646e-17
7014.0	2.937954e-17
7016.0	3.014559e-17
7018.0	3.154071e-17
7020.0	2.968616e-17
7022.0	3.11682e-17
7024.0	3.176656e-17
7026.0	3.141481e-17
7028.0	3.165105e-17
7030.0	3.256502e-17
7032.0	3.194767e-17
7034.0	3.112048e-17
7036.0	3.05619e-17
7038.0	2.816787e-17
7040.0	2.612185e-17
7042.0	2.815272e-17
7044.0	3.071384e-17
7046.0	3.190105e-17
7048.0	3.156386e-17
7050.0	3.260143e-17
