#	 asassn15sb 
#	 UT date of observation: 20151114 
#	 Telescope/Instrument: SOAR/Goodman 
#	 Estimated Peak MJD: 57321.203 
#	 Estimated redshift: 0.000 
#	 Estimated Phase: 18.8 
#	 Published in Dettman et al. 2020 
#	 Observed barycentric wavelength (Angstroms)    F_lambda
3900.0	1.867029e-16
3902.0	1.777871e-16
3904.0	1.688639e-16
3906.0	1.584043e-16
3908.0	1.591303e-16
3910.0	1.584334e-16
3912.0	1.490377e-16
3914.0	1.361745e-16
3916.0	1.332065e-16
3918.0	1.371475e-16
3920.0	1.393323e-16
3922.0	1.438887e-16
3924.0	1.541417e-16
3926.0	1.644611e-16
3928.0	1.70755e-16
3930.0	1.735083e-16
3932.0	1.810239e-16
3934.0	1.933772e-16
3936.0	1.950567e-16
3938.0	1.982971e-16
3940.0	2.038553e-16
3942.0	2.029016e-16
3944.0	1.949604e-16
3946.0	1.872947e-16
3948.0	1.924882e-16
3950.0	2.147882e-16
3952.0	2.252216e-16
3954.0	2.182364e-16
3956.0	2.140443e-16
3958.0	2.141681e-16
3960.0	2.179732e-16
3962.0	2.18637e-16
3964.0	2.105679e-16
3966.0	1.995118e-16
3968.0	2.067333e-16
3970.0	2.054907e-16
3972.0	2.107516e-16
3974.0	2.165456e-16
3976.0	2.226633e-16
3978.0	2.324285e-16
3980.0	2.421893e-16
3982.0	2.570932e-16
3984.0	2.588712e-16
3986.0	2.712033e-16
3988.0	2.804867e-16
3990.0	2.723795e-16
3992.0	2.613075e-16
3994.0	2.618338e-16
3996.0	2.741788e-16
3998.0	2.958557e-16
4000.0	2.957057e-16
4002.0	2.955919e-16
4004.0	3.014484e-16
4006.0	3.001628e-16
4008.0	2.844538e-16
4010.0	2.68608e-16
4012.0	2.549469e-16
4014.0	2.456394e-16
4016.0	2.287221e-16
4018.0	2.072799e-16
4020.0	1.801583e-16
4022.0	1.724518e-16
4024.0	1.793605e-16
4026.0	1.9388e-16
4028.0	2.167151e-16
4030.0	2.392098e-16
4032.0	2.463218e-16
4034.0	2.631099e-16
4036.0	2.849807e-16
4038.0	3.022009e-16
4040.0	3.08058e-16
4042.0	3.141116e-16
4044.0	3.185024e-16
4046.0	3.099332e-16
4048.0	3.006199e-16
4050.0	2.911723e-16
4052.0	2.636549e-16
4054.0	2.214177e-16
4056.0	2.020327e-16
4058.0	1.894293e-16
4060.0	1.873735e-16
4062.0	2.155976e-16
4064.0	2.586014e-16
4066.0	2.88051e-16
4068.0	3.108874e-16
4070.0	3.265628e-16
4072.0	3.309518e-16
4074.0	3.439805e-16
4076.0	3.523637e-16
4078.0	3.683602e-16
4080.0	3.645601e-16
4082.0	3.749098e-16
4084.0	3.690172e-16
4086.0	3.555746e-16
4088.0	3.758683e-16
4090.0	3.896261e-16
4092.0	3.90446e-16
4094.0	3.802632e-16
4096.0	3.735345e-16
4098.0	3.847554e-16
4100.0	3.834712e-16
4102.0	3.81321e-16
4104.0	3.933337e-16
4106.0	3.84582e-16
4108.0	3.906224e-16
4110.0	3.841346e-16
4112.0	3.748333e-16
4114.0	3.814272e-16
4116.0	3.920583e-16
4118.0	3.93236e-16
4120.0	3.739206e-16
4122.0	3.638675e-16
4124.0	3.441862e-16
4126.0	3.400123e-16
4128.0	3.650445e-16
4130.0	3.885623e-16
4132.0	3.871439e-16
4134.0	3.714738e-16
4136.0	3.618497e-16
4138.0	3.454623e-16
4140.0	3.527309e-16
4142.0	3.770623e-16
4144.0	3.88624e-16
4146.0	3.80941e-16
4148.0	3.703556e-16
4150.0	3.610136e-16
4152.0	3.513135e-16
4154.0	3.45365e-16
4156.0	3.393753e-16
4158.0	3.496963e-16
4160.0	3.446341e-16
4162.0	3.655927e-16
4164.0	3.73211e-16
4166.0	3.64656e-16
4168.0	3.575666e-16
4170.0	3.72802e-16
4172.0	3.836578e-16
4174.0	3.768761e-16
4176.0	3.75899e-16
4178.0	3.886177e-16
4180.0	4.077126e-16
4182.0	4.129346e-16
4184.0	4.109792e-16
4186.0	3.939315e-16
4188.0	3.787151e-16
4190.0	3.727851e-16
4192.0	3.532022e-16
4194.0	3.352261e-16
4196.0	3.34591e-16
4198.0	3.420078e-16
4200.0	3.545476e-16
4202.0	3.686656e-16
4204.0	3.832361e-16
4206.0	3.89759e-16
4208.0	3.907967e-16
4210.0	3.867853e-16
4212.0	3.806633e-16
4214.0	3.84183e-16
4216.0	3.871746e-16
4218.0	3.918102e-16
4220.0	3.929098e-16
4222.0	3.758296e-16
4224.0	3.562101e-16
4226.0	3.558895e-16
4228.0	3.622527e-16
4230.0	3.681685e-16
4232.0	3.721588e-16
4234.0	3.681405e-16
4236.0	3.699886e-16
4238.0	3.653404e-16
4240.0	3.537741e-16
4242.0	3.568216e-16
4244.0	3.644387e-16
4246.0	3.638693e-16
4248.0	3.594963e-16
4250.0	3.657645e-16
4252.0	3.786387e-16
4254.0	3.826133e-16
4256.0	3.827286e-16
4258.0	3.850048e-16
4260.0	3.840122e-16
4262.0	3.724888e-16
4264.0	3.630696e-16
4266.0	3.635043e-16
4268.0	3.639416e-16
4270.0	3.546472e-16
4272.0	3.593491e-16
4274.0	3.687078e-16
4276.0	3.680141e-16
4278.0	3.711037e-16
4280.0	3.813048e-16
4282.0	3.853839e-16
4284.0	3.918283e-16
4286.0	4.005478e-16
4288.0	3.954158e-16
4290.0	3.977846e-16
4292.0	3.871995e-16
4294.0	3.748363e-16
4296.0	3.658602e-16
4298.0	3.614304e-16
4300.0	3.719934e-16
4302.0	3.978051e-16
4304.0	4.088932e-16
4306.0	4.064483e-16
4308.0	4.027783e-16
4310.0	4.068852e-16
4312.0	4.156926e-16
4314.0	4.149685e-16
4316.0	4.184633e-16
4318.0	4.036326e-16
4320.0	3.826274e-16
4322.0	3.659678e-16
4324.0	3.66383e-16
4326.0	3.769679e-16
4328.0	3.905284e-16
4330.0	4.043615e-16
4332.0	4.091735e-16
4334.0	4.158762e-16
4336.0	4.179087e-16
4338.0	4.27447e-16
4340.0	4.366382e-16
4342.0	4.308627e-16
4344.0	4.180907e-16
4346.0	4.140642e-16
4348.0	4.073824e-16
4350.0	4.070288e-16
4352.0	4.110286e-16
4354.0	4.141049e-16
4356.0	4.146874e-16
4358.0	4.107251e-16
4360.0	4.351702e-16
4362.0	4.486212e-16
4364.0	4.320377e-16
4366.0	4.118759e-16
4368.0	3.929457e-16
4370.0	3.842573e-16
4372.0	3.836101e-16
4374.0	4.001913e-16
4376.0	4.221055e-16
4378.0	4.245743e-16
4380.0	4.291036e-16
4382.0	4.304405e-16
4384.0	4.162424e-16
4386.0	3.9607e-16
4388.0	3.941078e-16
4390.0	4.044335e-16
4392.0	3.964786e-16
4394.0	3.88694e-16
4396.0	3.775504e-16
4398.0	3.527144e-16
4400.0	3.344012e-16
4402.0	3.283977e-16
4404.0	3.318907e-16
4406.0	3.290584e-16
4408.0	3.342388e-16
4410.0	3.709813e-16
4412.0	4.105206e-16
4414.0	4.572693e-16
4416.0	4.892883e-16
4418.0	4.86709e-16
4420.0	4.560376e-16
4422.0	4.186242e-16
4424.0	4.039025e-16
4426.0	4.202377e-16
4428.0	4.452477e-16
4430.0	4.572375e-16
4432.0	4.748229e-16
4434.0	4.689117e-16
4436.0	4.290302e-16
4438.0	4.072265e-16
4440.0	4.194126e-16
4442.0	4.300143e-16
4444.0	4.397582e-16
4446.0	4.593588e-16
4448.0	4.661889e-16
4450.0	4.531517e-16
4452.0	4.45171e-16
4454.0	4.540438e-16
4456.0	4.665398e-16
4458.0	4.81738e-16
4460.0	4.922923e-16
4462.0	4.939433e-16
4464.0	4.888403e-16
4466.0	4.837292e-16
4468.0	4.735945e-16
4470.0	4.630945e-16
4472.0	4.64398e-16
4474.0	4.610913e-16
4476.0	4.489111e-16
4478.0	4.356697e-16
4480.0	4.186993e-16
4482.0	3.9497e-16
4484.0	3.822572e-16
4486.0	3.917062e-16
4488.0	4.090378e-16
4490.0	4.224494e-16
4492.0	4.318942e-16
4494.0	4.393501e-16
4496.0	4.554525e-16
4498.0	4.688526e-16
4500.0	4.541787e-16
4502.0	4.322155e-16
4504.0	4.15388e-16
4506.0	4.077593e-16
4508.0	4.255774e-16
4510.0	4.529746e-16
4512.0	4.707207e-16
4514.0	4.736216e-16
4516.0	4.689809e-16
4518.0	4.770819e-16
4520.0	4.884223e-16
4522.0	4.887218e-16
4524.0	4.900759e-16
4526.0	4.87361e-16
4528.0	4.84417e-16
4530.0	4.84981e-16
4532.0	4.82676e-16
4534.0	4.813199e-16
4536.0	4.744065e-16
4538.0	4.786412e-16
4540.0	4.873616e-16
4542.0	4.835916e-16
4544.0	4.88849e-16
4546.0	5.05046e-16
4548.0	5.120728e-16
4550.0	5.148327e-16
4552.0	5.092164e-16
4554.0	4.960658e-16
4556.0	4.853759e-16
4558.0	4.740216e-16
4560.0	4.59726e-16
4562.0	4.592284e-16
4564.0	4.732914e-16
4566.0	4.942366e-16
4568.0	5.132145e-16
4570.0	5.05858e-16
4572.0	5.06143e-16
4574.0	5.217051e-16
4576.0	5.437013e-16
4578.0	5.596502e-16
4580.0	5.564626e-16
4582.0	5.440739e-16
4584.0	5.300625e-16
4586.0	5.264756e-16
4588.0	5.535722e-16
4590.0	5.604673e-16
4592.0	5.390822e-16
4594.0	5.275119e-16
4596.0	5.280253e-16
4598.0	5.446729e-16
4600.0	5.571232e-16
4602.0	5.688067e-16
4604.0	5.882677e-16
4606.0	6.036493e-16
4608.0	6.168623e-16
4610.0	6.146705e-16
4612.0	6.246104e-16
4614.0	6.321738e-16
4616.0	6.032796e-16
4618.0	5.982108e-16
4620.0	5.979162e-16
4622.0	5.949825e-16
4624.0	6.027139e-16
4626.0	5.949569e-16
4628.0	5.840959e-16
4630.0	5.566035e-16
4632.0	5.478885e-16
4634.0	5.453987e-16
4636.0	5.50738e-16
4638.0	5.623292e-16
4640.0	5.829275e-16
4642.0	5.930347e-16
4644.0	5.951935e-16
4646.0	6.108398e-16
4648.0	6.231346e-16
4650.0	6.11378e-16
4652.0	6.020644e-16
4654.0	6.105353e-16
4656.0	6.286633e-16
4658.0	6.279567e-16
4660.0	6.397722e-16
4662.0	6.612774e-16
4664.0	6.664848e-16
4666.0	6.508022e-16
4668.0	6.575096e-16
4670.0	6.622494e-16
4672.0	6.679227e-16
4674.0	6.632834e-16
4676.0	6.859247e-16
4678.0	6.927375e-16
4680.0	6.811098e-16
4682.0	6.604953e-16
4684.0	6.51497e-16
4686.0	6.507852e-16
4688.0	6.407682e-16
4690.0	6.552311e-16
4692.0	6.770639e-16
4694.0	6.7306e-16
4696.0	6.670849e-16
4698.0	6.599427e-16
4700.0	6.553049e-16
4702.0	6.586504e-16
4704.0	6.692634e-16
4706.0	6.673194e-16
4708.0	6.487683e-16
4710.0	6.667352e-16
4712.0	6.82205e-16
4714.0	7.088566e-16
4716.0	7.01624e-16
4718.0	7.088983e-16
4720.0	6.922504e-16
4722.0	6.836344e-16
4724.0	7.012774e-16
4726.0	7.038188e-16
4728.0	7.106049e-16
4730.0	6.988784e-16
4732.0	7.034707e-16
4734.0	6.897524e-16
4736.0	6.951028e-16
4738.0	7.029879e-16
4740.0	6.849191e-16
4742.0	6.671764e-16
4744.0	6.738217e-16
4746.0	6.569478e-16
4748.0	6.38125e-16
4750.0	6.442929e-16
4752.0	6.338497e-16
4754.0	6.227746e-16
4756.0	6.36503e-16
4758.0	6.364722e-16
4760.0	6.469384e-16
4762.0	6.542321e-16
4764.0	6.501046e-16
4766.0	6.572633e-16
4768.0	6.425101e-16
4770.0	6.202175e-16
4772.0	5.992498e-16
4774.0	5.933112e-16
4776.0	5.878251e-16
4778.0	6.040845e-16
4780.0	6.096579e-16
4782.0	6.140119e-16
4784.0	6.129372e-16
4786.0	6.017623e-16
4788.0	6.069401e-16
4790.0	6.062291e-16
4792.0	6.059802e-16
4794.0	6.090006e-16
4796.0	6.000688e-16
4798.0	5.97596e-16
4800.0	6.031467e-16
4802.0	6.03195e-16
4804.0	6.077641e-16
4806.0	5.944697e-16
4808.0	5.848812e-16
4810.0	5.75841e-16
4812.0	5.728244e-16
4814.0	5.768222e-16
4816.0	5.830359e-16
4818.0	5.858319e-16
4820.0	5.969031e-16
4822.0	6.008854e-16
4824.0	6.040694e-16
4826.0	6.226531e-16
4828.0	6.345997e-16
4830.0	6.394096e-16
4832.0	6.302905e-16
4834.0	6.102743e-16
4836.0	5.922419e-16
4838.0	5.805588e-16
4840.0	5.810647e-16
4842.0	5.887571e-16
4844.0	5.908485e-16
4846.0	6.021116e-16
4848.0	6.265825e-16
4850.0	6.32979e-16
4852.0	6.257024e-16
4854.0	6.246768e-16
4856.0	6.263521e-16
4858.0	6.191517e-16
4860.0	6.148935e-16
4862.0	6.230466e-16
4864.0	6.180235e-16
4866.0	6.055726e-16
4868.0	6.062987e-16
4870.0	6.019066e-16
4872.0	5.926777e-16
4874.0	5.871253e-16
4876.0	5.841953e-16
4878.0	5.93962e-16
4880.0	6.085325e-16
4882.0	6.198816e-16
4884.0	6.365053e-16
4886.0	6.440083e-16
4888.0	6.426443e-16
4890.0	6.442902e-16
4892.0	6.427996e-16
4894.0	6.40719e-16
4896.0	6.344808e-16
4898.0	6.27849e-16
4900.0	6.378183e-16
4902.0	6.61644e-16
4904.0	6.746753e-16
4906.0	6.80074e-16
4908.0	6.876783e-16
4910.0	6.790638e-16
4912.0	6.668156e-16
4914.0	6.764359e-16
4916.0	6.772009e-16
4918.0	6.678349e-16
4920.0	6.668902e-16
4922.0	6.681234e-16
4924.0	6.742967e-16
4926.0	6.782253e-16
4928.0	6.835117e-16
4930.0	6.891144e-16
4932.0	6.800669e-16
4934.0	6.655783e-16
4936.0	6.637147e-16
4938.0	6.652035e-16
4940.0	6.514792e-16
4942.0	6.443116e-16
4944.0	6.524472e-16
4946.0	6.524965e-16
4948.0	6.443924e-16
4950.0	6.370414e-16
4952.0	6.32345e-16
4954.0	6.351e-16
4956.0	6.451972e-16
4958.0	6.488742e-16
4960.0	6.410019e-16
4962.0	6.327271e-16
4964.0	6.32355e-16
4966.0	6.168503e-16
4968.0	5.818846e-16
4970.0	5.573207e-16
4972.0	5.61025e-16
4974.0	5.724788e-16
4976.0	5.773728e-16
4978.0	5.834808e-16
4980.0	5.965161e-16
4982.0	6.110039e-16
4984.0	6.14475e-16
4986.0	6.261775e-16
4988.0	6.44989e-16
4990.0	6.647795e-16
4992.0	6.792782e-16
4994.0	6.738111e-16
4996.0	6.584718e-16
4998.0	6.535435e-16
5000.0	6.580891e-16
5002.0	6.649395e-16
5004.0	6.815166e-16
5006.0	7.032465e-16
5008.0	7.196841e-16
5010.0	7.315875e-16
5012.0	7.370856e-16
5014.0	7.416233e-16
5016.0	7.331068e-16
5018.0	7.236391e-16
5020.0	7.340048e-16
5022.0	7.387094e-16
5024.0	7.379821e-16
5026.0	7.420203e-16
5028.0	7.357765e-16
5030.0	7.181748e-16
5032.0	6.978621e-16
5034.0	7.042678e-16
5036.0	7.119285e-16
5038.0	7.219005e-16
5040.0	7.519105e-16
5042.0	7.814118e-16
5044.0	7.814703e-16
5046.0	7.57529e-16
5048.0	7.468107e-16
5050.0	7.438676e-16
5052.0	7.40074e-16
5054.0	7.44389e-16
5056.0	7.580963e-16
5058.0	7.844394e-16
5060.0	7.958835e-16
5062.0	7.822148e-16
5064.0	7.861928e-16
5066.0	7.744339e-16
5068.0	7.496099e-16
5070.0	7.357509e-16
5072.0	7.201411e-16
5074.0	7.214578e-16
5076.0	7.304652e-16
5078.0	7.269158e-16
5080.0	7.225987e-16
5082.0	7.210014e-16
5084.0	7.171293e-16
5086.0	7.254056e-16
5088.0	7.276677e-16
5090.0	7.203023e-16
5092.0	7.08758e-16
5094.0	6.797445e-16
5096.0	6.520982e-16
5098.0	6.497334e-16
5100.0	6.633703e-16
5102.0	6.771821e-16
5104.0	6.864206e-16
5106.0	6.91836e-16
5108.0	6.964241e-16
5110.0	6.875695e-16
5112.0	6.837536e-16
5114.0	6.645757e-16
5116.0	6.428699e-16
5118.0	6.393381e-16
5120.0	6.428959e-16
5122.0	6.430486e-16
5124.0	6.362866e-16
5126.0	6.267668e-16
5128.0	6.202213e-16
5130.0	6.167293e-16
5132.0	6.210984e-16
5134.0	6.264704e-16
5136.0	6.322749e-16
5138.0	6.473144e-16
5140.0	6.515941e-16
5142.0	6.444668e-16
5144.0	6.568458e-16
5146.0	6.735497e-16
5148.0	6.768033e-16
5150.0	6.624269e-16
5152.0	6.548477e-16
5154.0	6.414606e-16
5156.0	6.332273e-16
5158.0	6.401288e-16
5160.0	6.508444e-16
5162.0	6.654348e-16
5164.0	6.614337e-16
5166.0	6.507075e-16
5168.0	6.570882e-16
5170.0	6.745652e-16
5172.0	6.87504e-16
5174.0	7.087e-16
5176.0	6.976663e-16
5178.0	6.978733e-16
5180.0	6.920791e-16
5182.0	6.76785e-16
5184.0	6.608787e-16
5186.0	6.586392e-16
5188.0	6.675837e-16
5190.0	6.705083e-16
5192.0	6.583927e-16
5194.0	6.548015e-16
5196.0	6.348272e-16
5198.0	6.339451e-16
5200.0	6.472512e-16
5202.0	6.590152e-16
5204.0	6.656903e-16
5206.0	6.642066e-16
5208.0	6.686421e-16
5210.0	6.690734e-16
5212.0	6.64872e-16
5214.0	6.588347e-16
5216.0	6.535803e-16
5218.0	6.664953e-16
5220.0	6.540672e-16
5222.0	6.424059e-16
5224.0	6.435155e-16
5226.0	6.432612e-16
5228.0	6.525948e-16
5230.0	6.661177e-16
5232.0	6.727663e-16
5234.0	6.783256e-16
5236.0	6.720547e-16
5238.0	6.640825e-16
5240.0	6.434149e-16
5242.0	6.356219e-16
5244.0	6.312613e-16
5246.0	6.248072e-16
5248.0	6.405126e-16
5250.0	6.570098e-16
5252.0	6.620279e-16
5254.0	6.613424e-16
5256.0	6.536048e-16
5258.0	6.518962e-16
5260.0	6.475944e-16
5262.0	6.472653e-16
5264.0	6.363598e-16
5266.0	6.33896e-16
5268.0	6.363451e-16
5270.0	6.525581e-16
5272.0	6.521431e-16
5274.0	6.62614e-16
5276.0	6.730098e-16
5278.0	6.83025e-16
5280.0	6.736333e-16
5282.0	6.369218e-16
5284.0	5.801933e-16
5286.0	5.394978e-16
5288.0	5.242789e-16
5290.0	5.369044e-16
5292.0	5.618727e-16
5294.0	5.890461e-16
5296.0	6.126438e-16
5298.0	6.116803e-16
5300.0	6.076762e-16
5302.0	5.909838e-16
5304.0	5.934108e-16
5306.0	6.193001e-16
5308.0	6.419278e-16
5310.0	6.614458e-16
5312.0	6.692485e-16
5314.0	6.886455e-16
5316.0	7.033732e-16
5318.0	7.034544e-16
5320.0	6.999802e-16
5322.0	6.914051e-16
5324.0	6.896138e-16
5326.0	6.721153e-16
5328.0	6.627078e-16
5330.0	6.810909e-16
5332.0	7.08865e-16
5334.0	7.353411e-16
5336.0	7.483296e-16
5338.0	7.557632e-16
5340.0	7.57052e-16
5342.0	7.416749e-16
5344.0	7.37493e-16
5346.0	7.292552e-16
5348.0	7.14861e-16
5350.0	7.236281e-16
5352.0	7.40282e-16
5354.0	7.502894e-16
5356.0	7.609068e-16
5358.0	7.757009e-16
5360.0	7.969072e-16
5362.0	7.956375e-16
5364.0	7.945054e-16
5366.0	7.968241e-16
5368.0	7.864554e-16
5370.0	7.798585e-16
5372.0	7.786226e-16
5374.0	7.862499e-16
5376.0	7.931779e-16
5378.0	7.915209e-16
5380.0	7.801186e-16
5382.0	7.625839e-16
5384.0	7.38047e-16
5386.0	7.168813e-16
5388.0	6.99864e-16
5390.0	7.031643e-16
5392.0	7.185455e-16
5394.0	7.551453e-16
5396.0	7.773482e-16
5398.0	7.98404e-16
5400.0	8.26369e-16
5402.0	8.293158e-16
5404.0	8.312319e-16
5406.0	8.422125e-16
5408.0	8.58542e-16
5410.0	8.674031e-16
5412.0	8.746914e-16
5414.0	8.695872e-16
5416.0	8.505295e-16
5418.0	8.231573e-16
5420.0	8.108491e-16
5422.0	8.127232e-16
5424.0	8.367372e-16
5426.0	8.617285e-16
5428.0	8.70956e-16
5430.0	8.764424e-16
5432.0	8.907824e-16
5434.0	8.947057e-16
5436.0	8.814667e-16
5438.0	8.684752e-16
5440.0	8.586269e-16
5442.0	8.536278e-16
5444.0	8.403994e-16
5446.0	8.063837e-16
5448.0	7.821748e-16
5450.0	7.759871e-16
5452.0	7.762122e-16
5454.0	8.012138e-16
5456.0	8.286329e-16
5458.0	8.377371e-16
5460.0	8.377739e-16
5462.0	8.263875e-16
5464.0	8.233173e-16
5466.0	8.392312e-16
5468.0	8.508277e-16
5470.0	8.44438e-16
5472.0	8.413748e-16
5474.0	8.6237e-16
5476.0	8.777398e-16
5478.0	8.778249e-16
5480.0	8.903943e-16
5482.0	8.997076e-16
5484.0	8.858705e-16
5486.0	8.697711e-16
5488.0	8.583148e-16
5490.0	8.42372e-16
5492.0	8.316499e-16
5494.0	8.308287e-16
5496.0	8.460609e-16
5498.0	8.676347e-16
5500.0	8.763962e-16
5502.0	8.781838e-16
5504.0	8.791492e-16
5506.0	8.826847e-16
5508.0	8.924955e-16
5510.0	8.982834e-16
5512.0	8.840771e-16
5514.0	8.684888e-16
5516.0	8.603577e-16
5518.0	8.511057e-16
5520.0	8.524305e-16
5522.0	8.612327e-16
5524.0	8.640962e-16
5526.0	8.626422e-16
5528.0	8.525709e-16
5530.0	8.461265e-16
5532.0	8.551744e-16
5534.0	8.704047e-16
5536.0	8.843284e-16
5538.0	9.025256e-16
5540.0	9.297741e-16
5542.0	9.435539e-16
5544.0	9.408674e-16
5546.0	9.344434e-16
5548.0	9.320682e-16
5550.0	9.378985e-16
5552.0	9.398383e-16
5554.0	9.348825e-16
5556.0	9.279602e-16
5558.0	9.283868e-16
5560.0	9.384847e-16
5562.0	9.511319e-16
5564.0	9.774663e-16
5566.0	1.001326e-15
5568.0	9.880342e-16
5570.0	9.592203e-16
5572.0	9.477126e-16
5574.0	9.463261e-16
5576.0	9.595425e-16
5578.0	9.783846e-16
5580.0	9.752424e-16
5582.0	9.666176e-16
5584.0	9.636758e-16
5586.0	9.784162e-16
5588.0	9.993325e-16
5590.0	1.005218e-15
5592.0	1.008221e-15
5594.0	1.007214e-15
5596.0	1.009068e-15
5598.0	1.007456e-15
5600.0	9.958744e-16
5602.0	9.829833e-16
5604.0	9.784401e-16
5606.0	9.858704e-16
5608.0	1.002931e-15
5610.0	1.014509e-15
5612.0	1.015493e-15
5614.0	1.024528e-15
5616.0	1.036135e-15
5618.0	1.037363e-15
5620.0	1.037743e-15
5622.0	1.03814e-15
5624.0	1.041206e-15
5626.0	1.044437e-15
5628.0	1.034593e-15
5630.0	1.032117e-15
5632.0	1.038027e-15
5634.0	1.034649e-15
5636.0	1.024845e-15
5638.0	1.021195e-15
5640.0	1.02555e-15
5642.0	1.033721e-15
5644.0	1.04721e-15
5646.0	1.054673e-15
5648.0	1.05613e-15
5650.0	1.06075e-15
5652.0	1.057091e-15
5654.0	1.044298e-15
5656.0	1.046111e-15
5658.0	1.046225e-15
5660.0	1.036221e-15
5662.0	1.043164e-15
5664.0	1.058149e-15
5666.0	1.065521e-15
5668.0	1.068307e-15
5670.0	1.07119e-15
5672.0	1.070414e-15
5674.0	1.078129e-15
5676.0	1.092268e-15
5678.0	1.088072e-15
5680.0	1.074623e-15
5682.0	1.069734e-15
5684.0	1.07417e-15
5686.0	1.065876e-15
5688.0	1.048793e-15
5690.0	1.043971e-15
5692.0	1.043749e-15
5694.0	1.034582e-15
5696.0	1.031384e-15
5698.0	1.036656e-15
5700.0	1.043591e-15
5702.0	1.04779e-15
5704.0	1.046571e-15
5706.0	1.03816e-15
5708.0	1.037178e-15
5710.0	1.037196e-15
5712.0	1.017445e-15
5714.0	9.974824e-16
5716.0	9.780838e-16
5718.0	9.788249e-16
5720.0	9.939993e-16
5722.0	9.972489e-16
5724.0	9.941697e-16
5726.0	9.9158e-16
5728.0	1.000559e-15
5730.0	1.009117e-15
5732.0	1.012402e-15
5734.0	1.017871e-15
5736.0	1.02075e-15
5738.0	1.026869e-15
5740.0	1.029784e-15
5742.0	1.018357e-15
5744.0	9.952294e-16
5746.0	9.802267e-16
5748.0	9.806726e-16
5750.0	9.850018e-16
5752.0	9.800156e-16
5754.0	9.821683e-16
5756.0	9.870032e-16
5758.0	9.893001e-16
5760.0	9.950128e-16
5762.0	1.000409e-15
5764.0	9.940301e-16
5766.0	9.783243e-16
5768.0	9.695134e-16
5770.0	9.656788e-16
5772.0	9.662799e-16
5774.0	9.629491e-16
5776.0	9.585925e-16
5778.0	9.588265e-16
5780.0	9.574724e-16
5782.0	9.467674e-16
5784.0	9.326301e-16
5786.0	9.282734e-16
5788.0	9.247083e-16
5790.0	9.264094e-16
5792.0	9.336283e-16
5794.0	9.3033e-16
5796.0	9.315117e-16
5798.0	9.386272e-16
5800.0	9.552247e-16
5802.0	9.623606e-16
5804.0	9.634205e-16
5806.0	9.738875e-16
5808.0	9.816503e-16
5810.0	9.693287e-16
5812.0	9.396637e-16
5814.0	9.383508e-16
5816.0	9.48312e-16
5818.0	9.530746e-16
5820.0	9.634271e-16
5822.0	9.682884e-16
5824.0	9.63798e-16
5826.0	9.521577e-16
5828.0	9.489258e-16
5830.0	9.351809e-16
5832.0	9.240371e-16
5834.0	9.323311e-16
5836.0	9.241123e-16
5838.0	9.111557e-16
5840.0	9.128753e-16
5842.0	9.022212e-16
5844.0	9.092135e-16
5846.0	9.441187e-16
5848.0	9.625195e-16
5850.0	9.772278e-16
5852.0	9.803834e-16
5854.0	9.754615e-16
5856.0	9.81293e-16
5858.0	9.819889e-16
5860.0	9.793388e-16
5862.0	9.782878e-16
5864.0	9.82516e-16
5866.0	9.761141e-16
5868.0	9.917806e-16
5870.0	9.906371e-16
5872.0	9.681851e-16
5874.0	9.7351e-16
5876.0	9.833664e-16
5878.0	9.871742e-16
5880.0	9.821819e-16
5882.0	9.844121e-16
5884.0	9.883106e-16
5886.0	9.704417e-16
5888.0	9.374729e-16
5890.0	9.142265e-16
5892.0	8.942115e-16
5894.0	8.989991e-16
5896.0	9.087712e-16
5898.0	9.263072e-16
5900.0	9.572329e-16
5902.0	9.910692e-16
5904.0	9.99898e-16
5906.0	1.001657e-15
5908.0	9.947577e-16
5910.0	9.952138e-16
5912.0	9.956473e-16
5914.0	9.740721e-16
5916.0	9.588316e-16
5918.0	9.568143e-16
5920.0	9.590329e-16
5922.0	9.783771e-16
5924.0	9.92687e-16
5926.0	1.009296e-15
5928.0	1.02414e-15
5930.0	1.026385e-15
5932.0	1.035803e-15
5934.0	1.03216e-15
5936.0	1.024638e-15
5938.0	1.00593e-15
5940.0	1.001144e-15
5942.0	1.015461e-15
5944.0	1.013916e-15
5946.0	1.005643e-15
5948.0	1.008328e-15
5950.0	1.014772e-15
5952.0	1.014381e-15
5954.0	1.017208e-15
5956.0	1.026929e-15
5958.0	1.032394e-15
5960.0	1.024076e-15
5962.0	1.018742e-15
5964.0	1.022344e-15
5966.0	1.025515e-15
5968.0	1.032415e-15
5970.0	1.030366e-15
5972.0	1.013583e-15
5974.0	1.016118e-15
5976.0	1.017565e-15
5978.0	1.01489e-15
5980.0	1.02198e-15
5982.0	1.014417e-15
5984.0	1.009935e-15
5986.0	9.942169e-16
5988.0	9.799074e-16
5990.0	9.762377e-16
5992.0	9.667372e-16
5994.0	9.595312e-16
5996.0	9.684752e-16
5998.0	9.76442e-16
6000.0	9.820361e-16
6002.0	9.780443e-16
6004.0	9.749267e-16
6006.0	9.801633e-16
6008.0	9.838869e-16
6010.0	9.823875e-16
6012.0	9.732252e-16
6014.0	9.581241e-16
6016.0	9.54417e-16
6018.0	9.420284e-16
6020.0	9.208685e-16
6022.0	8.839273e-16
6024.0	8.381501e-16
6026.0	8.045853e-16
6028.0	7.969316e-16
6030.0	7.97018e-16
6032.0	8.232738e-16
6034.0	8.569863e-16
6036.0	8.939555e-16
6038.0	9.031201e-16
6040.0	9.294533e-16
6042.0	9.457998e-16
6044.0	9.404e-16
6046.0	9.429961e-16
6048.0	9.540051e-16
6050.0	9.495897e-16
6052.0	9.389966e-16
6054.0	9.435499e-16
6056.0	9.342078e-16
6058.0	9.325537e-16
6060.0	9.421906e-16
6062.0	9.442645e-16
6064.0	9.401985e-16
6066.0	9.390852e-16
6068.0	9.349088e-16
6070.0	9.255684e-16
6072.0	9.23241e-16
6074.0	9.362749e-16
6076.0	9.388093e-16
6078.0	9.416727e-16
6080.0	9.405701e-16
6082.0	9.397529e-16
6084.0	9.314557e-16
6086.0	9.217308e-16
6088.0	9.150367e-16
6090.0	9.059697e-16
6092.0	9.143473e-16
6094.0	9.202735e-16
6096.0	9.203537e-16
6098.0	9.195519e-16
6100.0	9.261261e-16
6102.0	9.327148e-16
6104.0	9.27988e-16
6106.0	9.34246e-16
6108.0	9.273952e-16
6110.0	9.203705e-16
6112.0	9.258296e-16
6114.0	9.160271e-16
6116.0	9.014359e-16
6118.0	8.979217e-16
6120.0	8.98534e-16
6122.0	8.990912e-16
6124.0	9.062419e-16
6126.0	9.172086e-16
6128.0	9.239173e-16
6130.0	9.321933e-16
6132.0	9.224673e-16
6134.0	9.094867e-16
6136.0	9.087225e-16
6138.0	9.073456e-16
6140.0	9.034285e-16
6142.0	9.030782e-16
6144.0	8.965434e-16
6146.0	8.994574e-16
6148.0	9.005363e-16
6150.0	8.944798e-16
6152.0	8.954989e-16
6154.0	8.958976e-16
6156.0	8.971424e-16
6158.0	9.01289e-16
6160.0	8.934931e-16
6162.0	8.931684e-16
6164.0	9.016421e-16
6166.0	8.997521e-16
6168.0	9.011124e-16
6170.0	9.080878e-16
6172.0	9.128539e-16
6174.0	9.147885e-16
6176.0	9.270248e-16
6178.0	9.271713e-16
6180.0	9.190579e-16
6182.0	9.311038e-16
6184.0	9.407045e-16
6186.0	9.328495e-16
6188.0	9.27979e-16
6190.0	9.307535e-16
6192.0	9.220325e-16
6194.0	9.097314e-16
6196.0	9.116188e-16
6198.0	9.246004e-16
6200.0	9.274065e-16
6202.0	9.15702e-16
6204.0	9.087441e-16
6206.0	9.095493e-16
6208.0	9.159812e-16
6210.0	9.292957e-16
6212.0	9.3975e-16
6214.0	9.39541e-16
6216.0	9.318648e-16
6218.0	9.21247e-16
6220.0	9.208871e-16
6222.0	9.282609e-16
6224.0	9.290685e-16
6226.0	9.1646e-16
6228.0	9.081073e-16
6230.0	9.112167e-16
6232.0	9.208763e-16
6234.0	9.234027e-16
6236.0	9.190633e-16
6238.0	9.227115e-16
6240.0	9.206835e-16
6242.0	9.089226e-16
6244.0	9.030428e-16
6246.0	9.094906e-16
6248.0	9.230632e-16
6250.0	9.291655e-16
6252.0	9.248847e-16
6254.0	9.227305e-16
6256.0	9.254284e-16
6258.0	9.135366e-16
6260.0	8.959281e-16
6262.0	8.908096e-16
6264.0	8.872422e-16
6266.0	8.935705e-16
6268.0	9.012056e-16
6270.0	8.973543e-16
6272.0	8.850285e-16
6274.0	8.787201e-16
6276.0	8.778856e-16
6278.0	8.67784e-16
6280.0	8.526029e-16
6282.0	8.485229e-16
6284.0	8.56154e-16
6286.0	8.652069e-16
6288.0	8.766897e-16
6290.0	8.970627e-16
6292.0	9.012268e-16
6294.0	8.941232e-16
6296.0	8.828783e-16
6298.0	8.634716e-16
6300.0	8.37814e-16
6302.0	8.201707e-16
6304.0	8.217752e-16
6306.0	8.307335e-16
6308.0	8.238741e-16
6310.0	8.333801e-16
6312.0	8.536457e-16
6314.0	8.508935e-16
6316.0	8.634998e-16
6318.0	8.788057e-16
6320.0	8.872788e-16
6322.0	8.934614e-16
6324.0	8.995928e-16
6326.0	8.92924e-16
6328.0	8.881124e-16
6330.0	8.796539e-16
6332.0	8.766748e-16
6334.0	8.759528e-16
6336.0	8.764465e-16
6338.0	8.849405e-16
6340.0	8.841877e-16
6342.0	8.821293e-16
6344.0	8.961964e-16
6346.0	8.971843e-16
6348.0	9.054053e-16
6350.0	8.931641e-16
6352.0	8.818017e-16
6354.0	8.78233e-16
6356.0	8.700162e-16
6358.0	8.528058e-16
6360.0	8.480857e-16
6362.0	8.567081e-16
6364.0	8.596908e-16
6366.0	8.495895e-16
6368.0	8.62842e-16
6370.0	8.547818e-16
6372.0	8.444432e-16
6374.0	8.425998e-16
6376.0	8.473845e-16
6378.0	8.560382e-16
6380.0	8.471687e-16
6382.0	8.482119e-16
6384.0	8.507066e-16
6386.0	8.52239e-16
6388.0	8.429984e-16
6390.0	8.493333e-16
6392.0	8.527051e-16
6394.0	8.528976e-16
6396.0	8.316311e-16
6398.0	8.206468e-16
6400.0	8.19251e-16
6402.0	8.243271e-16
6404.0	8.386087e-16
6406.0	8.537661e-16
6408.0	8.634499e-16
6410.0	8.866561e-16
6412.0	8.835582e-16
6414.0	8.874666e-16
6416.0	8.815548e-16
6418.0	8.852906e-16
6420.0	8.919168e-16
6422.0	8.873745e-16
6424.0	8.921128e-16
6426.0	8.936739e-16
6428.0	8.99221e-16
6430.0	9.079474e-16
6432.0	9.043525e-16
6434.0	9.163777e-16
6436.0	9.154919e-16
6438.0	9.016833e-16
6440.0	9.048973e-16
6442.0	8.995556e-16
6444.0	8.864918e-16
6446.0	8.936274e-16
6448.0	9.043576e-16
6450.0	9.051629e-16
6452.0	9.039384e-16
6454.0	9.211686e-16
6456.0	9.191994e-16
6458.0	9.049282e-16
6460.0	9.018353e-16
6462.0	8.880326e-16
6464.0	8.960709e-16
6466.0	9.046077e-16
6468.0	9.089658e-16
6470.0	9.307557e-16
6472.0	9.360469e-16
6474.0	9.446291e-16
6476.0	9.505775e-16
6478.0	9.340714e-16
6480.0	9.337112e-16
6482.0	9.344621e-16
6484.0	9.266144e-16
6486.0	9.300893e-16
6488.0	9.292418e-16
6490.0	9.280453e-16
6492.0	9.402359e-16
6494.0	9.579102e-16
6496.0	9.68499e-16
6498.0	9.710974e-16
6500.0	9.57604e-16
6502.0	9.442032e-16
6504.0	9.333297e-16
6506.0	9.348961e-16
6508.0	9.311416e-16
6510.0	9.403614e-16
6512.0	9.614061e-16
6514.0	9.820478e-16
6516.0	9.979626e-16
6518.0	9.994835e-16
6520.0	1.003972e-15
6522.0	1.011796e-15
6524.0	1.001409e-15
6526.0	9.821651e-16
6528.0	9.859432e-16
6530.0	9.957942e-16
6532.0	1.001789e-15
6534.0	1.01527e-15
6536.0	1.018705e-15
6538.0	1.016373e-15
6540.0	1.020684e-15
6542.0	1.019753e-15
6544.0	1.028624e-15
6546.0	1.014558e-15
6548.0	1.013331e-15
6550.0	1.014379e-15
6552.0	1.031933e-15
6554.0	1.026582e-15
6556.0	1.031408e-15
6558.0	1.0478e-15
6560.0	1.057975e-15
6562.0	1.049147e-15
6564.0	1.05138e-15
6566.0	1.047032e-15
6568.0	1.054579e-15
6570.0	1.04977e-15
6572.0	1.052903e-15
6574.0	1.057306e-15
6576.0	1.059793e-15
6578.0	1.058109e-15
6580.0	1.063438e-15
6582.0	1.072223e-15
6584.0	1.085944e-15
6586.0	1.074037e-15
6588.0	1.084548e-15
6590.0	1.092033e-15
6592.0	1.091469e-15
6594.0	1.081929e-15
6596.0	1.063128e-15
6598.0	1.064327e-15
6600.0	1.055514e-15
6602.0	1.071751e-15
6604.0	1.088681e-15
6606.0	1.103029e-15
6608.0	1.09864e-15
6610.0	1.098849e-15
6612.0	1.096467e-15
6614.0	1.094003e-15
6616.0	1.087109e-15
6618.0	1.087597e-15
6620.0	1.096936e-15
6622.0	1.096006e-15
6624.0	1.110601e-15
6626.0	1.107126e-15
6628.0	1.111244e-15
6630.0	1.127401e-15
6632.0	1.126986e-15
6634.0	1.097014e-15
6636.0	1.086323e-15
6638.0	1.078089e-15
6640.0	1.06503e-15
6642.0	1.056769e-15
6644.0	1.045364e-15
6646.0	1.05258e-15
6648.0	1.081126e-15
6650.0	1.102156e-15
6652.0	1.11103e-15
6654.0	1.113671e-15
6656.0	1.113072e-15
6658.0	1.11896e-15
6660.0	1.125799e-15
6662.0	1.122967e-15
6664.0	1.120254e-15
6666.0	1.121972e-15
6668.0	1.121344e-15
6670.0	1.122585e-15
6672.0	1.138566e-15
6674.0	1.152145e-15
6676.0	1.141126e-15
6678.0	1.126521e-15
6680.0	1.125509e-15
6682.0	1.122879e-15
6684.0	1.127313e-15
6686.0	1.140076e-15
6688.0	1.138357e-15
6690.0	1.128093e-15
6692.0	1.135424e-15
6694.0	1.141925e-15
6696.0	1.132701e-15
6698.0	1.124078e-15
6700.0	1.111406e-15
6702.0	1.091486e-15
6704.0	1.081036e-15
6706.0	1.064577e-15
6708.0	1.04318e-15
6710.0	1.033022e-15
6712.0	1.033894e-15
6714.0	1.030632e-15
6716.0	1.041174e-15
6718.0	1.063653e-15
6720.0	1.078056e-15
6722.0	1.087173e-15
6724.0	1.08459e-15
6726.0	1.07915e-15
6728.0	1.091848e-15
6730.0	1.110048e-15
6732.0	1.120747e-15
6734.0	1.129071e-15
6736.0	1.135854e-15
6738.0	1.131022e-15
6740.0	1.124737e-15
6742.0	1.109656e-15
6744.0	1.085524e-15
6746.0	1.068486e-15
6748.0	1.063867e-15
6750.0	1.075786e-15
6752.0	1.087883e-15
6754.0	1.103322e-15
6756.0	1.104947e-15
6758.0	1.090558e-15
6760.0	1.086138e-15
6762.0	1.083495e-15
6764.0	1.080095e-15
6766.0	1.070585e-15
6768.0	1.070184e-15
6770.0	1.072911e-15
6772.0	1.071101e-15
6774.0	1.074985e-15
6776.0	1.068268e-15
6778.0	1.069596e-15
6780.0	1.059505e-15
6782.0	1.039336e-15
6784.0	1.034838e-15
6786.0	1.033777e-15
6788.0	1.024842e-15
6790.0	1.020594e-15
6792.0	1.029578e-15
6794.0	1.046303e-15
6796.0	1.045552e-15
6798.0	1.037758e-15
6800.0	1.036235e-15
6802.0	1.02698e-15
6804.0	1.010243e-15
6806.0	9.959746e-16
6808.0	9.986733e-16
6810.0	1.009973e-15
6812.0	1.007917e-15
6814.0	1.003896e-15
6816.0	9.994346e-16
6818.0	9.960615e-16
6820.0	9.955751e-16
6822.0	9.879169e-16
6824.0	9.82378e-16
6826.0	9.790142e-16
6828.0	9.788584e-16
6830.0	9.818282e-16
6832.0	9.870102e-16
6834.0	9.904609e-16
6836.0	9.878452e-16
6838.0	1.003468e-15
6840.0	9.911162e-16
6842.0	9.666179e-16
6844.0	9.735874e-16
6846.0	9.904953e-16
6848.0	9.955326e-16
6850.0	9.80069e-16
6852.0	9.611397e-16
6854.0	9.62254e-16
6856.0	9.6522e-16
6858.0	9.658257e-16
6860.0	9.737857e-16
6862.0	9.585294e-16
6864.0	9.337039e-16
6866.0	9.333008e-16
6868.0	9.512144e-16
6870.0	9.531591e-16
6872.0	9.518048e-16
6874.0	9.407345e-16
6876.0	9.453224e-16
6878.0	9.589836e-16
6880.0	9.606939e-16
6882.0	9.439579e-16
6884.0	9.371866e-16
6886.0	9.63914e-16
6888.0	9.664217e-16
6890.0	9.596115e-16
6892.0	9.660357e-16
6894.0	9.716479e-16
6896.0	9.513496e-16
6898.0	9.47942e-16
6900.0	9.550169e-16
6902.0	9.463484e-16
6904.0	9.483486e-16
6906.0	9.531375e-16
6908.0	9.555503e-16
6910.0	9.514631e-16
6912.0	9.63405e-16
6914.0	9.773907e-16
6916.0	9.720397e-16
6918.0	9.546328e-16
6920.0	9.46269e-16
6922.0	9.44402e-16
6924.0	9.642319e-16
6926.0	9.623755e-16
6928.0	9.580657e-16
6930.0	9.765986e-16
6932.0	9.772621e-16
6934.0	9.704081e-16
6936.0	9.650479e-16
6938.0	9.482162e-16
6940.0	9.331727e-16
6942.0	9.360904e-16
6944.0	9.428037e-16
6946.0	9.509212e-16
6948.0	9.584104e-16
6950.0	9.613265e-16
6952.0	9.524853e-16
6954.0	9.384563e-16
6956.0	9.397913e-16
6958.0	9.451579e-16
6960.0	9.576334e-16
6962.0	9.712276e-16
6964.0	9.740703e-16
6966.0	9.741644e-16
6968.0	9.714485e-16
6970.0	9.718491e-16
6972.0	9.559184e-16
6974.0	9.434496e-16
6976.0	9.620648e-16
6978.0	9.820605e-16
6980.0	9.752622e-16
6982.0	9.740538e-16
6984.0	9.70467e-16
6986.0	9.650398e-16
6988.0	9.621342e-16
6990.0	9.618231e-16
6992.0	9.415942e-16
6994.0	9.177625e-16
6996.0	9.241206e-16
6998.0	9.290352e-16
7000.0	9.450319e-16
7002.0	9.608149e-16
7004.0	9.728033e-16
7006.0	9.634181e-16
7008.0	9.573952e-16
7010.0	9.381697e-16
7012.0	9.436322e-16
7014.0	9.334525e-16
7016.0	9.28897e-16
7018.0	9.459984e-16
7020.0	9.608258e-16
7022.0	9.591723e-16
7024.0	9.606257e-16
7026.0	9.602865e-16
7028.0	9.587947e-16
7030.0	9.567223e-16
7032.0	9.678425e-16
7034.0	9.759387e-16
7036.0	9.727032e-16
7038.0	9.59958e-16
7040.0	9.531978e-16
7042.0	9.543708e-16
7044.0	9.778764e-16
7046.0	9.835549e-16
7048.0	9.844578e-16
7050.0	9.761733e-16
