#	 asassn15uw 
#	 UT date of observation: 20160104 
#	 Telescope/Instrument: KPNO4m/KOSMOS 
#	 Estimated Peak MJD: 57392.781 
#	 Estimated redshift: 0.031 
#	 Estimated Phase: -1.7 
#	 Published in Dettman et al. 2020 
#	 Observed barycentric wavelength (Angstroms)    F_lambda
4180.0	1.051588e-15
4181.0	1.127996e-15
4182.0	1.135002e-15
4183.0	1.20556e-15
4184.0	1.243253e-15
4185.0	7.883695e-16
4186.0	9.421985e-16
4187.0	9.233974e-16
4188.0	9.635125e-16
4189.0	9.726646e-16
4190.0	1.128126e-15
4191.0	1.175472e-15
4192.0	1.110394e-15
4193.0	1.2504e-15
4194.0	1.142147e-15
4195.0	8.897629e-16
4196.0	8.043248e-16
4197.0	9.553084e-16
4198.0	1.042043e-15
4199.0	9.646536e-16
4200.0	1.151951e-15
4201.0	1.22075e-15
4202.0	1.014828e-15
4203.0	9.546736e-16
4204.0	1.205207e-15
4205.0	9.279755e-16
4206.0	6.845978e-16
4207.0	8.954832e-16
4208.0	1.049732e-15
4209.0	1.14739e-15
4210.0	9.553913e-16
4211.0	7.772038e-16
4212.0	1.058397e-15
4213.0	1.03258e-15
4214.0	1.038948e-15
4215.0	1.004455e-15
4216.0	1.034684e-15
4217.0	1.037235e-15
4218.0	1.171568e-15
4219.0	1.087348e-15
4220.0	9.348989e-16
4221.0	7.979964e-16
4222.0	1.021714e-15
4223.0	1.061393e-15
4224.0	9.84247e-16
4225.0	9.049844e-16
4226.0	7.199952e-16
4227.0	7.206823e-16
4228.0	9.845118e-16
4229.0	1.083927e-15
4230.0	1.099546e-15
4231.0	8.43498e-16
4232.0	8.598434e-16
4233.0	1.145953e-15
4234.0	1.129765e-15
4235.0	1.090539e-15
4236.0	1.066807e-15
4237.0	1.216825e-15
4238.0	1.095512e-15
4239.0	1.312871e-15
4240.0	9.842884e-16
4241.0	9.362749e-16
4242.0	1.049801e-15
4243.0	9.376163e-16
4244.0	8.188422e-16
4245.0	1.004914e-15
4246.0	1.150279e-15
4247.0	1.0111e-15
4248.0	8.782386e-16
4249.0	8.044472e-16
4250.0	6.790302e-16
4251.0	7.626748e-16
4252.0	9.443763e-16
4253.0	1.0308e-15
4254.0	1.086751e-15
4255.0	1.147334e-15
4256.0	9.327103e-16
4257.0	8.342286e-16
4258.0	8.334292e-16
4259.0	8.107654e-16
4260.0	8.93579e-16
4261.0	9.542745e-16
4262.0	8.68478e-16
4263.0	8.006808e-16
4264.0	8.636404e-16
4265.0	9.54985e-16
4266.0	1.074612e-15
4267.0	9.52665e-16
4268.0	8.076485e-16
4269.0	8.732264e-16
4270.0	1.057048e-15
4271.0	9.699441e-16
4272.0	9.529108e-16
4273.0	7.36384e-16
4274.0	7.916798e-16
4275.0	8.738009e-16
4276.0	9.201833e-16
4277.0	9.873759e-16
4278.0	8.609075e-16
4279.0	8.268227e-16
4280.0	7.709838e-16
4281.0	8.037435e-16
4282.0	9.690801e-16
4283.0	1.038978e-15
4284.0	1.005351e-15
4285.0	9.209781e-16
4286.0	8.728186e-16
4287.0	1.037586e-15
4288.0	1.038908e-15
4289.0	9.99545e-16
4290.0	1.057216e-15
4291.0	1.036955e-15
4292.0	9.754244e-16
4293.0	9.411455e-16
4294.0	9.393795e-16
4295.0	1.036648e-15
4296.0	1.057848e-15
4297.0	9.477571e-16
4298.0	8.662235e-16
4299.0	1.006645e-15
4300.0	1.003049e-15
4301.0	7.70919e-16
4302.0	7.1562e-16
4303.0	7.628853e-16
4304.0	7.242125e-16
4305.0	8.685335e-16
4306.0	1.042047e-15
4307.0	1.026194e-15
4308.0	9.869148e-16
4309.0	8.896436e-16
4310.0	7.683429e-16
4311.0	7.253399e-16
4312.0	8.903069e-16
4313.0	1.030528e-15
4314.0	9.036177e-16
4315.0	8.876569e-16
4316.0	6.596696e-16
4317.0	6.666508e-16
4318.0	7.490552e-16
4319.0	6.749986e-16
4320.0	6.363543e-16
4321.0	7.899568e-16
4322.0	8.203689e-16
4323.0	9.872028e-16
4324.0	8.82088e-16
4325.0	7.918822e-16
4326.0	8.426468e-16
4327.0	8.399097e-16
4328.0	7.818931e-16
4329.0	8.994554e-16
4330.0	7.962033e-16
4331.0	6.373392e-16
4332.0	7.346035e-16
4333.0	1.002567e-15
4334.0	7.854466e-16
4335.0	6.84093e-16
4336.0	5.932325e-16
4337.0	9.548629e-16
4338.0	8.348879e-16
4339.0	8.155087e-16
4340.0	7.454797e-16
4341.0	5.862367e-16
4342.0	6.85977e-16
4343.0	8.08192e-16
4344.0	8.210232e-16
4345.0	7.978859e-16
4346.0	6.879097e-16
4347.0	4.622972e-16
4348.0	5.888028e-16
4349.0	7.870189e-16
4350.0	6.203866e-16
4351.0	7.193936e-16
4352.0	7.775036e-16
4353.0	6.943774e-16
4354.0	6.8664e-16
4355.0	6.584483e-16
4356.0	5.009418e-16
4357.0	6.485184e-16
4358.0	7.610198e-16
4359.0	7.184492e-16
4360.0	6.996446e-16
4361.0	6.506603e-16
4362.0	5.237758e-16
4363.0	6.150645e-16
4364.0	6.650538e-16
4365.0	5.695735e-16
4366.0	6.162324e-16
4367.0	5.583062e-16
4368.0	6.582332e-16
4369.0	6.846251e-16
4370.0	6.856036e-16
4371.0	7.336756e-16
4372.0	6.869646e-16
4373.0	6.19718e-16
4374.0	5.355161e-16
4375.0	4.589489e-16
4376.0	5.388947e-16
4377.0	6.009195e-16
4378.0	4.987944e-16
4379.0	6.479682e-16
4380.0	6.631569e-16
4381.0	6.45695e-16
4382.0	7.523529e-16
4383.0	6.102642e-16
4384.0	4.466e-16
4385.0	4.412557e-16
4386.0	6.272658e-16
4387.0	6.519834e-16
4388.0	6.047628e-16
4389.0	5.470582e-16
4390.0	5.080201e-16
4391.0	6.193668e-16
4392.0	4.754677e-16
4393.0	4.853537e-16
4394.0	5.37839e-16
4395.0	5.751546e-16
4396.0	6.064473e-16
4397.0	5.860059e-16
4398.0	6.021035e-16
4399.0	4.097133e-16
4400.0	3.624199e-16
4401.0	3.203196e-16
4402.0	3.411587e-16
4403.0	4.465423e-16
4404.0	4.60875e-16
4405.0	5.447557e-16
4406.0	5.290535e-16
4407.0	5.637338e-16
4408.0	6.840106e-16
4409.0	5.57149e-16
4410.0	3.50004e-16
4411.0	3.791951e-16
4412.0	5.504466e-16
4413.0	6.095576e-16
4414.0	6.121308e-16
4415.0	5.965151e-16
4416.0	5.296182e-16
4417.0	4.258637e-16
4418.0	5.780601e-16
4419.0	5.531106e-16
4420.0	5.703302e-16
4421.0	5.605422e-16
4422.0	5.818958e-16
4423.0	5.037326e-16
4424.0	6.091509e-16
4425.0	4.581993e-16
4426.0	4.559521e-16
4427.0	5.270292e-16
4428.0	5.669439e-16
4429.0	5.210677e-16
4430.0	5.595979e-16
4431.0	6.338889e-16
4432.0	5.02257e-16
4433.0	5.686757e-16
4434.0	6.140035e-16
4435.0	5.815376e-16
4436.0	5.949762e-16
4437.0	6.918894e-16
4438.0	5.603095e-16
4439.0	4.87383e-16
4440.0	4.923917e-16
4441.0	4.339047e-16
4442.0	4.762152e-16
4443.0	4.603951e-16
4444.0	5.574331e-16
4445.0	6.815711e-16
4446.0	6.950477e-16
4447.0	7.364309e-16
4448.0	6.748467e-16
4449.0	7.229933e-16
4450.0	5.720296e-16
4451.0	4.708931e-16
4452.0	5.56372e-16
4453.0	5.822669e-16
4454.0	5.123751e-16
4455.0	4.514276e-16
4456.0	5.338499e-16
4457.0	5.084471e-16
4458.0	4.688584e-16
4459.0	6.533858e-16
4460.0	6.807406e-16
4461.0	6.776297e-16
4462.0	6.996872e-16
4463.0	7.136783e-16
4464.0	7.279522e-16
4465.0	6.432687e-16
4466.0	7.384415e-16
4467.0	7.49863e-16
4468.0	6.059908e-16
4469.0	5.973974e-16
4470.0	7.792083e-16
4471.0	7.802518e-16
4472.0	7.451355e-16
4473.0	6.541948e-16
4474.0	6.971825e-16
4475.0	7.078889e-16
4476.0	6.194058e-16
4477.0	6.146802e-16
4478.0	6.06026e-16
4479.0	7.58307e-16
4480.0	7.369799e-16
4481.0	7.9229e-16
4482.0	7.151264e-16
4483.0	5.840205e-16
4484.0	6.815225e-16
4485.0	8.353187e-16
4486.0	7.678203e-16
4487.0	8.446166e-16
4488.0	9.476379e-16
4489.0	8.608958e-16
4490.0	8.359721e-16
4491.0	8.1223e-16
4492.0	7.143533e-16
4493.0	6.806588e-16
4494.0	6.341346e-16
4495.0	6.705116e-16
4496.0	7.820821e-16
4497.0	7.587997e-16
4498.0	8.220815e-16
4499.0	7.960554e-16
4500.0	7.706782e-16
4501.0	7.576447e-16
4502.0	6.874103e-16
4503.0	7.036365e-16
4504.0	7.818482e-16
4505.0	8.221239e-16
4506.0	8.5132e-16
4507.0	8.579624e-16
4508.0	7.975501e-16
4509.0	6.762131e-16
4510.0	7.454596e-16
4511.0	9.122636e-16
4512.0	8.548012e-16
4513.0	8.901139e-16
4514.0	9.184072e-16
4515.0	8.207668e-16
4516.0	7.672432e-16
4517.0	7.797259e-16
4518.0	6.83155e-16
4519.0	7.240221e-16
4520.0	6.282593e-16
4521.0	8.436598e-16
4522.0	9.127733e-16
4523.0	7.932276e-16
4524.0	8.342507e-16
4525.0	8.512109e-16
4526.0	7.789683e-16
4527.0	7.498069e-16
4528.0	8.241066e-16
4529.0	8.217346e-16
4530.0	9.022789e-16
4531.0	8.924565e-16
4532.0	7.666218e-16
4533.0	7.169959e-16
4534.0	6.827972e-16
4535.0	7.721589e-16
4536.0	7.355078e-16
4537.0	7.610918e-16
4538.0	8.920589e-16
4539.0	8.420032e-16
4540.0	9.015727e-16
4541.0	9.852103e-16
4542.0	9.609429e-16
4543.0	7.833577e-16
4544.0	8.33288e-16
4545.0	9.217128e-16
4546.0	7.804721e-16
4547.0	7.793041e-16
4548.0	8.992919e-16
4549.0	9.10424e-16
4550.0	8.309713e-16
4551.0	7.232246e-16
4552.0	7.074201e-16
4553.0	7.823765e-16
4554.0	9.266074e-16
4555.0	8.913703e-16
4556.0	8.846201e-16
4557.0	8.230935e-16
4558.0	7.314482e-16
4559.0	7.459067e-16
4560.0	7.527759e-16
4561.0	7.361247e-16
4562.0	7.61457e-16
4563.0	6.983117e-16
4564.0	8.313073e-16
4565.0	8.971289e-16
4566.0	9.037415e-16
4567.0	8.425706e-16
4568.0	8.800484e-16
4569.0	8.429333e-16
4570.0	7.70252e-16
4571.0	8.043339e-16
4572.0	8.208711e-16
4573.0	8.057308e-16
4574.0	8.506835e-16
4575.0	8.250774e-16
4576.0	7.935417e-16
4577.0	7.837719e-16
4578.0	8.591282e-16
4579.0	8.619818e-16
4580.0	7.025171e-16
4581.0	8.161874e-16
4582.0	8.101906e-16
4583.0	8.178797e-16
4584.0	7.946041e-16
4585.0	7.919273e-16
4586.0	8.244857e-16
4587.0	8.819605e-16
4588.0	8.828507e-16
4589.0	8.913295e-16
4590.0	8.182915e-16
4591.0	8.176339e-16
4592.0	8.713982e-16
4593.0	8.031239e-16
4594.0	7.492003e-16
4595.0	7.994114e-16
4596.0	9.489278e-16
4597.0	8.03696e-16
4598.0	8.028282e-16
4599.0	8.369658e-16
4600.0	8.098844e-16
4601.0	8.65141e-16
4602.0	9.523397e-16
4603.0	9.413818e-16
4604.0	9.217431e-16
4605.0	8.690585e-16
4606.0	9.240298e-16
4607.0	9.363436e-16
4608.0	8.092998e-16
4609.0	7.643359e-16
4610.0	8.944414e-16
4611.0	8.234949e-16
4612.0	8.074038e-16
4613.0	8.718812e-16
4614.0	8.358659e-16
4615.0	9.687678e-16
4616.0	1.03124e-15
4617.0	9.780382e-16
4618.0	8.983252e-16
4619.0	9.443608e-16
4620.0	8.815036e-16
4621.0	8.657073e-16
4622.0	9.728525e-16
4623.0	1.035262e-15
4624.0	9.474942e-16
4625.0	8.497669e-16
4626.0	9.077676e-16
4627.0	9.278813e-16
4628.0	9.844574e-16
4629.0	1.088265e-15
4630.0	1.010517e-15
4631.0	9.457889e-16
4632.0	8.748247e-16
4633.0	8.649701e-16
4634.0	9.216721e-16
4635.0	9.25978e-16
4636.0	1.051666e-15
4637.0	1.029756e-15
4638.0	1.012055e-15
4639.0	9.508604e-16
4640.0	9.054461e-16
4641.0	9.525868e-16
4642.0	1.07637e-15
4643.0	1.116419e-15
4644.0	1.034725e-15
4645.0	1.004739e-15
4646.0	9.379392e-16
4647.0	9.184658e-16
4648.0	1.018545e-15
4649.0	9.825301e-16
4650.0	1.121229e-15
4651.0	1.127241e-15
4652.0	1.019509e-15
4653.0	1.00243e-15
4654.0	9.796376e-16
4655.0	1.030773e-15
4656.0	1.03075e-15
4657.0	1.017997e-15
4658.0	1.069711e-15
4659.0	1.030577e-15
4660.0	9.337322e-16
4661.0	9.135982e-16
4662.0	9.254548e-16
4663.0	9.391612e-16
4664.0	9.248326e-16
4665.0	9.626218e-16
4666.0	9.496461e-16
4667.0	9.47919e-16
4668.0	1.005013e-15
4669.0	1.042838e-15
4670.0	1.095978e-15
4671.0	1.155959e-15
4672.0	1.046994e-15
4673.0	9.308382e-16
4674.0	9.862972e-16
4675.0	9.230193e-16
4676.0	9.74942e-16
4677.0	9.712712e-16
4678.0	9.273198e-16
4679.0	9.480613e-16
4680.0	9.900566e-16
4681.0	9.548714e-16
4682.0	1.078461e-15
4683.0	1.000928e-15
4684.0	9.7374e-16
4685.0	9.413488e-16
4686.0	8.757049e-16
4687.0	9.245424e-16
4688.0	9.230076e-16
4689.0	9.664338e-16
4690.0	9.289032e-16
4691.0	1.045086e-15
4692.0	1.037339e-15
4693.0	9.949658e-16
4694.0	8.593013e-16
4695.0	8.706421e-16
4696.0	9.811121e-16
4697.0	9.562222e-16
4698.0	9.054497e-16
4699.0	8.647564e-16
4700.0	8.674425e-16
4701.0	9.180305e-16
4702.0	8.606289e-16
4703.0	8.512367e-16
4704.0	9.54336e-16
4705.0	9.063751e-16
4706.0	8.809139e-16
4707.0	8.952532e-16
4708.0	8.337891e-16
4709.0	9.306417e-16
4710.0	1.030123e-15
4711.0	9.942986e-16
4712.0	1.034373e-15
4713.0	9.636493e-16
4714.0	9.274465e-16
4715.0	8.995048e-16
4716.0	8.637566e-16
4717.0	9.139589e-16
4718.0	1.018282e-15
4719.0	9.606384e-16
4720.0	9.100088e-16
4721.0	9.33823e-16
4722.0	9.534421e-16
4723.0	1.0028e-15
4724.0	9.6509e-16
4725.0	9.574539e-16
4726.0	9.141886e-16
4727.0	8.854448e-16
4728.0	9.367355e-16
4729.0	1.025846e-15
4730.0	9.829407e-16
4731.0	9.343762e-16
4732.0	9.200729e-16
4733.0	9.18483e-16
4734.0	1.009593e-15
4735.0	9.263217e-16
4736.0	8.691311e-16
4737.0	9.409115e-16
4738.0	9.458972e-16
4739.0	9.279262e-16
4740.0	9.468208e-16
4741.0	9.817859e-16
4742.0	8.77047e-16
4743.0	8.827109e-16
4744.0	9.002806e-16
4745.0	8.849009e-16
4746.0	8.927361e-16
4747.0	8.725476e-16
4748.0	9.141328e-16
4749.0	8.815301e-16
4750.0	9.23296e-16
4751.0	9.40808e-16
4752.0	1.002699e-15
4753.0	9.453723e-16
4754.0	8.860505e-16
4755.0	8.70657e-16
4756.0	8.936127e-16
4757.0	8.300165e-16
4758.0	7.883679e-16
4759.0	8.344449e-16
4760.0	8.96257e-16
4761.0	9.385322e-16
4762.0	9.106388e-16
4763.0	9.660541e-16
4764.0	9.688525e-16
4765.0	9.337002e-16
4766.0	9.395428e-16
4767.0	9.460415e-16
4768.0	9.138593e-16
4769.0	9.335532e-16
4770.0	9.37187e-16
4771.0	9.202522e-16
4772.0	8.4553e-16
4773.0	8.04323e-16
4774.0	7.973606e-16
4775.0	7.616907e-16
4776.0	7.521676e-16
4777.0	8.445238e-16
4778.0	9.225421e-16
4779.0	8.900412e-16
4780.0	8.140562e-16
4781.0	8.040204e-16
4782.0	8.631195e-16
4783.0	8.611344e-16
4784.0	7.699893e-16
4785.0	7.222e-16
4786.0	7.152044e-16
4787.0	8.905157e-16
4788.0	8.756074e-16
4789.0	7.880183e-16
4790.0	7.402118e-16
4791.0	7.059055e-16
4792.0	7.748226e-16
4793.0	8.622799e-16
4794.0	8.202288e-16
4795.0	7.807305e-16
4796.0	7.434692e-16
4797.0	7.89931e-16
4798.0	8.690391e-16
4799.0	8.468278e-16
4800.0	8.051296e-16
4801.0	6.225767e-16
4802.0	6.640527e-16
4803.0	8.361612e-16
4804.0	8.141946e-16
4805.0	8.180149e-16
4806.0	7.283017e-16
4807.0	6.909029e-16
4808.0	6.967169e-16
4809.0	7.679774e-16
4810.0	7.825274e-16
4811.0	7.496709e-16
4812.0	7.721164e-16
4813.0	8.294884e-16
4814.0	7.858113e-16
4815.0	8.200443e-16
4816.0	7.492823e-16
4817.0	8.06058e-16
4818.0	8.438631e-16
4819.0	8.071279e-16
4820.0	8.204956e-16
4821.0	7.682545e-16
4822.0	8.564514e-16
4823.0	7.967967e-16
4824.0	7.294142e-16
4825.0	8.580237e-16
4826.0	7.850211e-16
4827.0	7.580577e-16
4828.0	7.901841e-16
4829.0	7.338258e-16
4830.0	8.11783e-16
4831.0	8.12716e-16
4832.0	8.189461e-16
4833.0	7.188238e-16
4834.0	8.058833e-16
4835.0	8.066553e-16
4836.0	7.412124e-16
4837.0	6.957663e-16
4838.0	7.20598e-16
4839.0	7.804896e-16
4840.0	6.993953e-16
4841.0	7.429322e-16
4842.0	7.561673e-16
4843.0	7.449706e-16
4844.0	8.204528e-16
4845.0	7.545537e-16
4846.0	7.746742e-16
4847.0	7.074499e-16
4848.0	7.648935e-16
4849.0	7.993627e-16
4850.0	7.809835e-16
4851.0	7.975024e-16
4852.0	7.84107e-16
4853.0	7.249532e-16
4854.0	6.433323e-16
4855.0	6.790346e-16
4856.0	7.438407e-16
4857.0	7.765097e-16
4858.0	7.126535e-16
4859.0	7.503487e-16
4860.0	8.476676e-16
4861.0	8.401097e-16
4862.0	7.419955e-16
4863.0	6.906469e-16
4864.0	6.708652e-16
4865.0	7.312224e-16
4866.0	7.751866e-16
4867.0	7.626989e-16
4868.0	7.416346e-16
4869.0	7.94694e-16
4870.0	7.40508e-16
4871.0	7.388876e-16
4872.0	7.640224e-16
4873.0	7.715209e-16
4874.0	8.098207e-16
4875.0	6.604768e-16
4876.0	7.040725e-16
4877.0	8.108535e-16
4878.0	7.91901e-16
4879.0	7.306638e-16
4880.0	7.360411e-16
4881.0	7.687377e-16
4882.0	7.363186e-16
4883.0	7.792609e-16
4884.0	7.945223e-16
4885.0	7.152107e-16
4886.0	6.187128e-16
4887.0	6.705082e-16
4888.0	7.21048e-16
4889.0	8.016572e-16
4890.0	7.585718e-16
4891.0	7.095268e-16
4892.0	5.879244e-16
4893.0	6.287356e-16
4894.0	6.739529e-16
4895.0	7.192752e-16
4896.0	6.552493e-16
4897.0	7.007804e-16
4898.0	6.49779e-16
4899.0	6.663024e-16
4900.0	6.557047e-16
4901.0	6.851209e-16
4902.0	6.959817e-16
4903.0	6.915951e-16
4904.0	7.043297e-16
4905.0	6.568516e-16
4906.0	6.387553e-16
4907.0	6.729269e-16
4908.0	7.29671e-16
4909.0	6.640262e-16
4910.0	6.474335e-16
4911.0	6.124928e-16
4912.0	6.335192e-16
4913.0	7.162646e-16
4914.0	6.198796e-16
4915.0	6.674183e-16
4916.0	7.333985e-16
4917.0	6.930423e-16
4918.0	6.519789e-16
4919.0	6.318297e-16
4920.0	6.371454e-16
4921.0	6.624662e-16
4922.0	5.882529e-16
4923.0	7.066964e-16
4924.0	7.15078e-16
4925.0	7.061642e-16
4926.0	6.348148e-16
4927.0	6.626368e-16
4928.0	6.766813e-16
4929.0	7.241331e-16
4930.0	6.764974e-16
4931.0	6.353572e-16
4932.0	5.338659e-16
4933.0	6.04816e-16
4934.0	6.48203e-16
4935.0	6.90562e-16
4936.0	5.503554e-16
4937.0	5.305819e-16
4938.0	5.847791e-16
4939.0	6.636096e-16
4940.0	6.614363e-16
4941.0	5.601797e-16
4942.0	5.526643e-16
4943.0	6.059445e-16
4944.0	6.276424e-16
4945.0	6.138849e-16
4946.0	5.459546e-16
4947.0	5.64363e-16
4948.0	6.00465e-16
4949.0	5.208624e-16
4950.0	5.197471e-16
4951.0	5.32749e-16
4952.0	5.817085e-16
4953.0	5.59527e-16
4954.0	5.608779e-16
4955.0	6.063487e-16
4956.0	5.710724e-16
4957.0	5.36599e-16
4958.0	4.341127e-16
4959.0	4.688062e-16
4960.0	5.634705e-16
4961.0	5.617384e-16
4962.0	5.849709e-16
4963.0	5.372374e-16
4964.0	5.183026e-16
4965.0	5.389609e-16
4966.0	5.467524e-16
4967.0	5.720434e-16
4968.0	5.259999e-16
4969.0	4.50516e-16
4970.0	4.462265e-16
4971.0	4.942138e-16
4972.0	4.013812e-16
4973.0	4.166155e-16
4974.0	4.506996e-16
4975.0	4.746534e-16
4976.0	4.609497e-16
4977.0	4.097495e-16
4978.0	3.869592e-16
4979.0	4.866757e-16
4980.0	4.548787e-16
4981.0	4.684037e-16
4982.0	5.309421e-16
4983.0	4.967112e-16
4984.0	4.644178e-16
4985.0	5.038698e-16
4986.0	4.499691e-16
4987.0	5.462352e-16
4988.0	5.747496e-16
4989.0	4.944022e-16
4990.0	4.366751e-16
4991.0	4.649068e-16
4992.0	5.400431e-16
4993.0	4.987588e-16
4994.0	5.279985e-16
4995.0	5.400381e-16
4996.0	5.269796e-16
4997.0	5.040301e-16
4998.0	4.553722e-16
4999.0	4.188375e-16
5000.0	4.829068e-16
5001.0	4.729389e-16
5002.0	4.207045e-16
5003.0	4.401956e-16
5004.0	5.337923e-16
5005.0	4.617736e-16
5006.0	3.927733e-16
5007.0	4.234416e-16
5008.0	4.493598e-16
5009.0	4.537387e-16
5010.0	4.871255e-16
5011.0	5.169368e-16
5012.0	4.850668e-16
5013.0	4.782425e-16
5014.0	4.817713e-16
5015.0	4.754707e-16
5016.0	4.933971e-16
5017.0	4.884228e-16
5018.0	4.499391e-16
5019.0	5.069908e-16
5020.0	5.155696e-16
5021.0	4.998297e-16
5022.0	4.412155e-16
5023.0	4.588357e-16
5024.0	4.626446e-16
5025.0	4.795172e-16
5026.0	4.445136e-16
5027.0	4.252841e-16
5028.0	5.118892e-16
5029.0	5.37637e-16
5030.0	5.443198e-16
5031.0	5.40589e-16
5032.0	5.29149e-16
5033.0	5.360807e-16
5034.0	4.625596e-16
5035.0	4.950286e-16
5036.0	5.567773e-16
5037.0	5.636634e-16
5038.0	5.522633e-16
5039.0	4.621192e-16
5040.0	4.751249e-16
5041.0	5.54443e-16
5042.0	5.642324e-16
5043.0	5.166224e-16
5044.0	5.086038e-16
5045.0	5.386518e-16
5046.0	5.277273e-16
5047.0	5.157459e-16
5048.0	5.577075e-16
5049.0	5.703395e-16
5050.0	5.867727e-16
5051.0	5.49857e-16
5052.0	5.722577e-16
5053.0	5.719657e-16
5054.0	6.361118e-16
5055.0	6.417051e-16
5056.0	6.041684e-16
5057.0	5.195071e-16
5058.0	6.100482e-16
5059.0	5.601294e-16
5060.0	5.735782e-16
5061.0	5.333132e-16
5062.0	5.88352e-16
5063.0	5.933043e-16
5064.0	5.134743e-16
5065.0	5.636569e-16
5066.0	5.749913e-16
5067.0	6.64548e-16
5068.0	6.582585e-16
5069.0	5.984694e-16
5070.0	6.244974e-16
5071.0	6.444989e-16
5072.0	6.452333e-16
5073.0	6.032973e-16
5074.0	5.784589e-16
5075.0	5.731854e-16
5076.0	6.144817e-16
5077.0	6.825742e-16
5078.0	5.880253e-16
5079.0	6.124258e-16
5080.0	6.816858e-16
5081.0	6.761082e-16
5082.0	5.984767e-16
5083.0	6.220383e-16
5084.0	6.596589e-16
5085.0	6.609089e-16
5086.0	6.549436e-16
5087.0	6.338233e-16
5088.0	6.542716e-16
5089.0	6.518421e-16
5090.0	6.169615e-16
5091.0	6.402305e-16
5092.0	5.813634e-16
5093.0	5.922742e-16
5094.0	5.675486e-16
5095.0	5.756998e-16
5096.0	6.30039e-16
5097.0	6.858933e-16
5098.0	6.501314e-16
5099.0	6.955861e-16
5100.0	6.200728e-16
5101.0	6.709534e-16
5102.0	6.635284e-16
5103.0	6.748302e-16
5104.0	5.8573e-16
5105.0	5.711892e-16
5106.0	6.230364e-16
5107.0	6.000212e-16
5108.0	6.107727e-16
5109.0	6.511235e-16
5110.0	7.174598e-16
5111.0	6.489657e-16
5112.0	6.259636e-16
5113.0	6.732452e-16
5114.0	6.608241e-16
5115.0	6.673907e-16
5116.0	6.610158e-16
5117.0	6.224111e-16
5118.0	6.535607e-16
5119.0	6.897882e-16
5120.0	6.446902e-16
5121.0	5.855711e-16
5122.0	5.698551e-16
5123.0	5.937931e-16
5124.0	6.600904e-16
5125.0	6.094917e-16
5126.0	6.481134e-16
5127.0	6.925075e-16
5128.0	6.308674e-16
5129.0	5.684302e-16
5130.0	5.791065e-16
5131.0	6.860957e-16
5132.0	7.2406e-16
5133.0	7.067278e-16
5134.0	6.216216e-16
5135.0	6.549909e-16
5136.0	6.186764e-16
5137.0	5.811444e-16
5138.0	6.051599e-16
5139.0	6.018692e-16
5140.0	6.292908e-16
5141.0	6.84104e-16
5142.0	6.902315e-16
5143.0	6.892177e-16
5144.0	6.775214e-16
5145.0	6.884179e-16
5146.0	6.98817e-16
5147.0	6.058278e-16
5148.0	6.35933e-16
5149.0	6.657447e-16
5150.0	6.487043e-16
5151.0	6.44444e-16
5152.0	6.861772e-16
5153.0	7.157507e-16
5154.0	6.489308e-16
5155.0	6.363375e-16
5156.0	7.264758e-16
5157.0	7.358054e-16
5158.0	7.17458e-16
5159.0	7.264535e-16
5160.0	6.591205e-16
5161.0	7.493503e-16
5162.0	6.86235e-16
5163.0	6.693629e-16
5164.0	6.223686e-16
5165.0	6.027663e-16
5166.0	5.755224e-16
5167.0	6.147483e-16
5168.0	6.387642e-16
5169.0	6.340192e-16
5170.0	6.096518e-16
5171.0	5.96903e-16
5172.0	6.438608e-16
5173.0	6.83393e-16
5174.0	6.587403e-16
5175.0	6.966147e-16
5176.0	6.253763e-16
5177.0	5.94101e-16
5178.0	6.308777e-16
5179.0	6.839992e-16
5180.0	5.648292e-16
5181.0	6.281069e-16
5182.0	6.48813e-16
5183.0	7.121532e-16
5184.0	6.955799e-16
5185.0	7.366538e-16
5186.0	7.568085e-16
5187.0	7.540838e-16
5188.0	7.127209e-16
5189.0	7.370125e-16
5190.0	6.653858e-16
5191.0	6.344541e-16
5192.0	6.969418e-16
5193.0	6.352006e-16
5194.0	6.33361e-16
5195.0	6.0122e-16
5196.0	6.715779e-16
5197.0	6.816439e-16
5198.0	6.125085e-16
5199.0	6.804372e-16
5200.0	7.441708e-16
5201.0	7.620593e-16
5202.0	6.68578e-16
5203.0	6.378439e-16
5204.0	6.537201e-16
5205.0	7.000094e-16
5206.0	7.020547e-16
5207.0	6.629207e-16
5208.0	6.681183e-16
5209.0	6.585904e-16
5210.0	6.440776e-16
5211.0	7.022562e-16
5212.0	7.346563e-16
5213.0	6.600072e-16
5214.0	6.907831e-16
5215.0	7.339527e-16
5216.0	7.160278e-16
5217.0	7.695253e-16
5218.0	7.477758e-16
5219.0	7.329134e-16
5220.0	7.028226e-16
5221.0	7.19965e-16
5222.0	7.530061e-16
5223.0	6.692983e-16
5224.0	6.904749e-16
5225.0	7.690224e-16
5226.0	7.252831e-16
5227.0	5.967268e-16
5228.0	6.960684e-16
5229.0	7.112e-16
5230.0	6.700531e-16
5231.0	7.178564e-16
5232.0	7.602314e-16
5233.0	6.404455e-16
5234.0	7.173976e-16
5235.0	7.063255e-16
5236.0	7.598052e-16
5237.0	6.954461e-16
5238.0	6.96546e-16
5239.0	7.298376e-16
5240.0	6.985891e-16
5241.0	7.363024e-16
5242.0	7.30449e-16
5243.0	7.588263e-16
5244.0	7.942999e-16
5245.0	7.5178e-16
5246.0	7.692062e-16
5247.0	7.822201e-16
5248.0	7.683172e-16
5249.0	7.836686e-16
5250.0	7.628724e-16
5251.0	7.242989e-16
5252.0	7.444721e-16
5253.0	7.147883e-16
5254.0	6.998563e-16
5255.0	7.462908e-16
5256.0	6.854874e-16
5257.0	7.255615e-16
5258.0	7.563403e-16
5259.0	7.100599e-16
5260.0	7.73763e-16
5261.0	7.750013e-16
5262.0	6.970664e-16
5263.0	7.435707e-16
5264.0	8.240399e-16
5265.0	7.912161e-16
5266.0	7.068321e-16
5267.0	7.536513e-16
5268.0	7.931032e-16
5269.0	6.542858e-16
5270.0	6.713907e-16
5271.0	7.87282e-16
5272.0	8.099681e-16
5273.0	8.089865e-16
5274.0	7.123326e-16
5275.0	7.416249e-16
5276.0	7.393038e-16
5277.0	7.031317e-16
5278.0	6.996636e-16
5279.0	7.102181e-16
5280.0	6.967641e-16
5281.0	6.706519e-16
5282.0	6.706306e-16
5283.0	7.533559e-16
5284.0	7.865619e-16
5285.0	7.504136e-16
5286.0	7.525304e-16
5287.0	7.706018e-16
5288.0	7.333498e-16
5289.0	7.332311e-16
5290.0	7.962118e-16
5291.0	6.748419e-16
5292.0	7.013674e-16
5293.0	7.383803e-16
5294.0	6.984834e-16
5295.0	6.92437e-16
5296.0	7.744496e-16
5297.0	6.968691e-16
5298.0	7.150132e-16
5299.0	7.262127e-16
5300.0	7.650686e-16
5301.0	7.224155e-16
5302.0	6.124896e-16
5303.0	6.570801e-16
5304.0	6.578398e-16
5305.0	5.908178e-16
5306.0	6.423267e-16
5307.0	6.757673e-16
5308.0	6.858827e-16
5309.0	6.490957e-16
5310.0	6.387572e-16
5311.0	6.800624e-16
5312.0	6.521427e-16
5313.0	6.797305e-16
5314.0	7.262348e-16
5315.0	6.677805e-16
5316.0	6.465308e-16
5317.0	6.922206e-16
5318.0	6.498522e-16
5319.0	6.851806e-16
5320.0	6.999886e-16
5321.0	7.167976e-16
5322.0	6.734996e-16
5323.0	6.921357e-16
5324.0	6.961167e-16
5325.0	6.761018e-16
5326.0	6.343834e-16
5327.0	6.531412e-16
5328.0	6.374035e-16
5329.0	6.914411e-16
5330.0	6.405862e-16
5331.0	6.819317e-16
5332.0	6.368219e-16
5333.0	6.36037e-16
5334.0	6.540515e-16
5335.0	6.235523e-16
5336.0	5.750887e-16
5337.0	6.255626e-16
5338.0	7.051697e-16
5339.0	7.08492e-16
5340.0	6.537773e-16
5341.0	6.525874e-16
5342.0	6.390646e-16
5343.0	6.309715e-16
5344.0	6.935345e-16
5345.0	7.079534e-16
5346.0	6.912334e-16
5347.0	6.844621e-16
5348.0	7.023775e-16
5349.0	7.158169e-16
5350.0	6.763558e-16
5351.0	7.377841e-16
5352.0	7.369032e-16
5353.0	6.644475e-16
5354.0	7.059656e-16
5355.0	7.356218e-16
5356.0	6.855966e-16
5357.0	6.98314e-16
5358.0	7.674134e-16
5359.0	6.791587e-16
5360.0	7.52734e-16
5361.0	6.718079e-16
5362.0	6.173703e-16
5363.0	6.861355e-16
5364.0	7.311102e-16
5365.0	6.643418e-16
5366.0	7.186005e-16
5367.0	6.783732e-16
5368.0	6.435757e-16
5369.0	6.69423e-16
5370.0	6.665671e-16
5371.0	6.526552e-16
5372.0	6.720564e-16
5373.0	6.508596e-16
5374.0	6.264366e-16
5375.0	6.605952e-16
5376.0	7.330425e-16
5377.0	6.759095e-16
5378.0	6.530165e-16
5379.0	6.762577e-16
5380.0	6.57469e-16
5381.0	6.464144e-16
5382.0	6.685224e-16
5383.0	6.130727e-16
5384.0	6.366475e-16
5385.0	6.616595e-16
5386.0	6.681096e-16
5387.0	5.690571e-16
5388.0	6.070887e-16
5389.0	6.203305e-16
5390.0	6.075314e-16
5391.0	5.897498e-16
5392.0	5.474683e-16
5393.0	5.664577e-16
5394.0	6.050812e-16
5395.0	6.070266e-16
5396.0	6.311352e-16
5397.0	6.014797e-16
5398.0	5.896121e-16
5399.0	5.84335e-16
5400.0	5.243702e-16
5401.0	5.36796e-16
5402.0	6.251042e-16
5403.0	6.07877e-16
5404.0	5.790577e-16
5405.0	5.049134e-16
5406.0	5.623154e-16
5407.0	5.201565e-16
5408.0	5.2567e-16
5409.0	5.856211e-16
5410.0	5.094606e-16
5411.0	4.78057e-16
5412.0	5.234545e-16
5413.0	4.730276e-16
5414.0	5.030842e-16
5415.0	5.137711e-16
5416.0	5.267536e-16
5417.0	4.91219e-16
5418.0	5.404555e-16
5419.0	4.991651e-16
5420.0	5.085101e-16
5421.0	5.090663e-16
5422.0	5.314247e-16
5423.0	5.163977e-16
5424.0	5.01835e-16
5425.0	5.024633e-16
5426.0	5.266396e-16
5427.0	4.639855e-16
5428.0	4.491056e-16
5429.0	5.528998e-16
5430.0	5.148058e-16
5431.0	4.651709e-16
5432.0	5.148151e-16
5433.0	5.331913e-16
5434.0	5.177611e-16
5435.0	5.109139e-16
5436.0	5.022366e-16
5437.0	5.097745e-16
5438.0	5.029815e-16
5439.0	4.936969e-16
5440.0	4.843198e-16
5441.0	5.02902e-16
5442.0	5.266319e-16
5443.0	5.855189e-16
5444.0	5.850066e-16
5445.0	6.004886e-16
5446.0	5.541734e-16
5447.0	4.917533e-16
5448.0	4.962328e-16
5449.0	4.969832e-16
5450.0	4.866519e-16
5451.0	5.15484e-16
5452.0	4.530103e-16
5453.0	4.806618e-16
5454.0	5.176468e-16
5455.0	5.132902e-16
5456.0	5.2042e-16
5457.0	5.062099e-16
5458.0	4.991746e-16
5459.0	5.206075e-16
5460.0	4.458186e-16
5461.0	4.446874e-16
5462.0	4.93767e-16
5463.0	4.534253e-16
5464.0	4.066505e-16
5465.0	4.721072e-16
5466.0	5.481456e-16
5467.0	5.014986e-16
5468.0	4.990175e-16
5469.0	5.336339e-16
5470.0	5.324547e-16
5471.0	4.687171e-16
5472.0	4.699078e-16
5473.0	5.548295e-16
5474.0	4.763219e-16
5475.0	4.56532e-16
5476.0	5.322165e-16
5477.0	4.801994e-16
5478.0	4.511047e-16
5479.0	4.50791e-16
5480.0	5.055792e-16
5481.0	4.680368e-16
5482.0	4.565722e-16
5483.0	5.668827e-16
5484.0	5.683723e-16
5485.0	5.431404e-16
5486.0	5.172125e-16
5487.0	4.593615e-16
5488.0	5.362712e-16
5489.0	5.270801e-16
5490.0	5.563061e-16
5491.0	4.969817e-16
5492.0	5.294006e-16
5493.0	5.193005e-16
5494.0	5.188345e-16
5495.0	5.490672e-16
5496.0	5.15405e-16
5497.0	5.223812e-16
5498.0	5.288579e-16
5499.0	5.526433e-16
5500.0	5.611531e-16
5501.0	5.313513e-16
5502.0	5.697474e-16
5503.0	5.137893e-16
5504.0	4.936674e-16
5505.0	4.930278e-16
5506.0	5.363946e-16
5507.0	5.329329e-16
5508.0	4.879694e-16
5509.0	5.5148e-16
5510.0	5.682963e-16
5511.0	5.596854e-16
5512.0	5.018606e-16
5513.0	5.173116e-16
5514.0	4.763712e-16
5515.0	5.292063e-16
5516.0	5.471549e-16
5517.0	5.488014e-16
5518.0	5.587015e-16
5519.0	4.977643e-16
5520.0	5.064499e-16
5521.0	5.729419e-16
5522.0	5.982378e-16
5523.0	5.514124e-16
5524.0	5.948285e-16
5525.0	5.905693e-16
5526.0	5.894281e-16
5527.0	5.005235e-16
5528.0	5.282608e-16
5529.0	5.087628e-16
5530.0	4.979693e-16
5531.0	5.226012e-16
5532.0	5.510962e-16
5533.0	4.876076e-16
5534.0	5.167239e-16
5535.0	4.77694e-16
5536.0	4.706086e-16
5537.0	5.277879e-16
5538.0	5.741182e-16
5539.0	5.248181e-16
5540.0	5.172016e-16
5541.0	5.603e-16
5542.0	5.325942e-16
5543.0	4.758452e-16
5544.0	5.283297e-16
5545.0	5.477865e-16
5546.0	6.161652e-16
5547.0	5.858442e-16
5548.0	5.779462e-16
5549.0	5.501606e-16
5550.0	5.7394e-16
5551.0	6.033625e-16
5552.0	5.699817e-16
5553.0	5.872161e-16
5554.0	5.695141e-16
5555.0	6.043617e-16
5556.0	5.800775e-16
5557.0	5.046533e-16
5558.0	4.322296e-16
5559.0	4.86115e-16
5560.0	4.740959e-16
5561.0	4.785352e-16
5562.0	5.05912e-16
5563.0	5.476152e-16
5564.0	5.449681e-16
5565.0	5.636551e-16
5566.0	5.07832e-16
5567.0	5.176156e-16
5568.0	5.188048e-16
5569.0	5.691483e-16
5570.0	4.9372e-16
5571.0	4.568657e-16
5572.0	5.438283e-16
5573.0	5.279451e-16
5574.0	5.989054e-16
5575.0	4.856346e-16
5576.0	5.431902e-16
5577.0	4.41456e-16
5578.0	5.028771e-16
5579.0	5.158978e-16
5580.0	5.135254e-16
5581.0	5.411212e-16
5582.0	4.821407e-16
5583.0	4.833587e-16
5584.0	5.300803e-16
5585.0	4.66034e-16
5586.0	4.696847e-16
5587.0	4.691495e-16
5588.0	4.549715e-16
5589.0	4.384024e-16
5590.0	4.454392e-16
5591.0	4.898596e-16
5592.0	5.031923e-16
5593.0	4.804174e-16
5594.0	4.589511e-16
5595.0	4.438006e-16
5596.0	4.859003e-16
5597.0	3.834975e-16
5598.0	4.408169e-16
5599.0	4.412936e-16
5600.0	4.389771e-16
5601.0	4.55353e-16
5602.0	4.60312e-16
5603.0	4.554424e-16
5604.0	5.035983e-16
5605.0	4.630538e-16
5606.0	4.006754e-16
5607.0	3.909452e-16
5608.0	4.703019e-16
5609.0	4.027235e-16
5610.0	4.481745e-16
5611.0	4.570138e-16
5612.0	4.212293e-16
5613.0	3.482627e-16
5614.0	4.143863e-16
5615.0	4.863763e-16
5616.0	4.67568e-16
5617.0	4.504253e-16
5618.0	4.463781e-16
5619.0	3.779835e-16
5620.0	3.631582e-16
5621.0	4.198839e-16
5622.0	4.56934e-16
5623.0	4.679986e-16
5624.0	4.49699e-16
5625.0	3.806064e-16
5626.0	4.243992e-16
5627.0	4.30506e-16
5628.0	3.986426e-16
5629.0	4.708874e-16
5630.0	4.404203e-16
5631.0	4.201095e-16
5632.0	4.535586e-16
5633.0	4.462425e-16
5634.0	3.666021e-16
5635.0	4.240202e-16
5636.0	4.258062e-16
5637.0	4.375851e-16
5638.0	3.786967e-16
5639.0	4.093395e-16
5640.0	4.429299e-16
5641.0	4.382559e-16
5642.0	4.206806e-16
5643.0	4.705624e-16
5644.0	5.150403e-16
5645.0	4.407653e-16
5646.0	4.47583e-16
5647.0	4.639331e-16
5648.0	5.149229e-16
5649.0	4.190904e-16
5650.0	3.702888e-16
5651.0	4.204916e-16
5652.0	4.887796e-16
5653.0	4.549716e-16
5654.0	4.498356e-16
5655.0	4.403629e-16
5656.0	4.356993e-16
5657.0	4.691347e-16
5658.0	4.485615e-16
5659.0	4.447529e-16
5660.0	4.642298e-16
5661.0	4.745794e-16
5662.0	4.558043e-16
5663.0	5.405552e-16
5664.0	4.898963e-16
5665.0	4.200583e-16
5666.0	4.31407e-16
5667.0	4.662726e-16
5668.0	4.783303e-16
5669.0	5.130651e-16
5670.0	5.08379e-16
5671.0	4.879812e-16
5672.0	5.375903e-16
5673.0	4.957084e-16
5674.0	5.285544e-16
5675.0	5.001273e-16
5676.0	4.707216e-16
5677.0	5.040567e-16
5678.0	5.145638e-16
5679.0	5.137363e-16
5680.0	5.224005e-16
5681.0	4.968378e-16
5682.0	5.136314e-16
5683.0	5.507109e-16
5684.0	5.773206e-16
5685.0	5.880114e-16
5686.0	5.236798e-16
5687.0	5.290237e-16
5688.0	5.744057e-16
5689.0	5.615053e-16
5690.0	5.51783e-16
5691.0	5.705598e-16
5692.0	5.561706e-16
5693.0	5.404934e-16
5694.0	5.591355e-16
5695.0	5.361364e-16
5696.0	5.899854e-16
5697.0	5.592123e-16
5698.0	5.584555e-16
5699.0	6.149733e-16
5700.0	5.871566e-16
5701.0	5.220016e-16
5702.0	5.578974e-16
5703.0	5.79042e-16
5704.0	6.474681e-16
5705.0	6.202295e-16
5706.0	6.071435e-16
5707.0	6.321296e-16
5708.0	6.637366e-16
5709.0	6.070026e-16
5710.0	5.767711e-16
5711.0	6.041961e-16
5712.0	5.754225e-16
5713.0	6.086394e-16
5714.0	6.394931e-16
5715.0	6.53141e-16
5716.0	6.067924e-16
5717.0	5.498104e-16
5718.0	5.74141e-16
5719.0	6.4707e-16
5720.0	6.614661e-16
5721.0	5.91809e-16
5722.0	6.134377e-16
5723.0	5.904464e-16
5724.0	6.637867e-16
5725.0	6.494892e-16
5726.0	6.106103e-16
5727.0	5.831845e-16
5728.0	5.635412e-16
5729.0	5.964037e-16
5730.0	5.918227e-16
5731.0	6.00731e-16
5732.0	6.290962e-16
5733.0	5.830233e-16
5734.0	6.361382e-16
5735.0	6.060758e-16
5736.0	6.47408e-16
5737.0	5.963229e-16
5738.0	5.780484e-16
5739.0	5.758567e-16
5740.0	5.718293e-16
5741.0	6.089578e-16
5742.0	6.600707e-16
5743.0	5.471695e-16
5744.0	6.311226e-16
5745.0	6.061142e-16
5746.0	6.517882e-16
5747.0	6.554112e-16
5748.0	6.239518e-16
5749.0	6.557317e-16
5750.0	6.846167e-16
5751.0	5.664013e-16
5752.0	5.639246e-16
5753.0	6.405747e-16
5754.0	6.713577e-16
5755.0	5.978243e-16
5756.0	5.465826e-16
5757.0	5.696509e-16
5758.0	5.987468e-16
5759.0	6.118912e-16
5760.0	5.676545e-16
5761.0	5.616763e-16
5762.0	5.192161e-16
5763.0	4.667396e-16
5764.0	4.972864e-16
5765.0	5.824285e-16
5766.0	5.499857e-16
5767.0	5.735508e-16
5768.0	5.0723e-16
5769.0	5.371749e-16
5770.0	5.84555e-16
5771.0	5.978565e-16
5772.0	6.054439e-16
5773.0	5.886542e-16
5774.0	5.277983e-16
5775.0	5.647879e-16
5776.0	5.492187e-16
5777.0	5.951074e-16
5778.0	5.897009e-16
5779.0	6.014162e-16
5780.0	6.386407e-16
5781.0	6.038382e-16
5782.0	5.69409e-16
5783.0	5.474475e-16
5784.0	5.509588e-16
5785.0	5.724485e-16
5786.0	5.760758e-16
5787.0	5.44626e-16
5788.0	5.046485e-16
5789.0	5.548217e-16
5790.0	6.363061e-16
5791.0	6.676323e-16
5792.0	5.980292e-16
5793.0	5.401873e-16
5794.0	6.115746e-16
5795.0	5.433397e-16
5796.0	5.381171e-16
5797.0	5.603445e-16
5798.0	5.694619e-16
5799.0	5.993525e-16
5800.0	5.86485e-16
5801.0	6.222949e-16
5802.0	6.091218e-16
5803.0	5.91432e-16
5804.0	6.202321e-16
5805.0	6.000983e-16
5806.0	5.996334e-16
5807.0	5.494381e-16
5808.0	6.120742e-16
5809.0	5.751424e-16
5810.0	6.028031e-16
5811.0	5.954543e-16
5812.0	5.77309e-16
5813.0	6.030657e-16
5814.0	5.760818e-16
5815.0	5.807011e-16
5816.0	6.031258e-16
5817.0	5.135089e-16
5818.0	5.329848e-16
5819.0	6.056526e-16
5820.0	5.801114e-16
5821.0	5.911285e-16
5822.0	6.011713e-16
5823.0	5.537608e-16
5824.0	6.530028e-16
5825.0	6.592135e-16
5826.0	6.286494e-16
5827.0	5.72877e-16
5828.0	5.722437e-16
5829.0	5.158866e-16
5830.0	5.77494e-16
5831.0	5.498677e-16
5832.0	5.727987e-16
5833.0	5.340267e-16
5834.0	5.227611e-16
5835.0	5.931134e-16
5836.0	5.590865e-16
5837.0	5.271908e-16
5838.0	5.766266e-16
5839.0	5.7979e-16
5840.0	5.27325e-16
5841.0	5.453972e-16
5842.0	5.179823e-16
5843.0	5.981536e-16
5844.0	5.740557e-16
5845.0	5.158676e-16
5846.0	5.426991e-16
5847.0	5.231309e-16
5848.0	5.969603e-16
5849.0	5.882337e-16
5850.0	5.650469e-16
5851.0	5.444269e-16
5852.0	5.897117e-16
5853.0	5.501114e-16
5854.0	5.318253e-16
5855.0	5.578157e-16
5856.0	5.200314e-16
5857.0	4.627168e-16
5858.0	5.353363e-16
5859.0	5.528017e-16
5860.0	5.015321e-16
5861.0	5.169928e-16
5862.0	5.134084e-16
5863.0	4.718817e-16
5864.0	5.512904e-16
5865.0	4.497191e-16
5866.0	5.160466e-16
5867.0	5.328428e-16
5868.0	4.936074e-16
5869.0	4.89815e-16
5870.0	4.874678e-16
5871.0	4.883862e-16
5872.0	4.677134e-16
5873.0	4.540504e-16
5874.0	4.968327e-16
5875.0	4.633925e-16
5876.0	4.170723e-16
5877.0	4.932568e-16
5878.0	4.909768e-16
5879.0	4.51839e-16
5880.0	4.805191e-16
5881.0	4.156942e-16
5882.0	4.133278e-16
5883.0	3.724691e-16
5884.0	3.7642e-16
5885.0	4.577601e-16
5886.0	4.36996e-16
5887.0	4.051257e-16
5888.0	4.341187e-16
5889.0	4.76137e-16
5890.0	5.162344e-16
5891.0	4.491183e-16
5892.0	4.058031e-16
5893.0	3.735489e-16
5894.0	4.220362e-16
5895.0	4.187208e-16
5896.0	4.236739e-16
5897.0	4.076447e-16
5898.0	4.03456e-16
5899.0	4.282913e-16
5900.0	4.241616e-16
5901.0	4.114922e-16
5902.0	3.776688e-16
5903.0	4.458336e-16
5904.0	3.936992e-16
5905.0	4.117953e-16
5906.0	4.02996e-16
5907.0	3.807925e-16
5908.0	4.516354e-16
5909.0	4.464908e-16
5910.0	4.287682e-16
5911.0	4.128569e-16
5912.0	4.027824e-16
5913.0	4.411618e-16
5914.0	3.994868e-16
5915.0	3.812671e-16
5916.0	4.66255e-16
5917.0	4.249306e-16
5918.0	4.289845e-16
5919.0	4.667233e-16
5920.0	4.166367e-16
5921.0	4.182613e-16
5922.0	3.885083e-16
5923.0	4.579053e-16
5924.0	4.779685e-16
5925.0	4.057515e-16
5926.0	4.004235e-16
5927.0	4.205363e-16
5928.0	4.313656e-16
5929.0	4.025655e-16
5930.0	4.684383e-16
5931.0	4.499726e-16
5932.0	4.232518e-16
5933.0	4.08503e-16
5934.0	4.677782e-16
5935.0	4.798827e-16
5936.0	4.789918e-16
5937.0	4.422338e-16
5938.0	4.753841e-16
5939.0	4.579227e-16
5940.0	4.93804e-16
5941.0	4.542627e-16
5942.0	4.153216e-16
5943.0	4.887157e-16
5944.0	4.338059e-16
5945.0	4.711959e-16
5946.0	4.02289e-16
5947.0	3.993013e-16
5948.0	4.558126e-16
5949.0	5.231707e-16
5950.0	4.880002e-16
5951.0	4.307344e-16
5952.0	4.514834e-16
5953.0	4.420837e-16
5954.0	4.735199e-16
5955.0	4.092246e-16
5956.0	4.229713e-16
5957.0	4.769041e-16
5958.0	4.334675e-16
5959.0	4.850744e-16
5960.0	4.716584e-16
5961.0	5.04783e-16
5962.0	4.888091e-16
5963.0	4.554272e-16
5964.0	4.896163e-16
5965.0	4.839811e-16
5966.0	5.096049e-16
5967.0	4.865772e-16
5968.0	4.256643e-16
5969.0	4.755875e-16
5970.0	4.732009e-16
5971.0	4.493651e-16
5972.0	5.03429e-16
5973.0	4.647018e-16
5974.0	4.668141e-16
5975.0	5.553072e-16
5976.0	5.763256e-16
5977.0	5.141819e-16
5978.0	5.504857e-16
5979.0	4.645214e-16
5980.0	4.766111e-16
5981.0	5.223755e-16
5982.0	5.822518e-16
5983.0	5.318008e-16
5984.0	4.869902e-16
5985.0	5.114567e-16
5986.0	5.049006e-16
5987.0	4.901181e-16
5988.0	5.058156e-16
5989.0	5.340284e-16
5990.0	5.038204e-16
5991.0	5.664476e-16
5992.0	5.69708e-16
5993.0	5.151377e-16
5994.0	5.19167e-16
5995.0	5.88631e-16
5996.0	5.873288e-16
5997.0	5.504029e-16
5998.0	4.999169e-16
5999.0	5.169344e-16
6000.0	5.068472e-16
6001.0	5.209988e-16
6002.0	5.159189e-16
6003.0	5.352182e-16
6004.0	5.71806e-16
6005.0	6.017713e-16
6006.0	5.202337e-16
6007.0	4.926887e-16
6008.0	5.457971e-16
6009.0	5.419806e-16
6010.0	5.248318e-16
6011.0	5.075292e-16
6012.0	5.174002e-16
6013.0	6.186475e-16
6014.0	5.990041e-16
6015.0	5.317105e-16
6016.0	5.153953e-16
6017.0	5.49164e-16
6018.0	5.922277e-16
6019.0	5.790249e-16
6020.0	5.718774e-16
6021.0	5.607009e-16
6022.0	6.038047e-16
6023.0	5.983136e-16
6024.0	5.489698e-16
6025.0	5.680266e-16
6026.0	5.671597e-16
6027.0	6.066027e-16
6028.0	6.034461e-16
6029.0	5.569457e-16
6030.0	5.723563e-16
6031.0	5.47065e-16
6032.0	5.981394e-16
6033.0	5.557775e-16
6034.0	5.995517e-16
6035.0	5.522205e-16
6036.0	5.165965e-16
6037.0	6.201661e-16
6038.0	6.487154e-16
6039.0	6.089637e-16
6040.0	5.71802e-16
6041.0	5.462728e-16
6042.0	6.107732e-16
6043.0	6.25627e-16
6044.0	5.657164e-16
6045.0	5.898918e-16
6046.0	5.295733e-16
6047.0	5.804058e-16
6048.0	6.106845e-16
6049.0	6.341083e-16
6050.0	6.113144e-16
6051.0	6.043115e-16
6052.0	6.009011e-16
6053.0	5.772805e-16
6054.0	5.810617e-16
6055.0	5.554503e-16
6056.0	4.87342e-16
6057.0	5.508237e-16
6058.0	5.513789e-16
6059.0	5.695168e-16
6060.0	5.746466e-16
6061.0	5.85532e-16
6062.0	5.438768e-16
6063.0	5.462516e-16
6064.0	5.533864e-16
6065.0	5.475725e-16
6066.0	5.335961e-16
6067.0	5.833252e-16
6068.0	5.542589e-16
6069.0	5.580388e-16
6070.0	5.505257e-16
6071.0	5.184565e-16
6072.0	5.521819e-16
6073.0	5.410178e-16
6074.0	5.421673e-16
6075.0	5.148529e-16
6076.0	5.619762e-16
6077.0	5.996591e-16
6078.0	5.871377e-16
6079.0	5.57007e-16
6080.0	5.352597e-16
6081.0	5.712707e-16
6082.0	5.840706e-16
6083.0	5.512259e-16
6084.0	6.280415e-16
6085.0	6.332867e-16
6086.0	5.951646e-16
6087.0	6.128981e-16
6088.0	6.224505e-16
6089.0	6.203857e-16
6090.0	6.244075e-16
6091.0	5.918933e-16
6092.0	5.524695e-16
6093.0	5.492357e-16
6094.0	5.147282e-16
6095.0	6.31331e-16
6096.0	6.001674e-16
6097.0	5.737057e-16
6098.0	6.644253e-16
6099.0	5.696088e-16
6100.0	5.648384e-16
6101.0	5.593855e-16
6102.0	5.581336e-16
6103.0	5.461981e-16
6104.0	5.061082e-16
6105.0	5.285517e-16
6106.0	6.218114e-16
6107.0	6.577551e-16
6108.0	5.984412e-16
6109.0	5.370597e-16
6110.0	5.70945e-16
6111.0	6.016127e-16
6112.0	6.061043e-16
6113.0	5.720786e-16
6114.0	5.719622e-16
6115.0	6.355822e-16
6116.0	6.013035e-16
6117.0	5.719644e-16
6118.0	5.701139e-16
6119.0	5.196483e-16
6120.0	5.134048e-16
6121.0	5.685885e-16
6122.0	5.251235e-16
6123.0	4.991309e-16
6124.0	5.4542e-16
6125.0	5.359795e-16
6126.0	5.184651e-16
6127.0	5.576893e-16
6128.0	5.485126e-16
6129.0	5.546745e-16
6130.0	4.61857e-16
6131.0	4.654785e-16
6132.0	4.87342e-16
6133.0	5.105301e-16
6134.0	5.371773e-16
6135.0	4.958589e-16
6136.0	5.164469e-16
6137.0	4.807382e-16
6138.0	5.543292e-16
6139.0	5.350636e-16
6140.0	4.590605e-16
6141.0	4.623582e-16
6142.0	4.483846e-16
6143.0	4.667209e-16
6144.0	5.413207e-16
6145.0	4.855965e-16
6146.0	4.789262e-16
6147.0	4.852033e-16
6148.0	4.839257e-16
6149.0	4.647762e-16
6150.0	4.742301e-16
6151.0	4.25623e-16
6152.0	4.590678e-16
6153.0	4.780129e-16
6154.0	4.419335e-16
6155.0	4.904003e-16
6156.0	4.73773e-16
6157.0	4.21673e-16
6158.0	3.80946e-16
6159.0	3.937955e-16
6160.0	4.00803e-16
6161.0	3.727158e-16
6162.0	4.274558e-16
6163.0	4.399319e-16
6164.0	4.386583e-16
6165.0	4.36144e-16
6166.0	3.768979e-16
6167.0	3.994883e-16
6168.0	4.149519e-16
6169.0	3.548006e-16
6170.0	4.129152e-16
6171.0	3.540361e-16
6172.0	3.884708e-16
6173.0	4.076343e-16
6174.0	3.936897e-16
6175.0	3.486105e-16
6176.0	3.351588e-16
6177.0	3.748725e-16
6178.0	3.146695e-16
6179.0	3.241478e-16
6180.0	3.548167e-16
6181.0	3.651251e-16
6182.0	3.860262e-16
6183.0	3.297143e-16
6184.0	3.366048e-16
6185.0	3.184374e-16
6186.0	3.824263e-16
6187.0	3.117485e-16
6188.0	3.056281e-16
6189.0	2.987206e-16
6190.0	3.184705e-16
6191.0	3.543535e-16
6192.0	3.415901e-16
6193.0	3.391074e-16
6194.0	3.649035e-16
6195.0	3.555545e-16
6196.0	3.30214e-16
6197.0	2.926086e-16
6198.0	3.232151e-16
6199.0	3.638016e-16
6200.0	3.439136e-16
6201.0	3.400088e-16
6202.0	3.242762e-16
6203.0	2.848617e-16
6204.0	3.514668e-16
6205.0	2.567711e-16
6206.0	2.508547e-16
6207.0	2.59123e-16
6208.0	2.875033e-16
6209.0	2.890691e-16
6210.0	3.061944e-16
6211.0	3.037403e-16
6212.0	3.064262e-16
6213.0	3.269478e-16
6214.0	3.353696e-16
6215.0	2.830736e-16
6216.0	2.462143e-16
6217.0	2.870763e-16
6218.0	3.457782e-16
6219.0	2.694246e-16
6220.0	2.516905e-16
6221.0	2.737875e-16
6222.0	2.456577e-16
6223.0	2.397015e-16
6224.0	2.836006e-16
6225.0	2.792471e-16
6226.0	2.822594e-16
6227.0	2.794507e-16
6228.0	2.673269e-16
6229.0	2.833089e-16
6230.0	2.916016e-16
6231.0	2.507091e-16
6232.0	2.815653e-16
6233.0	3.069649e-16
6234.0	2.940298e-16
6235.0	2.096331e-16
6236.0	2.531763e-16
6237.0	3.051234e-16
6238.0	2.4414e-16
6239.0	2.001509e-16
6240.0	2.959034e-16
6241.0	2.678193e-16
6242.0	2.564422e-16
6243.0	2.509028e-16
6244.0	2.104169e-16
6245.0	2.344898e-16
6246.0	2.357827e-16
6247.0	2.212761e-16
6248.0	2.547925e-16
6249.0	2.09351e-16
6250.0	2.468383e-16
6251.0	2.213677e-16
6252.0	2.25453e-16
6253.0	2.357081e-16
6254.0	2.311137e-16
6255.0	2.174941e-16
6256.0	2.233404e-16
6257.0	2.766318e-16
6258.0	2.332116e-16
6259.0	2.414614e-16
6260.0	2.167677e-16
6261.0	2.187176e-16
6262.0	2.69795e-16
6263.0	2.732974e-16
6264.0	2.398407e-16
6265.0	2.879666e-16
6266.0	2.732382e-16
6267.0	1.952773e-16
6268.0	1.604377e-16
6269.0	2.167045e-16
6270.0	2.307524e-16
6271.0	2.635618e-16
6272.0	2.1568e-16
6273.0	2.099848e-16
6274.0	2.268637e-16
6275.0	1.949088e-16
6276.0	2.031195e-16
6277.0	2.199905e-16
6278.0	2.536706e-16
6279.0	2.610832e-16
6280.0	2.805616e-16
6281.0	2.18714e-16
6282.0	2.562261e-16
6283.0	1.873035e-16
6284.0	1.967643e-16
6285.0	2.780046e-16
6286.0	2.247823e-16
6287.0	1.903306e-16
6288.0	2.051063e-16
6289.0	2.834346e-16
6290.0	2.301755e-16
6291.0	2.510025e-16
6292.0	2.75794e-16
6293.0	2.404371e-16
6294.0	2.155284e-16
6295.0	2.082159e-16
6296.0	2.162673e-16
6297.0	2.415276e-16
6298.0	2.648826e-16
6299.0	2.72748e-16
6300.0	2.82447e-16
6301.0	2.307699e-16
6302.0	2.632557e-16
6303.0	2.185479e-16
6304.0	1.716725e-16
6305.0	1.745382e-16
6306.0	2.545291e-16
6307.0	2.608252e-16
6308.0	2.481768e-16
6309.0	2.776253e-16
6310.0	2.530582e-16
6311.0	2.607934e-16
6312.0	1.943743e-16
6313.0	2.466874e-16
6314.0	2.595114e-16
6315.0	2.320186e-16
6316.0	2.277723e-16
6317.0	2.25167e-16
6318.0	2.55401e-16
6319.0	2.244283e-16
6320.0	2.823321e-16
6321.0	2.203152e-16
6322.0	2.518071e-16
6323.0	3.07418e-16
6324.0	2.578847e-16
6325.0	2.280134e-16
6326.0	2.417876e-16
6327.0	2.302232e-16
6328.0	2.478066e-16
6329.0	2.554043e-16
6330.0	2.610144e-16
6331.0	2.219009e-16
6332.0	3.054052e-16
6333.0	2.981189e-16
6334.0	2.406515e-16
6335.0	2.611854e-16
6336.0	3.016547e-16
6337.0	2.905153e-16
6338.0	2.71236e-16
6339.0	3.092007e-16
6340.0	3.018584e-16
6341.0	2.53838e-16
6342.0	2.700371e-16
6343.0	2.350481e-16
6344.0	2.707429e-16
6345.0	2.639763e-16
6346.0	3.208882e-16
6347.0	2.898665e-16
6348.0	2.788624e-16
6349.0	2.69134e-16
6350.0	2.850401e-16
6351.0	3.292939e-16
6352.0	3.316475e-16
6353.0	3.192685e-16
6354.0	3.015799e-16
6355.0	3.236893e-16
6356.0	2.605921e-16
6357.0	2.811619e-16
6358.0	3.257696e-16
6359.0	3.218819e-16
6360.0	3.135674e-16
6361.0	3.218861e-16
6362.0	3.555927e-16
6363.0	3.137572e-16
6364.0	3.172819e-16
6365.0	3.215482e-16
6366.0	3.454662e-16
6367.0	3.440484e-16
6368.0	3.039221e-16
6369.0	2.946904e-16
6370.0	3.589208e-16
6371.0	3.636802e-16
6372.0	3.484058e-16
6373.0	3.107926e-16
6374.0	3.702392e-16
6375.0	3.347678e-16
6376.0	3.481063e-16
6377.0	3.95957e-16
6378.0	3.246182e-16
6379.0	3.784775e-16
6380.0	3.661193e-16
6381.0	3.597422e-16
6382.0	3.422142e-16
6383.0	3.816053e-16
6384.0	4.061135e-16
6385.0	3.408209e-16
6386.0	3.248691e-16
6387.0	4.139195e-16
6388.0	4.407484e-16
6389.0	3.584816e-16
6390.0	3.962563e-16
6391.0	4.034329e-16
6392.0	4.182035e-16
6393.0	3.659101e-16
6394.0	3.895101e-16
6395.0	4.772255e-16
6396.0	4.136906e-16
6397.0	3.887866e-16
6398.0	4.131628e-16
6399.0	3.857568e-16
6400.0	3.732248e-16
6401.0	4.170008e-16
6402.0	4.452845e-16
6403.0	3.663609e-16
6404.0	4.208299e-16
6405.0	4.060617e-16
6406.0	4.314029e-16
6407.0	3.641742e-16
6408.0	4.368167e-16
6409.0	4.204804e-16
6410.0	4.18419e-16
6411.0	4.78872e-16
6412.0	4.761625e-16
6413.0	4.462857e-16
6414.0	4.19256e-16
6415.0	4.633804e-16
6416.0	4.462785e-16
6417.0	4.143205e-16
6418.0	4.653466e-16
6419.0	4.647479e-16
6420.0	4.359036e-16
6421.0	4.356456e-16
6422.0	5.010559e-16
6423.0	4.814785e-16
6424.0	4.499984e-16
6425.0	4.344101e-16
6426.0	5.114934e-16
6427.0	4.831083e-16
6428.0	5.656674e-16
6429.0	5.077793e-16
6430.0	4.801165e-16
6431.0	5.027406e-16
6432.0	4.989443e-16
6433.0	5.214389e-16
6434.0	5.00973e-16
6435.0	4.94788e-16
6436.0	5.257226e-16
6437.0	4.673378e-16
6438.0	5.302891e-16
6439.0	4.629667e-16
6440.0	4.808915e-16
6441.0	4.75497e-16
6442.0	5.49705e-16
6443.0	5.077539e-16
6444.0	5.472438e-16
6445.0	5.056274e-16
6446.0	5.042352e-16
6447.0	5.325737e-16
6448.0	4.7039e-16
6449.0	4.590464e-16
6450.0	5.208846e-16
6451.0	5.321799e-16
6452.0	4.956707e-16
6453.0	5.355697e-16
6454.0	5.467422e-16
6455.0	5.513394e-16
6456.0	5.075157e-16
6457.0	5.148803e-16
6458.0	5.469478e-16
6459.0	5.608381e-16
6460.0	5.594943e-16
6461.0	5.292592e-16
6462.0	5.308586e-16
6463.0	5.248228e-16
6464.0	5.194488e-16
6465.0	5.609154e-16
6466.0	5.717482e-16
6467.0	5.675579e-16
6468.0	5.531216e-16
6469.0	5.599607e-16
6470.0	5.604248e-16
6471.0	5.130459e-16
6472.0	5.341682e-16
6473.0	5.840382e-16
6474.0	5.424112e-16
6475.0	6.062346e-16
6476.0	5.640468e-16
6477.0	5.512268e-16
6478.0	5.529483e-16
6479.0	5.616876e-16
6480.0	6.045167e-16
6481.0	5.720253e-16
6482.0	5.500438e-16
6483.0	5.504037e-16
6484.0	6.055434e-16
6485.0	5.758678e-16
6486.0	5.640842e-16
6487.0	5.283308e-16
6488.0	5.179231e-16
6489.0	5.934953e-16
6490.0	5.611127e-16
6491.0	5.972246e-16
6492.0	5.977073e-16
6493.0	5.828346e-16
6494.0	6.05833e-16
6495.0	5.682074e-16
6496.0	5.424028e-16
6497.0	5.535324e-16
6498.0	6.134608e-16
6499.0	6.224243e-16
6500.0	6.524124e-16
6501.0	6.191826e-16
6502.0	6.404973e-16
6503.0	5.876671e-16
6504.0	5.866593e-16
6505.0	6.117557e-16
6506.0	5.323873e-16
6507.0	5.62448e-16
6508.0	6.327575e-16
6509.0	5.747292e-16
6510.0	5.445291e-16
6511.0	6.030581e-16
6512.0	6.054239e-16
6513.0	6.208048e-16
6514.0	5.613712e-16
6515.0	5.407182e-16
6516.0	5.835052e-16
6517.0	5.957288e-16
6518.0	5.940071e-16
6519.0	5.673932e-16
6520.0	6.142631e-16
6521.0	6.343098e-16
6522.0	5.651649e-16
6523.0	6.064391e-16
6524.0	6.237276e-16
6525.0	6.003082e-16
6526.0	5.767407e-16
6527.0	5.999727e-16
6528.0	5.964681e-16
6529.0	6.034272e-16
6530.0	5.921556e-16
6531.0	5.99768e-16
6532.0	6.132186e-16
6533.0	5.689392e-16
6534.0	5.139276e-16
6535.0	5.287163e-16
6536.0	5.774548e-16
6537.0	5.863424e-16
6538.0	5.383693e-16
6539.0	6.093935e-16
6540.0	6.347974e-16
6541.0	5.958482e-16
6542.0	5.998255e-16
6543.0	5.880059e-16
6544.0	5.71345e-16
6545.0	5.175202e-16
6546.0	5.81702e-16
6547.0	5.890974e-16
6548.0	5.731927e-16
6549.0	5.886889e-16
6550.0	6.384304e-16
6551.0	6.233671e-16
6552.0	5.342462e-16
6553.0	5.176197e-16
6554.0	5.250581e-16
6555.0	5.918758e-16
6556.0	5.499745e-16
6557.0	5.394516e-16
6558.0	6.325896e-16
6559.0	6.127435e-16
6560.0	5.60826e-16
6561.0	5.483783e-16
6562.0	5.3847e-16
6563.0	5.417711e-16
6564.0	5.313437e-16
6565.0	5.554577e-16
6566.0	5.613369e-16
6567.0	5.801314e-16
6568.0	5.51877e-16
6569.0	6.075947e-16
6570.0	6.185648e-16
6571.0	5.72445e-16
6572.0	5.407197e-16
6573.0	5.388061e-16
6574.0	5.410295e-16
6575.0	4.935166e-16
6576.0	5.345985e-16
6577.0	4.735737e-16
6578.0	5.316427e-16
6579.0	5.510849e-16
6580.0	5.814433e-16
6581.0	5.643485e-16
6582.0	5.135897e-16
6583.0	5.730834e-16
6584.0	5.812525e-16
6585.0	5.605485e-16
6586.0	5.778115e-16
6587.0	5.89233e-16
6588.0	5.424186e-16
6589.0	5.885121e-16
6590.0	5.907808e-16
6591.0	5.316971e-16
6592.0	5.606615e-16
6593.0	5.597253e-16
6594.0	5.108736e-16
6595.0	5.995441e-16
6596.0	5.625241e-16
6597.0	5.410722e-16
6598.0	5.683089e-16
6599.0	5.736179e-16
6600.0	5.057259e-16
6601.0	5.234095e-16
6602.0	5.820474e-16
6603.0	5.416149e-16
6604.0	5.383572e-16
6605.0	5.65687e-16
6606.0	5.368344e-16
6607.0	5.229814e-16
6608.0	5.480268e-16
6609.0	5.512414e-16
6610.0	5.489497e-16
6611.0	5.126056e-16
6612.0	5.698735e-16
6613.0	5.8445e-16
6614.0	5.342089e-16
6615.0	5.471004e-16
6616.0	5.553779e-16
6617.0	5.581765e-16
6618.0	5.157496e-16
6619.0	5.572101e-16
6620.0	5.768332e-16
6621.0	5.539664e-16
6622.0	5.112113e-16
6623.0	5.449803e-16
6624.0	5.275218e-16
6625.0	5.070521e-16
6626.0	5.763003e-16
6627.0	5.738431e-16
6628.0	5.096543e-16
6629.0	4.881844e-16
6630.0	4.897357e-16
6631.0	4.923369e-16
6632.0	5.459517e-16
6633.0	5.736321e-16
6634.0	5.399827e-16
6635.0	5.270096e-16
6636.0	5.017346e-16
6637.0	4.847339e-16
6638.0	5.146708e-16
6639.0	5.095621e-16
6640.0	4.99005e-16
6641.0	4.846616e-16
6642.0	5.466658e-16
6643.0	4.886353e-16
6644.0	4.574854e-16
6645.0	5.15507e-16
6646.0	5.424607e-16
6647.0	5.071114e-16
6648.0	5.523798e-16
6649.0	5.3804e-16
6650.0	4.978688e-16
6651.0	5.288577e-16
6652.0	5.201402e-16
6653.0	5.313208e-16
6654.0	5.288815e-16
6655.0	5.126629e-16
6656.0	5.070276e-16
6657.0	5.067983e-16
6658.0	5.485602e-16
6659.0	4.822657e-16
6660.0	5.535726e-16
6661.0	5.234808e-16
6662.0	4.605155e-16
6663.0	4.856859e-16
6664.0	5.165902e-16
6665.0	5.143713e-16
6666.0	5.102997e-16
6667.0	5.310075e-16
6668.0	5.301526e-16
6669.0	5.076328e-16
6670.0	4.901674e-16
6671.0	5.070184e-16
6672.0	5.033726e-16
6673.0	4.802301e-16
6674.0	4.810652e-16
6675.0	5.117856e-16
6676.0	4.804889e-16
6677.0	5.088305e-16
6678.0	5.443143e-16
6679.0	5.115586e-16
6680.0	4.838485e-16
6681.0	5.728668e-16
6682.0	5.035315e-16
6683.0	4.734261e-16
6684.0	4.932404e-16
6685.0	5.420202e-16
6686.0	5.458987e-16
6687.0	4.785069e-16
6688.0	5.164685e-16
6689.0	4.936109e-16
6690.0	4.794836e-16
6691.0	4.790573e-16
6692.0	4.860187e-16
6693.0	4.674704e-16
6694.0	5.227221e-16
6695.0	5.077734e-16
6696.0	5.249861e-16
6697.0	4.740626e-16
6698.0	4.530852e-16
6699.0	4.487402e-16
6700.0	4.946041e-16
6701.0	5.006194e-16
6702.0	4.748799e-16
6703.0	4.796051e-16
6704.0	4.548869e-16
6705.0	4.865296e-16
6706.0	5.051094e-16
6707.0	5.052066e-16
6708.0	5.193407e-16
6709.0	5.137674e-16
6710.0	5.065095e-16
6711.0	5.038458e-16
6712.0	5.090816e-16
6713.0	4.593989e-16
6714.0	4.536618e-16
6715.0	5.114349e-16
6716.0	4.649849e-16
6717.0	5.139896e-16
6718.0	5.380857e-16
6719.0	4.949873e-16
6720.0	4.41104e-16
6721.0	4.529338e-16
6722.0	5.324959e-16
6723.0	5.26744e-16
6724.0	5.488201e-16
6725.0	5.119751e-16
6726.0	4.799104e-16
6727.0	4.898912e-16
6728.0	4.936633e-16
6729.0	4.492823e-16
6730.0	4.716728e-16
6731.0	4.972672e-16
6732.0	5.106884e-16
6733.0	4.78345e-16
6734.0	4.921391e-16
6735.0	4.889558e-16
6736.0	4.96731e-16
6737.0	4.727871e-16
6738.0	5.233412e-16
6739.0	4.640891e-16
6740.0	4.944753e-16
6741.0	4.444103e-16
6742.0	5.030531e-16
6743.0	4.448193e-16
6744.0	4.76834e-16
6745.0	4.931839e-16
6746.0	4.388289e-16
6747.0	4.5785e-16
6748.0	5.157956e-16
6749.0	4.261498e-16
6750.0	4.30856e-16
6751.0	5.07837e-16
6752.0	4.80479e-16
6753.0	4.527215e-16
6754.0	4.89987e-16
6755.0	4.814195e-16
6756.0	4.366792e-16
6757.0	4.350737e-16
6758.0	4.936916e-16
6759.0	4.511668e-16
6760.0	4.566281e-16
6761.0	4.720409e-16
6762.0	5.000354e-16
6763.0	4.207876e-16
6764.0	4.457703e-16
6765.0	4.584463e-16
6766.0	4.861012e-16
6767.0	4.83021e-16
6768.0	4.999921e-16
6769.0	5.006557e-16
6770.0	4.531618e-16
6771.0	4.198923e-16
6772.0	4.337428e-16
6773.0	4.662766e-16
6774.0	4.925371e-16
6775.0	4.856464e-16
6776.0	5.080656e-16
6777.0	4.673286e-16
6778.0	4.227905e-16
6779.0	4.552878e-16
6780.0	4.460868e-16
6781.0	5.038431e-16
6782.0	5.532117e-16
6783.0	4.504942e-16
6784.0	3.990836e-16
6785.0	4.733261e-16
6786.0	4.174062e-16
6787.0	4.192118e-16
6788.0	4.020361e-16
6789.0	4.679726e-16
6790.0	4.520308e-16
6791.0	4.379407e-16
6792.0	4.608201e-16
6793.0	5.085945e-16
6794.0	4.434809e-16
6795.0	4.334007e-16
6796.0	4.286297e-16
6797.0	4.802091e-16
6798.0	4.547324e-16
6799.0	4.59974e-16
6800.0	4.405749e-16
6801.0	4.810959e-16
6802.0	4.869526e-16
6803.0	4.862595e-16
6804.0	4.382093e-16
6805.0	5.081881e-16
6806.0	5.215832e-16
6807.0	4.65172e-16
6808.0	4.420613e-16
6809.0	4.673274e-16
6810.0	4.551194e-16
6811.0	4.496071e-16
6812.0	4.655763e-16
6813.0	4.83015e-16
6814.0	4.355127e-16
6815.0	4.559277e-16
6816.0	5.046679e-16
6817.0	4.405601e-16
6818.0	3.98044e-16
6819.0	3.910224e-16
6820.0	4.413311e-16
6821.0	4.873588e-16
6822.0	5.091893e-16
6823.0	4.499077e-16
6824.0	4.268853e-16
6825.0	4.323681e-16
6826.0	4.5189e-16
6827.0	4.589951e-16
6828.0	4.449772e-16
6829.0	4.307655e-16
6830.0	4.421195e-16
6831.0	4.535071e-16
6832.0	4.448957e-16
6833.0	4.056328e-16
6834.0	3.99656e-16
6835.0	3.792942e-16
6836.0	4.564561e-16
6837.0	4.339146e-16
6838.0	4.159638e-16
6839.0	4.420569e-16
6840.0	4.639211e-16
6841.0	4.142852e-16
6842.0	4.475012e-16
6843.0	4.370155e-16
6844.0	4.216976e-16
6845.0	4.394014e-16
6846.0	4.628369e-16
6847.0	4.291657e-16
6848.0	3.80193e-16
6849.0	4.064748e-16
6850.0	4.642863e-16
6851.0	4.156486e-16
6852.0	4.31187e-16
6853.0	4.963974e-16
6854.0	4.727268e-16
6855.0	4.27272e-16
6856.0	4.500812e-16
6857.0	4.380005e-16
6858.0	4.099715e-16
6859.0	4.078123e-16
6860.0	4.431307e-16
6861.0	4.020848e-16
6862.0	3.661033e-16
6863.0	4.076525e-16
6864.0	3.927476e-16
6865.0	4.32181e-16
6866.0	4.315088e-16
6867.0	4.182563e-16
6868.0	4.081954e-16
6869.0	4.334068e-16
6870.0	4.46147e-16
6871.0	4.074149e-16
6872.0	3.873131e-16
6873.0	4.174536e-16
6874.0	4.323642e-16
6875.0	4.388507e-16
6876.0	4.216324e-16
6877.0	4.604712e-16
6878.0	4.142063e-16
6879.0	4.032069e-16
6880.0	4.637135e-16
6881.0	4.443283e-16
6882.0	4.836065e-16
6883.0	4.709003e-16
6884.0	4.08584e-16
6885.0	3.957315e-16
6886.0	4.651977e-16
6887.0	4.065456e-16
6888.0	3.743031e-16
6889.0	3.902695e-16
6890.0	4.741797e-16
6891.0	4.368828e-16
6892.0	4.664936e-16
6893.0	4.740462e-16
6894.0	4.631792e-16
6895.0	3.730982e-16
6896.0	3.783593e-16
6897.0	4.462371e-16
6898.0	3.630564e-16
6899.0	4.806252e-16
6900.0	4.431652e-16
6901.0	4.444307e-16
6902.0	4.7137e-16
6903.0	4.587971e-16
6904.0	4.453013e-16
6905.0	4.356459e-16
6906.0	4.435137e-16
6907.0	4.240929e-16
6908.0	4.305096e-16
6909.0	4.214496e-16
6910.0	4.295664e-16
6911.0	4.262536e-16
6912.0	4.214552e-16
6913.0	3.778585e-16
6914.0	4.091041e-16
6915.0	4.276079e-16
6916.0	4.251569e-16
6917.0	4.322386e-16
6918.0	4.221594e-16
6919.0	4.293235e-16
6920.0	4.136539e-16
6921.0	4.275046e-16
6922.0	4.05915e-16
6923.0	4.415539e-16
6924.0	4.452189e-16
6925.0	3.994543e-16
6926.0	3.990803e-16
6927.0	4.182631e-16
6928.0	3.844128e-16
6929.0	4.255592e-16
6930.0	4.108013e-16
6931.0	3.772056e-16
6932.0	4.098338e-16
6933.0	3.937435e-16
6934.0	4.520125e-16
6935.0	4.549509e-16
6936.0	3.921151e-16
6937.0	3.704762e-16
6938.0	4.497604e-16
6939.0	3.78582e-16
6940.0	4.449003e-16
6941.0	4.089972e-16
6942.0	3.471842e-16
6943.0	3.706538e-16
6944.0	3.683295e-16
6945.0	4.024128e-16
6946.0	4.119118e-16
6947.0	4.044157e-16
6948.0	3.512848e-16
6949.0	3.735257e-16
6950.0	4.194313e-16
6951.0	4.199977e-16
6952.0	3.818048e-16
6953.0	4.092817e-16
6954.0	4.271887e-16
6955.0	3.51195e-16
6956.0	3.394297e-16
6957.0	3.726742e-16
6958.0	3.852047e-16
6959.0	4.158466e-16
6960.0	4.323926e-16
6961.0	3.527347e-16
6962.0	3.85639e-16
6963.0	4.293567e-16
6964.0	4.00306e-16
6965.0	4.504134e-16
6966.0	4.281518e-16
6967.0	4.390062e-16
6968.0	3.976738e-16
6969.0	3.994351e-16
6970.0	4.323558e-16
6971.0	3.734094e-16
6972.0	3.067218e-16
6973.0	3.767283e-16
6974.0	4.031597e-16
6975.0	3.610052e-16
6976.0	4.257007e-16
6977.0	3.682807e-16
6978.0	3.861354e-16
6979.0	4.675042e-16
6980.0	4.459991e-16
6981.0	3.896086e-16
6982.0	4.031514e-16
6983.0	3.729701e-16
6984.0	3.701458e-16
6985.0	4.130644e-16
6986.0	3.929917e-16
6987.0	3.642765e-16
6988.0	3.813401e-16
6989.0	3.698631e-16
6990.0	3.653102e-16
6991.0	3.920141e-16
6992.0	4.050272e-16
6993.0	4.23685e-16
6994.0	4.386123e-16
6995.0	4.018831e-16
6996.0	3.859281e-16
6997.0	4.059374e-16
6998.0	3.998749e-16
6999.0	3.989686e-16
7000.0	3.628052e-16
7001.0	3.694019e-16
7002.0	4.239544e-16
7003.0	4.039155e-16
7004.0	4.191625e-16
7005.0	4.026912e-16
7006.0	3.932918e-16
7007.0	3.351861e-16
7008.0	3.54207e-16
7009.0	3.42936e-16
7010.0	3.764177e-16
7011.0	4.311296e-16
7012.0	4.174367e-16
7013.0	3.739932e-16
7014.0	3.885308e-16
7015.0	3.411405e-16
7016.0	3.570223e-16
7017.0	3.778362e-16
7018.0	3.891904e-16
7019.0	3.892688e-16
7020.0	4.108509e-16
7021.0	3.79826e-16
7022.0	3.957364e-16
7023.0	3.737997e-16
7024.0	4.08879e-16
7025.0	3.627085e-16
7026.0	4.049228e-16
7027.0	3.479598e-16
7028.0	4.289979e-16
7029.0	3.725756e-16
7030.0	3.432293e-16
7031.0	4.236227e-16
7032.0	3.717259e-16
7033.0	3.629133e-16
7034.0	3.621567e-16
7035.0	3.688781e-16
7036.0	4.342208e-16
7037.0	3.987533e-16
7038.0	3.310721e-16
7039.0	3.266654e-16
7040.0	3.552197e-16
7041.0	3.7714e-16
7042.0	4.054836e-16
7043.0	4.573194e-16
7044.0	4.202175e-16
7045.0	4.114035e-16
7046.0	3.537454e-16
7047.0	4.279501e-16
7048.0	4.0079e-16
7049.0	3.843815e-16
7050.0	3.977098e-16
7051.0	3.854558e-16
7052.0	3.859718e-16
7053.0	3.517801e-16
7054.0	3.708331e-16
7055.0	4.25778e-16
7056.0	3.788323e-16
7057.0	3.812977e-16
7058.0	3.903982e-16
7059.0	3.598905e-16
7060.0	3.244939e-16
