#	 ASASSN15nq 
#	 UT date of observation: 20150919 
#	 Telescope/Instrument: Keck/DEIMOS 
#	 Estimated Peak MJD: 57247.77 
#	 Estimated redshift: 0.030 
#	 Estimated Phase: 35.2 
#	 Published in Dettman et al. 2020 
#	 Observed barycentric wavelength (Angstroms)    F_lambda
4442.0	0.0108469
4443.0	0.0094657
4444.0	-0.00145194
4445.0	0.0095676
4446.0	0.0126698
4447.0	0.00829569
4448.0	0.015442
4449.0	0.0119271
4450.0	0.0148021
4451.0	0.0065766
4452.0	0.00455995
4453.0	0.00335785
4454.0	0.00309416
4455.0	0.0179576
4456.0	0.0136786
4457.0	0.0106513
4458.0	0.00717287
4459.0	0.00213176
4460.0	0.00719095
4461.0	0.00864539
4462.0	0.0107556
4463.0	0.013445
4464.0	0.00745199
4465.0	0.005727
4466.0	0.0029636
4467.0	0.0176328
4468.0	0.0168886
4469.0	0.00376741
4470.0	0.00836744
4471.0	0.0068452
4472.0	0.00679453
4473.0	0.0121535
4474.0	0.00912393
4475.0	0.0111995
4476.0	0.0134574
4477.0	0.0115072
4478.0	0.00970831
4479.0	0.00787768
4480.0	0.00589328
4481.0	0.00628586
4482.0	0.00617266
4483.0	0.00510512
4484.0	0.00687543
4485.0	0.009175
4486.0	0.0102824
4487.0	0.0102368
4488.0	0.00714177
4489.0	0.00635795
4490.0	0.00579456
4491.0	0.00432653
4492.0	0.00616574
4493.0	0.00495935
4494.0	0.00582166
4495.0	0.00609144
4496.0	0.00535512
4497.0	0.00952829
4498.0	0.00832482
4499.0	0.0066001
4500.0	0.010348
4501.0	0.0105123
4502.0	0.00377534
4503.0	0.00490845
4504.0	0.00844779
4505.0	0.00917542
4506.0	0.00509037
4507.0	0.00482175
4508.0	0.00622352
4509.0	0.00892886
4510.0	0.00426831
4511.0	0.00594333
4512.0	0.00604851
4513.0	0.00550328
4514.0	0.00396821
4515.0	0.0041964
4516.0	0.00639106
4517.0	0.00571801
4518.0	0.00570043
4519.0	0.00643055
4520.0	0.0058188
4521.0	0.00324333
4522.0	0.0044075
4523.0	0.00476223
4524.0	0.0035181
4525.0	0.00488952
4526.0	0.00687163
4527.0	0.00675852
4528.0	0.00499985
4529.0	0.00629852
4530.0	0.00411317
4531.0	0.0051601
4532.0	0.00532214
4533.0	0.00592986
4534.0	0.00754117
4535.0	0.00721481
4536.0	0.0064522
4537.0	0.0050414
4538.0	0.00707419
4539.0	0.00405647
4540.0	0.00391823
4541.0	0.00425177
4542.0	0.00366117
4543.0	0.00383929
4544.0	0.00603262
4545.0	0.00567027
4546.0	0.00388316
4547.0	0.00443677
4548.0	0.0063664
4549.0	0.00611998
4550.0	0.00547086
4551.0	0.00476819
4552.0	0.005871
4553.0	0.00528514
4554.0	0.00317504
4555.0	0.00436337
4556.0	0.00481889
4557.0	0.00521685
4558.0	0.00441341
4559.0	0.00530728
4560.0	0.00522055
4561.0	0.00572753
4562.0	0.00539537
4563.0	0.00281039
4564.0	0.00309086
4565.0	0.00319558
4566.0	0.00392538
4567.0	0.00563886
4568.0	0.00526757
4569.0	0.00471957
4570.0	0.00452685
4571.0	0.00428004
4572.0	0.00522557
4573.0	0.0032866
4574.0	0.00500578
4575.0	0.00341795
4576.0	0.00269989
4577.0	0.00430003
4578.0	0.00365217
4579.0	0.00440016
4580.0	0.00375586
4581.0	0.00383225
4582.0	0.00390642
4583.0	0.0030721
4584.0	0.00386156
4585.0	0.00544809
4586.0	0.0056336
4587.0	0.00494352
4588.0	0.0042545
4589.0	0.00411619
4590.0	0.00345591
4591.0	0.00533919
4592.0	0.00570346
4593.0	0.00327259
4594.0	0.0038568
4595.0	0.00451234
4596.0	0.00375581
4597.0	0.00446196
4598.0	0.00528754
4599.0	0.00437925
4600.0	0.00480191
4601.0	0.00454461
4602.0	0.00432357
4603.0	0.00423869
4604.0	0.00359348
4605.0	0.00455958
4606.0	0.00437862
4607.0	0.00642034
4608.0	0.00652096
4609.0	0.0043973
4610.0	0.00598129
4611.0	0.0066272
4612.0	0.00407569
4613.0	0.00477998
4614.0	0.00603954
4615.0	0.0047212
4616.0	0.00535969
4617.0	0.00486484
4618.0	0.00476345
4619.0	0.00604892
4620.0	0.00502758
4621.0	0.00527124
4622.0	0.00454394
4623.0	0.00428176
4624.0	0.00474018
4625.0	0.00486956
4626.0	0.00467716
4627.0	0.00500983
4628.0	0.00463774
4629.0	0.00657681
4630.0	0.00622615
4631.0	0.00615579
4632.0	0.00574801
4633.0	0.00451406
4634.0	0.00509279
4635.0	0.0059943
4636.0	0.00566142
4637.0	0.00536219
4638.0	0.00474549
4639.0	0.00633694
4640.0	0.0053151
4641.0	0.00616698
4642.0	0.006277
4643.0	0.00662993
4644.0	0.00577404
4645.0	0.00497977
4646.0	0.00615806
4647.0	0.007073
4648.0	0.00636446
4649.0	0.00534325
4650.0	0.00620378
4651.0	0.00550903
4652.0	0.0072313
4653.0	0.00835063
4654.0	0.00649291
4655.0	0.00556737
4656.0	0.00719375
4657.0	0.00754596
4658.0	0.00725035
4659.0	0.00730085
4660.0	0.00744961
4661.0	0.00626265
4662.0	0.00714473
4663.0	0.00695719
4664.0	0.00743759
4665.0	0.00694432
4666.0	0.00734284
4667.0	0.00916687
4668.0	0.00737667
4669.0	0.00853272
4670.0	0.00909428
4671.0	0.00795409
4672.0	0.00677828
4673.0	0.00738984
4674.0	0.00797539
4675.0	0.0079718
4676.0	0.00803537
4677.0	0.00939339
4678.0	0.0083208
4679.0	0.00867011
4680.0	0.00999108
4681.0	0.00922989
4682.0	0.00940066
4683.0	0.00811704
4684.0	0.00793272
4685.0	0.0094713
4686.0	0.00985424
4687.0	0.00891512
4688.0	0.00952822
4689.0	0.00979443
4690.0	0.00915998
4691.0	0.0109137
4692.0	0.0105331
4693.0	0.010348
4694.0	0.00970752
4695.0	0.0102998
4696.0	0.0112805
4697.0	0.0110039
4698.0	0.0109002
4699.0	0.0109921
4700.0	0.0121876
4701.0	0.0121601
4702.0	0.0121374
4703.0	0.0115812
4704.0	0.0108545
4705.0	0.0110336
4706.0	0.0118726
4707.0	0.012875
4708.0	0.0124461
4709.0	0.0107564
4710.0	0.0112359
4711.0	0.0128846
4712.0	0.0130962
4713.0	0.0127549
4714.0	0.012397
4715.0	0.0128094
4716.0	0.0120545
4717.0	0.0127418
4718.0	0.013006
4719.0	0.0126586
4720.0	0.0124534
4721.0	0.0118895
4722.0	0.0122426
4723.0	0.0132825
4724.0	0.0133318
4725.0	0.0144168
4726.0	0.013101
4727.0	0.0138364
4728.0	0.0127031
4729.0	0.0125866
4730.0	0.0121685
4731.0	0.0132809
4732.0	0.0139009
4733.0	0.0119667
4734.0	0.0121212
4735.0	0.0132358
4736.0	0.0128802
4737.0	0.0129852
4738.0	0.0130814
4739.0	0.0137829
4740.0	0.0135905
4741.0	0.0146263
4742.0	0.0142694
4743.0	0.0145389
4744.0	0.0138377
4745.0	0.0140167
4746.0	0.0137643
4747.0	0.013327
4748.0	0.0144484
4749.0	0.0139263
4750.0	0.0144446
4751.0	0.0140022
4752.0	0.0133296
4753.0	0.014239
4754.0	0.0139992
4755.0	0.0138813
4756.0	0.0151739
4757.0	0.0136326
4758.0	0.014733
4759.0	0.0138334
4760.0	0.0137989
4761.0	0.0133334
4762.0	0.0134533
4763.0	0.0139126
4764.0	0.0146923
4765.0	0.0139583
4766.0	0.0125217
4767.0	0.0129463
4768.0	0.014279
4769.0	0.0151288
4770.0	0.015704
4771.0	0.0146289
4772.0	0.0156803
4773.0	0.0153978
4774.0	0.0139876
4775.0	0.0143651
4776.0	0.0148881
4777.0	0.014518
4778.0	0.0138274
4779.0	0.0131381
4780.0	0.013051
4781.0	0.0138807
4782.0	0.0132165
4783.0	0.0143329
4784.0	0.0146951
4785.0	0.0131567
4786.0	0.01404
4787.0	0.0141128
4788.0	0.0131254
4789.0	0.0136559
4790.0	0.0134418
4791.0	0.0141565
4792.0	0.0136296
4793.0	0.0123073
4794.0	0.0122899
4795.0	0.0132921
4796.0	0.0128795
4797.0	0.0125616
4798.0	0.0120763
4799.0	0.0115148
4800.0	0.0123335
4801.0	0.0122246
4802.0	0.0123781
4803.0	0.0123789
4804.0	0.011663
4805.0	0.0122106
4806.0	0.0112992
4807.0	0.01083
4808.0	0.010474
4809.0	0.011124
4810.0	0.0113293
4811.0	0.0107096
4812.0	0.0111268
4813.0	0.0103575
4814.0	0.0101732
4815.0	0.0105718
4816.0	0.0110831
4817.0	0.00943999
4818.0	0.00991302
4819.0	0.00985568
4820.0	0.00979355
4821.0	0.0100574
4822.0	0.00897454
4823.0	0.00886101
4824.0	0.00905409
4825.0	0.00857614
4826.0	0.00870868
4827.0	0.00772948
4828.0	0.00839875
4829.0	0.0089277
4830.0	0.00870252
4831.0	0.00874018
4832.0	0.00726554
4833.0	0.00776219
4834.0	0.00694595
4835.0	0.00653291
4836.0	0.00721197
4837.0	0.0074694
4838.0	0.00741313
4839.0	0.00788552
4840.0	0.00707483
4841.0	0.00700527
4842.0	0.00781897
4843.0	0.00754948
4844.0	0.00697881
4845.0	0.0075484
4846.0	0.0058349
4847.0	0.00669048
4848.0	0.0071752
4849.0	0.0072077
4850.0	0.00661078
4851.0	0.0047181
4852.0	0.00497529
4853.0	0.00609789
4854.0	0.00543384
4855.0	0.00527033
4856.0	0.00513738
4857.0	0.00532799
4858.0	0.0055214
4859.0	0.00644001
4860.0	0.0058859
4861.0	0.00552135
4862.0	0.00592625
4863.0	0.00560543
4864.0	0.00564637
4865.0	0.00521522
4866.0	0.00548105
4867.0	0.00540439
4868.0	0.00609441
4869.0	0.00645968
4870.0	0.00596715
4871.0	0.00516826
4872.0	0.00457725
4873.0	0.00575323
4874.0	0.00604117
4875.0	0.00525446
4876.0	0.00529595
4877.0	0.00537007
4878.0	0.00629939
4879.0	0.0058119
4880.0	0.0051108
4881.0	0.00491618
4882.0	0.00476316
4883.0	0.00531225
4884.0	0.00571537
4885.0	0.00456845
4886.0	0.00508241
4887.0	0.00546866
4888.0	0.00492339
4889.0	0.00474305
4890.0	0.00517595
4891.0	0.00498441
4892.0	0.00516537
4893.0	0.0051149
4894.0	0.00481037
4895.0	0.00466684
4896.0	0.00489605
4897.0	0.00471232
4898.0	0.00517353
4899.0	0.00514832
4900.0	0.0047255
4901.0	0.00456466
4902.0	0.00542442
4903.0	0.00523535
4904.0	0.00514355
4905.0	0.00482986
4906.0	0.00466867
4907.0	0.00422919
4908.0	0.00436307
4909.0	0.0049398
4910.0	0.00511913
4911.0	0.00528869
4912.0	0.00539116
4913.0	0.00477413
4914.0	0.00615373
4915.0	0.00562928
4916.0	0.00432167
4917.0	0.00506199
4918.0	0.00494161
4919.0	0.00536411
4920.0	0.00521902
4921.0	0.00601736
4922.0	0.00559081
4923.0	0.005122
4924.0	0.00524064
4925.0	0.00564597
4926.0	0.00501689
4927.0	0.00586942
4928.0	0.0055284
4929.0	0.00569374
4930.0	0.0059255
4931.0	0.00559012
4932.0	0.00617266
4933.0	0.00641175
4934.0	0.0060884
4935.0	0.00696578
4936.0	0.00634436
4937.0	0.00639578
4938.0	0.00613084
4939.0	0.0067484
4940.0	0.0061168
4941.0	0.00602514
4942.0	0.00605131
4943.0	0.00662429
4944.0	0.00618319
4945.0	0.00629845
4946.0	0.00662048
4947.0	0.00657019
4948.0	0.00811745
4949.0	0.00672405
4950.0	0.00730727
4951.0	0.00717052
4952.0	0.00668839
4953.0	0.0075395
4954.0	0.00714082
4955.0	0.00689622
4956.0	0.00785893
4957.0	0.00768571
4958.0	0.00756224
4959.0	0.0072497
4960.0	0.00739089
4961.0	0.00807881
4962.0	0.00806145
4963.0	0.00759028
4964.0	0.00775715
4965.0	0.00741968
4966.0	0.00714304
4967.0	0.00749148
4968.0	0.00730211
4969.0	0.00757981
4970.0	0.00774805
4971.0	0.00766538
4972.0	0.00844535
4973.0	0.00758643
4974.0	0.00648443
4975.0	0.0077127
4976.0	0.00843487
4977.0	0.00825303
4978.0	0.0077639
4979.0	0.00841377
4980.0	0.00867301
4981.0	0.00773873
4982.0	0.0068546
4983.0	0.00728445
4984.0	0.00756695
4985.0	0.00652079
4986.0	0.00690757
4987.0	0.00647742
4988.0	0.00687972
4989.0	0.00721181
4990.0	0.00726211
4991.0	0.00607945
4992.0	0.00606217
4993.0	0.00657411
4994.0	0.00707997
4995.0	0.00677379
4996.0	0.00667473
4997.0	0.00625247
4998.0	0.00656763
4999.0	0.0071453
5000.0	0.00734303
5001.0	0.00691218
5002.0	0.00637344
5003.0	0.00658184
5004.0	0.00660616
5005.0	0.00698627
5006.0	0.00641566
5007.0	0.00700426
5008.0	0.0070628
5009.0	0.00651678
5010.0	0.00707556
5011.0	0.00664277
5012.0	0.007524
5013.0	0.00740128
5014.0	0.00715932
5015.0	0.00721471
5016.0	0.0068975
5017.0	0.00731563
5018.0	0.00767413
5019.0	0.00692636
5020.0	0.00687485
5021.0	0.00673474
5022.0	0.00691698
5023.0	0.00737865
5024.0	0.007508
5025.0	0.0074036
5026.0	0.00712553
5027.0	0.0071429
5028.0	0.00672858
5029.0	0.00707181
5030.0	0.00736595
5031.0	0.00762581
5032.0	0.00783745
5033.0	0.00761434
5034.0	0.00803505
5035.0	0.00796261
5036.0	0.00777788
5037.0	0.00825368
5038.0	0.00743924
5039.0	0.0074153
5040.0	0.00740897
5041.0	0.00770039
5042.0	0.00885131
5043.0	0.0092194
5044.0	0.00880103
5045.0	0.00875949
5046.0	0.0091334
5047.0	0.00928656
5048.0	0.00930771
5049.0	0.00952328
5050.0	0.00928494
5051.0	0.0100801
5052.0	0.00899285
5053.0	0.00971657
5054.0	0.00967314
5055.0	0.00953227
5056.0	0.0101096
5057.0	0.00978787
5058.0	0.00966586
5059.0	0.00994256
5060.0	0.0102404
5061.0	0.0104622
5062.0	0.0109422
5063.0	0.0104716
5064.0	0.0111614
5065.0	0.0108026
5066.0	0.0108072
5067.0	0.0113837
5068.0	0.0109316
5069.0	0.0110297
5070.0	0.0110732
5071.0	0.011593
5072.0	0.0114513
5073.0	0.0112986
5074.0	0.0118365
5075.0	0.0113138
5076.0	0.0112921
5077.0	0.0120203
5078.0	0.0127716
5079.0	0.0131107
5080.0	0.0122282
5081.0	0.0121782
5082.0	0.0133764
5083.0	0.0127153
5084.0	0.0135896
5085.0	0.0126339
5086.0	0.0132882
5087.0	0.0133455
5088.0	0.012297
5089.0	0.0124032
5090.0	0.0128597
5091.0	0.0136971
5092.0	0.0130395
5093.0	0.0130322
5094.0	0.0123576
5095.0	0.0117537
5096.0	0.011934
5097.0	0.0126169
5098.0	0.01193
5099.0	0.0125447
5100.0	0.0130778
5101.0	0.0129054
5102.0	0.0132971
5103.0	0.0138056
5104.0	0.0123425
5105.0	0.0121577
5106.0	0.0120549
5107.0	0.0121493
5108.0	0.0120245
5109.0	0.0120538
5110.0	0.0131488
5111.0	0.0122307
5112.0	0.0117249
5113.0	0.0115526
5114.0	0.0118042
5115.0	0.0123583
5116.0	0.0114253
5117.0	0.0111337
5118.0	0.011219
5119.0	0.0109706
5120.0	0.0107945
5121.0	0.0104783
5122.0	0.0114705
5123.0	0.0115405
5124.0	0.00956299
5125.0	0.00779929
5126.0	0.0106663
5127.0	0.00986294
5128.0	0.0102196
5129.0	0.0108234
5130.0	0.0107023
5131.0	0.0100712
5132.0	0.010657
5133.0	0.0108903
5134.0	0.0103257
5135.0	0.00978256
5136.0	0.00947889
5137.0	0.00990899
5138.0	0.0091384
5139.0	0.0090973
5140.0	0.00940103
5141.0	0.0083052
5142.0	0.00831009
5143.0	0.00781551
5144.0	0.00892806
5145.0	0.00838657
5146.0	0.00770278
5147.0	0.00812793
5148.0	0.0081193
5149.0	0.00796254
5150.0	0.0077717
5151.0	0.00719193
5152.0	0.00770441
5153.0	0.0080555
5154.0	0.00739757
5155.0	0.00765592
5156.0	0.00754344
5157.0	0.00749297
5158.0	0.00723835
5159.0	0.00722374
5160.0	0.0069371
5161.0	0.00716329
5162.0	0.00725796
5163.0	0.00656231
5164.0	0.00718952
5165.0	0.00678378
5166.0	0.00621742
5167.0	0.0060237
5168.0	0.00694573
5169.0	0.00665156
5170.0	0.00667258
5171.0	0.00690536
5172.0	0.00663751
5173.0	0.00682389
5174.0	0.00633639
5175.0	0.0063102
5176.0	0.00618528
5177.0	0.00611278
5178.0	0.00684532
5179.0	0.00670719
5180.0	0.00657741
5181.0	0.00640257
5182.0	0.00642787
5183.0	0.00623407
5184.0	0.00591236
5185.0	0.00609639
5186.0	0.00596539
5187.0	0.00619515
5188.0	0.00660831
5189.0	0.00650096
5190.0	0.00634997
5191.0	0.00600606
5192.0	0.00601425
5193.0	0.00652006
5194.0	0.00596281
5195.0	0.0062285
5196.0	0.00668811
5197.0	0.00635815
5198.0	0.00639599
5199.0	0.00664055
5200.0	0.00618902
5201.0	0.00522755
5202.0	0.00535091
5203.0	0.0063355
5204.0	0.00525933
5205.0	0.0063817
5206.0	0.00693693
5207.0	0.00632972
5208.0	0.00626776
5209.0	0.00606086
5210.0	0.0060659
5211.0	0.00618782
5212.0	0.00687005
5213.0	0.00690589
5214.0	0.0061507
5215.0	0.00565888
5216.0	0.00592606
5217.0	0.0060242
5218.0	0.00521745
5219.0	0.00609275
5220.0	0.00559486
5221.0	0.00547498
5222.0	0.00588663
5223.0	0.00649484
5224.0	0.00588684
5225.0	0.00597909
5226.0	0.00532944
5227.0	0.00550633
5228.0	0.00570963
5229.0	0.00588257
5230.0	0.00590215
5231.0	0.00588767
5232.0	0.00672687
5233.0	0.00573916
5234.0	0.00622665
5235.0	0.00627227
5236.0	0.00601346
5237.0	0.00612043
5238.0	0.00684088
5239.0	0.00603101
5240.0	0.0058589
5241.0	0.00604483
5242.0	0.00616142
5243.0	0.0058264
5244.0	0.00566629
5245.0	0.00572847
5246.0	0.00593926
5247.0	0.00568107
5248.0	0.00578542
5249.0	0.00609715
5250.0	0.00626494
5251.0	0.00609248
5252.0	0.00598209
5253.0	0.00605906
5254.0	0.00532597
5255.0	0.00561065
5256.0	0.00564522
5257.0	0.00527569
5258.0	0.0055323
5259.0	0.0059597
5260.0	0.00588714
5261.0	0.00524493
5262.0	0.00567375
5263.0	0.00577362
5264.0	0.00537981
5265.0	0.00608425
5266.0	0.00654031
5267.0	0.00564948
5268.0	0.00581214
5269.0	0.00613808
5270.0	0.00592338
5271.0	0.0056253
5272.0	0.00591661
5273.0	0.00560894
5274.0	0.00564972
5275.0	0.00570265
5276.0	0.00586807
5277.0	0.00587914
5278.0	0.00570336
5279.0	0.00642125
5280.0	0.006572
5281.0	0.00582168
5282.0	0.00557967
5283.0	0.00670901
5284.0	0.0062164
5285.0	0.00580169
5286.0	0.00541674
5287.0	0.00571512
5288.0	0.00640924
5289.0	0.00611662
5290.0	0.00570778
5291.0	0.00550637
5292.0	0.00544524
5293.0	0.00566456
5294.0	0.00568474
5295.0	0.00571528
5296.0	0.00603707
5297.0	0.00629137
5298.0	0.00566566
5299.0	0.00556902
5300.0	0.00548378
5301.0	0.00555116
5302.0	0.00553769
5303.0	0.00573397
5304.0	0.00627093
5305.0	0.00596907
5306.0	0.00572152
5307.0	0.00630499
5308.0	0.0061554
5309.0	0.00601632
5310.0	0.00620505
5311.0	0.0061809
5312.0	0.00676164
5313.0	0.00651465
5314.0	0.00648918
5315.0	0.00665855
5316.0	0.00630328
5317.0	0.00598435
5318.0	0.00593144
5319.0	0.0064755
5320.0	0.00596632
5321.0	0.00592172
5322.0	0.00607981
5323.0	0.00666327
5324.0	0.00686745
5325.0	0.00582013
5326.0	0.00607389
5327.0	0.00633051
5328.0	0.00587516
5329.0	0.00622443
5330.0	0.00697787
5331.0	0.00688666
5332.0	0.00660568
5333.0	0.00663988
5334.0	0.00688442
5335.0	0.00658446
5336.0	0.00684945
5337.0	0.00649296
5338.0	0.00642206
5339.0	0.00664362
5340.0	0.00633993
5341.0	0.00679107
5342.0	0.0067158
5343.0	0.00633111
5344.0	0.00668203
5345.0	0.00692241
5346.0	0.0068265
5347.0	0.00678408
5348.0	0.00646375
5349.0	0.00717972
5350.0	0.00712177
5351.0	0.00658172
5352.0	0.00695351
5353.0	0.00670706
5354.0	0.00771975
5355.0	0.00754431
5356.0	0.00710139
5357.0	0.00706064
5358.0	0.00771208
5359.0	0.00779088
5360.0	0.00732745
5361.0	0.00733144
5362.0	0.00711319
5363.0	0.00749053
5364.0	0.00715882
5365.0	0.00704603
5366.0	0.00769477
5367.0	0.00809045
5368.0	0.00758876
5369.0	0.00762145
5370.0	0.00845676
5371.0	0.00834719
5372.0	0.00761838
5373.0	0.00857834
5374.0	0.00828277
5375.0	0.00799831
5376.0	0.00837944
5377.0	0.00880905
5378.0	0.00831886
5379.0	0.00859763
5380.0	0.00879746
5381.0	0.00808438
5382.0	0.00832697
5383.0	0.0081978
5384.0	0.00888122
5385.0	0.0095708
5386.0	0.0090578
5387.0	0.00901899
5388.0	0.00890713
5389.0	0.00925071
5390.0	0.00965242
5391.0	0.00902337
5392.0	0.00956695
5393.0	0.00976209
5394.0	0.00908267
5395.0	0.00932263
5396.0	0.0100114
5397.0	0.00957896
5398.0	0.0105191
5399.0	0.00990101
5400.0	0.0102541
5401.0	0.0101418
5402.0	0.00949285
5403.0	0.00959745
5404.0	0.00909676
5405.0	0.00972029
5406.0	0.0101834
5407.0	0.00999947
5408.0	0.0100053
5409.0	0.00940495
5410.0	0.00943787
5411.0	0.00977683
5412.0	0.00995287
5413.0	0.00987799
5414.0	0.0104504
5415.0	0.0103766
5416.0	0.0106821
5417.0	0.0100981
5418.0	0.0103784
5419.0	0.0103217
5420.0	0.0104114
5421.0	0.0101595
5422.0	0.0103753
5423.0	0.010252
5424.0	0.0103955
5425.0	0.01073
5426.0	0.0105965
5427.0	0.0104135
5428.0	0.010714
5429.0	0.0110346
5430.0	0.0106386
5431.0	0.0110245
5432.0	0.0110179
5433.0	0.0109349
5434.0	0.0117901
5435.0	0.0109267
5436.0	0.0107878
5437.0	0.0103477
5438.0	0.0110083
5439.0	0.0113134
5440.0	0.0107173
5441.0	0.0111385
5442.0	0.0116336
5443.0	0.0116438
5444.0	0.0118647
5445.0	0.0111939
5446.0	0.0116918
5447.0	0.0115729
5448.0	0.0113374
5449.0	0.0114242
5450.0	0.0110765
5451.0	0.0115574
5452.0	0.0115384
5453.0	0.0117547
5454.0	0.01167
5455.0	0.0114509
5456.0	0.0120884
5457.0	0.011348
5458.0	0.0114045
5459.0	0.012059
5460.0	0.0123783
5461.0	0.0120251
5462.0	0.0118174
5463.0	0.0117677
5464.0	0.0119845
5465.0	0.0125027
5466.0	0.0121395
5467.0	0.0112946
5468.0	0.0114062
5469.0	0.0113234
5470.0	0.0119856
5471.0	0.0125234
5472.0	0.0117344
5473.0	0.0122668
5474.0	0.0119092
5475.0	0.0121333
5476.0	0.0117245
5477.0	0.011763
5478.0	0.0115274
5479.0	0.0120144
5480.0	0.0117616
5481.0	0.0115199
5482.0	0.0115714
5483.0	0.0115739
5484.0	0.0118034
5485.0	0.0113981
5486.0	0.0126998
5487.0	0.0119435
5488.0	0.0117779
5489.0	0.0124424
5490.0	0.0119718
5491.0	0.0108599
5492.0	0.0111638
5493.0	0.0114812
5494.0	0.0114466
5495.0	0.0119659
5496.0	0.0118187
5497.0	0.0113912
5498.0	0.0114712
5499.0	0.0110297
5500.0	0.0115149
5501.0	0.0113864
5502.0	0.0114156
5503.0	0.0112179
5504.0	0.0120054
5505.0	0.0119978
5506.0	0.0122408
5507.0	0.0118967
5508.0	0.0113676
5509.0	0.0111615
5510.0	0.0115785
5511.0	0.0113602
5512.0	0.0114826
5513.0	0.0114909
5514.0	0.0111313
5515.0	0.0102875
5516.0	0.0110546
5517.0	0.0113589
5518.0	0.0109366
5519.0	0.0105212
5520.0	0.010471
5521.0	0.0109097
5522.0	0.0111576
5523.0	0.0104837
5524.0	0.01066
5525.0	0.0104203
5526.0	0.010388
5527.0	0.0110594
5528.0	0.0111614
5529.0	0.010856
5530.0	0.0110631
5531.0	0.0108555
5532.0	0.0113324
5533.0	0.0111229
5534.0	0.0108569
5535.0	0.0103517
5536.0	0.0102897
5537.0	0.0105829
5538.0	0.0113005
5539.0	0.0116805
5540.0	0.0118229
5541.0	0.0115954
5542.0	0.0109402
5543.0	0.0106564
5544.0	0.0106038
5545.0	0.0113977
5546.0	0.0114452
5547.0	0.0119886
5548.0	0.0121824
5549.0	0.0120862
5550.0	0.0120816
5551.0	0.0115401
5552.0	0.0116993
5553.0	0.0118163
5554.0	0.0113793
5555.0	0.0121703
5556.0	0.0117396
5557.0	0.0114069
5558.0	0.0115464
5559.0	0.0117295
5560.0	0.0121386
5561.0	0.0127714
5562.0	0.0122619
5563.0	0.0128696
5564.0	0.0125506
5565.0	0.0124342
5566.0	0.0125828
5567.0	0.0129558
5568.0	0.0130921
5569.0	0.0131732
5570.0	0.0125704
5571.0	0.012763
5572.0	0.0129206
5573.0	0.0129104
5574.0	0.013806
5575.0	0.0137222
5576.0	0.0131425
5577.0	0.0134995
5578.0	0.0138689
5579.0	0.0134088
5580.0	0.0133546
5581.0	0.0136859
5582.0	0.0132949
5583.0	0.0144689
5584.0	0.0138717
5585.0	0.0133634
5586.0	0.0135468
5587.0	0.0140585
5588.0	0.0135432
5589.0	0.0138957
5590.0	0.0143378
5591.0	0.0140734
5592.0	0.0135667
5593.0	0.0136068
5594.0	0.0137519
5595.0	0.01465
5596.0	0.0150758
5597.0	0.0144676
5598.0	0.0139715
5599.0	0.0143658
5600.0	0.0145438
5601.0	0.0143787
5602.0	0.0142425
5603.0	0.0142811
5604.0	0.0150622
5605.0	0.015213
5606.0	0.0150157
5607.0	0.0150806
5608.0	0.0146185
5609.0	0.0156103
5610.0	0.0159541
5611.0	0.0158657
5612.0	0.0157209
5613.0	0.0151121
5614.0	0.0155637
5615.0	0.0156492
5616.0	0.016398
5617.0	0.0160183
5618.0	0.0161757
5619.0	0.0165801
5620.0	0.0161378
5621.0	0.016901
5622.0	0.0167363
5623.0	0.0163978
5624.0	0.0175167
5625.0	0.0175304
5626.0	0.0168617
5627.0	0.0169558
5628.0	0.016668
5629.0	0.0172087
5630.0	0.0171258
5631.0	0.0175384
5632.0	0.0173253
5633.0	0.0179935
5634.0	0.0173731
5635.0	0.0175277
5636.0	0.0174086
5637.0	0.0182518
5638.0	0.0179837
5639.0	0.0182354
5640.0	0.0181359
5641.0	0.0191651
5642.0	0.0178459
5643.0	0.017561
5644.0	0.018307
5645.0	0.0185284
5646.0	0.0183891
5647.0	0.0185937
5648.0	0.0184945
5649.0	0.0178907
5650.0	0.0184552
5651.0	0.0184867
5652.0	0.0189236
5653.0	0.0189313
5654.0	0.0195268
5655.0	0.018838
5656.0	0.0188789
5657.0	0.0195054
5658.0	0.0194903
5659.0	0.0191968
5660.0	0.0196065
5661.0	0.0189896
5662.0	0.0193053
5663.0	0.0192269
5664.0	0.0197348
5665.0	0.019744
5666.0	0.0194016
5667.0	0.0193807
5668.0	0.0194881
5669.0	0.020034
5670.0	0.0202839
5671.0	0.0201087
5672.0	0.0198176
5673.0	0.0195583
5674.0	0.0196407
5675.0	0.0198674
5676.0	0.0201246
5677.0	0.0198316
5678.0	0.020058
5679.0	0.0197288
5680.0	0.0199876
5681.0	0.0199511
5682.0	0.0197549
5683.0	0.0203292
5684.0	0.0204313
5685.0	0.0209065
5686.0	0.0208979
5687.0	0.0198661
5688.0	0.0201191
5689.0	0.0201605
5690.0	0.0200098
5691.0	0.0206598
5692.0	0.020178
5693.0	0.0209401
5694.0	0.0205802
5695.0	0.0199898
5696.0	0.0203906
5697.0	0.0209666
5698.0	0.0207402
5699.0	0.0208435
5700.0	0.0201651
5701.0	0.0210806
5702.0	0.0212365
5703.0	0.0211941
5704.0	0.0205255
5705.0	0.0208946
5706.0	0.021547
5707.0	0.0201411
5708.0	0.020965
5709.0	0.0212708
5710.0	0.020474
5711.0	0.0201095
5712.0	0.0202204
5713.0	0.0205807
5714.0	0.0207247
5715.0	0.0206222
5716.0	0.0198825
5717.0	0.0206159
5718.0	0.0203081
5719.0	0.0201301
5720.0	0.019671
5721.0	0.0201589
5722.0	0.0202279
5723.0	0.0203482
5724.0	0.0203218
5725.0	0.0201022
5726.0	0.0199111
5727.0	0.0199765
5728.0	0.0196105
5729.0	0.0199772
5730.0	0.0207255
5731.0	0.0200851
5732.0	0.0202053
5733.0	0.0200795
5734.0	0.0191711
5735.0	0.0191332
5736.0	0.0187267
5737.0	0.0196963
5738.0	0.0203523
5739.0	0.0199645
5740.0	0.018982
5741.0	0.01923
5742.0	0.0191016
5743.0	0.0189854
5744.0	0.0194285
5745.0	0.0192927
5746.0	0.0193048
5747.0	0.0192775
5748.0	0.0191519
5749.0	0.0193096
5750.0	0.0194746
5751.0	0.0191552
5752.0	0.0188304
5753.0	0.0189216
5754.0	0.0190431
5755.0	0.0191246
5756.0	0.0185929
5757.0	0.018904
5758.0	0.0190235
5759.0	0.0186733
5760.0	0.0185596
5761.0	0.0190484
5762.0	0.0182927
5763.0	0.0182817
5764.0	0.0187815
5765.0	0.0182891
5766.0	0.0183535
5767.0	0.0187704
5768.0	0.0185694
5769.0	0.0184424
5770.0	0.0183908
5771.0	0.0175115
5772.0	0.0182805
5773.0	0.0180923
5774.0	0.0175781
5775.0	0.0179614
5776.0	0.0173792
5777.0	0.0177575
5778.0	0.0180304
5779.0	0.0173884
5780.0	0.0176496
5781.0	0.0177823
5782.0	0.0171196
5783.0	0.0168266
5784.0	0.0173588
5785.0	0.0164253
5786.0	0.0158631
5787.0	0.0159195
5788.0	0.0160051
5789.0	0.0163902
5790.0	0.0167761
5791.0	0.0171052
5792.0	0.0162088
5793.0	0.0160997
5794.0	0.0161617
5795.0	0.0159971
5796.0	0.0158727
5797.0	0.0153785
5798.0	0.0157165
5799.0	0.015585
5800.0	0.0156327
5801.0	0.0155386
5802.0	0.0155321
5803.0	0.0159849
5804.0	0.0153334
5805.0	0.0152103
5806.0	0.0152309
5807.0	0.0148998
5808.0	0.0155681
5809.0	0.01549
5810.0	0.0152843
5811.0	0.0144381
5812.0	0.014465
5813.0	0.0146481
5814.0	0.0144671
5815.0	0.0141994
5816.0	0.0148165
5817.0	0.0145871
5818.0	0.013993
5819.0	0.0148015
5820.0	0.0140075
5821.0	0.0132737
5822.0	0.0136052
5823.0	0.0136726
5824.0	0.0143299
5825.0	0.0138283
5826.0	0.0133503
5827.0	0.013946
5828.0	0.013606
5829.0	0.0131133
5830.0	0.012994
5831.0	0.0128339
5832.0	0.0124987
5833.0	0.012553
5834.0	0.0122247
5835.0	0.011673
5836.0	0.0117178
5837.0	0.0126303
5838.0	0.0131032
5839.0	0.0129082
5840.0	0.0121044
5841.0	0.0122421
5842.0	0.012138
5843.0	0.0115215
5844.0	0.0119817
5845.0	0.0117652
5846.0	0.0112804
5847.0	0.0115101
5848.0	0.0118643
5849.0	0.0118179
5850.0	0.0113985
5851.0	0.0113901
5852.0	0.011741
5853.0	0.0112688
5854.0	0.011548
5855.0	0.0121718
5856.0	0.0116986
5857.0	0.0111055
5858.0	0.0110812
5859.0	0.0110215
5860.0	0.0110244
5861.0	0.0104923
5862.0	0.011007
5863.0	0.0114789
5864.0	0.0108366
5865.0	0.010549
5866.0	0.0111253
5867.0	0.0106432
5868.0	0.0106843
5869.0	0.0105849
5870.0	0.0105065
5871.0	0.0110735
5872.0	0.0108059
5873.0	0.0111039
5874.0	0.0103954
5875.0	0.0100268
5876.0	0.0106299
5877.0	0.0102291
5878.0	0.0105233
5879.0	0.0101381
5880.0	0.0101841
5881.0	0.010753
5882.0	0.0104103
5883.0	0.0106429
5884.0	0.0104223
5885.0	0.00985702
5886.0	0.0101259
5887.0	0.0103546
5888.0	0.0102468
5889.0	0.00952478
5890.0	0.00932123
5891.0	0.00946354
5892.0	0.0095829
5893.0	0.0100563
5894.0	0.0104605
5895.0	0.0100647
5896.0	0.00927736
5897.0	0.00959567
5898.0	0.00965106
5899.0	0.0100544
5900.0	0.010296
5901.0	0.0104484
5902.0	0.0103648
5903.0	0.0100467
5904.0	0.0102994
5905.0	0.0101732
5906.0	0.0106015
5907.0	0.0100997
5908.0	0.0105055
5909.0	0.00996593
5910.0	0.0104737
5911.0	0.0107209
5912.0	0.0105587
5913.0	0.0107997
5914.0	0.0111784
5915.0	0.0111512
5916.0	0.0109927
5917.0	0.0105778
5918.0	0.0111543
5919.0	0.0109059
5920.0	0.011357
5921.0	0.0110443
5922.0	0.0105209
5923.0	0.0113736
5924.0	0.0114171
5925.0	0.0114761
5926.0	0.0116011
5927.0	0.0115415
5928.0	0.0116439
5929.0	0.0118968
5930.0	0.0119986
5931.0	0.0115827
5932.0	0.0113647
5933.0	0.0121453
5934.0	0.0126751
5935.0	0.0118058
5936.0	0.012076
5937.0	0.0122504
5938.0	0.0125835
5939.0	0.0126645
5940.0	0.0121835
5941.0	0.0119001
5942.0	0.0121992
5943.0	0.0126078
5944.0	0.0126505
5945.0	0.0130812
5946.0	0.0129276
5947.0	0.0123235
5948.0	0.0128029
5949.0	0.0132178
5950.0	0.0135292
5951.0	0.012921
5952.0	0.01266
5953.0	0.0136531
5954.0	0.0134504
5955.0	0.0137172
5956.0	0.0136096
5957.0	0.0128758
5958.0	0.0133864
5959.0	0.0140186
5960.0	0.013629
5961.0	0.0146025
5962.0	0.0138855
5963.0	0.0134965
5964.0	0.0144156
5965.0	0.014895
5966.0	0.014295
5967.0	0.0137569
5968.0	0.0133185
5969.0	0.0141274
5970.0	0.0147908
5971.0	0.0141149
5972.0	0.0143666
5973.0	0.0146066
5974.0	0.0152458
5975.0	0.0149684
5976.0	0.0150415
5977.0	0.0150516
5978.0	0.0149508
5979.0	0.0144389
5980.0	0.0139845
5981.0	0.0150313
5982.0	0.0151182
5983.0	0.0149705
5984.0	0.0155075
5985.0	0.0150085
5986.0	0.0148521
5987.0	0.01542
5988.0	0.0153409
5989.0	0.0149379
5990.0	0.0153838
5991.0	0.0160265
5992.0	0.0159145
5993.0	0.015535
5994.0	0.0153892
5995.0	0.0157029
5996.0	0.0150085
5997.0	0.0158265
5998.0	0.0159572
5999.0	0.0158023
6000.0	0.0154469
6001.0	0.0155283
6002.0	0.0159781
6003.0	0.0156468
6004.0	0.0158828
6005.0	0.0156219
6006.0	0.0155558
6007.0	0.0156033
6008.0	0.0152363
6009.0	0.0152436
6010.0	0.0159412
6011.0	0.0156178
6012.0	0.0153805
6013.0	0.0156934
6014.0	0.0157871
6015.0	0.015291
6016.0	0.0152176
6017.0	0.0156062
6018.0	0.0158722
6019.0	0.0157185
6020.0	0.0157248
6021.0	0.0155782
6022.0	0.0156677
6023.0	0.015549
6024.0	0.0151124
6025.0	0.0149448
6026.0	0.0150611
6027.0	0.0153751
6028.0	0.0156077
6029.0	0.0152597
6030.0	0.015918
6031.0	0.0159454
6032.0	0.0153331
6033.0	0.015405
6034.0	0.0158456
6035.0	0.0154394
6036.0	0.0157543
6037.0	0.0155167
6038.0	0.0151377
6039.0	0.0151738
6040.0	0.0154086
6041.0	0.015393
6042.0	0.015371
6043.0	0.0155266
6044.0	0.014957
6045.0	0.0149698
6046.0	0.0152098
6047.0	0.0154742
6048.0	0.0152117
6049.0	0.014842
6050.0	0.0141406
6051.0	0.014745
6052.0	0.0147153
6053.0	0.0145691
6054.0	0.0151686
6055.0	0.01501
6056.0	0.0146616
6057.0	0.0144493
6058.0	0.0141783
6059.0	0.0142894
6060.0	0.0144519
6061.0	0.0143595
6062.0	0.0144933
6063.0	0.0140605
6064.0	0.014469
6065.0	0.014757
6066.0	0.013953
6067.0	0.0138762
6068.0	0.0139414
6069.0	0.0137328
6070.0	0.0139464
6071.0	0.0139367
6072.0	0.0138731
6073.0	0.0134176
6074.0	0.0142846
6075.0	0.0136422
6076.0	0.0139195
6077.0	0.0138476
6078.0	0.0138191
6079.0	0.0131548
6080.0	0.0134363
6081.0	0.0135814
6082.0	0.0133037
6083.0	0.0129861
6084.0	0.0130589
6085.0	0.0134662
6086.0	0.0134335
6087.0	0.0131728
6088.0	0.0129661
6089.0	0.013016
6090.0	0.013355
6091.0	0.0131799
6092.0	0.0131941
6093.0	0.0129737
6094.0	0.0131684
6095.0	0.013186
6096.0	0.0131502
6097.0	0.0132382
6098.0	0.0127532
6099.0	0.0124781
6100.0	0.0123657
6101.0	0.0125089
6102.0	0.0128098
6103.0	0.0125303
6104.0	0.0127577
6105.0	0.012355
6106.0	0.0120932
6107.0	0.011983
6108.0	0.0122313
6109.0	0.0117431
6110.0	0.0121419
6111.0	0.0123558
6112.0	0.0120646
6113.0	0.0117497
6114.0	0.0120628
6115.0	0.011723
6116.0	0.0117136
6117.0	0.0119146
6118.0	0.0114833
6119.0	0.0120772
6120.0	0.0117759
6121.0	0.0118646
6122.0	0.0113492
6123.0	0.011874
6124.0	0.0116056
6125.0	0.0115685
6126.0	0.0111975
6127.0	0.0110398
6128.0	0.0113461
6129.0	0.0112372
6130.0	0.0113175
6131.0	0.0112355
6132.0	0.010924
6133.0	0.0108064
6134.0	0.0102974
6135.0	0.0107465
6136.0	0.0102821
6137.0	0.0105871
6138.0	0.0108501
6139.0	0.0101321
6140.0	0.0100259
6141.0	0.00974113
6142.0	0.0100348
6143.0	0.00993042
6144.0	0.0102725
6145.0	0.0102241
6146.0	0.0102114
6147.0	0.0103486
6148.0	0.0101618
6149.0	0.0103175
6150.0	0.00975355
6151.0	0.0101385
6152.0	0.0100584
6153.0	0.00937526
6154.0	0.00981629
6155.0	0.00965451
6156.0	0.00935731
6157.0	0.00950064
6158.0	0.00958571
6159.0	0.00994699
6160.0	0.00968469
6161.0	0.00933901
6162.0	0.00941826
6163.0	0.00902726
6164.0	0.00873785
6165.0	0.00892292
6166.0	0.00932826
6167.0	0.00930675
6168.0	0.00955838
6169.0	0.00956313
6170.0	0.00861665
6171.0	0.00881749
6172.0	0.00856063
6173.0	0.00864636
6174.0	0.00895738
6175.0	0.00913845
6176.0	0.00869991
6177.0	0.00887206
6178.0	0.00880152
6179.0	0.00859258
6180.0	0.00879623
6181.0	0.00856707
6182.0	0.00821816
6183.0	0.00885788
6184.0	0.00831932
6185.0	0.00851426
6186.0	0.00832505
6187.0	0.00844883
6188.0	0.00802796
6189.0	0.00827122
6190.0	0.00832233
6191.0	0.00822126
6192.0	0.00869262
6193.0	0.00826487
6194.0	0.00834155
6195.0	0.00840658
6196.0	0.00863691
6197.0	0.00864583
6198.0	0.00795267
6199.0	0.00832351
6200.0	0.00873957
6201.0	0.00837051
6202.0	0.00852162
6203.0	0.00833338
6204.0	0.00779764
6205.0	0.00779738
6206.0	0.00807052
6207.0	0.00802735
6208.0	0.00825642
6209.0	0.00830224
6210.0	0.00828192
6211.0	0.00818547
6212.0	0.00834281
6213.0	0.00797484
6214.0	0.0082539
6215.0	0.00829276
6216.0	0.00813028
6217.0	0.00825506
6218.0	0.0087861
6219.0	0.00845026
6220.0	0.00817145
6221.0	0.00823326
6222.0	0.00793653
6223.0	0.00803054
6224.0	0.00815574
6225.0	0.00811111
6226.0	0.00760237
6227.0	0.00793
6228.0	0.00843739
6229.0	0.00844039
6230.0	0.00832434
6231.0	0.00832572
6232.0	0.00816398
6233.0	0.0078844
6234.0	0.0079881
6235.0	0.00834344
6236.0	0.00821068
6237.0	0.0080309
6238.0	0.00804144
6239.0	0.00802633
6240.0	0.00830201
6241.0	0.0082668
6242.0	0.00808765
6243.0	0.00820109
6244.0	0.00793982
6245.0	0.00808829
6246.0	0.00783798
6247.0	0.00757114
6248.0	0.00753568
6249.0	0.00755481
6250.0	0.00810699
6251.0	0.00799532
6252.0	0.00771559
6253.0	0.00757833
6254.0	0.00807977
6255.0	0.00793375
6256.0	0.00786033
6257.0	0.00795692
6258.0	0.00756602
6259.0	0.00805363
6260.0	0.00793991
6261.0	0.00756869
6262.0	0.00785437
6263.0	0.00820143
6264.0	0.00794399
6265.0	0.00757971
6266.0	0.00758669
6267.0	0.00781635
6268.0	0.00790743
6269.0	0.00792729
6270.0	0.0079321
6271.0	0.00817395
6272.0	0.00818069
6273.0	0.00828683
6274.0	0.00823131
6275.0	0.00805073
6276.0	0.00813114
6277.0	0.00809816
6278.0	0.00806283
6279.0	0.00803508
6280.0	0.00809667
6281.0	0.00844293
6282.0	0.00791778
6283.0	0.00790411
6284.0	0.00788959
6285.0	0.00784262
6286.0	0.00800936
6287.0	0.00802104
6288.0	0.00748713
6289.0	0.00818851
6290.0	0.00832509
6291.0	0.00808054
6292.0	0.00804456
6293.0	0.00850846
6294.0	0.00871697
6295.0	0.00823671
6296.0	0.00840762
6297.0	0.00847951
6298.0	0.00821323
6299.0	0.00659278
6300.0	0.00701654
6301.0	0.00861613
6302.0	0.00795133
6303.0	0.00867709
6304.0	0.00864696
6305.0	0.00793795
6306.0	0.00775103
6307.0	0.00765646
6308.0	0.00767965
6309.0	0.00789662
6310.0	0.00778119
6311.0	0.00796364
6312.0	0.00806032
6313.0	0.00795392
6314.0	0.0078021
6315.0	0.00772172
6316.0	0.00781222
6317.0	0.00788647
6318.0	0.00778334
6319.0	0.00773866
6320.0	0.00754633
6321.0	0.00762792
6322.0	0.00745436
6323.0	0.00734018
6324.0	0.00733736
6325.0	0.00741371
6326.0	0.00734115
6327.0	0.00772263
6328.0	0.00711315
6329.0	0.00707082
6330.0	0.00723226
6331.0	0.00717543
6332.0	0.00722709
6333.0	0.00722884
6334.0	0.00709997
6335.0	0.00712777
6336.0	0.00762112
6337.0	0.00718122
6338.0	0.00691994
6339.0	0.00701313
6340.0	0.00724739
6341.0	0.00737353
6342.0	0.00749872
6343.0	0.00735708
6344.0	0.00759508
6345.0	0.00736405
6346.0	0.00705465
6347.0	0.00681409
6348.0	0.00694189
6349.0	0.0067889
6350.0	0.00707977
6351.0	0.00692001
6352.0	0.00704709
6353.0	0.00700588
6354.0	0.00710791
6355.0	0.00744
6356.0	0.0071198
6357.0	0.00676079
6358.0	0.00701226
6359.0	0.00698254
6360.0	0.00682953
6361.0	0.00675065
6362.0	0.00669489
6363.0	0.00716934
6364.0	0.00747187
6365.0	0.00632121
6366.0	0.00672426
6367.0	0.00700099
6368.0	0.00649304
6369.0	0.00688476
6370.0	0.00700638
6371.0	0.00716066
6372.0	0.00746557
6373.0	0.00755148
6374.0	0.00722554
6375.0	0.0068408
6376.0	0.0072205
6377.0	0.00761401
6378.0	0.00730192
6379.0	0.00744626
6380.0	0.00777795
6381.0	0.0075848
6382.0	0.00746713
6383.0	0.00779669
6384.0	0.00759567
6385.0	0.00778264
6386.0	0.00790623
6387.0	0.00721078
6388.0	0.00791897
6389.0	0.00802976
6390.0	0.00798453
6391.0	0.00815505
6392.0	0.00849688
6393.0	0.00822692
6394.0	0.00843447
6395.0	0.0084406
6396.0	0.00850337
6397.0	0.00836593
6398.0	0.00832485
6399.0	0.00840638
6400.0	0.00829991
6401.0	0.00849821
6402.0	0.00838035
6403.0	0.00861791
6404.0	0.00851763
6405.0	0.00884961
6406.0	0.00905944
6407.0	0.00873529
6408.0	0.00867959
6409.0	0.00880208
6410.0	0.00876671
6411.0	0.00837454
6412.0	0.00890621
6413.0	0.0087702
6414.0	0.00903959
6415.0	0.00883809
6416.0	0.00859635
6417.0	0.00879203
6418.0	0.00890088
6419.0	0.00919326
6420.0	0.00902635
6421.0	0.00899903
6422.0	0.00861167
6423.0	0.00940105
6424.0	0.00913074
6425.0	0.00862532
6426.0	0.00861077
6427.0	0.00863044
6428.0	0.0087237
6429.0	0.00872081
6430.0	0.00864831
6431.0	0.00891745
6432.0	0.00872625
6433.0	0.00892912
6434.0	0.00925419
6435.0	0.00907662
6436.0	0.00892828
6437.0	0.00862088
6438.0	0.00866301
6439.0	0.00894327
6440.0	0.00880398
6441.0	0.00869734
6442.0	0.00871355
6443.0	0.00869812
6444.0	0.00840211
6445.0	0.00800624
6446.0	0.00806963
6447.0	0.00781446
6448.0	0.00804996
6449.0	0.00838033
6450.0	0.00837629
6451.0	0.00819324
6452.0	0.00815114
6453.0	0.00828947
6454.0	0.0085992
6455.0	0.00796829
6456.0	0.00786841
6457.0	0.00768404
6458.0	0.00774691
6459.0	0.00789054
6460.0	0.00818429
6461.0	0.00810758
6462.0	0.00791104
6463.0	0.00793609
6464.0	0.00822036
6465.0	0.00765825
6466.0	0.00760867
6467.0	0.00775827
6468.0	0.0076779
6469.0	0.00778249
6470.0	0.00770023
6471.0	0.00803199
6472.0	0.00803127
6473.0	0.0078605
6474.0	0.00781841
6475.0	0.00761395
6476.0	0.00767661
6477.0	0.00791648
6478.0	0.00771057
6479.0	0.00792049
6480.0	0.00796491
6481.0	0.00809618
6482.0	0.00791333
6483.0	0.00786995
6484.0	0.00765533
6485.0	0.00778167
6486.0	0.00791923
6487.0	0.00800058
6488.0	0.00760445
6489.0	0.00769299
6490.0	0.00771987
6491.0	0.00807359
6492.0	0.00781327
6493.0	0.00785127
6494.0	0.00787079
6495.0	0.00804714
6496.0	0.00805541
6497.0	0.00792322
6498.0	0.00855572
6499.0	0.00862142
6500.0	0.00823114
6501.0	0.00839749
6502.0	0.00801815
6503.0	0.00804295
6504.0	0.0076457
6505.0	0.00765719
6506.0	0.00832709
6507.0	0.00856317
6508.0	0.00883016
6509.0	0.00800006
6510.0	0.00841701
6511.0	0.00800297
6512.0	0.00806629
6513.0	0.00877691
6514.0	0.0083082
6515.0	0.00814756
6516.0	0.00797979
6517.0	0.00838826
6518.0	0.00846056
6519.0	0.00821076
6520.0	0.00837895
6521.0	0.00861088
6522.0	0.00842766
6523.0	0.00825203
6524.0	0.00859554
6525.0	0.00885327
6526.0	0.00863915
6527.0	0.00857459
6528.0	0.00869129
6529.0	0.00886783
6530.0	0.00898996
6531.0	0.00894639
6532.0	0.00906428
6533.0	0.00932957
6534.0	0.0095008
6535.0	0.00975891
6536.0	0.00882694
6537.0	0.00882117
6538.0	0.00914239
6539.0	0.00890796
6540.0	0.00889347
6541.0	0.00935118
6542.0	0.00921284
6543.0	0.00900017
6544.0	0.00938003
6545.0	0.00927945
6546.0	0.00919873
6547.0	0.00957595
6548.0	0.00973314
6549.0	0.00944745
6550.0	0.00962837
6551.0	0.00954876
6552.0	0.00925506
6553.0	0.0099285
6554.0	0.010181
6555.0	0.00988573
6556.0	0.0102223
6557.0	0.0102082
6558.0	0.00983056
6559.0	0.010132
6560.0	0.0100884
6561.0	0.00958417
6562.0	0.0100903
6563.0	0.0100959
6564.0	0.0102275
6565.0	0.010505
6566.0	0.0102994
6567.0	0.00998008
6568.0	0.0105229
6569.0	0.0107947
6570.0	0.0104786
6571.0	0.0103036
6572.0	0.0106726
6573.0	0.0105428
6574.0	0.0109403
6575.0	0.0108213
6576.0	0.0104263
6577.0	0.0102257
6578.0	0.0108302
6579.0	0.0112948
6580.0	0.0110634
6581.0	0.0108735
6582.0	0.0114906
6583.0	0.0110539
6584.0	0.0108026
6585.0	0.0110944
6586.0	0.0109934
6587.0	0.0113164
6588.0	0.0116184
6589.0	0.0114573
6590.0	0.0110898
6591.0	0.0114252
6592.0	0.0116518
6593.0	0.0116744
6594.0	0.0120066
6595.0	0.0121978
6596.0	0.0117982
6597.0	0.0117079
6598.0	0.0119292
6599.0	0.0119457
6600.0	0.0122838
6601.0	0.0126432
6602.0	0.0125815
6603.0	0.0122436
6604.0	0.0128038
6605.0	0.0123426
6606.0	0.0125885
6607.0	0.0126421
6608.0	0.0123884
6609.0	0.0129954
6610.0	0.0125709
6611.0	0.0134001
6612.0	0.0129494
6613.0	0.0130113
6614.0	0.0130321
6615.0	0.0139124
6616.0	0.0129855
6617.0	0.0131943
6618.0	0.0135571
6619.0	0.0132683
6620.0	0.0132295
6621.0	0.0133301
6622.0	0.0131518
6623.0	0.0137777
6624.0	0.0141813
6625.0	0.0142351
6626.0	0.0140833
6627.0	0.013822
6628.0	0.0141244
6629.0	0.0135955
6630.0	0.0138579
6631.0	0.0139166
6632.0	0.014084
6633.0	0.0143387
6634.0	0.0143285
6635.0	0.0147841
6636.0	0.0144589
6637.0	0.014183
6638.0	0.0144272
6639.0	0.0144035
6640.0	0.0145695
6641.0	0.0145362
6642.0	0.0145614
6643.0	0.0149843
6644.0	0.0150433
6645.0	0.014759
6646.0	0.0149871
6647.0	0.0149988
6648.0	0.0149609
6649.0	0.0147622
6650.0	0.0148821
6651.0	0.0152543
6652.0	0.0149671
6653.0	0.0150593
6654.0	0.0149438
6655.0	0.0147747
6656.0	0.0150971
6657.0	0.0150101
6658.0	0.0157017
6659.0	0.0150052
6660.0	0.0150004
6661.0	0.0150162
6662.0	0.0156117
6663.0	0.0153451
6664.0	0.0150226
6665.0	0.0155182
6666.0	0.0154437
6667.0	0.0154842
6668.0	0.0158428
6669.0	0.0161804
6670.0	0.0161068
6671.0	0.0154046
6672.0	0.0153013
6673.0	0.0159068
6674.0	0.0159914
6675.0	0.0159896
6676.0	0.0156295
6677.0	0.0159597
6678.0	0.0157151
6679.0	0.0159352
6680.0	0.0160665
6681.0	0.0164154
6682.0	0.0161588
6683.0	0.0159947
6684.0	0.0163914
6685.0	0.0161917
6686.0	0.0158133
6687.0	0.0161728
6688.0	0.0170063
6689.0	0.0167209
6690.0	0.016265
6691.0	0.0162912
6692.0	0.0158607
6693.0	0.0155483
6694.0	0.0160927
6695.0	0.0161357
6696.0	0.0160269
6697.0	0.0162816
6698.0	0.0162723
6699.0	0.016731
6700.0	0.0165148
6701.0	0.016317
6702.0	0.0162184
6703.0	0.0166898
6704.0	0.0163057
6705.0	0.0160881
6706.0	0.0161798
6707.0	0.0151313
6708.0	0.0157539
6709.0	0.0161385
6710.0	0.0166157
6711.0	0.015897
6712.0	0.0161447
6713.0	0.0160504
6714.0	0.0161266
6715.0	0.0161881
6716.0	0.0162507
6717.0	0.0159504
6718.0	0.0160393
6719.0	0.0164181
6720.0	0.0165086
6721.0	0.0162395
6722.0	0.0160543
6723.0	0.0158222
6724.0	0.0159136
6725.0	0.0164254
6726.0	0.0161338
6727.0	0.0160348
6728.0	0.0163822
6729.0	0.016537
6730.0	0.0159379
6731.0	0.0156624
6732.0	0.0162393
6733.0	0.0160735
6734.0	0.0160043
6735.0	0.0159548
6736.0	0.016093
6737.0	0.0161645
6738.0	0.0158724
6739.0	0.0156982
6740.0	0.0160399
6741.0	0.0161018
6742.0	0.0159178
6743.0	0.0162848
6744.0	0.0163394
6745.0	0.0160458
6746.0	0.0161386
6747.0	0.016336
6748.0	0.0159005
6749.0	0.0156261
6750.0	0.0158959
6751.0	0.0159813
6752.0	0.0153602
6753.0	0.0156728
6754.0	0.0156157
6755.0	0.0154247
6756.0	0.0155824
6757.0	0.016079
6758.0	0.015812
6759.0	0.0152948
6760.0	0.015992
6761.0	0.0163105
6762.0	0.0158067
6763.0	0.0155126
6764.0	0.0157265
6765.0	0.0146713
6766.0	0.0147359
6767.0	0.0147793
6768.0	0.0150686
6769.0	0.0150397
6770.0	0.0156888
6771.0	0.0151831
6772.0	0.0149641
6773.0	0.0141353
6774.0	0.0148487
6775.0	0.0147016
6776.0	0.014709
6777.0	0.014612
6778.0	0.0145045
6779.0	0.0149955
6780.0	0.014713
6781.0	0.0144391
6782.0	0.014445
6783.0	0.0144416
6784.0	0.0144951
6785.0	0.014041
6786.0	0.0145763
6787.0	0.0149468
6788.0	0.0146001
6789.0	0.0142144
6790.0	0.0142764
6791.0	0.0141747
6792.0	0.0136611
6793.0	0.0140173
6794.0	0.0139774
6795.0	0.0140245
6796.0	0.0141832
6797.0	0.0139397
6798.0	0.0141158
6799.0	0.0140981
6800.0	0.0139533
6801.0	0.014129
6802.0	0.0140021
6803.0	0.0139588
6804.0	0.01336
6805.0	0.0138539
6806.0	0.0135921
6807.0	0.013357
6808.0	0.0138956
6809.0	0.0128923
6810.0	0.0128393
6811.0	0.0133043
6812.0	0.0130797
6813.0	0.0128494
6814.0	0.0127117
6815.0	0.0128245
6816.0	0.0134206
6817.0	0.0129275
6818.0	0.0126142
6819.0	0.0130991
6820.0	0.0127659
6821.0	0.0122762
6822.0	0.0120079
6823.0	0.0123859
6824.0	0.0126086
6825.0	0.0129631
6826.0	0.0123239
6827.0	0.0126086
6828.0	0.0135147
6829.0	0.0119252
6830.0	0.0115304
6831.0	0.0118031
6832.0	0.0122822
6833.0	0.0117863
6834.0	0.011648
6835.0	0.0116475
6836.0	0.0113108
6837.0	0.0110739
6838.0	0.0114521
6839.0	0.011324
6840.0	0.0113553
6841.0	0.0113604
6842.0	0.0112711
6843.0	0.01122
6844.0	0.0111081
6845.0	0.0108124
6846.0	0.0111139
6847.0	0.0110521
6848.0	0.0110403
6849.0	0.0111681
6850.0	0.010655
6851.0	0.0100279
6852.0	0.0107757
6853.0	0.0107317
6854.0	0.0103261
6855.0	0.0102122
6856.0	0.0100572
6857.0	0.00980701
6858.0	0.00966117
6859.0	0.00986885
6860.0	0.00969862
6861.0	0.0100957
6862.0	0.0100248
6863.0	0.00965565
6864.0	0.00976485
6865.0	0.00970915
6866.0	0.00965416
6867.0	0.00938534
6868.0	0.010004
6869.0	0.0099528
6870.0	0.00979436
6871.0	0.00906838
6872.0	0.00896077
6873.0	0.00960706
6874.0	0.00935719
6875.0	0.00913801
6876.0	0.00929806
6877.0	0.00897796
6878.0	0.00850216
6879.0	0.0085759
6880.0	0.00837754
6881.0	0.00875143
6882.0	0.00872687
6883.0	0.0082898
6884.0	0.00864175
6885.0	0.00840202
6886.0	0.00836066
6887.0	0.00853834
6888.0	0.0087098
6889.0	0.00835031
6890.0	0.00829152
6891.0	0.00840462
6892.0	0.00832799
6893.0	0.00804144
6894.0	0.00810834
6895.0	0.00835848
6896.0	0.00807242
6897.0	0.00790136
6898.0	0.00800301
6899.0	0.00797159
6900.0	0.00772148
6901.0	0.00807277
6902.0	0.00802074
6903.0	0.00789003
6904.0	0.00750063
6905.0	0.00760586
6906.0	0.0073318
6907.0	0.00730835
6908.0	0.00731573
6909.0	0.00750517
6910.0	0.00744356
6911.0	0.00739303
6912.0	0.00736726
6913.0	0.00730825
6914.0	0.0072212
6915.0	0.00714789
6916.0	0.00723213
6917.0	0.00744276
6918.0	0.00735183
6919.0	0.00700752
6920.0	0.00712786
6921.0	0.00730489
6922.0	0.00731327
6923.0	0.00764722
6924.0	0.00703882
6925.0	0.00700518
6926.0	0.00717642
6927.0	0.00678907
6928.0	0.00731261
6929.0	0.00740253
6930.0	0.0070197
6931.0	0.00642835
6932.0	0.0063479
6933.0	0.00683702
6934.0	0.00681645
6935.0	0.00639479
6936.0	0.00682482
6937.0	0.00681596
6938.0	0.00662001
6939.0	0.00660525
6940.0	0.00643989
6941.0	0.00677385
6942.0	0.00650285
6943.0	0.006586
6944.0	0.00645006
6945.0	0.00663555
6946.0	0.00671687
6947.0	0.0065341
6948.0	0.00652802
6949.0	0.00644943
6950.0	0.00582317
6951.0	0.00625258
6952.0	0.00621787
6953.0	0.00610472
6954.0	0.00658023
6955.0	0.00610351
6956.0	0.00587467
6957.0	0.00603221
6958.0	0.00646304
6959.0	0.00632719
6960.0	0.00609961
6961.0	0.00599947
6962.0	0.00626331
6963.0	0.00637054
6964.0	0.00626878
6965.0	0.00607979
6966.0	0.00624653
6967.0	0.00621679
6968.0	0.0062947
6969.0	0.00616465
6970.0	0.00621108
6971.0	0.00621575
6972.0	0.00621416
6973.0	0.00643538
6974.0	0.0060897
6975.0	0.00582154
6976.0	0.0061659
6977.0	0.00622427
6978.0	0.0065031
6979.0	0.00620741
6980.0	0.00621059
6981.0	0.00621377
6982.0	0.00621695
6983.0	0.00622013
6984.0	0.00622331
6985.0	0.00622648
6986.0	0.00622966
6987.0	0.00623284
6988.0	0.00623602
6989.0	0.0062392
6990.0	0.00624238
6991.0	0.00624555
6992.0	0.00624873
6993.0	0.00625191
6994.0	0.00625509
6995.0	0.00625827
6996.0	0.00626145
6997.0	0.00626463
6998.0	0.0062678
6999.0	0.00627098
7000.0	0.00627098
7001.0	0.00652973
7002.0	0.0064338
7003.0	0.00605704
7004.0	0.00596274
7005.0	0.00595642
7006.0	0.00605225
7007.0	0.00595026
7008.0	0.00613614
7009.0	0.00593514
7010.0	0.00611321
7011.0	0.00635662
7012.0	0.00622753
7013.0	0.00580337
7014.0	0.00638676
7015.0	0.00622532
7016.0	0.00646096
7017.0	0.00651522
7018.0	0.0062667
7019.0	0.00622903
7020.0	0.00626035
7021.0	0.00616294
7022.0	0.00636084
7023.0	0.00619359
7024.0	0.00612709
7025.0	0.00636856
7026.0	0.00584434
7027.0	0.00634867
7028.0	0.00628734
7029.0	0.00655598
7030.0	0.00587662
7031.0	0.0061203
7032.0	0.00625335
7033.0	0.00649222
7034.0	0.00663259
7035.0	0.00631408
7036.0	0.00608154
7037.0	0.00642556
7038.0	0.00630158
7039.0	0.00599319
7040.0	0.00623445
7041.0	0.00644448
7042.0	0.00614914
7043.0	0.00616969
7044.0	0.00618389
7045.0	0.00648528
7046.0	0.00665696
7047.0	0.00619053
7048.0	0.00591962
7049.0	0.00658824
7050.0	0.00637938
7051.0	0.00653234
7052.0	0.0065585
7053.0	0.00659765
7054.0	0.00606839
7055.0	0.00634522
7056.0	0.00603103
7057.0	0.00623663
7058.0	0.00647142
7059.0	0.00606302
7060.0	0.00650902
7061.0	0.00620535
7062.0	0.00597889
7063.0	0.0062997
7064.0	0.00627562
7065.0	0.00568342
7066.0	0.00573638
7067.0	0.00618771
7068.0	0.00651973
7069.0	0.00651225
7070.0	0.00617028
7071.0	0.0060733
7072.0	0.0062491
7073.0	0.00643896
7074.0	0.00591163
7075.0	0.00587331
7076.0	0.00630321
7077.0	0.00647695
7078.0	0.0063536
7079.0	0.0063994
7080.0	0.00628491
7081.0	0.00617764
7082.0	0.00613522
7083.0	0.00624203
7084.0	0.00625397
7085.0	0.00609093
7086.0	0.00643843
7087.0	0.00643095
7088.0	0.00639078
7089.0	0.00665006
7090.0	0.00640126
7091.0	0.00624204
7092.0	0.00611057
7093.0	0.0062282
7094.0	0.00674685
7095.0	0.00624784
7096.0	0.00677822
7097.0	0.00650356
7098.0	0.0060925
7099.0	0.00607382
7100.0	0.00587437
7101.0	0.00602939
7102.0	0.00622996
7103.0	0.00675054
7104.0	0.00634167
7105.0	0.00623373
7106.0	0.00587525
7107.0	0.00634004
7108.0	0.00660244
7109.0	0.00660929
7110.0	0.0065337
7111.0	0.00630334
7112.0	0.0062808
7113.0	0.00652353
7114.0	0.00603402
7115.0	0.00599241
7116.0	0.00687368
7117.0	0.00674243
7118.0	0.0064557
7119.0	0.00589985
7120.0	0.00631226
7121.0	0.00639016
7122.0	0.0063362
7123.0	0.00625138
7124.0	0.00612908
7125.0	0.00636382
7126.0	0.00650906
7127.0	0.00643587
7128.0	0.00623921
7129.0	0.00613207
7130.0	0.00669549
7131.0	0.00649218
7132.0	0.00667658
7133.0	0.00629897
7134.0	0.00606614
7135.0	0.00681469
7136.0	0.00633977
7137.0	0.00626846
7138.0	0.00649019
7139.0	0.00592659
7140.0	0.00610422
7141.0	0.00679705
7142.0	0.00666078
7143.0	0.00628064
7144.0	0.00663094
7145.0	0.00673457
7146.0	0.00657902
7147.0	0.00626146
7148.0	0.00610768
7149.0	0.00634127
7150.0	0.00646992
7151.0	0.00635936
7152.0	0.00645151
7153.0	0.0060315
7154.0	0.00626461
7155.0	0.00639457
7156.0	0.00678157
7157.0	0.00619134
7158.0	0.00589339
7159.0	0.00634194
7160.0	0.00668792
7161.0	0.00622488
7162.0	0.00658279
7163.0	0.00655764
7164.0	0.00588558
7165.0	0.0064741
7166.0	0.0063604
7167.0	0.00628789
7168.0	0.00632189
7169.0	0.00669233
7170.0	0.00685681
7171.0	0.00643887
7172.0	0.00633015
7173.0	0.00623352
7174.0	0.00630862
7175.0	0.00646661
7176.0	0.00686438
7177.0	0.00642063
7178.0	0.00631915
7179.0	0.00660326
7180.0	0.00625039
7181.0	0.00666687
7182.0	0.00681516
7183.0	0.0068318
7184.0	0.00670904
7185.0	0.00618022
7186.0	0.00637487
7187.0	0.00630957
7188.0	0.00636708
7189.0	0.00614478
7190.0	0.00644351
7191.0	0.00641896
7192.0	0.00642621
7193.0	0.00641867
7194.0	0.00651799
7195.0	0.00677022
7196.0	0.00676843
7197.0	0.00640813
7198.0	0.00638862
7199.0	0.00645455
7200.0	0.00621703
7201.0	0.00629059
7202.0	0.00627216
7203.0	0.00625549
7204.0	0.00644518
7205.0	0.00662982
7206.0	0.00631107
7207.0	0.00627165
7208.0	0.00643166
7209.0	0.00615001
7210.0	0.0058343
7211.0	0.00637323
7212.0	0.0062682
7213.0	0.00580111
7214.0	0.00621777
7215.0	0.00629801
7216.0	0.00604754
7217.0	0.00616702
7218.0	0.00600194
7219.0	0.00640155
7220.0	0.00605929
7221.0	0.006042
7222.0	0.00653612
7223.0	0.00629828
7224.0	0.00625664
7225.0	0.00627715
7226.0	0.00622561
7227.0	0.00609722
7228.0	0.00615249
7229.0	0.00615235
7230.0	0.00621396
7231.0	0.00592534
7232.0	0.00608379
7233.0	0.00625368
7234.0	0.00626916
7235.0	0.0057987
7236.0	0.00616936
7237.0	0.00593531
7238.0	0.00617593
7239.0	0.00616721
7240.0	0.00554755
7241.0	0.00544671
7242.0	0.00589318
7243.0	0.00583688
7244.0	0.00579819
7245.0	0.00569551
7246.0	0.0058381
7247.0	0.00623053
7248.0	0.00590724
7249.0	0.00580029
7250.0	0.00588421
7251.0	0.00603783
7252.0	0.00610586
7253.0	0.00548359
7254.0	0.0057193
7255.0	0.00613452
7256.0	0.00612947
7257.0	0.00588644
7258.0	0.00582729
7259.0	0.00568133
7260.0	0.00548892
7261.0	0.00567966
7262.0	0.00571787
7263.0	0.00600197
7264.0	0.00591227
7265.0	0.00584646
7266.0	0.00552221
7267.0	0.00568036
7268.0	0.00605918
7269.0	0.00601803
7270.0	0.00633718
7271.0	0.00610984
7272.0	0.00578366
7273.0	0.00556785
7274.0	0.00562484
7275.0	0.0060149
7276.0	0.00596649
7277.0	0.00573962
7278.0	0.00606836
7279.0	0.00575052
7280.0	0.00562748
7281.0	0.00584746
7282.0	0.00597985
7283.0	0.00604954
7284.0	0.00598805
7285.0	0.00614716
7286.0	0.00560342
7287.0	0.00580286
7288.0	0.00584376
7289.0	0.00574012
7290.0	0.00604396
7291.0	0.00569238
7292.0	0.00584927
7293.0	0.00577735
7294.0	0.00564404
7295.0	0.00587348
7296.0	0.00591335
7297.0	0.0061765
7298.0	0.00603448
7299.0	0.00572759
7300.0	0.00588401
7301.0	0.00552645
7302.0	0.00536218
7303.0	0.00582426
7304.0	0.00577895
7305.0	0.00577136
7306.0	0.00590042
7307.0	0.00550392
7308.0	0.00570387
7309.0	0.00586334
7310.0	0.00579296
7311.0	0.00576862
7312.0	0.00571497
7313.0	0.00574639
7314.0	0.0056361
7315.0	0.00611833
7316.0	0.00563387
7317.0	0.00564057
7318.0	0.0057905
7319.0	0.00624438
7320.0	0.00597008
7321.0	0.00581806
7322.0	0.00546807
7323.0	0.00567506
7324.0	0.00586004
7325.0	0.00577778
7326.0	0.00555156
7327.0	0.00565127
7328.0	0.0060109
7329.0	0.00619728
7330.0	0.00603398
7331.0	0.00588393
7332.0	0.00563963
7333.0	0.00583426
7334.0	0.00591646
7335.0	0.00589423
7336.0	0.00586394
7337.0	0.0061015
7338.0	0.00590974
7339.0	0.00564466
7340.0	0.00604218
7341.0	0.00591783
7342.0	0.00555359
7343.0	0.00547422
7344.0	0.00655666
7345.0	0.00647515
7346.0	0.00615388
7347.0	0.00565122
7348.0	0.00620094
7349.0	0.00661568
7350.0	0.00600332
7351.0	0.00585128
7352.0	0.00614179
7353.0	0.00639093
7354.0	0.00614709
7355.0	0.00637865
7356.0	0.00640729
7357.0	0.00636283
7358.0	0.00609302
7359.0	0.00616344
7360.0	0.0061249
7361.0	0.00622814
7362.0	0.00625645
7363.0	0.00649418
7364.0	0.00617697
7365.0	0.00587318
7366.0	0.00633166
7367.0	0.0061002
7368.0	0.00617491
7369.0	0.00648495
7370.0	0.00651545
7371.0	0.00634453
7372.0	0.00635168
7373.0	0.00640318
7374.0	0.00645186
7375.0	0.00671097
7376.0	0.00671011
7377.0	0.0066497
7378.0	0.00683598
7379.0	0.00686326
7380.0	0.00707359
7381.0	0.006882
7382.0	0.00688373
7383.0	0.00684464
7384.0	0.00684203
7385.0	0.00688743
7386.0	0.00676723
7387.0	0.00687607
7388.0	0.00658048
7389.0	0.00650628
7390.0	0.00649554
7391.0	0.00729764
7392.0	0.00677326
7393.0	0.00680765
7394.0	0.00697471
7395.0	0.00665501
7396.0	0.00704568
7397.0	0.00694602
7398.0	0.00685612
7399.0	0.00719125
7400.0	0.00704088
7401.0	0.00712901
7402.0	0.0073843
7403.0	0.00681563
7404.0	0.00704078
7405.0	0.00729146
7406.0	0.00743065
7407.0	0.00725196
7408.0	0.0074217
7409.0	0.00746709
7410.0	0.0075366
7411.0	0.00741569
7412.0	0.00741926
7413.0	0.00776389
7414.0	0.00750849
7415.0	0.0073565
7416.0	0.00739481
7417.0	0.00776178
7418.0	0.00744989
7419.0	0.00719714
7420.0	0.00747514
7421.0	0.00708979
7422.0	0.00720464
7423.0	0.00731677
7424.0	0.00745876
7425.0	0.00743459
7426.0	0.00715339
7427.0	0.00802604
7428.0	0.00767539
7429.0	0.00761325
7430.0	0.00794781
7431.0	0.00749687
7432.0	0.00732869
7433.0	0.00771077
7434.0	0.00771242
7435.0	0.00747142
7436.0	0.00777818
7437.0	0.00821323
7438.0	0.00779977
7439.0	0.00754058
7440.0	0.00769498
7441.0	0.00756051
7442.0	0.00758881
7443.0	0.00793334
7444.0	0.00771436
7445.0	0.0081002
7446.0	0.00761198
7447.0	0.00709017
7448.0	0.00719458
7449.0	0.00766185
7450.0	0.00746035
7451.0	0.00758747
7452.0	0.00732379
7453.0	0.00792686
7454.0	0.00749713
7455.0	0.0071732
7456.0	0.00744724
7457.0	0.00772072
7458.0	0.00765858
7459.0	0.00799069
7460.0	0.00798761
7461.0	0.00746291
7462.0	0.00763488
7463.0	0.00700856
7464.0	0.00739338
7465.0	0.00799534
7466.0	0.00767001
7467.0	0.00769242
7468.0	0.00761698
7469.0	0.00815341
7470.0	0.00787052
7471.0	0.00778329
7472.0	0.00824402
7473.0	0.00742195
7474.0	0.00773472
7475.0	0.00777825
7476.0	0.00745276
7477.0	0.00753792
7478.0	0.00757316
7479.0	0.0080836
7480.0	0.00812467
7481.0	0.00837525
7482.0	0.0078266
7483.0	0.00750107
7484.0	0.0070345
7485.0	0.00751233
7486.0	0.00777517
7487.0	0.00725412
7488.0	0.00781278
7489.0	0.00775976
7490.0	0.00779924
7491.0	0.00763283
7492.0	0.00776338
7493.0	0.00779117
7494.0	0.00807138
7495.0	0.00755559
7496.0	0.00787584
7497.0	0.00782165
7498.0	0.00824032
7499.0	0.00811765
7500.0	0.00732285
7501.0	0.00731051
7502.0	0.00717934
7503.0	0.00764547
7504.0	0.00794922
7505.0	0.00817629
7506.0	0.00745978
7507.0	0.00733473
7508.0	0.00827056
7509.0	0.00832668
7510.0	0.0082163
7511.0	0.00803774
7512.0	0.00800917
7513.0	0.00823103
7514.0	0.00732386
7515.0	0.00767763
7516.0	0.00802832
7517.0	0.00789589
7518.0	0.00782563
7519.0	0.00762915
7520.0	0.0074392
7521.0	0.00780984
7522.0	0.00741117
7523.0	0.00795289
7524.0	0.00820646
7525.0	0.00782522
7526.0	0.00765353
7527.0	0.00743761
7528.0	0.00764869
7529.0	0.00721932
7530.0	0.00763825
7531.0	0.00774243
7532.0	0.00804183
7533.0	0.00774597
7534.0	0.00751878
7535.0	0.00766057
7536.0	0.00771521
7537.0	0.00789274
7538.0	0.00779764
7539.0	0.00779528
7540.0	0.00759897
7541.0	0.00781995
7542.0	0.00801899
7543.0	0.0077208
7544.0	0.00789577
7545.0	0.00776935
7546.0	0.00751139
7547.0	0.00744749
7548.0	0.00707883
7549.0	0.00743463
7550.0	0.00770104
7551.0	0.00771325
7552.0	0.00736582
7553.0	0.00781362
7554.0	0.00807539
7555.0	0.00799629
7556.0	0.00760657
7557.0	0.00777844
7558.0	0.00759465
7559.0	0.00753268
7560.0	0.00755353
7561.0	0.00752295
7562.0	0.00767438
7563.0	0.00804522
7564.0	0.00781077
7565.0	0.00783358
7566.0	0.00827593
7567.0	0.00777484
7568.0	0.00772765
7569.0	0.00734289
7570.0	0.00749664
7571.0	0.00746572
7572.0	0.00793137
7573.0	0.00744511
7574.0	0.00760125
7575.0	0.00776935
7576.0	0.00731804
7577.0	0.00799641
7578.0	0.00823723
7579.0	0.00814933
7580.0	0.00771943
7581.0	0.00798711
7582.0	0.00758174
7583.0	0.00798693
7584.0	0.00771978
7585.0	0.00748527
7586.0	0.00764716
7587.0	0.00820029
7588.0	0.00814088
7589.0	0.00807326
7590.0	0.0080111
7591.0	0.00770338
7592.0	0.00778557
7593.0	0.00820547
7594.0	0.00772124
7595.0	0.00861261
7596.0	0.0082226
7597.0	0.00900981
7598.0	0.00891357
7599.0	0.00864519
7600.0	0.00879185
7601.0	0.00846012
7602.0	0.00912349
7603.0	0.00814787
7604.0	0.0078063
7605.0	0.00826957
7606.0	0.00954656
7607.0	0.00857562
7608.0	0.00950927
7609.0	0.00862071
7610.0	0.00838826
7611.0	0.00885287
7612.0	0.00870411
7613.0	0.00959642
7614.0	0.00950846
7615.0	0.0079761
7616.0	0.00790562
7617.0	0.00811005
7618.0	0.00855475
7619.0	0.00858876
7620.0	0.00878988
7621.0	0.00849527
7622.0	0.0088591
7623.0	0.00847161
7624.0	0.00842184
7625.0	0.00890326
7626.0	0.00933989
7627.0	0.00874214
7628.0	0.00873593
7629.0	0.00919766
7630.0	0.00885368
7631.0	0.00810669
7632.0	0.00831394
7633.0	0.00860135
7634.0	0.00900935
7635.0	0.0090043
7636.0	0.00930598
7637.0	0.00940725
7638.0	0.00908544
7639.0	0.00886945
7640.0	0.00863184
7641.0	0.00944747
7642.0	0.00965632
7643.0	0.00949484
7644.0	0.00856155
7645.0	0.00889206
7646.0	0.00941798
7647.0	0.00934551
7648.0	0.00898025
7649.0	0.0091154
7650.0	0.00902032
7651.0	0.00955215
7652.0	0.00979919
7653.0	0.00984965
7654.0	0.00949961
7655.0	0.00911888
7656.0	0.00919084
7657.0	0.00919309
7658.0	0.00938713
7659.0	0.0095384
7660.0	0.00943199
7661.0	0.0093388
7662.0	0.00959319
7663.0	0.00890653
7664.0	0.0096702
7665.0	0.00958511
7666.0	0.009146
7667.0	0.00916914
7668.0	0.00917984
7669.0	0.00976866
7670.0	0.00977986
7671.0	0.00909344
7672.0	0.00878029
7673.0	0.00945636
7674.0	0.00985109
7675.0	0.00940003
7676.0	0.00934071
7677.0	0.00911494
7678.0	0.00946262
7679.0	0.00919591
7680.0	0.00925706
7681.0	0.00929305
7682.0	0.00918486
7683.0	0.00922272
7684.0	0.0091453
7685.0	0.00980088
7686.0	0.00936689
7687.0	0.00920777
7688.0	0.00923001
7689.0	0.00899886
7690.0	0.00913549
7691.0	0.0098135
7692.0	0.00902801
7693.0	0.00989681
7694.0	0.0102961
7695.0	0.00948206
7696.0	0.0088499
7697.0	0.00955068
7698.0	0.00888872
7699.0	0.00886115
7700.0	0.00910603
7701.0	0.00881512
7702.0	0.00864647
7703.0	0.00892324
7704.0	0.0089119
7705.0	0.00868304
7706.0	0.00863724
7707.0	0.00839579
7708.0	0.00860738
7709.0	0.00896638
7710.0	0.00844626
7711.0	0.00821012
7712.0	0.00849924
7713.0	0.00819447
7714.0	0.00829172
7715.0	0.00818128
7716.0	0.00829211
7717.0	0.00761693
7718.0	0.00807836
7719.0	0.00839211
7720.0	0.00758287
7721.0	0.00790651
7722.0	0.00785428
7723.0	0.00835238
7724.0	0.00857929
7725.0	0.00835445
7726.0	0.00790945
7727.0	0.00797372
7728.0	0.00801434
7729.0	0.00775271
7730.0	0.00741542
7731.0	0.00798919
7732.0	0.00792912
7733.0	0.00793241
7734.0	0.00750226
7735.0	0.00771484
7736.0	0.00739941
7737.0	0.00772093
7738.0	0.00753449
7739.0	0.00758445
7740.0	0.00748844
7741.0	0.00730396
7742.0	0.00746079
7743.0	0.00764797
7744.0	0.00787262
7745.0	0.00812573
7746.0	0.00781072
7747.0	0.00755768
7748.0	0.0075223
7749.0	0.00729733
7750.0	0.00728794
7751.0	0.00734684
7752.0	0.00761073
7753.0	0.00793213
7754.0	0.0071647
7755.0	0.00694872
7756.0	0.00753031
7757.0	0.00744013
7758.0	0.0071226
7759.0	0.00713118
7760.0	0.00741437
7761.0	0.00710869
7762.0	0.0071125
7763.0	0.00725566
7764.0	0.0071383
7765.0	0.00709904
7766.0	0.0071565
7767.0	0.00725596
7768.0	0.00743357
7769.0	0.00741209
7770.0	0.00704879
7771.0	0.00735
7772.0	0.00709085
7773.0	0.0068227
7774.0	0.00698957
7775.0	0.00684411
7776.0	0.00660184
7777.0	0.00726067
7778.0	0.00718927
7779.0	0.00674339
7780.0	0.00689431
7781.0	0.00712985
7782.0	0.00720973
7783.0	0.00731422
7784.0	0.00735802
7785.0	0.00717001
7786.0	0.00710456
7787.0	0.00683912
7788.0	0.00685723
7789.0	0.0069407
7790.0	0.00719682
7791.0	0.00691808
7792.0	0.00658878
7793.0	0.00753086
7794.0	0.00689003
7795.0	0.00714657
7796.0	0.00730958
7797.0	0.00685873
7798.0	0.00681528
7799.0	0.007141
7800.0	0.00692624
7801.0	0.00719739
7802.0	0.00676054
7803.0	0.00670829
7804.0	0.00731424
7805.0	0.00696386
7806.0	0.00695425
7807.0	0.00740931
7808.0	0.00710852
7809.0	0.00730614
7810.0	0.00706249
7811.0	0.00708795
7812.0	0.00666621
7813.0	0.00695711
7814.0	0.00714942
7815.0	0.00718123
7816.0	0.00684374
7817.0	0.00723309
7818.0	0.00733255
7819.0	0.0071255
7820.0	0.00726303
7821.0	0.00730136
7822.0	0.00698237
7823.0	0.00777912
7824.0	0.00754492
7825.0	0.00757272
7826.0	0.00769152
7827.0	0.00742185
7828.0	0.00773208
7829.0	0.00730799
7830.0	0.00773438
7831.0	0.00767261
7832.0	0.00736791
7833.0	0.00801498
7834.0	0.00801834
7835.0	0.00791878
7836.0	0.0077641
7837.0	0.00787861
7838.0	0.00757873
7839.0	0.00799642
7840.0	0.00802395
7841.0	0.0081638
7842.0	0.00816761
7843.0	0.00861261
7844.0	0.00828243
7845.0	0.00793985
7846.0	0.00842698
7847.0	0.0084304
7848.0	0.00828206
7849.0	0.00850805
7850.0	0.00813187
7851.0	0.00776908
7852.0	0.00824052
7853.0	0.00883693
7854.0	0.00846079
7855.0	0.00910065
7856.0	0.00842259
7857.0	0.00800877
7858.0	0.00839693
7859.0	0.00850986
7860.0	0.00852061
7861.0	0.00854671
7862.0	0.00858293
7863.0	0.00863279
7864.0	0.00869219
7865.0	0.00867213
7866.0	0.00914274
7867.0	0.00875544
7868.0	0.00863161
7869.0	0.00869941
7870.0	0.00909536
7871.0	0.00846967
7872.0	0.00890179
7873.0	0.00882246
7874.0	0.00902276
7875.0	0.00909602
7876.0	0.00893341
7877.0	0.00914883
7878.0	0.00952625
7879.0	0.0089401
7880.0	0.00934393
7881.0	0.00918322
7882.0	0.00914033
7883.0	0.00939138
7884.0	0.0096342
7885.0	0.00865812
7886.0	0.00897193
7887.0	0.00907392
7888.0	0.0093381
7889.0	0.00892256
7890.0	0.00880585
7891.0	0.00949253
7892.0	0.00942366
7893.0	0.00937823
7894.0	0.00957118
7895.0	0.0097281
7896.0	0.00944738
7897.0	0.00993746
7898.0	0.0102143
7899.0	0.0100021
7900.0	0.00994127
7901.0	0.00956221
7902.0	0.00979605
7903.0	0.0102305
7904.0	0.0100814
7905.0	0.00951778
7906.0	0.00971308
7907.0	0.00941371
7908.0	0.00952876
7909.0	0.00981066
7910.0	0.00986948
7911.0	0.0106156
7912.0	0.0103856
7913.0	0.00934472
7914.0	0.0096829
7915.0	0.0104739
7916.0	0.0102408
7917.0	0.00978102
7918.0	0.0100145
7919.0	0.00988828
7920.0	0.0099521
7921.0	0.0102188
7922.0	0.0106749
7923.0	0.0102344
7924.0	0.0101054
7925.0	0.00999724
7926.0	0.00997009
7927.0	0.0101452
7928.0	0.00985207
7929.0	0.0102883
7930.0	0.0105743
7931.0	0.0106209
7932.0	0.0103116
7933.0	0.0104911
7934.0	0.0104575
7935.0	0.0103355
7936.0	0.0103583
7937.0	0.0102067
7938.0	0.0103194
7939.0	0.0103699
7940.0	0.0105607
7941.0	0.010347
7942.0	0.0108758
7943.0	0.0104285
7944.0	0.0106863
7945.0	0.0105282
7946.0	0.0101313
7947.0	0.0100723
7948.0	0.0100681
7949.0	0.00989389
7950.0	0.0103029
7951.0	0.0104211
7952.0	0.0100521
7953.0	0.00949884
7954.0	0.0101523
7955.0	0.0108531
7956.0	0.0102227
7957.0	0.0102827
7958.0	0.0103643
7959.0	0.0102942
7960.0	0.0106428
7961.0	0.0110864
7962.0	0.0102317
7963.0	0.0100839
7964.0	0.00984298
7965.0	0.0102507
7966.0	0.0102725
7967.0	0.00990521
7968.0	0.0099513
7969.0	0.00964937
7970.0	0.0101261
7971.0	0.0104379
7972.0	0.0107545
7973.0	0.0102088
7974.0	0.0096422
7975.0	0.0104094
7976.0	0.0105332
7977.0	0.0105305
7978.0	0.0104621
7979.0	0.0105733
7980.0	0.00956818
7981.0	0.0100538
7982.0	0.0100467
7983.0	0.0102232
7984.0	0.0105524
7985.0	0.00994507
7986.0	0.0100452
7987.0	0.0103902
7988.0	0.0103791
7989.0	0.010359
7990.0	0.00994239
7991.0	0.0102554
7992.0	0.0102288
7993.0	0.0100771
7994.0	0.0102882
7995.0	0.0106381
7996.0	0.00993646
7997.0	0.00950473
7998.0	0.0100729
7999.0	0.00985608
8000.0	0.0101397
8001.0	0.0101224
8002.0	0.00993494
8003.0	0.00973166
8004.0	0.0100605
8005.0	0.00956629
8006.0	0.0102515
8007.0	0.0101236
8008.0	0.0104155
8009.0	0.00985179
8010.0	0.0100262
8011.0	0.0100019
8012.0	0.0099821
8013.0	0.00980082
8014.0	0.0101157
8015.0	0.00979432
8016.0	0.00949127
8017.0	0.00971681
8018.0	0.00997321
8019.0	0.0102221
8020.0	0.010029
8021.0	0.00942658
8022.0	0.00955072
8023.0	0.00973745
8024.0	0.00933505
8025.0	0.00932588
8026.0	0.00931055
8027.0	0.00932074
8028.0	0.00965251
8029.0	0.00934165
8030.0	0.00970291
8031.0	0.00932288
8032.0	0.00961033
8033.0	0.00932539
8034.0	0.00909395
8035.0	0.00899084
8036.0	0.00910528
8037.0	0.00938295
8038.0	0.00928494
8039.0	0.00963019
8040.0	0.00972547
8041.0	0.00918223
8042.0	0.00929513
8043.0	0.00889961
8044.0	0.00903419
8045.0	0.00899106
8046.0	0.00872041
8047.0	0.00882536
8048.0	0.00926384
8049.0	0.00929557
8050.0	0.00920951
8051.0	0.00872319
8052.0	0.00863763
8053.0	0.00913814
8054.0	0.00946299
8055.0	0.0087446
8056.0	0.00883109
8057.0	0.00903504
8058.0	0.00909818
8059.0	0.00850329
8060.0	0.0085389
8061.0	0.00851021
8062.0	0.00821534
8063.0	0.00844627
8064.0	0.00873979
8065.0	0.00908992
8066.0	0.00866669
8067.0	0.00869005
8068.0	0.00885881
8069.0	0.00878601
8070.0	0.00863465
8071.0	0.00917381
8072.0	0.00860423
8073.0	0.00860944
8074.0	0.00874455
8075.0	0.00857863
8076.0	0.00838431
8077.0	0.00898736
8078.0	0.00824522
8079.0	0.0084018
8080.0	0.00869553
8081.0	0.00860725
8082.0	0.00836104
8083.0	0.00840361
8084.0	0.0080672
8085.0	0.00828226
8086.0	0.00803229
8087.0	0.00803356
8088.0	0.00778866
8089.0	0.00770511
8090.0	0.00798126
8091.0	0.00829195
8092.0	0.007987
8093.0	0.00801613
8094.0	0.00815169
8095.0	0.00787308
8096.0	0.00823394
8097.0	0.00752897
8098.0	0.00775203
8099.0	0.00792976
8100.0	0.00750527
8101.0	0.0078448
8102.0	0.00783805
8103.0	0.00803823
8104.0	0.00731657
8105.0	0.00702517
8106.0	0.00777077
8107.0	0.0080326
8108.0	0.00759105
8109.0	0.00762736
8110.0	0.00723806
8111.0	0.00748367
8112.0	0.00736177
8113.0	0.00738344
8114.0	0.00745588
8115.0	0.0074995
8116.0	0.0071002
8117.0	0.00704519
8118.0	0.00783105
8119.0	0.0072797
8120.0	0.00752239
8121.0	0.00714996
8122.0	0.00726611
8123.0	0.00732974
8124.0	0.00732647
8125.0	0.00748543
8126.0	0.00695129
8127.0	0.00693222
8128.0	0.00648384
8129.0	0.00659129
8130.0	0.00649036
8131.0	0.00647313
8132.0	0.00700929
8133.0	0.00698346
8134.0	0.00720323
8135.0	0.0066718
8136.0	0.0067245
8137.0	0.00658079
8138.0	0.00624454
8139.0	0.00599165
8140.0	0.00653591
8141.0	0.00652712
8142.0	0.00640634
8143.0	0.00637444
8144.0	0.00661162
8145.0	0.00667433
8146.0	0.00631501
8147.0	0.00578794
8148.0	0.00627138
8149.0	0.00645087
8150.0	0.00640898
8151.0	0.00651342
8152.0	0.00607707
8153.0	0.00606566
8154.0	0.00634849
8155.0	0.00642402
8156.0	0.00628045
8157.0	0.00647599
8158.0	0.00618449
8159.0	0.00626495
8160.0	0.00612743
8161.0	0.00611992
8162.0	0.00557476
8163.0	0.0058727
8164.0	0.00616469
8165.0	0.00598893
8166.0	0.00593277
8167.0	0.00580477
8168.0	0.0057538
8169.0	0.00561095
8170.0	0.00597531
8171.0	0.00592114
8172.0	0.00580305
8173.0	0.0061145
8174.0	0.00569729
8175.0	0.00563209
8176.0	0.00579338
8177.0	0.00594936
8178.0	0.00595212
8179.0	0.00563342
8180.0	0.00563952
8181.0	0.0054082
8182.0	0.00525933
8183.0	0.00535318
8184.0	0.0055532
8185.0	0.00554436
8186.0	0.00539978
8187.0	0.00525482
8188.0	0.00579852
8189.0	0.00573318
8190.0	0.00529249
8191.0	0.00533029
8192.0	0.00541435
8193.0	0.005626
8194.0	0.00529083
8195.0	0.00503107
8196.0	0.00499612
8197.0	0.00520056
8198.0	0.00520923
8199.0	0.00560587
8200.0	0.00505235
8201.0	0.00490545
8202.0	0.00524703
8203.0	0.00523455
8204.0	0.00503382
8205.0	0.00504288
8206.0	0.0053036
8207.0	0.0053562
8208.0	0.00534879
8209.0	0.00507504
8210.0	0.00526999
8211.0	0.00523492
8212.0	0.00500266
8213.0	0.00489579
8214.0	0.00507222
8215.0	0.00512629
8216.0	0.00515883
8217.0	0.00495147
8218.0	0.00496988
8219.0	0.00520816
8220.0	0.0046883
8221.0	0.00497006
8222.0	0.00509228
8223.0	0.00489098
8224.0	0.00464523
8225.0	0.00517612
8226.0	0.00540128
8227.0	0.00529027
8228.0	0.00486938
8229.0	0.00540896
8230.0	0.00535735
8231.0	0.0051098
8232.0	0.00502992
8233.0	0.00483047
8234.0	0.00453639
8235.0	0.0048707
8236.0	0.00474433
8237.0	0.00473688
8238.0	0.00497087
8239.0	0.00520393
8240.0	0.00495618
8241.0	0.00499059
8242.0	0.00508222
8243.0	0.00491568
8244.0	0.00512084
8245.0	0.00513279
8246.0	0.00508438
8247.0	0.00503597
8248.0	0.00498756
8249.0	0.00493915
8250.0	0.00493915
8251.0	0.00469089
8252.0	0.00482309
8253.0	0.00459819
8254.0	0.00507115
8255.0	0.00500548
8256.0	0.00471827
8257.0	0.00460905
8258.0	0.0048131
8259.0	0.00471105
8260.0	0.00459499
8261.0	0.00465271
8262.0	0.00490258
8263.0	0.00472383
8264.0	0.00486659
8265.0	0.00484897
8266.0	0.00485143
8267.0	0.00472289
8268.0	0.00437977
8269.0	0.00490148
8270.0	0.0051292
8271.0	0.00487443
8272.0	0.00485086
8273.0	0.00492705
8274.0	0.00500852
8275.0	0.00481155
8276.0	0.00462117
8277.0	0.00529133
8278.0	0.00479097
8279.0	0.00457838
8280.0	0.00514023
8281.0	0.00502877
8282.0	0.00480365
8283.0	0.00474741
8284.0	0.00433258
8285.0	0.00468828
8286.0	0.00444326
8287.0	0.00454803
8288.0	0.00483716
8289.0	0.00455362
8290.0	0.00453924
8291.0	0.00468242
8292.0	0.00461593
8293.0	0.00478693
8294.0	0.0047462
8295.0	0.00461603
8296.0	0.00455333
8297.0	0.00477401
8298.0	0.00543785
8299.0	0.00509873
8300.0	0.00530495
8301.0	0.00528206
8302.0	0.00478234
8303.0	0.00512509
8304.0	0.00493806
8305.0	0.00486444
8306.0	0.00517615
8307.0	0.00488749
8308.0	0.00483753
8309.0	0.00472327
8310.0	0.00520629
8311.0	0.00531691
8312.0	0.00475584
8313.0	0.00483769
8314.0	0.00475157
8315.0	0.00433629
8316.0	0.00460078
8317.0	0.00464437
8318.0	0.00461407
8319.0	0.00469391
8320.0	0.00494986
8321.0	0.00483792
8322.0	0.00491084
8323.0	0.004749
8324.0	0.00477952
8325.0	0.00449084
8326.0	0.00498427
8327.0	0.00479059
8328.0	0.00491211
8329.0	0.00464667
8330.0	0.00488238
8331.0	0.0049375
8332.0	0.00443412
8333.0	0.00462631
8334.0	0.00482815
8335.0	0.00430724
8336.0	0.0044263
8337.0	0.00473554
8338.0	0.00447086
8339.0	0.00485985
8340.0	0.00495056
8341.0	0.00443469
8342.0	0.0041379
8343.0	0.00425664
8344.0	0.0044996
8345.0	0.00500582
8346.0	0.0055881
8347.0	0.00455306
8348.0	0.00388686
8349.0	0.0041994
8350.0	0.00421913
8351.0	0.0046192
8352.0	0.00453838
8353.0	0.00414963
8354.0	0.00441453
8355.0	0.00505812
8356.0	0.00429204
8357.0	0.00435715
8358.0	0.00414548
8359.0	0.00397485
8360.0	0.00405265
8361.0	0.00394382
8362.0	0.00404006
8363.0	0.00387027
8364.0	0.00366934
8365.0	0.00400767
8366.0	0.0039246
8367.0	0.00385057
8368.0	0.00409302
8369.0	0.00380653
8370.0	0.00429756
8371.0	0.0039675
8372.0	0.00359816
8373.0	0.00387174
8374.0	0.00373901
8375.0	0.00342107
8376.0	0.00354736
8377.0	0.00346904
8378.0	0.00329762
8379.0	0.003356
8380.0	0.00352845
8381.0	0.00348127
8382.0	0.00335119
8383.0	0.0031876
8384.0	0.00360806
8385.0	0.00338122
8386.0	0.00313329
8387.0	0.00335301
8388.0	0.0029979
8389.0	0.00314208
8390.0	0.00324081
8391.0	0.0032005
8392.0	0.00308219
8393.0	0.00288688
8394.0	0.00295623
8395.0	0.00303591
8396.0	0.00236233
8397.0	0.00249514
8398.0	0.00269756
8399.0	0.00273442
8400.0	0.00263195
8401.0	0.002956
8402.0	0.00287715
8403.0	0.00271969
8404.0	0.00256713
8405.0	0.00279325
8406.0	0.00249546
8407.0	0.00248389
8408.0	0.00259702
8409.0	0.00247413
8410.0	0.00246573
8411.0	0.00241574
8412.0	0.00217179
8413.0	0.00218801
8414.0	0.00244639
8415.0	0.00263169
8416.0	0.00231026
8417.0	0.00254263
8418.0	0.00216579
8419.0	0.00211073
8420.0	0.0023444
8421.0	0.00205176
8422.0	0.00208086
8423.0	0.00205108
8424.0	0.00224296
8425.0	0.00237696
8426.0	0.00222141
8427.0	0.0019883
8428.0	0.00149378
8429.0	0.00239017
8430.0	0.00203854
8431.0	0.00207343
8432.0	0.00189393
8433.0	0.00197124
8434.0	0.00191107
8435.0	0.00184587
8436.0	0.00189127
8437.0	0.00165562
8438.0	0.00176194
8439.0	0.00152443
8440.0	0.0014591
8441.0	0.00148959
8442.0	0.00163872
8443.0	0.00179981
8444.0	0.00135783
8445.0	0.00137788
8446.0	0.00155185
8447.0	0.00168046
8448.0	0.00153517
8449.0	0.00133953
8450.0	0.00123553
8451.0	0.00133185
8452.0	0.00143016
8453.0	0.00135389
8454.0	0.00117337
8455.0	0.00121565
8456.0	0.00109736
8457.0	0.00127374
8458.0	0.00128586
8459.0	0.00123542
8460.0	0.00108389
8461.0	0.00122624
8462.0	0.0012461
8463.0	0.000747725
8464.0	0.00110332
8465.0	0.00126046
8466.0	0.00106771
8467.0	0.00140551
8468.0	0.00101563
8469.0	0.000930452
8470.0	0.00128819
8471.0	0.00124726
8472.0	0.00104025
8473.0	0.000939701
8474.0	0.00102126
8475.0	0.000958109
8476.0	0.000566798
8477.0	0.000940078
8478.0	0.00101228
8479.0	0.00105664
8480.0	0.000961891
8481.0	0.000692091
8482.0	0.000753921
8483.0	0.000682541
8484.0	0.00100941
8485.0	0.0011041
8486.0	0.00105915
8487.0	0.000863557
8488.0	0.000946014
8489.0	0.00119288
8490.0	0.00104532
8491.0	0.000942754
8492.0	0.00125751
8493.0	0.00105564
8494.0	0.000898263
8495.0	0.000620476
8496.0	0.000838977
8497.0	0.000873081
8498.0	0.00122941
8499.0	0.000973429
8500.0	0.000885287
8501.0	0.000894788
8502.0	0.000859609
8503.0	0.000753945
8504.0	0.00108957
8505.0	0.00120999
8506.0	0.00140516
8507.0	0.00144799
8508.0	0.000897531
8509.0	0.00106341
8510.0	0.00109213
8511.0	0.000832092
8512.0	0.000834675
8513.0	0.00108857
8514.0	0.00130305
8515.0	0.00113267
8516.0	0.00111096
8517.0	0.00122295
8518.0	0.00119553
8519.0	0.00103415
8520.0	0.00106877
8521.0	0.00109233
8522.0	0.00108555
8523.0	0.00116281
8524.0	0.00103635
8525.0	0.00126272
8526.0	0.000989912
8527.0	0.00100398
8528.0	0.00114454
8529.0	0.00126557
8530.0	0.00112022
8531.0	0.00113874
8532.0	0.00090386
8533.0	0.00105413
8534.0	0.0013583
8535.0	0.00121696
8536.0	0.00139816
8537.0	0.00138567
8538.0	0.00146025
8539.0	0.00132468
8540.0	0.00112428
8541.0	0.00113697
8542.0	0.00153336
8543.0	0.00130161
8544.0	0.00104607
8545.0	0.00116095
8546.0	0.0011156
8547.0	0.00153531
8548.0	0.000972917
8549.0	0.00102944
8550.0	0.00159181
8551.0	0.00146912
8552.0	0.00140312
8553.0	0.0013331
8554.0	0.00138042
8555.0	0.00143364
8556.0	0.00137808
8557.0	0.00150271
8558.0	0.00150414
8559.0	0.00154028
8560.0	0.00140556
8561.0	0.00123997
8562.0	0.00142442
8563.0	0.00161083
8564.0	0.00145496
8565.0	0.00159711
8566.0	0.001837
8567.0	0.00154085
8568.0	0.00145016
8569.0	0.00157214
8570.0	0.00166715
8571.0	0.0014807
8572.0	0.00131485
8573.0	0.00136963
8574.0	0.00186901
8575.0	0.00158613
8576.0	0.00170446
8577.0	0.00154676
8578.0	0.00139051
8579.0	0.00136745
8580.0	0.00171342
8581.0	0.00150533
8582.0	0.00173696
8583.0	0.00209787
8584.0	0.00155257
8585.0	0.00162485
8586.0	0.00182457
8587.0	0.00193498
8588.0	0.00197048
8589.0	0.00165501
8590.0	0.00187114
8591.0	0.00175931
8592.0	0.00168625
8593.0	0.00176822
8594.0	0.00182495
8595.0	0.00181759
8596.0	0.00176774
8597.0	0.00183782
8598.0	0.0018722
8599.0	0.00197836
8600.0	0.00168477
8601.0	0.00173838
8602.0	0.00172378
8603.0	0.0017332
8604.0	0.0016313
8605.0	0.00191331
8606.0	0.00167821
8607.0	0.00178855
8608.0	0.00188329
8609.0	0.00209111
8610.0	0.00165252
8611.0	0.00173851
8612.0	0.00187466
8613.0	0.0019511
8614.0	0.0017737
8615.0	0.00163609
8616.0	0.00176445
8617.0	0.00183894
8618.0	0.00208529
8619.0	0.00189295
8620.0	0.00232011
8621.0	0.00198129
8622.0	0.00197522
8623.0	0.0015446
8624.0	0.00162173
8625.0	0.00187785
8626.0	0.00187322
8627.0	0.00207642
8628.0	0.0021436
8629.0	0.00195343
8630.0	0.0020998
8631.0	0.00191693
8632.0	0.00235278
8633.0	0.00218233
8634.0	0.00194165
8635.0	0.00192874
8636.0	0.00189359
8637.0	0.00195823
8638.0	0.00176231
8639.0	0.00184525
8640.0	0.00182624
8641.0	0.00180814
8642.0	0.00204412
8643.0	0.00198481
8644.0	0.00221368
8645.0	0.00209877
8646.0	0.00211611
8647.0	0.00205536
8648.0	0.00226724
8649.0	0.00218816
8650.0	0.00256227
8651.0	0.00231709
8652.0	0.0022302
8653.0	0.00224534
8654.0	0.00232446
8655.0	0.00256143
8656.0	0.00252633
8657.0	0.00262378
8658.0	0.00245056
8659.0	0.00230725
8660.0	0.00224256
8661.0	0.00249824
8662.0	0.00288108
8663.0	0.00278286
8664.0	0.00262537
8665.0	0.00240881
8666.0	0.00246434
8667.0	0.00247753
8668.0	0.00252466
8669.0	0.00299731
8670.0	0.00264997
8671.0	0.00248847
8672.0	0.0029453
8673.0	0.00265923
8674.0	0.00265015
8675.0	0.00287617
8676.0	0.00306391
8677.0	0.00310711
8678.0	0.00304938
8679.0	0.00280311
8680.0	0.00305211
8681.0	0.00328151
8682.0	0.00336534
8683.0	0.00286912
8684.0	0.00318058
8685.0	0.00297406
8686.0	0.00333601
8687.0	0.00334769
8688.0	0.00299268
8689.0	0.00316411
8690.0	0.00331025
8691.0	0.00314412
8692.0	0.0034439
8693.0	0.00341058
8694.0	0.00310607
8695.0	0.00338516
8696.0	0.00346644
8697.0	0.00335274
8698.0	0.00345311
8699.0	0.00375136
8700.0	0.00379258
8701.0	0.00391185
8702.0	0.00355633
8703.0	0.00357034
8704.0	0.0035337
8705.0	0.00332179
8706.0	0.00358961
8707.0	0.00415955
8708.0	0.00381779
8709.0	0.00371159
8710.0	0.00358768
8711.0	0.00388185
8712.0	0.00375183
8713.0	0.00391207
8714.0	0.00414017
8715.0	0.00385664
8716.0	0.00390801
8717.0	0.00387094
8718.0	0.00418844
8719.0	0.00447106
8720.0	0.00414995
8721.0	0.00405658
8722.0	0.00391321
8723.0	0.00396224
8724.0	0.00417151
8725.0	0.00422321
8726.0	0.00430002
8727.0	0.0046173
8728.0	0.0051445
8729.0	0.00500416
8730.0	0.00512582
8731.0	0.00529781
8732.0	0.00553911
8733.0	0.0053216
8734.0	0.00560943
8735.0	0.00573085
8736.0	0.00572852
8737.0	0.00602656
8738.0	0.00594441
8739.0	0.0059513
8740.0	0.00588907
8741.0	0.00627848
8742.0	0.00643643
8743.0	0.00671542
8744.0	0.00637667
8745.0	0.00644851
8746.0	0.00669998
8747.0	0.00662116
8748.0	0.00613915
8749.0	0.00671114
8750.0	0.00670677
8751.0	0.00726631
8752.0	0.00703442
8753.0	0.00704133
8754.0	0.00709144
8755.0	0.00717808
8756.0	0.00668336
8757.0	0.00700265
8758.0	0.00716552
8759.0	0.00663077
8760.0	0.00674869
8761.0	0.00719542
8762.0	0.00707466
8763.0	0.00789049
8764.0	0.0077358
8765.0	0.00737126
8766.0	0.00746955
8767.0	0.00858289
8768.0	0.0079687
8769.0	0.00792623
8770.0	0.00881793
8771.0	0.00774002
8772.0	0.00752874
8773.0	0.00750658
8774.0	0.0079608
8775.0	0.00778271
8776.0	0.00717811
8777.0	0.00773232
8778.0	0.00817905
8779.0	0.00864475
8780.0	0.00797985
8781.0	0.00759736
8782.0	0.00797372
8783.0	0.00801444
8784.0	0.008231
8785.0	0.00838199
8786.0	0.00832242
8787.0	0.00805503
8788.0	0.00796078
8789.0	0.00808025
8790.0	0.00894584
8791.0	0.00894105
8792.0	0.00741817
8793.0	0.00815858
8794.0	0.00842336
8795.0	0.00825983
8796.0	0.00839621
8797.0	0.00830177
8798.0	0.00837121
8799.0	0.00852673
8800.0	0.00862885
8801.0	0.00853075
8802.0	0.00836316
8803.0	0.0081477
8804.0	0.00779634
8805.0	0.00828157
8806.0	0.00868354
8807.0	0.00879292
8808.0	0.0082661
8809.0	0.00845717
8810.0	0.00823526
8811.0	0.0080209
8812.0	0.00810455
8813.0	0.00828751
8814.0	0.0080111
8815.0	0.00841583
8816.0	0.00848066
8817.0	0.00839232
8818.0	0.00829907
8819.0	0.00798369
8820.0	0.00832103
8821.0	0.00841295
8822.0	0.00799193
8823.0	0.0083939
8824.0	0.00853566
8825.0	0.00787399
8826.0	0.00777565
8827.0	0.00792557
8828.0	0.00858766
8829.0	0.00908084
8830.0	0.00807677
8831.0	0.00793814
8832.0	0.0081047
8833.0	0.00832502
8834.0	0.00832212
8835.0	0.00845829
8836.0	0.00852843
8837.0	0.00850319
8838.0	0.00863586
8839.0	0.00875617
8840.0	0.00799164
8841.0	0.00833072
8842.0	0.0085681
8843.0	0.00887938
8844.0	0.0085909
8845.0	0.00801784
8846.0	0.00860462
8847.0	0.00854131
8848.0	0.00831809
8849.0	0.00798642
8850.0	0.00823297
8851.0	0.00838299
8852.0	0.0084812
8853.0	0.00853869
8854.0	0.00854457
8855.0	0.00841167
8856.0	0.00800839
8857.0	0.00844856
8858.0	0.00833191
8859.0	0.00810332
8860.0	0.00802861
8861.0	0.00838757
8862.0	0.00837737
8863.0	0.0086847
8864.0	0.00895354
8865.0	0.00892622
8866.0	0.00874216
8867.0	0.00809934
8868.0	0.00835025
8869.0	0.00915085
8870.0	0.00874233
8871.0	0.00844459
8872.0	0.00838542
8873.0	0.00843695
8874.0	0.00876687
8875.0	0.00853834
8876.0	0.00827199
8877.0	0.00844159
8878.0	0.00834425
8879.0	0.00885648
8880.0	0.00848055
8881.0	0.00805694
8882.0	0.00861842
8883.0	0.00823198
8884.0	0.00842983
8885.0	0.0094708
8886.0	0.00880162
8887.0	0.00883677
8888.0	0.00864697
8889.0	0.00830255
8890.0	0.00871444
8891.0	0.00868175
8892.0	0.00804409
8893.0	0.00855281
8894.0	0.00855962
8895.0	0.00860715
8896.0	0.00887557
8897.0	0.00892259
8898.0	0.00822119
8899.0	0.00867162
8900.0	0.00894446
8901.0	0.00899955
8902.0	0.00877462
8903.0	0.0087143
8904.0	0.00955882
8905.0	0.00903981
8906.0	0.00852673
8907.0	0.00856953
8908.0	0.00867111
8909.0	0.00862518
8910.0	0.00911847
8911.0	0.00936561
8912.0	0.00895562
8913.0	0.00902533
8914.0	0.00948292
8915.0	0.00944924
8916.0	0.00927597
8917.0	0.0079889
8918.0	0.00841602
8919.0	0.0088853
8920.0	0.0091132
8921.0	0.00955614
8922.0	0.00902288
8923.0	0.00842604
8924.0	0.00863455
8925.0	0.0089767
8926.0	0.00923442
8927.0	0.00959056
8928.0	0.00906369
8929.0	0.00937357
8930.0	0.00979974
8931.0	0.00958276
8932.0	0.00959842
8933.0	0.00962133
8934.0	0.00945626
8935.0	0.00932607
8936.0	0.00890976
8937.0	0.0092592
8938.0	0.00975185
8939.0	0.00992071
8940.0	0.00922577
8941.0	0.00898398
8942.0	0.00942039
8943.0	0.00950378
8944.0	0.00971709
8945.0	0.00998804
8946.0	0.00932012
8947.0	0.00946807
8948.0	0.0101419
8949.0	0.00944217
8950.0	0.00932187
8951.0	0.00924079
8952.0	0.00937005
8953.0	0.0100361
8954.0	0.00972844
8955.0	0.00927745
8956.0	0.0095844
8957.0	0.0101021
8958.0	0.0102169
8959.0	0.00970461
8960.0	0.010064
8961.0	0.00977677
8962.0	0.00976753
8963.0	0.0100422
8964.0	0.00969611
8965.0	0.00946156
8966.0	0.00973163
8967.0	0.00980238
8968.0	0.00987808
8969.0	0.00953991
8970.0	0.00973667
8971.0	0.0101489
8972.0	0.00976561
8973.0	0.00945012
8974.0	0.0100893
8975.0	0.0100655
8976.0	0.0101044
8977.0	0.0092091
8978.0	0.00949007
8979.0	0.00984646
8980.0	0.00978184
8981.0	0.01005
8982.0	0.00999926
8983.0	0.0102532
8984.0	0.00959515
8985.0	0.00980714
8986.0	0.00976991
8987.0	0.00994544
8988.0	0.010468
8989.0	0.00986627
8990.0	0.0103916
8991.0	0.0100916
8992.0	0.00983311
8993.0	0.0096323
8994.0	0.00991424
8995.0	0.0101547
8996.0	0.0100662
8997.0	0.00994269
8998.0	0.0100985
8999.0	0.00979483
9000.0	0.0100691
9001.0	0.0106752
9002.0	0.0111469
9003.0	0.010406
9004.0	0.0105392
9005.0	0.0109331
9006.0	0.0110188
9007.0	0.0105012
9008.0	0.0111701
9009.0	0.0104289
9010.0	0.0101962
9011.0	0.00962172
9012.0	0.0097529
9013.0	0.0101824
9014.0	0.0111659
9015.0	0.0105039
9016.0	0.00993377
9017.0	0.0100117
9018.0	0.010275
9019.0	0.00954294
9020.0	0.00957412
9021.0	0.00977631
9022.0	0.00995186
9023.0	0.0103085
9024.0	0.010192
9025.0	0.00993412
9026.0	0.00939269
9027.0	0.00928315
9028.0	0.00976153
9029.0	0.0101056
9030.0	0.0103591
9031.0	0.00972559
9032.0	0.00935571
9033.0	0.00940991
9034.0	0.00900966
9035.0	0.00932617
9036.0	0.0102491
9037.0	0.00994304
9038.0	0.00970155
9039.0	0.0101593
9040.0	0.0101091
9041.0	0.00982152
9042.0	0.0102119
9043.0	0.00985826
9044.0	0.0093891
9045.0	0.0103039
9046.0	0.00970273
9047.0	0.00945488
9048.0	0.0100586
9049.0	0.0102331
9050.0	0.00991981
9051.0	0.00998623
9052.0	0.00972951
9053.0	0.0102611
9054.0	0.0100733
9055.0	0.00978899
9056.0	0.00994852
9057.0	0.0102884
9058.0	0.00991221
9059.0	0.0102112
9060.0	0.00984789
9061.0	0.00955089
9062.0	0.00965898
9063.0	0.0094861
9064.0	0.00941798
9065.0	0.00945166
9066.0	0.00966133
9067.0	0.00941549
9068.0	0.00920066
9069.0	0.00943897
9070.0	0.00996737
9071.0	0.00974382
9072.0	0.0094667
9073.0	0.00929786
9074.0	0.00923662
9075.0	0.00937722
9076.0	0.00967831
9077.0	0.0104944
9078.0	0.00986466
9079.0	0.00975385
9080.0	0.0104648
9081.0	0.00936076
9082.0	0.0094463
9083.0	0.00940533
9084.0	0.00936271
9085.0	0.00952556
9086.0	0.00894006
9087.0	0.009456
9088.0	0.00957704
9089.0	0.00929849
9090.0	0.00913015
9091.0	0.00943638
9092.0	0.00928338
9093.0	0.00919869
9094.0	0.00959688
9095.0	0.0101711
9096.0	0.00921623
9097.0	0.00909868
9098.0	0.00922906
9099.0	0.00920698
9100.0	0.00888073
9101.0	0.00917466
9102.0	0.00917218
9103.0	0.00890758
9104.0	0.00930848
9105.0	0.00958003
9106.0	0.00910856
9107.0	0.00901853
9108.0	0.00911077
9109.0	0.0089577
9110.0	0.00871608
9111.0	0.00911653
9112.0	0.00927328
9113.0	0.00894499
9114.0	0.00873928
9115.0	0.00921073
9116.0	0.00887357
9117.0	0.0091
9118.0	0.00892234
9119.0	0.00861148
9120.0	0.00889968
9121.0	0.0084534
9122.0	0.00868628
9123.0	0.00874538
9124.0	0.00876399
9125.0	0.00874
9126.0	0.00902019
9127.0	0.00870102
9128.0	0.00875537
9129.0	0.00889539
9130.0	0.00880963
9131.0	0.00915965
9132.0	0.00892095
9133.0	0.00888253
9134.0	0.0083289
9135.0	0.00872704
9136.0	0.00909194
9137.0	0.00858537
9138.0	0.00869441
9139.0	0.00844797
9140.0	0.00875474
9141.0	0.00895715
9142.0	0.00879542
9143.0	0.00879214
9144.0	0.00847276
9145.0	0.00846191
9146.0	0.0086643
9147.0	0.00884662
9148.0	0.00854577
9149.0	0.00845639
9150.0	0.00829838
9151.0	0.0083202
9152.0	0.00837368
9153.0	0.00876106
9154.0	0.00813571
9155.0	0.00804924
9156.0	0.00815891
9157.0	0.00827011
9158.0	0.00783637
9159.0	0.0077597
9160.0	0.00811711
9161.0	0.00853544
9162.0	0.00818867
9163.0	0.00818488
9164.0	0.00820694
9165.0	0.00806843
9166.0	0.00765664
9167.0	0.00751716
9168.0	0.00758743
9169.0	0.00795431
9170.0	0.00822451
9171.0	0.00816638
9172.0	0.00779848
9173.0	0.00756912
9174.0	0.00795542
9175.0	0.00792234
9176.0	0.00720856
9177.0	0.00742476
9178.0	0.00751934
9179.0	0.00753551
9180.0	0.00786045
9181.0	0.00764183
9182.0	0.00800838
9183.0	0.00770312
9184.0	0.00726486
9185.0	0.00757083
9186.0	0.00815559
9187.0	0.00798781
9188.0	0.00740717
9189.0	0.00721016
9190.0	0.00753392
9191.0	0.00777706
9192.0	0.007821
9193.0	0.00750987
9194.0	0.0075894
9195.0	0.00709363
9196.0	0.00751381
9197.0	0.00709944
9198.0	0.00739623
9199.0	0.00762116
9200.0	0.00746911
9201.0	0.00780224
9202.0	0.00697363
9203.0	0.0071061
9204.0	0.00728648
9205.0	0.00738468
9206.0	0.00735482
9207.0	0.00675754
9208.0	0.00695585
9209.0	0.00732594
9210.0	0.0072569
9211.0	0.00712604
9212.0	0.00673531
9213.0	0.00750011
9214.0	0.00718337
9215.0	0.00680609
9216.0	0.00705578
9217.0	0.00791794
9218.0	0.00782202
9219.0	0.00754286
9220.0	0.00765357
9221.0	0.00721717
9222.0	0.00773851
9223.0	0.00732629
9224.0	0.00724841
9225.0	0.00691363
9226.0	0.00702809
9227.0	0.00663098
9228.0	0.00686741
9229.0	0.00696597
9230.0	0.00705959
9231.0	0.00666834
9232.0	0.00690108
9233.0	0.00730829
9234.0	0.00689442
9235.0	0.00655844
9236.0	0.00712359
9237.0	0.00671059
9238.0	0.00650256
9239.0	0.00675064
9240.0	0.00710637
9241.0	0.00711451
9242.0	0.00659574
9243.0	0.00624425
9244.0	0.00701874
9245.0	0.00681184
9246.0	0.00644371
9247.0	0.00591159
9248.0	0.0063821
9249.0	0.00692608
9250.0	0.00672097
9251.0	0.00690777
9252.0	0.00661285
9253.0	0.00649528
9254.0	0.00599229
9255.0	0.00609046
9256.0	0.00647875
9257.0	0.00604347
9258.0	0.0064464
9259.0	0.00695357
9260.0	0.00692161
9261.0	0.00661765
9262.0	0.00691644
9263.0	0.00692712
9264.0	0.00666645
9265.0	0.00678152
9266.0	0.00637509
9267.0	0.00656053
9268.0	0.00698279
9269.0	0.00684857
9270.0	0.00631535
9271.0	0.00604015
9272.0	0.00581546
9273.0	0.00606542
9274.0	0.00626514
9275.0	0.0068447
9276.0	0.00611095
9277.0	0.00604739
9278.0	0.00633929
9279.0	0.00653345
9280.0	0.00621348
9281.0	0.0065999
9282.0	0.00646806
9283.0	0.00623678
9284.0	0.00598793
9285.0	0.00612376
9286.0	0.00611205
9287.0	0.00596363
9288.0	0.00619773
9289.0	0.00655336
9290.0	0.00577327
9291.0	0.00593452
9292.0	0.00600251
9293.0	0.00644252
9294.0	0.00609619
9295.0	0.00629993
9296.0	0.00684062
9297.0	0.00606965
9298.0	0.00604564
9299.0	0.00652706
9300.0	0.00684491
9301.0	0.00593678
9302.0	0.00584517
9303.0	0.00627286
9304.0	0.00635881
9305.0	0.00621323
9306.0	0.00621011
9307.0	0.00635916
9308.0	0.00629479
9309.0	0.0069878
9310.0	0.00695435
9311.0	0.00636794
9312.0	0.00669794
9313.0	0.00704077
9314.0	0.00620087
9315.0	0.00582521
9316.0	0.00557906
9317.0	0.00604499
9318.0	0.0067173
9319.0	0.00575123
9320.0	0.00593014
9321.0	0.00606034
9322.0	0.00624605
9323.0	0.00682375
9324.0	0.0064068
9325.0	0.00628865
9326.0	0.00739636
9327.0	0.00676767
9328.0	0.00646122
9329.0	0.00644263
9330.0	0.005947
9331.0	0.00560429
9332.0	0.00576631
9333.0	0.00566575
9334.0	0.00561446
9335.0	0.006281
9336.0	0.0065056
9337.0	0.00662341
9338.0	0.0059829
9339.0	0.00549579
9340.0	0.00592761
9341.0	0.00633981
9342.0	0.00595959
9343.0	0.00567655
9344.0	0.00619594
9345.0	0.00695113
9346.0	0.00712483
9347.0	0.00699081
9348.0	0.00626089
9349.0	0.0065163
9350.0	0.00600658
9351.0	0.00606417
9352.0	0.00603749
9353.0	0.00587034
9354.0	0.00639022
9355.0	0.00677218
9356.0	0.00663255
9357.0	0.0057955
9358.0	0.00520674
9359.0	0.00570326
9360.0	0.00599561
9361.0	0.00601011
9362.0	0.00616709
9363.0	0.00646917
9364.0	0.00626113
9365.0	0.00601266
9366.0	0.00528529
9367.0	0.00636099
9368.0	0.00618655
9369.0	0.00567408
9370.0	0.0062313
9371.0	0.00632624
9372.0	0.00656296
9373.0	0.00562723
9374.0	0.00640303
9375.0	0.00635092
9376.0	0.00721614
9377.0	0.00748621
9378.0	0.0080162
9379.0	0.00704485
9380.0	0.00604526
9381.0	0.00630747
9382.0	0.00600398
9383.0	0.00620997
9384.0	0.00665326
9385.0	0.00651369
9386.0	0.00593378
9387.0	0.0055036
9388.0	0.00592511
9389.0	0.00615302
9390.0	0.00632205
9391.0	0.00631806
9392.0	0.00636126
9393.0	0.00653076
9394.0	0.00595791
9395.0	0.00598728
9396.0	0.00642304
9397.0	0.00638926
9398.0	0.00643239
9399.0	0.00646305
9400.0	0.00687269
9401.0	0.00684849
9402.0	0.00671333
9403.0	0.00624976
9404.0	0.0066568
9405.0	0.00634734
9406.0	0.00608743
9407.0	0.00677428
9408.0	0.00648437
9409.0	0.00677919
9410.0	0.0065629
9411.0	0.00637431
9412.0	0.00633905
9413.0	0.00634652
9414.0	0.00662404
9415.0	0.00626104
9416.0	0.00601398
9417.0	0.00608803
9418.0	0.00619068
9419.0	0.0065807
9420.0	0.00672607
9421.0	0.00659073
9422.0	0.00583033
9423.0	0.00630286
9424.0	0.00712852
9425.0	0.00625327
9426.0	0.00655538
9427.0	0.00688828
9428.0	0.00795
9429.0	0.00769866
9430.0	0.00627851
9431.0	0.00630922
9432.0	0.00671242
9433.0	0.00584658
9434.0	0.0062178
9435.0	0.00621454
9436.0	0.00650536
9437.0	0.00663199
9438.0	0.00650364
9439.0	0.00704694
9440.0	0.00760062
9441.0	0.00882277
9442.0	0.00820526
9443.0	0.00607782
9444.0	0.00683983
9445.0	0.00688659
9446.0	0.00614044
9447.0	0.00603286
9448.0	0.00574355
9449.0	0.00589936
9450.0	0.0062985
9451.0	0.0066627
9452.0	0.00659887
9453.0	0.00665318
9454.0	0.00701501
9455.0	0.00672904
9456.0	0.00651061
9457.0	0.00647101
9458.0	0.00732666
9459.0	0.00729017
9460.0	0.0064211
9461.0	0.00739209
9462.0	0.00787571
9463.0	0.00665884
9464.0	0.00657957
9465.0	0.00652678
9466.0	0.00726299
9467.0	0.00718567
9468.0	0.00630933
9469.0	0.00662686
9470.0	0.00721952
9471.0	0.00588665
9472.0	0.00624494
9473.0	0.00641728
9474.0	0.00639137
9475.0	0.00613293
9476.0	0.00540625
9477.0	0.005656
9478.0	0.00746914
9479.0	0.00734407
9480.0	0.00605332
9481.0	0.0058268
9482.0	0.00730247
9483.0	0.00658052
9484.0	0.00637194
9485.0	0.00645392
9486.0	0.00686512
9487.0	0.00673643
9488.0	0.00649274
9489.0	0.00653475
9490.0	0.00663885
9491.0	0.00667256
9492.0	0.00685561
9493.0	0.00665124
9494.0	0.0066732
9495.0	0.00786041
9496.0	0.00731153
9497.0	0.00672401
9498.0	0.00738812
9499.0	0.00670218
9500.0	0.0068653
9501.0	0.00699235
9502.0	0.00738925
9503.0	0.00747758
9504.0	0.00727572
9505.0	0.0069709
9506.0	0.00619544
9507.0	0.00572078
9508.0	0.00628287
9509.0	0.00639113
9510.0	0.00665059
9511.0	0.00677409
9512.0	0.00683208
9513.0	0.0064711
9514.0	0.00678683
9515.0	0.00710404
9516.0	0.00689084
9517.0	0.00731421
9518.0	0.00801471
9519.0	0.00664224
9520.0	0.00646387
9521.0	0.00708859
9522.0	0.00690852
9523.0	0.00713975
9524.0	0.00708264
9525.0	0.00620481
9526.0	0.00646087
9527.0	0.00676495
9528.0	0.00649967
9529.0	0.0066364
9530.0	0.00685723
9531.0	0.00766358
9532.0	0.00737859
9533.0	0.00679487
9534.0	0.00701182
9535.0	0.00643775
9536.0	0.00748982
9537.0	0.00706362
9538.0	0.00751879
9539.0	0.00723316
9540.0	0.00709793
9541.0	0.00742254
9542.0	0.00725461
9543.0	0.00656818
9544.0	0.00675127
9545.0	0.00745696
9546.0	0.00805613
9547.0	0.00739731
9548.0	0.00659316
9549.0	0.00681493
9550.0	0.0068602
9551.0	0.00757221
9552.0	0.00706022
9553.0	0.006581
9554.0	0.00638374
9555.0	0.00692424
9556.0	0.00691499
9557.0	0.00616727
9558.0	0.00680206
9559.0	0.00645688
9560.0	0.00657695
9561.0	0.00632663
9562.0	0.00677563
9563.0	0.0074396
9564.0	0.00743924
9565.0	0.00695468
9566.0	0.00774279
9567.0	0.00729746
9568.0	0.00685838
9569.0	0.00696097
9570.0	0.00656999
9571.0	0.00693815
9572.0	0.00600979
9573.0	0.00623078
9574.0	0.006004
9575.0	0.00654506
9576.0	0.00592827
9577.0	0.00622423
9578.0	0.00620086
9579.0	0.00590452
9580.0	0.00606333
9581.0	0.00571769
9582.0	0.00598586
9583.0	0.00635637
9584.0	0.00611993
9585.0	0.00630336
9586.0	0.00670822
9587.0	0.00645044
9588.0	0.00661498
9589.0	0.00654609
9590.0	0.00666373
9591.0	0.00675234
9592.0	0.0062126
9593.0	0.0057587
9594.0	0.00522702
9595.0	0.00611626
9596.0	0.0060844
9597.0	0.00584701
9598.0	0.00589164
9599.0	0.00620155
9600.0	0.00656499
9601.0	0.00613488
9602.0	0.0059592
9603.0	0.0062212
9604.0	0.0057727
9605.0	0.00567063
9606.0	0.00605392
9607.0	0.00634837
9608.0	0.00559869
9609.0	0.00590926
9610.0	0.00619515
9611.0	0.00610179
9612.0	0.00577122
9613.0	0.0059081
9614.0	0.00578836
9615.0	0.00614072
9616.0	0.00630891
9617.0	0.00561393
9618.0	0.00554848
9619.0	0.00605507
9620.0	0.00635435
9621.0	0.00597926
9622.0	0.00579831
9623.0	0.00582764
9624.0	0.00549386
9625.0	0.00557782
9626.0	0.00566673
9627.0	0.00552613
9628.0	0.00555947
9629.0	0.00608032
9630.0	0.00561693
