#	 asassn15np 
#	 UT date of observation: 20150821 
#	 Telescope/Instrument: SOAR/Goodman 
#	 Estimated Peak MJD: 57241.59 
#	 Estimated redshift: 0.000 
#	 Estimated Phase: 13.4 
#	 Published in Dettman et al. 2020 
#	 Observed barycentric wavelength (Angstroms)    F_lambda
3920.0	0.09225775
3922.0	0.09528273
3924.0	0.1048582
3926.0	0.09743003
3928.0	0.08741286
3930.0	0.09872787
3932.0	0.1013209
3934.0	0.08755641
3936.0	0.08111721
3938.0	0.08520634
3940.0	0.09990792
3942.0	0.1082656
3944.0	0.1072185
3946.0	0.1118522
3948.0	0.1041918
3950.0	0.09661794
3952.0	0.0993952
3954.0	0.1005902
3956.0	0.1054525
3958.0	0.1087735
3960.0	0.1137687
3962.0	0.1046339
3964.0	0.091965
3966.0	0.09774274
3968.0	0.1058652
3970.0	0.09778542
3972.0	0.08981574
3974.0	0.09518485
3976.0	0.092289
3978.0	0.09366108
3980.0	0.1068738
3982.0	0.1121295
3984.0	0.102074
3986.0	0.1035329
3988.0	0.1047053
3990.0	0.09499659
3992.0	0.08902913
3994.0	0.09974425
3996.0	0.1025263
3998.0	0.1042932
4000.0	0.1153391
4002.0	0.1080889
4004.0	0.1092619
4006.0	0.1039199
4008.0	0.1095903
4010.0	0.1198737
4012.0	0.1056292
4014.0	0.102397
4016.0	0.1083052
4018.0	0.1208243
4020.0	0.1499431
4022.0	0.156106
4024.0	0.1298286
4026.0	0.1108084
4028.0	0.1051898
4030.0	0.1306945
4032.0	0.1612876
4034.0	0.1468944
4036.0	0.1143262
4038.0	0.1009461
4040.0	0.1012081
4042.0	0.09043859
4044.0	0.1103903
4046.0	0.1441034
4048.0	0.1279491
4050.0	0.1084898
4052.0	0.1474063
4054.0	0.1769294
4056.0	0.1471244
4058.0	0.1461829
4060.0	0.1434619
4062.0	0.1150281
4064.0	0.1382679
4066.0	0.1716856
4068.0	0.1528214
4070.0	0.1490637
4072.0	0.160726
4074.0	0.1630141
4076.0	0.1625348
4078.0	0.1402806
4080.0	0.1202071
4082.0	0.115199
4084.0	0.1219341
4086.0	0.1521938
4088.0	0.1510498
4090.0	0.1414405
4092.0	0.1676312
4094.0	0.1836596
4096.0	0.188409
4098.0	0.1684485
4100.0	0.18819
4102.0	0.1955786
4104.0	0.1647845
4106.0	0.1555003
4108.0	0.1677436
4110.0	0.1746892
4112.0	0.1685768
4114.0	0.159038
4116.0	0.1583483
4118.0	0.1268043
4120.0	0.1417757
4122.0	0.1442831
4124.0	0.15231
4126.0	0.162516
4128.0	0.1554019
4130.0	0.1407139
4132.0	0.163268
4134.0	0.1619317
4136.0	0.1436002
4138.0	0.130258
4140.0	0.1476074
4142.0	0.1524944
4144.0	0.1355407
4146.0	0.1530361
4148.0	0.1320443
4150.0	0.1247701
4152.0	0.1365096
4154.0	0.1408443
4156.0	0.1570253
4158.0	0.1532984
4160.0	0.1316969
4162.0	0.1410703
4164.0	0.1518058
4166.0	0.1371361
4168.0	0.1383886
4170.0	0.1420546
4172.0	0.1288261
4174.0	0.1271937
4176.0	0.1795248
4178.0	0.1523906
4180.0	0.1248665
4182.0	0.1340108
4184.0	0.1349583
4186.0	0.1519697
4188.0	0.1358794
4190.0	0.1283159
4192.0	0.1621711
4194.0	0.1669435
4196.0	0.1450394
4198.0	0.1341275
4200.0	0.1303678
4202.0	0.1559471
4204.0	0.1519878
4206.0	0.1478183
4208.0	0.148251
4210.0	0.141722
4212.0	0.1478682
4214.0	0.145564
4216.0	0.1534331
4218.0	0.1450271
4220.0	0.1480918
4222.0	0.1416564
4224.0	0.1396688
4226.0	0.1423178
4228.0	0.1317358
4230.0	0.146042
4232.0	0.1503903
4234.0	0.1462709
4236.0	0.1205127
4238.0	0.1135051
4240.0	0.1339134
4242.0	0.1409891
4244.0	0.1409031
4246.0	0.1260789
4248.0	0.1182931
4250.0	0.1321262
4252.0	0.1435389
4254.0	0.1229532
4256.0	0.1209521
4258.0	0.1392701
4260.0	0.1451821
4262.0	0.1135409
4264.0	0.1129505
4266.0	0.1322389
4268.0	0.1266481
4270.0	0.1533204
4272.0	0.1311177
4274.0	0.1261404
4276.0	0.1228981
4278.0	0.129225
4280.0	0.1162316
4282.0	0.1139606
4284.0	0.1330324
4286.0	0.1454836
4288.0	0.1350016
4290.0	0.1395388
4292.0	0.145307
4294.0	0.1420799
4296.0	0.1347167
4298.0	0.1316843
4300.0	0.1099789
4302.0	0.1173708
4304.0	0.1471242
4306.0	0.1596395
4308.0	0.1516054
4310.0	0.1478109
4312.0	0.1558273
4314.0	0.1632785
4316.0	0.1649452
4318.0	0.1417937
4320.0	0.1591795
4322.0	0.1700032
4324.0	0.1337138
4326.0	0.1291022
4328.0	0.114565
4330.0	0.1205644
4332.0	0.1512242
4334.0	0.1406748
4336.0	0.1328822
4338.0	0.1364164
4340.0	0.1307563
4342.0	0.14545
4344.0	0.1391582
4346.0	0.1338343
4348.0	0.138662
4350.0	0.1403886
4352.0	0.1591923
4354.0	0.1621934
4356.0	0.1516514
4358.0	0.1426327
4360.0	0.1236017
4362.0	0.1303281
4364.0	0.1463144
4366.0	0.1394147
4368.0	0.1311028
4370.0	0.1392714
4372.0	0.1635214
4374.0	0.1659753
4376.0	0.150866
4378.0	0.1417045
4380.0	0.1536282
4382.0	0.1628458
4384.0	0.1549965
4386.0	0.1544008
4388.0	0.1504028
4390.0	0.1460357
4392.0	0.1486831
4394.0	0.1309723
4396.0	0.1244515
4398.0	0.1461592
4400.0	0.1462437
4402.0	0.1350807
4404.0	0.13619
4406.0	0.1308627
4408.0	0.1285686
4410.0	0.1384251
4412.0	0.1494082
4414.0	0.1482772
4416.0	0.1438365
4418.0	0.158674
4420.0	0.1592427
4422.0	0.1442266
4424.0	0.1405681
4426.0	0.1455711
4428.0	0.1567627
4430.0	0.1622801
4432.0	0.139242
4434.0	0.1330786
4436.0	0.1506106
4438.0	0.1515387
4440.0	0.1359452
4442.0	0.1221589
4444.0	0.1481096
4446.0	0.1638162
4448.0	0.1659663
4450.0	0.1657953
4452.0	0.1496316
4454.0	0.1576897
4456.0	0.1697813
4458.0	0.1620848
4460.0	0.1381117
4462.0	0.133009
4464.0	0.1399231
4466.0	0.1491133
4468.0	0.1453679
4470.0	0.1355894
4472.0	0.1576152
4474.0	0.1637664
4476.0	0.1533089
4478.0	0.1497796
4480.0	0.1523794
4482.0	0.1487784
4484.0	0.1388002
4486.0	0.1495998
4488.0	0.157655
4490.0	0.1574443
4492.0	0.1580414
4494.0	0.1550978
4496.0	0.1567412
4498.0	0.1340079
4500.0	0.1216791
4502.0	0.1395421
4504.0	0.1378047
4506.0	0.1490424
4508.0	0.143144
4510.0	0.1230443
4512.0	0.1139008
4514.0	0.1150777
4516.0	0.1171798
4518.0	0.1201859
4520.0	0.1109244
4522.0	0.1251791
4524.0	0.1077556
4526.0	0.1096522
4528.0	0.1223672
4530.0	0.1215083
4532.0	0.1257585
4534.0	0.1292598
4536.0	0.1189076
4538.0	0.1270718
4540.0	0.1302903
4542.0	0.1300133
4544.0	0.1334161
4546.0	0.1188817
4548.0	0.1117268
4550.0	0.10656
4552.0	0.109355
4554.0	0.1145143
4556.0	0.1082905
4558.0	0.09663954
4560.0	0.1334023
4562.0	0.1353006
4564.0	0.1281481
4566.0	0.1136131
4568.0	0.09347766
4570.0	0.1102351
4572.0	0.09765012
4574.0	0.09715747
4576.0	0.107738
4578.0	0.09818428
4580.0	0.1032901
4582.0	0.106344
4584.0	0.1095486
4586.0	0.09041331
4588.0	0.1070011
4590.0	0.1242687
4592.0	0.1147288
4594.0	0.1278217
4596.0	0.1249031
4598.0	0.1321741
4600.0	0.1076012
4602.0	0.1114953
4604.0	0.1187183
4606.0	0.1318298
4608.0	0.105256
4610.0	0.1166189
4612.0	0.1176195
4614.0	0.1361916
4616.0	0.1381893
4618.0	0.1270451
4620.0	0.1352389
4622.0	0.1179642
4624.0	0.1075473
4626.0	0.1011925
4628.0	0.1026606
4630.0	0.1209413
4632.0	0.1044687
4634.0	0.1293955
4636.0	0.1376912
4638.0	0.1234691
4640.0	0.143914
4642.0	0.1422688
4644.0	0.1389695
4646.0	0.1236187
4648.0	0.1244372
4650.0	0.1302245
4652.0	0.120849
4654.0	0.1328313
4656.0	0.126843
4658.0	0.1493623
4660.0	0.1633792
4662.0	0.14997
4664.0	0.1290939
4666.0	0.1229704
4668.0	0.1362055
4670.0	0.1482498
4672.0	0.1528198
4674.0	0.145186
4676.0	0.1442953
4678.0	0.1429648
4680.0	0.1543296
4682.0	0.1619821
4684.0	0.1528902
4686.0	0.158565
4688.0	0.1570362
4690.0	0.1664865
4692.0	0.1806132
4694.0	0.1881396
4696.0	0.1922602
4698.0	0.1896602
4700.0	0.1842034
4702.0	0.1663428
4704.0	0.1626849
4706.0	0.1870568
4708.0	0.194327
4710.0	0.1973964
4712.0	0.1990363
4714.0	0.1909863
4716.0	0.1989385
4718.0	0.2016946
4720.0	0.2147733
4722.0	0.227489
4724.0	0.2127582
4726.0	0.1943301
4728.0	0.195536
4730.0	0.205923
4732.0	0.215524
4734.0	0.2097844
4736.0	0.2189415
4738.0	0.2245255
4740.0	0.2195109
4742.0	0.2276374
4744.0	0.2235309
4746.0	0.2210053
4748.0	0.2387436
4750.0	0.2418271
4752.0	0.2301031
4754.0	0.22411
4756.0	0.2203522
4758.0	0.2172572
4760.0	0.242494
4762.0	0.2542304
4764.0	0.2442864
4766.0	0.2369149
4768.0	0.2325713
4770.0	0.2314075
4772.0	0.2387058
4774.0	0.2366999
4776.0	0.2426254
4778.0	0.2230774
4780.0	0.2330369
4782.0	0.2465671
4784.0	0.2601351
4786.0	0.2700621
4788.0	0.2669612
4790.0	0.2533023
4792.0	0.2489677
4794.0	0.2674657
4796.0	0.2656913
4798.0	0.2509716
4800.0	0.2366529
4802.0	0.2253013
4804.0	0.2261345
4806.0	0.222883
4808.0	0.2357301
4810.0	0.2476431
4812.0	0.2225674
4814.0	0.2026829
4816.0	0.2103421
4818.0	0.2103129
4820.0	0.2164904
4822.0	0.2156601
4824.0	0.1856597
4826.0	0.1797553
4828.0	0.1965154
4830.0	0.210253
4832.0	0.206762
4834.0	0.184492
4836.0	0.167165
4838.0	0.1840347
4840.0	0.1815206
4842.0	0.1687829
4844.0	0.1696609
4846.0	0.1590201
4848.0	0.1621524
4850.0	0.1728222
4852.0	0.167848
4854.0	0.1658198
4856.0	0.1699086
4858.0	0.1665414
4860.0	0.1724333
4862.0	0.1735649
4864.0	0.1644621
4866.0	0.1721084
4868.0	0.1805153
4870.0	0.1602675
4872.0	0.1586578
4874.0	0.1686087
4876.0	0.165115
4878.0	0.1559224
4880.0	0.1419841
4882.0	0.1424802
4884.0	0.1618111
4886.0	0.1754985
4888.0	0.1671169
4890.0	0.1555552
4892.0	0.1610318
4894.0	0.1700328
4896.0	0.167595
4898.0	0.1543302
4900.0	0.1537825
4902.0	0.1665645
4904.0	0.1612488
4906.0	0.1500732
4908.0	0.1372521
4910.0	0.1316329
4912.0	0.1460357
4914.0	0.1547416
4916.0	0.1533251
4918.0	0.1449975
4920.0	0.1523488
4922.0	0.1454041
4924.0	0.1305032
4926.0	0.1484393
4928.0	0.1624829
4930.0	0.1647097
4932.0	0.1587148
4934.0	0.1498774
4936.0	0.1466403
4938.0	0.1515466
4940.0	0.1468331
4942.0	0.1466861
4944.0	0.1516298
4946.0	0.1568086
4948.0	0.1424555
4950.0	0.1448035
4952.0	0.1538943
4954.0	0.1548678
4956.0	0.1404816
4958.0	0.1457575
4960.0	0.1561746
4962.0	0.1520309
4964.0	0.1584662
4966.0	0.16752
4968.0	0.1700382
4970.0	0.1701736
4972.0	0.1666615
4974.0	0.1640808
4976.0	0.1677503
4978.0	0.1687275
4980.0	0.157953
4982.0	0.1660144
4984.0	0.1741622
4986.0	0.175628
4988.0	0.1879814
4990.0	0.1869876
4992.0	0.1717069
4994.0	0.1772745
4996.0	0.1909122
4998.0	0.1748194
5000.0	0.1564692
5002.0	0.1623476
5004.0	0.1630174
5006.0	0.1584545
5008.0	0.1640356
5010.0	0.1663719
5012.0	0.1571024
5014.0	0.1444241
5016.0	0.1453834
5018.0	0.1591865
5020.0	0.1666043
5022.0	0.1498283
5024.0	0.132949
5026.0	0.1407013
5028.0	0.1473684
5030.0	0.1376846
5032.0	0.1250089
5034.0	0.1382548
5036.0	0.1538213
5038.0	0.1536403
5040.0	0.1707428
5042.0	0.1831725
5044.0	0.1840915
5046.0	0.1787527
5048.0	0.1630902
5050.0	0.1587224
5052.0	0.1385536
5054.0	0.1229199
5056.0	0.1454641
5058.0	0.1465529
5060.0	0.1399997
5062.0	0.1517876
5064.0	0.1609542
5066.0	0.1589738
5068.0	0.165016
5070.0	0.1589023
5072.0	0.1519113
5074.0	0.1557408
5076.0	0.172374
5078.0	0.1603269
5080.0	0.1524365
5082.0	0.1706047
5084.0	0.1703491
5086.0	0.168456
5088.0	0.1676656
5090.0	0.1732548
5092.0	0.1692671
5094.0	0.1711242
5096.0	0.1649715
5098.0	0.1771396
5100.0	0.1830237
5102.0	0.1752352
5104.0	0.1817696
5106.0	0.1762961
5108.0	0.1743115
5110.0	0.1891803
5112.0	0.1985871
5114.0	0.1949158
5116.0	0.2070294
5118.0	0.1951498
5120.0	0.1690701
5122.0	0.1754853
5124.0	0.1743408
5126.0	0.1643354
5128.0	0.1885182
5130.0	0.1906371
5132.0	0.1846213
5134.0	0.1719939
5136.0	0.1738019
5138.0	0.1685716
5140.0	0.1767589
5142.0	0.1727259
5144.0	0.1987771
5146.0	0.184414
5148.0	0.1805045
5150.0	0.1759774
5152.0	0.1675739
5154.0	0.1778875
5156.0	0.1696319
5158.0	0.1681598
5160.0	0.1698602
5162.0	0.1572834
5164.0	0.1516567
5166.0	0.1557174
5168.0	0.1584672
5170.0	0.1648077
5172.0	0.1661732
5174.0	0.1552066
5176.0	0.1503343
5178.0	0.1511503
5180.0	0.166629
5182.0	0.1712476
5184.0	0.1583964
5186.0	0.1604082
5188.0	0.1555745
5190.0	0.1521075
5192.0	0.1532245
5194.0	0.1576327
5196.0	0.1581934
5198.0	0.1506438
5200.0	0.1599897
5202.0	0.1564533
5204.0	0.1502565
5206.0	0.1467454
5208.0	0.1356756
5210.0	0.143057
5212.0	0.1393533
5214.0	0.1456971
5216.0	0.152807
5218.0	0.1635669
5220.0	0.1504419
5222.0	0.1494917
5224.0	0.1529969
5226.0	0.1482752
5228.0	0.1342581
5230.0	0.1328233
5232.0	0.137614
5234.0	0.1305671
5236.0	0.1398308
5238.0	0.1470118
5240.0	0.1393523
5242.0	0.1337704
5244.0	0.1375489
5246.0	0.1458241
5248.0	0.1516271
5250.0	0.1503569
5252.0	0.1386404
5254.0	0.1344946
5256.0	0.1467885
5258.0	0.1465768
5260.0	0.1352278
5262.0	0.1342403
5264.0	0.1415725
5266.0	0.1473861
5268.0	0.152729
5270.0	0.1524176
5272.0	0.1361329
5274.0	0.1340383
5276.0	0.1496933
5278.0	0.1413893
5280.0	0.1418257
5282.0	0.144121
5284.0	0.1410826
5286.0	0.144896
5288.0	0.1462048
5290.0	0.1522666
5292.0	0.1562821
5294.0	0.1540138
5296.0	0.144091
5298.0	0.1379718
5300.0	0.1490075
5302.0	0.1445707
5304.0	0.1318127
5306.0	0.1332955
5308.0	0.1381334
5310.0	0.1458544
5312.0	0.1466951
5314.0	0.1408433
5316.0	0.1348956
5318.0	0.1295818
5320.0	0.1264916
5322.0	0.1369492
5324.0	0.1475678
5326.0	0.1488866
5328.0	0.1453121
5330.0	0.1333882
5332.0	0.1298171
5334.0	0.1423275
5336.0	0.1440281
5338.0	0.1403533
5340.0	0.1484296
5342.0	0.1523481
5344.0	0.1510248
5346.0	0.1463789
5348.0	0.1461491
5350.0	0.1513547
5352.0	0.156545
5354.0	0.1576432
5356.0	0.1611428
5358.0	0.1663077
5360.0	0.1546694
5362.0	0.1456234
5364.0	0.1522993
5366.0	0.1609425
5368.0	0.1715268
5370.0	0.1764703
5372.0	0.1690991
5374.0	0.1670469
5376.0	0.1672281
5378.0	0.1643386
5380.0	0.1670477
5382.0	0.1716346
5384.0	0.1733899
5386.0	0.1766805
5388.0	0.1932361
5390.0	0.1996242
5392.0	0.1959451
5394.0	0.2019021
5396.0	0.2040368
5398.0	0.2016467
5400.0	0.1939123
5402.0	0.1889583
5404.0	0.1901588
5406.0	0.1881199
5408.0	0.187197
5410.0	0.1885686
5412.0	0.1987659
5414.0	0.2052439
5416.0	0.200358
5418.0	0.1982682
5420.0	0.2030001
5422.0	0.2123057
5424.0	0.2036833
5426.0	0.1921666
5428.0	0.1993557
5430.0	0.2076043
5432.0	0.2125152
5434.0	0.218336
5436.0	0.224549
5438.0	0.2304834
5440.0	0.2257927
5442.0	0.2123543
5444.0	0.2017027
5446.0	0.2001243
5448.0	0.2114073
5450.0	0.2214983
5452.0	0.2221895
5454.0	0.2153382
5456.0	0.2066194
5458.0	0.2152227
5460.0	0.2241284
5462.0	0.2250137
5464.0	0.2247534
5466.0	0.2197823
5468.0	0.205032
5470.0	0.2089617
5472.0	0.214217
5474.0	0.2090147
5476.0	0.2116598
5478.0	0.2210735
5480.0	0.2237356
5482.0	0.2269987
5484.0	0.2324299
5486.0	0.2287467
5488.0	0.2203711
5490.0	0.222263
5492.0	0.2208958
5494.0	0.2253781
5496.0	0.2125096
5498.0	0.1947817
5500.0	0.211011
5502.0	0.2206085
5504.0	0.2147165
5506.0	0.2229335
5508.0	0.2131254
5510.0	0.2034073
5512.0	0.2202148
5514.0	0.2179099
5516.0	0.2079512
5518.0	0.2078952
5520.0	0.1946018
5522.0	0.1888638
5524.0	0.2056452
5526.0	0.2016789
5528.0	0.1995002
5530.0	0.2044456
5532.0	0.2081048
5534.0	0.2075447
5536.0	0.2080758
5538.0	0.2024011
5540.0	0.208642
5542.0	0.2067312
5544.0	0.2087683
5546.0	0.2040845
5548.0	0.2026143
5550.0	0.2061699
5552.0	0.1961111
5554.0	0.2199813
5556.0	0.2100432
5558.0	0.1954773
5560.0	0.1900445
5562.0	0.1930644
5564.0	0.2002136
5566.0	0.2132336
5568.0	0.2074943
5570.0	0.2077265
5572.0	0.2148346
5574.0	0.2079119
5576.0	0.1903151
5578.0	0.1879575
5580.0	0.2279787
5582.0	0.2060764
5584.0	0.2009401
5586.0	0.1927403
5588.0	0.2094402
5590.0	0.2028362
5592.0	0.2123685
5594.0	0.209457
5596.0	0.2096065
5598.0	0.2078902
5600.0	0.2061202
5602.0	0.2090617
5604.0	0.2013074
5606.0	0.2016636
5608.0	0.1940768
5610.0	0.190311
5612.0	0.1939169
5614.0	0.2011822
5616.0	0.1986509
5618.0	0.211779
5620.0	0.2036249
5622.0	0.203408
5624.0	0.2009295
5626.0	0.2142943
5628.0	0.2207682
5630.0	0.212292
5632.0	0.2000348
5634.0	0.2069821
5636.0	0.2001077
5638.0	0.1925589
5640.0	0.2062652
5642.0	0.2013656
5644.0	0.1950636
5646.0	0.2060155
5648.0	0.1898191
5650.0	0.2046306
5652.0	0.210386
5654.0	0.2058443
5656.0	0.1875968
5658.0	0.1865411
5660.0	0.2007708
5662.0	0.1934753
5664.0	0.1929512
5666.0	0.1979781
5668.0	0.1909524
5670.0	0.1991728
5672.0	0.1848519
5674.0	0.2016214
5676.0	0.2058637
5678.0	0.1927083
5680.0	0.1897223
5682.0	0.1883222
5684.0	0.1882374
5686.0	0.1903515
5688.0	0.1808367
5690.0	0.1856077
5692.0	0.1877715
5694.0	0.1925313
5696.0	0.1756657
5698.0	0.1761844
5700.0	0.1929114
5702.0	0.1922025
5704.0	0.187971
5706.0	0.1803571
5708.0	0.1767194
5710.0	0.1688233
5712.0	0.1708066
5714.0	0.1710742
5716.0	0.1670972
5718.0	0.1717917
5720.0	0.1795366
5722.0	0.1759534
5724.0	0.1770005
5726.0	0.1880522
5728.0	0.1918228
5730.0	0.1912817
5732.0	0.1835993
5734.0	0.167245
5736.0	0.1654458
5738.0	0.1709606
5740.0	0.1803087
5742.0	0.1782677
5744.0	0.1608483
5746.0	0.1571246
5748.0	0.1560439
5750.0	0.162941
5752.0	0.1669744
5754.0	0.1691114
5756.0	0.1696237
5758.0	0.1613186
5760.0	0.1740762
5762.0	0.1729502
5764.0	0.1725985
5766.0	0.1726425
5768.0	0.173591
5770.0	0.1773884
5772.0	0.1729778
5774.0	0.1663724
5776.0	0.1635097
5778.0	0.1561552
5780.0	0.1567355
5782.0	0.154507
5784.0	0.1598938
5786.0	0.1777073
5788.0	0.1773396
5790.0	0.1656351
5792.0	0.1687657
5794.0	0.1748098
5796.0	0.1707477
5798.0	0.167576
5800.0	0.1623873
5802.0	0.1607123
5804.0	0.1651057
5806.0	0.1675848
5808.0	0.1634035
5810.0	0.1654195
5812.0	0.1659611
5814.0	0.1673494
5816.0	0.1606884
5818.0	0.1504336
5820.0	0.1583596
5822.0	0.1637231
5824.0	0.1585159
5826.0	0.1603523
5828.0	0.1627163
5830.0	0.1651815
5832.0	0.1621595
5834.0	0.146332
5836.0	0.1455265
5838.0	0.15112
5840.0	0.1533119
5842.0	0.1523723
5844.0	0.1387005
5846.0	0.1451047
5848.0	0.1565078
5850.0	0.1624595
5852.0	0.1597306
5854.0	0.1589526
5856.0	0.1535534
5858.0	0.1514096
5860.0	0.1596043
5862.0	0.1516755
5864.0	0.1355958
5866.0	0.1443056
5868.0	0.1523467
5870.0	0.1495956
5872.0	0.1417753
5874.0	0.1428123
5876.0	0.1533232
5878.0	0.1438006
5880.0	0.134849
5882.0	0.130055
5884.0	0.1398947
5886.0	0.1366034
5888.0	0.1314208
5890.0	0.1211085
5892.0	0.1267076
5894.0	0.1394987
5896.0	0.1499351
5898.0	0.1492134
5900.0	0.1379912
5902.0	0.1442631
5904.0	0.1427168
5906.0	0.1441937
5908.0	0.1394071
5910.0	0.1344853
5912.0	0.129879
5914.0	0.1375621
5916.0	0.1392443
5918.0	0.1454764
5920.0	0.1447162
5922.0	0.137213
5924.0	0.1353786
5926.0	0.1290909
5928.0	0.1285128
5930.0	0.1335412
5932.0	0.1198019
5934.0	0.1336081
5936.0	0.1408836
5938.0	0.1364714
5940.0	0.1355265
5942.0	0.1432093
5944.0	0.1528303
5946.0	0.1563206
5948.0	0.1503584
5950.0	0.1455363
5952.0	0.1429545
5954.0	0.1295553
5956.0	0.1326907
5958.0	0.142074
5960.0	0.1521814
5962.0	0.1461551
5964.0	0.1491949
5966.0	0.160167
5968.0	0.1471171
5970.0	0.1543066
5972.0	0.1560857
5974.0	0.1466849
5976.0	0.1621551
5978.0	0.1496058
5980.0	0.1365162
5982.0	0.1502784
5984.0	0.1505812
5986.0	0.1499946
5988.0	0.165396
5990.0	0.1544098
5992.0	0.1527363
5994.0	0.1481118
5996.0	0.1463937
5998.0	0.1484907
6000.0	0.1452748
6002.0	0.1465267
6004.0	0.157363
6006.0	0.1726197
6008.0	0.1573699
6010.0	0.1494793
6012.0	0.1458563
6014.0	0.1633228
6016.0	0.1640985
6018.0	0.1716034
6020.0	0.1664035
6022.0	0.1652069
6024.0	0.170657
6026.0	0.1712892
6028.0	0.1680699
6030.0	0.1760837
6032.0	0.1767468
6034.0	0.1646047
6036.0	0.1717265
6038.0	0.1737732
6040.0	0.1819559
6042.0	0.1923265
6044.0	0.1910432
6046.0	0.1774731
6048.0	0.1874507
6050.0	0.1911832
6052.0	0.1816413
6054.0	0.1916363
6056.0	0.1888539
6058.0	0.1818276
6060.0	0.1928009
6062.0	0.1859455
6064.0	0.1836465
6066.0	0.1836297
6068.0	0.2007211
6070.0	0.1905521
6072.0	0.1868904
6074.0	0.1863527
6076.0	0.192
6078.0	0.188893
6080.0	0.187306
6082.0	0.1754967
6084.0	0.1827167
6086.0	0.1907083
6088.0	0.1824842
6090.0	0.1813594
6092.0	0.1885891
6094.0	0.1855141
6096.0	0.1810599
6098.0	0.1858621
6100.0	0.2016453
6102.0	0.1988828
6104.0	0.2077789
6106.0	0.2083417
6108.0	0.1949676
6110.0	0.1856479
6112.0	0.1644461
6114.0	0.1473994
6116.0	0.1425249
6118.0	0.1459247
6120.0	0.1604314
6122.0	0.1533603
6124.0	0.1540684
6126.0	0.1669304
6128.0	0.1827743
6130.0	0.186498
6132.0	0.1828657
6134.0	0.1879495
6136.0	0.1876531
6138.0	0.1806559
6140.0	0.1806721
6142.0	0.1805059
6144.0	0.1762444
6146.0	0.1733478
6148.0	0.1704264
6150.0	0.1629906
6152.0	0.1752158
6154.0	0.1736936
6156.0	0.1667512
6158.0	0.170463
6160.0	0.1774806
6162.0	0.190026
6164.0	0.1846202
6166.0	0.1669077
6168.0	0.1674095
6170.0	0.1710853
6172.0	0.1651002
6174.0	0.1644504
6176.0	0.1527813
6178.0	0.1556554
6180.0	0.1618615
6182.0	0.1674331
6184.0	0.1707026
6186.0	0.1747415
6188.0	0.1779956
6190.0	0.1631641
6192.0	0.1632077
6194.0	0.1635374
6196.0	0.1708277
6198.0	0.1768233
6200.0	0.1690143
6202.0	0.1689925
6204.0	0.1758111
6206.0	0.1732129
6208.0	0.1686387
6210.0	0.1618539
6212.0	0.1611172
6214.0	0.165792
6216.0	0.1595837
6218.0	0.1600213
6220.0	0.1566621
6222.0	0.1527611
6224.0	0.1532321
6226.0	0.1508301
6228.0	0.1535438
6230.0	0.1522142
6232.0	0.1546926
6234.0	0.1536286
6236.0	0.1542291
6238.0	0.1612447
6240.0	0.1588409
6242.0	0.1575588
6244.0	0.1523685
6246.0	0.1433486
6248.0	0.1436646
6250.0	0.1440052
6252.0	0.1544049
6254.0	0.1675807
6256.0	0.1626119
6258.0	0.1568173
6260.0	0.1544085
6262.0	0.1525321
6264.0	0.1463752
6266.0	0.1500319
6268.0	0.1578896
6270.0	0.1506711
6272.0	0.1432047
6274.0	0.1406587
6276.0	0.1525863
6278.0	0.1665187
6280.0	0.1628941
6282.0	0.1565916
6284.0	0.1584172
6286.0	0.1721684
6288.0	0.1706969
6290.0	0.1631316
6292.0	0.1572878
6294.0	0.1591228
6296.0	0.1755334
6298.0	0.1697461
6300.0	0.1530676
6302.0	0.1478844
6304.0	0.1488036
6306.0	0.1476521
6308.0	0.1463165
6310.0	0.1515796
6312.0	0.152516
6314.0	0.1457712
6316.0	0.1474697
6318.0	0.1556898
6320.0	0.146501
6322.0	0.1404833
6324.0	0.1423558
6326.0	0.142954
6328.0	0.142335
6330.0	0.1398399
6332.0	0.1369146
6334.0	0.1308986
6336.0	0.1324116
6338.0	0.1371594
6340.0	0.1367415
6342.0	0.1335264
6344.0	0.1261262
6346.0	0.1274463
6348.0	0.1277348
6350.0	0.1179522
6352.0	0.1229416
6354.0	0.138273
6356.0	0.1343932
6358.0	0.1265572
6360.0	0.1277841
6362.0	0.1227534
6364.0	0.1190251
6366.0	0.1199766
6368.0	0.1211688
6370.0	0.1266295
6372.0	0.1319676
6374.0	0.1264345
6376.0	0.1251324
6378.0	0.1191436
6380.0	0.1207322
6382.0	0.1248393
6384.0	0.1232981
6386.0	0.1202374
6388.0	0.1297418
6390.0	0.1285148
6392.0	0.1124088
6394.0	0.1094136
6396.0	0.111265
6398.0	0.1103183
6400.0	0.11289
6402.0	0.1168987
6404.0	0.1236143
6406.0	0.1215299
6408.0	0.1250039
6410.0	0.1269312
6412.0	0.1189827
6414.0	0.1259052
6416.0	0.1317618
6418.0	0.1369662
6420.0	0.1362242
6422.0	0.1243577
6424.0	0.12042
6426.0	0.1343867
6428.0	0.1278897
6430.0	0.1349686
6432.0	0.1323977
6434.0	0.1400969
6436.0	0.1403072
6438.0	0.14344
6440.0	0.1237144
6442.0	0.1187136
6444.0	0.1287014
6446.0	0.1340697
6448.0	0.1277954
6450.0	0.1337305
6452.0	0.1343911
6454.0	0.1323293
6456.0	0.1327577
6458.0	0.1369638
6460.0	0.135405
6462.0	0.1266436
6464.0	0.1304421
6466.0	0.1419665
6468.0	0.1344253
6470.0	0.1485455
6472.0	0.1518721
6474.0	0.1478603
6476.0	0.1247125
6478.0	0.1526612
6480.0	0.144059
6482.0	0.1367583
6484.0	0.1399918
6486.0	0.1234381
6488.0	0.1355366
6490.0	0.1581908
6492.0	0.1443645
6494.0	0.1500019
6496.0	0.1567547
6498.0	0.148541
6500.0	0.1530093
6502.0	0.1543577
6504.0	0.1534127
6506.0	0.1585187
6508.0	0.1583429
6510.0	0.1590828
6512.0	0.1580871
6514.0	0.1568886
6516.0	0.157875
6518.0	0.1516105
6520.0	0.1480094
6522.0	0.1413292
6524.0	0.1540202
6526.0	0.1603659
6528.0	0.1667987
6530.0	0.1670806
6532.0	0.1646935
6534.0	0.1557993
6536.0	0.1496897
6538.0	0.1689469
6540.0	0.1713699
6542.0	0.1711565
6544.0	0.1707801
6546.0	0.1740405
6548.0	0.1715332
6550.0	0.1499537
6552.0	0.1562895
6554.0	0.1622271
6556.0	0.1642683
6558.0	0.1660396
6560.0	0.1719328
6562.0	0.1694248
6564.0	0.1717289
6566.0	0.1685683
6568.0	0.1614763
6570.0	0.1646713
6572.0	0.1678838
6574.0	0.1687194
6576.0	0.1623907
6578.0	0.162383
6580.0	0.1609533
6582.0	0.1610565
6584.0	0.1700394
6586.0	0.1742138
6588.0	0.1672442
6590.0	0.1623437
6592.0	0.1664103
6594.0	0.1663788
6596.0	0.1571748
6598.0	0.1518976
6600.0	0.1545157
6602.0	0.1598413
6604.0	0.1699635
6606.0	0.1779091
6608.0	0.1732287
6610.0	0.1658945
6612.0	0.1639002
6614.0	0.1640466
6616.0	0.1626205
6618.0	0.1658346
6620.0	0.167063
6622.0	0.1638544
6624.0	0.1563715
6626.0	0.162917
6628.0	0.1734957
6630.0	0.1638513
6632.0	0.1686079
6634.0	0.1754286
6636.0	0.1663703
6638.0	0.1522806
6640.0	0.1543073
6642.0	0.1612024
6644.0	0.1563137
6646.0	0.1697542
6648.0	0.1742652
6650.0	0.1594009
6652.0	0.1473499
6654.0	0.1480997
6656.0	0.1634006
6658.0	0.1593574
6660.0	0.1606672
6662.0	0.1691155
6664.0	0.1659337
6666.0	0.1657892
6668.0	0.1731532
6670.0	0.1764225
6672.0	0.1737489
6674.0	0.1674822
6676.0	0.1561769
6678.0	0.155875
6680.0	0.1658662
6682.0	0.1663373
6684.0	0.1762991
6686.0	0.175708
6688.0	0.1742467
6690.0	0.1849878
6692.0	0.1882901
6694.0	0.1810426
6696.0	0.1745322
6698.0	0.1710369
6700.0	0.1671414
6702.0	0.1669388
6704.0	0.1691363
6706.0	0.1664208
6708.0	0.1671992
6710.0	0.1735214
6712.0	0.172347
6714.0	0.1629631
6716.0	0.1615967
6718.0	0.1633538
6720.0	0.1696332
6722.0	0.1647875
6724.0	0.1657108
6726.0	0.1781288
6728.0	0.1752926
6730.0	0.172958
6732.0	0.1757805
6734.0	0.1766802
6736.0	0.172506
6738.0	0.1641301
6740.0	0.1650168
6742.0	0.1671641
6744.0	0.1614266
6746.0	0.1530514
6748.0	0.157332
6750.0	0.1631853
6752.0	0.1650449
6754.0	0.1789132
6756.0	0.1790743
6758.0	0.1724861
6760.0	0.1713532
6762.0	0.1728878
6764.0	0.169931
6766.0	0.1620722
6768.0	0.1592547
6770.0	0.1670498
6772.0	0.1723609
6774.0	0.1717661
6776.0	0.1773374
6778.0	0.1720765
6780.0	0.1637975
6782.0	0.1570162
6784.0	0.1533625
6786.0	0.1600492
6788.0	0.1750711
6790.0	0.1911656
6792.0	0.2023716
6794.0	0.2159169
6796.0	0.2097805
6798.0	0.1849408
6800.0	0.1637945
6802.0	0.1668281
6804.0	0.2104911
6806.0	0.3082106
6808.0	0.4282952
6810.0	0.4813957
6812.0	0.4430975
6814.0	0.3526407
6816.0	0.2599175
6818.0	0.1999949
6820.0	0.1722945
6822.0	0.1637391
6824.0	0.1630955
6826.0	0.1846628
6828.0	0.2289196
6830.0	0.2734698
6832.0	0.2814941
6834.0	0.2632756
6836.0	0.2262383
6838.0	0.1986262
6840.0	0.1697966
6842.0	0.1481336
6844.0	0.1383845
6846.0	0.1434137
6848.0	0.1410475
6850.0	0.1421858
6852.0	0.1482147
6854.0	0.1512351
6856.0	0.1575309
6858.0	0.1564007
6860.0	0.1563914
6862.0	0.1478232
6864.0	0.1419043
6866.0	0.1380839
6868.0	0.1454129
6870.0	0.1583782
6872.0	0.1581363
6874.0	0.155358
6876.0	0.1497671
6878.0	0.1421162
6880.0	0.1500007
6882.0	0.147098
6884.0	0.1412945
6886.0	0.1547047
6888.0	0.1481975
6890.0	0.135432
6892.0	0.1377543
6894.0	0.136994
6896.0	0.1422839
6898.0	0.1405745
6900.0	0.1443513
6902.0	0.1340601
6904.0	0.1262869
6906.0	0.1337663
6908.0	0.1405039
6910.0	0.1477758
6912.0	0.148071
6914.0	0.1423967
6916.0	0.1383708
6918.0	0.1362799
6920.0	0.1369299
6922.0	0.1322296
6924.0	0.1313297
6926.0	0.1498345
6928.0	0.1476765
6930.0	0.1323519
6932.0	0.1392107
6934.0	0.1380886
6936.0	0.1247589
6938.0	0.1249707
6940.0	0.1317767
6942.0	0.1369589
6944.0	0.1312913
6946.0	0.12308
6948.0	0.1301438
6950.0	0.1256047
6952.0	0.1269295
6954.0	0.1230896
6956.0	0.1341014
6958.0	0.1287276
6960.0	0.12793
6962.0	0.1488885
6964.0	0.1523999
6966.0	0.1677052
6968.0	0.1814211
6970.0	0.182327
6972.0	0.1703126
6974.0	0.1549638
6976.0	0.1393268
6978.0	0.1528164
6980.0	0.1461309
6982.0	0.1569723
6984.0	0.1630526
6986.0	0.1761138
6988.0	0.1682683
6990.0	0.143124
6992.0	0.1294477
6994.0	0.1255183
6996.0	0.1290051
6998.0	0.1338575
7000.0	0.1324768
7002.0	0.1220083
7004.0	0.1237717
7006.0	0.1273552
7008.0	0.1240985
7010.0	0.1291942
7012.0	0.1196363
7014.0	0.1177823
7016.0	0.1389272
7018.0	0.1343515
7020.0	0.1254092
7022.0	0.1191668
7024.0	0.1300594
7026.0	0.1312177
7028.0	0.1204061
7030.0	0.1098357
7032.0	0.121936
7034.0	0.1231086
7036.0	0.1191559
7038.0	0.1195989
7040.0	0.1146154
7042.0	0.1157169
7044.0	0.1162935
7046.0	0.1139503
7048.0	0.1183787
7050.0	0.1252606
