#	 asassn15od 
#	 UT date of observation: 20150821 
#	 Telescope/Instrument: SOAR/Goodman 
#	 Estimated Peak MJD: 57256.582 
#	 Estimated redshift: 0.018 
#	 Estimated Phase: -1.6 
#	 Published in Dettman et al. 2020 
#	 Observed barycentric wavelength (Angstroms)    F_lambda
3500.0	3.694074e-15
3502.0	3.643553e-15
3504.0	3.614085e-15
3506.0	3.654685e-15
3508.0	3.845916e-15
3510.0	3.894141e-15
3512.0	3.867194e-15
3514.0	4.027845e-15
3516.0	4.185947e-15
3518.0	4.153018e-15
3520.0	4.126559e-15
3522.0	4.248614e-15
3524.0	4.402992e-15
3526.0	4.501553e-15
3528.0	4.368782e-15
3530.0	4.258981e-15
3532.0	4.265076e-15
3534.0	4.398464e-15
3536.0	4.387665e-15
3538.0	4.355152e-15
3540.0	4.417539e-15
3542.0	4.573549e-15
3544.0	4.687061e-15
3546.0	4.564402e-15
3548.0	4.554395e-15
3550.0	4.632126e-15
3552.0	4.762424e-15
3554.0	4.984276e-15
3556.0	5.040309e-15
3558.0	5.017816e-15
3560.0	4.938413e-15
3562.0	4.922968e-15
3564.0	5.036992e-15
3566.0	5.164155e-15
3568.0	4.995074e-15
3570.0	4.978525e-15
3572.0	5.058774e-15
3574.0	5.026705e-15
3576.0	5.094883e-15
3578.0	5.010374e-15
3580.0	4.874673e-15
3582.0	4.907278e-15
3584.0	4.984661e-15
3586.0	5.182054e-15
3588.0	5.077896e-15
3590.0	5.002523e-15
3592.0	5.053928e-15
3594.0	5.13488e-15
3596.0	5.170683e-15
3598.0	5.054933e-15
3600.0	5.015864e-15
3602.0	5.061106e-15
3604.0	5.160628e-15
3606.0	5.278884e-15
3608.0	5.233746e-15
3610.0	5.233775e-15
3612.0	5.232448e-15
3614.0	5.304332e-15
3616.0	5.343711e-15
3618.0	5.336409e-15
3620.0	5.304417e-15
3622.0	5.232424e-15
3624.0	5.079352e-15
3626.0	5.155165e-15
3628.0	5.182841e-15
3630.0	5.145516e-15
3632.0	5.277758e-15
3634.0	5.376611e-15
3636.0	5.331595e-15
3638.0	5.298781e-15
3640.0	5.220806e-15
3642.0	5.167156e-15
3644.0	5.117542e-15
3646.0	5.103915e-15
3648.0	5.109944e-15
3650.0	5.078895e-15
3652.0	5.109905e-15
3654.0	5.088343e-15
3656.0	4.994283e-15
3658.0	4.921801e-15
3660.0	4.895169e-15
3662.0	4.792857e-15
3664.0	4.670481e-15
3666.0	4.67123e-15
3668.0	4.720593e-15
3670.0	4.750668e-15
3672.0	4.721661e-15
3674.0	4.655013e-15
3676.0	4.548794e-15
3678.0	4.551306e-15
3680.0	4.618741e-15
3682.0	4.537566e-15
3684.0	4.454948e-15
3686.0	4.480398e-15
3688.0	4.441755e-15
3690.0	4.241914e-15
3692.0	4.06858e-15
3694.0	4.003425e-15
3696.0	3.941132e-15
3698.0	3.836964e-15
3700.0	3.795492e-15
3702.0	3.781489e-15
3704.0	3.766976e-15
3706.0	3.696335e-15
3708.0	3.630046e-15
3710.0	3.471481e-15
3712.0	3.338307e-15
3714.0	3.180164e-15
3716.0	3.11503e-15
3718.0	2.975168e-15
3720.0	2.769624e-15
3722.0	2.671321e-15
3724.0	2.651683e-15
3726.0	2.496261e-15
3728.0	2.434735e-15
3730.0	2.334757e-15
3732.0	2.266363e-15
3734.0	2.146106e-15
3736.0	2.051194e-15
3738.0	1.959141e-15
3740.0	1.912763e-15
3742.0	1.836265e-15
3744.0	1.740887e-15
3746.0	1.651706e-15
3748.0	1.668203e-15
3750.0	1.635945e-15
3752.0	1.617803e-15
3754.0	1.573242e-15
3756.0	1.545834e-15
3758.0	1.430415e-15
3760.0	1.385479e-15
3762.0	1.360595e-15
3764.0	1.376608e-15
3766.0	1.409585e-15
3768.0	1.381439e-15
3770.0	1.390481e-15
3772.0	1.277949e-15
3774.0	1.284779e-15
3776.0	1.276761e-15
3778.0	1.317132e-15
3780.0	1.30027e-15
3782.0	1.269624e-15
3784.0	1.288939e-15
3786.0	1.364642e-15
3788.0	1.40213e-15
3790.0	1.493729e-15
3792.0	1.496547e-15
3794.0	1.456133e-15
3796.0	1.442814e-15
3798.0	1.438669e-15
3800.0	1.425953e-15
3802.0	1.438147e-15
3804.0	1.476949e-15
3806.0	1.500468e-15
3808.0	1.543049e-15
3810.0	1.479103e-15
3812.0	1.501896e-15
3814.0	1.544935e-15
3816.0	1.564666e-15
3818.0	1.54282e-15
3820.0	1.576029e-15
3822.0	1.563067e-15
3824.0	1.563138e-15
3826.0	1.64096e-15
3828.0	1.676426e-15
3830.0	1.683851e-15
3832.0	1.688169e-15
3834.0	1.684217e-15
3836.0	1.751251e-15
3838.0	1.769252e-15
3840.0	1.853224e-15
3842.0	1.81959e-15
3844.0	1.817733e-15
3846.0	1.895033e-15
3848.0	1.92279e-15
3850.0	1.963615e-15
3852.0	1.966816e-15
3854.0	1.984177e-15
3856.0	1.990345e-15
3858.0	2.057836e-15
3860.0	2.113375e-15
3862.0	2.091287e-15
3864.0	2.118857e-15
3866.0	2.204748e-15
3868.0	2.264861e-15
3870.0	2.302393e-15
3872.0	2.331907e-15
3874.0	2.390626e-15
3876.0	2.4994e-15
3878.0	2.611241e-15
3880.0	2.659935e-15
3882.0	2.725981e-15
3884.0	2.776544e-15
3886.0	2.819893e-15
3888.0	2.927963e-15
3890.0	3.063676e-15
3892.0	3.148112e-15
3894.0	3.188336e-15
3896.0	3.252882e-15
3898.0	3.373601e-15
3900.0	3.495155e-15
3902.0	3.600166e-15
3904.0	3.648647e-15
3906.0	3.706158e-15
3908.0	3.802457e-15
3910.0	3.914108e-15
3912.0	4.016981e-15
3914.0	4.152137e-15
3916.0	4.304729e-15
3918.0	4.402972e-15
3920.0	4.49674e-15
3922.0	4.603641e-15
3924.0	4.652774e-15
3926.0	4.725015e-15
3928.0	4.86249e-15
3930.0	4.943912e-15
3932.0	4.974772e-15
3934.0	5.040425e-15
3936.0	5.168371e-15
3938.0	5.316788e-15
3940.0	5.364177e-15
3942.0	5.340092e-15
3944.0	5.433125e-15
3946.0	5.499443e-15
3948.0	5.531649e-15
3950.0	5.638177e-15
3952.0	5.626925e-15
3954.0	5.606628e-15
3956.0	5.646276e-15
3958.0	5.728796e-15
3960.0	5.818603e-15
3962.0	5.85514e-15
3964.0	5.834424e-15
3966.0	5.775934e-15
3968.0	5.785152e-15
3970.0	5.839917e-15
3972.0	5.887677e-15
3974.0	5.867135e-15
3976.0	5.845959e-15
3978.0	5.941743e-15
3980.0	6.0107e-15
3982.0	5.954439e-15
3984.0	5.900418e-15
3986.0	5.840073e-15
3988.0	5.796027e-15
3990.0	5.810033e-15
3992.0	5.788275e-15
3994.0	5.79254e-15
3996.0	5.652678e-15
3998.0	5.605129e-15
4000.0	5.616415e-15
4002.0	5.573718e-15
4004.0	5.46737e-15
4006.0	5.502285e-15
4008.0	5.39159e-15
4010.0	5.303461e-15
4012.0	5.224398e-15
4014.0	5.176094e-15
4016.0	5.129632e-15
4018.0	5.074559e-15
4020.0	4.979264e-15
4022.0	4.881413e-15
4024.0	4.875821e-15
4026.0	4.838798e-15
4028.0	4.719233e-15
4030.0	4.699192e-15
4032.0	4.549319e-15
4034.0	4.52207e-15
4036.0	4.479136e-15
4038.0	4.435079e-15
4040.0	4.415845e-15
4042.0	4.373044e-15
4044.0	4.436053e-15
4046.0	4.338155e-15
4048.0	4.33961e-15
4050.0	4.334377e-15
4052.0	4.423298e-15
4054.0	4.388209e-15
4056.0	4.4311e-15
4058.0	4.368883e-15
4060.0	4.481705e-15
4062.0	4.474069e-15
4064.0	4.404199e-15
4066.0	4.382517e-15
4068.0	4.443145e-15
4070.0	4.49673e-15
4072.0	4.489487e-15
4074.0	4.478954e-15
4076.0	4.501282e-15
4078.0	4.610585e-15
4080.0	4.75297e-15
4082.0	4.66223e-15
4084.0	4.671947e-15
4086.0	4.72845e-15
4088.0	4.816972e-15
4090.0	4.871311e-15
4092.0	4.86897e-15
4094.0	4.996249e-15
4096.0	5.030094e-15
4098.0	5.044869e-15
4100.0	5.171221e-15
4102.0	5.165935e-15
4104.0	5.194223e-15
4106.0	5.310622e-15
4108.0	5.360475e-15
4110.0	5.290976e-15
4112.0	5.395346e-15
4114.0	5.482472e-15
4116.0	5.53288e-15
4118.0	5.548724e-15
4120.0	5.569498e-15
4122.0	5.633332e-15
4124.0	5.648534e-15
4126.0	5.691627e-15
4128.0	5.75456e-15
4130.0	5.796704e-15
4132.0	5.762094e-15
4134.0	5.739522e-15
4136.0	5.755436e-15
4138.0	5.91632e-15
4140.0	5.899864e-15
4142.0	5.878395e-15
4144.0	5.864423e-15
4146.0	5.866122e-15
4148.0	5.840356e-15
4150.0	5.856035e-15
4152.0	5.921349e-15
4154.0	5.963248e-15
4156.0	5.932627e-15
4158.0	5.86306e-15
4160.0	5.836451e-15
4162.0	5.853719e-15
4164.0	5.853832e-15
4166.0	5.786536e-15
4168.0	5.700684e-15
4170.0	5.775764e-15
4172.0	5.835248e-15
4174.0	5.863875e-15
4176.0	5.811946e-15
4178.0	5.740249e-15
4180.0	5.734411e-15
4182.0	5.699959e-15
4184.0	5.653662e-15
4186.0	5.610585e-15
4188.0	5.553994e-15
4190.0	5.547934e-15
4192.0	5.507571e-15
4194.0	5.402675e-15
4196.0	5.382261e-15
4198.0	5.359108e-15
4200.0	5.300896e-15
4202.0	5.286699e-15
4204.0	5.312752e-15
4206.0	5.310975e-15
4208.0	5.3056e-15
4210.0	5.283478e-15
4212.0	5.243497e-15
4214.0	5.257974e-15
4216.0	5.239155e-15
4218.0	5.201298e-15
4220.0	5.231786e-15
4222.0	5.257088e-15
4224.0	5.244569e-15
4226.0	5.211848e-15
4228.0	5.177206e-15
4230.0	5.203623e-15
4232.0	5.218014e-15
4234.0	5.153539e-15
4236.0	5.120354e-15
4238.0	5.130323e-15
4240.0	5.131802e-15
4242.0	5.150175e-15
4244.0	5.133347e-15
4246.0	5.101067e-15
4248.0	5.042332e-15
4250.0	5.004603e-15
4252.0	4.991349e-15
4254.0	4.93613e-15
4256.0	4.90903e-15
4258.0	4.925106e-15
4260.0	4.901753e-15
4262.0	4.815647e-15
4264.0	4.776766e-15
4266.0	4.784234e-15
4268.0	4.78319e-15
4270.0	4.751733e-15
4272.0	4.660105e-15
4274.0	4.549495e-15
4276.0	4.56674e-15
4278.0	4.587498e-15
4280.0	4.49266e-15
4282.0	4.392254e-15
4284.0	4.382354e-15
4286.0	4.375511e-15
4288.0	4.312318e-15
4290.0	4.290513e-15
4292.0	4.292377e-15
4294.0	4.303795e-15
4296.0	4.210013e-15
4298.0	4.189709e-15
4300.0	4.199835e-15
4302.0	4.133164e-15
4304.0	4.119617e-15
4306.0	4.088035e-15
4308.0	4.029023e-15
4310.0	3.999028e-15
4312.0	3.998652e-15
4314.0	3.955157e-15
4316.0	3.898968e-15
4318.0	3.909658e-15
4320.0	3.83576e-15
4322.0	3.74436e-15
4324.0	3.721965e-15
4326.0	3.653862e-15
4328.0	3.601867e-15
4330.0	3.535239e-15
4332.0	3.50971e-15
4334.0	3.486739e-15
4336.0	3.429599e-15
4338.0	3.363635e-15
4340.0	3.260231e-15
4342.0	3.202093e-15
4344.0	3.172763e-15
4346.0	3.123169e-15
4348.0	3.056219e-15
4350.0	2.976794e-15
4352.0	2.89272e-15
4354.0	2.880722e-15
4356.0	2.818874e-15
4358.0	2.756139e-15
4360.0	2.762887e-15
4362.0	2.75508e-15
4364.0	2.688958e-15
4366.0	2.679731e-15
4368.0	2.65938e-15
4370.0	2.629886e-15
4372.0	2.644061e-15
4374.0	2.601786e-15
4376.0	2.578554e-15
4378.0	2.592676e-15
4380.0	2.631399e-15
4382.0	2.669427e-15
4384.0	2.676672e-15
4386.0	2.701442e-15
4388.0	2.718122e-15
4390.0	2.755934e-15
4392.0	2.79932e-15
4394.0	2.826908e-15
4396.0	2.842887e-15
4398.0	2.834108e-15
4400.0	2.872226e-15
4402.0	2.951635e-15
4404.0	2.981393e-15
4406.0	2.985496e-15
4408.0	3.025842e-15
4410.0	3.087656e-15
4412.0	3.128873e-15
4414.0	3.205491e-15
4416.0	3.250843e-15
4418.0	3.238832e-15
4420.0	3.228397e-15
4422.0	3.235947e-15
4424.0	3.244364e-15
4426.0	3.290427e-15
4428.0	3.310347e-15
4430.0	3.309495e-15
4432.0	3.351559e-15
4434.0	3.431895e-15
4436.0	3.476729e-15
4438.0	3.455394e-15
4440.0	3.42093e-15
4442.0	3.458887e-15
4444.0	3.484293e-15
4446.0	3.498975e-15
4448.0	3.512712e-15
4450.0	3.500065e-15
4452.0	3.528067e-15
4454.0	3.563502e-15
4456.0	3.585047e-15
4458.0	3.597599e-15
4460.0	3.597488e-15
4462.0	3.574763e-15
4464.0	3.527903e-15
4466.0	3.531e-15
4468.0	3.576079e-15
4470.0	3.576295e-15
4472.0	3.518013e-15
4474.0	3.481061e-15
4476.0	3.511093e-15
4478.0	3.487763e-15
4480.0	3.462211e-15
4482.0	3.430007e-15
4484.0	3.388395e-15
4486.0	3.405191e-15
4488.0	3.402617e-15
4490.0	3.408028e-15
4492.0	3.395254e-15
4494.0	3.360002e-15
4496.0	3.356292e-15
4498.0	3.343293e-15
4500.0	3.303999e-15
4502.0	3.304359e-15
4504.0	3.290526e-15
4506.0	3.282552e-15
4508.0	3.322953e-15
4510.0	3.3484e-15
4512.0	3.358393e-15
4514.0	3.338512e-15
4516.0	3.30478e-15
4518.0	3.31654e-15
4520.0	3.378381e-15
4522.0	3.420191e-15
4524.0	3.443858e-15
4526.0	3.491451e-15
4528.0	3.53429e-15
4530.0	3.540633e-15
4532.0	3.555723e-15
4534.0	3.604403e-15
4536.0	3.665148e-15
4538.0	3.743382e-15
4540.0	3.792864e-15
4542.0	3.815852e-15
4544.0	3.82759e-15
4546.0	3.839524e-15
4548.0	3.894979e-15
4550.0	3.934411e-15
4552.0	3.935746e-15
4554.0	3.948825e-15
4556.0	3.968274e-15
4558.0	3.962132e-15
4560.0	3.945254e-15
4562.0	3.953784e-15
4564.0	3.963623e-15
4566.0	3.958036e-15
4568.0	3.988072e-15
4570.0	3.999789e-15
4572.0	3.963223e-15
4574.0	3.943443e-15
4576.0	3.994815e-15
4578.0	4.05072e-15
4580.0	4.063675e-15
4582.0	4.063992e-15
4584.0	4.031894e-15
4586.0	4.050382e-15
4588.0	4.128821e-15
4590.0	4.154099e-15
4592.0	4.121736e-15
4594.0	4.12029e-15
4596.0	4.111032e-15
4598.0	4.050638e-15
4600.0	4.059864e-15
4602.0	4.105016e-15
4604.0	4.09283e-15
4606.0	4.076578e-15
4608.0	4.069555e-15
4610.0	4.060338e-15
4612.0	4.02906e-15
4614.0	4.015263e-15
4616.0	3.97615e-15
4618.0	3.95364e-15
4620.0	3.974415e-15
4622.0	3.981735e-15
4624.0	3.948409e-15
4626.0	3.923023e-15
4628.0	3.927413e-15
4630.0	3.9176e-15
4632.0	3.921612e-15
4634.0	3.920851e-15
4636.0	3.857339e-15
4638.0	3.825946e-15
4640.0	3.851975e-15
4642.0	3.897289e-15
4644.0	3.874106e-15
4646.0	3.851792e-15
4648.0	3.864108e-15
4650.0	3.903763e-15
4652.0	3.880661e-15
4654.0	3.892802e-15
4656.0	3.915565e-15
4658.0	3.899899e-15
4660.0	3.890138e-15
4662.0	3.924077e-15
4664.0	3.940805e-15
4666.0	3.903165e-15
4668.0	3.870929e-15
4670.0	3.87638e-15
4672.0	3.887387e-15
4674.0	3.889129e-15
4676.0	3.900368e-15
4678.0	3.885656e-15
4680.0	3.890865e-15
4682.0	3.84889e-15
4684.0	3.874442e-15
4686.0	3.863363e-15
4688.0	3.859133e-15
4690.0	3.875575e-15
4692.0	3.844215e-15
4694.0	3.803855e-15
4696.0	3.774464e-15
4698.0	3.755513e-15
4700.0	3.742997e-15
4702.0	3.687176e-15
4704.0	3.655854e-15
4706.0	3.590607e-15
4708.0	3.581434e-15
4710.0	3.594319e-15
4712.0	3.551642e-15
4714.0	3.49492e-15
4716.0	3.418035e-15
4718.0	3.386808e-15
4720.0	3.364301e-15
4722.0	3.306959e-15
4724.0	3.312559e-15
4726.0	3.254991e-15
4728.0	3.160991e-15
4730.0	3.156726e-15
4732.0	3.121965e-15
4734.0	3.125932e-15
4736.0	3.101103e-15
4738.0	3.116842e-15
4740.0	3.119869e-15
4742.0	3.06348e-15
4744.0	3.019589e-15
4746.0	3.043408e-15
4748.0	3.054819e-15
4750.0	3.033105e-15
4752.0	3.015479e-15
4754.0	3.012184e-15
4756.0	3.004059e-15
4758.0	2.993073e-15
4760.0	3.015368e-15
4762.0	3.008509e-15
4764.0	2.998921e-15
4766.0	2.982524e-15
4768.0	2.9855e-15
4770.0	3.002395e-15
4772.0	3.023429e-15
4774.0	3.039225e-15
4776.0	3.018909e-15
4778.0	3.021947e-15
4780.0	3.030762e-15
4782.0	3.049596e-15
4784.0	3.025273e-15
4786.0	3.011854e-15
4788.0	3.058692e-15
4790.0	3.060008e-15
4792.0	3.026386e-15
4794.0	3.026623e-15
4796.0	3.039112e-15
4798.0	3.011052e-15
4800.0	2.983353e-15
4802.0	2.966397e-15
4804.0	2.940797e-15
4806.0	2.904876e-15
4808.0	2.889861e-15
4810.0	2.877089e-15
4812.0	2.833141e-15
4814.0	2.761028e-15
4816.0	2.723078e-15
4818.0	2.690218e-15
4820.0	2.672429e-15
4822.0	2.705795e-15
4824.0	2.661452e-15
4826.0	2.614394e-15
4828.0	2.57055e-15
4830.0	2.580591e-15
4832.0	2.544648e-15
4834.0	2.561791e-15
4836.0	2.580953e-15
4838.0	2.569848e-15
4840.0	2.56021e-15
4842.0	2.542288e-15
4844.0	2.554053e-15
4846.0	2.571049e-15
4848.0	2.540252e-15
4850.0	2.544794e-15
4852.0	2.564977e-15
4854.0	2.589615e-15
4856.0	2.585251e-15
4858.0	2.594994e-15
4860.0	2.628908e-15
4862.0	2.643143e-15
4864.0	2.643304e-15
4866.0	2.619444e-15
4868.0	2.638919e-15
4870.0	2.711424e-15
4872.0	2.739979e-15
4874.0	2.744432e-15
4876.0	2.69105e-15
4878.0	2.683144e-15
4880.0	2.665477e-15
4882.0	2.629951e-15
4884.0	2.62775e-15
4886.0	2.610859e-15
4888.0	2.555773e-15
4890.0	2.516179e-15
4892.0	2.495009e-15
4894.0	2.444456e-15
4896.0	2.413447e-15
4898.0	2.3934e-15
4900.0	2.321432e-15
4902.0	2.272201e-15
4904.0	2.227812e-15
4906.0	2.169785e-15
4908.0	2.163645e-15
4910.0	2.134335e-15
4912.0	2.11184e-15
4914.0	2.110729e-15
4916.0	2.038623e-15
4918.0	1.958067e-15
4920.0	1.938375e-15
4922.0	1.904541e-15
4924.0	1.871005e-15
4926.0	1.853271e-15
4928.0	1.843943e-15
4930.0	1.826511e-15
4932.0	1.793075e-15
4934.0	1.775776e-15
4936.0	1.783456e-15
4938.0	1.785832e-15
4940.0	1.794428e-15
4942.0	1.818992e-15
4944.0	1.859533e-15
4946.0	1.870096e-15
4948.0	1.830556e-15
4950.0	1.811364e-15
4952.0	1.810074e-15
4954.0	1.836408e-15
4956.0	1.863715e-15
4958.0	1.864596e-15
4960.0	1.888794e-15
4962.0	1.934551e-15
4964.0	1.991275e-15
4966.0	2.006338e-15
4968.0	2.00675e-15
4970.0	2.038158e-15
4972.0	2.049076e-15
4974.0	2.06488e-15
4976.0	2.113557e-15
4978.0	2.155681e-15
4980.0	2.162054e-15
4982.0	2.153492e-15
4984.0	2.177543e-15
4986.0	2.199261e-15
4988.0	2.220776e-15
4990.0	2.213386e-15
4992.0	2.222204e-15
4994.0	2.254404e-15
4996.0	2.268541e-15
4998.0	2.304926e-15
5000.0	2.308269e-15
5002.0	2.297904e-15
5004.0	2.301324e-15
5006.0	2.317371e-15
5008.0	2.345514e-15
5010.0	2.331424e-15
5012.0	2.335677e-15
5014.0	2.39288e-15
5016.0	2.407951e-15
5018.0	2.38798e-15
5020.0	2.38134e-15
5022.0	2.38745e-15
5024.0	2.397974e-15
5026.0	2.408928e-15
5028.0	2.403846e-15
5030.0	2.395688e-15
5032.0	2.407568e-15
5034.0	2.424362e-15
5036.0	2.430211e-15
5038.0	2.415132e-15
5040.0	2.402169e-15
5042.0	2.400681e-15
5044.0	2.418104e-15
5046.0	2.440833e-15
5048.0	2.407504e-15
5050.0	2.419914e-15
5052.0	2.430216e-15
5054.0	2.419497e-15
5056.0	2.389658e-15
5058.0	2.361912e-15
5060.0	2.397429e-15
5062.0	2.4134e-15
5064.0	2.402902e-15
5066.0	2.405366e-15
5068.0	2.395072e-15
5070.0	2.399441e-15
5072.0	2.450471e-15
5074.0	2.459046e-15
5076.0	2.470996e-15
5078.0	2.462314e-15
5080.0	2.43906e-15
5082.0	2.443981e-15
5084.0	2.450351e-15
5086.0	2.452951e-15
5088.0	2.42441e-15
5090.0	2.444277e-15
5092.0	2.492272e-15
5094.0	2.49643e-15
5096.0	2.496318e-15
5098.0	2.481812e-15
5100.0	2.450944e-15
5102.0	2.465923e-15
5104.0	2.442177e-15
5106.0	2.459389e-15
5108.0	2.459086e-15
5110.0	2.463695e-15
5112.0	2.493944e-15
5114.0	2.530948e-15
5116.0	2.491958e-15
5118.0	2.522267e-15
5120.0	2.578141e-15
5122.0	2.588956e-15
5124.0	2.565617e-15
5126.0	2.591236e-15
5128.0	2.60196e-15
5130.0	2.588873e-15
5132.0	2.629916e-15
5134.0	2.648913e-15
5136.0	2.657545e-15
5138.0	2.687088e-15
5140.0	2.684675e-15
5142.0	2.692124e-15
5144.0	2.733567e-15
5146.0	2.752642e-15
5148.0	2.776426e-15
5150.0	2.750297e-15
5152.0	2.783278e-15
5154.0	2.827269e-15
5156.0	2.801405e-15
5158.0	2.800292e-15
5160.0	2.84695e-15
5162.0	2.850349e-15
5164.0	2.856737e-15
5166.0	2.910088e-15
5168.0	2.910847e-15
5170.0	2.906852e-15
5172.0	2.930166e-15
5174.0	2.90781e-15
5176.0	2.93076e-15
5178.0	2.923032e-15
5180.0	2.995634e-15
5182.0	2.997295e-15
5184.0	2.998295e-15
5186.0	3.016095e-15
5188.0	2.992043e-15
5190.0	3.010846e-15
5192.0	3.02204e-15
5194.0	3.031091e-15
5196.0	3.023114e-15
5198.0	3.026964e-15
5200.0	3.014085e-15
5202.0	2.976874e-15
5204.0	2.972798e-15
5206.0	2.963225e-15
5208.0	2.940179e-15
5210.0	2.957203e-15
5212.0	2.937303e-15
5214.0	2.880627e-15
5216.0	2.866543e-15
5218.0	2.889772e-15
5220.0	2.8904e-15
5222.0	2.8871e-15
5224.0	2.836237e-15
5226.0	2.79326e-15
5228.0	2.789716e-15
5230.0	2.827107e-15
5232.0	2.862429e-15
5234.0	2.802901e-15
5236.0	2.794133e-15
5238.0	2.790683e-15
5240.0	2.770588e-15
5242.0	2.73958e-15
5244.0	2.720215e-15
5246.0	2.73096e-15
5248.0	2.745409e-15
5250.0	2.721865e-15
5252.0	2.714177e-15
5254.0	2.744046e-15
5256.0	2.724866e-15
5258.0	2.729075e-15
5260.0	2.727772e-15
5262.0	2.736353e-15
5264.0	2.730363e-15
5266.0	2.756785e-15
5268.0	2.761091e-15
5270.0	2.757682e-15
5272.0	2.769349e-15
5274.0	2.817784e-15
5276.0	2.813237e-15
5278.0	2.808571e-15
5280.0	2.80993e-15
5282.0	2.836293e-15
5284.0	2.821157e-15
5286.0	2.808709e-15
5288.0	2.81193e-15
5290.0	2.804703e-15
5292.0	2.812232e-15
5294.0	2.795627e-15
5296.0	2.784989e-15
5298.0	2.790857e-15
5300.0	2.779675e-15
5302.0	2.72207e-15
5304.0	2.657316e-15
5306.0	2.628358e-15
5308.0	2.603266e-15
5310.0	2.558028e-15
5312.0	2.524792e-15
5314.0	2.48367e-15
5316.0	2.465187e-15
5318.0	2.441615e-15
5320.0	2.370432e-15
5322.0	2.356752e-15
5324.0	2.326023e-15
5326.0	2.253837e-15
5328.0	2.231842e-15
5330.0	2.203228e-15
5332.0	2.173358e-15
5334.0	2.136533e-15
5336.0	2.085084e-15
5338.0	2.086217e-15
5340.0	2.044075e-15
5342.0	2.017652e-15
5344.0	2.011507e-15
5346.0	1.987679e-15
5348.0	1.982217e-15
5350.0	1.966305e-15
5352.0	1.94603e-15
5354.0	1.893899e-15
5356.0	1.9038e-15
5358.0	1.884629e-15
5360.0	1.857468e-15
5362.0	1.856882e-15
5364.0	1.844837e-15
5366.0	1.868936e-15
5368.0	1.858884e-15
5370.0	1.846883e-15
5372.0	1.863e-15
5374.0	1.849382e-15
5376.0	1.84234e-15
5378.0	1.868572e-15
5380.0	1.857211e-15
5382.0	1.884999e-15
5384.0	1.887883e-15
5386.0	1.867837e-15
5388.0	1.854301e-15
5390.0	1.858297e-15
5392.0	1.870652e-15
5394.0	1.882351e-15
5396.0	1.881411e-15
5398.0	1.927114e-15
5400.0	1.933225e-15
5402.0	1.919765e-15
5404.0	1.912371e-15
5406.0	1.938043e-15
5408.0	1.931221e-15
5410.0	1.945545e-15
5412.0	1.957984e-15
5414.0	1.970112e-15
5416.0	1.968131e-15
5418.0	1.956461e-15
5420.0	1.978964e-15
5422.0	1.976715e-15
5424.0	2.015787e-15
5426.0	2.039467e-15
5428.0	2.023146e-15
5430.0	2.027878e-15
5432.0	2.065633e-15
5434.0	2.068731e-15
5436.0	2.080009e-15
5438.0	2.100999e-15
5440.0	2.116498e-15
5442.0	2.115944e-15
5444.0	2.076935e-15
5446.0	2.098076e-15
5448.0	2.128985e-15
5450.0	2.137362e-15
5452.0	2.151732e-15
5454.0	2.122918e-15
5456.0	2.108136e-15
5458.0	2.082671e-15
5460.0	2.097632e-15
5462.0	2.112628e-15
5464.0	2.103276e-15
5466.0	2.108932e-15
5468.0	2.121299e-15
5470.0	2.115195e-15
5472.0	2.119621e-15
5474.0	2.139606e-15
5476.0	2.076877e-15
5478.0	2.079878e-15
5480.0	2.086189e-15
5482.0	2.062027e-15
5484.0	2.040509e-15
5486.0	2.033798e-15
5488.0	2.041211e-15
5490.0	2.017562e-15
5492.0	1.988365e-15
5494.0	1.984922e-15
5496.0	1.984012e-15
5498.0	1.949709e-15
5500.0	1.944241e-15
5502.0	1.953447e-15
5504.0	1.918508e-15
5506.0	1.90054e-15
5508.0	1.882558e-15
5510.0	1.853793e-15
5512.0	1.8362e-15
5514.0	1.808038e-15
5516.0	1.786155e-15
5518.0	1.798788e-15
5520.0	1.762015e-15
5522.0	1.744333e-15
5524.0	1.75257e-15
5526.0	1.708491e-15
5528.0	1.700313e-15
5530.0	1.709492e-15
5532.0	1.689438e-15
5534.0	1.640775e-15
5536.0	1.65419e-15
5538.0	1.657778e-15
5540.0	1.643396e-15
5542.0	1.628384e-15
5544.0	1.613522e-15
5546.0	1.591759e-15
5548.0	1.584531e-15
5550.0	1.589118e-15
5552.0	1.611415e-15
5554.0	1.627876e-15
5556.0	1.642859e-15
5558.0	1.642629e-15
5560.0	1.662565e-15
5562.0	1.68335e-15
5564.0	1.667895e-15
5566.0	1.673643e-15
5568.0	1.713204e-15
5570.0	1.739035e-15
5572.0	1.747651e-15
5574.0	1.774824e-15
5576.0	1.811103e-15
5578.0	1.84775e-15
5580.0	1.874413e-15
5582.0	1.87472e-15
5584.0	1.864154e-15
5586.0	1.894497e-15
5588.0	1.927139e-15
5590.0	1.963223e-15
5592.0	2.003472e-15
5594.0	2.028807e-15
5596.0	2.023984e-15
5598.0	2.03692e-15
5600.0	2.075312e-15
5602.0	2.095913e-15
5604.0	2.116553e-15
5606.0	2.142807e-15
5608.0	2.148427e-15
5610.0	2.177117e-15
5612.0	2.211607e-15
5614.0	2.22184e-15
5616.0	2.253115e-15
5618.0	2.282615e-15
5620.0	2.278759e-15
5622.0	2.308753e-15
5624.0	2.332989e-15
5626.0	2.345557e-15
5628.0	2.335102e-15
5630.0	2.333165e-15
5632.0	2.368251e-15
5634.0	2.400298e-15
5636.0	2.394171e-15
5638.0	2.385817e-15
5640.0	2.360121e-15
5642.0	2.384679e-15
5644.0	2.411652e-15
5646.0	2.392794e-15
5648.0	2.401897e-15
5650.0	2.416306e-15
5652.0	2.402912e-15
5654.0	2.400466e-15
5656.0	2.379297e-15
5658.0	2.35956e-15
5660.0	2.355352e-15
5662.0	2.356889e-15
5664.0	2.37413e-15
5666.0	2.370844e-15
5668.0	2.360535e-15
5670.0	2.361029e-15
5672.0	2.344856e-15
5674.0	2.352096e-15
5676.0	2.382684e-15
5678.0	2.347977e-15
5680.0	2.328613e-15
5682.0	2.344062e-15
5684.0	2.357629e-15
5686.0	2.385876e-15
5688.0	2.390254e-15
5690.0	2.374955e-15
5692.0	2.378182e-15
5694.0	2.370763e-15
5696.0	2.372199e-15
5698.0	2.395517e-15
5700.0	2.411262e-15
5702.0	2.40606e-15
5704.0	2.38627e-15
5706.0	2.368905e-15
5708.0	2.379983e-15
5710.0	2.392286e-15
5712.0	2.408022e-15
5714.0	2.412831e-15
5716.0	2.406605e-15
5718.0	2.413083e-15
5720.0	2.400945e-15
5722.0	2.36637e-15
5724.0	2.370989e-15
5726.0	2.393943e-15
5728.0	2.374143e-15
5730.0	2.376253e-15
5732.0	2.395555e-15
5734.0	2.372068e-15
5736.0	2.350993e-15
5738.0	2.369845e-15
5740.0	2.387226e-15
5742.0	2.379629e-15
5744.0	2.389263e-15
5746.0	2.394339e-15
5748.0	2.378582e-15
5750.0	2.386889e-15
5752.0	2.397857e-15
5754.0	2.378085e-15
5756.0	2.376913e-15
5758.0	2.383425e-15
5760.0	2.358776e-15
5762.0	2.358255e-15
5764.0	2.364462e-15
5766.0	2.349018e-15
5768.0	2.349312e-15
5770.0	2.358649e-15
5772.0	2.350126e-15
5774.0	2.334711e-15
5776.0	2.32808e-15
5778.0	2.319278e-15
5780.0	2.299707e-15
5782.0	2.300055e-15
5784.0	2.300154e-15
5786.0	2.297267e-15
5788.0	2.290048e-15
5790.0	2.274202e-15
5792.0	2.283497e-15
5794.0	2.290567e-15
5796.0	2.247318e-15
5798.0	2.211008e-15
5800.0	2.213753e-15
5802.0	2.216546e-15
5804.0	2.205807e-15
5806.0	2.194353e-15
5808.0	2.18459e-15
5810.0	2.143697e-15
5812.0	2.084833e-15
5814.0	2.065504e-15
5816.0	2.087384e-15
5818.0	2.09618e-15
5820.0	2.06972e-15
5822.0	2.044907e-15
5824.0	2.034919e-15
5826.0	2.022002e-15
5828.0	2.020193e-15
5830.0	2.013085e-15
5832.0	2.0038e-15
5834.0	1.998538e-15
5836.0	1.977791e-15
5838.0	1.948966e-15
5840.0	1.940631e-15
5842.0	1.947043e-15
5844.0	1.937427e-15
5846.0	1.913516e-15
5848.0	1.904598e-15
5850.0	1.891407e-15
5852.0	1.88275e-15
5854.0	1.895431e-15
5856.0	1.891321e-15
5858.0	1.870653e-15
5860.0	1.874304e-15
5862.0	1.894481e-15
5864.0	1.893317e-15
5866.0	1.892841e-15
5868.0	1.905387e-15
5870.0	1.907808e-15
5872.0	1.898932e-15
5874.0	1.907551e-15
5876.0	1.92131e-15
5878.0	1.906503e-15
5880.0	1.919567e-15
5882.0	1.941467e-15
5884.0	1.933936e-15
5886.0	1.921953e-15
5888.0	1.908501e-15
5890.0	1.90592e-15
5892.0	1.907393e-15
5894.0	1.92e-15
5896.0	1.950743e-15
5898.0	1.987309e-15
5900.0	1.998127e-15
5902.0	2.005464e-15
5904.0	2.031644e-15
5906.0	2.038194e-15
5908.0	2.039176e-15
5910.0	2.045017e-15
5912.0	2.042717e-15
5914.0	2.043501e-15
5916.0	2.065982e-15
5918.0	2.074778e-15
5920.0	2.061279e-15
5922.0	2.061487e-15
5924.0	2.080223e-15
5926.0	2.112659e-15
5928.0	2.131365e-15
5930.0	2.13906e-15
5932.0	2.137768e-15
5934.0	2.151305e-15
5936.0	2.162359e-15
5938.0	2.151154e-15
5940.0	2.166851e-15
5942.0	2.168067e-15
5944.0	2.161089e-15
5946.0	2.173865e-15
5948.0	2.198833e-15
5950.0	2.200843e-15
5952.0	2.196168e-15
5954.0	2.195833e-15
5956.0	2.17587e-15
5958.0	2.168973e-15
5960.0	2.198905e-15
5962.0	2.214626e-15
5964.0	2.220227e-15
5966.0	2.219012e-15
5968.0	2.213363e-15
5970.0	2.213214e-15
5972.0	2.216091e-15
5974.0	2.222547e-15
5976.0	2.249168e-15
5978.0	2.266007e-15
5980.0	2.248465e-15
5982.0	2.239801e-15
5984.0	2.251088e-15
5986.0	2.264875e-15
5988.0	2.263587e-15
5990.0	2.259134e-15
5992.0	2.267923e-15
5994.0	2.278666e-15
5996.0	2.25146e-15
5998.0	2.252167e-15
6000.0	2.26597e-15
6002.0	2.264917e-15
6004.0	2.277439e-15
6006.0	2.283365e-15
6008.0	2.299553e-15
6010.0	2.292102e-15
6012.0	2.29991e-15
6014.0	2.299244e-15
6016.0	2.289584e-15
6018.0	2.270022e-15
6020.0	2.253358e-15
6022.0	2.237827e-15
6024.0	2.246351e-15
6026.0	2.262568e-15
6028.0	2.269041e-15
6030.0	2.267838e-15
6032.0	2.247216e-15
6034.0	2.239975e-15
6036.0	2.267214e-15
6038.0	2.247738e-15
6040.0	2.236265e-15
6042.0	2.275338e-15
6044.0	2.262873e-15
6046.0	2.233816e-15
6048.0	2.229615e-15
6050.0	2.248691e-15
6052.0	2.206376e-15
6054.0	2.190575e-15
6056.0	2.206305e-15
6058.0	2.199639e-15
6060.0	2.19938e-15
6062.0	2.218043e-15
6064.0	2.195986e-15
6066.0	2.176686e-15
6068.0	2.179305e-15
6070.0	2.192554e-15
6072.0	2.175053e-15
6074.0	2.162766e-15
6076.0	2.141511e-15
6078.0	2.122287e-15
6080.0	2.131299e-15
6082.0	2.118349e-15
6084.0	2.095607e-15
6086.0	2.079452e-15
6088.0	2.0651e-15
6090.0	2.092313e-15
6092.0	2.086521e-15
6094.0	2.061512e-15
6096.0	2.044706e-15
6098.0	2.046479e-15
6100.0	2.034948e-15
6102.0	2.002452e-15
6104.0	1.974259e-15
6106.0	1.988733e-15
6108.0	1.957718e-15
6110.0	1.919998e-15
6112.0	1.886486e-15
6114.0	1.84098e-15
6116.0	1.818264e-15
6118.0	1.80253e-15
6120.0	1.787848e-15
6122.0	1.703823e-15
6124.0	1.697712e-15
6126.0	1.680292e-15
6128.0	1.654806e-15
6130.0	1.610569e-15
6132.0	1.567029e-15
6134.0	1.525612e-15
6136.0	1.526973e-15
6138.0	1.478132e-15
6140.0	1.436722e-15
6142.0	1.391603e-15
6144.0	1.334001e-15
6146.0	1.317846e-15
6148.0	1.302532e-15
6150.0	1.272568e-15
6152.0	1.235083e-15
6154.0	1.202752e-15
6156.0	1.177982e-15
6158.0	1.144056e-15
6160.0	1.110619e-15
6162.0	1.113763e-15
6164.0	1.067471e-15
6166.0	1.027422e-15
6168.0	1.004309e-15
6170.0	9.771955e-16
6172.0	9.466644e-16
6174.0	9.180381e-16
6176.0	9.034898e-16
6178.0	8.930166e-16
6180.0	8.672581e-16
6182.0	8.492023e-16
6184.0	8.385912e-16
6186.0	8.402971e-16
6188.0	8.109623e-16
6190.0	7.692692e-16
6192.0	7.561019e-16
6194.0	7.582009e-16
6196.0	7.534036e-16
6198.0	7.394354e-16
6200.0	7.300635e-16
6202.0	7.242505e-16
6204.0	7.181287e-16
6206.0	7.013426e-16
6208.0	6.945263e-16
6210.0	7.00784e-16
6212.0	7.121505e-16
6214.0	7.045899e-16
6216.0	7.114524e-16
6218.0	7.180331e-16
6220.0	7.164082e-16
6222.0	7.039713e-16
6224.0	7.090387e-16
6226.0	7.33138e-16
6228.0	7.392718e-16
6230.0	7.451722e-16
6232.0	7.458752e-16
6234.0	7.508026e-16
6236.0	7.610838e-16
6238.0	7.596266e-16
6240.0	7.63221e-16
6242.0	7.750147e-16
6244.0	7.939985e-16
6246.0	8.151646e-16
6248.0	8.270768e-16
6250.0	8.48767e-16
6252.0	8.591975e-16
6254.0	8.668321e-16
6256.0	9.018563e-16
6258.0	9.129129e-16
6260.0	9.086414e-16
6262.0	9.201037e-16
6264.0	9.350079e-16
6266.0	9.752019e-16
6268.0	9.898371e-16
6270.0	9.932342e-16
6272.0	9.88254e-16
6274.0	1.009979e-15
6276.0	1.065281e-15
6278.0	1.069979e-15
6280.0	1.070388e-15
6282.0	1.096329e-15
6284.0	1.118672e-15
6286.0	1.131476e-15
6288.0	1.152748e-15
6290.0	1.180941e-15
6292.0	1.230001e-15
6294.0	1.240827e-15
6296.0	1.260398e-15
6298.0	1.296011e-15
6300.0	1.316837e-15
6302.0	1.340156e-15
6304.0	1.358185e-15
6306.0	1.368226e-15
6308.0	1.358736e-15
6310.0	1.403504e-15
6312.0	1.416983e-15
6314.0	1.429542e-15
6316.0	1.448698e-15
6318.0	1.468118e-15
6320.0	1.524832e-15
6322.0	1.554868e-15
6324.0	1.562789e-15
6326.0	1.601944e-15
6328.0	1.599606e-15
6330.0	1.652159e-15
6332.0	1.633867e-15
6334.0	1.640578e-15
6336.0	1.678771e-15
6338.0	1.664316e-15
6340.0	1.663777e-15
6342.0	1.696183e-15
6344.0	1.702998e-15
6346.0	1.719259e-15
6348.0	1.733816e-15
6350.0	1.745412e-15
6352.0	1.769952e-15
6354.0	1.793675e-15
6356.0	1.821693e-15
6358.0	1.821925e-15
6360.0	1.817494e-15
6362.0	1.825411e-15
6364.0	1.837808e-15
6366.0	1.850793e-15
6368.0	1.84223e-15
6370.0	1.869665e-15
6372.0	1.849238e-15
6374.0	1.875583e-15
6376.0	1.876844e-15
6378.0	1.881819e-15
6380.0	1.928325e-15
6382.0	1.936069e-15
6384.0	1.949753e-15
6386.0	1.953366e-15
6388.0	1.935137e-15
6390.0	1.919122e-15
6392.0	1.936562e-15
6394.0	1.940049e-15
6396.0	1.952546e-15
6398.0	1.963166e-15
6400.0	1.956524e-15
6402.0	1.967829e-15
6404.0	1.94195e-15
6406.0	1.929396e-15
6408.0	1.942519e-15
6410.0	1.961223e-15
6412.0	1.954302e-15
6414.0	1.940323e-15
6416.0	1.934795e-15
6418.0	1.965312e-15
6420.0	1.95807e-15
6422.0	1.955842e-15
6424.0	1.963041e-15
6426.0	1.954026e-15
6428.0	1.970684e-15
6430.0	1.978289e-15
6432.0	1.961274e-15
6434.0	1.983558e-15
6436.0	1.976075e-15
6438.0	1.936934e-15
6440.0	1.91942e-15
6442.0	1.962407e-15
6444.0	1.983795e-15
6446.0	1.984181e-15
6448.0	1.968762e-15
6450.0	1.942421e-15
6452.0	1.950598e-15
6454.0	1.963839e-15
6456.0	1.937341e-15
6458.0	1.924114e-15
6460.0	1.956051e-15
6462.0	1.937229e-15
6464.0	1.926708e-15
6466.0	1.938518e-15
6468.0	1.952304e-15
6470.0	1.969327e-15
6472.0	1.976547e-15
6474.0	1.956402e-15
6476.0	1.908253e-15
6478.0	1.924193e-15
6480.0	1.935795e-15
6482.0	1.915676e-15
6484.0	1.911359e-15
6486.0	1.924668e-15
6488.0	1.932022e-15
6490.0	1.917887e-15
6492.0	1.906703e-15
6494.0	1.917862e-15
6496.0	1.892053e-15
6498.0	1.902268e-15
6500.0	1.907717e-15
6502.0	1.897277e-15
6504.0	1.918147e-15
6506.0	1.923919e-15
6508.0	1.912532e-15
6510.0	1.893749e-15
6512.0	1.884746e-15
6514.0	1.901479e-15
6516.0	1.869475e-15
6518.0	1.867972e-15
6520.0	1.892546e-15
6522.0	1.884211e-15
6524.0	1.871676e-15
6526.0	1.87098e-15
6528.0	1.84699e-15
6530.0	1.828473e-15
6532.0	1.841664e-15
6534.0	1.815062e-15
6536.0	1.824542e-15
6538.0	1.822568e-15
6540.0	1.844672e-15
6542.0	1.832174e-15
6544.0	1.784893e-15
6546.0	1.774202e-15
6548.0	1.776517e-15
6550.0	1.766695e-15
6552.0	1.753899e-15
6554.0	1.75691e-15
6556.0	1.783197e-15
6558.0	1.746373e-15
6560.0	1.755505e-15
6562.0	1.76653e-15
6564.0	1.762437e-15
6566.0	1.735197e-15
6568.0	1.722161e-15
6570.0	1.714796e-15
6572.0	1.694688e-15
6574.0	1.687636e-15
6576.0	1.700312e-15
6578.0	1.699431e-15
6580.0	1.700997e-15
6582.0	1.701276e-15
6584.0	1.705864e-15
6586.0	1.697439e-15
6588.0	1.682071e-15
6590.0	1.651997e-15
6592.0	1.657568e-15
6594.0	1.655881e-15
6596.0	1.654665e-15
6598.0	1.646082e-15
6600.0	1.649107e-15
6602.0	1.639348e-15
6604.0	1.628052e-15
6606.0	1.648712e-15
6608.0	1.642778e-15
6610.0	1.611908e-15
6612.0	1.617429e-15
6614.0	1.593122e-15
6616.0	1.587082e-15
6618.0	1.586973e-15
6620.0	1.591108e-15
6622.0	1.591727e-15
6624.0	1.593458e-15
6626.0	1.586656e-15
6628.0	1.578901e-15
6630.0	1.586804e-15
6632.0	1.561795e-15
6634.0	1.546728e-15
6636.0	1.537478e-15
6638.0	1.534196e-15
6640.0	1.551591e-15
6642.0	1.544699e-15
6644.0	1.542184e-15
6646.0	1.552373e-15
6648.0	1.544761e-15
6650.0	1.533606e-15
6652.0	1.524053e-15
6654.0	1.499457e-15
6656.0	1.488845e-15
6658.0	1.502465e-15
6660.0	1.500413e-15
6662.0	1.510029e-15
6664.0	1.519253e-15
6666.0	1.504475e-15
6668.0	1.497924e-15
6670.0	1.503548e-15
6672.0	1.540512e-15
6674.0	1.637566e-15
6676.0	1.723861e-15
6678.0	1.6925e-15
6680.0	1.588072e-15
6682.0	1.505711e-15
6684.0	1.49859e-15
6686.0	1.500855e-15
6688.0	1.47817e-15
6690.0	1.463158e-15
6692.0	1.470321e-15
6694.0	1.506968e-15
6696.0	1.519157e-15
6698.0	1.506373e-15
6700.0	1.48009e-15
6702.0	1.451361e-15
6704.0	1.422038e-15
6706.0	1.417344e-15
6708.0	1.422985e-15
6710.0	1.41199e-15
6712.0	1.441856e-15
6714.0	1.422968e-15
6716.0	1.396702e-15
6718.0	1.387754e-15
6720.0	1.3754e-15
6722.0	1.374894e-15
6724.0	1.395306e-15
6726.0	1.382278e-15
6728.0	1.392335e-15
6730.0	1.401829e-15
6732.0	1.388977e-15
6734.0	1.377146e-15
6736.0	1.373494e-15
6738.0	1.355898e-15
6740.0	1.355512e-15
6742.0	1.352709e-15
6744.0	1.349463e-15
6746.0	1.374911e-15
6748.0	1.378127e-15
6750.0	1.361719e-15
6752.0	1.36706e-15
6754.0	1.364362e-15
6756.0	1.351786e-15
6758.0	1.352363e-15
6760.0	1.340214e-15
6762.0	1.342678e-15
6764.0	1.330968e-15
6766.0	1.330881e-15
6768.0	1.36458e-15
6770.0	1.34106e-15
6772.0	1.314091e-15
6774.0	1.312854e-15
6776.0	1.295791e-15
6778.0	1.287968e-15
6780.0	1.296448e-15
6782.0	1.299799e-15
6784.0	1.281432e-15
6786.0	1.282813e-15
6788.0	1.308392e-15
6790.0	1.323199e-15
6792.0	1.313545e-15
6794.0	1.295701e-15
6796.0	1.291707e-15
6798.0	1.280439e-15
6800.0	1.254976e-15
6802.0	1.262773e-15
6804.0	1.275928e-15
6806.0	1.264737e-15
6808.0	1.266335e-15
6810.0	1.26873e-15
6812.0	1.2567e-15
6814.0	1.258478e-15
6816.0	1.268456e-15
6818.0	1.269093e-15
6820.0	1.238746e-15
6822.0	1.217002e-15
6824.0	1.222209e-15
6826.0	1.219229e-15
6828.0	1.237374e-15
6830.0	1.278497e-15
6832.0	1.292766e-15
6834.0	1.271765e-15
6836.0	1.242302e-15
6838.0	1.192745e-15
6840.0	1.192989e-15
6842.0	1.223338e-15
6844.0	1.222228e-15
6846.0	1.219797e-15
6848.0	1.235373e-15
6850.0	1.22897e-15
6852.0	1.200849e-15
6854.0	1.17357e-15
6856.0	1.161522e-15
6858.0	1.170155e-15
6860.0	1.176446e-15
6862.0	1.157932e-15
6864.0	1.126995e-15
6866.0	1.120424e-15
6868.0	1.147356e-15
6870.0	1.172452e-15
6872.0	1.16559e-15
6874.0	1.127047e-15
6876.0	1.112575e-15
6878.0	1.153636e-15
6880.0	1.171119e-15
6882.0	1.130575e-15
6884.0	1.093092e-15
6886.0	1.100803e-15
6888.0	1.11321e-15
6890.0	1.122247e-15
6892.0	1.130875e-15
6894.0	1.132628e-15
6896.0	1.121047e-15
6898.0	1.110042e-15
6900.0	1.111316e-15
6902.0	1.141217e-15
6904.0	1.174044e-15
6906.0	1.184348e-15
6908.0	1.164513e-15
6910.0	1.127428e-15
6912.0	1.102947e-15
6914.0	1.093259e-15
6916.0	1.090758e-15
6918.0	1.092667e-15
6920.0	1.114141e-15
6922.0	1.130863e-15
6924.0	1.107587e-15
6926.0	1.097395e-15
6928.0	1.090771e-15
6930.0	1.079645e-15
6932.0	1.101048e-15
6934.0	1.100666e-15
6936.0	1.070902e-15
6938.0	1.056921e-15
6940.0	1.064357e-15
6942.0	1.07343e-15
6944.0	1.072866e-15
6946.0	1.081116e-15
6948.0	1.100673e-15
6950.0	1.09162e-15
6952.0	1.071236e-15
6954.0	1.062971e-15
6956.0	1.058688e-15
6958.0	1.065035e-15
6960.0	1.068158e-15
6962.0	1.082399e-15
6964.0	1.088394e-15
6966.0	1.066745e-15
6968.0	1.073965e-15
6970.0	1.090648e-15
6972.0	1.065165e-15
6974.0	1.043595e-15
6976.0	1.050617e-15
6978.0	1.052338e-15
6980.0	1.058181e-15
6982.0	1.05125e-15
6984.0	1.038982e-15
6986.0	1.042997e-15
6988.0	1.046474e-15
6990.0	1.037338e-15
6992.0	1.037319e-15
6994.0	1.048609e-15
6996.0	1.048651e-15
6998.0	1.034555e-15
7000.0	1.018915e-15
7002.0	1.005411e-15
7004.0	1.003104e-15
7006.0	1.010595e-15
7008.0	1.016652e-15
7010.0	1.033692e-15
7012.0	1.027232e-15
7014.0	1.011852e-15
7016.0	1.024417e-15
7018.0	1.023813e-15
7020.0	9.919499e-16
7022.0	9.901944e-16
7024.0	1.013377e-15
7026.0	1.009462e-15
7028.0	1.001673e-15
7030.0	9.939022e-16
7032.0	9.941299e-16
7034.0	1.009472e-15
7036.0	1.003996e-15
7038.0	1.000965e-15
7040.0	1.00646e-15
7042.0	1.008107e-15
7044.0	1.004531e-15
7046.0	9.97795e-16
7048.0	1.003885e-15
7050.0	1.001539e-15
