#	 ASASSN15pr 
#	 UT date of observation: 20150919 
#	 Telescope/Instrument: Keck/DEIMOS 
#	 Estimated Peak MJD: 57283.098 
#	 Estimated redshift: 0.000 
#	 Estimated Phase: 0.9 
#	 Published in Dettman et al. 2020 
#	 Observed barycentric wavelength (Angstroms)    F_lambda
4442.0	0.0432593
4443.0	0.0361118
4444.0	0.0363441
4445.0	0.0359165
4446.0	0.0463867
4447.0	0.0571461
4448.0	0.0438493
4449.0	0.0392952
4450.0	0.0444574
4451.0	0.0451062
4452.0	0.0459746
4453.0	0.0420374
4454.0	0.0420189
4455.0	0.0507589
4456.0	0.05538
4457.0	0.0446042
4458.0	0.0379268
4459.0	0.0456639
4460.0	0.0522024
4461.0	0.0396786
4462.0	0.0392006
4463.0	0.050116
4464.0	0.0419846
4465.0	0.0491627
4466.0	0.057964
4467.0	0.0483518
4468.0	0.0508843
4469.0	0.0495574
4470.0	0.0413562
4471.0	0.0421253
4472.0	0.0443908
4473.0	0.0440973
4474.0	0.0473633
4475.0	0.0463886
4476.0	0.0513009
4477.0	0.0478182
4478.0	0.0455719
4479.0	0.045005
4480.0	0.044159
4481.0	0.0450543
4482.0	0.0537073
4483.0	0.0491703
4484.0	0.0451638
4485.0	0.0497524
4486.0	0.0470977
4487.0	0.0450255
4488.0	0.0476489
4489.0	0.049442
4490.0	0.049947
4491.0	0.0464315
4492.0	0.0426379
4493.0	0.0439993
4494.0	0.0463356
4495.0	0.0498565
4496.0	0.0470161
4497.0	0.0443294
4498.0	0.0469445
4499.0	0.0486055
4500.0	0.0478124
4501.0	0.0449699
4502.0	0.0467417
4503.0	0.0447169
4504.0	0.0480881
4505.0	0.0494362
4506.0	0.047103
4507.0	0.0468389
4508.0	0.0453747
4509.0	0.0485821
4510.0	0.0505536
4511.0	0.0500783
4512.0	0.0509703
4513.0	0.0464467
4514.0	0.0473179
4515.0	0.0490717
4516.0	0.0515399
4517.0	0.0470593
4518.0	0.0491597
4519.0	0.0464797
4520.0	0.0497393
4521.0	0.0509215
4522.0	0.0496621
4523.0	0.0449536
4524.0	0.0497435
4525.0	0.0540493
4526.0	0.0502977
4527.0	0.0483833
4528.0	0.0502723
4529.0	0.0492367
4530.0	0.0483522
4531.0	0.0524438
4532.0	0.0518804
4533.0	0.0505854
4534.0	0.049609
4535.0	0.050873
4536.0	0.0493344
4537.0	0.0474818
4538.0	0.0499495
4539.0	0.0525416
4540.0	0.0527621
4541.0	0.0545523
4542.0	0.0516294
4543.0	0.052737
4544.0	0.0491603
4545.0	0.0504783
4546.0	0.0497063
4547.0	0.0483144
4548.0	0.0496582
4549.0	0.0513526
4550.0	0.0521858
4551.0	0.0512944
4552.0	0.0529894
4553.0	0.0519989
4554.0	0.0507347
4555.0	0.0537644
4556.0	0.0559002
4557.0	0.0510417
4558.0	0.0478144
4559.0	0.0517767
4560.0	0.0519685
4561.0	0.0513837
4562.0	0.049931
4563.0	0.0493709
4564.0	0.0516334
4565.0	0.0518835
4566.0	0.0507877
4567.0	0.0513447
4568.0	0.0522205
4569.0	0.051964
4570.0	0.0521283
4571.0	0.0521862
4572.0	0.0525405
4573.0	0.0515333
4574.0	0.0494688
4575.0	0.0513978
4576.0	0.0520039
4577.0	0.0508582
4578.0	0.0501681
4579.0	0.0485763
4580.0	0.0479515
4581.0	0.0492518
4582.0	0.0528391
4583.0	0.051217
4584.0	0.0501924
4585.0	0.0488087
4586.0	0.0494374
4587.0	0.0494988
4588.0	0.0511119
4589.0	0.0530767
4590.0	0.0523283
4591.0	0.0512731
4592.0	0.0492171
4593.0	0.0504443
4594.0	0.0531967
4595.0	0.052824
4596.0	0.0499252
4597.0	0.0506833
4598.0	0.052034
4599.0	0.050661
4600.0	0.0511461
4601.0	0.0519232
4602.0	0.0497618
4603.0	0.0530112
4604.0	0.0519859
4605.0	0.0507289
4606.0	0.0527767
4607.0	0.0523078
4608.0	0.0518526
4609.0	0.0529607
4610.0	0.0547179
4611.0	0.0554846
4612.0	0.0566672
4613.0	0.0556829
4614.0	0.0542829
4615.0	0.057487
4616.0	0.0583888
4617.0	0.0588458
4618.0	0.0582207
4619.0	0.057249
4620.0	0.0569743
4621.0	0.0598412
4622.0	0.0609557
4623.0	0.0602589
4624.0	0.0601655
4625.0	0.0612344
4626.0	0.058528
4627.0	0.0554637
4628.0	0.0592308
4629.0	0.0600837
4630.0	0.0609059
4631.0	0.0585333
4632.0	0.0593921
4633.0	0.0593747
4634.0	0.0607473
4635.0	0.0601848
4636.0	0.0605127
4637.0	0.0613693
4638.0	0.0601355
4639.0	0.0617227
4640.0	0.063658
4641.0	0.0615436
4642.0	0.063545
4643.0	0.0644575
4644.0	0.0639205
4645.0	0.0644736
4646.0	0.0631771
4647.0	0.0624532
4648.0	0.0617052
4649.0	0.0627521
4650.0	0.0654227
4651.0	0.0655819
4652.0	0.0643564
4653.0	0.0659219
4654.0	0.0648583
4655.0	0.0645509
4656.0	0.0645096
4657.0	0.0623862
4658.0	0.0628716
4659.0	0.0657182
4660.0	0.0641639
4661.0	0.0655157
4662.0	0.0670169
4663.0	0.0639566
4664.0	0.0643332
4665.0	0.065428
4666.0	0.0641252
4667.0	0.0657891
4668.0	0.0657162
4669.0	0.0612779
4670.0	0.0637779
4671.0	0.0635052
4672.0	0.0649104
4673.0	0.0643819
4674.0	0.0633007
4675.0	0.0640572
4676.0	0.0671758
4677.0	0.06528
4678.0	0.0639644
4679.0	0.0652966
4680.0	0.0653271
4681.0	0.0651506
4682.0	0.0650434
4683.0	0.0626383
4684.0	0.0621396
4685.0	0.0642573
4686.0	0.0654008
4687.0	0.0662187
4688.0	0.0632263
4689.0	0.0627081
4690.0	0.0644631
4691.0	0.063584
4692.0	0.0611719
4693.0	0.0662949
4694.0	0.0642954
4695.0	0.0656483
4696.0	0.0635473
4697.0	0.0609074
4698.0	0.0623791
4699.0	0.0640315
4700.0	0.0635226
4701.0	0.0630684
4702.0	0.0623343
4703.0	0.0619958
4704.0	0.0633868
4705.0	0.0634775
4706.0	0.0638502
4707.0	0.0635818
4708.0	0.0630796
4709.0	0.0622021
4710.0	0.0634947
4711.0	0.0617038
4712.0	0.0625668
4713.0	0.0632813
4714.0	0.0622111
4715.0	0.0610803
4716.0	0.0615014
4717.0	0.0623934
4718.0	0.0614247
4719.0	0.0609933
4720.0	0.0619136
4721.0	0.0629288
4722.0	0.0627851
4723.0	0.0618929
4724.0	0.0612078
4725.0	0.0592799
4726.0	0.0606132
4727.0	0.0609047
4728.0	0.0621899
4729.0	0.0623976
4730.0	0.0616982
4731.0	0.0631116
4732.0	0.0618653
4733.0	0.0609546
4734.0	0.0611889
4735.0	0.0613883
4736.0	0.060791
4737.0	0.0591622
4738.0	0.0586955
4739.0	0.0601916
4740.0	0.0598044
4741.0	0.0579808
4742.0	0.0602043
4743.0	0.0605953
4744.0	0.0595959
4745.0	0.0610604
4746.0	0.0615634
4747.0	0.0585474
4748.0	0.0605797
4749.0	0.060014
4750.0	0.0580044
4751.0	0.060475
4752.0	0.0577192
4753.0	0.0595039
4754.0	0.0588208
4755.0	0.0574655
4756.0	0.0591172
4757.0	0.0592949
4758.0	0.0578872
4759.0	0.0575104
4760.0	0.0592404
4761.0	0.0596681
4762.0	0.0592536
4763.0	0.0587376
4764.0	0.0587566
4765.0	0.0576838
4766.0	0.0576335
4767.0	0.0577192
4768.0	0.0574278
4769.0	0.0568352
4770.0	0.0564197
4771.0	0.0568744
4772.0	0.0567647
4773.0	0.055545
4774.0	0.054756
4775.0	0.0557063
4776.0	0.0552109
4777.0	0.0568865
4778.0	0.0559235
4779.0	0.053422
4780.0	0.0524706
4781.0	0.0540487
4782.0	0.0538696
4783.0	0.0536189
4784.0	0.0527709
4785.0	0.0536605
4786.0	0.0547267
4787.0	0.0536097
4788.0	0.0501315
4789.0	0.0521914
4790.0	0.0526874
4791.0	0.0517172
4792.0	0.050267
4793.0	0.0498363
4794.0	0.0498352
4795.0	0.0516978
4796.0	0.0511354
4797.0	0.0483819
4798.0	0.0489894
4799.0	0.0499512
4800.0	0.0500144
4801.0	0.0487064
4802.0	0.0495038
4803.0	0.0501525
4804.0	0.0506261
4805.0	0.0473612
4806.0	0.04724
4807.0	0.0491722
4808.0	0.0496715
4809.0	0.048654
4810.0	0.0482167
4811.0	0.0483095
4812.0	0.0480242
4813.0	0.0479443
4814.0	0.0468642
4815.0	0.0482092
4816.0	0.0476343
4817.0	0.0485791
4818.0	0.0479877
4819.0	0.0473114
4820.0	0.0459541
4821.0	0.0474475
4822.0	0.0473757
4823.0	0.046329
4824.0	0.0464915
4825.0	0.0467846
4826.0	0.0472937
4827.0	0.0470118
4828.0	0.0469972
4829.0	0.0468986
4830.0	0.0472518
4831.0	0.047264
4832.0	0.0455215
4833.0	0.0447784
4834.0	0.0459592
4835.0	0.0449555
4836.0	0.04529
4837.0	0.046078
4838.0	0.0460326
4839.0	0.0472924
4840.0	0.0462923
4841.0	0.0449205
4842.0	0.0453589
4843.0	0.0445938
4844.0	0.0453235
4845.0	0.046062
4846.0	0.0455283
4847.0	0.0448588
4848.0	0.0445301
4849.0	0.043988
4850.0	0.0437402
4851.0	0.0449633
4852.0	0.0442979
4853.0	0.0441206
4854.0	0.0439418
4855.0	0.0429552
4856.0	0.0436617
4857.0	0.044519
4858.0	0.0450002
4859.0	0.0439481
4860.0	0.0446597
4861.0	0.0445639
4862.0	0.0440436
4863.0	0.0450497
4864.0	0.0441482
4865.0	0.0444418
4866.0	0.044334
4867.0	0.0452846
4868.0	0.0433879
4869.0	0.042402
4870.0	0.0414188
4871.0	0.0425857
4872.0	0.0436504
4873.0	0.0423772
4874.0	0.0420948
4875.0	0.0421219
4876.0	0.0427914
4877.0	0.043248
4878.0	0.0441998
4879.0	0.0443035
4880.0	0.0432309
4881.0	0.0431309
4882.0	0.0418476
4883.0	0.0426649
4884.0	0.0440982
4885.0	0.0420749
4886.0	0.0424591
4887.0	0.043377
4888.0	0.0428383
4889.0	0.0426362
4890.0	0.0424582
4891.0	0.0411589
4892.0	0.0440114
4893.0	0.0424624
4894.0	0.0418264
4895.0	0.0420658
4896.0	0.0420768
4897.0	0.0398892
4898.0	0.0400493
4899.0	0.0426112
4900.0	0.0427704
4901.0	0.0438317
4902.0	0.0415495
4903.0	0.0383307
4904.0	0.0401112
4905.0	0.0413918
4906.0	0.0412885
4907.0	0.0402506
4908.0	0.0401509
4909.0	0.0394827
4910.0	0.0403606
4911.0	0.0407322
4912.0	0.0408467
4913.0	0.0395376
4914.0	0.0389203
4915.0	0.03901
4916.0	0.0390308
4917.0	0.0414452
4918.0	0.0393741
4919.0	0.0387442
4920.0	0.0400257
4921.0	0.0388547
4922.0	0.0378536
4923.0	0.0384141
4924.0	0.0375649
4925.0	0.0382677
4926.0	0.0388058
4927.0	0.0384612
4928.0	0.0389946
4929.0	0.0379645
4930.0	0.0380038
4931.0	0.0382626
4932.0	0.0383868
4933.0	0.0370483
4934.0	0.0362234
4935.0	0.0373349
4936.0	0.038755
4937.0	0.0380318
4938.0	0.0366837
4939.0	0.0366823
4940.0	0.0353828
4941.0	0.0359051
4942.0	0.0362731
4943.0	0.0350673
4944.0	0.0352941
4945.0	0.0350669
4946.0	0.0366781
4947.0	0.0364015
4948.0	0.0367554
4949.0	0.0355872
4950.0	0.0367203
4951.0	0.0355709
4952.0	0.0359598
4953.0	0.0364481
4954.0	0.0360476
4955.0	0.0361744
4956.0	0.0349114
4957.0	0.0351748
4958.0	0.0360415
4959.0	0.0349931
4960.0	0.0343787
4961.0	0.0352487
4962.0	0.0345549
4963.0	0.0347493
4964.0	0.0357358
4965.0	0.0347229
4966.0	0.0342427
4967.0	0.0343072
4968.0	0.0337945
4969.0	0.0350035
4970.0	0.0342132
4971.0	0.0333611
4972.0	0.0336626
4973.0	0.0335183
4974.0	0.0335551
4975.0	0.0322643
4976.0	0.0318107
4977.0	0.0330205
4978.0	0.0333516
4979.0	0.0316031
4980.0	0.0296023
4981.0	0.0310393
4982.0	0.0325316
4983.0	0.0320942
4984.0	0.0320913
4985.0	0.0312903
4986.0	0.0315387
4987.0	0.0309931
4988.0	0.031105
4989.0	0.0314908
4990.0	0.0314372
4991.0	0.0308848
4992.0	0.0310191
4993.0	0.0311122
4994.0	0.0322597
4995.0	0.0313826
4996.0	0.0307911
4997.0	0.0299623
4998.0	0.0306213
4999.0	0.0298138
5000.0	0.0299937
5001.0	0.0300415
5002.0	0.0293032
5003.0	0.0285972
5004.0	0.0295152
5005.0	0.0293117
5006.0	0.0304709
5007.0	0.0309541
5008.0	0.0302946
5009.0	0.0297587
5010.0	0.0301837
5011.0	0.0300076
5012.0	0.0301446
5013.0	0.0298569
5014.0	0.0291706
5015.0	0.0304791
5016.0	0.0292958
5017.0	0.0297683
5018.0	0.0298215
5019.0	0.0296471
5020.0	0.0289172
5021.0	0.0295597
5022.0	0.0278275
5023.0	0.0291576
5024.0	0.0304229
5025.0	0.0311571
5026.0	0.0302023
5027.0	0.0297401
5028.0	0.0307821
5029.0	0.0303295
5030.0	0.0286285
5031.0	0.0298988
5032.0	0.0299255
5033.0	0.029547
5034.0	0.0309341
5035.0	0.0313501
5036.0	0.0310066
5037.0	0.0304679
5038.0	0.0317283
5039.0	0.0322064
5040.0	0.0315976
5041.0	0.0322241
5042.0	0.0318173
5043.0	0.032159
5044.0	0.032879
5045.0	0.0327339
5046.0	0.0326803
5047.0	0.0329178
5048.0	0.0341889
5049.0	0.0336584
5050.0	0.0339176
5051.0	0.033737
5052.0	0.0350545
5053.0	0.0342903
5054.0	0.0343316
5055.0	0.0349633
5056.0	0.0351886
5057.0	0.0347198
5058.0	0.0354396
5059.0	0.0357133
5060.0	0.0361295
5061.0	0.0371243
5062.0	0.0363104
5063.0	0.0352718
5064.0	0.0353488
5065.0	0.0345769
5066.0	0.0362903
5067.0	0.0353179
5068.0	0.0354924
5069.0	0.0363632
5070.0	0.0363784
5071.0	0.0358591
5072.0	0.0350967
5073.0	0.0351971
5074.0	0.035914
5075.0	0.0360983
5076.0	0.0346945
5077.0	0.0364889
5078.0	0.0353736
5079.0	0.035191
5080.0	0.0356339
5081.0	0.0349181
5082.0	0.0357981
5083.0	0.0356712
5084.0	0.036864
5085.0	0.0371851
5086.0	0.0369664
5087.0	0.0372531
5088.0	0.0359767
5089.0	0.0357928
5090.0	0.0364533
5091.0	0.035557
5092.0	0.0351792
5093.0	0.0354691
5094.0	0.0356166
5095.0	0.0357026
5096.0	0.0357139
5097.0	0.0351091
5098.0	0.0358954
5099.0	0.0358249
5100.0	0.0360577
5101.0	0.0363876
5102.0	0.0361219
5103.0	0.0360608
5104.0	0.0364616
5105.0	0.0358884
5106.0	0.0362432
5107.0	0.037193
5108.0	0.0364764
5109.0	0.0355549
5110.0	0.0357216
5111.0	0.0365499
5112.0	0.0366044
5113.0	0.0370199
5114.0	0.0382467
5115.0	0.0377374
5116.0	0.0375075
5117.0	0.0378741
5118.0	0.0365459
5119.0	0.0367836
5120.0	0.0367988
5121.0	0.036063
5122.0	0.0364765
5123.0	0.0366082
5124.0	0.0371093
5125.0	0.0374642
5126.0	0.0376084
5127.0	0.0378728
5128.0	0.0359827
5129.0	0.0364012
5130.0	0.0368697
5131.0	0.0381624
5132.0	0.0383721
5133.0	0.0374924
5134.0	0.0377072
5135.0	0.0373516
5136.0	0.0380795
5137.0	0.0370642
5138.0	0.037899
5139.0	0.0388275
5140.0	0.0380659
5141.0	0.0378358
5142.0	0.0370813
5143.0	0.0379162
5144.0	0.0373452
5145.0	0.0379361
5146.0	0.0374114
5147.0	0.0385071
5148.0	0.0378601
5149.0	0.037654
5150.0	0.0384142
5151.0	0.0381783
5152.0	0.0381504
5153.0	0.037841
5154.0	0.0387072
5155.0	0.0387243
5156.0	0.0376627
5157.0	0.0380136
5158.0	0.0389275
5159.0	0.0382129
5160.0	0.0371779
5161.0	0.0384819
5162.0	0.0385027
5163.0	0.038543
5164.0	0.0376643
5165.0	0.0380851
5166.0	0.0376197
5167.0	0.0378899
5168.0	0.0383923
5169.0	0.0386451
5170.0	0.0378219
5171.0	0.0389079
5172.0	0.038898
5173.0	0.0379361
5174.0	0.0387798
5175.0	0.0390811
5176.0	0.0381021
5177.0	0.0372731
5178.0	0.0377375
5179.0	0.0387731
5180.0	0.0387182
5181.0	0.0388401
5182.0	0.0403064
5183.0	0.0395247
5184.0	0.0396796
5185.0	0.039564
5186.0	0.0389781
5187.0	0.0394469
5188.0	0.0389112
5189.0	0.0388019
5190.0	0.0392123
5191.0	0.0391048
5192.0	0.0385951
5193.0	0.0385667
5194.0	0.0397584
5195.0	0.0392271
5196.0	0.0390567
5197.0	0.0385293
5198.0	0.0393008
5199.0	0.0395091
5200.0	0.0391472
5201.0	0.039516
5202.0	0.0396571
5203.0	0.040276
5204.0	0.0403552
5205.0	0.0400251
5206.0	0.0400249
5207.0	0.0403813
5208.0	0.0405233
5209.0	0.0412859
5210.0	0.042729
5211.0	0.0415977
5212.0	0.0410148
5213.0	0.0416423
5214.0	0.04196
5215.0	0.0412763
5216.0	0.0408546
5217.0	0.0412634
5218.0	0.041442
5219.0	0.0418343
5220.0	0.0428475
5221.0	0.0428868
5222.0	0.0421784
5223.0	0.0413696
5224.0	0.0420765
5225.0	0.0426433
5226.0	0.0424835
5227.0	0.0427779
5228.0	0.0423712
5229.0	0.041565
5230.0	0.0425602
5231.0	0.0436115
5232.0	0.0438314
5233.0	0.0430805
5234.0	0.0437173
5235.0	0.0437333
5236.0	0.0433138
5237.0	0.0433791
5238.0	0.0447739
5239.0	0.0436872
5240.0	0.0436126
5241.0	0.044233
5242.0	0.0444619
5243.0	0.0446902
5244.0	0.044864
5245.0	0.0457428
5246.0	0.0457423
5247.0	0.0451328
5248.0	0.0457778
5249.0	0.0458575
5250.0	0.0463822
5251.0	0.0457578
5252.0	0.0463955
5253.0	0.0472112
5254.0	0.0469765
5255.0	0.0472472
5256.0	0.0467214
5257.0	0.0465549
5258.0	0.0464787
5259.0	0.0472842
5260.0	0.0471639
5261.0	0.0483409
5262.0	0.0479241
5263.0	0.0480433
5264.0	0.0473964
5265.0	0.0484893
5266.0	0.0490961
5267.0	0.0488697
5268.0	0.0482716
5269.0	0.0473573
5270.0	0.0490534
5271.0	0.0478432
5272.0	0.0487463
5273.0	0.0476905
5274.0	0.0471867
5275.0	0.0484403
5276.0	0.0486793
5277.0	0.0479197
5278.0	0.0466993
5279.0	0.0467392
5280.0	0.0464309
5281.0	0.0484607
5282.0	0.047404
5283.0	0.0475534
5284.0	0.0478752
5285.0	0.0483295
5286.0	0.0486883
5287.0	0.0473901
5288.0	0.0482675
5289.0	0.0483086
5290.0	0.047204
5291.0	0.0478925
5292.0	0.0475327
5293.0	0.0472263
5294.0	0.0485017
5295.0	0.0484423
5296.0	0.0477923
5297.0	0.0478306
5298.0	0.047508
5299.0	0.0473221
5300.0	0.0475199
5301.0	0.0484539
5302.0	0.0473065
5303.0	0.0474719
5304.0	0.0492191
5305.0	0.0490104
5306.0	0.0479086
5307.0	0.0462915
5308.0	0.0468277
5309.0	0.0468021
5310.0	0.0463039
5311.0	0.0456363
5312.0	0.0464283
5313.0	0.0462954
5314.0	0.0457922
5315.0	0.0467689
5316.0	0.0473706
5317.0	0.0470536
5318.0	0.0470299
5319.0	0.0469179
5320.0	0.045994
5321.0	0.0458609
5322.0	0.0467983
5323.0	0.0445919
5324.0	0.0459125
5325.0	0.0460088
5326.0	0.0461395
5327.0	0.0459314
5328.0	0.0449946
5329.0	0.0460634
5330.0	0.0443593
5331.0	0.0448856
5332.0	0.0449823
5333.0	0.0450476
5334.0	0.0448359
5335.0	0.0458742
5336.0	0.0449652
5337.0	0.0445881
5338.0	0.0437488
5339.0	0.0436665
5340.0	0.0449001
5341.0	0.0445951
5342.0	0.04471
5343.0	0.0454051
5344.0	0.0441912
5345.0	0.0451842
5346.0	0.0456582
5347.0	0.0457087
5348.0	0.0457861
5349.0	0.0460524
5350.0	0.0456185
5351.0	0.0447044
5352.0	0.0445472
5353.0	0.0444668
5354.0	0.0447524
5355.0	0.0448824
5356.0	0.0452022
5357.0	0.0450269
5358.0	0.0455083
5359.0	0.0445655
5360.0	0.0441896
5361.0	0.0447131
5362.0	0.0455389
5363.0	0.0452902
5364.0	0.0445203
5365.0	0.0451108
5366.0	0.045173
5367.0	0.0447952
5368.0	0.0453709
5369.0	0.0445183
5370.0	0.0441582
5371.0	0.0438111
5372.0	0.0451083
5373.0	0.0444277
5374.0	0.0436813
5375.0	0.0436673
5376.0	0.0429668
5377.0	0.0432405
5378.0	0.0437824
5379.0	0.0440819
5380.0	0.0438355
5381.0	0.0431831
5382.0	0.042402
5383.0	0.042712
5384.0	0.0423047
5385.0	0.0417621
5386.0	0.0418173
5387.0	0.0410621
5388.0	0.0413868
5389.0	0.0417801
5390.0	0.0418919
5391.0	0.0406184
5392.0	0.0405537
5393.0	0.0397582
5394.0	0.0390004
5395.0	0.0399184
5396.0	0.0390034
5397.0	0.0384823
5398.0	0.0385898
5399.0	0.0386337
5400.0	0.0379559
5401.0	0.0377327
5402.0	0.0368515
5403.0	0.0353892
5404.0	0.0356671
5405.0	0.0359487
5406.0	0.0360413
5407.0	0.0347543
5408.0	0.0348445
5409.0	0.0350369
5410.0	0.0341947
5411.0	0.0335375
5412.0	0.0338152
5413.0	0.0341674
5414.0	0.0335236
5415.0	0.032761
5416.0	0.0321411
5417.0	0.031909
5418.0	0.0325624
5419.0	0.033869
5420.0	0.0321231
5421.0	0.0319695
5422.0	0.0306399
5423.0	0.0292342
5424.0	0.0309496
5425.0	0.0312054
5426.0	0.0309961
5427.0	0.0294683
5428.0	0.030644
5429.0	0.0304571
5430.0	0.0300786
5431.0	0.0300334
5432.0	0.0298609
5433.0	0.0291941
5434.0	0.0281849
5435.0	0.0293566
5436.0	0.0301213
5437.0	0.0301246
5438.0	0.0286084
5439.0	0.0295011
5440.0	0.0299078
5441.0	0.0285057
5442.0	0.0287524
5443.0	0.0288155
5444.0	0.0275535
5445.0	0.027438
5446.0	0.0288234
5447.0	0.028273
5448.0	0.0280964
5449.0	0.0286564
5450.0	0.0285502
5451.0	0.02879
5452.0	0.0286796
5453.0	0.0285507
5454.0	0.0278754
5455.0	0.0286653
5456.0	0.0287739
5457.0	0.0276788
5458.0	0.0272862
5459.0	0.0274155
5460.0	0.02817
5461.0	0.02768
5462.0	0.0282319
5463.0	0.0288009
5464.0	0.0285531
5465.0	0.0278638
5466.0	0.0276786
5467.0	0.0274957
5468.0	0.0281816
5469.0	0.0271609
5470.0	0.0280661
5471.0	0.0277447
5472.0	0.0278999
5473.0	0.0286395
5474.0	0.0297005
5475.0	0.0284426
5476.0	0.0285164
5477.0	0.0282659
5478.0	0.0290961
5479.0	0.0283508
5480.0	0.0287122
5481.0	0.0289195
5482.0	0.0282613
5483.0	0.0285394
5484.0	0.0283227
5485.0	0.028336
5486.0	0.0294093
5487.0	0.0302949
5488.0	0.0302778
5489.0	0.0292538
5490.0	0.0292038
5491.0	0.0295318
5492.0	0.0290655
5493.0	0.0295496
5494.0	0.0298349
5495.0	0.0285786
5496.0	0.0287866
5497.0	0.0284706
5498.0	0.0287936
5499.0	0.030571
5500.0	0.0298787
5501.0	0.0299858
5502.0	0.0299082
5503.0	0.029977
5504.0	0.0294428
5505.0	0.0295649
5506.0	0.0307028
5507.0	0.031186
5508.0	0.0303735
5509.0	0.030535
5510.0	0.0306837
5511.0	0.0310873
5512.0	0.031152
5513.0	0.0308871
5514.0	0.0311736
5515.0	0.0306184
5516.0	0.0304924
5517.0	0.0305918
5518.0	0.0306093
5519.0	0.0307294
5520.0	0.0307945
5521.0	0.0304049
5522.0	0.0304691
5523.0	0.0322844
5524.0	0.0319071
5525.0	0.0310228
5526.0	0.0309908
5527.0	0.0310509
5528.0	0.0316077
5529.0	0.0311851
5530.0	0.0316443
5531.0	0.031867
5532.0	0.0320535
5533.0	0.0316791
5534.0	0.0320317
5535.0	0.0319793
5536.0	0.0311997
5537.0	0.0321018
5538.0	0.0325293
5539.0	0.0323686
5540.0	0.0320072
5541.0	0.0325506
5542.0	0.0317966
5543.0	0.0324143
5544.0	0.0314857
5545.0	0.0331057
5546.0	0.032001
5547.0	0.0318257
5548.0	0.0326061
5549.0	0.0323393
5550.0	0.0324908
5551.0	0.0320771
5552.0	0.0313745
5553.0	0.0313214
5554.0	0.0318423
5555.0	0.0319867
5556.0	0.0321301
5557.0	0.0319536
5558.0	0.0319563
5559.0	0.0317151
5560.0	0.0311752
5561.0	0.0313039
5562.0	0.0317368
5563.0	0.0316315
5564.0	0.0326708
5565.0	0.0321082
5566.0	0.0313136
5567.0	0.0317324
5568.0	0.0316344
5569.0	0.0313358
5570.0	0.0305778
5571.0	0.031496
5572.0	0.0312106
5573.0	0.0304548
5574.0	0.0307287
5575.0	0.0306838
5576.0	0.0301951
5577.0	0.0304314
5578.0	0.0309273
5579.0	0.030513
5580.0	0.0290731
5581.0	0.0307252
5582.0	0.030344
5583.0	0.0307111
5584.0	0.0290188
5585.0	0.0294869
5586.0	0.0292908
5587.0	0.0291594
5588.0	0.029553
5589.0	0.0294252
5590.0	0.0290304
5591.0	0.0297066
5592.0	0.0288842
5593.0	0.0287997
5594.0	0.0287564
5595.0	0.02832
5596.0	0.0285644
5597.0	0.0279464
5598.0	0.0279632
5599.0	0.0275712
5600.0	0.0271975
5601.0	0.0269607
5602.0	0.0267068
5603.0	0.0269681
5604.0	0.0275018
5605.0	0.0274369
5606.0	0.0274534
5607.0	0.0275056
5608.0	0.0266117
5609.0	0.0266682
5610.0	0.0257783
5611.0	0.0259166
5612.0	0.026169
5613.0	0.0262901
5614.0	0.0257976
5615.0	0.0268172
5616.0	0.0277456
5617.0	0.0263798
5618.0	0.0255362
5619.0	0.0252117
5620.0	0.0254195
5621.0	0.0252293
5622.0	0.0249352
5623.0	0.0257528
5624.0	0.0261771
5625.0	0.0256526
5626.0	0.0245309
5627.0	0.0247951
5628.0	0.0254451
5629.0	0.0251818
5630.0	0.0254676
5631.0	0.0257153
5632.0	0.0250895
5633.0	0.0254082
5634.0	0.0253888
5635.0	0.0249509
5636.0	0.0247246
5637.0	0.0250018
5638.0	0.0257851
5639.0	0.0260314
5640.0	0.0251744
5641.0	0.0258025
5642.0	0.0253062
5643.0	0.0256305
5644.0	0.0255943
5645.0	0.025307
5646.0	0.0261387
5647.0	0.0252795
5648.0	0.0259765
5649.0	0.0256866
5650.0	0.0263299
5651.0	0.0263857
5652.0	0.0266768
5653.0	0.0259264
5654.0	0.0271966
5655.0	0.0268604
5656.0	0.0270401
5657.0	0.0274724
5658.0	0.0268132
5659.0	0.0277059
5660.0	0.0271881
5661.0	0.0266273
5662.0	0.0268725
5663.0	0.0272406
5664.0	0.0272913
5665.0	0.0279695
5666.0	0.0286277
5667.0	0.0283694
5668.0	0.0290326
5669.0	0.0293227
5670.0	0.028871
5671.0	0.0288037
5672.0	0.0293928
5673.0	0.0298089
5674.0	0.0304306
5675.0	0.0300116
5676.0	0.0302315
5677.0	0.0302247
5678.0	0.0307323
5679.0	0.0306541
5680.0	0.0302364
5681.0	0.0307308
5682.0	0.0319456
5683.0	0.0320788
5684.0	0.031367
5685.0	0.0314492
5686.0	0.0316566
5687.0	0.0326638
5688.0	0.0331442
5689.0	0.0329615
5690.0	0.0334164
5691.0	0.0340693
5692.0	0.0338897
5693.0	0.0344776
5694.0	0.0343122
5695.0	0.0347607
5696.0	0.0333754
5697.0	0.0346681
5698.0	0.0346844
5699.0	0.0349165
5700.0	0.0352173
5701.0	0.0345516
5702.0	0.0354723
5703.0	0.0356244
5704.0	0.0363739
5705.0	0.0363194
5706.0	0.0357673
5707.0	0.0362429
5708.0	0.0368931
5709.0	0.0379699
5710.0	0.0372702
5711.0	0.0373711
5712.0	0.0370047
5713.0	0.0364195
5714.0	0.0369792
5715.0	0.0368094
5716.0	0.0372518
5717.0	0.0374719
5718.0	0.0377868
5719.0	0.0382871
5720.0	0.0380488
5721.0	0.0379461
5722.0	0.0381393
5723.0	0.0386329
5724.0	0.0385133
5725.0	0.0391215
5726.0	0.0391796
5727.0	0.0383986
5728.0	0.0385621
5729.0	0.0390359
5730.0	0.0390678
5731.0	0.0391909
5732.0	0.0398324
5733.0	0.0400421
5734.0	0.0383783
5735.0	0.0388088
5736.0	0.0395798
5737.0	0.0388849
5738.0	0.0396076
5739.0	0.0400989
5740.0	0.0390681
5741.0	0.0397058
5742.0	0.0405473
5743.0	0.0396188
5744.0	0.0407562
5745.0	0.0405513
5746.0	0.0404891
5747.0	0.0399658
5748.0	0.0402676
5749.0	0.040848
5750.0	0.0406375
5751.0	0.0404203
5752.0	0.0399747
5753.0	0.0400315
5754.0	0.0406166
5755.0	0.0411756
5756.0	0.0409749
5757.0	0.0402975
5758.0	0.0406025
5759.0	0.0404434
5760.0	0.0398251
5761.0	0.0409253
5762.0	0.0414109
5763.0	0.0413022
5764.0	0.0407888
5765.0	0.0408411
5766.0	0.0413511
5767.0	0.0411154
5768.0	0.0411686
5769.0	0.0411346
5770.0	0.0402829
5771.0	0.0396063
5772.0	0.0400698
5773.0	0.0410104
5774.0	0.0412017
5775.0	0.0416564
5776.0	0.0408775
5777.0	0.0406357
5778.0	0.0398056
5779.0	0.0406229
5780.0	0.040381
5781.0	0.0413248
5782.0	0.0411671
5783.0	0.0402341
5784.0	0.0404812
5785.0	0.0403726
5786.0	0.0399766
5787.0	0.0406731
5788.0	0.0417115
5789.0	0.0409319
5790.0	0.0395556
5791.0	0.0414321
5792.0	0.0427859
5793.0	0.0419483
5794.0	0.0411467
5795.0	0.0422678
5796.0	0.0411749
5797.0	0.0405483
5798.0	0.04058
5799.0	0.0417385
5800.0	0.0414859
5801.0	0.040569
5802.0	0.0414658
5803.0	0.041989
5804.0	0.0416989
5805.0	0.0418578
5806.0	0.0412276
5807.0	0.0407231
5808.0	0.0423603
5809.0	0.0424109
5810.0	0.0415686
5811.0	0.0411744
5812.0	0.0410971
5813.0	0.0407132
5814.0	0.0401317
5815.0	0.0408383
5816.0	0.0415495
5817.0	0.0406188
5818.0	0.0409977
5819.0	0.042143
5820.0	0.0411056
5821.0	0.0408597
5822.0	0.0422349
5823.0	0.0419713
5824.0	0.0418289
5825.0	0.0409738
5826.0	0.0417627
5827.0	0.0412623
5828.0	0.040807
5829.0	0.0405551
5830.0	0.0404169
5831.0	0.0406158
5832.0	0.0410942
5833.0	0.0407349
5834.0	0.0414713
5835.0	0.0403594
5836.0	0.0407254
5837.0	0.0399469
5838.0	0.0393308
5839.0	0.0398898
5840.0	0.0405312
5841.0	0.0405949
5842.0	0.0403158
5843.0	0.0402629
5844.0	0.0404898
5845.0	0.0406728
5846.0	0.0400156
5847.0	0.0400897
5848.0	0.0399039
5849.0	0.0389431
5850.0	0.0395649
5851.0	0.0403845
5852.0	0.0399287
5853.0	0.0394067
5854.0	0.0401571
5855.0	0.0401964
5856.0	0.0386252
5857.0	0.0384536
5858.0	0.0393
5859.0	0.0391093
5860.0	0.0383506
5861.0	0.0383968
5862.0	0.0388658
5863.0	0.0390279
5864.0	0.0387554
5865.0	0.038678
5866.0	0.0375172
5867.0	0.0378684
5868.0	0.0389452
5869.0	0.0388041
5870.0	0.0380179
5871.0	0.0383669
5872.0	0.037773
5873.0	0.0380878
5874.0	0.0374216
5875.0	0.0382336
5876.0	0.0375315
5877.0	0.036793
5878.0	0.0371981
5879.0	0.0364093
5880.0	0.0363475
5881.0	0.0371551
5882.0	0.0381146
5883.0	0.0377741
5884.0	0.0361818
5885.0	0.036393
5886.0	0.0355435
5887.0	0.036111
5888.0	0.0360092
5889.0	0.03537
5890.0	0.0348119
5891.0	0.0349947
5892.0	0.034661
5893.0	0.0352747
5894.0	0.0357714
5895.0	0.0350276
5896.0	0.0350321
5897.0	0.0344293
5898.0	0.0349058
5899.0	0.0346854
5900.0	0.0347347
5901.0	0.0352718
5902.0	0.0348352
5903.0	0.0349335
5904.0	0.0343786
5905.0	0.0345642
5906.0	0.035442
5907.0	0.0358779
5908.0	0.0354984
5909.0	0.0348282
5910.0	0.035284
5911.0	0.0344415
5912.0	0.0347342
5913.0	0.0347157
5914.0	0.0347796
5915.0	0.0345155
5916.0	0.0337786
5917.0	0.0345108
5918.0	0.0341399
5919.0	0.0335167
5920.0	0.0333719
5921.0	0.0333597
5922.0	0.0340808
5923.0	0.0342576
5924.0	0.0342596
5925.0	0.0342117
5926.0	0.033947
5927.0	0.0343314
5928.0	0.0340539
5929.0	0.033247
5930.0	0.0334743
5931.0	0.0333234
5932.0	0.0332055
5933.0	0.0338596
5934.0	0.0337139
5935.0	0.0340815
5936.0	0.034106
5937.0	0.0337666
5938.0	0.0339887
5939.0	0.0341667
5940.0	0.0336981
5941.0	0.0332417
5942.0	0.0327671
5943.0	0.0328029
5944.0	0.0327746
5945.0	0.0330052
5946.0	0.0331068
5947.0	0.0333938
5948.0	0.0336536
5949.0	0.0334512
5950.0	0.0335319
5951.0	0.0338761
5952.0	0.0335766
5953.0	0.0335062
5954.0	0.0332813
5955.0	0.0324265
5956.0	0.0332611
5957.0	0.0340542
5958.0	0.0329595
5959.0	0.0329684
5960.0	0.0336257
5961.0	0.0340261
5962.0	0.0334863
5963.0	0.033804
5964.0	0.0331579
5965.0	0.0337405
5966.0	0.033715
5967.0	0.0334376
5968.0	0.03375
5969.0	0.0332608
5970.0	0.0335654
5971.0	0.0343382
5972.0	0.0339687
5973.0	0.0330716
5974.0	0.0335293
5975.0	0.033303
5976.0	0.034244
5977.0	0.0335577
5978.0	0.0337604
5979.0	0.0335166
5980.0	0.0340521
5981.0	0.0346701
5982.0	0.0338779
5983.0	0.0345562
5984.0	0.0352866
5985.0	0.034387
5986.0	0.0335677
5987.0	0.0349314
5988.0	0.0356557
5989.0	0.0351327
5990.0	0.034301
5991.0	0.0353523
5992.0	0.0358071
5993.0	0.0353111
5994.0	0.0350206
5995.0	0.0350527
5996.0	0.0350335
5997.0	0.0356509
5998.0	0.0357388
5999.0	0.0354423
6000.0	0.0356096
6001.0	0.0357652
6002.0	0.0355285
6003.0	0.0358208
6004.0	0.0359166
6005.0	0.0354586
6006.0	0.0360382
6007.0	0.0366256
6008.0	0.0355354
6009.0	0.036542
6010.0	0.0359293
6011.0	0.0361666
6012.0	0.0363355
6013.0	0.0367146
6014.0	0.036056
6015.0	0.035791
6016.0	0.0367354
6017.0	0.0361524
6018.0	0.0363541
6019.0	0.0380572
6020.0	0.0376683
6021.0	0.0379153
6022.0	0.0365421
6023.0	0.0367444
6024.0	0.0374596
6025.0	0.037213
6026.0	0.0367952
6027.0	0.038125
6028.0	0.0376637
6029.0	0.0364787
6030.0	0.0368682
6031.0	0.0372251
6032.0	0.0370972
6033.0	0.0373107
6034.0	0.0379731
6035.0	0.037817
6036.0	0.0369506
6037.0	0.0368899
6038.0	0.0370431
6039.0	0.0382707
6040.0	0.0379544
6041.0	0.0380683
6042.0	0.0375748
6043.0	0.0374027
6044.0	0.0368678
6045.0	0.0372589
6046.0	0.0382707
6047.0	0.0383823
6048.0	0.037644
6049.0	0.0379893
6050.0	0.0377062
6051.0	0.0379218
6052.0	0.0377288
6053.0	0.0375944
6054.0	0.0374911
6055.0	0.0366438
6056.0	0.0367473
6057.0	0.0379512
6058.0	0.0369618
6059.0	0.0366321
6060.0	0.0376116
6061.0	0.038667
6062.0	0.0369654
6063.0	0.0372512
6064.0	0.0379809
6065.0	0.0368197
6066.0	0.0375584
6067.0	0.0371135
6068.0	0.0369741
6069.0	0.0366811
6070.0	0.0368543
6071.0	0.036157
6072.0	0.0369136
6073.0	0.0364305
6074.0	0.0361088
6075.0	0.037299
6076.0	0.0378553
6077.0	0.0378977
6078.0	0.0369462
6079.0	0.0362273
6080.0	0.0359549
6081.0	0.0369573
6082.0	0.0367579
6083.0	0.0368627
6084.0	0.0365996
6085.0	0.0363071
6086.0	0.0357569
6087.0	0.0367834
6088.0	0.037119
6089.0	0.0373981
6090.0	0.0379179
6091.0	0.0375948
6092.0	0.0369319
6093.0	0.0373976
6094.0	0.0363339
6095.0	0.0361158
6096.0	0.0366923
6097.0	0.0367236
6098.0	0.0370533
6099.0	0.0370649
6100.0	0.0372931
6101.0	0.0372355
6102.0	0.0372534
6103.0	0.0370309
6104.0	0.0376551
6105.0	0.0374582
6106.0	0.0370821
6107.0	0.0373417
6108.0	0.0373134
6109.0	0.0371779
6110.0	0.0373933
6111.0	0.037091
6112.0	0.0371253
6113.0	0.037184
6114.0	0.0370369
6115.0	0.0370099
6116.0	0.0368557
6117.0	0.036774
6118.0	0.0370475
6119.0	0.0370642
6120.0	0.0365851
6121.0	0.0367999
6122.0	0.0376118
6123.0	0.0368418
6124.0	0.0364932
6125.0	0.037132
6126.0	0.036694
6127.0	0.0365288
6128.0	0.0369621
6129.0	0.0367931
6130.0	0.0373476
6131.0	0.0367679
6132.0	0.0370577
6133.0	0.037109
6134.0	0.0372463
6135.0	0.0370659
6136.0	0.0368721
6137.0	0.0375805
6138.0	0.0365751
6139.0	0.0365043
6140.0	0.0369821
6141.0	0.0364888
6142.0	0.0369694
6143.0	0.0366241
6144.0	0.0361786
6145.0	0.0358073
6146.0	0.035524
6147.0	0.035674
6148.0	0.036491
6149.0	0.0384226
6150.0	0.0380917
6151.0	0.0362909
6152.0	0.0364549
6153.0	0.035863
6154.0	0.0355345
6155.0	0.0361641
6156.0	0.0362141
6157.0	0.0357654
6158.0	0.0359734
6159.0	0.0353949
6160.0	0.0359987
6161.0	0.0363982
6162.0	0.0355508
6163.0	0.0351854
6164.0	0.0357358
6165.0	0.0358978
6166.0	0.0358509
6167.0	0.0358885
6168.0	0.0357475
6169.0	0.0358098
6170.0	0.0353796
6171.0	0.0355896
6172.0	0.0352376
6173.0	0.0351012
6174.0	0.0349586
6175.0	0.0344995
6176.0	0.034894
6177.0	0.0347123
6178.0	0.0343342
6179.0	0.0341109
6180.0	0.034952
6181.0	0.0348275
6182.0	0.0349096
6183.0	0.0338433
6184.0	0.0340485
6185.0	0.0339402
6186.0	0.0333979
6187.0	0.0340041
6188.0	0.0334341
6189.0	0.0340639
6190.0	0.0332517
6191.0	0.0328011
6192.0	0.0323468
6193.0	0.0324285
6194.0	0.0324423
6195.0	0.0323164
6196.0	0.0318164
6197.0	0.0320788
6198.0	0.0321847
6199.0	0.0317459
6200.0	0.0313545
6201.0	0.0317201
6202.0	0.0318168
6203.0	0.0317877
6204.0	0.030952
6205.0	0.0307933
6206.0	0.0309021
6207.0	0.0298128
6208.0	0.0300117
6209.0	0.0297606
6210.0	0.0291684
6211.0	0.0289971
6212.0	0.0288691
6213.0	0.0285244
6214.0	0.028362
6215.0	0.0285741
6216.0	0.0292015
6217.0	0.0287629
6218.0	0.0280225
6219.0	0.0270683
6220.0	0.0267338
6221.0	0.0277082
6222.0	0.027196
6223.0	0.0262187
6224.0	0.0257007
6225.0	0.0254475
6226.0	0.0236982
6227.0	0.0237842
6228.0	0.0237766
6229.0	0.0230803
6230.0	0.0224799
6231.0	0.0225659
6232.0	0.0222464
6233.0	0.021663
6234.0	0.0219631
6235.0	0.0214576
6236.0	0.0212612
6237.0	0.0217061
6238.0	0.0204867
6239.0	0.0202786
6240.0	0.0203878
6241.0	0.0209953
6242.0	0.0196716
6243.0	0.0196247
6244.0	0.0195679
6245.0	0.0190776
6246.0	0.0186322
6247.0	0.0185317
6248.0	0.0181385
6249.0	0.0177866
6250.0	0.0178095
6251.0	0.0177461
6252.0	0.0174849
6253.0	0.0179181
6254.0	0.017448
6255.0	0.0170331
6256.0	0.0162881
6257.0	0.0165876
6258.0	0.016403
6259.0	0.016016
6260.0	0.0156899
6261.0	0.0158753
6262.0	0.0154643
6263.0	0.0150635
6264.0	0.0152333
6265.0	0.0145755
6266.0	0.014096
6267.0	0.0142359
6268.0	0.0140833
6269.0	0.0137793
6270.0	0.0137253
6271.0	0.0132669
6272.0	0.0131304
6273.0	0.0129889
6274.0	0.0132768
6275.0	0.0134348
6276.0	0.013151
6277.0	0.0129677
6278.0	0.0127751
6279.0	0.0124015
6280.0	0.0123572
6281.0	0.012631
6282.0	0.0122668
6283.0	0.0117529
6284.0	0.0117236
6285.0	0.0125957
6286.0	0.011864
6287.0	0.0112573
6288.0	0.011518
6289.0	0.0118982
6290.0	0.0119007
6291.0	0.0120674
6292.0	0.011767
6293.0	0.0114743
6294.0	0.0115216
6295.0	0.0109976
6296.0	0.0108446
6297.0	0.0109838
6298.0	0.0105784
6299.0	0.0108109
6300.0	0.0106597
6301.0	0.0114372
6302.0	0.0109752
6303.0	0.0102522
6304.0	0.0105545
6305.0	0.0112474
6306.0	0.0109824
6307.0	0.0104466
6308.0	0.0107159
6309.0	0.0108891
6310.0	0.0110212
6311.0	0.0112549
6312.0	0.0106085
6313.0	0.0107456
6314.0	0.0108594
6315.0	0.0102352
6316.0	0.0103556
6317.0	0.00995275
6318.0	0.0103291
6319.0	0.0104637
6320.0	0.0106294
6321.0	0.0108899
6322.0	0.0106867
6323.0	0.0109871
6324.0	0.0110973
6325.0	0.0107856
6326.0	0.011102
6327.0	0.0114027
6328.0	0.0113242
6329.0	0.0112724
6330.0	0.011053
6331.0	0.0108968
6332.0	0.0110153
6333.0	0.011442
6334.0	0.0112751
6335.0	0.0115232
6336.0	0.011425
6337.0	0.0119457
6338.0	0.0117572
6339.0	0.011849
6340.0	0.0117163
6341.0	0.0116456
6342.0	0.0124338
6343.0	0.0119344
6344.0	0.0124831
6345.0	0.0126496
6346.0	0.0122168
6347.0	0.0121702
6348.0	0.0125618
6349.0	0.0131513
6350.0	0.0133834
6351.0	0.013558
6352.0	0.0132728
6353.0	0.0133674
6354.0	0.0137271
6355.0	0.0145602
6356.0	0.014081
6357.0	0.0136457
6358.0	0.0136344
6359.0	0.0134618
6360.0	0.0136519
6361.0	0.0140872
6362.0	0.0144109
6363.0	0.0144081
6364.0	0.0145383
6365.0	0.0145773
6366.0	0.014634
6367.0	0.0147645
6368.0	0.0148615
6369.0	0.015139
6370.0	0.0152098
6371.0	0.0149926
6372.0	0.01594
6373.0	0.0154786
6374.0	0.0158811
6375.0	0.01602
6376.0	0.0163298
6377.0	0.0164553
6378.0	0.0169569
6379.0	0.0172762
6380.0	0.0167323
6381.0	0.0167947
6382.0	0.0169163
6383.0	0.0173754
6384.0	0.0176693
6385.0	0.0177665
6386.0	0.0185805
6387.0	0.0181576
6388.0	0.0182789
6389.0	0.0180105
6390.0	0.0185275
6391.0	0.0193131
6392.0	0.0197088
6393.0	0.0191173
6394.0	0.0194752
6395.0	0.0201595
6396.0	0.0197421
6397.0	0.0198978
6398.0	0.0198427
6399.0	0.020424
6400.0	0.020396
6401.0	0.0201816
6402.0	0.0211044
6403.0	0.0218624
6404.0	0.0214836
6405.0	0.0217153
6406.0	0.0225084
6407.0	0.0218602
6408.0	0.0212301
6409.0	0.0222808
6410.0	0.0227019
6411.0	0.0223648
6412.0	0.0228581
6413.0	0.0234281
6414.0	0.0228364
6415.0	0.0238727
6416.0	0.0242383
6417.0	0.0238963
6418.0	0.0236396
6419.0	0.0244615
6420.0	0.0245956
6421.0	0.0241314
6422.0	0.02484
6423.0	0.0253556
6424.0	0.0249633
6425.0	0.0254851
6426.0	0.0257745
6427.0	0.0257897
6428.0	0.0257043
6429.0	0.0258868
6430.0	0.0260389
6431.0	0.0255611
6432.0	0.0254049
6433.0	0.0264596
6434.0	0.0272212
6435.0	0.0266629
6436.0	0.0269232
6437.0	0.0270934
6438.0	0.0273696
6439.0	0.0276285
6440.0	0.0277241
6441.0	0.0274518
6442.0	0.0274128
6443.0	0.0278642
6444.0	0.0278344
6445.0	0.0277665
6446.0	0.0278231
6447.0	0.0286418
6448.0	0.0286652
6449.0	0.0292735
6450.0	0.02878
6451.0	0.0285476
6452.0	0.0282464
6453.0	0.0287741
6454.0	0.0286041
6455.0	0.0290868
6456.0	0.0296359
6457.0	0.0293144
6458.0	0.0297272
6459.0	0.0296766
6460.0	0.0298784
6461.0	0.0299174
6462.0	0.0295597
6463.0	0.0300006
6464.0	0.0302003
6465.0	0.0303995
6466.0	0.0298605
6467.0	0.02977
6468.0	0.0313031
6469.0	0.0310515
6470.0	0.0298804
6471.0	0.0305199
6472.0	0.0304838
6473.0	0.0309672
6474.0	0.0315
6475.0	0.0311766
6476.0	0.0304453
6477.0	0.0303076
6478.0	0.0308792
6479.0	0.0308311
6480.0	0.0303473
6481.0	0.031133
6482.0	0.0314701
6483.0	0.0305807
6484.0	0.0314421
6485.0	0.0318867
6486.0	0.0320922
6487.0	0.0315468
6488.0	0.0309967
6489.0	0.031613
6490.0	0.0310465
6491.0	0.0316975
6492.0	0.0313766
6493.0	0.0305573
6494.0	0.0313001
6495.0	0.0323277
6496.0	0.031672
6497.0	0.0323094
6498.0	0.0314608
6499.0	0.0320994
6500.0	0.0324227
6501.0	0.0321392
6502.0	0.0317329
6503.0	0.0322498
6504.0	0.0324701
6505.0	0.0324427
6506.0	0.0320233
6507.0	0.0319198
6508.0	0.0324403
6509.0	0.0325795
6510.0	0.0328063
6511.0	0.0323194
6512.0	0.0316678
6513.0	0.0316801
6514.0	0.0323521
6515.0	0.0322715
6516.0	0.0326976
6517.0	0.0318492
6518.0	0.0325035
6519.0	0.0329328
6520.0	0.0323193
6521.0	0.0322019
6522.0	0.0319083
6523.0	0.0317837
6524.0	0.0321585
6525.0	0.0320795
6526.0	0.0316262
6527.0	0.0321918
6528.0	0.0323754
6529.0	0.0325258
6530.0	0.0324009
6531.0	0.0320018
6532.0	0.0315139
6533.0	0.0321052
6534.0	0.0318854
6535.0	0.0313682
6536.0	0.0319958
6537.0	0.0324314
6538.0	0.0322693
6539.0	0.0320305
6540.0	0.0316315
6541.0	0.0316672
6542.0	0.0320776
6543.0	0.0327397
6544.0	0.0321375
6545.0	0.0321042
6546.0	0.031746
6547.0	0.0316596
6548.0	0.0314296
6549.0	0.0321144
6550.0	0.0317927
6551.0	0.0322679
6552.0	0.0317246
6553.0	0.0309414
6554.0	0.0318442
6555.0	0.0321889
6556.0	0.0315567
6557.0	0.0321233
6558.0	0.031922
6559.0	0.0319676
6560.0	0.0318072
6561.0	0.0321765
6562.0	0.0315367
6563.0	0.0311047
6564.0	0.0323973
6565.0	0.0318539
6566.0	0.0318823
6567.0	0.0319427
6568.0	0.032272
6569.0	0.0320172
6570.0	0.031612
6571.0	0.0313442
6572.0	0.0316387
6573.0	0.0315809
6574.0	0.0317863
6575.0	0.0311002
6576.0	0.0316681
6577.0	0.0321767
6578.0	0.0310021
6579.0	0.0317787
6580.0	0.0314394
6581.0	0.0311664
6582.0	0.0312524
6583.0	0.0316998
6584.0	0.0317168
6585.0	0.0309527
6586.0	0.0307004
6587.0	0.0307402
6588.0	0.0315939
6589.0	0.0316122
6590.0	0.031833
6591.0	0.0314866
6592.0	0.0318642
6593.0	0.0311886
6594.0	0.0312157
6595.0	0.0312485
6596.0	0.0313163
6597.0	0.0313557
6598.0	0.0310436
6599.0	0.030697
6600.0	0.0313466
6601.0	0.0308802
6602.0	0.0307224
6603.0	0.0309294
6604.0	0.030885
6605.0	0.0310837
6606.0	0.0307526
6607.0	0.0307882
6608.0	0.0304412
6609.0	0.0304371
6610.0	0.030561
6611.0	0.0303281
6612.0	0.0307123
6613.0	0.0301016
6614.0	0.030408
6615.0	0.030038
6616.0	0.0306945
6617.0	0.0299094
6618.0	0.0297942
6619.0	0.0303687
6620.0	0.030088
6621.0	0.0301507
6622.0	0.0300938
6623.0	0.0299092
6624.0	0.0305408
6625.0	0.0300148
6626.0	0.0295318
6627.0	0.0296107
6628.0	0.0293814
6629.0	0.0294148
6630.0	0.0299011
6631.0	0.029401
6632.0	0.029323
6633.0	0.0302028
6634.0	0.0303915
6635.0	0.0297471
6636.0	0.029493
6637.0	0.0294549
6638.0	0.0288015
6639.0	0.0291926
6640.0	0.0291043
6641.0	0.0290976
6642.0	0.0290939
6643.0	0.0292042
6644.0	0.0291355
6645.0	0.0290097
6646.0	0.0290792
6647.0	0.0295503
6648.0	0.0284652
6649.0	0.0288874
6650.0	0.0290638
6651.0	0.0294068
6652.0	0.029565
6653.0	0.0292011
6654.0	0.0280042
6655.0	0.0283758
6656.0	0.0287029
6657.0	0.0284248
6658.0	0.0278595
6659.0	0.0288624
6660.0	0.028033
6661.0	0.028079
6662.0	0.0276455
6663.0	0.0282503
6664.0	0.0276277
6665.0	0.0280982
6666.0	0.0279472
6667.0	0.0275196
6668.0	0.0281952
6669.0	0.0288497
6670.0	0.0280312
6671.0	0.0284151
6672.0	0.0282493
6673.0	0.0278355
6674.0	0.0281224
6675.0	0.0278502
6676.0	0.0277043
6677.0	0.0274238
6678.0	0.0279275
6679.0	0.0276959
6680.0	0.0271238
6681.0	0.0273681
6682.0	0.0274886
6683.0	0.0268772
6684.0	0.0264371
6685.0	0.0268243
6686.0	0.0267004
6687.0	0.027218
6688.0	0.027729
6689.0	0.0260509
6690.0	0.0255131
6691.0	0.0263264
6692.0	0.0265161
6693.0	0.0263555
6694.0	0.0265038
6695.0	0.0262008
6696.0	0.0265085
6697.0	0.0268544
6698.0	0.0269194
6699.0	0.0266366
6700.0	0.0261543
6701.0	0.0259392
6702.0	0.0265483
6703.0	0.0265431
6704.0	0.0260543
6705.0	0.0260328
6706.0	0.0258232
6707.0	0.0259938
6708.0	0.0258206
6709.0	0.0262008
6710.0	0.0261524
6711.0	0.0259103
6712.0	0.0262648
6713.0	0.0250364
6714.0	0.025144
6715.0	0.0262441
6716.0	0.0257174
6717.0	0.0260637
6718.0	0.0254686
6719.0	0.0254857
6720.0	0.0251459
6721.0	0.0251897
6722.0	0.0247389
6723.0	0.0255868
6724.0	0.0253349
6725.0	0.024885
6726.0	0.024759
6727.0	0.0249882
6728.0	0.0246216
6729.0	0.024892
6730.0	0.0251871
6731.0	0.0246508
6732.0	0.0245683
6733.0	0.0253473
6734.0	0.0243414
6735.0	0.0243984
6736.0	0.0250346
6737.0	0.0248056
6738.0	0.0248015
6739.0	0.0249625
6740.0	0.0242716
6741.0	0.0243617
6742.0	0.0244156
6743.0	0.0241651
6744.0	0.0242507
6745.0	0.0240078
6746.0	0.0241011
6747.0	0.023689
6748.0	0.0239918
6749.0	0.0243469
6750.0	0.0239834
6751.0	0.0237938
6752.0	0.0242495
6753.0	0.0241678
6754.0	0.0242234
6755.0	0.0238791
6756.0	0.0242959
6757.0	0.0248479
6758.0	0.0248886
6759.0	0.0240302
6760.0	0.0241623
6761.0	0.0239679
6762.0	0.0233127
6763.0	0.0233256
6764.0	0.0241011
6765.0	0.023583
6766.0	0.0238353
6767.0	0.0235749
6768.0	0.0232561
6769.0	0.0230916
6770.0	0.0238324
6771.0	0.0234013
6772.0	0.0236253
6773.0	0.0231438
6774.0	0.0234528
6775.0	0.0236724
6776.0	0.0235648
6777.0	0.0232455
6778.0	0.0228015
6779.0	0.0230716
6780.0	0.0226081
6781.0	0.0218937
6782.0	0.0213258
6783.0	0.0219308
6784.0	0.0224769
6785.0	0.0228014
6786.0	0.0230448
6787.0	0.0230427
6788.0	0.0230137
6789.0	0.0232854
6790.0	0.0229401
6791.0	0.0229513
6792.0	0.0226104
6793.0	0.0234362
6794.0	0.0236039
6795.0	0.0229844
6796.0	0.0236584
6797.0	0.0232715
6798.0	0.0229316
6799.0	0.0225465
6800.0	0.0227762
6801.0	0.0226838
6802.0	0.0223925
6803.0	0.022181
6804.0	0.0221393
6805.0	0.0218401
6806.0	0.0221939
6807.0	0.0229488
6808.0	0.0220656
6809.0	0.0219731
6810.0	0.0219261
6811.0	0.0218603
6812.0	0.0219849
6813.0	0.0225494
6814.0	0.0229654
6815.0	0.0222221
6816.0	0.0213498
6817.0	0.022225
6818.0	0.0222429
6819.0	0.0219634
6820.0	0.0224741
6821.0	0.0225555
6822.0	0.022114
6823.0	0.0223232
6824.0	0.0216792
6825.0	0.0218582
6826.0	0.0223814
6827.0	0.0218575
6828.0	0.0218229
6829.0	0.0215709
6830.0	0.0217926
6831.0	0.0219952
6832.0	0.0224282
6833.0	0.021125
6834.0	0.0203119
6835.0	0.0210331
6836.0	0.0206129
6837.0	0.0210313
6838.0	0.0214978
6839.0	0.0213402
6840.0	0.0217808
6841.0	0.0212516
6842.0	0.021255
6843.0	0.0214446
6844.0	0.0211258
6845.0	0.0212197
6846.0	0.0214134
6847.0	0.0214213
6848.0	0.0210205
6849.0	0.0207632
6850.0	0.0208542
6851.0	0.0215231
6852.0	0.0212273
6853.0	0.0208227
6854.0	0.0206285
6855.0	0.0202296
6856.0	0.0207024
6857.0	0.0212187
6858.0	0.0204075
6859.0	0.0203159
6860.0	0.021198
6861.0	0.021457
6862.0	0.0210701
6863.0	0.0204725
6864.0	0.0204841
6865.0	0.0202275
6866.0	0.0200764
6867.0	0.0202462
6868.0	0.0206387
6869.0	0.0198482
6870.0	0.0203043
6871.0	0.0200929
6872.0	0.0200212
6873.0	0.0202734
6874.0	0.0206489
6875.0	0.0209171
6876.0	0.0196167
6877.0	0.0198789
6878.0	0.0208511
6879.0	0.0199483
6880.0	0.0198482
6881.0	0.0201371
6882.0	0.0201648
6883.0	0.0196999
6884.0	0.0203432
6885.0	0.0204359
6886.0	0.0200086
6887.0	0.0202107
6888.0	0.0197932
6889.0	0.0192166
6890.0	0.0201696
6891.0	0.0199951
6892.0	0.0189408
6893.0	0.0191544
6894.0	0.0193839
6895.0	0.0193989
6896.0	0.0195825
6897.0	0.0196621
6898.0	0.0202289
6899.0	0.0196239
6900.0	0.01953
6901.0	0.0190677
6902.0	0.019551
6903.0	0.0194236
6904.0	0.0194373
6905.0	0.0193939
6906.0	0.0195675
6907.0	0.0196552
6908.0	0.0191036
6909.0	0.0189838
6910.0	0.0199948
6911.0	0.0198504
6912.0	0.0200073
6913.0	0.0190963
6914.0	0.0187037
6915.0	0.0198211
6916.0	0.0190169
6917.0	0.019236
6918.0	0.0193041
6919.0	0.0191378
6920.0	0.0188047
6921.0	0.0187613
6922.0	0.0188048
6923.0	0.0194656
6924.0	0.0196807
6925.0	0.0185116
6926.0	0.0183196
6927.0	0.018371
6928.0	0.0185799
6929.0	0.0191914
6930.0	0.0184578
6931.0	0.0182713
6932.0	0.0178394
6933.0	0.0184271
6934.0	0.018474
6935.0	0.0184692
6936.0	0.0181518
6937.0	0.0180892
6938.0	0.0182891
6939.0	0.0183562
6940.0	0.0169456
6941.0	0.0183908
6942.0	0.0180046
6943.0	0.0182273
6944.0	0.0180403
6945.0	0.0175067
6946.0	0.0178731
6947.0	0.0177678
6948.0	0.0175911
6949.0	0.0183916
6950.0	0.0178825
6951.0	0.0183134
6952.0	0.0183243
6953.0	0.017986
6954.0	0.0176664
6955.0	0.0180161
6956.0	0.0183311
6957.0	0.0177411
6958.0	0.0175279
6959.0	0.0173707
6960.0	0.0177752
6961.0	0.0176146
6962.0	0.0169693
6963.0	0.0171818
6964.0	0.0176546
6965.0	0.0177036
6966.0	0.0173406
6967.0	0.0174046
6968.0	0.0176001
6969.0	0.0173223
6970.0	0.0171901
6971.0	0.016852
6972.0	0.017014
6973.0	0.0169459
6974.0	0.0165366
6975.0	0.0168829
6976.0	0.0171541
6977.0	0.0177415
6978.0	0.0175126
6979.0	0.0172294
6980.0	0.01681
6981.0	0.0171178
6982.0	0.0173838
6983.0	0.0173166
6984.0	0.0172493
6985.0	0.0171821
6986.0	0.0171149
6987.0	0.0170476
6988.0	0.0169804
6989.0	0.0169132
6990.0	0.0168459
6991.0	0.0167787
6992.0	0.0167114
6993.0	0.0166442
6994.0	0.016577
6995.0	0.0165097
6996.0	0.0164425
6997.0	0.0163753
6998.0	0.016308
6999.0	0.016308
7000.0	0.0171547
7001.0	0.0170342
7002.0	0.0162859
7003.0	0.016474
7004.0	0.0168037
7005.0	0.0170537
7006.0	0.017073
7007.0	0.0167581
7008.0	0.0165217
7009.0	0.0166896
7010.0	0.0165091
7011.0	0.0166508
7012.0	0.0164002
7013.0	0.0163165
7014.0	0.0171004
7015.0	0.0165602
7016.0	0.0167124
7017.0	0.0163683
7018.0	0.0163343
7019.0	0.0166224
7020.0	0.0168634
7021.0	0.0164915
7022.0	0.0169258
7023.0	0.0167486
7024.0	0.016185
7025.0	0.0162092
7026.0	0.0164948
7027.0	0.0164211
7028.0	0.0163912
7029.0	0.0165684
7030.0	0.0167912
7031.0	0.0170081
7032.0	0.0169645
7033.0	0.0166033
7034.0	0.0163634
7035.0	0.0163174
7036.0	0.0163563
7037.0	0.0165721
7038.0	0.016209
7039.0	0.0161693
7040.0	0.0159285
7041.0	0.0163625
7042.0	0.0161556
7043.0	0.0158869
7044.0	0.0162228
7045.0	0.0163336
7046.0	0.0161011
7047.0	0.0159178
7048.0	0.0163622
7049.0	0.0163204
7050.0	0.0160343
7051.0	0.0165855
7052.0	0.0164
7053.0	0.0161688
7054.0	0.0164018
7055.0	0.0168771
7056.0	0.0159332
7057.0	0.0155254
7058.0	0.0156322
7059.0	0.0162094
7060.0	0.0156089
7061.0	0.0165345
7062.0	0.0164728
7063.0	0.01592
7064.0	0.0158383
7065.0	0.0160887
7066.0	0.0159987
7067.0	0.0161229
7068.0	0.0161483
7069.0	0.0158739
7070.0	0.0159085
7071.0	0.0156185
7072.0	0.0152677
7073.0	0.0163673
7074.0	0.0158257
7075.0	0.0154149
7076.0	0.015298
7077.0	0.0154471
7078.0	0.015163
7079.0	0.015611
7080.0	0.0157678
7081.0	0.0152658
7082.0	0.0150235
7083.0	0.0156549
7084.0	0.0156361
7085.0	0.0152773
7086.0	0.015658
7087.0	0.0157676
7088.0	0.0158825
7089.0	0.015521
7090.0	0.0146734
7091.0	0.014835
7092.0	0.0149588
7093.0	0.0156138
7094.0	0.0156852
7095.0	0.0148792
7096.0	0.0152109
7097.0	0.0150702
7098.0	0.0146816
7099.0	0.0151055
7100.0	0.0148072
7101.0	0.0149293
7102.0	0.0153501
7103.0	0.0150165
7104.0	0.0146918
7105.0	0.0159433
7106.0	0.0153719
7107.0	0.0150178
7108.0	0.0145186
7109.0	0.0149973
7110.0	0.0153248
7111.0	0.0152279
7112.0	0.014735
7113.0	0.0144156
7114.0	0.0147125
7115.0	0.0150194
7116.0	0.0142004
7117.0	0.0149098
7118.0	0.0145058
7119.0	0.01455
7120.0	0.0147647
7121.0	0.0153097
7122.0	0.0151121
7123.0	0.0147217
7124.0	0.0146478
7125.0	0.0147099
7126.0	0.0148485
7127.0	0.0152766
7128.0	0.0148539
7129.0	0.014246
7130.0	0.0143183
7131.0	0.0142893
7132.0	0.014777
7133.0	0.0145657
7134.0	0.0143465
7135.0	0.0147366
7136.0	0.0149972
7137.0	0.0146484
7138.0	0.0144075
7139.0	0.0149211
7140.0	0.0147925
7141.0	0.0147502
7142.0	0.0152035
7143.0	0.0149563
7144.0	0.0145041
7145.0	0.0146497
7146.0	0.0147419
7147.0	0.0143876
7148.0	0.0145424
7149.0	0.0145643
7150.0	0.014304
7151.0	0.013961
7152.0	0.0149442
7153.0	0.0151633
7154.0	0.014138
7155.0	0.0137424
7156.0	0.0143443
7157.0	0.0146001
7158.0	0.0141138
7159.0	0.0145875
7160.0	0.0145805
7161.0	0.0143751
7162.0	0.0147777
7163.0	0.0143406
7164.0	0.014394
7165.0	0.0143614
7166.0	0.0146496
7167.0	0.0140419
7168.0	0.014228
7169.0	0.0139721
7170.0	0.0140294
7171.0	0.0143374
7172.0	0.0137839
7173.0	0.0138012
7174.0	0.0140682
7175.0	0.0141337
7176.0	0.0141419
7177.0	0.0142093
7178.0	0.0137061
7179.0	0.014319
7180.0	0.0147082
7181.0	0.0139333
7182.0	0.0143024
7183.0	0.0145377
7184.0	0.0140722
7185.0	0.0136048
7186.0	0.0137438
7187.0	0.0138741
7188.0	0.0140222
7189.0	0.0140235
7190.0	0.013657
7191.0	0.0136172
7192.0	0.0143657
7193.0	0.0140062
7194.0	0.0136238
7195.0	0.0140138
7196.0	0.0139673
7197.0	0.0139389
7198.0	0.0139429
7199.0	0.0133962
7200.0	0.0137223
7201.0	0.0140257
7202.0	0.0143908
7203.0	0.0140679
7204.0	0.0143536
7205.0	0.014034
7206.0	0.0132746
7207.0	0.0136056
7208.0	0.0142364
7209.0	0.0139266
7210.0	0.0135049
7211.0	0.0134946
7212.0	0.0137051
7213.0	0.0136372
7214.0	0.01345
7215.0	0.0141626
7216.0	0.0136963
7217.0	0.0133008
7218.0	0.0133727
7219.0	0.0137914
7220.0	0.0141392
7221.0	0.014166
7222.0	0.0135866
7223.0	0.013252
7224.0	0.0131262
7225.0	0.0131533
7226.0	0.0131559
7227.0	0.0135784
7228.0	0.0135624
7229.0	0.0132913
7230.0	0.0134036
7231.0	0.0133454
7232.0	0.0135616
7233.0	0.0137362
7234.0	0.0134674
7235.0	0.0131593
7236.0	0.0130562
7237.0	0.0129386
7238.0	0.0131112
7239.0	0.0132007
7240.0	0.0132049
7241.0	0.0136803
7242.0	0.0136489
7243.0	0.0135128
7244.0	0.0140097
7245.0	0.0135736
7246.0	0.013233
7247.0	0.0137781
7248.0	0.0130041
7249.0	0.0131817
7250.0	0.013104
7251.0	0.0130915
7252.0	0.0133093
7253.0	0.0134122
7254.0	0.0131392
7255.0	0.013438
7256.0	0.0130563
7257.0	0.0133804
7258.0	0.0128395
7259.0	0.0128601
7260.0	0.012694
7261.0	0.0129184
7262.0	0.0128638
7263.0	0.0130852
7264.0	0.0133246
7265.0	0.0128063
7266.0	0.0127869
7267.0	0.0132925
7268.0	0.0130164
7269.0	0.0129919
7270.0	0.0134248
7271.0	0.0134206
7272.0	0.0127936
7273.0	0.0128264
7274.0	0.0131691
7275.0	0.0135763
7276.0	0.0125894
7277.0	0.0132731
7278.0	0.0126617
7279.0	0.0125871
7280.0	0.0122371
7281.0	0.0127599
7282.0	0.013084
7283.0	0.0125888
7284.0	0.0130467
7285.0	0.0129058
7286.0	0.0135587
7287.0	0.013247
7288.0	0.0132384
7289.0	0.0133595
7290.0	0.0125558
7291.0	0.0123177
7292.0	0.0125108
7293.0	0.0126299
7294.0	0.0128683
7295.0	0.0128236
7296.0	0.012582
7297.0	0.0127024
7298.0	0.0124408
7299.0	0.0123286
7300.0	0.0123429
7301.0	0.0123804
7302.0	0.0124462
7303.0	0.0127959
7304.0	0.01237
7305.0	0.0124873
7306.0	0.013274
7307.0	0.0126131
7308.0	0.0128018
7309.0	0.012421
7310.0	0.0122465
7311.0	0.0128937
7312.0	0.0122943
7313.0	0.0126644
7314.0	0.0130234
7315.0	0.0127902
7316.0	0.0129884
7317.0	0.0128281
7318.0	0.0120048
7319.0	0.012231
7320.0	0.0130452
7321.0	0.0126792
7322.0	0.0124098
7323.0	0.0125244
7324.0	0.0127005
7325.0	0.0131502
7326.0	0.0123629
7327.0	0.0121632
7328.0	0.0121746
7329.0	0.0124929
7330.0	0.0124626
7331.0	0.0125791
7332.0	0.0127467
7333.0	0.0123251
7334.0	0.0120391
7335.0	0.0123635
7336.0	0.0127102
7337.0	0.0125316
7338.0	0.0122191
7339.0	0.0117545
7340.0	0.0123038
7341.0	0.0121853
7342.0	0.0125924
7343.0	0.0124022
7344.0	0.0122921
7345.0	0.0122458
7346.0	0.0127144
7347.0	0.0127755
7348.0	0.0124883
7349.0	0.0123305
7350.0	0.0123607
7351.0	0.0121472
7352.0	0.0125802
7353.0	0.0120331
7354.0	0.012107
7355.0	0.0125598
7356.0	0.0117811
7357.0	0.0121705
7358.0	0.0121844
7359.0	0.0124876
7360.0	0.0124469
7361.0	0.0121539
7362.0	0.012135
7363.0	0.0122995
7364.0	0.0118463
7365.0	0.0117694
7366.0	0.0124413
7367.0	0.0122066
7368.0	0.0119528
7369.0	0.0119243
7370.0	0.0120631
7371.0	0.0128599
7372.0	0.0125662
7373.0	0.0119445
7374.0	0.0119364
7375.0	0.012159
7376.0	0.0119837
7377.0	0.0120814
7378.0	0.0119692
7379.0	0.0113989
7380.0	0.0119991
7381.0	0.0115375
7382.0	0.0117272
7383.0	0.0119165
7384.0	0.0117878
7385.0	0.0120875
7386.0	0.0118686
7387.0	0.0119351
7388.0	0.0124356
7389.0	0.0127896
7390.0	0.0112636
7391.0	0.0121384
7392.0	0.0120596
7393.0	0.0122934
7394.0	0.0118536
7395.0	0.0119629
7396.0	0.0116091
7397.0	0.0118071
7398.0	0.011578
7399.0	0.0116223
7400.0	0.0120247
7401.0	0.0120156
7402.0	0.0116807
7403.0	0.0113247
7404.0	0.0117692
7405.0	0.0111867
7406.0	0.0114934
7407.0	0.0122934
7408.0	0.0115691
7409.0	0.0115459
7410.0	0.0117718
7411.0	0.0117925
7412.0	0.0114428
7413.0	0.0116814
7414.0	0.011526
7415.0	0.0119127
7416.0	0.0115437
7417.0	0.0111753
7418.0	0.0110366
7419.0	0.0117574
7420.0	0.0115473
7421.0	0.0115163
7422.0	0.0115021
7423.0	0.0117449
7424.0	0.011526
7425.0	0.0114099
7426.0	0.0110267
7427.0	0.0115072
7428.0	0.0113739
7429.0	0.0116336
7430.0	0.0115713
7431.0	0.010642
7432.0	0.0115808
7433.0	0.0118532
7434.0	0.0113163
7435.0	0.0119215
7436.0	0.0114758
7437.0	0.0118724
7438.0	0.0120934
7439.0	0.0120849
7440.0	0.0110497
7441.0	0.0113594
7442.0	0.0119139
7443.0	0.0120354
7444.0	0.0116012
7445.0	0.0112717
7446.0	0.0107898
7447.0	0.0115937
7448.0	0.0115145
7449.0	0.0119008
7450.0	0.0119747
7451.0	0.0116878
7452.0	0.0113772
7453.0	0.0116883
7454.0	0.011354
7455.0	0.0114346
7456.0	0.0117881
7457.0	0.0114928
7458.0	0.0112273
7459.0	0.0117768
7460.0	0.011626
7461.0	0.0109607
7462.0	0.0111362
7463.0	0.0117139
7464.0	0.0113778
7465.0	0.0106074
7466.0	0.0114102
7467.0	0.011862
7468.0	0.011529
7469.0	0.0108895
7470.0	0.0105628
7471.0	0.0112179
7472.0	0.0116217
7473.0	0.0114947
7474.0	0.0115248
7475.0	0.010636
7476.0	0.0115851
7477.0	0.0112474
7478.0	0.0110147
7479.0	0.0111208
7480.0	0.0112309
7481.0	0.0110801
7482.0	0.0114174
7483.0	0.0119188
7484.0	0.0114969
7485.0	0.0109953
7486.0	0.011505
7487.0	0.0111746
7488.0	0.0109461
7489.0	0.0114359
7490.0	0.0112683
7491.0	0.0109751
7492.0	0.01109
7493.0	0.0106611
7494.0	0.0108453
7495.0	0.0113373
7496.0	0.0109329
7497.0	0.0106375
7498.0	0.011397
7499.0	0.0110629
7500.0	0.010816
7501.0	0.0110353
7502.0	0.0109923
7503.0	0.0111414
7504.0	0.0108777
7505.0	0.0110286
7506.0	0.0113201
7507.0	0.0113025
7508.0	0.0106778
7509.0	0.011123
7510.0	0.010551
7511.0	0.0107822
7512.0	0.0111391
7513.0	0.0108873
7514.0	0.011154
7515.0	0.0108076
7516.0	0.0103732
7517.0	0.0107732
7518.0	0.0104672
7519.0	0.0109164
7520.0	0.0110745
7521.0	0.0107902
7522.0	0.010665
7523.0	0.0103346
7524.0	0.0109665
7525.0	0.0107244
7526.0	0.0104442
7527.0	0.0103224
7528.0	0.011057
7529.0	0.010681
7530.0	0.0101725
7531.0	0.0106168
7532.0	0.010574
7533.0	0.0102724
7534.0	0.0104795
7535.0	0.0102539
7536.0	0.0107782
7537.0	0.010204
7538.0	0.0100922
7539.0	0.0102649
7540.0	0.00972086
7541.0	0.00994178
7542.0	0.0102251
7543.0	0.00972323
7544.0	0.0100566
7545.0	0.00989813
7546.0	0.00986482
7547.0	0.0096995
7548.0	0.00974405
7549.0	0.0103241
7550.0	0.00996024
7551.0	0.00988194
7552.0	0.00954943
7553.0	0.00978983
7554.0	0.00991804
7555.0	0.0101656
7556.0	0.0102094
7557.0	0.00948034
7558.0	0.00951272
7559.0	0.00894964
7560.0	0.00991427
7561.0	0.00970918
7562.0	0.00940892
7563.0	0.00912188
7564.0	0.00903796
7565.0	0.00891881
7566.0	0.00937057
7567.0	0.0093631
7568.0	0.00953544
7569.0	0.0094098
7570.0	0.00883566
7571.0	0.00929116
7572.0	0.00932098
7573.0	0.00905057
7574.0	0.00935208
7575.0	0.00957462
7576.0	0.00923388
7577.0	0.00901264
7578.0	0.00933361
7579.0	0.00910705
7580.0	0.00866141
7581.0	0.00898941
7582.0	0.00898997
7583.0	0.00911827
7584.0	0.008454
7585.0	0.00873637
7586.0	0.00920263
7587.0	0.00907823
7588.0	0.00880738
7589.0	0.00877396
7590.0	0.00873108
7591.0	0.00865365
7592.0	0.00841296
7593.0	0.00877428
7594.0	0.00875226
7595.0	0.00921151
7596.0	0.00903762
7597.0	0.00808632
7598.0	0.00844622
7599.0	0.00806536
7600.0	0.00884114
7601.0	0.00834136
7602.0	0.00811205
7603.0	0.0089942
7604.0	0.00853265
7605.0	0.00802923
7606.0	0.00866142
7607.0	0.00831265
7608.0	0.00822175
7609.0	0.00909099
7610.0	0.00852355
7611.0	0.00880206
7612.0	0.00759125
7613.0	0.00804419
7614.0	0.00900441
7615.0	0.0080026
7616.0	0.00755365
7617.0	0.00831746
7618.0	0.00782677
7619.0	0.00763867
7620.0	0.00767066
7621.0	0.00762919
7622.0	0.00848401
7623.0	0.00785125
7624.0	0.00737316
7625.0	0.00821053
7626.0	0.00852297
7627.0	0.0071658
7628.0	0.00759148
7629.0	0.00761921
7630.0	0.00734018
7631.0	0.00667224
7632.0	0.00688825
7633.0	0.00732362
7634.0	0.00750589
7635.0	0.00679328
7636.0	0.00776279
7637.0	0.00840763
7638.0	0.00770843
7639.0	0.006942
7640.0	0.00653041
7641.0	0.0070138
7642.0	0.00740867
7643.0	0.00690725
7644.0	0.00615078
7645.0	0.00673151
7646.0	0.00721041
7647.0	0.00693217
7648.0	0.00679029
7649.0	0.00695626
7650.0	0.00686182
7651.0	0.00725769
7652.0	0.00738383
7653.0	0.00731091
7654.0	0.00682979
7655.0	0.00672066
7656.0	0.0064374
7657.0	0.00706501
7658.0	0.00728534
7659.0	0.00745281
7660.0	0.00666419
7661.0	0.00637833
7662.0	0.00674698
7663.0	0.00634671
7664.0	0.00635667
7665.0	0.0061496
7666.0	0.00597399
7667.0	0.00664671
7668.0	0.00650231
7669.0	0.00623296
7670.0	0.00630999
7671.0	0.00625869
7672.0	0.00645752
7673.0	0.00623175
7674.0	0.00603996
7675.0	0.00615523
7676.0	0.00595539
7677.0	0.00607255
7678.0	0.00625402
7679.0	0.00610147
7680.0	0.00614594
7681.0	0.00590369
7682.0	0.00603273
7683.0	0.00601297
7684.0	0.00616072
7685.0	0.00631961
7686.0	0.00600182
7687.0	0.00568548
7688.0	0.00595775
7689.0	0.00585727
7690.0	0.0062138
7691.0	0.00626358
7692.0	0.00662387
7693.0	0.00644495
7694.0	0.006185
7695.0	0.00628722
7696.0	0.00617703
7697.0	0.0064851
7698.0	0.00672944
7699.0	0.00656049
7700.0	0.0063659
7701.0	0.00614985
7702.0	0.00625743
7703.0	0.00630772
7704.0	0.00629708
7705.0	0.00662155
7706.0	0.00691773
7707.0	0.00667871
7708.0	0.00673583
7709.0	0.00660173
7710.0	0.00618695
7711.0	0.00607951
7712.0	0.00690379
7713.0	0.00706173
7714.0	0.00635859
7715.0	0.00713877
7716.0	0.00695296
7717.0	0.00703377
7718.0	0.00717688
7719.0	0.00760931
7720.0	0.00669027
7721.0	0.00621378
7722.0	0.00676388
7723.0	0.00682767
7724.0	0.00658778
7725.0	0.00654947
7726.0	0.00664453
7727.0	0.007047
7728.0	0.00682912
7729.0	0.00706186
7730.0	0.00666348
7731.0	0.0068606
7732.0	0.00706863
7733.0	0.00719147
7734.0	0.00657576
7735.0	0.00645448
7736.0	0.00649776
7737.0	0.00628219
7738.0	0.0066168
7739.0	0.0067379
7740.0	0.0070201
7741.0	0.00699622
7742.0	0.00718982
7743.0	0.00683178
7744.0	0.00639366
7745.0	0.00656683
7746.0	0.00702638
7747.0	0.00664991
7748.0	0.00683671
7749.0	0.00694942
7750.0	0.00725563
7751.0	0.00694655
7752.0	0.00694185
7753.0	0.00693524
7754.0	0.00697081
7755.0	0.00695834
7756.0	0.00705114
7757.0	0.00717981
7758.0	0.00690507
7759.0	0.00674743
7760.0	0.00714379
7761.0	0.00750042
7762.0	0.00757235
7763.0	0.00691585
7764.0	0.00701085
7765.0	0.00734371
7766.0	0.00754022
7767.0	0.00681752
7768.0	0.00706226
7769.0	0.00736138
7770.0	0.00724001
7771.0	0.00727079
7772.0	0.0072774
7773.0	0.00724794
7774.0	0.00738036
7775.0	0.00717841
7776.0	0.00763588
7777.0	0.00737958
7778.0	0.00765124
7779.0	0.00763993
7780.0	0.00745713
7781.0	0.00702402
7782.0	0.0077695
7783.0	0.00807755
7784.0	0.00771238
7785.0	0.00796146
7786.0	0.00772939
7787.0	0.00735699
7788.0	0.00695454
7789.0	0.00739442
7790.0	0.00752681
7791.0	0.0079229
7792.0	0.00767039
7793.0	0.00728986
7794.0	0.00786216
7795.0	0.00735337
7796.0	0.00735867
7797.0	0.00775251
7798.0	0.00768601
7799.0	0.0076981
7800.0	0.00742715
7801.0	0.00749166
7802.0	0.00761677
7803.0	0.00784545
7804.0	0.00780737
7805.0	0.00801651
7806.0	0.00753431
7807.0	0.00759783
7808.0	0.00833076
7809.0	0.00793527
7810.0	0.00842958
7811.0	0.00807691
7812.0	0.00745078
7813.0	0.0075475
7814.0	0.00780426
7815.0	0.00780099
7816.0	0.00762983
7817.0	0.00701941
7818.0	0.00757197
7819.0	0.00753557
7820.0	0.0077335
7821.0	0.00909723
7822.0	0.00804964
7823.0	0.00794379
7824.0	0.00875249
7825.0	0.008464
7826.0	0.00782482
7827.0	0.00787914
7828.0	0.00781839
7829.0	0.00751136
7830.0	0.00818879
7831.0	0.00851093
7832.0	0.00798164
7833.0	0.00854047
7834.0	0.00842478
7835.0	0.00802166
7836.0	0.00827021
7837.0	0.00771322
7838.0	0.00776984
7839.0	0.00818268
7840.0	0.00850292
7841.0	0.00848039
7842.0	0.00805847
7843.0	0.00863652
7844.0	0.00868003
7845.0	0.00811343
7846.0	0.0084181
7847.0	0.00850303
7848.0	0.00835782
7849.0	0.0083607
7850.0	0.00816929
7851.0	0.00817773
7852.0	0.00847998
7853.0	0.00896994
7854.0	0.00861309
7855.0	0.00843548
7856.0	0.00908561
7857.0	0.00900717
7858.0	0.00812227
7859.0	0.00827565
7860.0	0.00869605
7861.0	0.00798634
7862.0	0.00836166
7863.0	0.00901354
7864.0	0.00823099
7865.0	0.00841189
7866.0	0.00865891
7867.0	0.00892484
7868.0	0.00854974
7869.0	0.00819422
7870.0	0.00845145
7871.0	0.00869161
7872.0	0.0081861
7873.0	0.0083768
7874.0	0.00885944
7875.0	0.00865803
7876.0	0.00844744
7877.0	0.00851715
7878.0	0.00872124
7879.0	0.00851249
7880.0	0.00821687
7881.0	0.00807588
7882.0	0.00838416
7883.0	0.00821438
7884.0	0.00816457
7885.0	0.00839278
7886.0	0.00861416
7887.0	0.00897148
7888.0	0.00799276
7889.0	0.00844973
7890.0	0.00788572
7891.0	0.00861202
7892.0	0.00819771
7893.0	0.008454
7894.0	0.00848749
7895.0	0.00821648
7896.0	0.00843472
7897.0	0.00844747
7898.0	0.00811315
7899.0	0.00843505
7900.0	0.00835159
7901.0	0.0085661
7902.0	0.00825662
7903.0	0.00822457
7904.0	0.00827605
7905.0	0.00790962
7906.0	0.00817415
7907.0	0.00840116
7908.0	0.00872547
7909.0	0.00859588
7910.0	0.00873883
7911.0	0.00836303
7912.0	0.00880066
7913.0	0.00892878
7914.0	0.00866728
7915.0	0.00918495
7916.0	0.00952891
7917.0	0.00882572
7918.0	0.00867613
7919.0	0.00837586
7920.0	0.00842788
7921.0	0.00826911
7922.0	0.00815485
7923.0	0.00876377
7924.0	0.00870863
7925.0	0.00822981
7926.0	0.00830267
7927.0	0.00862241
7928.0	0.00843297
7929.0	0.00880039
7930.0	0.00895403
7931.0	0.00852047
7932.0	0.00809075
7933.0	0.00851603
7934.0	0.00840592
7935.0	0.00856937
7936.0	0.00863206
7937.0	0.00836484
7938.0	0.00874957
7939.0	0.00876533
7940.0	0.00843843
7941.0	0.00820263
7942.0	0.00844083
7943.0	0.0088132
7944.0	0.00824066
7945.0	0.00818699
7946.0	0.00815983
7947.0	0.00879215
7948.0	0.00904394
7949.0	0.00869442
7950.0	0.00882354
7951.0	0.00918843
7952.0	0.00899449
7953.0	0.0090807
7954.0	0.00875267
7955.0	0.00854476
7956.0	0.00825014
7957.0	0.00856483
7958.0	0.00903595
7959.0	0.0092671
7960.0	0.00889499
7961.0	0.00868374
7962.0	0.00852768
7963.0	0.00838954
7964.0	0.00868532
7965.0	0.00900009
7966.0	0.00901561
7967.0	0.00843516
7968.0	0.00878081
7969.0	0.00856101
7970.0	0.00842497
7971.0	0.00856179
7972.0	0.00855862
7973.0	0.00902479
7974.0	0.00877449
7975.0	0.00857892
7976.0	0.00835533
7977.0	0.00903263
7978.0	0.00875324
7979.0	0.00849333
7980.0	0.00895917
7981.0	0.00845675
7982.0	0.0082871
7983.0	0.00863339
7984.0	0.00851131
7985.0	0.00871326
7986.0	0.00895079
7987.0	0.00869355
7988.0	0.00876164
7989.0	0.00925536
7990.0	0.00894858
7991.0	0.00848138
7992.0	0.00901713
7993.0	0.00952687
7994.0	0.00890178
7995.0	0.0087421
7996.0	0.00914954
7997.0	0.00914183
7998.0	0.00846969
7999.0	0.00885203
8000.0	0.00873442
8001.0	0.00866893
8002.0	0.00875245
8003.0	0.00918259
8004.0	0.00872741
8005.0	0.00922194
8006.0	0.00941725
8007.0	0.00896321
8008.0	0.00860743
8009.0	0.00897101
8010.0	0.00924407
8011.0	0.00889911
8012.0	0.00895354
8013.0	0.00957975
8014.0	0.00943699
8015.0	0.00945693
8016.0	0.00949511
8017.0	0.00957424
8018.0	0.00937979
8019.0	0.00924616
8020.0	0.00927179
8021.0	0.00923431
8022.0	0.00915725
8023.0	0.00845684
8024.0	0.00913303
8025.0	0.00935518
8026.0	0.00867582
8027.0	0.00900782
8028.0	0.00971889
8029.0	0.00926486
8030.0	0.00891436
8031.0	0.00931133
8032.0	0.00953871
8033.0	0.00928714
8034.0	0.00943461
8035.0	0.0096403
8036.0	0.00915696
8037.0	0.00942449
8038.0	0.0087815
8039.0	0.00882043
8040.0	0.0090771
8041.0	0.00871562
8042.0	0.00916611
8043.0	0.00956602
8044.0	0.00966585
8045.0	0.00941244
8046.0	0.00962849
8047.0	0.00951135
8048.0	0.0096091
8049.0	0.00972865
8050.0	0.00963909
8051.0	0.00889184
8052.0	0.00928044
8053.0	0.0097281
8054.0	0.00947675
8055.0	0.00930937
8056.0	0.00950612
8057.0	0.00905837
8058.0	0.0096463
8059.0	0.00959872
8060.0	0.00999632
8061.0	0.00998883
8062.0	0.0102413
8063.0	0.00969433
8064.0	0.00952623
8065.0	0.00974398
8066.0	0.0094038
8067.0	0.00981735
8068.0	0.0100087
8069.0	0.00917447
8070.0	0.00924897
8071.0	0.00969255
8072.0	0.0100155
8073.0	0.0101283
8074.0	0.00978546
8075.0	0.00953171
8076.0	0.0096444
8077.0	0.0102516
8078.0	0.00985688
8079.0	0.00975874
8080.0	0.0100838
8081.0	0.0093175
8082.0	0.00924203
8083.0	0.00974886
8084.0	0.0095334
8085.0	0.00952567
8086.0	0.0101174
8087.0	0.0095649
8088.0	0.00957888
8089.0	0.0102637
8090.0	0.0103453
8091.0	0.0100374
8092.0	0.00957572
8093.0	0.00948293
8094.0	0.00999925
8095.0	0.00986965
8096.0	0.00938112
8097.0	0.00958904
8098.0	0.00963709
8099.0	0.00970736
8100.0	0.0102625
8101.0	0.0103985
8102.0	0.0102938
8103.0	0.00978691
8104.0	0.0102511
8105.0	0.00996829
8106.0	0.00941896
8107.0	0.00955539
8108.0	0.00973076
8109.0	0.00947349
8110.0	0.00955311
8111.0	0.0094731
8112.0	0.00993466
8113.0	0.0100031
8114.0	0.00971429
8115.0	0.00934557
8116.0	0.00950626
8117.0	0.00933285
8118.0	0.00942373
8119.0	0.00964774
8120.0	0.0098826
8121.0	0.00991676
8122.0	0.0098627
8123.0	0.00985705
8124.0	0.0100571
8125.0	0.00956328
8126.0	0.00963793
8127.0	0.00960835
8128.0	0.0095762
8129.0	0.00932991
8130.0	0.00935253
8131.0	0.00927254
8132.0	0.00990574
8133.0	0.0096546
8134.0	0.00938321
8135.0	0.00973116
8136.0	0.0101112
8137.0	0.00953084
8138.0	0.00916762
8139.0	0.00933018
8140.0	0.00914541
8141.0	0.00902893
8142.0	0.00979312
8143.0	0.00983818
8144.0	0.00923996
8145.0	0.00924172
8146.0	0.00960976
8147.0	0.00882296
8148.0	0.00945211
8149.0	0.0100643
8150.0	0.00960717
8151.0	0.00938188
8152.0	0.00973378
8153.0	0.00951872
8154.0	0.00957633
8155.0	0.00967275
8156.0	0.0100704
8157.0	0.00970878
8158.0	0.00954154
8159.0	0.00919358
8160.0	0.00910894
8161.0	0.00895295
8162.0	0.0089882
8163.0	0.00938945
8164.0	0.00889317
8165.0	0.00888404
8166.0	0.00897372
8167.0	0.00950294
8168.0	0.00900662
8169.0	0.00884303
8170.0	0.0090138
8171.0	0.0093084
8172.0	0.00927716
8173.0	0.00931599
8174.0	0.00903797
8175.0	0.00930962
8176.0	0.00945158
8177.0	0.00911786
8178.0	0.0089469
8179.0	0.00884003
8180.0	0.00888111
8181.0	0.00839637
8182.0	0.0087155
8183.0	0.00923453
8184.0	0.00886708
8185.0	0.00874984
8186.0	0.00858512
8187.0	0.00895454
8188.0	0.00933417
8189.0	0.00884462
8190.0	0.00880465
8191.0	0.00880006
8192.0	0.00867186
8193.0	0.00863637
8194.0	0.00827297
8195.0	0.00857105
8196.0	0.008828
8197.0	0.00847418
8198.0	0.00842041
8199.0	0.00858296
8200.0	0.00854263
8201.0	0.00840612
8202.0	0.00860141
8203.0	0.00856673
8204.0	0.00836824
8205.0	0.00827768
8206.0	0.0085153
8207.0	0.00794751
8208.0	0.00829274
8209.0	0.00822264
8210.0	0.0080621
8211.0	0.00825669
8212.0	0.00843292
8213.0	0.00870984
8214.0	0.00825773
8215.0	0.00792916
8216.0	0.00802345
8217.0	0.00836933
8218.0	0.00787453
8219.0	0.00844036
8220.0	0.00812779
8221.0	0.00804046
8222.0	0.00832219
8223.0	0.00882345
8224.0	0.00824957
8225.0	0.00796895
8226.0	0.00830043
8227.0	0.00795391
8228.0	0.00713356
8229.0	0.00807919
8230.0	0.00814814
8231.0	0.00798267
8232.0	0.00839445
8233.0	0.00808899
8234.0	0.00798489
8235.0	0.00813233
8236.0	0.00817735
8237.0	0.00780769
8238.0	0.00780328
8239.0	0.00822752
8240.0	0.00804786
8241.0	0.00786213
8242.0	0.007988
8243.0	0.00779953
8244.0	0.00792393
8245.0	0.00762212
8246.0	0.00751174
8247.0	0.00766187
8248.0	0.00801616
8249.0	0.00795179
8250.0	0.00765293
8251.0	0.00772329
8252.0	0.00789368
8253.0	0.00716646
8254.0	0.00789621
8255.0	0.00746872
8256.0	0.00749201
8257.0	0.00749173
8258.0	0.00797351
8259.0	0.00780965
8260.0	0.0074632
8261.0	0.00781323
8262.0	0.00803308
8263.0	0.00767492
8264.0	0.00779689
8265.0	0.00770724
8266.0	0.00763166
8267.0	0.00690839
8268.0	0.00724076
8269.0	0.00694687
8270.0	0.00787642
8271.0	0.00782241
8272.0	0.00749311
8273.0	0.00731553
8274.0	0.00714688
8275.0	0.00741126
8276.0	0.00746406
8277.0	0.00689095
8278.0	0.00712324
8279.0	0.00698952
8280.0	0.00754352
8281.0	0.00702836
8282.0	0.00646046
8283.0	0.00771299
8284.0	0.0077169
8285.0	0.00707536
8286.0	0.00661368
8287.0	0.00669432
8288.0	0.00759963
8289.0	0.00677661
8290.0	0.00693375
8291.0	0.00706415
8292.0	0.007085
8293.0	0.0068535
8294.0	0.00651481
8295.0	0.00690716
8296.0	0.00696661
8297.0	0.00686334
8298.0	0.0065127
8299.0	0.00690647
8300.0	0.00758825
8301.0	0.00809835
8302.0	0.00718009
8303.0	0.00675066
8304.0	0.00671652
8305.0	0.00641691
8306.0	0.00681083
8307.0	0.00660893
8308.0	0.00622898
8309.0	0.00673104
8310.0	0.00673822
8311.0	0.00684716
8312.0	0.00672864
8313.0	0.00683284
8314.0	0.00639686
8315.0	0.00651789
8316.0	0.00637618
8317.0	0.00677663
8318.0	0.00679305
8319.0	0.0065039
8320.0	0.00671
8321.0	0.00662987
8322.0	0.00658873
8323.0	0.00672288
8324.0	0.00652404
8325.0	0.00646373
8326.0	0.00671123
8327.0	0.00616983
8328.0	0.00601599
8329.0	0.00629113
8330.0	0.00626074
8331.0	0.00644746
8332.0	0.00589472
8333.0	0.00613875
8334.0	0.00554258
8335.0	0.0059655
8336.0	0.00566492
8337.0	0.00590361
8338.0	0.00579822
8339.0	0.00542158
8340.0	0.00545367
8341.0	0.00575983
8342.0	0.00564054
8343.0	0.0053092
8344.0	0.00561244
8345.0	0.00571042
8346.0	0.0062832
8347.0	0.00687901
8348.0	0.00649659
8349.0	0.00573811
8350.0	0.00569074
8351.0	0.00543024
8352.0	0.00549642
8353.0	0.00540268
8354.0	0.0053013
8355.0	0.00540403
8356.0	0.00520077
8357.0	0.00504792
8358.0	0.00539469
8359.0	0.0052519
8360.0	0.00548662
8361.0	0.0050665
8362.0	0.00513021
8363.0	0.00518616
8364.0	0.00488426
8365.0	0.00505741
8366.0	0.00534837
8367.0	0.00507526
8368.0	0.00508492
8369.0	0.00510772
8370.0	0.00503882
8371.0	0.00521053
8372.0	0.00523209
8373.0	0.00468399
8374.0	0.00496392
8375.0	0.00522722
8376.0	0.0050227
8377.0	0.00499091
8378.0	0.0045834
8379.0	0.00443985
8380.0	0.00476096
8381.0	0.00447384
8382.0	0.00490246
8383.0	0.00480066
8384.0	0.00474026
8385.0	0.00463254
8386.0	0.00482854
8387.0	0.00481521
8388.0	0.00438939
8389.0	0.00418711
8390.0	0.0044822
8391.0	0.00464679
8392.0	0.00458911
8393.0	0.0043838
8394.0	0.00432829
8395.0	0.00437211
8396.0	0.00444261
8397.0	0.00393384
8398.0	0.0042889
8399.0	0.00517979
8400.0	0.00463461
8401.0	0.00378688
8402.0	0.00453176
8403.0	0.0043338
8404.0	0.00464993
8405.0	0.00442953
8406.0	0.00425343
8407.0	0.00412366
8408.0	0.00439883
8409.0	0.00407258
8410.0	0.00382585
8411.0	0.003938
8412.0	0.00406696
8413.0	0.00387753
8414.0	0.00424964
8415.0	0.00426794
8416.0	0.00351138
8417.0	0.00373305
8418.0	0.00450748
8419.0	0.00410121
8420.0	0.00405702
8421.0	0.00421767
8422.0	0.00402782
8423.0	0.00369508
8424.0	0.00366018
8425.0	0.00402235
8426.0	0.00391001
8427.0	0.00400479
8428.0	0.00336744
8429.0	0.00446871
8430.0	0.00482371
8431.0	0.00382092
8432.0	0.00345879
8433.0	0.00428176
8434.0	0.0035419
8435.0	0.00392992
8436.0	0.00380342
8437.0	0.00379199
8438.0	0.00350385
8439.0	0.00379319
8440.0	0.00350611
8441.0	0.00400063
8442.0	0.00389792
8443.0	0.00398835
8444.0	0.00376287
8445.0	0.00399382
8446.0	0.00342986
8447.0	0.00352257
8448.0	0.00350165
8449.0	0.00364071
8450.0	0.00367492
8451.0	0.00392957
8452.0	0.0043953
8453.0	0.00426303
8454.0	0.00420942
8455.0	0.00423936
8456.0	0.00393692
8457.0	0.00356204
8458.0	0.00399229
8459.0	0.00445022
8460.0	0.00398229
8461.0	0.00397325
8462.0	0.00394885
8463.0	0.00349795
8464.0	0.00384983
8465.0	0.00436988
8466.0	0.00372352
8467.0	0.00364999
8468.0	0.00455531
8469.0	0.00412273
8470.0	0.0034596
8471.0	0.00395547
8472.0	0.00381102
8473.0	0.00347359
8474.0	0.0039048
8475.0	0.00407818
8476.0	0.00392446
8477.0	0.00355878
8478.0	0.00389698
8479.0	0.00401053
8480.0	0.0035543
8481.0	0.00354069
8482.0	0.00370554
8483.0	0.0035629
8484.0	0.00361007
8485.0	0.00392439
8486.0	0.00421365
8487.0	0.00373443
8488.0	0.0036177
8489.0	0.0040759
8490.0	0.00386482
8491.0	0.00360621
8492.0	0.00335236
8493.0	0.00348053
8494.0	0.0040072
8495.0	0.00396342
8496.0	0.00398412
8497.0	0.00385565
8498.0	0.00387593
8499.0	0.00390197
8500.0	0.00382508
8501.0	0.00402257
8502.0	0.00384693
8503.0	0.00369208
8504.0	0.00361247
8505.0	0.00356693
8506.0	0.00395653
8507.0	0.00405768
8508.0	0.00425498
8509.0	0.00385973
8510.0	0.00361382
8511.0	0.0036621
8512.0	0.00369898
8513.0	0.00377579
8514.0	0.00384797
8515.0	0.00372898
8516.0	0.00377301
8517.0	0.00383514
8518.0	0.00412092
8519.0	0.0038991
8520.0	0.00372086
8521.0	0.00364446
8522.0	0.00386417
8523.0	0.00405543
8524.0	0.00422014
8525.0	0.00388825
8526.0	0.00369449
8527.0	0.00384326
8528.0	0.00400896
8529.0	0.00393841
8530.0	0.00408752
8531.0	0.00444796
8532.0	0.00438869
8533.0	0.00417471
8534.0	0.00447808
8535.0	0.00409926
8536.0	0.00394363
8537.0	0.00398963
8538.0	0.00380899
8539.0	0.00392415
8540.0	0.00409718
8541.0	0.00380507
8542.0	0.00393159
8543.0	0.00371861
8544.0	0.00403515
8545.0	0.00393661
8546.0	0.00400522
8547.0	0.00404462
8548.0	0.00418456
8549.0	0.00410114
8550.0	0.0042506
8551.0	0.00446896
8552.0	0.00422906
8553.0	0.00385654
8554.0	0.00368982
8555.0	0.00398847
8556.0	0.00383067
8557.0	0.00418922
8558.0	0.00430061
8559.0	0.00449912
8560.0	0.00445441
8561.0	0.00438807
8562.0	0.00409807
8563.0	0.00400315
8564.0	0.00416126
8565.0	0.00430725
8566.0	0.00439757
8567.0	0.00422098
8568.0	0.00445823
8569.0	0.00431406
8570.0	0.00435228
8571.0	0.00422504
8572.0	0.00434096
8573.0	0.00454825
8574.0	0.00446662
8575.0	0.00436992
8576.0	0.00461393
8577.0	0.00482114
8578.0	0.00497516
8579.0	0.0050017
8580.0	0.00473759
8581.0	0.00450622
8582.0	0.00477927
8583.0	0.0048294
8584.0	0.00479517
8585.0	0.00481323
8586.0	0.00463291
8587.0	0.00487316
8588.0	0.0050805
8589.0	0.00503619
8590.0	0.00503839
8591.0	0.00508289
8592.0	0.00459519
8593.0	0.00487768
8594.0	0.00520402
8595.0	0.00514706
8596.0	0.00494318
8597.0	0.00521663
8598.0	0.00551804
8599.0	0.00499752
8600.0	0.00529535
8601.0	0.00525066
8602.0	0.00519132
8603.0	0.00528358
8604.0	0.00498188
8605.0	0.0054958
8606.0	0.00549665
8607.0	0.00542591
8608.0	0.00526943
8609.0	0.00539923
8610.0	0.00536625
8611.0	0.00531583
8612.0	0.00566826
8613.0	0.00550516
8614.0	0.00534592
8615.0	0.00551382
8616.0	0.00544184
8617.0	0.00589742
8618.0	0.00600512
8619.0	0.00570191
8620.0	0.00629339
8621.0	0.0063487
8622.0	0.00564396
8623.0	0.00580009
8624.0	0.00601264
8625.0	0.00619207
8626.0	0.00573273
8627.0	0.00591643
8628.0	0.00626754
8629.0	0.00644339
8630.0	0.00654062
8631.0	0.00602833
8632.0	0.006516
8633.0	0.00656605
8634.0	0.00641701
8635.0	0.00646437
8636.0	0.00678356
8637.0	0.00687288
8638.0	0.00639577
8639.0	0.00686923
8640.0	0.00751766
8641.0	0.00712072
8642.0	0.0068803
8643.0	0.00644751
8644.0	0.00668533
8645.0	0.00652841
8646.0	0.00670218
8647.0	0.00692462
8648.0	0.00682415
8649.0	0.00715767
8650.0	0.00715915
8651.0	0.00707823
8652.0	0.00698739
8653.0	0.00678467
8654.0	0.00721231
8655.0	0.0072239
8656.0	0.00724985
8657.0	0.00710356
8658.0	0.00721618
8659.0	0.00719908
8660.0	0.00703761
8661.0	0.00716685
8662.0	0.00716554
8663.0	0.00760164
8664.0	0.00773039
8665.0	0.00772138
8666.0	0.00776546
8667.0	0.00752975
8668.0	0.00803631
8669.0	0.00791931
8670.0	0.00801909
8671.0	0.00821187
8672.0	0.0079057
8673.0	0.00777769
8674.0	0.0078135
8675.0	0.0084428
8676.0	0.00820992
8677.0	0.00797178
8678.0	0.00830762
8679.0	0.00797222
8680.0	0.00816643
8681.0	0.00806885
8682.0	0.00795131
8683.0	0.00840963
8684.0	0.00834158
8685.0	0.00861809
8686.0	0.00847885
8687.0	0.0083217
8688.0	0.00834799
8689.0	0.00825181
8690.0	0.00837664
8691.0	0.00877178
8692.0	0.00849209
8693.0	0.00847204
8694.0	0.00919228
8695.0	0.00915946
8696.0	0.00906621
8697.0	0.00911324
8698.0	0.00862842
8699.0	0.00895608
8700.0	0.00903777
8701.0	0.00864557
8702.0	0.00848605
8703.0	0.00887962
8704.0	0.0091867
8705.0	0.00861138
8706.0	0.00885669
8707.0	0.00926263
8708.0	0.00907041
8709.0	0.00882521
8710.0	0.00904364
8711.0	0.00877379
8712.0	0.00922095
8713.0	0.00917834
8714.0	0.00929033
8715.0	0.00937262
8716.0	0.00965809
8717.0	0.00934131
8718.0	0.00932406
8719.0	0.0095598
8720.0	0.00938098
8721.0	0.010295
8722.0	0.010204
8723.0	0.00960897
8724.0	0.00978872
8725.0	0.00897262
8726.0	0.00898498
8727.0	0.00946559
8728.0	0.0096859
8729.0	0.00972117
8730.0	0.00939702
8731.0	0.00975777
8732.0	0.0103245
8733.0	0.0100456
8734.0	0.00969727
8735.0	0.00978513
8736.0	0.0102075
8737.0	0.0098817
8738.0	0.0100482
8739.0	0.00996474
8740.0	0.0100548
8741.0	0.00998779
8742.0	0.0103022
8743.0	0.0106949
8744.0	0.0101258
8745.0	0.00983111
8746.0	0.00969845
8747.0	0.00993267
8748.0	0.0100245
8749.0	0.0100056
8750.0	0.0102824
8751.0	0.0105561
8752.0	0.0100296
8753.0	0.010873
8754.0	0.00996411
8755.0	0.00956094
8756.0	0.00966847
8757.0	0.0102651
8758.0	0.010363
8759.0	0.0109723
8760.0	0.0105793
8761.0	0.0107709
8762.0	0.0115709
8763.0	0.0104464
8764.0	0.0104273
8765.0	0.00981246
8766.0	0.0103899
8767.0	0.0108841
8768.0	0.0111703
8769.0	0.0116947
8770.0	0.0101588
8771.0	0.0107466
8772.0	0.0113803
8773.0	0.0109849
8774.0	0.0101118
8775.0	0.0103134
8776.0	0.0105156
8777.0	0.0100806
8778.0	0.0102448
8779.0	0.0104231
8780.0	0.0107917
8781.0	0.0113049
8782.0	0.0106506
8783.0	0.0102672
8784.0	0.0106167
8785.0	0.0109622
8786.0	0.0109065
8787.0	0.0108537
8788.0	0.0106078
8789.0	0.0105963
8790.0	0.010728
8791.0	0.0105927
8792.0	0.0113122
8793.0	0.0104968
8794.0	0.0106018
8795.0	0.0107634
8796.0	0.0108779
8797.0	0.0108125
8798.0	0.0109179
8799.0	0.0108143
8800.0	0.0104161
8801.0	0.0104065
8802.0	0.0109179
8803.0	0.0113527
8804.0	0.010881
8805.0	0.0109154
8806.0	0.0117529
8807.0	0.0103596
8808.0	0.0103394
8809.0	0.010076
8810.0	0.0105592
8811.0	0.0104897
8812.0	0.0105484
8813.0	0.0101285
8814.0	0.0108134
8815.0	0.0111533
8816.0	0.0110098
8817.0	0.0105312
8818.0	0.0104519
8819.0	0.0107318
8820.0	0.0103525
8821.0	0.0104791
8822.0	0.0105607
8823.0	0.010409
8824.0	0.0108215
8825.0	0.010542
8826.0	0.0113931
8827.0	0.0113264
8828.0	0.0101483
8829.0	0.011287
8830.0	0.0113878
8831.0	0.0107216
8832.0	0.0107729
8833.0	0.0102429
8834.0	0.0105145
8835.0	0.0107973
8836.0	0.0107264
8837.0	0.0106246
8838.0	0.0111064
8839.0	0.0112478
8840.0	0.0109165
8841.0	0.0104901
8842.0	0.0109036
8843.0	0.0109323
8844.0	0.0109716
8845.0	0.0108186
8846.0	0.0110013
8847.0	0.0104636
8848.0	0.0104987
8849.0	0.0103445
8850.0	0.0104007
8851.0	0.0106582
8852.0	0.0111141
8853.0	0.0111841
8854.0	0.0110942
8855.0	0.0110621
8856.0	0.0103317
8857.0	0.0109778
8858.0	0.0108611
8859.0	0.0105569
8860.0	0.0109496
8861.0	0.0106884
8862.0	0.011083
8863.0	0.0104235
8864.0	0.0101163
8865.0	0.0107042
8866.0	0.0102327
8867.0	0.0115647
8868.0	0.0111376
8869.0	0.00969185
8870.0	0.010676
8871.0	0.0108147
8872.0	0.0106179
8873.0	0.011074
8874.0	0.011075
8875.0	0.0106254
8876.0	0.0105448
8877.0	0.0112984
8878.0	0.0109542
8879.0	0.0105495
8880.0	0.0105306
8881.0	0.0102989
8882.0	0.0104701
8883.0	0.0103126
8884.0	0.0101445
8885.0	0.0109861
8886.0	0.0104544
8887.0	0.0105136
8888.0	0.0125488
8889.0	0.0119086
8890.0	0.0106467
8891.0	0.0110959
8892.0	0.0105475
8893.0	0.0109511
8894.0	0.0113901
8895.0	0.0111599
8896.0	0.0102996
8897.0	0.010331
8898.0	0.0106329
8899.0	0.0106799
8900.0	0.0101293
8901.0	0.0105359
8902.0	0.0110001
8903.0	0.0110742
8904.0	0.0110596
8905.0	0.0111894
8906.0	0.0107344
8907.0	0.0102476
8908.0	0.0105885
8909.0	0.0104222
8910.0	0.0105106
8911.0	0.0103272
8912.0	0.0112324
8913.0	0.0107398
8914.0	0.0105559
8915.0	0.0105537
8916.0	0.0107835
8917.0	0.0105874
8918.0	0.0103216
8919.0	0.011052
8920.0	0.0101929
8921.0	0.0114326
8922.0	0.0119516
8923.0	0.0114423
8924.0	0.0106232
8925.0	0.0109334
8926.0	0.0105853
8927.0	0.0104457
8928.0	0.0102529
8929.0	0.010329
8930.0	0.00998465
8931.0	0.0102492
8932.0	0.0108535
8933.0	0.0105803
8934.0	0.0101626
8935.0	0.0104171
8936.0	0.0102985
8937.0	0.0107229
8938.0	0.0104211
8939.0	0.01032
8940.0	0.00983699
8941.0	0.0101705
8942.0	0.0106052
8943.0	0.0106932
8944.0	0.0108816
8945.0	0.0105333
8946.0	0.0105073
8947.0	0.0102324
8948.0	0.0105601
8949.0	0.0107686
8950.0	0.0105543
8951.0	0.0100747
8952.0	0.0103158
8953.0	0.0106402
8954.0	0.0102856
8955.0	0.010115
8956.0	0.00964451
8957.0	0.0100066
8958.0	0.0110971
8959.0	0.0103798
8960.0	0.0100745
8961.0	0.0102601
8962.0	0.00968043
8963.0	0.0105601
8964.0	0.0100661
8965.0	0.0105984
8966.0	0.0103387
8967.0	0.0103757
8968.0	0.0102768
8969.0	0.0102193
8970.0	0.00980455
8971.0	0.00999752
8972.0	0.0104797
8973.0	0.0107694
8974.0	0.00998887
8975.0	0.0100817
8976.0	0.00997068
8977.0	0.00998203
8978.0	0.010211
8979.0	0.00975762
8980.0	0.0101701
8981.0	0.0103238
8982.0	0.0103473
8983.0	0.0102587
8984.0	0.0101965
8985.0	0.0101265
8986.0	0.0101647
8987.0	0.0098598
8988.0	0.0104662
8989.0	0.00915659
8990.0	0.00923258
8991.0	0.00924708
8992.0	0.00901361
8993.0	0.0102561
8994.0	0.0102693
8995.0	0.0101046
8996.0	0.0101313
8997.0	0.0098146
8998.0	0.0100871
8999.0	0.0100654
9000.0	0.00989304
9001.0	0.0111789
9002.0	0.0115182
9003.0	0.0110986
9004.0	0.012148
9005.0	0.011649
9006.0	0.0104046
9007.0	0.0110952
9008.0	0.0114635
9009.0	0.0107084
9010.0	0.0110221
9011.0	0.0102455
9012.0	0.00940889
9013.0	0.0106164
9014.0	0.00985344
9015.0	0.0104094
9016.0	0.00987369
9017.0	0.00917044
9018.0	0.00994166
9019.0	0.0102573
9020.0	0.00994001
9021.0	0.0101593
9022.0	0.00983915
9023.0	0.00987288
9024.0	0.00977948
9025.0	0.00906032
9026.0	0.00926792
9027.0	0.00992118
9028.0	0.010103
9029.0	0.00996145
9030.0	0.00913543
9031.0	0.00961614
9032.0	0.00931212
9033.0	0.00936008
9034.0	0.00978504
9035.0	0.00937962
9036.0	0.00975924
9037.0	0.00931365
9038.0	0.00895727
9039.0	0.00952866
9040.0	0.0100397
9041.0	0.00896269
9042.0	0.00865637
9043.0	0.0090335
9044.0	0.00934151
9045.0	0.00890441
9046.0	0.00864977
9047.0	0.00859595
9048.0	0.00858883
9049.0	0.0087516
9050.0	0.00931249
9051.0	0.00948367
9052.0	0.00933596
9053.0	0.00914825
9054.0	0.00898115
9055.0	0.00844444
9056.0	0.00847542
9057.0	0.00856576
9058.0	0.00925483
9059.0	0.00885061
9060.0	0.00839424
9061.0	0.00858178
9062.0	0.00822669
9063.0	0.00809919
9064.0	0.0083015
9065.0	0.00929457
9066.0	0.00832456
9067.0	0.00845055
9068.0	0.00812754
9069.0	0.00782391
9070.0	0.00843822
9071.0	0.0084739
9072.0	0.0081041
9073.0	0.00844717
9074.0	0.00804036
9075.0	0.00819899
9076.0	0.00837013
9077.0	0.00821135
9078.0	0.00828668
9079.0	0.00781446
9080.0	0.00818005
9081.0	0.00881306
9082.0	0.0083584
9083.0	0.00840289
9084.0	0.00792845
9085.0	0.00790399
9086.0	0.00772611
9087.0	0.00810035
9088.0	0.0084348
9089.0	0.00772822
9090.0	0.00776992
9091.0	0.00793896
9092.0	0.00776281
9093.0	0.00780464
9094.0	0.00796894
9095.0	0.00748759
9096.0	0.00778848
9097.0	0.00738946
9098.0	0.00740733
9099.0	0.00752936
9100.0	0.00698197
9101.0	0.00687426
9102.0	0.00729153
9103.0	0.00748232
9104.0	0.00750165
9105.0	0.00716554
9106.0	0.00758869
9107.0	0.00769604
9108.0	0.00715181
9109.0	0.00760934
9110.0	0.00732622
9111.0	0.0072865
9112.0	0.00757635
9113.0	0.00780769
9114.0	0.00783444
9115.0	0.00732677
9116.0	0.00752583
9117.0	0.00754194
9118.0	0.00740071
9119.0	0.00716083
9120.0	0.00752928
9121.0	0.00737048
9122.0	0.00677766
9123.0	0.0076088
9124.0	0.0072494
9125.0	0.00698607
9126.0	0.00672728
9127.0	0.00696648
9128.0	0.00800649
9129.0	0.00765968
9130.0	0.00722253
9131.0	0.00751293
9132.0	0.00726017
9133.0	0.00702642
9134.0	0.00634863
9135.0	0.00680327
9136.0	0.00710602
9137.0	0.00682858
9138.0	0.00739811
9139.0	0.00695673
9140.0	0.00731405
9141.0	0.00712489
9142.0	0.00671079
9143.0	0.00674108
9144.0	0.00652395
9145.0	0.00660509
9146.0	0.0071698
9147.0	0.0069656
9148.0	0.00758282
9149.0	0.00721492
9150.0	0.00696439
9151.0	0.00713535
9152.0	0.00676474
9153.0	0.00623054
9154.0	0.00698572
9155.0	0.0065131
9156.0	0.00696856
9157.0	0.00634785
9158.0	0.00636265
9159.0	0.00688561
9160.0	0.00683443
9161.0	0.00651924
9162.0	0.00704977
9163.0	0.00708474
9164.0	0.00687962
9165.0	0.0067974
9166.0	0.00648322
9167.0	0.00643308
9168.0	0.0062636
9169.0	0.00658301
9170.0	0.00676736
9171.0	0.00675893
9172.0	0.00660285
9173.0	0.00700602
9174.0	0.00636832
9175.0	0.00637834
9176.0	0.0070308
9177.0	0.0068308
9178.0	0.00661301
9179.0	0.00665698
9180.0	0.00649816
9181.0	0.00668497
9182.0	0.00684882
9183.0	0.00693235
9184.0	0.00633945
9185.0	0.00684765
9186.0	0.00698151
9187.0	0.0068079
9188.0	0.00702083
9189.0	0.00675981
9190.0	0.00673034
9191.0	0.00651337
9192.0	0.00691931
9193.0	0.00673897
9194.0	0.00700253
9195.0	0.00682414
9196.0	0.00644666
9197.0	0.00665001
9198.0	0.00643161
9199.0	0.00716325
9200.0	0.00712303
9201.0	0.00692616
9202.0	0.0068674
9203.0	0.00664507
9204.0	0.0067228
9205.0	0.00656435
9206.0	0.0068398
9207.0	0.00658752
9208.0	0.0065969
9209.0	0.00694123
9210.0	0.00717398
9211.0	0.00711375
9212.0	0.00646902
9213.0	0.00631758
9214.0	0.00659934
9215.0	0.0065463
9216.0	0.00629018
9217.0	0.00676484
9218.0	0.00741543
9219.0	0.00766676
9220.0	0.00765383
9221.0	0.00798694
9222.0	0.00747834
9223.0	0.00726409
9224.0	0.00738363
9225.0	0.00658015
9226.0	0.00676018
9227.0	0.00699989
9228.0	0.00718731
9229.0	0.00708374
9230.0	0.00694691
9231.0	0.00662367
9232.0	0.00680473
9233.0	0.00688427
9234.0	0.00653044
9235.0	0.00676779
9236.0	0.00753106
9237.0	0.00703166
9238.0	0.00645757
9239.0	0.00691433
9240.0	0.00698332
9241.0	0.00681044
9242.0	0.00674807
9243.0	0.00600934
9244.0	0.00623661
9245.0	0.00617664
9246.0	0.00621073
9247.0	0.00662315
9248.0	0.00666564
9249.0	0.00665091
9250.0	0.00636051
9251.0	0.00700805
9252.0	0.00644624
9253.0	0.00651847
9254.0	0.00659691
9255.0	0.00735547
9256.0	0.00661546
9257.0	0.00715038
9258.0	0.00730008
9259.0	0.00699026
9260.0	0.0066014
9261.0	0.00663695
9262.0	0.00670927
9263.0	0.00655489
9264.0	0.00669513
9265.0	0.00662918
9266.0	0.00700487
9267.0	0.00682672
9268.0	0.00642192
9269.0	0.00645847
9270.0	0.00625438
9271.0	0.00661208
9272.0	0.00610709
9273.0	0.00652721
9274.0	0.0063619
9275.0	0.00563567
9276.0	0.00642879
9277.0	0.0063953
9278.0	0.00592789
9279.0	0.00564654
9280.0	0.00687321
9281.0	0.00714833
9282.0	0.00664044
9283.0	0.00691849
9284.0	0.00636901
9285.0	0.00633794
9286.0	0.00630851
9287.0	0.0068129
9288.0	0.00637636
9289.0	0.00648384
9290.0	0.00709311
9291.0	0.00679995
9292.0	0.0064235
9293.0	0.00598062
9294.0	0.00579637
9295.0	0.00601976
9296.0	0.00691992
9297.0	0.00630366
9298.0	0.00618409
9299.0	0.00683652
9300.0	0.00657894
9301.0	0.0066562
9302.0	0.00681393
9303.0	0.00633618
9304.0	0.00592178
9305.0	0.00642661
9306.0	0.00633105
9307.0	0.00645674
9308.0	0.00662925
9309.0	0.00521408
9310.0	0.00667902
9311.0	0.00656425
9312.0	0.00592836
9313.0	0.00686987
9314.0	0.00659988
9315.0	0.00652436
9316.0	0.00523303
9317.0	0.0059253
9318.0	0.006287
9319.0	0.00656172
9320.0	0.00688895
9321.0	0.0064107
9322.0	0.00617079
9323.0	0.00551731
9324.0	0.00543052
9325.0	0.00819306
9326.0	0.00824353
9327.0	0.00724409
9328.0	0.00644797
9329.0	0.00701484
9330.0	0.00641602
9331.0	0.00657308
9332.0	0.00651403
9333.0	0.00548865
9334.0	0.00560169
9335.0	0.00668734
9336.0	0.00597483
9337.0	0.00696572
9338.0	0.0053496
9339.0	0.00641741
9340.0	0.00808639
9341.0	0.00731028
9342.0	0.00634733
9343.0	0.00553964
9344.0	0.00554654
9345.0	0.00739037
9346.0	0.0088331
9347.0	0.00699084
9348.0	0.00688546
9349.0	0.00699253
9350.0	0.00690398
9351.0	0.00706783
9352.0	0.00616542
9353.0	0.0061303
9354.0	0.00674652
9355.0	0.00601502
9356.0	0.00620222
9357.0	0.00601308
9358.0	0.00534918
9359.0	0.00611759
9360.0	0.00664219
9361.0	0.00579093
9362.0	0.00694759
9363.0	0.00622422
9364.0	0.00689851
9365.0	0.00643684
9366.0	0.00606189
9367.0	0.00606031
9368.0	0.00675042
9369.0	0.00656279
9370.0	0.00673418
9371.0	0.00616112
9372.0	0.00696414
9373.0	0.00750587
9374.0	0.00570954
9375.0	0.00617247
9376.0	0.00618445
9377.0	0.00613035
9378.0	0.00722127
9379.0	0.00842784
9380.0	0.00521941
9381.0	0.00577932
9382.0	0.00843155
9383.0	0.00726589
9384.0	0.00601009
9385.0	0.00643514
9386.0	0.00600023
9387.0	0.00577729
9388.0	0.0062537
9389.0	0.00661311
9390.0	0.00662885
9391.0	0.00617295
9392.0	0.00641629
9393.0	0.00647184
9394.0	0.00648355
9395.0	0.00637616
9396.0	0.00544166
9397.0	0.00627655
9398.0	0.0060085
9399.0	0.00587364
9400.0	0.00670261
9401.0	0.00629311
9402.0	0.00630236
9403.0	0.0061869
9404.0	0.00675598
9405.0	0.00704577
9406.0	0.00645648
9407.0	0.00692767
9408.0	0.0065455
9409.0	0.00632069
9410.0	0.00640354
9411.0	0.00573674
9412.0	0.00562443
9413.0	0.00647939
9414.0	0.0062781
9415.0	0.00629339
9416.0	0.00636645
9417.0	0.00650713
9418.0	0.00547036
9419.0	0.00621012
9420.0	0.00617013
9421.0	0.00454838
9422.0	0.0053351
9423.0	0.00654435
9424.0	0.00640468
9425.0	0.00550111
9426.0	0.00597521
9427.0	0.00684319
9428.0	0.00763857
9429.0	0.00701152
9430.0	0.00662117
9431.0	0.00677019
9432.0	0.0063025
9433.0	0.00611094
9434.0	0.00640889
9435.0	0.00635706
9436.0	0.00622148
9437.0	0.00578334
9438.0	0.00450448
9439.0	0.00614531
9440.0	0.00621716
9441.0	0.00749364
9442.0	0.0090142
9443.0	0.00677735
9444.0	0.00690467
9445.0	0.00653552
9446.0	0.00580329
9447.0	0.00621324
9448.0	0.00656289
9449.0	0.00712767
9450.0	0.00620185
9451.0	0.00549782
9452.0	0.00613328
9453.0	0.00666084
9454.0	0.00690347
9455.0	0.00593685
9456.0	0.00529234
9457.0	0.00513325
9458.0	0.0057521
9459.0	0.00515182
9460.0	0.00631609
9461.0	0.00677094
9462.0	0.00739731
9463.0	0.00753318
9464.0	0.00677079
9465.0	0.00632477
9466.0	0.00641407
9467.0	0.00607308
9468.0	0.00545635
9469.0	0.00658767
9470.0	0.00693231
9471.0	0.00614244
9472.0	0.00634426
9473.0	0.00653995
9474.0	0.00729031
9475.0	0.00520055
9476.0	0.00513137
9477.0	0.00542749
9478.0	0.00525968
9479.0	0.0056186
9480.0	0.00506114
9481.0	0.00627295
9482.0	0.00696335
9483.0	0.00661405
9484.0	0.00573618
9485.0	0.0059063
9486.0	0.0061614
9487.0	0.0062216
9488.0	0.00625626
9489.0	0.00615052
9490.0	0.00629355
9491.0	0.0065205
9492.0	0.00668682
9493.0	0.00681871
9494.0	0.00587115
9495.0	0.00673855
9496.0	0.00746915
9497.0	0.00620362
9498.0	0.00590719
9499.0	0.006105
9500.0	0.00537066
9501.0	0.00570289
9502.0	0.00652908
9503.0	0.00630918
9504.0	0.00678001
9505.0	0.0067916
9506.0	0.00618331
9507.0	0.00619155
9508.0	0.00656878
9509.0	0.00603462
9510.0	0.00652433
9511.0	0.00604247
9512.0	0.00558942
9513.0	0.00645706
9514.0	0.00633107
9515.0	0.00684003
9516.0	0.00687157
9517.0	0.00686979
9518.0	0.00752974
9519.0	0.00772785
9520.0	0.00620141
9521.0	0.00605886
9522.0	0.00623787
9523.0	0.00578741
9524.0	0.00684525
9525.0	0.00615617
9526.0	0.00614564
9527.0	0.00666522
9528.0	0.00615846
9529.0	0.0054777
9530.0	0.00657235
9531.0	0.0061271
9532.0	0.00706855
9533.0	0.00608224
9534.0	0.00637514
9535.0	0.00680824
9536.0	0.00723285
9537.0	0.00766429
9538.0	0.00790168
9539.0	0.00725314
9540.0	0.00635683
9541.0	0.00594224
9542.0	0.00608544
9543.0	0.00679205
9544.0	0.00624098
9545.0	0.00695104
9546.0	0.00659178
9547.0	0.00668779
9548.0	0.00679469
9549.0	0.0064141
9550.0	0.0061134
9551.0	0.00629448
9552.0	0.00635115
9553.0	0.00535496
9554.0	0.00668171
9555.0	0.00816146
9556.0	0.00722264
9557.0	0.00745889
9558.0	0.00731041
9559.0	0.00628073
9560.0	0.00668235
9561.0	0.00566252
9562.0	0.00623826
9563.0	0.00728577
9564.0	0.00623265
9565.0	0.00652174
9566.0	0.00691892
9567.0	0.00677562
9568.0	0.00577565
9569.0	0.00709372
9570.0	0.00687894
9571.0	0.00599159
9572.0	0.00666925
9573.0	0.00615557
9574.0	0.00690567
9575.0	0.00608226
9576.0	0.00597796
9577.0	0.00620245
9578.0	0.00609021
9579.0	0.00560995
9580.0	0.00598595
9581.0	0.00588559
9582.0	0.00545063
9583.0	0.00627455
9584.0	0.00625119
9585.0	0.00637918
9586.0	0.00649753
9587.0	0.00595729
9588.0	0.00623743
9589.0	0.00559566
9590.0	0.00581204
9591.0	0.00601172
9592.0	0.0061072
9593.0	0.00684696
9594.0	0.0065075
9595.0	0.00608337
9596.0	0.00674807
9597.0	0.00659104
9598.0	0.00640625
9599.0	0.00614916
9600.0	0.00589412
9601.0	0.00589996
9602.0	0.00693197
9603.0	0.00632611
9604.0	0.00618349
9605.0	0.00635401
9606.0	0.00648191
9607.0	0.00645697
9608.0	0.00628578
9609.0	0.00579822
9610.0	0.00613081
9611.0	0.00595468
9612.0	0.0056107
9613.0	0.00599929
9614.0	0.00613609
9615.0	0.00663595
9616.0	0.00675562
9617.0	0.00654685
9618.0	0.00667102
9619.0	0.00696038
9620.0	0.00740664
9621.0	0.00661006
9622.0	0.00687825
9623.0	0.00662692
9624.0	0.0064481
9625.0	0.00566285
9626.0	0.00619264
9627.0	0.00610539
9628.0	0.00525617
9629.0	0.00554274
9630.0	0.00646733
