#	 atlas17dzg 
#	 UT date of observation: 20170420 
#	 Telescope/Instrument: Lick3m/KAST 
#	 Estimated Peak MJD: 57864.32 
#	 Estimated redshift: 0.052 
#	 Estimated Phase: -1.3 
#	 Published in Dettman et al. 2020 
#	 Observed barycentric wavelength (Angstroms)    F_lambda
3200.0	3.066129
3203.0	3.05529
3206.0	4.078154
3209.0	1.265662
3212.0	2.923351
3215.0	1.98951
3218.0	1.262156
3221.0	1.270035
3224.0	2.01889
3227.0	1.373361
3230.0	0.1432472
3233.0	0.09775078
3236.0	0.6872328
3239.0	0.9047916
3242.0	0.8951657
3245.0	0.9698145
3248.0	0.9514817
3251.0	1.964446
3254.0	1.086979
3257.0	2.424205
3260.0	1.861079
3263.0	2.040058
3266.0	2.219553
3269.0	1.275273
3272.0	2.1461
3275.0	1.476578
3278.0	1.846291
3281.0	1.043999
3284.0	1.672347
3287.0	1.218436
3290.0	1.301146
3293.0	1.76965
3296.0	1.272544
3299.0	1.456369
3302.0	2.248265
3305.0	2.665898
3308.0	1.859997
3311.0	2.319647
3314.0	2.149327
3317.0	2.204427
3320.0	1.741941
3323.0	1.718053
3326.0	1.707178
3329.0	1.221515
3332.0	1.598616
3335.0	1.53519
3338.0	1.223917
3341.0	1.40662
3344.0	1.177558
3347.0	1.261186
3350.0	1.226529
3353.0	1.266675
3356.0	1.256413
3359.0	1.311772
3362.0	0.9091294
3365.0	1.066307
3368.0	1.414583
3371.0	1.479384
3374.0	1.222007
3377.0	1.137714
3380.0	1.237295
3383.0	1.420082
3386.0	1.853557
3389.0	1.622118
3392.0	1.48372
3395.0	1.421745
3398.0	1.669526
3401.0	1.525117
3404.0	1.762927
3407.0	1.479923
3410.0	1.288766
3413.0	1.577402
3416.0	1.201331
3419.0	1.340832
3422.0	1.533926
3425.0	1.574681
3428.0	1.089899
3431.0	1.288743
3434.0	1.075591
3437.0	1.075243
3440.0	1.382843
3443.0	1.156877
3446.0	1.388473
3449.0	1.383526
3452.0	1.528013
3455.0	1.392476
3458.0	1.637604
3461.0	1.547895
3464.0	1.499663
3467.0	1.52966
3470.0	1.540021
3473.0	1.488612
3476.0	1.601246
3479.0	1.666026
3482.0	1.615674
3485.0	1.855155
3488.0	1.660065
3491.0	1.894563
3494.0	2.047565
3497.0	1.987092
3500.0	1.811921
3503.0	1.69689
3506.0	2.084611
3509.0	2.089142
3512.0	2.030523
3515.0	2.273964
3518.0	2.143186
3521.0	2.004679
3524.0	2.14384
3527.0	1.987619
3530.0	2.063872
3533.0	2.078173
3536.0	1.681342
3539.0	2.142572
3542.0	1.885105
3545.0	1.774611
3548.0	1.970743
3551.0	1.670725
3554.0	1.778659
3557.0	1.842191
3560.0	1.822825
3563.0	1.664885
3566.0	1.969551
3569.0	1.623679
3572.0	1.67638
3575.0	1.779419
3578.0	1.902775
3581.0	1.922648
3584.0	1.914896
3587.0	1.903499
3590.0	1.854175
3593.0	1.874084
3596.0	1.932146
3599.0	2.0216
3602.0	1.945036
3605.0	2.02385
3608.0	1.996743
3611.0	2.129095
3614.0	2.034858
3617.0	2.076086
3620.0	2.036145
3623.0	2.223492
3626.0	2.166561
3629.0	2.26321
3632.0	2.243516
3635.0	2.264759
3638.0	2.218808
3641.0	2.317357
3644.0	2.266975
3647.0	2.189457
3650.0	2.283059
3653.0	2.127578
3656.0	2.083418
3659.0	2.029119
3662.0	2.094848
3665.0	2.019472
3668.0	1.996627
3671.0	1.987345
3674.0	2.10833
3677.0	2.192068
3680.0	2.11517
3683.0	2.034664
3686.0	2.164352
3689.0	2.186297
3692.0	2.057388
3695.0	1.999574
3698.0	1.829553
3701.0	2.047446
3704.0	1.977805
3707.0	1.972228
3710.0	1.933653
3713.0	1.933867
3716.0	1.930202
3719.0	1.91376
3722.0	2.007571
3725.0	2.018687
3728.0	1.926733
3731.0	2.001202
3734.0	1.994217
3737.0	1.978588
3740.0	2.090834
3743.0	1.853174
3746.0	1.994371
3749.0	2.110018
3752.0	2.206693
3755.0	2.090478
3758.0	2.139882
3761.0	2.080471
3764.0	2.069455
3767.0	1.991983
3770.0	2.166318
3773.0	2.155581
3776.0	2.242007
3779.0	2.109713
3782.0	2.117449
3785.0	2.09224
3788.0	2.029019
3791.0	2.126875
3794.0	2.03221
3797.0	2.169755
3800.0	2.188091
3803.0	2.07845
3806.0	2.21495
3809.0	2.276889
3812.0	2.174714
3815.0	2.112709
3818.0	2.15964
3821.0	2.037459
3824.0	2.038844
3827.0	2.038916
3830.0	1.947813
3833.0	1.920286
3836.0	1.96116
3839.0	1.946053
3842.0	1.953085
3845.0	1.902022
3848.0	1.969631
3851.0	1.843979
3854.0	1.874956
3857.0	1.793277
3860.0	1.767682
3863.0	1.678253
3866.0	1.828924
3869.0	1.810335
3872.0	1.876588
3875.0	1.828628
3878.0	1.861654
3881.0	1.726372
3884.0	1.767619
3887.0	1.863389
3890.0	1.644134
3893.0	1.633272
3896.0	1.490985
3899.0	1.51798
3902.0	1.563342
3905.0	1.380414
3908.0	1.482945
3911.0	1.443672
3914.0	1.405447
3917.0	1.573082
3920.0	1.898129
3923.0	1.853401
3926.0	1.515908
3929.0	1.392395
3932.0	1.3808
3935.0	1.480318
3938.0	1.591262
3941.0	1.634859
3944.0	1.605011
3947.0	1.643647
3950.0	1.671081
3953.0	1.721914
3956.0	1.608707
3959.0	1.660317
3962.0	1.511222
3965.0	1.471107
3968.0	1.35357
3971.0	1.37705
3974.0	1.439979
3977.0	1.38895
3980.0	1.337867
3983.0	1.326
3986.0	1.177859
3989.0	1.217606
3992.0	1.273915
3995.0	1.242803
3998.0	1.082175
4001.0	1.141287
4004.0	1.11478
4007.0	1.091724
4010.0	1.195676
4013.0	1.176866
4016.0	1.12807
4019.0	1.285648
4022.0	1.162737
4025.0	1.224366
4028.0	1.263994
4031.0	1.297842
4034.0	1.361885
4037.0	1.418958
4040.0	1.450762
4043.0	1.490476
4046.0	1.578462
4049.0	1.665326
4052.0	1.772836
4055.0	1.788936
4058.0	1.789355
4061.0	1.830342
4064.0	1.877268
4067.0	1.975884
4070.0	1.970901
4073.0	1.980973
4076.0	1.993294
4079.0	2.009563
4082.0	2.071152
4085.0	2.066762
4088.0	2.109379
4091.0	2.149494
4094.0	2.17584
4097.0	2.074462
4100.0	2.134422
4103.0	2.185517
4106.0	2.156776
4109.0	2.324878
4112.0	2.28679
4115.0	2.27273
4118.0	2.287246
4121.0	2.369339
4124.0	2.305503
4127.0	2.485933
4130.0	2.472165
4133.0	2.511076
4136.0	2.446777
4139.0	2.332408
4142.0	2.490195
4145.0	2.502666
4148.0	2.585591
4151.0	2.550432
4154.0	2.564
4157.0	2.547627
4160.0	2.55906
4163.0	2.500625
4166.0	2.374668
4169.0	2.462452
4172.0	2.367671
4175.0	2.32176
4178.0	2.356972
4181.0	2.295035
4184.0	2.37212
4187.0	2.275625
4190.0	2.309787
4193.0	2.290453
4196.0	2.338691
4199.0	2.232696
4202.0	2.271642
4205.0	2.236251
4208.0	2.281281
4211.0	2.330738
4214.0	2.275461
4217.0	2.313626
4220.0	2.294793
4223.0	2.29343
4226.0	2.3404
4229.0	2.338646
4232.0	2.346748
4235.0	2.380596
4238.0	2.395125
4241.0	2.381742
4244.0	2.417954
4247.0	2.394067
4250.0	2.368778
4253.0	2.384698
4256.0	2.326205
4259.0	2.503748
4262.0	2.533895
4265.0	2.5088
4268.0	2.376436
4271.0	2.541185
4274.0	2.398807
4277.0	2.535343
4280.0	2.542284
4283.0	2.437535
4286.0	2.575689
4289.0	2.454533
4292.0	2.441066
4295.0	2.369484
4298.0	2.468354
4301.0	2.297189
4304.0	2.36943
4307.0	2.393905
4310.0	2.322194
4313.0	2.423592
4316.0	2.380879
4319.0	2.268502
4322.0	2.243143
4325.0	2.265073
4328.0	2.24142
4331.0	2.130023
4334.0	2.115765
4337.0	2.082529
4340.0	2.115017
4343.0	2.102104
4346.0	2.096815
4349.0	2.060263
4352.0	2.197827
4355.0	2.248043
4358.0	2.123969
4361.0	2.139358
4364.0	1.979067
4367.0	2.042236
4370.0	2.091589
4373.0	2.080403
4376.0	2.095187
4379.0	2.091585
4382.0	2.117425
4385.0	2.070175
4388.0	2.099209
4391.0	2.033513
4394.0	2.03819
4397.0	1.968522
4400.0	1.971717
4403.0	1.984649
4406.0	1.857376
4409.0	1.929882
4412.0	1.860049
4415.0	1.852317
4418.0	1.716438
4421.0	1.780845
4424.0	1.751116
4427.0	1.757539
4430.0	1.651724
4433.0	1.697494
4436.0	1.679817
4439.0	1.734684
4442.0	1.714023
4445.0	1.641489
4448.0	1.663437
4451.0	1.62309
4454.0	1.683837
4457.0	1.62016
4460.0	1.620475
4463.0	1.579965
4466.0	1.64215
4469.0	1.57356
4472.0	1.545756
4475.0	1.628903
4478.0	1.581882
4481.0	1.533014
4484.0	1.5502
4487.0	1.518161
4490.0	1.516229
4493.0	1.532531
4496.0	1.412578
4499.0	1.354007
4502.0	1.440673
4505.0	1.343876
4508.0	1.368379
4511.0	1.381372
4514.0	1.353704
4517.0	1.377035
4520.0	1.408994
4523.0	1.425299
4526.0	1.437947
4529.0	1.386682
4532.0	1.457061
4535.0	1.421823
4538.0	1.452298
4541.0	1.478653
4544.0	1.503637
4547.0	1.540682
4550.0	1.463049
4553.0	1.446361
4556.0	1.525095
4559.0	1.489076
4562.0	1.544576
4565.0	1.6112
4568.0	1.536179
4571.0	1.57974
4574.0	1.525311
4577.0	1.639079
4580.0	1.632835
4583.0	1.603971
4586.0	1.678665
4589.0	1.63141
4592.0	1.716262
4595.0	1.699593
4598.0	1.722135
4601.0	1.655132
4604.0	1.715011
4607.0	1.709816
4610.0	1.768338
4613.0	1.678776
4616.0	1.639962
4619.0	1.627485
4622.0	1.581536
4625.0	1.559218
4628.0	1.449195
4631.0	1.528467
4634.0	1.42122
4637.0	1.357503
4640.0	1.377769
4643.0	1.343712
4646.0	1.443177
4649.0	1.355398
4652.0	1.335161
4655.0	1.359958
4658.0	1.295284
4661.0	1.379781
4664.0	1.329284
4667.0	1.399236
4670.0	1.379467
4673.0	1.427248
4676.0	1.392418
4679.0	1.476635
4682.0	1.560043
4685.0	1.589476
4688.0	1.543064
4691.0	1.611377
4694.0	1.564761
4697.0	1.604904
4700.0	1.610036
4703.0	1.624314
4706.0	1.626893
4709.0	1.564752
4712.0	1.654385
4715.0	1.631916
4718.0	1.592406
4721.0	1.659907
4724.0	1.695226
4727.0	1.625877
4730.0	1.67394
4733.0	1.657954
4736.0	1.691977
4739.0	1.587053
4742.0	1.682879
4745.0	1.646064
4748.0	1.680045
4751.0	1.697055
4754.0	1.631472
4757.0	1.604488
4760.0	1.629497
4763.0	1.573728
4766.0	1.616792
4769.0	1.627355
4772.0	1.666914
4775.0	1.639508
4778.0	1.629469
4781.0	1.661348
4784.0	1.636243
4787.0	1.639139
4790.0	1.679533
4793.0	1.608112
4796.0	1.683338
4799.0	1.641568
4802.0	1.641744
4805.0	1.600823
4808.0	1.707151
4811.0	1.706187
4814.0	1.683554
4817.0	1.680521
4820.0	1.680071
4823.0	1.600652
4826.0	1.762795
4829.0	1.658373
4832.0	1.653917
4835.0	1.673055
4838.0	1.660062
4841.0	1.648439
4844.0	1.64745
4847.0	1.673241
4850.0	1.671234
4853.0	1.646165
4856.0	1.618053
4859.0	1.655241
4862.0	1.686596
4865.0	1.629861
4868.0	1.574549
4871.0	1.528656
4874.0	1.544155
4877.0	1.504029
4880.0	1.49299
4883.0	1.48846
4886.0	1.444451
4889.0	1.448157
4892.0	1.445365
4895.0	1.352402
4898.0	1.342768
4901.0	1.393076
4904.0	1.387051
4907.0	1.335194
4910.0	1.336318
4913.0	1.318463
4916.0	1.360857
4919.0	1.350639
4922.0	1.279844
4925.0	1.372289
4928.0	1.366891
4931.0	1.358148
4934.0	1.336057
4937.0	1.375677
4940.0	1.34561
4943.0	1.443759
4946.0	1.356169
4949.0	1.366851
4952.0	1.345777
4955.0	1.417962
4958.0	1.367468
4961.0	1.346364
4964.0	1.32848
4967.0	1.357147
4970.0	1.331961
4973.0	1.382704
4976.0	1.321933
4979.0	1.322457
4982.0	1.297007
4985.0	1.300939
4988.0	1.352528
4991.0	1.311885
4994.0	1.292848
4997.0	1.261865
5000.0	1.306453
5003.0	1.260029
5006.0	1.297119
5009.0	1.233681
5012.0	1.306043
5015.0	1.284116
5018.0	1.279427
5021.0	1.289052
5024.0	1.32989
5027.0	1.332828
5030.0	1.323171
5033.0	1.26447
5036.0	1.281278
5039.0	1.318941
5042.0	1.333102
5045.0	1.330911
5048.0	1.305921
5051.0	1.355117
5054.0	1.316276
5057.0	1.28207
5060.0	1.320688
5063.0	1.319385
5066.0	1.253411
5069.0	1.32303
5072.0	1.222395
5075.0	1.199767
5078.0	1.231966
5081.0	1.161179
5084.0	1.184831
5087.0	1.170943
5090.0	1.144238
5093.0	1.110567
5096.0	1.079445
5099.0	1.069224
5102.0	1.108915
5105.0	1.106287
5108.0	1.130609
5111.0	1.08833
5114.0	1.192389
5117.0	1.149448
5120.0	1.052213
5123.0	1.058482
5126.0	1.079112
5129.0	1.09643
5132.0	1.088565
5135.0	1.09681
5138.0	1.099517
5141.0	1.115747
5144.0	1.032091
5147.0	1.086268
5150.0	1.100302
5153.0	1.06786
5156.0	1.063382
5159.0	1.079684
5162.0	1.088474
5165.0	1.054933
5168.0	1.101933
5171.0	1.08208
5174.0	1.090881
5177.0	1.112741
5180.0	1.053591
5183.0	1.033519
5186.0	1.114799
5189.0	1.114706
5192.0	1.131063
5195.0	1.134673
5198.0	1.150643
5201.0	1.114326
5204.0	1.191603
5207.0	1.143479
5210.0	1.092081
5213.0	1.177845
5216.0	1.124099
5219.0	1.093193
5222.0	1.107524
5225.0	1.086101
5228.0	1.05441
5231.0	1.060432
5234.0	1.09047
5237.0	1.097012
5240.0	1.047252
5243.0	1.092273
5246.0	1.084252
5249.0	1.090469
5252.0	1.047194
5255.0	1.105112
5258.0	1.079087
5261.0	1.133517
5264.0	1.145497
5267.0	1.337479
5270.0	1.267281
5273.0	1.172523
5276.0	1.118968
5279.0	1.10735
5282.0	1.105873
5285.0	1.149959
5288.0	1.115626
5291.0	1.118107
5294.0	1.132907
5297.0	1.187355
5300.0	1.106645
5303.0	1.10615
5306.0	1.119376
5309.0	1.178398
5312.0	1.120691
5315.0	1.162494
5318.0	1.185873
5321.0	1.168624
5324.0	1.187722
5327.0	1.126764
5330.0	1.195055
5333.0	1.184753
5336.0	1.199345
5339.0	1.2405
5342.0	1.266855
5345.0	1.230008
5348.0	1.201905
5351.0	1.188148
5354.0	1.277457
5357.0	1.269891
5360.0	1.301489
5363.0	1.285867
5366.0	1.282037
5369.0	1.247345
5372.0	1.263542
5375.0	1.229473
5378.0	1.278669
5381.0	1.240301
5384.0	1.238725
5387.0	1.288504
5390.0	1.311144
5393.0	1.340642
5396.0	1.267565
5399.0	1.252109
5402.0	1.263068
5405.0	1.278029
5408.0	1.342844
5411.0	1.240665
5414.0	1.340127
5417.0	1.28657
5420.0	1.261194
5423.0	1.273972
5426.0	1.249735
5429.0	1.172033
5432.0	1.236913
5435.0	1.274086
5438.0	1.272814
5441.0	1.242702
5444.0	1.275854
5447.0	1.245377
5450.0	1.232384
5453.0	1.317879
5456.0	1.206372
5459.0	1.285811
5462.0	1.281279
5465.0	1.252368
5468.0	1.27235
5471.0	1.169779
5474.0	1.243589
5477.0	1.195433
5480.0	1.209317
5483.0	1.160231
5486.0	1.144858
5489.0	1.123127
5492.0	1.033315
5495.0	1.022069
5498.0	1.048642
5501.0	0.997669
5504.0	0.9949255
5507.0	0.9799004
5510.0	0.9635783
5513.0	0.9513334
5516.0	0.982437
5519.0	0.9657376
5522.0	0.9552389
5525.0	0.9053965
5528.0	0.9046374
5531.0	0.9346309
5534.0	0.9406144
5537.0	0.9197445
5540.0	0.8754503
5543.0	0.8876112
5546.0	0.8823603
5549.0	0.8275878
5552.0	0.9020557
5555.0	0.8819288
5558.0	0.8803818
5561.0	0.8510524
5564.0	0.9003758
5567.0	0.9109764
5570.0	0.885018
5573.0	0.928984
5576.0	0.9182865
5579.0	0.8830091
5582.0	0.845014
5585.0	0.9442599
5588.0	0.909986
5591.0	0.9402561
5594.0	0.9134265
5597.0	0.89195
5600.0	0.9557835
5603.0	0.9436045
5606.0	0.9122611
5609.0	0.9770195
5612.0	0.9773426
5615.0	1.025337
5618.0	0.9928192
5621.0	1.004993
5624.0	1.092832
5627.0	1.010514
5630.0	1.00184
5633.0	1.054092
5636.0	0.960178
5639.0	1.013752
5642.0	1.003386
5645.0	1.020456
5648.0	1.012717
5651.0	0.9913747
5654.0	0.9756667
5657.0	0.9722824
5660.0	0.9248585
5663.0	0.9186233
5666.0	0.9436958
5669.0	0.9355382
5672.0	0.9328382
5675.0	0.9391738
5678.0	0.8998631
5681.0	0.8880604
5684.0	0.8669798
5687.0	0.8889098
5690.0	0.9006147
5693.0	0.9618062
5696.0	0.9575222
5699.0	0.882351
5702.0	0.8515949
5705.0	0.9513388
5708.0	0.9426815
5711.0	0.9464217
5714.0	0.9761692
5717.0	0.953047
5720.0	0.9044765
5723.0	0.8972741
5726.0	0.9157242
5729.0	0.8819647
5732.0	0.8853024
5735.0	0.9450433
5738.0	0.9001871
5741.0	0.9031818
5744.0	0.93192
5747.0	0.9465106
5750.0	0.9310532
5753.0	0.8930495
5756.0	0.8846741
5759.0	0.929623
5762.0	0.9506295
5765.0	0.9472063
5768.0	0.9428131
5771.0	0.9527913
5774.0	0.9256637
5777.0	0.9260156
5780.0	0.955682
5783.0	0.9710392
5786.0	0.9427041
5789.0	0.969696
5792.0	0.9511559
5795.0	0.9611016
5798.0	0.986576
5801.0	0.9963444
5804.0	1.032204
5807.0	1.020061
5810.0	1.021464
5813.0	1.032924
5816.0	0.9975167
5819.0	0.9923538
5822.0	1.027231
5825.0	1.004642
5828.0	0.9929581
5831.0	0.9971163
5834.0	0.990896
5837.0	0.9710886
5840.0	0.9491899
5843.0	0.9541175
5846.0	0.9885042
5849.0	0.9744409
5852.0	0.9879376
5855.0	0.9960136
5858.0	1.013777
5861.0	1.004367
5864.0	1.003767
5867.0	1.016522
5870.0	1.026496
5873.0	1.035915
5876.0	1.010302
5879.0	0.9891769
5882.0	0.9921947
5885.0	0.966098
5888.0	1.008945
5891.0	0.9946685
5894.0	0.9408378
5897.0	0.9811916
5900.0	0.9997577
5903.0	1.01763
5906.0	1.035086
5909.0	1.016997
5912.0	0.9970086
5915.0	0.9772173
5918.0	0.9776199
5921.0	0.9817235
5924.0	1.011361
5927.0	1.01014
5930.0	0.9941616
5933.0	1.009056
5936.0	1.005258
5939.0	0.971024
5942.0	0.992825
5945.0	0.971267
5948.0	1.01097
5951.0	1.050493
5954.0	1.058674
5957.0	1.023247
5960.0	1.025722
5963.0	1.028018
5966.0	1.005075
5969.0	1.036024
5972.0	1.056741
5975.0	1.029067
5978.0	1.03018
5981.0	0.9971843
5984.0	0.9680473
5987.0	0.973065
5990.0	0.9638611
5993.0	0.9742348
5996.0	1.002684
5999.0	1.00198
6002.0	1.003528
6005.0	0.9682578
6008.0	0.9918307
6011.0	1.00162
6014.0	1.002062
6017.0	0.9721738
6020.0	0.9342027
6023.0	0.9737606
6026.0	0.9351614
6029.0	0.9504573
6032.0	0.9452418
6035.0	0.9717997
6038.0	0.9798136
6041.0	0.9466723
6044.0	0.9430317
6047.0	0.9760401
6050.0	0.9826118
6053.0	0.8785959
6056.0	0.8525835
6059.0	0.9343466
6062.0	0.9395968
6065.0	0.9129193
6068.0	0.9493195
6071.0	0.9312543
6074.0	0.9218948
6077.0	0.9245871
6080.0	0.8871583
6083.0	0.9449902
6086.0	0.8978393
6089.0	0.9157186
6092.0	0.9466386
6095.0	0.9178645
6098.0	0.8819726
6101.0	0.9127197
6104.0	0.8947854
6107.0	0.9148671
6110.0	0.8981459
6113.0	0.9090503
6116.0	0.9256478
6119.0	0.9059545
6122.0	0.9104929
6125.0	0.8929957
6128.0	0.9104657
6131.0	0.9203023
6134.0	0.9250966
6137.0	0.9058743
6140.0	0.8970268
6143.0	0.9310067
6146.0	0.9072183
6149.0	0.8988184
6152.0	0.8851792
6155.0	0.874514
6158.0	0.8937373
6161.0	0.8728729
6164.0	0.875714
6167.0	0.8886079
6170.0	0.9029511
6173.0	0.9013752
6176.0	0.8997038
6179.0	0.9056011
6182.0	0.9233308
6185.0	0.898536
6188.0	0.8908908
6191.0	0.8810002
6194.0	0.8833508
6197.0	0.889651
6200.0	0.87769
6203.0	0.9164941
6206.0	0.9130855
6209.0	0.9169077
6212.0	0.8940136
6215.0	0.8805165
6218.0	0.9186513
6221.0	0.8960757
6224.0	0.8398272
6227.0	0.8907772
6230.0	0.9073419
6233.0	0.8715956
6236.0	0.8775701
6239.0	0.9078429
6242.0	0.8980188
6245.0	0.886422
6248.0	0.8753788
6251.0	0.8726037
6254.0	0.9082843
6257.0	0.8948064
6260.0	0.8850989
6263.0	0.8659725
6266.0	0.8746275
6269.0	0.8456394
6272.0	0.8508557
6275.0	0.8575274
6278.0	0.8757231
6281.0	0.8538277
6284.0	0.8107875
6287.0	0.8322874
6290.0	0.867642
6293.0	0.8404218
6296.0	0.8002884
6299.0	0.8409708
6302.0	0.8454207
6305.0	0.8236561
6308.0	0.8389905
6311.0	0.8225458
6314.0	0.82986
6317.0	0.8480886
6320.0	0.8480286
6323.0	0.8263812
6326.0	0.8309618
6329.0	0.8511858
6332.0	0.798429
6335.0	0.7944354
6338.0	0.7953935
6341.0	0.8002363
6344.0	0.7952761
6347.0	0.7588839
6350.0	0.7636535
6353.0	0.7703412
6356.0	0.7653843
6359.0	0.7450622
6362.0	0.7424222
6365.0	0.7302321
6368.0	0.7183489
6371.0	0.7408745
6374.0	0.7200581
6377.0	0.6979514
6380.0	0.6756055
6383.0	0.6650387
6386.0	0.6727005
6389.0	0.6712972
6392.0	0.6512237
6395.0	0.6343085
6398.0	0.5923473
6401.0	0.5719422
6404.0	0.5654294
6407.0	0.5608875
6410.0	0.5525733
6413.0	0.5412833
6416.0	0.5223231
6419.0	0.4931227
6422.0	0.4828228
6425.0	0.4972525
6428.0	0.489349
6431.0	0.4789181
6434.0	0.4855925
6437.0	0.4804441
6440.0	0.4600205
6443.0	0.453572
6446.0	0.4623782
6449.0	0.447814
6452.0	0.4347451
6455.0	0.4520358
6458.0	0.4481435
6461.0	0.4552163
6464.0	0.4491662
6467.0	0.4528784
6470.0	0.4655249
6473.0	0.4556192
6476.0	0.4607114
6479.0	0.4652015
6482.0	0.4621749
6485.0	0.4704671
6488.0	0.4737947
6491.0	0.4913139
6494.0	0.5086375
6497.0	0.5311272
6500.0	0.5285726
6503.0	0.532965
6506.0	0.5284316
6509.0	0.5348301
6512.0	0.5459859
6515.0	0.5533014
6518.0	0.5486515
6521.0	0.5707086
6524.0	0.5754706
6527.0	0.5585684
6530.0	0.5912121
6533.0	0.6074797
6536.0	0.6025044
6539.0	0.5914469
6542.0	0.591962
6545.0	0.6185805
6548.0	0.6091239
6551.0	0.6230776
6554.0	0.6426111
6557.0	0.623969
6560.0	0.6170039
6563.0	0.6272516
6566.0	0.6521446
6569.0	0.6657445
6572.0	0.6453847
6575.0	0.6576868
6578.0	0.6662127
6581.0	0.6476448
6584.0	0.6626898
6587.0	0.6778072
6590.0	0.6872945
6593.0	0.6822757
6596.0	0.6820672
6599.0	0.6897339
6602.0	0.6931471
6605.0	0.68343
6608.0	0.6937839
6611.0	0.6889327
6614.0	0.6921128
6617.0	0.6726422
6620.0	0.681722
6623.0	0.6803061
6626.0	0.7047278
6629.0	0.6802098
6632.0	0.6694381
6635.0	0.6744736
6638.0	0.665917
6641.0	0.6531467
6644.0	0.6587846
6647.0	0.6502025
6650.0	0.6648912
6653.0	0.6682215
6656.0	0.6602693
6659.0	0.6431919
6662.0	0.6364959
6665.0	0.6702062
6668.0	0.6402007
6671.0	0.647047
6674.0	0.6361315
6677.0	0.6474652
6680.0	0.6478435
6683.0	0.6348855
6686.0	0.633889
6689.0	0.6386274
6692.0	0.648809
6695.0	0.6782072
6698.0	0.6419005
6701.0	0.6476786
6704.0	0.6622584
6707.0	0.6668298
6710.0	0.6666889
6713.0	0.6685672
6716.0	0.6610371
6719.0	0.6597509
6722.0	0.6601778
6725.0	0.6462044
6728.0	0.6390367
6731.0	0.6501984
6734.0	0.6504891
6737.0	0.6442226
6740.0	0.6663011
6743.0	0.6654423
6746.0	0.6409866
6749.0	0.660675
6752.0	0.6511666
6755.0	0.626105
6758.0	0.6409715
6761.0	0.6492332
6764.0	0.638055
6767.0	0.6360356
6770.0	0.6444245
6773.0	0.6344185
6776.0	0.621509
6779.0	0.6426713
6782.0	0.639329
6785.0	0.6222393
6788.0	0.61471
6791.0	0.6194808
6794.0	0.6301481
6797.0	0.6287584
6800.0	0.6183647
6803.0	0.6269518
6806.0	0.6180357
6809.0	0.619484
6812.0	0.6325225
6815.0	0.6210379
6818.0	0.5915474
6821.0	0.5958819
6824.0	0.6002742
6827.0	0.6000895
6830.0	0.6244729
6833.0	0.5912732
6836.0	0.5924117
6839.0	0.5923683
6842.0	0.5868622
6845.0	0.5853457
6848.0	0.600667
6851.0	0.5881905
6854.0	0.5746743
6857.0	0.6065699
6860.0	0.6084856
6863.0	0.5962895
6866.0	0.5625778
6869.0	0.5690576
6872.0	0.5607917
6875.0	0.5616226
6878.0	0.5576798
6881.0	0.5688862
6884.0	0.5892928
6887.0	0.5685886
6890.0	0.5522748
6893.0	0.5494608
6896.0	0.6353506
6899.0	0.8324339
6902.0	0.8922479
6905.0	0.7535549
6908.0	0.5993401
6911.0	0.5465673
6914.0	0.5385259
6917.0	0.5531785
6920.0	0.5604305
6923.0	0.6080225
6926.0	0.6002159
6929.0	0.5466964
6932.0	0.5133658
6935.0	0.5148935
6938.0	0.5163242
6941.0	0.5158516
6944.0	0.5101444
6947.0	0.5238652
6950.0	0.5264853
6953.0	0.4976889
6956.0	0.507713
6959.0	0.5190099
6962.0	0.5186676
6965.0	0.5012082
6968.0	0.5087711
6971.0	0.5137998
6974.0	0.5187588
6977.0	0.508851
6980.0	0.4896859
6983.0	0.5080922
6986.0	0.4962176
6989.0	0.4773281
6992.0	0.4794418
6995.0	0.4874489
6998.0	0.4834476
7001.0	0.4721418
7004.0	0.5002478
7007.0	0.4934804
7010.0	0.4636768
7013.0	0.4773415
7016.0	0.4807037
7019.0	0.4819897
7022.0	0.4772702
7025.0	0.4728086
7028.0	0.4660947
7031.0	0.4658616
7034.0	0.4768267
7037.0	0.4659266
7040.0	0.4662886
7043.0	0.4576443
7046.0	0.4539082
7049.0	0.4467667
7052.0	0.4383513
7055.0	0.4521444
7058.0	0.4744894
7061.0	0.5090525
7064.0	0.5058678
7067.0	0.4831669
7070.0	0.4712592
7073.0	0.4660615
7076.0	0.4917566
7079.0	0.5075597
7082.0	0.49948
7085.0	0.4765209
7088.0	0.4621386
7091.0	0.4425512
7094.0	0.4481153
7097.0	0.4439252
7100.0	0.4453433
7103.0	0.4463625
7106.0	0.4392216
7109.0	0.439181
7112.0	0.428061
7115.0	0.4467992
7118.0	0.4594299
7121.0	0.4557876
7124.0	0.4413751
7127.0	0.4275461
7130.0	0.412583
7133.0	0.4100855
7136.0	0.4397754
7139.0	0.4415265
7142.0	0.4225568
7145.0	0.4134333
7148.0	0.435523
7151.0	0.4380686
7154.0	0.4254452
7157.0	0.4212731
7160.0	0.4318215
7163.0	0.4289057
7166.0	0.4184237
7169.0	0.4103265
7172.0	0.4128467
7175.0	0.3977437
7178.0	0.3874728
7181.0	0.3989222
7184.0	0.4072317
7187.0	0.4051434
7190.0	0.4160079
7193.0	0.3955471
7196.0	0.3952748
7199.0	0.4078112
7202.0	0.3989905
7205.0	0.3922318
7208.0	0.4066269
7211.0	0.4025494
7214.0	0.4083409
7217.0	0.3946685
7220.0	0.3947533
7223.0	0.3877441
7226.0	0.3868057
7229.0	0.414032
7232.0	0.4118725
7235.0	0.4039602
7238.0	0.4152711
7241.0	0.4090335
7244.0	0.3971409
7247.0	0.3934842
7250.0	0.3622112
7253.0	0.3759239
7256.0	0.3971496
7259.0	0.3810035
7262.0	0.3718373
7265.0	0.3882214
7268.0	0.3945575
7271.0	0.3733126
7274.0	0.3956928
7277.0	0.4184332
7280.0	0.4059447
7283.0	0.3868934
7286.0	0.3849262
7289.0	0.3943091
7292.0	0.3871015
7295.0	0.3906435
7298.0	0.3968273
7301.0	0.3735761
7304.0	0.3762173
7307.0	0.3920386
7310.0	0.4012007
7313.0	0.3789097
7316.0	0.3811177
7319.0	0.3956056
7322.0	0.3922125
7325.0	0.3752191
7328.0	0.3863698
7331.0	0.3785051
7334.0	0.3536565
7337.0	0.3803339
7340.0	0.3602211
7343.0	0.3377705
7346.0	0.3656371
7349.0	0.3685694
7352.0	0.3733855
7355.0	0.3551755
7358.0	0.3575312
7361.0	0.3699366
7364.0	0.3699861
7367.0	0.3759958
7370.0	0.3798926
7373.0	0.3805498
7376.0	0.3989419
7379.0	0.3859699
7382.0	0.3766398
7385.0	0.379829
7388.0	0.3562226
7391.0	0.3704915
7394.0	0.3823057
7397.0	0.3782317
7400.0	0.3895295
7403.0	0.3865766
7406.0	0.3653696
7409.0	0.3752787
7412.0	0.3870535
7415.0	0.3624776
7418.0	0.3463689
7421.0	0.3472002
7424.0	0.3639607
7427.0	0.3795421
7430.0	0.3698806
7433.0	0.3631749
7436.0	0.3849871
7439.0	0.37231
7442.0	0.3738583
7445.0	0.3728132
7448.0	0.3621294
7451.0	0.3639089
7454.0	0.370966
7457.0	0.375373
7460.0	0.3652888
7463.0	0.3576663
7466.0	0.3687544
7469.0	0.3603934
7472.0	0.3702508
7475.0	0.3724138
7478.0	0.3772512
7481.0	0.3869807
7484.0	0.379139
7487.0	0.3662404
7490.0	0.3651525
7493.0	0.3770132
7496.0	0.3518233
7499.0	0.3503113
7502.0	0.3743339
7505.0	0.3833573
7508.0	0.3668308
7511.0	0.3542582
7514.0	0.3630442
7517.0	0.3675438
7520.0	0.3610248
7523.0	0.3583454
7526.0	0.365049
7529.0	0.3551964
7532.0	0.3519615
7535.0	0.3564515
7538.0	0.3556663
7541.0	0.350359
7544.0	0.3581658
7547.0	0.3607737
7550.0	0.3586817
7553.0	0.3493848
7556.0	0.3526653
7559.0	0.361943
7562.0	0.3538642
7565.0	0.3476174
7568.0	0.352451
7571.0	0.3681272
7574.0	0.3628261
7577.0	0.350455
7580.0	0.3405485
7583.0	0.3330558
7586.0	0.3539732
7589.0	0.3536511
7592.0	0.34446
7595.0	0.3802546
7598.0	0.395468
7601.0	0.351016
7604.0	0.3372284
7607.0	0.3221428
7610.0	0.3255507
7613.0	0.3309899
7616.0	0.339955
7619.0	0.359341
7622.0	0.3636444
7625.0	0.3679478
7628.0	0.3722512
7631.0	0.3688494
7634.0	0.3942683
7637.0	0.3297404
7640.0	0.3496118
7643.0	0.3404862
7646.0	0.3385863
7649.0	0.3513466
7652.0	0.3370419
7655.0	0.3250151
7658.0	0.356995
7661.0	0.3594135
7664.0	0.3467751
7667.0	0.3542303
7670.0	0.3375459
7673.0	0.3333096
7676.0	0.3338288
7679.0	0.3369975
7682.0	0.3421197
7685.0	0.356161
7688.0	0.3320509
7691.0	0.3417777
7694.0	0.3417675
7697.0	0.326081
7700.0	0.3238608
7703.0	0.3188312
7706.0	0.3138368
7709.0	0.3323071
7712.0	0.3166393
7715.0	0.327628
7718.0	0.3507575
7721.0	0.3162518
7724.0	0.3167776
7727.0	0.3232191
7730.0	0.3272856
7733.0	0.3380364
7736.0	0.3180836
7739.0	0.313646
7742.0	0.3219873
7745.0	0.3341231
7748.0	0.3158316
7751.0	0.2966989
7754.0	0.3124132
7757.0	0.3244505
7760.0	0.3084312
7763.0	0.3023531
7766.0	0.3174253
7769.0	0.3185509
7772.0	0.3087891
7775.0	0.3054698
7778.0	0.3298578
7781.0	0.3333207
7784.0	0.3123181
7787.0	0.3159501
7790.0	0.3246226
7793.0	0.3012913
7796.0	0.301452
7799.0	0.308316
7802.0	0.3188471
7805.0	0.3307069
7808.0	0.3219266
7811.0	0.2985673
7814.0	0.2809805
7817.0	0.270968
7820.0	0.2646489
7823.0	0.3082364
7826.0	0.3084638
7829.0	0.2831636
7832.0	0.2887402
7835.0	0.2863816
7838.0	0.2581902
7841.0	0.2821774
7844.0	0.2918246
7847.0	0.2951362
7850.0	0.3066161
7853.0	0.2711836
7856.0	0.2723929
7859.0	0.2874325
7862.0	0.2822433
7865.0	0.2695136
7868.0	0.2787443
7871.0	0.3040326
7874.0	0.3007608
7877.0	0.272193
7880.0	0.2795643
7883.0	0.2777516
7886.0	0.258575
7889.0	0.2569595
7892.0	0.2450058
7895.0	0.2694579
7898.0	0.2769516
7901.0	0.2686672
7904.0	0.254421
7907.0	0.2603229
7910.0	0.2306699
7913.0	0.25388
7916.0	0.2651677
7919.0	0.2603401
7922.0	0.2916731
7925.0	0.2550525
7928.0	0.2597024
7931.0	0.2797837
7934.0	0.277788
7937.0	0.2861177
7940.0	0.2955354
7943.0	0.2804002
7946.0	0.2706898
7949.0	0.2729723
7952.0	0.2827436
7955.0	0.2707232
7958.0	0.2636887
7961.0	0.256201
7964.0	0.2715728
7967.0	0.2694802
7970.0	0.269681
7973.0	0.2905261
7976.0	0.3051144
7979.0	0.2898062
7982.0	0.2826542
7985.0	0.2870537
7988.0	0.2730982
7991.0	0.2598809
7994.0	0.2751473
7997.0	0.2987149
8000.0	0.2816975
8003.0	0.2692253
8006.0	0.2741564
8009.0	0.2956598
8012.0	0.2923584
8015.0	0.2700214
8018.0	0.2653983
8021.0	0.2914029
8024.0	0.2912312
8027.0	0.2724953
8030.0	0.2692778
8033.0	0.2668602
8036.0	0.2783898
8039.0	0.2851044
8042.0	0.2810719
8045.0	0.2767804
8048.0	0.2709592
8051.0	0.2778328
8054.0	0.272583
8057.0	0.2563608
8060.0	0.2659216
8063.0	0.2923377
8066.0	0.2789446
8069.0	0.2916053
8072.0	0.283312
8075.0	0.2736163
8078.0	0.2981626
8081.0	0.3063001
8084.0	0.2860899
8087.0	0.2757987
8090.0	0.2876989
8093.0	0.2929698
8096.0	0.3043621
8099.0	0.3016788
8102.0	0.3136854
8105.0	0.2925523
8108.0	0.3131703
8111.0	0.2953908
8114.0	0.2880401
8117.0	0.3017187
8120.0	0.3127863
8123.0	0.2961628
8126.0	0.2911199
8129.0	0.2970093
8132.0	0.3050996
8135.0	0.2935816
8138.0	0.2994734
8141.0	0.3056462
8144.0	0.2920249
8147.0	0.2908054
8150.0	0.3014992
8153.0	0.3149906
8156.0	0.297346
8159.0	0.298266
8162.0	0.3107179
8165.0	0.3149299
8168.0	0.3064963
8171.0	0.2990503
8174.0	0.3127815
8177.0	0.3058435
8180.0	0.3138879
8183.0	0.3222681
8186.0	0.3190036
8189.0	0.3236845
8192.0	0.3275481
8195.0	0.308438
8198.0	0.310251
8201.0	0.3082932
8204.0	0.327583
8207.0	0.3399537
8210.0	0.3219781
8213.0	0.3163369
8216.0	0.3009899
8219.0	0.3082103
8222.0	0.3249175
8225.0	0.3147616
8228.0	0.3162012
8231.0	0.3047709
8234.0	0.3162548
8237.0	0.3255527
8240.0	0.3301527
8243.0	0.3242015
8246.0	0.3244235
8249.0	0.3166634
8252.0	0.3173474
8255.0	0.3328597
8258.0	0.3242157
8261.0	0.3046105
8264.0	0.3182179
8267.0	0.3084
8270.0	0.3086695
8273.0	0.3007026
8276.0	0.2936199
8279.0	0.3079549
8282.0	0.2926372
8285.0	0.2919274
8288.0	0.2912177
8291.0	0.2905079
8294.0	0.2897981
8297.0	0.2890884
8300.0	0.2883786
8303.0	0.2876689
8306.0	0.302433
8309.0	0.3345476
8312.0	0.3205403
8315.0	0.3167368
8318.0	0.3333053
8321.0	0.3381027
8324.0	0.3229631
8327.0	0.3087829
8330.0	0.2808697
8333.0	0.2909839
8336.0	0.3276815
8339.0	0.3219768
8342.0	0.2912281
8345.0	0.2880478
8348.0	0.302299
8351.0	0.3048787
8354.0	0.2941556
8357.0	0.2967775
8360.0	0.3000983
8363.0	0.3103411
8366.0	0.319609
8369.0	0.3030586
8372.0	0.3016963
8375.0	0.3299664
8378.0	0.3296624
8381.0	0.3104381
8384.0	0.3102021
8387.0	0.3070693
8390.0	0.3110747
8393.0	0.2697933
8396.0	0.2910661
8399.0	0.31417
8402.0	0.298054
8405.0	0.2877085
8408.0	0.2881893
8411.0	0.2817304
8414.0	0.3173719
8417.0	0.2854763
8420.0	0.2996356
8423.0	0.309332
8426.0	0.3107804
8429.0	0.291229
8432.0	0.3023754
8435.0	0.2980996
8438.0	0.2983692
8441.0	0.285844
8444.0	0.2895976
8447.0	0.2991118
8450.0	0.2944421
8453.0	0.3102264
8456.0	0.316699
8459.0	0.271518
8462.0	0.2837277
8465.0	0.2837372
8468.0	0.2781643
8471.0	0.2926327
8474.0	0.2971094
8477.0	0.2976515
8480.0	0.3004234
8483.0	0.293918
8486.0	0.2991181
8489.0	0.2989239
8492.0	0.3092383
8495.0	0.2933173
8498.0	0.279669
8501.0	0.2788096
8504.0	0.2839414
8507.0	0.3010928
8510.0	0.3104448
8513.0	0.2860713
8516.0	0.2845205
8519.0	0.29445
8522.0	0.3013913
8525.0	0.306667
8528.0	0.2840434
8531.0	0.2955263
8534.0	0.3077015
8537.0	0.2965328
8540.0	0.3117886
8543.0	0.2990873
8546.0	0.304667
8549.0	0.3076638
8552.0	0.2829907
8555.0	0.3126252
8558.0	0.3060983
8561.0	0.2986351
8564.0	0.291052
8567.0	0.2803648
8570.0	0.2890828
8573.0	0.3112723
8576.0	0.3117013
8579.0	0.2829757
8582.0	0.2621748
8585.0	0.2677381
8588.0	0.2696984
8591.0	0.2557614
8594.0	0.2793026
8597.0	0.2735988
8600.0	0.264421
8603.0	0.2631229
8606.0	0.2588063
8609.0	0.2629506
8612.0	0.2673149
8615.0	0.2740552
8618.0	0.2593854
8621.0	0.2643524
8624.0	0.269711
8627.0	0.2607031
8630.0	0.2392196
8633.0	0.2328949
8636.0	0.2480318
8639.0	0.2448963
8642.0	0.2626649
8645.0	0.252478
8648.0	0.2623245
8651.0	0.2434065
8654.0	0.2137244
8657.0	0.2316079
8660.0	0.2304009
8663.0	0.2410686
8666.0	0.237903
8669.0	0.2434904
8672.0	0.251707
8675.0	0.2571102
8678.0	0.2603559
8681.0	0.249434
8684.0	0.2458168
8687.0	0.2588964
8690.0	0.2519665
8693.0	0.2588569
8696.0	0.2610876
8699.0	0.2666866
8702.0	0.2701007
8705.0	0.2831683
8708.0	0.2709209
8711.0	0.2656536
8714.0	0.2683406
8717.0	0.2707759
8720.0	0.257476
8723.0	0.2540913
8726.0	0.2568993
8729.0	0.2706808
8732.0	0.2626061
8735.0	0.2625617
8738.0	0.2571668
8741.0	0.2723615
8744.0	0.2820101
8747.0	0.2654217
8750.0	0.2847475
8753.0	0.2504583
8756.0	0.248352
8759.0	0.2805471
8762.0	0.2523322
8765.0	0.2446617
8768.0	0.2852564
8771.0	0.2924817
8774.0	0.2553722
8777.0	0.2951041
8780.0	0.2959609
8783.0	0.2628265
8786.0	0.2843175
8789.0	0.3106981
8792.0	0.3032434
8795.0	0.3035586
8798.0	0.3034016
8801.0	0.2900608
8804.0	0.295858
8807.0	0.3075569
8810.0	0.3095373
8813.0	0.3248798
8816.0	0.3158399
8819.0	0.2899769
8822.0	0.3073879
8825.0	0.3315875
8828.0	0.3095066
8831.0	0.2999998
8834.0	0.3028609
8837.0	0.3142008
8840.0	0.2970915
8843.0	0.3299304
8846.0	0.330025
8849.0	0.30879
8852.0	0.3246795
8855.0	0.3440758
8858.0	0.3375504
8861.0	0.3710286
8864.0	0.3196523
8867.0	0.302729
8870.0	0.3234766
8873.0	0.3413885
8876.0	0.3518398
8879.0	0.3615328
8882.0	0.3295844
8885.0	0.3219866
8888.0	0.3511548
8891.0	0.3676501
8894.0	0.3306994
8897.0	0.3170196
8900.0	0.3452358
8903.0	0.3540486
8906.0	0.3380625
8909.0	0.3397809
8912.0	0.3312789
8915.0	0.3643633
8918.0	0.3643035
8921.0	0.3741693
8924.0	0.3667081
8927.0	0.3592468
8930.0	0.3517856
8933.0	0.3443244
8936.0	0.3667047
8939.0	0.3161727
8942.0	0.3077865
8945.0	0.33651
8948.0	0.3470708
8951.0	0.3501579
8954.0	0.3229106
8957.0	0.3330413
8960.0	0.32721
8963.0	0.3521363
8966.0	0.3646871
8969.0	0.3650579
8972.0	0.3291938
8975.0	0.3204433
8978.0	0.316137
8981.0	0.3236602
8984.0	0.3052855
8987.0	0.3237261
8990.0	0.334738
8993.0	0.3177384
8996.0	0.3030003
8999.0	0.3298137
9002.0	0.3301674
9005.0	0.3399112
9008.0	0.3589569
9011.0	0.363057
9014.0	0.3492098
9017.0	0.3386944
9020.0	0.3317474
9023.0	0.3467503
9026.0	0.332419
9029.0	0.3440141
9032.0	0.3555027
9035.0	0.3060082
9038.0	0.3110572
9041.0	0.332831
9044.0	0.3124742
9047.0	0.3146978
9050.0	0.3094041
9053.0	0.3172072
9056.0	0.3372654
9059.0	0.3421138
9062.0	0.3113898
9065.0	0.3118609
9068.0	0.3205287
9071.0	0.3234125
9074.0	0.3278208
9077.0	0.3363547
9080.0	0.3317939
9083.0	0.3172432
9086.0	0.332293
9089.0	0.3315933
9092.0	0.3022216
9095.0	0.3279689
9098.0	0.3291042
9101.0	0.3069723
9104.0	0.2998482
9107.0	0.3020783
9110.0	0.2788331
9113.0	0.278396
9116.0	0.2991758
9119.0	0.3106067
9122.0	0.3140524
9125.0	0.3001158
9128.0	0.3076199
9131.0	0.3174343
9134.0	0.3120576
9137.0	0.2962206
9140.0	0.2856909
9143.0	0.2830932
9146.0	0.3015034
9149.0	0.3039587
9152.0	0.3013332
9155.0	0.2957475
9158.0	0.2929707
9161.0	0.2899113
9164.0	0.2791193
9167.0	0.2819293
9170.0	0.303941
9173.0	0.2983353
9176.0	0.2675414
9179.0	0.2741356
9182.0	0.2897062
9185.0	0.2652639
9188.0	0.2689217
9191.0	0.281352
9194.0	0.2708661
9197.0	0.264634
9200.0	0.2605301
9203.0	0.2655824
9206.0	0.2576594
9209.0	0.2627002
9212.0	0.2517227
9215.0	0.2638969
9218.0	0.266478
9221.0	0.2485136
9224.0	0.2796288
9227.0	0.260377
9230.0	0.2651165
9233.0	0.2630229
9236.0	0.2722111
9239.0	0.269597
9242.0	0.2513816
9245.0	0.2455295
9248.0	0.2465188
9251.0	0.2563409
9254.0	0.2585571
9257.0	0.2461231
9260.0	0.2409106
9263.0	0.2503899
9266.0	0.2571374
9269.0	0.2416608
9272.0	0.2359981
9275.0	0.2298743
9278.0	0.2290303
9281.0	0.2222541
9284.0	0.2261863
9287.0	0.2424251
9290.0	0.2369935
9293.0	0.2391647
9296.0	0.2420228
9299.0	0.2138078
9302.0	0.2057326
9305.0	0.1995941
9308.0	0.2094919
9311.0	0.2348554
9314.0	0.2583651
9317.0	0.247937
9320.0	0.2569426
9323.0	0.2036943
9326.0	0.1723549
9329.0	0.2030351
9332.0	0.2165013
9335.0	0.1830083
9338.0	0.2278037
9341.0	0.2545731
9344.0	0.2165029
9347.0	0.2161995
9350.0	0.225132
9353.0	0.2477484
9356.0	0.244627
9359.0	0.2237095
9362.0	0.2116345
9365.0	0.1989916
9368.0	0.2183315
9371.0	0.2595934
9374.0	0.2280505
9377.0	0.2036449
9380.0	0.2310766
9383.0	0.2339051
9386.0	0.1976703
9389.0	0.2138844
9392.0	0.2174067
9395.0	0.2227206
9398.0	0.2021034
9401.0	0.2289429
9404.0	0.2296861
9407.0	0.2361444
9410.0	0.2433543
9413.0	0.2228553
9416.0	0.1788924
9419.0	0.2170617
9422.0	0.2324646
9425.0	0.2401813
9428.0	0.2444611
9431.0	0.2497716
9434.0	0.1501606
9437.0	0.2587642
9440.0	0.282157
9443.0	0.2092669
9446.0	0.2254205
9449.0	0.2286867
9452.0	0.2064036
9455.0	0.2438902
9458.0	0.2201728
9461.0	0.2105351
9464.0	0.2416073
9467.0	0.2268998
9470.0	0.2551956
9473.0	0.2754033
9476.0	0.2143352
9479.0	0.2086211
9482.0	0.2160267
9485.0	0.2149986
9488.0	0.2292977
9491.0	0.2326641
9494.0	0.2525713
9497.0	0.3196076
9500.0	0.2681381
9503.0	0.2427558
9506.0	0.2450513
9509.0	0.230081
9512.0	0.2418931
9515.0	0.2118098
9518.0	0.2491362
9521.0	0.2393899
9524.0	0.2489379
9527.0	0.238983
9530.0	0.2506714
9533.0	0.2333678
9536.0	0.256234
9539.0	0.2947978
9542.0	0.2861765
9545.0	0.2482511
9548.0	0.2664214
9551.0	0.293303
9554.0	0.2493262
9557.0	0.2239607
9560.0	0.217569
9563.0	0.2942936
9566.0	0.287277
9569.0	0.2416938
9572.0	0.2322488
9575.0	0.2431997
9578.0	0.2449744
9581.0	0.2391774
9584.0	0.2333932
9587.0	0.2447318
9590.0	0.2677318
9593.0	0.2400122
9596.0	0.2502041
9599.0	0.2673777
9602.0	0.2715029
9605.0	0.243746
9608.0	0.2456928
9611.0	0.2384264
9614.0	0.2455492
9617.0	0.2290103
9620.0	0.2127694
9623.0	0.2302201
9626.0	0.2469008
9629.0	0.2412592
9632.0	0.2521275
9635.0	0.2556701
9638.0	0.2468299
9641.0	0.2399082
9644.0	0.2361674
9647.0	0.2411674
9650.0	0.2484048
9653.0	0.2140498
9656.0	0.2200295
9659.0	0.2324211
9662.0	0.2200562
9665.0	0.2713012
9668.0	0.269197
9671.0	0.2480923
9674.0	0.2428806
9677.0	0.2872421
9680.0	0.2406249
9683.0	0.2521873
9686.0	0.2318298
9689.0	0.2133997
9692.0	0.2064212
9695.0	0.2397612
9698.0	0.2259488
9701.0	0.215016
9704.0	0.2556228
9707.0	0.2559951
9710.0	0.241548
9713.0	0.2193901
9716.0	0.2408373
9719.0	0.2263878
9722.0	0.2467218
9725.0	0.2276251
9728.0	0.224868
9731.0	0.2469603
9734.0	0.2376793
9737.0	0.2268661
9740.0	0.2209691
9743.0	0.2318579
9746.0	0.2254821
9749.0	0.2273573
9752.0	0.227572
9755.0	0.2170354
9758.0	0.2417384
9761.0	0.2319025
9764.0	0.2126934
9767.0	0.2267062
9770.0	0.2425626
9773.0	0.2383536
9776.0	0.2279555
9779.0	0.2360859
9782.0	0.246565
9785.0	0.2388936
9788.0	0.2261438
9791.0	0.218885
9794.0	0.2386944
9797.0	0.2508232
9800.0	0.2189594
9803.0	0.2245937
9806.0	0.2281536
9809.0	0.2294412
9812.0	0.2034069
9815.0	0.1974967
9818.0	0.2250547
9821.0	0.2251509
9824.0	0.2118718
9827.0	0.1970698
9830.0	0.2175186
9833.0	0.2159455
9836.0	0.1983984
9839.0	0.1951602
9842.0	0.2027033
9845.0	0.1913482
9848.0	0.1833527
9851.0	0.1947976
9854.0	0.2141281
9857.0	0.2010074
9860.0	0.1931919
9863.0	0.2260224
9866.0	0.2511477
9869.0	0.2387942
9872.0	0.242359
9875.0	0.2132229
9878.0	0.1696355
9881.0	0.1981926
9884.0	0.2172315
9887.0	0.1896748
9890.0	0.154404
9893.0	0.2004309
9896.0	0.2319395
9899.0	0.2178827
9902.0	0.2118209
9905.0	0.2048486
9908.0	0.1866434
9911.0	0.2344434
9914.0	0.2205591
9917.0	0.1872877
9920.0	0.2026414
9923.0	0.2158427
9926.0	0.1908176
9929.0	0.2030839
9932.0	0.2599938
9935.0	0.2292373
9938.0	0.1946981
9941.0	0.266389
9944.0	0.2633587
9947.0	0.229285
9950.0	0.2352466
9953.0	0.2274843
9956.0	0.2068058
9959.0	0.2031728
9962.0	0.2657187
9965.0	0.2526177
9968.0	0.2151011
9971.0	0.2232587
9974.0	0.2304268
9977.0	0.184256
9980.0	0.1815492
9983.0	0.2067514
9986.0	0.1914363
9989.0	0.2048708
9992.0	0.2245767
9995.0	0.2343527
9998.0	0.2030173
10001.0	0.2354899
10004.0	0.2235411
10007.0	0.1371692
10010.0	0.09348127
10013.0	0.1232501
10016.0	0.1681983
10019.0	0.2035376
10022.0	0.2097434
10025.0	0.2346811
10028.0	0.2664345
10031.0	0.190082
10034.0	0.1686568
10037.0	0.2139528
10040.0	0.2196514
10043.0	0.1854067
10046.0	0.1541287
10049.0	0.1978977
10052.0	0.1838157
10055.0	0.2427728
10058.0	0.1914363
10061.0	0.2040472
10064.0	0.2074062
10067.0	0.2176738
10070.0	0.2022848
10073.0	0.1489082
10076.0	0.1790828
10079.0	0.1718855
10082.0	0.1496769
10085.0	0.1514213
10088.0	0.1782783
10091.0	0.1660735
10094.0	0.1971563
10097.0	0.2055348
10100.0	0.2232448
10103.0	0.2172186
10106.0	0.1770625
10109.0	0.1871041
10112.0	0.1482258
10115.0	0.2221053
10118.0	0.2909339
10121.0	0.2198278
10124.0	0.1751959
10127.0	0.1396914
10130.0	0.1588092
10133.0	0.2066064
10136.0	0.2354433
10139.0	0.1709924
10142.0	0.1429846
10145.0	0.1554372
10148.0	0.07954042
10151.0	0.1577322
10154.0	0.1872124
10157.0	0.1263066
10160.0	0.2619165
10163.0	0.163653
10166.0	0.1493266
10169.0	0.09036549
10172.0	0.1570022
10175.0	0.2279077
10178.0	0.148125
10181.0	0.1552065
10184.0	0.2366673
10187.0	0.2341269
10190.0	0.2130493
10193.0	0.2304585
10196.0	0.1723107
10199.0	0.1631833
10202.0	0.1897481
10205.0	0.1773755
10208.0	0.2262073
10211.0	0.2431822
10214.0	0.1837203
10217.0	0.07872835
10220.0	0.1785758
10223.0	0.2591533
10226.0	0.1436413
10229.0	0.1597565
10232.0	0.1975242
10235.0	0.1292485
10238.0	0.1542591
10241.0	0.1636115
10244.0	0.1471444
10247.0	0.1620804
10250.0	0.1277567
