#	 ATLAS16dtf 
#	 UT date of observation: 20161124 
#	 Telescope/Instrument: FLWO1.5m/FAST 
#	 Estimated Peak MJD: 57710.789 
#	 Estimated redshift: 0.013 
#	 Estimated Phase: 5.1 
#	 Published in Dettman et al. 2020 
#	 Observed barycentric wavelength (Angstroms)    F_lambda
3478.0	0.992943
3479.47	1.10491
3480.94	1.355147
3482.41	1.117444
3483.88	0.9366412
3485.35	0.8608422
3486.82	1.031698
3488.29	1.213051
3489.76	1.044726
3491.23	1.309723
3492.7	1.241107
3494.17	0.9013996
3495.64	0.7725123
3497.11	0.9640592
3498.58	1.177574
3500.05	0.9379653
3501.52	0.9479744
3502.99	1.04441
3504.46	0.985838
3505.93	0.9689644
3507.4	0.9533924
3508.87	1.040661
3510.34	1.088105
3511.81	1.093265
3513.28	1.144823
3514.75	1.240923
3516.22	1.346592
3517.69	1.288132
3519.16	1.404904
3520.63	1.387533
3522.1	1.220298
3523.57	1.233637
3525.04	1.238427
3526.51	1.14787
3527.98	1.411616
3529.45	1.523616
3530.92	1.321656
3532.39	1.667219
3533.86	1.831662
3535.33	1.705541
3536.8	1.72464
3538.27	1.578991
3539.74	1.465584
3541.21	1.777555
3542.68	1.936984
3544.15	1.875371
3545.62	1.769494
3547.09	1.904441
3548.56	1.989062
3550.03	1.810242
3551.5	1.872903
3552.97	1.765916
3554.44	1.752736
3555.91	1.880056
3557.38	1.815128
3558.85	1.933995
3560.32	1.959675
3561.79	1.84906
3563.26	2.043938
3564.73	2.033408
3566.2	1.994656
3567.67	2.163525
3569.14	2.061371
3570.61	1.987131
3572.08	2.384868
3573.55	2.3328
3575.02	1.930144
3576.49	2.19647
3577.96	2.298399
3579.43	2.306874
3580.9	2.495967
3582.37	2.24061
3583.84	2.015887
3585.31	2.17562
3586.78	2.300858
3588.25	2.374511
3589.72	2.391817
3591.19	2.364538
3592.66	2.441427
3594.13	2.492493
3595.6	2.482234
3597.07	2.490971
3598.54	2.466121
3600.01	2.369489
3601.48	2.498869
3602.95	2.723855
3604.42	2.671006
3605.89	2.602284
3607.36	2.674865
3608.83	2.536388
3610.3	2.453437
3611.77	2.597006
3613.24	2.799735
3614.71	2.639976
3616.18	2.291311
3617.65	2.339794
3619.12	2.611995
3620.59	2.620654
3622.06	2.569293
3623.53	2.490991
3625.0	2.40345
3626.47	2.500442
3627.94	2.759323
3629.41	2.641811
3630.88	2.388336
3632.35	2.28874
3633.82	2.271508
3635.29	2.343939
3636.76	2.458304
3638.23	2.588902
3639.7	2.557823
3641.17	2.371282
3642.64	2.339752
3644.11	2.350419
3645.58	2.471915
3647.05	2.350919
3648.52	1.682924
3649.99	2.002304
3651.46	2.476305
3652.93	2.279679
3654.4	2.4758
3655.87	2.570017
3657.34	2.37144
3658.81	2.450765
3660.28	2.629526
3661.75	2.591144
3663.22	2.582391
3664.69	2.54823
3666.16	2.452139
3667.63	2.514139
3669.1	2.479894
3670.57	2.360009
3672.04	2.423826
3673.51	2.520424
3674.98	2.603523
3676.45	2.650177
3677.92	2.660691
3679.39	2.721651
3680.86	2.71074
3682.33	2.587867
3683.8	2.644882
3685.27	2.761317
3686.74	2.670916
3688.21	2.760179
3689.68	2.80138
3691.15	2.913565
3692.62	3.119738
3694.09	2.794028
3695.56	2.714053
3697.03	2.919693
3698.5	2.934588
3699.97	3.041476
3701.44	3.068454
3702.91	2.941016
3704.38	2.984808
3705.85	2.984855
3707.32	2.93316
3708.79	2.924708
3710.26	2.937866
3711.73	2.999451
3713.2	2.999176
3714.67	3.008667
3716.14	3.025001
3717.61	3.099391
3719.08	3.166336
3720.55	3.185921
3722.02	2.97834
3723.49	2.926271
3724.96	2.816893
3726.43	2.788021
3727.9	2.902937
3729.37	2.95387
3730.84	3.014299
3732.31	2.859067
3733.78	2.86989
3735.25	2.961172
3736.72	2.864798
3738.19	2.886705
3739.66	2.918891
3741.13	2.922108
3742.6	3.110392
3744.07	3.189823
3745.54	3.063696
3747.01	3.182565
3748.48	3.262501
3749.95	3.232893
3751.42	3.310187
3752.89	3.380184
3754.36	3.407339
3755.83	3.413723
3757.3	3.549235
3758.77	3.505107
3760.24	3.445162
3761.71	3.495846
3763.18	3.573236
3764.65	3.749239
3766.12	3.701905
3767.59	3.558858
3769.06	3.630891
3770.53	3.697808
3772.0	3.623265
3773.47	3.6583
3774.94	3.790933
3776.41	3.87412
3777.88	3.709801
3779.35	3.46738
3780.82	3.447429
3782.29	3.561915
3783.76	3.690813
3785.23	3.742934
3786.7	3.773043
3788.17	3.7218
3789.64	3.573664
3791.11	3.553916
3792.58	3.498851
3794.05	3.391156
3795.52	3.283486
3796.99	3.347293
3798.46	3.317361
3799.93	3.118237
3801.4	3.062519
3802.87	3.026198
3804.34	3.005476
3805.81	2.912333
3807.28	2.928558
3808.75	2.976405
3810.22	2.951334
3811.69	3.059084
3813.16	3.059406
3814.63	2.896451
3816.1	2.920776
3817.57	2.961997
3819.04	2.948133
3820.51	2.982795
3821.98	2.835612
3823.45	2.797978
3824.92	2.788619
3826.39	2.73426
3827.86	2.75745
3829.33	2.616047
3830.8	2.514753
3832.27	2.562037
3833.74	2.538899
3835.21	2.494121
3836.68	2.486485
3838.15	2.561204
3839.62	2.540362
3841.09	2.357918
3842.56	2.355382
3844.03	2.415603
3845.5	2.437403
3846.97	2.507375
3848.44	2.350455
3849.91	2.214713
3851.38	2.320527
3852.85	2.401887
3854.32	2.544792
3855.79	2.583447
3857.26	2.433981
3858.73	2.405946
3860.2	2.427995
3861.67	2.368402
3863.14	2.389634
3864.61	2.506834
3866.08	2.528853
3867.55	2.439893
3869.02	2.342361
3870.49	2.467888
3871.96	2.584464
3873.43	2.493386
3874.9	2.590967
3876.37	2.638379
3877.84	2.593546
3879.31	2.635544
3880.78	2.627013
3882.25	2.651206
3883.72	2.62155
3885.19	2.680129
3886.66	2.769957
3888.13	2.702906
3889.6	2.602238
3891.07	2.668046
3892.54	2.878529
3894.01	2.94935
3895.48	2.956613
3896.95	2.956285
3898.42	2.91808
3899.89	2.966237
3901.36	3.050892
3902.83	3.037693
3904.3	3.040636
3905.77	3.214463
3907.24	3.254498
3908.71	3.108831
3910.18	3.14271
3911.65	3.206037
3913.12	3.279583
3914.59	3.265483
3916.06	3.188049
3917.53	3.15135
3919.0	3.157276
3920.47	3.337538
3921.94	3.337727
3923.41	3.260906
3924.88	3.352037
3926.35	3.299425
3927.82	3.216695
3929.29	3.240335
3930.76	3.166762
3932.23	3.034898
3933.7	2.934514
3935.17	2.949936
3936.64	3.118912
3938.11	3.34593
3939.58	3.379288
3941.05	3.209611
3942.52	3.183047
3943.99	3.221647
3945.46	3.179429
3946.93	3.296325
3948.4	3.485308
3949.87	3.397448
3951.34	3.271282
3952.81	3.337866
3954.28	3.371534
3955.75	3.47241
3957.22	3.574692
3958.69	3.472232
3960.16	3.468035
3961.63	3.445006
3963.1	3.26974
3964.57	3.306826
3966.04	3.376438
3967.51	3.274219
3968.98	3.271523
3970.45	3.341516
3971.92	3.346214
3973.39	3.387527
3974.86	3.42814
3976.33	3.50735
3977.8	3.554195
3979.27	3.478036
3980.74	3.463283
3982.21	3.421241
3983.68	3.415079
3985.15	3.418071
3986.62	3.522946
3988.09	3.708082
3989.56	3.675874
3991.03	3.604189
3992.5	3.592859
3993.97	3.52788
3995.44	3.479264
3996.91	3.514398
3998.38	3.469977
3999.85	3.429391
4001.32	3.440702
4002.79	3.414996
4004.26	3.354855
4005.73	3.280886
4007.2	3.342025
4008.67	3.340914
4010.14	3.281045
4011.61	3.336601
4013.08	3.235464
4014.55	3.214144
4016.02	3.367767
4017.49	3.195876
4018.96	2.997642
4020.43	3.024652
4021.9	3.046933
4023.37	2.945493
4024.84	2.982053
4026.31	3.046488
4027.78	2.87178
4029.25	2.875243
4030.72	2.992872
4032.19	3.020675
4033.66	2.87327
4035.13	2.742096
4036.6	2.788921
4038.07	2.909719
4039.54	2.918314
4041.01	2.850419
4042.48	2.823297
4043.95	2.860139
4045.42	2.95732
4046.89	2.937141
4048.36	2.878928
4049.83	2.884811
4051.3	2.885669
4052.77	2.908945
4054.24	2.970021
4055.71	2.945432
4057.18	2.912985
4058.65	2.976205
4060.12	3.037145
4061.59	3.101161
4063.06	3.131399
4064.53	3.085719
4066.0	3.079836
4067.47	3.057452
4068.94	3.073818
4070.41	3.176249
4071.88	3.222961
4073.35	3.198433
4074.82	3.207655
4076.29	3.274326
4077.76	3.295137
4079.23	3.263445
4080.7	3.328207
4082.17	3.372611
4083.64	3.340493
4085.11	3.360914
4086.58	3.273188
4088.05	3.249278
4089.52	3.381659
4090.99	3.394502
4092.46	3.430368
4093.93	3.443364
4095.4	3.418157
4096.87	3.52897
4098.34	3.564436
4099.81	3.532452
4101.28	3.499313
4102.75	3.424311
4104.22	3.417583
4105.69	3.460621
4107.16	3.519645
4108.63	3.496874
4110.1	3.490988
4111.57	3.55175
4113.04	3.558705
4114.51	3.552465
4115.98	3.430339
4117.45	3.351455
4118.92	3.394921
4120.39	3.391358
4121.86	3.359077
4123.33	3.421639
4124.8	3.53311
4126.27	3.480711
4127.74	3.397064
4129.21	3.396026
4130.68	3.326532
4132.15	3.294219
4133.62	3.386366
4135.09	3.400703
4136.56	3.311735
4138.03	3.281599
4139.5	3.31736
4140.97	3.351085
4142.44	3.347081
4143.91	3.306437
4145.38	3.218934
4146.85	3.248291
4148.32	3.332621
4149.79	3.350329
4151.26	3.263587
4152.73	3.168817
4154.2	3.203413
4155.67	3.249503
4157.14	3.323527
4158.61	3.28941
4160.08	3.272368
4161.55	3.342173
4163.02	3.304793
4164.49	3.308789
4165.96	3.303366
4167.43	3.29933
4168.9	3.317899
4170.37	3.293911
4171.84	3.318489
4173.31	3.311863
4174.78	3.418601
4176.25	3.507495
4177.72	3.451054
4179.19	3.423957
4180.66	3.362176
4182.13	3.364584
4183.6	3.450604
4185.07	3.494966
4186.54	3.492025
4188.01	3.523176
4189.48	3.608909
4190.95	3.634882
4192.42	3.662958
4193.89	3.610242
4195.36	3.641691
4196.83	3.722214
4198.3	3.658172
4199.77	3.600053
4201.24	3.634356
4202.71	3.706733
4204.18	3.701488
4205.65	3.66394
4207.12	3.641616
4208.59	3.678451
4210.06	3.742193
4211.53	3.709886
4213.0	3.628062
4214.47	3.621709
4215.94	3.633532
4217.41	3.681116
4218.88	3.712971
4220.35	3.621644
4221.82	3.606158
4223.29	3.686951
4224.76	3.614522
4226.23	3.618412
4227.7	3.6965
4229.17	3.638064
4230.64	3.542848
4232.11	3.540606
4233.58	3.59435
4235.05	3.627485
4236.52	3.554542
4237.99	3.468757
4239.46	3.476791
4240.93	3.44607
4242.4	3.400134
4243.87	3.399922
4245.34	3.408243
4246.81	3.413046
4248.28	3.430946
4249.75	3.410411
4251.22	3.369651
4252.69	3.34624
4254.16	3.365939
4255.63	3.372913
4257.1	3.309913
4258.57	3.2993
4260.04	3.284651
4261.51	3.193688
4262.98	3.184927
4264.45	3.225595
4265.92	3.202604
4267.39	3.184485
4268.86	3.200405
4270.33	3.245617
4271.8	3.211607
4273.27	3.138375
4274.74	3.136081
4276.21	3.089558
4277.68	3.064311
4279.15	3.073085
4280.62	3.072817
4282.09	3.09234
4283.56	3.118572
4285.03	3.23383
4286.5	3.307492
4287.97	3.16291
4289.44	3.039879
4290.91	3.048198
4292.38	3.070888
4293.85	3.005723
4295.32	2.940893
4296.79	2.925784
4298.26	2.926428
4299.73	2.927396
4301.2	2.89104
4302.67	2.924368
4304.14	2.898247
4305.61	2.818082
4307.08	2.851566
4308.55	2.885031
4310.02	2.908491
4311.49	2.963152
4312.96	2.978778
4314.43	2.868777
4315.9	2.804853
4317.37	2.868205
4318.84	2.859803
4320.31	2.823363
4321.78	2.827462
4323.25	2.85693
4324.72	2.836595
4326.19	2.772142
4327.66	2.756107
4329.13	2.825669
4330.6	2.891094
4332.07	2.809548
4333.54	2.815893
4335.01	2.800824
4336.48	2.706954
4337.95	2.793997
4339.42	2.912328
4340.89	2.914202
4342.36	2.812971
4343.83	2.783675
4345.3	2.858134
4346.77	2.778646
4348.24	2.678868
4349.71	2.708486
4351.18	2.710516
4352.65	2.749432
4354.12	2.753165
4355.59	2.731186
4357.06	2.777117
4358.53	2.802755
4360.0	2.775633
4361.47	2.800236
4362.94	2.794788
4364.41	2.709234
4365.88	2.651363
4367.35	2.683412
4368.82	2.723453
4370.29	2.650709
4371.76	2.622443
4373.23	2.647577
4374.7	2.644206
4376.17	2.628519
4377.64	2.654873
4379.11	2.661923
4380.58	2.623979
4382.05	2.597322
4383.52	2.616122
4384.99	2.611552
4386.46	2.615288
4387.93	2.572172
4389.4	2.58095
4390.87	2.606949
4392.34	2.491971
4393.81	2.494424
4395.28	2.611436
4396.75	2.612119
4398.22	2.618706
4399.69	2.609025
4401.16	2.563956
4402.63	2.573951
4404.1	2.557966
4405.57	2.536007
4407.04	2.533209
4408.51	2.537689
4409.98	2.528747
4411.45	2.507333
4412.92	2.476021
4414.39	2.494029
4415.86	2.495366
4417.33	2.46619
4418.8	2.368486
4420.27	2.33886
4421.74	2.439835
4423.21	2.388282
4424.68	2.331819
4426.15	2.388545
4427.62	2.371866
4429.09	2.36178
4430.56	2.471262
4432.03	2.479601
4433.5	2.415578
4434.97	2.432189
4436.44	2.488594
4437.91	2.536037
4439.38	2.568128
4440.85	2.572958
4442.32	2.561219
4443.79	2.570121
4445.26	2.636108
4446.73	2.66198
4448.2	2.65275
4449.67	2.728334
4451.14	2.731946
4452.61	2.721106
4454.08	2.802281
4455.55	2.845114
4457.02	2.817867
4458.49	2.8083
4459.96	2.822738
4461.43	2.839529
4462.9	2.886721
4464.37	2.920592
4465.84	2.912649
4467.31	2.950454
4468.78	2.941162
4470.25	2.896779
4471.72	2.907989
4473.19	2.963282
4474.66	3.018723
4476.13	3.008962
4477.6	2.998812
4479.07	3.051044
4480.54	3.134316
4482.01	3.206536
4483.48	3.206672
4484.95	3.201485
4486.42	3.213475
4487.89	3.17119
4489.36	3.107979
4490.83	3.088336
4492.3	3.100386
4493.77	3.152706
4495.24	3.188103
4496.71	3.154335
4498.18	3.153722
4499.65	3.169667
4501.12	3.170978
4502.59	3.20769
4504.06	3.192662
4505.53	3.182214
4507.0	3.235433
4508.47	3.245776
4509.94	3.270186
4511.41	3.357326
4512.88	3.434405
4514.35	3.435771
4515.82	3.38245
4517.29	3.355865
4518.76	3.441252
4520.23	3.544205
4521.7	3.447144
4523.17	3.332062
4524.64	3.400581
4526.11	3.471526
4527.58	3.522839
4529.05	3.590326
4530.52	3.565514
4531.99	3.546707
4533.46	3.624352
4534.93	3.610737
4536.4	3.649742
4537.87	3.713305
4539.34	3.689502
4540.81	3.694852
4542.28	3.704701
4543.75	3.750859
4545.22	3.749137
4546.69	3.74534
4548.16	3.750906
4549.63	3.743682
4551.1	3.804238
4552.57	3.862283
4554.04	3.839296
4555.51	3.895049
4556.98	3.980094
4558.45	3.922653
4559.92	3.889584
4561.39	3.970526
4562.86	3.969451
4564.33	3.977245
4565.8	4.044552
4567.27	4.094432
4568.74	4.138871
4570.21	4.126389
4571.68	4.102836
4573.15	4.094844
4574.62	4.0267
4576.09	4.024279
4577.56	4.147575
4579.03	4.1693
4580.5	4.187402
4581.97	4.2028
4583.44	4.148812
4584.91	4.211912
4586.38	4.231192
4587.85	4.170857
4589.32	4.122799
4590.79	4.086723
4592.26	4.195235
4593.73	4.295286
4595.2	4.225058
4596.67	4.168974
4598.14	4.28282
4599.61	4.38189
4601.08	4.258543
4602.55	4.222371
4604.02	4.298043
4605.49	4.360673
4606.96	4.355849
4608.43	4.308861
4609.9	4.322474
4611.37	4.318048
4612.84	4.344186
4614.31	4.436015
4615.78	4.463933
4617.25	4.322316
4618.72	4.303275
4620.19	4.37008
4621.66	4.426414
4623.13	4.491515
4624.6	4.452175
4626.07	4.375589
4627.54	4.416955
4629.01	4.445426
4630.48	4.478546
4631.95	4.466845
4633.42	4.435228
4634.89	4.466603
4636.36	4.51702
4637.83	4.586096
4639.3	4.54563
4640.77	4.502096
4642.24	4.594365
4643.71	4.621972
4645.18	4.542039
4646.65	4.561822
4648.12	4.590995
4649.59	4.61003
4651.06	4.557207
4652.53	4.521906
4654.0	4.553563
4655.47	4.693904
4656.94	4.652504
4658.41	4.581783
4659.88	4.562797
4661.35	4.491525
4662.82	4.440879
4664.29	4.438781
4665.76	4.459674
4667.23	4.376607
4668.7	4.314274
4670.17	4.423371
4671.64	4.41842
4673.11	4.336521
4674.58	4.311041
4676.05	4.370877
4677.52	4.343822
4678.99	4.308294
4680.46	4.353092
4681.93	4.348792
4683.4	4.362673
4684.87	4.297311
4686.34	4.22065
4687.81	4.267013
4689.28	4.260367
4690.75	4.112786
4692.22	4.04277
4693.69	4.119366
4695.16	4.096451
4696.63	4.052649
4698.1	4.067232
4699.57	4.049848
4701.04	4.027122
4702.51	4.03924
4703.98	4.020697
4705.45	4.013648
4706.92	4.020569
4708.39	3.971643
4709.86	3.926865
4711.33	3.975186
4712.8	3.954544
4714.27	3.879037
4715.74	3.923485
4717.21	3.912821
4718.68	3.861819
4720.15	3.84629
4721.62	3.834357
4723.09	3.856856
4724.56	3.832978
4726.03	3.762106
4727.5	3.719527
4728.97	3.747833
4730.44	3.710026
4731.91	3.711044
4733.38	3.774614
4734.85	3.80425
4736.32	3.725476
4737.79	3.540297
4739.26	3.601156
4740.73	3.687999
4742.2	3.631616
4743.67	3.589461
4745.14	3.489854
4746.61	3.498273
4748.08	3.493095
4749.55	3.402006
4751.02	3.401718
4752.49	3.36425
4753.96	3.258212
4755.43	3.302254
4756.9	3.29889
4758.37	3.211737
4759.84	3.146765
4761.31	3.163213
4762.78	3.12258
4764.25	3.06068
4765.72	3.060575
4767.19	3.081656
4768.66	3.103679
4770.13	3.029186
4771.6	3.014246
4773.07	2.991022
4774.54	2.971809
4776.01	2.979035
4777.48	2.933558
4778.95	2.952565
4780.42	3.017606
4781.89	2.964397
4783.36	2.941581
4784.83	2.968513
4786.3	2.922568
4787.77	2.926497
4789.24	2.900295
4790.71	2.904609
4792.18	2.919182
4793.65	2.896039
4795.12	2.926839
4796.59	2.951873
4798.06	2.934541
4799.53	2.944949
4801.0	2.961557
4802.47	2.979099
4803.94	2.953437
4805.41	2.931002
4806.88	2.966305
4808.35	2.983822
4809.82	2.976509
4811.29	2.982874
4812.76	3.025084
4814.23	2.991132
4815.7	2.917916
4817.17	2.89457
4818.64	2.925693
4820.11	2.97875
4821.58	3.006178
4823.05	2.947342
4824.52	2.935039
4825.99	2.974814
4827.46	2.951317
4828.93	2.948104
4830.4	2.963937
4831.87	2.888724
4833.34	2.897384
4834.81	2.87395
4836.28	2.831226
4837.75	2.917064
4839.22	2.89627
4840.69	2.85291
4842.16	2.819652
4843.63	2.827869
4845.1	2.824494
4846.57	2.797337
4848.04	2.846576
4849.51	2.822217
4850.98	2.768194
4852.45	2.698013
4853.92	2.6611
4855.39	2.694485
4856.86	2.711361
4858.33	2.74968
4859.8	2.644845
4861.27	2.579675
4862.74	2.597441
4864.21	2.598819
4865.68	2.644159
4867.15	2.678273
4868.62	2.633003
4870.09	2.59074
4871.56	2.572278
4873.03	2.61396
4874.5	2.622063
4875.97	2.538607
4877.44	2.531202
4878.91	2.523694
4880.38	2.54422
4881.85	2.596801
4883.32	2.672766
4884.79	2.697613
4886.26	2.650526
4887.73	2.618821
4889.2	2.631993
4890.67	2.681371
4892.14	2.651446
4893.61	2.676143
4895.08	2.702165
4896.55	2.67191
4898.02	2.716551
4899.49	2.757462
4900.96	2.841767
4902.43	2.845917
4903.9	2.8629
4905.37	2.925218
4906.84	2.942107
4908.31	2.96437
4909.78	3.00519
4911.25	3.047312
4912.72	3.018239
4914.19	3.075336
4915.66	3.087884
4917.13	3.019314
4918.6	3.091763
4920.07	3.184646
4921.54	3.211928
4923.01	3.199888
4924.48	3.141326
4925.95	3.229464
4927.42	3.223713
4928.89	3.213407
4930.36	3.243982
4931.83	3.263655
4933.3	3.251547
4934.77	3.278465
4936.24	3.245885
4937.71	3.261473
4939.18	3.297654
4940.65	3.30705
4942.12	3.271619
4943.59	3.199503
4945.06	3.194459
4946.53	3.248432
4948.0	3.286657
4949.47	3.308045
4950.94	3.263603
4952.41	3.245583
4953.88	3.206409
4955.35	3.125543
4956.82	3.168615
4958.29	3.175189
4959.76	3.130304
4961.23	3.083541
4962.7	3.061073
4964.17	3.032129
4965.64	3.044983
4967.11	3.070543
4968.58	3.073448
4970.05	3.008952
4971.52	2.956528
4972.99	2.952008
4974.46	2.96003
4975.93	2.923388
4977.4	2.89784
4978.87	2.839114
4980.34	2.771757
4981.81	2.760976
4983.28	2.733335
4984.75	2.779973
4986.22	2.755419
4987.69	2.680471
4989.16	2.606931
4990.63	2.566323
4992.1	2.550571
4993.57	2.596846
4995.04	2.607159
4996.51	2.579459
4997.98	2.559723
4999.45	2.536463
5000.92	2.51358
5002.39	2.456985
5003.86	2.39639
5005.33	2.427386
5006.8	2.398275
5008.27	2.357744
5009.74	2.346177
5011.21	2.432586
5012.68	2.413713
5014.15	2.336496
5015.62	2.325462
5017.09	2.348237
5018.56	2.270566
5020.03	2.296333
5021.5	2.327164
5022.97	2.293032
5024.44	2.311171
5025.91	2.293265
5027.38	2.238939
5028.85	2.310908
5030.32	2.329372
5031.79	2.273628
5033.26	2.259731
5034.73	2.267583
5036.2	2.263289
5037.67	2.356198
5039.14	2.368872
5040.61	2.377257
5042.08	2.281036
5043.55	2.254643
5045.02	2.291423
5046.49	2.309866
5047.96	2.317004
5049.43	2.323957
5050.9	2.410832
5052.37	2.41951
5053.84	2.364373
5055.31	2.359998
5056.78	2.401057
5058.25	2.385882
5059.72	2.353836
5061.19	2.367874
5062.66	2.364802
5064.13	2.385304
5065.6	2.445576
5067.07	2.4947
5068.54	2.532894
5070.01	2.509439
5071.48	2.511881
5072.95	2.551849
5074.42	2.531862
5075.89	2.55467
5077.36	2.542332
5078.83	2.488154
5080.3	2.57542
5081.77	2.65298
5083.24	2.690905
5084.71	2.670628
5086.18	2.69329
5087.65	2.685601
5089.12	2.733717
5090.59	2.688389
5092.06	2.613434
5093.53	2.703261
5095.0	2.741104
5096.47	2.716645
5097.94	2.742905
5099.41	2.792453
5100.88	2.836705
5102.35	2.834003
5103.82	2.835762
5105.29	2.822952
5106.76	2.84756
5108.23	2.817793
5109.7	2.900558
5111.17	2.900939
5112.64	2.82745
5114.11	2.833551
5115.58	2.867346
5117.05	2.939057
5118.52	2.95895
5119.99	2.967459
5121.46	3.008184
5122.93	3.022596
5124.4	3.053521
5125.87	3.049428
5127.34	3.079435
5128.81	3.093905
5130.28	3.118882
5131.75	3.158447
5133.22	3.178221
5134.69	3.2285
5136.16	3.22657
5137.63	3.219452
5139.1	3.202696
5140.57	3.218055
5142.04	3.221255
5143.51	3.216501
5144.98	3.191922
5146.45	3.240956
5147.92	3.310133
5149.39	3.366823
5150.86	3.369264
5152.33	3.378414
5153.8	3.41341
5155.27	3.396532
5156.74	3.444036
5158.21	3.47874
5159.68	3.453149
5161.15	3.484817
5162.62	3.53359
5164.09	3.534112
5165.56	3.528805
5167.03	3.549949
5168.5	3.5977
5169.97	3.609009
5171.44	3.645456
5172.91	3.655275
5174.38	3.642062
5175.85	3.642137
5177.32	3.718014
5178.79	3.747088
5180.26	3.78914
5181.73	3.832863
5183.2	3.834327
5184.67	3.87602
5186.14	3.915744
5187.61	3.846957
5189.08	3.870989
5190.55	3.944225
5192.02	3.947583
5193.49	3.912224
5194.96	3.952823
5196.43	3.89339
5197.9	3.893076
5199.37	3.977732
5200.84	3.990264
5202.31	3.998495
5203.78	3.966103
5205.25	3.94456
5206.72	3.994805
5208.19	4.038547
5209.66	4.022416
5211.13	3.999301
5212.6	4.039143
5214.07	4.019835
5215.54	3.986112
5217.01	4.056855
5218.48	4.075475
5219.95	3.990155
5221.42	3.966867
5222.89	3.971699
5224.36	4.011704
5225.83	4.054153
5227.3	4.009953
5228.77	4.031372
5230.24	4.073945
5231.71	4.07028
5233.18	4.121481
5234.65	4.155633
5236.12	4.142114
5237.59	4.142498
5239.06	4.104335
5240.53	4.108916
5242.0	4.165419
5243.47	4.137115
5244.94	4.085493
5246.41	4.062723
5247.88	4.07513
5249.35	4.139177
5250.82	4.182006
5252.29	4.094867
5253.76	4.081968
5255.23	4.172248
5256.7	4.13825
5258.17	4.179233
5259.64	4.232424
5261.11	4.183372
5262.58	4.187749
5264.05	4.208182
5265.52	4.187499
5266.99	4.152311
5268.46	4.144982
5269.93	4.111759
5271.4	4.110172
5272.87	4.192751
5274.34	4.199934
5275.81	4.127079
5277.28	4.107747
5278.75	4.135287
5280.22	4.169683
5281.69	4.203006
5283.16	4.239205
5284.63	4.207079
5286.1	4.20229
5287.57	4.207973
5289.04	4.154854
5290.51	4.154682
5291.98	4.184329
5293.45	4.122504
5294.92	4.120544
5296.39	4.194867
5297.86	4.205215
5299.33	4.18962
5300.8	4.173066
5302.27	4.225136
5303.74	4.223619
5305.21	4.156089
5306.68	4.113356
5308.15	4.081786
5309.62	4.082923
5311.09	4.106529
5312.56	4.168267
5314.03	4.153461
5315.5	4.082603
5316.97	4.082553
5318.44	4.083963
5319.91	4.116141
5321.38	4.130337
5322.85	4.128483
5324.32	4.129596
5325.79	4.113167
5327.26	4.066244
5328.73	4.028627
5330.2	3.960811
5331.67	3.983377
5333.14	4.026816
5334.61	3.998265
5336.08	3.978396
5337.55	3.932052
5339.02	3.907471
5340.49	3.953231
5341.96	3.963804
5343.43	3.928482
5344.9	3.871004
5346.37	3.867475
5347.84	3.831272
5349.31	3.850245
5350.78	3.838283
5352.25	3.857815
5353.72	3.804873
5355.19	3.809881
5356.66	3.807103
5358.13	3.822054
5359.6	3.808156
5361.07	3.748245
5362.54	3.670583
5364.01	3.664794
5365.48	3.667811
5366.95	3.660489
5368.42	3.769652
5369.89	3.76907
5371.36	3.742641
5372.83	3.748286
5374.3	3.669704
5375.77	3.655487
5377.24	3.705916
5378.71	3.646066
5380.18	3.630673
5381.65	3.60657
5383.12	3.587065
5384.59	3.619323
5386.06	3.660595
5387.53	3.646196
5389.0	3.634713
5390.47	3.637486
5391.94	3.634037
5393.41	3.635098
5394.88	3.606189
5396.35	3.592367
5397.82	3.583671
5399.29	3.57694
5400.76	3.552013
5402.23	3.574421
5403.7	3.599243
5405.17	3.501206
5406.64	3.489694
5408.11	3.530126
5409.58	3.55466
5411.05	3.584291
5412.52	3.605963
5413.99	3.558496
5415.46	3.526598
5416.93	3.559039
5418.4	3.61552
5419.87	3.644664
5421.34	3.610896
5422.81	3.600402
5424.28	3.597656
5425.75	3.627058
5427.22	3.660144
5428.69	3.628178
5430.16	3.586106
5431.63	3.612299
5433.1	3.680723
5434.57	3.601842
5436.04	3.648043
5437.51	3.691983
5438.98	3.623422
5440.45	3.638699
5441.92	3.615334
5443.39	3.569227
5444.86	3.585376
5446.33	3.56996
5447.8	3.566009
5449.27	3.572503
5450.74	3.560958
5452.21	3.590149
5453.68	3.608674
5455.15	3.639594
5456.62	3.671984
5458.09	3.661385
5459.56	3.622044
5461.03	3.581467
5462.5	3.567395
5463.97	3.601661
5465.44	3.600515
5466.91	3.585554
5468.38	3.553839
5469.85	3.607695
5471.32	3.597688
5472.79	3.650901
5474.26	3.690582
5475.73	3.599668
5477.2	3.606677
5478.67	3.673904
5480.14	3.656209
5481.61	3.640222
5483.08	3.68116
5484.55	3.637625
5486.02	3.528796
5487.49	3.550614
5488.96	3.503505
5490.43	3.51468
5491.9	3.535564
5493.37	3.585269
5494.84	3.622647
5496.31	3.602157
5497.78	3.605431
5499.25	3.621496
5500.72	3.637682
5502.19	3.64447
5503.66	3.672479
5505.13	3.636658
5506.6	3.596028
5508.07	3.593376
5509.54	3.531781
5511.01	3.549263
5512.48	3.626402
5513.95	3.666428
5515.42	3.612665
5516.89	3.587018
5518.36	3.59035
5519.83	3.577171
5521.3	3.548604
5522.77	3.501595
5524.24	3.508979
5525.71	3.535509
5527.18	3.571053
5528.65	3.595776
5530.12	3.651588
5531.59	3.651878
5533.06	3.567379
5534.53	3.533544
5536.0	3.514589
5537.47	3.498776
5538.94	3.529396
5540.41	3.555704
5541.88	3.562247
5543.35	3.601021
5544.82	3.644235
5546.29	3.668599
5547.76	3.616996
5549.23	3.583278
5550.7	3.669611
5552.17	3.7077
5553.64	3.604366
5555.11	3.555265
5556.58	3.568808
5558.05	3.603234
5559.52	3.665379
5560.99	3.670311
5562.46	3.666743
5563.93	3.635653
5565.4	3.545588
5566.87	3.553583
5568.34	3.650844
5569.81	3.639437
5571.28	3.634528
5572.75	3.705414
5574.22	3.706777
5575.69	3.612521
5577.16	3.602175
5578.63	3.680197
5580.1	3.610094
5581.57	3.601182
5583.04	3.676644
5584.51	3.612355
5585.98	3.616025
5587.45	3.70665
5588.92	3.652838
5590.39	3.581332
5591.86	3.586539
5593.33	3.632018
5594.8	3.656023
5596.27	3.603125
5597.74	3.552384
5599.21	3.577007
5600.68	3.607214
5602.15	3.630131
5603.62	3.619398
5605.09	3.535879
5606.56	3.469211
5608.03	3.47685
5609.5	3.571167
5610.97	3.63009
5612.44	3.630843
5613.91	3.584088
5615.38	3.515012
5616.85	3.560777
5618.32	3.630711
5619.79	3.595676
5621.26	3.576644
5622.73	3.588248
5624.2	3.601322
5625.67	3.562904
5627.14	3.559765
5628.61	3.551963
5630.08	3.584533
5631.55	3.645714
5633.02	3.611432
5634.49	3.498722
5635.96	3.51215
5637.43	3.563741
5638.9	3.597073
5640.37	3.551569
5641.84	3.44664
5643.31	3.524939
5644.78	3.537746
5646.25	3.490758
5647.72	3.54265
5649.19	3.525267
5650.66	3.518823
5652.13	3.469584
5653.6	3.507512
5655.07	3.506498
5656.54	3.52054
5658.01	3.507468
5659.48	3.447253
5660.95	3.481533
5662.42	3.481168
5663.89	3.4644
5665.36	3.463944
5666.83	3.448169
5668.3	3.337033
5669.77	3.387071
5671.24	3.428619
5672.71	3.518745
5674.18	3.526357
5675.65	3.441408
5677.12	3.423585
5678.59	3.419414
5680.06	3.471251
5681.53	3.490048
5683.0	3.468807
5684.47	3.44365
5685.94	3.401738
5687.41	3.441441
5688.88	3.502803
5690.35	3.458352
5691.82	3.435359
5693.29	3.414524
5694.76	3.428092
5696.23	3.428914
5697.7	3.35456
5699.17	3.404061
5700.64	3.439009
5702.11	3.325155
5703.58	3.320339
5705.05	3.369533
5706.52	3.273682
5707.99	3.25481
5709.46	3.348742
5710.93	3.342334
5712.4	3.331897
5713.87	3.275187
5715.34	3.254001
5716.81	3.305008
5718.28	3.300483
5719.75	3.290589
5721.22	3.275676
5722.69	3.325677
5724.16	3.368231
5725.63	3.264728
5727.1	3.23786
5728.57	3.272942
5730.04	3.297649
5731.51	3.294379
5732.98	3.234936
5734.45	3.256846
5735.92	3.221254
5737.39	3.196104
5738.86	3.16678
5740.33	3.165717
5741.8	3.153022
5743.27	3.164473
5744.74	3.167146
5746.21	3.18093
5747.68	3.245889
5749.15	3.228485
5750.62	3.188713
5752.09	3.171779
5753.56	3.196587
5755.03	3.255361
5756.5	3.240476
5757.97	3.295965
5759.44	3.319133
5760.91	3.227215
5762.38	3.209068
5763.85	3.222368
5765.32	3.209299
5766.79	3.153189
5768.26	3.121829
5769.73	3.224354
5771.2	3.234646
5772.67	3.147585
5774.14	3.17565
5775.61	3.202526
5777.08	3.145971
5778.55	3.078031
5780.02	3.100856
5781.49	3.164311
5782.96	3.182599
5784.43	3.230872
5785.9	3.367446
5787.37	3.311668
5788.84	3.181617
5790.31	3.268386
5791.78	3.340714
5793.25	3.317263
5794.72	3.263175
5796.19	3.312073
5797.66	3.352452
5799.13	3.329808
5800.6	3.32169
5802.07	3.325492
5803.54	3.426837
5805.01	3.454011
5806.48	3.365353
5807.95	3.391153
5809.42	3.492773
5810.89	3.480126
5812.36	3.479045
5813.83	3.516392
5815.3	3.479533
5816.77	3.493181
5818.24	3.533254
5819.71	3.511196
5821.18	3.543652
5822.65	3.573987
5824.12	3.593898
5825.59	3.590854
5827.06	3.607696
5828.53	3.553644
5830.0	3.527829
5831.47	3.580757
5832.94	3.600707
5834.41	3.672071
5835.88	3.693158
5837.35	3.667992
5838.82	3.676764
5840.29	3.662555
5841.76	3.666817
5843.23	3.64126
5844.7	3.634341
5846.17	3.591775
5847.64	3.562777
5849.11	3.665663
5850.58	3.747086
5852.05	3.717038
5853.52	3.720253
5854.99	3.753809
5856.46	3.769442
5857.93	3.785978
5859.4	3.77484
5860.87	3.755762
5862.34	3.782227
5863.81	3.847788
5865.28	3.824287
5866.75	3.777149
5868.22	3.840129
5869.69	3.824485
5871.16	3.769009
5872.63	3.861757
5874.1	3.870817
5875.57	3.857444
5877.04	3.843086
5878.51	3.85256
5879.98	3.858051
5881.45	3.85566
5882.92	3.878499
5884.39	3.831443
5885.86	3.709019
5887.33	3.508666
5888.8	3.369809
5890.27	3.283691
5891.74	3.232524
5893.21	3.234086
5894.68	3.365598
5896.15	3.375893
5897.62	3.477957
5899.09	3.691244
5900.56	3.858152
5902.03	3.871126
5903.5	3.874943
5904.97	3.926306
5906.44	3.865967
5907.91	3.893253
5909.38	3.804457
5910.85	3.762239
5912.32	3.85304
5913.79	3.836205
5915.26	3.87152
5916.73	3.87236
5918.2	3.88839
5919.67	3.981233
5921.14	3.918364
5922.61	3.933051
5924.08	3.885415
5925.55	3.834584
5927.02	3.85855
5928.49	3.911573
5929.96	3.910708
5931.43	3.860638
5932.9	3.83637
5934.37	3.81982
5935.84	3.860191
5937.31	3.842612
5938.78	3.835446
5940.25	3.791487
5941.72	3.762457
5943.19	3.774763
5944.66	3.760982
5946.13	3.779196
5947.6	3.726655
5949.07	3.691683
5950.54	3.762562
5952.01	3.807596
5953.48	3.824869
5954.95	3.793596
5956.42	3.733428
5957.89	3.711731
5959.36	3.729773
5960.83	3.74735
5962.3	3.787538
5963.77	3.745994
5965.24	3.617443
5966.71	3.612993
5968.18	3.617551
5969.65	3.583752
5971.12	3.633765
5972.59	3.686134
5974.06	3.674312
5975.53	3.582414
5977.0	3.601356
5978.47	3.696738
5979.94	3.765056
5981.41	3.740934
5982.88	3.689449
5984.35	3.661537
5985.82	3.656841
5987.29	3.640889
5988.76	3.625056
5990.23	3.655849
5991.7	3.649902
5993.17	3.615481
5994.64	3.599794
5996.11	3.657711
5997.58	3.72644
5999.05	3.68751
6000.52	3.560061
6001.99	3.577283
6003.46	3.609273
6004.93	3.610833
6006.4	3.660601
6007.87	3.641428
6009.34	3.601936
6010.81	3.578961
6012.28	3.601467
6013.75	3.589963
6015.22	3.591888
6016.69	3.652213
6018.16	3.621392
6019.63	3.594551
6021.1	3.59808
6022.57	3.542852
6024.04	3.556031
6025.51	3.55357
6026.98	3.536521
6028.45	3.562487
6029.92	3.55678
6031.39	3.530703
6032.86	3.532287
6034.33	3.52541
6035.8	3.483672
6037.27	3.416058
6038.74	3.437206
6040.21	3.532945
6041.68	3.543324
6043.15	3.514702
6044.62	3.510167
6046.09	3.501151
6047.56	3.469276
6049.03	3.486118
6050.5	3.500289
6051.97	3.475126
6053.44	3.479317
6054.91	3.512669
6056.38	3.551643
6057.85	3.565596
6059.32	3.478928
6060.79	3.48032
6062.26	3.554729
6063.73	3.532279
6065.2	3.443173
6066.67	3.47635
6068.14	3.49048
6069.61	3.467207
6071.08	3.471566
6072.55	3.455137
6074.02	3.474111
6075.49	3.444617
6076.96	3.48085
6078.43	3.497127
6079.9	3.454182
6081.37	3.493864
6082.84	3.524697
6084.31	3.495283
6085.78	3.473412
6087.25	3.537618
6088.72	3.586573
6090.19	3.555439
6091.66	3.519833
6093.13	3.489293
6094.6	3.516245
6096.07	3.52334
6097.54	3.471826
6099.01	3.574477
6100.48	3.550758
6101.95	3.481083
6103.42	3.428834
6104.89	3.478916
6106.36	3.402167
6107.83	3.37697
6109.3	3.45079
6110.77	3.479277
6112.24	3.396713
6113.71	3.403433
6115.18	3.411439
6116.65	3.438921
6118.12	3.35449
6119.59	3.359724
6121.06	3.365875
6122.53	3.312545
6124.0	3.265425
6125.47	3.266073
6126.94	3.341679
6128.41	3.239091
6129.88	3.239739
6131.35	3.1585
6132.82	3.066854
6134.29	3.115867
6135.76	3.104523
6137.23	3.070475
6138.7	2.951277
6140.17	2.867867
6141.64	2.826322
6143.11	2.802006
6144.58	2.807692
6146.05	2.794093
6147.52	2.835741
6148.99	2.842698
6150.46	2.794994
6151.93	2.791881
6153.4	2.781098
6154.87	2.784452
6156.34	2.770528
6157.81	2.728687
6159.28	2.704654
6160.75	2.673564
6162.22	2.651841
6163.69	2.605509
6165.16	2.54762
6166.63	2.485263
6168.1	2.484924
6169.57	2.528619
6171.04	2.548643
6172.51	2.486359
6173.98	2.467403
6175.45	2.526111
6176.92	2.541404
6178.39	2.512658
6179.86	2.516951
6181.33	2.562389
6182.8	2.605865
6184.27	2.578579
6185.74	2.589048
6187.21	2.611223
6188.68	2.61167
6190.15	2.608807
6191.62	2.622344
6193.09	2.678523
6194.56	2.673313
6196.03	2.582161
6197.5	2.578147
6198.97	2.633018
6200.44	2.615155
6201.91	2.61584
6203.38	2.609986
6204.85	2.570639
6206.32	2.556138
6207.79	2.581225
6209.26	2.60065
6210.73	2.560523
6212.2	2.58618
6213.67	2.646229
6215.14	2.701589
6216.61	2.721056
6218.08	2.667867
6219.55	2.655662
6221.02	2.632861
6222.49	2.677715
6223.96	2.744129
6225.43	2.711103
6226.9	2.678588
6228.37	2.677416
6229.84	2.675019
6231.31	2.675062
6232.78	2.71118
6234.25	2.736689
6235.72	2.676771
6237.19	2.658365
6238.66	2.683513
6240.13	2.785818
6241.6	2.761303
6243.07	2.70978
6244.54	2.743599
6246.01	2.767522
6247.48	2.794426
6248.95	2.74609
6250.42	2.759859
6251.89	2.835336
6253.36	2.826798
6254.83	2.818284
6256.3	2.78797
6257.77	2.786365
6259.24	2.828983
6260.71	2.801766
6262.18	2.824477
6263.65	2.876633
6265.12	2.806692
6266.59	2.80895
6268.06	2.840467
6269.53	2.792932
6271.0	2.843274
6272.47	2.873367
6273.94	2.851343
6275.41	2.854268
6276.88	2.802898
6278.35	2.722818
6279.82	2.729766
6281.29	2.666929
6282.76	2.591342
6284.23	2.674089
6285.7	2.699935
6287.17	2.753604
6288.64	2.731468
6290.11	2.767137
6291.58	2.808051
6293.05	2.849034
6294.52	2.900294
6295.99	2.922714
6297.46	2.879951
6298.93	2.869202
6300.4	2.890745
6301.87	2.949868
6303.34	2.910024
6304.81	2.857455
6306.28	2.972389
6307.75	2.951678
6309.22	2.912663
6310.69	2.900658
6312.16	2.922228
6313.63	2.891531
6315.1	2.905382
6316.57	2.949226
6318.04	2.939329
6319.51	2.912542
6320.98	2.859859
6322.45	2.834789
6323.92	2.852425
6325.39	2.8847
6326.86	2.965698
6328.33	3.058556
6329.8	3.028977
6331.27	2.98151
6332.74	2.995491
6334.21	2.961998
6335.68	2.994964
6337.15	3.038554
6338.62	2.919454
6340.09	2.868994
6341.56	2.966303
6343.03	2.944662
6344.5	2.906321
6345.97	2.882899
6347.44	2.889922
6348.91	2.924566
6350.38	2.882223
6351.85	2.907059
6353.32	2.977273
6354.79	2.893571
6356.26	2.843813
6357.73	2.830378
6359.2	2.856924
6360.67	2.871072
6362.14	2.778732
6363.61	2.792477
6365.08	2.837529
6366.55	2.840943
6368.02	2.818151
6369.49	2.808991
6370.96	2.815673
6372.43	2.828135
6373.9	2.853997
6375.37	2.8186
6376.84	2.808236
6378.31	2.805202
6379.78	2.787151
6381.25	2.781148
6382.72	2.825555
6384.19	2.798812
6385.66	2.786313
6387.13	2.792581
6388.6	2.801533
6390.07	2.813068
6391.54	2.791361
6393.01	2.759773
6394.48	2.814791
6395.95	2.821202
6397.42	2.821045
6398.89	2.806295
6400.36	2.749103
6401.83	2.788752
6403.3	2.799775
6404.77	2.774938
6406.24	2.755717
6407.71	2.755311
6409.18	2.743142
6410.65	2.729403
6412.12	2.767476
6413.59	2.750815
6415.06	2.737025
6416.53	2.833831
6418.0	2.762027
6419.47	2.717742
6420.94	2.754232
6422.41	2.728513
6423.88	2.720405
6425.35	2.718862
6426.82	2.720045
6428.29	2.738744
6429.76	2.735332
6431.23	2.720927
6432.7	2.698107
6434.17	2.698236
6435.64	2.711757
6437.11	2.716362
6438.58	2.760089
6440.05	2.772312
6441.52	2.737097
6442.99	2.701713
6444.46	2.671932
6445.93	2.73911
6447.4	2.760758
6448.87	2.711614
6450.34	2.669368
6451.81	2.69107
6453.28	2.726588
6454.75	2.645168
6456.22	2.675717
6457.69	2.709773
6459.16	2.614819
6460.63	2.607815
6462.1	2.641992
6463.57	2.710052
6465.04	2.693533
6466.51	2.757174
6467.98	2.71793
6469.45	2.73695
6470.92	2.741865
6472.39	2.73266
6473.86	2.798508
6475.33	2.814014
6476.8	2.80365
6478.27	2.706609
6479.74	2.730309
6481.21	2.782939
6482.68	2.723084
6484.15	2.690928
6485.62	2.684693
6487.09	2.66971
6488.56	2.674913
6490.03	2.694298
6491.5	2.657966
6492.97	2.578888
6494.44	2.615267
6495.91	2.677235
6497.38	2.70167
6498.85	2.761471
6500.32	2.763593
6501.79	2.720626
6503.26	2.724227
6504.73	2.642924
6506.2	2.666994
6507.67	2.755224
6509.14	2.756514
6510.61	2.680241
6512.08	2.759751
6513.55	2.736045
6515.02	2.632554
6516.49	2.603364
6517.96	2.698816
6519.43	2.731703
6520.9	2.682317
6522.37	2.645809
6523.84	2.567337
6525.31	2.572701
6526.78	2.638229
6528.25	2.62235
6529.72	2.604622
6531.19	2.602518
6532.66	2.65117
6534.13	2.60691
6535.6	2.576856
6537.07	2.639635
6538.54	2.692586
6540.01	2.685877
6541.48	2.682507
6542.95	2.676667
6544.42	2.675289
6545.89	2.705256
6547.36	2.706399
6548.83	2.711316
6550.3	2.764415
6551.77	2.678265
6553.24	2.661767
6554.71	2.657934
6556.18	2.644487
6557.65	2.626247
6559.12	2.608041
6560.59	2.584738
6562.06	2.583655
6563.53	2.62475
6565.0	2.654062
6566.47	2.611077
6567.94	2.591603
6569.41	2.649555
6570.88	2.644245
6572.35	2.642763
6573.82	2.713657
6575.29	2.723761
6576.76	2.671518
6578.23	2.618797
6579.7	2.690937
6581.17	2.716396
6582.64	2.618224
6584.11	2.572164
6585.58	2.611627
6587.05	2.6225
6588.52	2.595612
6589.99	2.555711
6591.46	2.561237
6592.93	2.535465
6594.4	2.501218
6595.87	2.576518
6597.34	2.611451
6598.81	2.563419
6600.28	2.551066
6601.75	2.630835
6603.22	2.613288
6604.69	2.530963
6606.16	2.526677
6607.63	2.589442
6609.1	2.605641
6610.57	2.504633
6612.04	2.45521
6613.51	2.491033
6614.98	2.485063
6616.45	2.475312
6617.92	2.561222
6619.39	2.571325
6620.86	2.548037
6622.33	2.534372
6623.8	2.530944
6625.27	2.573665
6626.74	2.567312
6628.21	2.47849
6629.68	2.505779
6631.15	2.500345
6632.62	2.439644
6634.09	2.441455
6635.56	2.500078
6637.03	2.514136
6638.5	2.499461
6639.97	2.482585
6641.44	2.507462
6642.91	2.499684
6644.38	2.493035
6645.85	2.491079
6647.32	2.522692
6648.79	2.584898
6650.26	2.579209
6651.73	2.540398
6653.2	2.583997
6654.67	2.519311
6656.14	2.530795
6657.61	2.58315
6659.08	2.590684
6660.55	2.530313
6662.02	2.471896
6663.49	2.458499
6664.96	2.45808
6666.43	2.47218
6667.9	2.439205
6669.37	2.407881
6670.84	2.42487
6672.31	2.451704
6673.78	2.418943
6675.25	2.494151
6676.72	2.473901
6678.19	2.456022
6679.66	2.447082
6681.13	2.483487
6682.6	2.469792
6684.07	2.41035
6685.54	2.454731
6687.01	2.453219
6688.48	2.40538
6689.95	2.427821
6691.42	2.520033
6692.89	2.519605
6694.36	2.435457
6695.83	2.406468
6697.3	2.495897
6698.77	2.472889
6700.24	2.479583
6701.71	2.443472
6703.18	2.426456
6704.65	2.361436
6706.12	2.365604
6707.59	2.355326
6709.06	2.329479
6710.53	2.332833
6712.0	2.311234
6713.47	2.364285
6714.94	2.419667
6716.41	2.436753
6717.88	2.368495
6719.35	2.406216
6720.82	2.48193
6722.29	2.41563
6723.76	2.422128
6725.23	2.38284
6726.7	2.309059
6728.17	2.343772
6729.64	2.402739
6731.11	2.427258
6732.58	2.362126
6734.05	2.398108
6735.52	2.412528
6736.99	2.30119
6738.46	2.300597
6739.93	2.288441
6741.4	2.280962
6742.87	2.29354
6744.34	2.350683
6745.81	2.348533
6747.28	2.360668
6748.75	2.32238
6750.22	2.277888
6751.69	2.279586
6753.16	2.338471
6754.63	2.384174
6756.1	2.302619
6757.57	2.320942
6759.04	2.287716
6760.51	2.284559
6761.98	2.356004
6763.45	2.346354
6764.92	2.321912
6766.39	2.308064
6767.86	2.291865
6769.33	2.32115
6770.8	2.33989
6772.27	2.289258
6773.74	2.258675
6775.21	2.307858
6776.68	2.314338
6778.15	2.275913
6779.62	2.220741
6781.09	2.265112
6782.56	2.268791
6784.03	2.242089
6785.5	2.207256
6786.97	2.296085
6788.44	2.253787
6789.91	2.177816
6791.38	2.231147
6792.85	2.228551
6794.32	2.205827
6795.79	2.224101
6797.26	2.207578
6798.73	2.20864
6800.2	2.223125
6801.67	2.238837
6803.14	2.243969
6804.61	2.260562
6806.08	2.256545
6807.55	2.215541
6809.02	2.233139
6810.49	2.252971
6811.96	2.239382
6813.43	2.201611
6814.9	2.165779
6816.37	2.202889
6817.84	2.228716
6819.31	2.166492
6820.78	2.157435
6822.25	2.202447
6823.72	2.18952
6825.19	2.151492
6826.66	2.122625
6828.13	2.089171
6829.6	2.066807
6831.07	2.037609
6832.54	2.054712
6834.01	2.114059
6835.48	2.139993
6836.95	2.106348
6838.42	2.015458
6839.89	2.050917
6841.36	2.109553
6842.83	2.085651
6844.3	2.105026
6845.77	2.181391
6847.24	2.21678
6848.71	2.203043
6850.18	2.141752
6851.65	2.13873
6853.12	2.127199
6854.59	2.118913
6856.06	2.148723
6857.53	2.110791
6859.0	2.099989
6860.47	2.098496
6861.94	2.106876
6863.41	2.084646
6864.88	2.108541
6866.35	2.136278
6867.82	2.042371
6869.29	2.019756
6870.76	2.025924
6872.23	1.993219
6873.7	2.016183
6875.17	2.067714
6876.64	2.058565
6878.11	2.037627
6879.58	2.038602
6881.05	2.084903
6882.52	2.11745
6883.99	2.151032
6885.46	2.101521
6886.93	2.108625
6888.4	2.038116
6889.87	2.032105
6891.34	2.09651
6892.81	2.015895
6894.28	2.078427
6895.75	2.077683
6897.22	2.068851
6898.69	2.076899
6900.16	2.001631
6901.63	2.003075
6903.1	2.002456
6904.57	2.054026
6906.04	2.01747
6907.51	2.050894
6908.98	2.063116
6910.45	2.045731
6911.92	2.077718
6913.39	2.004076
6914.86	1.962167
6916.33	1.962766
6917.8	2.068951
6919.27	1.968794
6920.74	1.999197
6922.21	2.038017
6923.68	2.047187
6925.15	2.032495
6926.62	1.95666
6928.09	2.06736
6929.56	2.118435
6931.03	2.144183
6932.5	2.027244
6933.97	2.044733
6935.44	2.047835
6936.91	2.12549
6938.38	2.119642
6939.85	2.110984
6941.32	2.050154
6942.79	2.071836
6944.26	2.001471
6945.73	1.967306
6947.2	2.000357
6948.67	1.984536
6950.14	1.962146
6951.61	1.959463
6953.08	2.028979
6954.55	2.052387
6956.02	1.960673
6957.49	1.952016
6958.96	1.957168
6960.43	1.944679
6961.9	1.961543
6963.37	1.995483
6964.84	1.932703
6966.31	1.98502
6967.78	1.938994
6969.25	1.895916
6970.72	1.897727
6972.19	1.94364
6973.66	1.894216
6975.13	1.900624
6976.6	1.887571
6978.07	1.893579
6979.54	1.870272
6981.01	1.898126
6982.48	1.754239
6983.95	1.806732
6985.42	1.89612
6986.89	1.88672
6988.36	1.85174
6989.83	1.897113
6991.3	1.881802
6992.77	1.945393
6994.24	1.920061
6995.71	1.876437
6997.18	1.898775
6998.65	1.863935
7000.12	1.875825
7001.59	1.80421
7003.06	1.896379
7004.53	1.880163
7006.0	1.886608
7007.47	1.849829
7008.94	1.894468
7010.41	1.879304
7011.88	1.791105
7013.35	1.819323
7014.82	1.877755
7016.29	2.346257
7017.76	2.238397
7019.23	1.904882
7020.7	1.815597
7022.17	1.835733
7023.64	1.817499
7025.11	1.854468
7026.58	1.880099
7028.05	1.86603
7029.52	1.906376
7030.99	1.824335
7032.46	1.806474
7033.93	1.741201
7035.4	1.724377
7036.87	1.791469
7038.34	1.823149
7039.81	1.766569
7041.28	1.726943
7042.75	1.781785
7044.22	1.755576
7045.69	1.746012
7047.16	1.727121
7048.63	1.743527
7050.1	1.723343
7051.57	1.789668
7053.04	1.745751
7054.51	1.751646
7055.98	1.843028
7057.45	1.775515
7058.92	1.742362
7060.39	1.760841
7061.86	1.741945
7063.33	1.816432
7064.8	1.818072
7066.27	1.706872
7067.74	1.745427
7069.21	1.749349
7070.68	1.701347
7072.15	1.640134
7073.62	1.67688
7075.09	1.729241
7076.56	1.708763
7078.03	1.681089
7079.5	1.665864
7080.97	1.689663
7082.44	1.724998
7083.91	1.672198
7085.38	1.658953
7086.85	1.702176
7088.32	1.707316
7089.79	1.703365
7091.26	1.710573
7092.73	1.730682
7094.2	1.72644
7095.67	1.747728
7097.14	1.746708
7098.61	1.725359
7100.08	1.659726
7101.55	1.621472
7103.02	1.651574
7104.49	1.707748
7105.96	1.692879
7107.43	1.585703
7108.9	1.589413
7110.37	1.65769
7111.84	1.628628
7113.31	1.596424
7114.78	1.610786
7116.25	1.596676
7117.72	1.57874
7119.19	1.622665
7120.66	1.635902
7122.13	1.640815
7123.6	1.670322
7125.07	1.663981
7126.54	1.677801
7128.01	1.653801
7129.48	1.650649
7130.95	1.71969
7132.42	1.671267
7133.89	1.622558
7135.36	1.633252
7136.83	1.56313
7138.3	1.551664
7139.77	1.622514
7141.24	1.632047
7142.71	1.597615
7144.18	1.632605
7145.65	1.662629
7147.12	1.641437
7148.59	1.621918
7150.06	1.700766
7151.53	1.726894
7153.0	1.676656
7154.47	1.617489
7155.94	1.620006
7157.41	1.70432
7158.88	1.6771
7160.35	1.673592
7161.82	1.669372
7163.29	1.627897
7164.76	1.644123
7166.23	1.712297
7167.7	1.735462
7169.17	1.678168
7170.64	1.690945
7172.11	1.750302
7173.58	1.795385
7175.05	1.759129
7176.52	1.71409
7177.99	1.721734
7179.46	1.762773
7180.93	1.722987
7182.4	1.780058
7183.87	1.849068
7185.34	1.856462
7186.81	1.840685
7188.28	1.800463
7189.75	1.771678
7191.22	1.713421
7192.69	1.79951
7194.16	1.892031
7195.63	1.870571
7197.1	1.856284
7198.57	1.916704
7200.04	1.851026
7201.51	1.834308
7202.98	1.807997
7204.45	1.704522
7205.92	1.669816
7207.39	1.677687
7208.86	1.649874
7210.33	1.574435
7211.8	1.578259
7213.27	1.596163
7214.74	1.652424
7216.21	1.623305
7217.68	1.607126
7219.15	1.63646
7220.62	1.64247
7222.09	1.607622
7223.56	1.568609
7225.03	1.668765
7226.5	1.73444
7227.97	1.769498
7229.44	1.695082
7230.91	1.717334
7232.38	1.791662
7233.85	1.751217
7235.32	1.658479
7236.79	1.693851
7238.26	1.690857
7239.73	1.659537
7241.2	1.677777
7242.67	1.687041
7244.14	1.687368
7245.61	1.668658
7247.08	1.610448
7248.55	1.601267
7250.02	1.620699
7251.49	1.722086
7252.96	1.706331
7254.43	1.703605
7255.9	1.675852
7257.37	1.654118
7258.84	1.711495
7260.31	1.710801
7261.78	1.717248
7263.25	1.736854
7264.72	1.743436
7266.19	1.715248
7267.66	1.691515
7269.13	1.72398
7270.6	1.720557
7272.07	1.68319
7273.54	1.710291
7275.01	1.740971
7276.48	1.747388
7277.95	1.621365
7279.42	1.588982
7280.89	1.566184
7282.36	1.526279
7283.83	1.550448
7285.3	1.558199
7286.77	1.614796
7288.24	1.631727
7289.71	1.65483
7291.18	1.656678
7292.65	1.64846
7294.12	1.619624
7295.59	1.631178
7297.06	1.689555
7298.53	1.732221
7300.0	1.732556
7301.47	1.752325
7302.94	1.738706
7304.41	1.752793
7305.88	1.686031
7307.35	1.684654
7308.82	1.645619
7310.29	1.650146
7311.76	1.678805
7313.23	1.673885
7314.7	1.600852
7316.17	1.634194
7317.64	1.595572
7319.11	1.618509
7320.58	1.515627
7322.05	1.529026
7323.52	1.470661
7324.99	1.440356
7326.46	1.420649
7327.93	1.502635
7329.4	1.422713
7330.87	1.453819
7332.34	1.454161
7333.81	1.541418
7335.28	1.496466
7336.75	1.530352
7338.22	1.554305
7339.69	1.52044
7341.16	1.580933
7342.63	1.648094
7344.1	1.606279
7345.57	1.574888
7347.04	1.549258
7348.51	1.548654
7349.98	1.599076
7351.45	1.560487
7352.92	1.577037
7354.39	1.473968
7355.86	1.443672
7357.33	1.552566
7358.8	1.527351
7360.27	1.454559
7361.74	1.454082
7363.21	1.509808
7364.68	1.455355
7366.15	1.430291
7367.62	1.373844
7369.09	1.424273
7370.56	1.47224
7372.03	1.472615
7373.5	1.473147
7374.97	1.500017
7376.44	1.519102
7377.91	1.516867
7379.38	1.553144
7380.85	1.484559
7382.32	1.509704
7383.79	1.503978
7385.26	1.441494
7386.73	1.461324
7388.2	1.402563
7389.67	1.371845
7391.14	1.395356
7392.61	1.402986
7394.08	1.371142
7395.55	1.422981
7397.02	1.389313
7398.49	1.428746
7399.96	1.553254
7401.43	1.480505
7402.9	1.490473
7404.37	1.410071
7405.84	1.367613
7407.31	1.374151
7408.78	1.399655
7410.25	1.370902
7411.72	1.352991
7413.19	1.439395
7414.66	1.419318
7416.13	1.331148
7417.6	1.350597
7419.07	1.416388
