#	 atlas16bdg 
#	 UT date of observation: 20160727 
#	 Telescope/Instrument: SOAR/Goodman 
#	 Estimated Peak MJD: 57554.785 
#	 Estimated redshift: 0.014 
#	 Estimated Phase: 40.7 
#	 Published in Dettman et al. 2020 
#	 Observed barycentric wavelength (Angstroms)    F_lambda
3700.0	0.329504
3702.0	0.378049
3704.0	0.4517148
3706.0	0.4206107
3708.0	0.411447
3710.0	0.4286751
3712.0	0.4562481
3714.0	0.4629252
3716.0	0.4524513
3718.0	0.3952919
3720.0	0.4020039
3722.0	0.4328394
3724.0	0.5004994
3726.0	0.4618709
3728.0	0.3322865
3730.0	0.239245
3732.0	0.3544889
3734.0	0.5021043
3736.0	0.5043365
3738.0	0.4042902
3740.0	0.4366448
3742.0	0.4733191
3744.0	0.3637598
3746.0	0.2830311
3748.0	0.4508982
3750.0	0.4912645
3752.0	0.4403458
3754.0	0.4479153
3756.0	0.3830178
3758.0	0.4012816
3760.0	0.4475212
3762.0	0.4011682
3764.0	0.3691858
3766.0	0.4024532
3768.0	0.4122207
3770.0	0.4322471
3772.0	0.3442159
3774.0	0.4906054
3776.0	0.7217857
3778.0	0.7693781
3780.0	0.6814199
3782.0	0.5707741
3784.0	0.4421248
3786.0	0.4368084
3788.0	0.4384896
3790.0	0.4016423
3792.0	0.4268367
3794.0	0.4623815
3796.0	0.4718251
3798.0	0.3521908
3800.0	0.370382
3802.0	0.4500262
3804.0	0.3475979
3806.0	0.3751829
3808.0	0.4365127
3810.0	0.4509116
3812.0	0.451453
3814.0	0.4644613
3816.0	0.473655
3818.0	0.4272697
3820.0	0.3910182
3822.0	0.3826171
3824.0	0.4017549
3826.0	0.4272872
3828.0	0.448781
3830.0	0.4225232
3832.0	0.4246455
3834.0	0.4784947
3836.0	0.5493063
3838.0	0.5198853
3840.0	0.5072588
3842.0	0.3805028
3844.0	0.3253353
3846.0	0.3682989
3848.0	0.3742006
3850.0	0.3844642
3852.0	0.3930427
3854.0	0.3824035
3856.0	0.4463534
3858.0	0.4457825
3860.0	0.4611412
3862.0	0.5904744
3864.0	0.5319639
3866.0	0.4179302
3868.0	0.4489511
3870.0	0.4592346
3872.0	0.4769216
3874.0	0.510587
3876.0	0.3973612
3878.0	0.3311114
3880.0	0.3434799
3882.0	0.3666678
3884.0	0.430066
3886.0	0.4066726
3888.0	0.3530298
3890.0	0.3339245
3892.0	0.3481905
3894.0	0.4019212
3896.0	0.4305544
3898.0	0.4057554
3900.0	0.4364883
3902.0	0.4771121
3904.0	0.4644119
3906.0	0.470826
3908.0	0.4693325
3910.0	0.5028389
3912.0	0.4673582
3914.0	0.4244426
3916.0	0.4893189
3918.0	0.5315553
3920.0	0.5426213
3922.0	0.4702051
3924.0	0.4707851
3926.0	0.5289738
3928.0	0.5121674
3930.0	0.4388095
3932.0	0.4177226
3934.0	0.3964282
3936.0	0.4349972
3938.0	0.403985
3940.0	0.4006906
3942.0	0.4329579
3944.0	0.4385093
3946.0	0.4261004
3948.0	0.4207869
3950.0	0.3869372
3952.0	0.4241959
3954.0	0.4474148
3956.0	0.4500478
3958.0	0.5163362
3960.0	0.5535197
3962.0	0.5443593
3964.0	0.4653097
3966.0	0.4972499
3968.0	0.5284319
3970.0	0.4165252
3972.0	0.5169008
3974.0	0.5460007
3976.0	0.5126968
3978.0	0.4221483
3980.0	0.4385819
3982.0	0.4469381
3984.0	0.3728729
3986.0	0.3252265
3988.0	0.3327632
3990.0	0.3572724
3992.0	0.3875054
3994.0	0.449464
3996.0	0.4755845
3998.0	0.4530469
4000.0	0.4959598
4002.0	0.5026809
4004.0	0.5380206
4006.0	0.5451441
4008.0	0.4671768
4010.0	0.4948455
4012.0	0.5358154
4014.0	0.4825855
4016.0	0.4123768
4018.0	0.4144947
4020.0	0.3660153
4022.0	0.3749979
4024.0	0.3597322
4026.0	0.3443088
4028.0	0.4078314
4030.0	0.4116252
4032.0	0.4526366
4034.0	0.48601
4036.0	0.4468662
4038.0	0.4307587
4040.0	0.4712236
4042.0	0.5068504
4044.0	0.5108138
4046.0	0.4987732
4048.0	0.5073686
4050.0	0.5410071
4052.0	0.5657591
4054.0	0.5049909
4056.0	0.4733649
4058.0	0.5258436
4060.0	0.5293438
4062.0	0.5202727
4064.0	0.5265706
4066.0	0.5564193
4068.0	0.5292565
4070.0	0.5256001
4072.0	0.512645
4074.0	0.530673
4076.0	0.5413177
4078.0	0.5064946
4080.0	0.5267622
4082.0	0.5560706
4084.0	0.4851662
4086.0	0.5570251
4088.0	0.5455621
4090.0	0.5032896
4092.0	0.5571559
4094.0	0.5370227
4096.0	0.532305
4098.0	0.536088
4100.0	0.5289903
4102.0	0.5287195
4104.0	0.551614
4106.0	0.5474865
4108.0	0.5243798
4110.0	0.4922817
4112.0	0.4588721
4114.0	0.5500929
4116.0	0.5630249
4118.0	0.5185175
4120.0	0.5465707
4122.0	0.5621763
4124.0	0.5614349
4126.0	0.5416995
4128.0	0.4993794
4130.0	0.4607116
4132.0	0.5230997
4134.0	0.5520567
4136.0	0.4896823
4138.0	0.5179864
4140.0	0.5247528
4142.0	0.4828742
4144.0	0.5040856
4146.0	0.5236404
4148.0	0.4804178
4150.0	0.4666254
4152.0	0.4803609
4154.0	0.4410769
4156.0	0.4902116
4158.0	0.5737448
4160.0	0.570327
4162.0	0.5257378
4164.0	0.4414978
4166.0	0.3815683
4168.0	0.4540142
4170.0	0.5223776
4172.0	0.4919774
4174.0	0.5075435
4176.0	0.5340198
4178.0	0.5213197
4180.0	0.5124415
4182.0	0.5003496
4184.0	0.5242054
4186.0	0.5303321
4188.0	0.4977572
4190.0	0.5068737
4192.0	0.5673124
4194.0	0.5225828
4196.0	0.4730171
4198.0	0.5629357
4200.0	0.6009956
4202.0	0.5282525
4204.0	0.469379
4206.0	0.5062168
4208.0	0.5518374
4210.0	0.5198942
4212.0	0.4991487
4214.0	0.5177214
4216.0	0.5367641
4218.0	0.552653
4220.0	0.5764199
4222.0	0.5695097
4224.0	0.5080613
4226.0	0.5066989
4228.0	0.514815
4230.0	0.4685799
4232.0	0.5008762
4234.0	0.5317216
4236.0	0.5085899
4238.0	0.5069333
4240.0	0.5163806
4242.0	0.496252
4244.0	0.4619345
4246.0	0.4814207
4248.0	0.5221487
4250.0	0.5135908
4252.0	0.4831361
4254.0	0.4905404
4256.0	0.5061201
4258.0	0.5134329
4260.0	0.5351103
4262.0	0.5523232
4264.0	0.5368204
4266.0	0.5613641
4268.0	0.5633181
4270.0	0.5153128
4272.0	0.5205123
4274.0	0.5533457
4276.0	0.5227119
4278.0	0.5161178
4280.0	0.512679
4282.0	0.4621536
4284.0	0.4677103
4286.0	0.4966308
4288.0	0.5282298
4290.0	0.5520808
4292.0	0.535566
4294.0	0.5166928
4296.0	0.5219806
4298.0	0.5284979
4300.0	0.5619474
4302.0	0.5428321
4304.0	0.497958
4306.0	0.502019
4308.0	0.4984463
4310.0	0.4615549
4312.0	0.5011494
4314.0	0.541035
4316.0	0.5417768
4318.0	0.5227427
4320.0	0.5119496
4322.0	0.5566804
4324.0	0.5458956
4326.0	0.5443708
4328.0	0.5361166
4330.0	0.4831911
4332.0	0.4741433
4334.0	0.4911093
4336.0	0.4887434
4338.0	0.4874457
4340.0	0.5353506
4342.0	0.5415026
4344.0	0.475537
4346.0	0.4581043
4348.0	0.4808452
4350.0	0.5011154
4352.0	0.5123554
4354.0	0.4969304
4356.0	0.451748
4358.0	0.4192633
4360.0	0.4249632
4362.0	0.4416331
4364.0	0.4323175
4366.0	0.4453569
4368.0	0.4479437
4370.0	0.4610093
4372.0	0.4816435
4374.0	0.5075899
4376.0	0.5238044
4378.0	0.533775
4380.0	0.5205582
4382.0	0.4737467
4384.0	0.4338416
4386.0	0.4598054
4388.0	0.4907445
4390.0	0.4815834
4392.0	0.4636398
4394.0	0.4584847
4396.0	0.4824166
4398.0	0.6171405
4400.0	0.6656073
4402.0	0.6452126
4404.0	0.5427942
4406.0	0.5179057
4408.0	0.456619
4410.0	0.493432
4412.0	0.4783955
4414.0	0.4911384
4416.0	0.4909643
4418.0	0.4905115
4420.0	0.5251863
4422.0	0.5588921
4424.0	0.5422321
4426.0	0.5661293
4428.0	0.5499011
4430.0	0.5519947
4432.0	0.5126388
4434.0	0.5096001
4436.0	0.5366136
4438.0	0.5853862
4440.0	0.5630014
4442.0	0.5385319
4444.0	0.5202287
4446.0	0.5217884
4448.0	0.4791637
4450.0	0.4927297
4452.0	0.5057158
4454.0	0.5112168
4456.0	0.4922457
4458.0	0.4852311
4460.0	0.5258506
4462.0	0.5975325
4464.0	0.5289971
4466.0	0.4809859
4468.0	0.4807097
4470.0	0.5226437
4472.0	0.5256385
4474.0	0.5271591
4476.0	0.5135998
4478.0	0.4685036
4480.0	0.515556
4482.0	0.5188399
4484.0	0.4781972
4486.0	0.4968575
4488.0	0.5528999
4490.0	0.5672001
4492.0	0.5516215
4494.0	0.5399419
4496.0	0.502097
4498.0	0.5133806
4500.0	0.5212829
4502.0	0.5068066
4504.0	0.5248175
4506.0	0.5295581
4508.0	0.5659604
4510.0	0.5748006
4512.0	0.5250608
4514.0	0.5132949
4516.0	0.5547699
4518.0	0.5225448
4520.0	0.4762294
4522.0	0.4907285
4524.0	0.5228226
4526.0	0.5309514
4528.0	0.4955809
4530.0	0.4955942
4532.0	0.4975735
4534.0	0.5292085
4536.0	0.5477409
4538.0	0.5452918
4540.0	0.5111602
4542.0	0.494462
4544.0	0.5143042
4546.0	0.5365494
4548.0	0.5323596
4550.0	0.5278507
4552.0	0.553614
4554.0	0.5363653
4556.0	0.5202458
4558.0	0.5602798
4560.0	0.5591238
4562.0	0.5506589
4564.0	0.5568075
4566.0	0.5465111
4568.0	0.5447695
4570.0	0.5588282
4572.0	0.5951713
4574.0	0.5714918
4576.0	0.5371881
4578.0	0.5521664
4580.0	0.531783
4582.0	0.5419926
4584.0	0.5461036
4586.0	0.5116845
4588.0	0.5358612
4590.0	0.5309614
4592.0	0.5117241
4594.0	0.5082468
4596.0	0.5120986
4598.0	0.5250437
4600.0	0.5360253
4602.0	0.5343324
4604.0	0.4965614
4606.0	0.5076703
4608.0	0.5324776
4610.0	0.5372384
4612.0	0.5206304
4614.0	0.5277504
4616.0	0.502512
4618.0	0.5507059
4620.0	0.5945683
4622.0	0.5681813
4624.0	0.6179824
4626.0	0.585162
4628.0	0.5728198
4630.0	0.5465169
4632.0	0.5673249
4634.0	0.561958
4636.0	0.5410544
4638.0	0.5594572
4640.0	0.5713583
4642.0	0.5287601
4644.0	0.5206088
4646.0	0.571209
4648.0	0.5587944
4650.0	0.5584671
4652.0	0.5409823
4654.0	0.5128144
4656.0	0.5431572
4658.0	0.5728881
4660.0	0.5614399
4662.0	0.5097978
4664.0	0.5035949
4666.0	0.5632989
4668.0	0.5771602
4670.0	0.5435642
4672.0	0.5503485
4674.0	0.5606976
4676.0	0.5624839
4678.0	0.5776646
4680.0	0.58578
4682.0	0.5840288
4684.0	0.5567501
4686.0	0.5759851
4688.0	0.5602394
4690.0	0.5541652
4692.0	0.5544575
4694.0	0.4877023
4696.0	0.4708142
4698.0	0.5611631
4700.0	0.5970461
4702.0	0.5890761
4704.0	0.5638083
4706.0	0.5615543
4708.0	0.4903672
4710.0	0.5360328
4712.0	0.5692505
4714.0	0.5211
4716.0	0.515892
4718.0	0.5134416
4720.0	0.5101101
4722.0	0.5437359
4724.0	0.5376285
4726.0	0.5437437
4728.0	0.5009125
4730.0	0.5222081
4732.0	0.5302656
4734.0	0.5330416
4736.0	0.5084046
4738.0	0.5195519
4740.0	0.5551457
4742.0	0.5254459
4744.0	0.4835616
4746.0	0.5013712
4748.0	0.5397309
4750.0	0.5149327
4752.0	0.5492212
4754.0	0.5829951
4756.0	0.5818981
4758.0	0.5671129
4760.0	0.5370055
4762.0	0.5273094
4764.0	0.5376044
4766.0	0.5444157
4768.0	0.5305772
4770.0	0.4926057
4772.0	0.4969193
4774.0	0.5122483
4776.0	0.5444038
4778.0	0.5843175
4780.0	0.5369624
4782.0	0.5437689
4784.0	0.5674939
4786.0	0.5595509
4788.0	0.5564334
4790.0	0.5594861
4792.0	0.5461995
4794.0	0.5333728
4796.0	0.5740075
4798.0	0.5336039
4800.0	0.5222417
4802.0	0.5704263
4804.0	0.5127307
4806.0	0.5577731
4808.0	0.5665885
4810.0	0.5736318
4812.0	0.5596374
4814.0	0.564337
4816.0	0.5571256
4818.0	0.549935
4820.0	0.5374366
4822.0	0.5484846
4824.0	0.552327
4826.0	0.5462435
4828.0	0.5553901
4830.0	0.5395125
4832.0	0.509688
4834.0	0.522891
4836.0	0.5341465
4838.0	0.5166611
4840.0	0.5535772
4842.0	0.5198268
4844.0	0.5103589
4846.0	0.5470925
4848.0	0.5577698
4850.0	0.5346947
4852.0	0.5070525
4854.0	0.5349282
4856.0	0.5464164
4858.0	0.5365596
4860.0	0.5251363
4862.0	0.5402765
4864.0	0.5203799
4866.0	0.4953586
4868.0	0.5375499
4870.0	0.5476773
4872.0	0.5120531
4874.0	0.5361314
4876.0	0.5548118
4878.0	0.5375707
4880.0	0.5128886
4882.0	0.5261377
4884.0	0.5689354
4886.0	0.5651904
4888.0	0.5549311
4890.0	0.5106977
4892.0	0.5046191
4894.0	0.5295649
4896.0	0.5309445
4898.0	0.5150791
4900.0	0.4925075
4902.0	0.5215288
4904.0	0.5274401
4906.0	0.4747765
4908.0	0.462515
4910.0	0.4980113
4912.0	0.5281754
4914.0	0.5039499
4916.0	0.4686042
4918.0	0.4701548
4920.0	0.485143
4922.0	0.4907587
4924.0	0.530617
4926.0	0.790332
4928.0	1.148094
4930.0	1.188363
4932.0	0.9432772
4934.0	0.6487095
4936.0	0.4995973
4938.0	0.4766397
4940.0	0.4813315
4942.0	0.5051484
4944.0	0.5130581
4946.0	0.4879615
4948.0	0.4744604
4950.0	0.5010854
4952.0	0.5219921
4954.0	0.4880457
4956.0	0.484455
4958.0	0.5117443
4960.0	0.5274538
4962.0	0.543264
4964.0	0.5184212
4966.0	0.520975
4968.0	0.5407057
4970.0	0.5376443
4972.0	0.5263335
4974.0	0.5285794
4976.0	0.5405871
4978.0	0.5090281
4980.0	0.4776317
4982.0	0.4886826
4984.0	0.5327344
4986.0	0.5379112
4988.0	0.5238738
4990.0	0.5062421
4992.0	0.4935319
4994.0	0.5044181
4996.0	0.5295071
4998.0	0.5578291
5000.0	0.5504889
5002.0	0.5332724
5004.0	0.5212247
5006.0	0.5147623
5008.0	0.5162442
5010.0	0.5316373
5012.0	0.5511061
5014.0	0.5559319
5016.0	0.5578358
5018.0	0.5431593
5020.0	0.5522248
5022.0	0.5753031
5024.0	0.5466306
5026.0	0.5513585
5028.0	0.5898368
5030.0	0.5983877
5032.0	0.5997507
5034.0	0.5708712
5036.0	0.5302727
5038.0	0.5200535
5040.0	0.5178056
5042.0	0.5179536
5044.0	0.5214169
5046.0	0.5286703
5048.0	0.5350519
5050.0	0.5152602
5052.0	0.4978997
5054.0	0.4990551
5056.0	0.5015052
5058.0	0.5027162
5060.0	0.5086247
5062.0	0.4965085
5064.0	0.4787179
5066.0	0.5025198
5068.0	0.535712
5070.0	0.5397707
5072.0	0.570353
5074.0	0.6643482
5076.0	0.7136915
5078.0	0.6420553
5080.0	0.5557593
5082.0	0.5120158
5084.0	0.513391
5086.0	0.5271294
5088.0	0.5075874
5090.0	0.4899816
5092.0	0.4929657
5094.0	0.5157812
5096.0	0.4957857
5098.0	0.5045462
5100.0	0.5394542
5102.0	0.5076687
5104.0	0.4939681
5106.0	0.5407077
5108.0	0.5240706
5110.0	0.4921406
5112.0	0.4975732
5114.0	0.4975247
5116.0	0.4995743
5118.0	0.5029172
5120.0	0.5238085
5122.0	0.5286218
5124.0	0.500271
5126.0	0.5013195
5128.0	0.5171014
5130.0	0.5273021
5132.0	0.5376448
5134.0	0.5479534
5136.0	0.5135507
5138.0	0.5030408
5140.0	0.5269238
5142.0	0.5178398
5144.0	0.5097761
5146.0	0.4890781
5148.0	0.506448
5150.0	0.5155374
5152.0	0.5078611
5154.0	0.5039006
5156.0	0.5072138
5158.0	0.5443935
5160.0	0.5284203
5162.0	0.5229673
5164.0	0.5103714
5166.0	0.5301238
5168.0	0.5170566
5170.0	0.5069797
5172.0	0.5170485
5174.0	0.5463009
5176.0	0.4911048
5178.0	0.4927883
5180.0	0.5133567
5182.0	0.4998508
5184.0	0.5275819
5186.0	0.5198428
5188.0	0.5471316
5190.0	0.5659028
5192.0	0.5315384
5194.0	0.5041533
5196.0	0.5240477
5198.0	0.5249929
5200.0	0.5034427
5202.0	0.5192186
5204.0	0.5335803
5206.0	0.5443521
5208.0	0.5221574
5210.0	0.4846353
5212.0	0.4790471
5214.0	0.490185
5216.0	0.4987969
5218.0	0.5073728
5220.0	0.4888073
5222.0	0.4963564
5224.0	0.4832873
5226.0	0.4774825
5228.0	0.5092316
5230.0	0.5037644
5232.0	0.5434394
5234.0	0.5068899
5236.0	0.4717534
5238.0	0.4782393
5240.0	0.448578
5242.0	0.4136316
5244.0	0.4281363
5246.0	0.4715889
5248.0	0.4938039
5250.0	0.4735914
5252.0	0.475203
5254.0	0.4519687
5256.0	0.4630258
5258.0	0.4661633
5260.0	0.4941468
5262.0	0.4867308
5264.0	0.5047221
5266.0	0.543521
5268.0	0.4870798
5270.0	0.52731
5272.0	0.5699154
5274.0	0.5667517
5276.0	0.5533825
5278.0	0.5355812
5280.0	0.4602937
5282.0	0.4715363
5284.0	0.4975826
5286.0	0.5177888
5288.0	0.5079219
5290.0	0.5031664
5292.0	0.5071341
5294.0	0.5313637
5296.0	0.5362039
5298.0	0.5151277
5300.0	0.5086278
5302.0	0.5035458
5304.0	0.4710518
5306.0	0.5309635
5308.0	0.5354815
5310.0	0.5072291
5312.0	0.4956009
5314.0	0.5326906
5316.0	0.5093199
5318.0	0.5050889
5320.0	0.52325
5322.0	0.5112132
5324.0	0.5119585
5326.0	0.5334372
5328.0	0.535971
5330.0	0.5418328
5332.0	0.5480059
5334.0	0.5649002
5336.0	0.5216902
5338.0	0.5050765
5340.0	0.4652817
5342.0	0.4554135
5344.0	0.462018
5346.0	0.5305771
5348.0	0.5030364
5350.0	0.5099401
5352.0	0.5318906
5354.0	0.5424995
5356.0	0.5515634
5358.0	0.5282062
5360.0	0.5373424
5362.0	0.5381712
5364.0	0.5591914
5366.0	0.5559441
5368.0	0.570858
5370.0	0.5460864
5372.0	0.5167869
5374.0	0.5384439
5376.0	0.5392399
5378.0	0.5174422
5380.0	0.5490113
5382.0	0.5582899
5384.0	0.5536888
5386.0	0.5633562
5388.0	0.5267199
5390.0	0.5217327
5392.0	0.534601
5394.0	0.5542257
5396.0	0.526623
5398.0	0.5638403
5400.0	0.551652
5402.0	0.5284315
5404.0	0.5208335
5406.0	0.5507456
5408.0	0.5298595
5410.0	0.5249671
5412.0	0.5360171
5414.0	0.5350294
5416.0	0.529155
5418.0	0.5268176
5420.0	0.5180073
5422.0	0.5011746
5424.0	0.546125
5426.0	0.5478414
5428.0	0.5492852
5430.0	0.5474653
5432.0	0.5462949
5434.0	0.5628384
5436.0	0.5774496
5438.0	0.5667267
5440.0	0.5477995
5442.0	0.5397426
5444.0	0.5369865
5446.0	0.5396833
5448.0	0.5543774
5450.0	0.547272
5452.0	0.5605634
5454.0	0.5393836
5456.0	0.5423992
5458.0	0.5462511
5460.0	0.5356575
5462.0	0.5311832
5464.0	0.5136326
5466.0	0.5148409
5468.0	0.5500539
5470.0	0.5140378
5472.0	0.5135793
5474.0	0.5321027
5476.0	0.5119247
5478.0	0.4986117
5480.0	0.4965278
5482.0	0.5059088
5484.0	0.508778
5486.0	0.5047532
5488.0	0.5163667
5490.0	0.5226622
5492.0	0.5415346
5494.0	0.5301628
5496.0	0.5195373
5498.0	0.5155203
5500.0	0.552243
5502.0	0.5390851
5504.0	0.5301168
5506.0	0.5353845
5508.0	0.5253749
5510.0	0.5275816
5512.0	0.5154083
5514.0	0.5324812
5516.0	0.5488503
5518.0	0.5482352
5520.0	0.5533136
5522.0	0.5347058
5524.0	0.4912933
5526.0	0.4968897
5528.0	0.5295364
5530.0	0.53538
5532.0	0.5368968
5534.0	0.5261861
5536.0	0.5397457
5538.0	0.5444777
5540.0	0.5052763
5542.0	0.5329978
5544.0	0.558616
5546.0	0.5383951
5548.0	0.5148197
5550.0	0.5408765
5552.0	0.5599726
5554.0	0.5289723
5556.0	0.5215136
5558.0	0.5461927
5560.0	0.5689768
5562.0	0.5522537
5564.0	0.5402573
5566.0	0.5452653
5568.0	0.5382004
5570.0	0.5121272
5572.0	0.4950951
5574.0	0.4920258
5576.0	0.4984316
5578.0	0.4940454
5580.0	0.5054378
5582.0	0.5327892
5584.0	0.547704
5586.0	0.5452862
5588.0	0.5185128
5590.0	0.4912634
5592.0	0.518564
5594.0	0.5399829
5596.0	0.5451144
5598.0	0.5445235
5600.0	0.5114328
5602.0	0.4929849
5604.0	0.5153261
5606.0	0.5293818
5608.0	0.56168
5610.0	0.5688599
5612.0	0.5540537
5614.0	0.5827671
5616.0	0.5816402
5618.0	0.528072
5620.0	0.5260033
5622.0	0.5762031
5624.0	0.5840946
5626.0	0.5577015
5628.0	0.5543175
5630.0	0.5704691
5632.0	0.5642157
5634.0	0.5611655
5636.0	0.5635377
5638.0	0.5520623
5640.0	0.5557523
5642.0	0.5517248
5644.0	0.5281434
5646.0	0.5171851
5648.0	0.5335013
5650.0	0.5513738
5652.0	0.5430726
5654.0	0.5368456
5656.0	0.522513
5658.0	0.5130196
5660.0	0.5188959
5662.0	0.5196939
5664.0	0.5128855
5666.0	0.5020087
5668.0	0.500164
5670.0	0.5174361
5672.0	0.5389751
5674.0	0.5465326
5676.0	0.5140548
5678.0	0.5102445
5680.0	0.4934624
5682.0	0.4885559
5684.0	0.525405
5686.0	0.5620217
5688.0	0.5841501
5690.0	0.5707321
5692.0	0.5479707
5694.0	0.528888
5696.0	0.5228345
5698.0	0.5256172
5700.0	0.5260063
5702.0	0.5203387
5704.0	0.5567732
5706.0	0.5755748
5708.0	0.572645
5710.0	0.5826021
5712.0	0.5737134
5714.0	0.5447435
5716.0	0.5254169
5718.0	0.5058559
5720.0	0.512292
5722.0	0.521584
5724.0	0.5513439
5726.0	0.5329984
5728.0	0.5370857
5730.0	0.5506485
5732.0	0.538968
5734.0	0.5247566
5736.0	0.5593965
5738.0	0.5283298
5740.0	0.5127294
5742.0	0.5402455
5744.0	0.5269631
5746.0	0.5377001
5748.0	0.5409873
5750.0	0.5166221
5752.0	0.5613555
5754.0	0.5805352
5756.0	0.5718189
5758.0	0.5794535
5760.0	0.5626259
5762.0	0.5480169
5764.0	0.5574718
5766.0	0.5711024
5768.0	0.565383
5770.0	0.5533106
5772.0	0.5503239
5774.0	0.5657004
5776.0	0.5743872
5778.0	0.5453714
5780.0	0.550724
5782.0	0.5408408
5784.0	0.5447239
5786.0	0.5413873
5788.0	0.5045502
5790.0	0.5197158
5792.0	0.5695641
5794.0	0.5381767
5796.0	0.5435464
5798.0	0.5936579
5800.0	0.5946203
5802.0	0.561291
5804.0	0.5496572
5806.0	0.5726436
5808.0	0.585408
5810.0	0.5530393
5812.0	0.5459124
5814.0	0.5493962
5816.0	0.5663234
5818.0	0.5617303
5820.0	0.5411385
5822.0	0.5396652
5824.0	0.5581193
5826.0	0.5531864
5828.0	0.5483663
5830.0	0.5748993
5832.0	0.5726553
5834.0	0.5289133
5836.0	0.5494876
5838.0	0.5569816
5840.0	0.5682879
5842.0	0.5729339
5844.0	0.5704297
5846.0	0.5691023
5848.0	0.5489388
5850.0	0.560151
5852.0	0.5849689
5854.0	0.5622026
5856.0	0.5863683
5858.0	0.5936277
5860.0	0.5742449
5862.0	0.5499977
5864.0	0.5232078
5866.0	0.540098
5868.0	0.5446695
5870.0	0.5419938
5872.0	0.5872644
5874.0	0.5759742
5876.0	0.5905969
5878.0	0.5984589
5880.0	0.5814269
5882.0	0.5727727
5884.0	0.5874503
5886.0	0.5786825
5888.0	0.5682837
5890.0	0.5476417
5892.0	0.5223779
5894.0	0.5153959
5896.0	0.5322798
5898.0	0.5627306
5900.0	0.605965
5902.0	0.5736502
5904.0	0.5576169
5906.0	0.5729961
5908.0	0.597374
5910.0	0.5965351
5912.0	0.5665153
5914.0	0.5856253
5916.0	0.6111488
5918.0	0.5898113
5920.0	0.5570923
5922.0	0.5724136
5924.0	0.5747923
5926.0	0.5842313
5928.0	0.5851456
5930.0	0.5803076
5932.0	0.5505685
5934.0	0.5359429
5936.0	0.5194237
5938.0	0.5488085
5940.0	0.5675725
5942.0	0.5685233
5944.0	0.5854968
5946.0	0.578216
5948.0	0.5520251
5950.0	0.5474193
5952.0	0.5425584
5954.0	0.5556176
5956.0	0.5796038
5958.0	0.604057
5960.0	0.6213506
5962.0	0.5949596
5964.0	0.5707384
5966.0	0.525166
5968.0	0.476793
5970.0	0.437197
5972.0	0.4148598
5974.0	0.4018752
5976.0	0.4085708
5978.0	0.4266425
5980.0	0.4447301
5982.0	0.5003725
5984.0	0.5770978
5986.0	0.5914152
5988.0	0.5698643
5990.0	0.5487203
5992.0	0.5500972
5994.0	0.5338301
5996.0	0.5478198
5998.0	0.5613918
6000.0	0.5470536
6002.0	0.561543
6004.0	0.5584018
6006.0	0.5505787
6008.0	0.5581604
6010.0	0.5641514
6012.0	0.5210405
6014.0	0.5321159
6016.0	0.560765
6018.0	0.5878394
6020.0	0.6013254
6022.0	0.5815278
6024.0	0.5363569
6026.0	0.5395103
6028.0	0.5800766
6030.0	0.5746794
6032.0	0.5423473
6034.0	0.5460861
6036.0	0.5381263
6038.0	0.5073558
6040.0	0.538375
6042.0	0.5563296
6044.0	0.5527169
6046.0	0.5463881
6048.0	0.531364
6050.0	0.5163552
6052.0	0.5402919
6054.0	0.5698549
6056.0	0.5726476
6058.0	0.5317098
6060.0	0.54713
6062.0	0.5368879
6064.0	0.5256028
6066.0	0.5578554
6068.0	0.5457928
6070.0	0.5383996
6072.0	0.560247
6074.0	0.537836
6076.0	0.5125179
6078.0	0.5519698
6080.0	0.5462219
6082.0	0.5274255
6084.0	0.5543497
6086.0	0.527509
6088.0	0.5366965
6090.0	0.5357595
6092.0	0.5211987
6094.0	0.51298
6096.0	0.5290867
6098.0	0.5479403
6100.0	0.5519651
6102.0	0.5484651
6104.0	0.5207636
6106.0	0.5345855
6108.0	0.5397068
6110.0	0.5667622
6112.0	0.5796498
6114.0	0.5687231
6116.0	0.5737208
6118.0	0.586637
6120.0	0.5754203
6122.0	0.5470863
6124.0	0.5373537
6126.0	0.5664327
6128.0	0.5758656
6130.0	0.5557638
6132.0	0.5386575
6134.0	0.558059
6136.0	0.5305451
6138.0	0.5303344
6140.0	0.5565225
6142.0	0.5659835
6144.0	0.5499089
6146.0	0.54366
6148.0	0.5567262
6150.0	0.5777355
6152.0	0.5513005
6154.0	0.5435528
6156.0	0.5782915
6158.0	0.5803865
6160.0	0.582957
6162.0	0.5841411
6164.0	0.5485924
6166.0	0.5634586
6168.0	0.5570132
6170.0	0.5538315
6172.0	0.5280367
6174.0	0.5144472
6176.0	0.5155298
6178.0	0.5379091
6180.0	0.5272352
6182.0	0.5389544
6184.0	0.5384744
6186.0	0.5311424
6188.0	0.523033
6190.0	0.5502542
6192.0	0.5452305
6194.0	0.4981141
6196.0	0.5228497
6198.0	0.5829332
6200.0	0.5562074
6202.0	0.528994
6204.0	0.5406694
6206.0	0.5392634
6208.0	0.530478
6210.0	0.5298377
6212.0	0.5265644
6214.0	0.5299499
6216.0	0.538177
6218.0	0.5218154
6220.0	0.5154081
6222.0	0.5091969
6224.0	0.5115648
6226.0	0.5272521
6228.0	0.5366605
6230.0	0.5537197
6232.0	0.5413666
6234.0	0.559638
6236.0	0.5437126
6238.0	0.5033507
6240.0	0.505855
6242.0	0.5148472
6244.0	0.4887244
6246.0	0.4714635
6248.0	0.489942
6250.0	0.5102747
6252.0	0.5282262
6254.0	0.5127321
6256.0	0.5032395
6258.0	0.5387993
6260.0	0.5150326
6262.0	0.4769856
6264.0	0.5237728
6266.0	0.5382684
6268.0	0.5323648
6270.0	0.5548034
6272.0	0.5187837
6274.0	0.5061732
6276.0	0.527526
6278.0	0.5300474
6280.0	0.5485451
6282.0	0.5502816
6284.0	0.5286753
6286.0	0.5256869
6288.0	0.5401233
6290.0	0.5764815
6292.0	0.5888996
6294.0	0.5558162
6296.0	0.5100531
6298.0	0.5107738
6300.0	0.528328
6302.0	0.5312332
6304.0	0.5433986
6306.0	0.5156183
6308.0	0.4908063
6310.0	0.506625
6312.0	0.5019461
6314.0	0.4948111
6316.0	0.5132256
6318.0	0.5093945
6320.0	0.5060427
6322.0	0.505771
6324.0	0.5199447
6326.0	0.5088828
6328.0	0.4772962
6330.0	0.4989388
6332.0	0.5252922
6334.0	0.5304813
6336.0	0.532672
6338.0	0.5365766
6340.0	0.5202749
6342.0	0.5077778
6344.0	0.4985126
6346.0	0.4940755
6348.0	0.515666
6350.0	0.5233381
6352.0	0.5278104
6354.0	0.5314728
6356.0	0.5285317
6358.0	0.4985303
6360.0	0.4719194
6362.0	0.5152768
6364.0	0.5632957
6366.0	0.5664498
6368.0	0.5283012
6370.0	0.5018141
6372.0	0.5077055
6374.0	0.4968331
6376.0	0.4793411
6378.0	0.5032699
6380.0	0.5336769
6382.0	0.5582773
6384.0	0.5716511
6386.0	0.5798661
6388.0	0.5934514
6390.0	0.5929404
6392.0	0.5933388
6394.0	0.5613014
6396.0	0.5292819
6398.0	0.5166556
6400.0	0.5228811
6402.0	0.523625
6404.0	0.5082417
6406.0	0.5025534
6408.0	0.5174149
6410.0	0.5455573
6412.0	0.5575342
6414.0	0.5571
6416.0	0.5676585
6418.0	0.5899625
6420.0	0.5803539
6422.0	0.5127863
6424.0	0.5140855
6426.0	0.5367696
6428.0	0.5147386
6430.0	0.538001
6432.0	0.545211
6434.0	0.5347758
6436.0	0.5659464
6438.0	0.5295177
6440.0	0.5295377
6442.0	0.531032
6444.0	0.5468579
6446.0	0.5428463
6448.0	0.5114317
6450.0	0.5055853
6452.0	0.5187153
6454.0	0.5125724
6456.0	0.5307682
6458.0	0.5364926
6460.0	0.5628281
6462.0	0.5317822
6464.0	0.5316641
6466.0	0.514146
6468.0	0.5512856
6470.0	0.5554489
6472.0	0.5415214
6474.0	0.54045
6476.0	0.5560067
6478.0	0.5533103
6480.0	0.5282359
6482.0	0.5782907
6484.0	0.5641065
6486.0	0.5432041
6488.0	0.5300279
6490.0	0.5239903
6492.0	0.5321385
6494.0	0.4965793
6496.0	0.5369095
6498.0	0.5248069
6500.0	0.5277802
6502.0	0.5394594
6504.0	0.5230523
6506.0	0.5274413
6508.0	0.535241
6510.0	0.4988047
6512.0	0.5399395
6514.0	0.5476072
6516.0	0.5560812
6518.0	0.5516613
6520.0	0.5372248
6522.0	0.5314554
6524.0	0.5350868
6526.0	0.5254375
6528.0	0.5552096
6530.0	0.5581932
6532.0	0.565313
6534.0	0.5915536
6536.0	0.5825809
6538.0	0.571367
6540.0	0.5510368
6542.0	0.5309315
6544.0	0.4897096
6546.0	0.5001985
6548.0	0.5011246
6550.0	0.4951304
6552.0	0.5244085
6554.0	0.5201113
6556.0	0.5377127
6558.0	0.5593551
6560.0	0.5503712
6562.0	0.5195574
6564.0	0.5297433
6566.0	0.5625046
6568.0	0.5588266
6570.0	0.5344751
6572.0	0.5062484
6574.0	0.5262374
6576.0	0.563394
6578.0	0.5799807
6580.0	0.5499762
6582.0	0.5254669
6584.0	0.5246792
6586.0	0.5111035
6588.0	0.5296907
6590.0	0.5217873
6592.0	0.508054
6594.0	0.529488
6596.0	0.5495754
6598.0	0.502878
6600.0	0.4930949
6602.0	0.54212
6604.0	0.5766462
6606.0	0.5494705
6608.0	0.5576857
6610.0	0.5665726
6612.0	0.5574481
6614.0	0.530022
6616.0	0.5385184
6618.0	0.5364569
6620.0	0.5271811
6622.0	0.5234795
6624.0	0.5423792
6626.0	0.5826049
6628.0	0.5867391
6630.0	0.5779954
6632.0	0.5645898
6634.0	0.6039848
6636.0	0.7043779
6638.0	0.9378943
6640.0	1.020503
6642.0	0.9034119
6644.0	0.6789558
6646.0	0.623756
6648.0	0.7300683
6650.0	1.300082
6652.0	3.131088
6654.0	4.523059
6656.0	4.143054
6658.0	2.57337
6660.0	1.092389
6662.0	0.6160114
6664.0	0.5593872
6666.0	0.5838349
6668.0	0.623242
6670.0	0.8006326
6672.0	1.223583
6674.0	1.937628
6676.0	2.112179
6678.0	1.573092
6680.0	0.9710257
6682.0	0.6205335
6684.0	0.5656412
6686.0	0.5605326
6688.0	0.5405573
6690.0	0.5495355
6692.0	0.5295678
6694.0	0.5493346
6696.0	0.570596
6698.0	0.5622814
6700.0	0.5323292
6702.0	0.5341769
6704.0	0.5303371
6706.0	0.5201498
6708.0	0.5248646
6710.0	0.5570024
6712.0	0.5820043
6714.0	0.5736197
6716.0	0.5722905
6718.0	0.5554473
6720.0	0.5405254
6722.0	0.5500038
6724.0	0.558407
6726.0	0.5546235
6728.0	0.5062925
6730.0	0.4979549
6732.0	0.53124
6734.0	0.5448878
6736.0	0.5580236
6738.0	0.5421535
6740.0	0.5148707
6742.0	0.5438235
6744.0	0.4925547
6746.0	0.4876688
6748.0	0.5479856
6750.0	0.5627334
6752.0	0.5448231
6754.0	0.550304
6756.0	0.5481796
6758.0	0.5394473
6760.0	0.5350616
6762.0	0.5464025
6764.0	0.5754438
6766.0	0.5418285
6768.0	0.5168841
6770.0	0.5318741
6772.0	0.5124093
6774.0	0.5161481
6776.0	0.5409698
6778.0	0.5221183
6780.0	0.5130925
6782.0	0.5711153
6784.0	0.5816847
6786.0	0.553753
6788.0	0.5431075
6790.0	0.5390804
6792.0	0.5234049
6794.0	0.5124693
6796.0	0.5274373
6798.0	0.5200198
6800.0	0.518427
6802.0	0.5435048
6804.0	0.5844347
6806.0	0.6650791
6808.0	0.8380352
6810.0	0.9654207
6812.0	0.8878551
6814.0	0.7194819
6816.0	0.588593
6818.0	0.5596784
6820.0	0.624087
6822.0	0.7644858
6824.0	0.8758278
6826.0	0.8433768
6828.0	0.7214829
6830.0	0.5946491
6832.0	0.5130667
6834.0	0.5225148
6836.0	0.5333091
6838.0	0.5214061
6840.0	0.5226578
6842.0	0.5196868
6844.0	0.5090156
6846.0	0.5014388
6848.0	0.5311866
6850.0	0.5452329
6852.0	0.5437312
6854.0	0.5481114
6856.0	0.5403221
6858.0	0.5563371
6860.0	0.550967
6862.0	0.5243413
6864.0	0.5232627
6866.0	0.5258642
6868.0	0.5662917
6870.0	0.5982239
6872.0	0.5342665
6874.0	0.5443123
6876.0	0.5480105
6878.0	0.5109977
6880.0	0.5188456
6882.0	0.5349183
6884.0	0.5270677
6886.0	0.5162334
6888.0	0.5285983
6890.0	0.5268008
6892.0	0.4973523
6894.0	0.505016
6896.0	0.5037748
6898.0	0.5015689
6900.0	0.5100102
6902.0	0.5474498
6904.0	0.5603712
6906.0	0.5187451
6908.0	0.4939615
6910.0	0.4981757
6912.0	0.5118994
6914.0	0.5273064
6916.0	0.5454804
6918.0	0.5405288
6920.0	0.5292986
6922.0	0.5239725
6924.0	0.505555
6926.0	0.5131937
6928.0	0.5420067
6930.0	0.5439337
6932.0	0.5259381
6934.0	0.5141292
6936.0	0.5289767
6938.0	0.5467488
6940.0	0.5516291
6942.0	0.5518283
6944.0	0.5493028
6946.0	0.5530245
6948.0	0.5419561
6950.0	0.5090917
6952.0	0.5062923
6954.0	0.538433
6956.0	0.5531225
6958.0	0.5335865
6960.0	0.5167859
6962.0	0.5447043
6964.0	0.5563855
6966.0	0.5250725
6968.0	0.5323224
6970.0	0.542273
6972.0	0.5306293
6974.0	0.5317244
6976.0	0.5316034
6978.0	0.5258434
6980.0	0.5352138
6982.0	0.5379322
6984.0	0.529249
6986.0	0.5485392
6988.0	0.5487801
6990.0	0.5378406
6992.0	0.5354614
6994.0	0.5298967
6996.0	0.5334863
6998.0	0.5600306
7000.0	0.5639905
7002.0	0.5453151
7004.0	0.5318813
7006.0	0.5468702
7008.0	0.5653357
7010.0	0.5533623
7012.0	0.5518058
7014.0	0.5583354
7016.0	0.5483288
7018.0	0.5372422
7020.0	0.5417727
7022.0	0.5307901
7024.0	0.5239756
7026.0	0.5382784
7028.0	0.5401645
7030.0	0.5293411
7032.0	0.5210097
7034.0	0.5395586
7036.0	0.5464401
7038.0	0.5514758
7040.0	0.5536428
7042.0	0.5362414
7044.0	0.5361031
7046.0	0.5282033
7048.0	0.5243672
7050.0	0.5297691
7052.0	0.5310863
7054.0	0.5232744
7056.0	0.5076051
7058.0	0.5164735
7060.0	0.5386357
7062.0	0.5287581
7064.0	0.5100264
7066.0	0.5383579
7068.0	0.5513005
7070.0	0.5253085
7072.0	0.5283774
7074.0	0.5443731
7076.0	0.5347432
7078.0	0.5221856
7080.0	0.52866
7082.0	0.5431139
7084.0	0.5607288
7086.0	0.5598335
7088.0	0.5698575
7090.0	0.5513163
7092.0	0.5154415
7094.0	0.5439768
7096.0	0.5321676
7098.0	0.5195522
7100.0	0.530805
