#	 ps15bwh 
#	 UT date of observation: 20150914 
#	 Telescope/Instrument: SOAR/Goodman 
#	 Estimated Peak MJD: 57278.535 
#	 Estimated redshift: 0.073 
#	 Estimated Phase: 0.4 
#	 Published in Dettman et al. 2020 
#	 Observed barycentric wavelength (Angstroms)    F_lambda
3700.0	0.02824681
3702.0	0.02892822
3704.0	0.0203517
3706.0	0.02332334
3708.0	0.02284063
3710.0	0.03659042
3712.0	0.03145101
3714.0	0.0249061
3716.0	0.03325915
3718.0	0.02630286
3720.0	0.03744759
3722.0	0.03116677
3724.0	0.02294153
3726.0	0.01534631
3728.0	0.03046675
3730.0	0.0213597
3732.0	0.0225081
3734.0	0.02946289
3736.0	0.02721796
3738.0	0.01850187
3740.0	0.02141248
3742.0	0.02094262
3744.0	0.02202718
3746.0	0.03058042
3748.0	0.03469721
3750.0	0.03485781
3752.0	0.02971958
3754.0	0.02323653
3756.0	0.01801265
3758.0	0.02108768
3760.0	0.03325964
3762.0	0.03615305
3764.0	0.02536892
3766.0	0.02546436
3768.0	0.0269477
3770.0	0.03149883
3772.0	0.03347938
3774.0	0.0259022
3776.0	0.02287258
3778.0	0.0255912
3780.0	0.01866233
3782.0	0.02204706
3784.0	0.02917319
3786.0	0.02707202
3788.0	0.0238085
3790.0	0.02318027
3792.0	0.02308164
3794.0	0.02988295
3796.0	0.03086427
3798.0	0.02922825
3800.0	0.03374007
3802.0	0.03020767
3804.0	0.03461733
3806.0	0.04206117
3808.0	0.04400566
3810.0	0.04129478
3812.0	0.03333614
3814.0	0.03371414
3816.0	0.03931951
3818.0	0.03236631
3820.0	0.02516244
3822.0	0.03105611
3824.0	0.03886455
3826.0	0.03912394
3828.0	0.03844168
3830.0	0.04103651
3832.0	0.0466953
3834.0	0.04453506
3836.0	0.03264981
3838.0	0.03180368
3840.0	0.04118652
3842.0	0.03930025
3844.0	0.03040837
3846.0	0.03131598
3848.0	0.03959499
3850.0	0.04276516
3852.0	0.03482008
3854.0	0.03295051
3856.0	0.03398876
3858.0	0.03470884
3860.0	0.03926755
3862.0	0.03752421
3864.0	0.03238143
3866.0	0.02714237
3868.0	0.02990818
3870.0	0.03492437
3872.0	0.03588216
3874.0	0.03426526
3876.0	0.03256674
3878.0	0.03642218
3880.0	0.03640962
3882.0	0.03658662
3884.0	0.03421512
3886.0	0.02513358
3888.0	0.02095375
3890.0	0.02584951
3892.0	0.03279301
3894.0	0.03213509
3896.0	0.02525916
3898.0	0.03369531
3900.0	0.02568868
3902.0	0.0211577
3904.0	0.02216423
3906.0	0.01960219
3908.0	0.02499945
3910.0	0.02950045
3912.0	0.02675382
3914.0	0.0222181
3916.0	0.02185766
3918.0	0.01816098
3920.0	0.02238605
3922.0	0.02173037
3924.0	0.01963261
3926.0	0.01856295
3928.0	0.01671651
3930.0	0.02415552
3932.0	0.02279967
3934.0	0.0200919
3936.0	0.0148226
3938.0	0.01818103
3940.0	0.01872365
3942.0	0.02068295
3944.0	0.0142706
3946.0	0.01266749
3948.0	0.01166467
3950.0	0.01409662
3952.0	0.01661289
3954.0	0.01490296
3956.0	0.01384354
3958.0	0.01784874
3960.0	0.02261299
3962.0	0.01957987
3964.0	0.01521757
3966.0	0.01362407
3968.0	0.01756937
3970.0	0.01502328
3972.0	0.0204897
3974.0	0.01307923
3976.0	0.00804163
3978.0	0.009784038
3980.0	0.01358102
3982.0	0.01769267
3984.0	0.01784357
3986.0	0.01206781
3988.0	0.02088999
3990.0	0.02201364
3992.0	0.01622886
3994.0	0.01734886
3996.0	0.01422392
3998.0	0.015625
4000.0	0.01623581
4002.0	0.01218146
4004.0	0.0126936
4006.0	0.01299725
4008.0	0.01842806
4010.0	0.02535007
4012.0	0.01597148
4014.0	0.01832229
4016.0	0.02426551
4018.0	0.014442
4020.0	0.01996681
4022.0	0.02451332
4024.0	0.01691583
4026.0	0.01621198
4028.0	0.0220404
4030.0	0.01912698
4032.0	0.01425631
4034.0	0.02197022
4036.0	0.02185981
4038.0	0.01903727
4040.0	0.01573096
4042.0	0.01163492
4044.0	0.01849981
4046.0	0.02405342
4048.0	0.02335304
4050.0	0.01984927
4052.0	0.01754101
4054.0	0.01407281
4056.0	0.0155431
4058.0	0.01417066
4060.0	0.01640664
4062.0	0.01796662
4064.0	0.01794444
4066.0	0.01063067
4068.0	0.02265935
4070.0	0.02052769
4072.0	0.01807375
4074.0	0.01969256
4076.0	0.0139215
4078.0	0.01513148
4080.0	0.02140518
4082.0	0.01702811
4084.0	0.01785655
4086.0	0.01695208
4088.0	0.01684135
4090.0	0.01348404
4092.0	0.01580674
4094.0	0.01803378
4096.0	0.02182822
4098.0	0.02525438
4100.0	0.01747551
4102.0	0.01891845
4104.0	0.01680448
4106.0	0.01551392
4108.0	0.01821461
4110.0	0.01913451
4112.0	0.02713701
4114.0	0.02611084
4116.0	0.01934407
4118.0	0.02120357
4120.0	0.01990068
4122.0	0.02376359
4124.0	0.02543607
4126.0	0.0214274
4128.0	0.02870318
4130.0	0.031866
4132.0	0.02409404
4134.0	0.03043648
4136.0	0.03272243
4138.0	0.0311263
4140.0	0.03199841
4142.0	0.02731265
4144.0	0.02940429
4146.0	0.03130734
4148.0	0.02998974
4150.0	0.03063803
4152.0	0.02889613
4154.0	0.0306317
4156.0	0.03596268
4158.0	0.03289735
4160.0	0.02432307
4162.0	0.0290648
4164.0	0.03092991
4166.0	0.02897705
4168.0	0.03254762
4170.0	0.02956
4172.0	0.03125306
4174.0	0.03492749
4176.0	0.03542281
4178.0	0.03408942
4180.0	0.02565394
4182.0	0.02344262
4184.0	0.02566515
4186.0	0.02959291
4188.0	0.03681036
4190.0	0.03761589
4192.0	0.03554306
4194.0	0.03755706
4196.0	0.0354366
4198.0	0.03102119
4200.0	0.03406943
4202.0	0.03655056
4204.0	0.03358488
4206.0	0.03439201
4208.0	0.03527834
4210.0	0.02973325
4212.0	0.02984823
4214.0	0.03542515
4216.0	0.03807086
4218.0	0.04050712
4220.0	0.03799718
4222.0	0.03480529
4224.0	0.03557203
4226.0	0.03269054
4228.0	0.03133627
4230.0	0.03375953
4232.0	0.03311599
4234.0	0.03173257
4236.0	0.03493298
4238.0	0.03255403
4240.0	0.02860215
4242.0	0.03162691
4244.0	0.03334013
4246.0	0.03271505
4248.0	0.03095839
4250.0	0.02986559
4252.0	0.03137506
4254.0	0.03782832
4256.0	0.03600872
4258.0	0.03207177
4260.0	0.03070765
4262.0	0.03665364
4264.0	0.03525556
4266.0	0.03115477
4268.0	0.03364046
4270.0	0.03480406
4272.0	0.03238867
4274.0	0.02872835
4276.0	0.03205952
4278.0	0.03817306
4280.0	0.03382509
4282.0	0.02944737
4284.0	0.02453107
4286.0	0.0291855
4288.0	0.03325792
4290.0	0.03734732
4292.0	0.03420871
4294.0	0.02702004
4296.0	0.03036609
4298.0	0.03368675
4300.0	0.03363794
4302.0	0.03229285
4304.0	0.02644647
4306.0	0.03479806
4308.0	0.03212875
4310.0	0.03594759
4312.0	0.03711738
4314.0	0.02593471
4316.0	0.03281587
4318.0	0.03994095
4320.0	0.04626413
4322.0	0.04289794
4324.0	0.03276942
4326.0	0.03457984
4328.0	0.03823027
4330.0	0.03208483
4332.0	0.03776022
4334.0	0.03979829
4336.0	0.03545305
4338.0	0.03208934
4340.0	0.0355172
4342.0	0.02975165
4344.0	0.03228826
4346.0	0.04233412
4348.0	0.03653765
4350.0	0.04020555
4352.0	0.0359734
4354.0	0.03351189
4356.0	0.03614098
4358.0	0.03769809
4360.0	0.04135684
4362.0	0.03478189
4364.0	0.03681406
4366.0	0.03627125
4368.0	0.03368898
4370.0	0.03755552
4372.0	0.03454008
4374.0	0.03310483
4376.0	0.03123688
4378.0	0.02972711
4380.0	0.03798844
4382.0	0.03727064
4384.0	0.0372767
4386.0	0.0316147
4388.0	0.03425482
4390.0	0.0257953
4392.0	0.02834697
4394.0	0.03587019
4396.0	0.03296366
4398.0	0.03137688
4400.0	0.03330088
4402.0	0.03058982
4404.0	0.02889002
4406.0	0.02835663
4408.0	0.02552235
4410.0	0.02721313
4412.0	0.03062543
4414.0	0.02953362
4416.0	0.02973165
4418.0	0.02825671
4420.0	0.03234557
4422.0	0.03076026
4424.0	0.02579622
4426.0	0.02813688
4428.0	0.02736424
4430.0	0.02872009
4432.0	0.02436984
4434.0	0.02093186
4436.0	0.02726573
4438.0	0.03093602
4440.0	0.0280304
4442.0	0.02630571
4444.0	0.030411
4446.0	0.0302558
4448.0	0.02898395
4450.0	0.0316873
4452.0	0.02940853
4454.0	0.02585925
4456.0	0.02499874
4458.0	0.02390089
4460.0	0.02247113
4462.0	0.02437635
4464.0	0.0294865
4466.0	0.02752954
4468.0	0.0232866
4470.0	0.02213773
4472.0	0.02464819
4474.0	0.02568829
4476.0	0.02001154
4478.0	0.02205491
4480.0	0.02708419
4482.0	0.02882985
4484.0	0.0269813
4486.0	0.02507024
4488.0	0.0305848
4490.0	0.0318553
4492.0	0.02689401
4494.0	0.02721102
4496.0	0.02909261
4498.0	0.02533864
4500.0	0.02414976
4502.0	0.02251245
4504.0	0.02195564
4506.0	0.02569777
4508.0	0.02928426
4510.0	0.03120862
4512.0	0.02610588
4514.0	0.0214277
4516.0	0.02066733
4518.0	0.02191029
4520.0	0.02475878
4522.0	0.02498408
4524.0	0.02510709
4526.0	0.02606025
4528.0	0.02608485
4530.0	0.02564173
4532.0	0.02280513
4534.0	0.0184825
4536.0	0.02014409
4538.0	0.01630535
4540.0	0.02017753
4542.0	0.02491647
4544.0	0.02208315
4546.0	0.01846004
4548.0	0.01809426
4550.0	0.01619985
4552.0	0.01690452
4554.0	0.02222455
4556.0	0.01958748
4558.0	0.01354257
4560.0	0.01568129
4562.0	0.01810313
4564.0	0.01666672
4566.0	0.01980146
4568.0	0.02217982
4570.0	0.01560686
4572.0	0.0136009
4574.0	0.01189689
4576.0	0.009965912
4578.0	0.01478925
4580.0	0.01820329
4582.0	0.01626152
4584.0	0.0176774
4586.0	0.01773196
4588.0	0.01678869
4590.0	0.01669629
4592.0	0.02417016
4594.0	0.01671983
4596.0	0.01615372
4598.0	0.01780334
4600.0	0.01663946
4602.0	0.01327818
4604.0	0.01448062
4606.0	0.01473832
4608.0	0.01639326
4610.0	0.02142245
4612.0	0.01496609
4614.0	0.009436785
4616.0	0.01687198
4618.0	0.02193681
4620.0	0.01641391
4622.0	0.02116738
4624.0	0.02579636
4626.0	0.02084339
4628.0	0.0216236
4630.0	0.0185594
4632.0	0.02175321
4634.0	0.01629477
4636.0	0.01918848
4638.0	0.02214787
4640.0	0.02334353
4642.0	0.0204556
4644.0	0.02003196
4646.0	0.02089582
4648.0	0.02482181
4650.0	0.01848107
4652.0	0.02132773
4654.0	0.02448786
4656.0	0.02301575
4658.0	0.02399118
4660.0	0.01900253
4662.0	0.0268734
4664.0	0.02767058
4666.0	0.02452792
4668.0	0.02140825
4670.0	0.02236995
4672.0	0.02276813
4674.0	0.02820593
4676.0	0.02420269
4678.0	0.01861937
4680.0	0.01914133
4682.0	0.02268821
4684.0	0.02028351
4686.0	0.02341924
4688.0	0.0212585
4690.0	0.01863655
4692.0	0.02270574
4694.0	0.02579943
4696.0	0.02998651
4698.0	0.02447383
4700.0	0.01882621
4702.0	0.02469984
4704.0	0.02284425
4706.0	0.02211298
4708.0	0.02548985
4710.0	0.0285102
4712.0	0.02474673
4714.0	0.02683839
4716.0	0.02712307
4718.0	0.01894579
4720.0	0.02556876
4722.0	0.02620908
4724.0	0.02597527
4726.0	0.02778519
4728.0	0.02610465
4730.0	0.02352905
4732.0	0.02447152
4734.0	0.02491817
4736.0	0.02401686
4738.0	0.02721534
4740.0	0.0246853
4742.0	0.02080226
4744.0	0.02587262
4746.0	0.02395054
4748.0	0.01656323
4750.0	0.02313334
4752.0	0.0260873
4754.0	0.02551265
4756.0	0.0242575
4758.0	0.02194897
4760.0	0.02651606
4762.0	0.02509567
4764.0	0.02250348
4766.0	0.02391838
4768.0	0.02295861
4770.0	0.02350256
4772.0	0.02634695
4774.0	0.02821421
4776.0	0.02661219
4778.0	0.02375313
4780.0	0.02532964
4782.0	0.02777862
4784.0	0.02434383
4786.0	0.01962893
4788.0	0.02444912
4790.0	0.0289561
4792.0	0.02576963
4794.0	0.02457597
4796.0	0.02296497
4798.0	0.023665
4800.0	0.02990646
4802.0	0.02912168
4804.0	0.02537598
4806.0	0.02542941
4808.0	0.02253272
4810.0	0.02274523
4812.0	0.02459273
4814.0	0.02874748
4816.0	0.02963353
4818.0	0.02820721
4820.0	0.02766473
4822.0	0.02508695
4824.0	0.02360578
4826.0	0.02140613
4828.0	0.02317178
4830.0	0.02469653
4832.0	0.02530094
4834.0	0.02709506
4836.0	0.02213216
4838.0	0.02350926
4840.0	0.03081541
4842.0	0.02968023
4844.0	0.02500749
4846.0	0.02398911
4848.0	0.02411765
4850.0	0.02296527
4852.0	0.02234689
4854.0	0.02422889
4856.0	0.02299177
4858.0	0.02187124
4860.0	0.01973996
4862.0	0.01850242
4864.0	0.02039448
4866.0	0.02483651
4868.0	0.02580838
4870.0	0.02013363
4872.0	0.02020626
4874.0	0.02234701
4876.0	0.02167627
4878.0	0.01878163
4880.0	0.02095939
4882.0	0.02211845
4884.0	0.0240914
4886.0	0.02503534
4888.0	0.01853345
4890.0	0.02014915
4892.0	0.02541429
4894.0	0.02371581
4896.0	0.01896591
4898.0	0.02288745
4900.0	0.02484829
4902.0	0.02375447
4904.0	0.02607558
4906.0	0.0248705
4908.0	0.02664452
4910.0	0.02849009
4912.0	0.02736554
4914.0	0.02819837
4916.0	0.0269805
4918.0	0.02645921
4920.0	0.0276597
4922.0	0.02532864
4924.0	0.02267584
4926.0	0.01993336
4928.0	0.02256374
4930.0	0.02131141
4932.0	0.02373607
4934.0	0.02626958
4936.0	0.02456936
4938.0	0.02904576
4940.0	0.02971615
4942.0	0.02362997
4944.0	0.02191844
4946.0	0.02744694
4948.0	0.02159301
4950.0	0.0232653
4952.0	0.02379206
4954.0	0.02651169
4956.0	0.02360151
4958.0	0.01958073
4960.0	0.02456029
4962.0	0.02549056
4964.0	0.02679361
4966.0	0.02127447
4968.0	0.02040678
4970.0	0.01941056
4972.0	0.02038625
4974.0	0.02252618
4976.0	0.02158577
4978.0	0.0173225
4980.0	0.02092247
4982.0	0.02316632
4984.0	0.02193208
4986.0	0.02086949
4988.0	0.02179346
4990.0	0.02009657
4992.0	0.02093234
4994.0	0.02153353
4996.0	0.02293714
4998.0	0.01986176
5000.0	0.01631311
5002.0	0.02180413
5004.0	0.02096451
5006.0	0.02071732
5008.0	0.01597478
5010.0	0.02141453
5012.0	0.02151248
5014.0	0.01803956
5016.0	0.0218189
5018.0	0.02130057
5020.0	0.0199626
5022.0	0.02252839
5024.0	0.02103972
5026.0	0.0205625
5028.0	0.02098139
5030.0	0.02209534
5032.0	0.02375078
5034.0	0.02297492
5036.0	0.02221786
5038.0	0.01998426
5040.0	0.01879064
5042.0	0.02246021
5044.0	0.02054051
5046.0	0.01948947
5048.0	0.01873891
5050.0	0.01466314
5052.0	0.01873062
5054.0	0.01570172
5056.0	0.0205078
5058.0	0.02153124
5060.0	0.01829094
5062.0	0.01890223
5064.0	0.01496135
5066.0	0.0176406
5068.0	0.022071
5070.0	0.02144685
5072.0	0.01817681
5074.0	0.01936266
5076.0	0.02140055
5078.0	0.01771296
5080.0	0.01827309
5082.0	0.01942923
5084.0	0.01702901
5086.0	0.01646563
5088.0	0.01756357
5090.0	0.0190792
5092.0	0.02085837
5094.0	0.02297952
5096.0	0.02137179
5098.0	0.0185113
5100.0	0.01896575
5102.0	0.02045174
5104.0	0.01931331
5106.0	0.01835606
5108.0	0.02006608
5110.0	0.01973544
5112.0	0.01693963
5114.0	0.01492008
5116.0	0.01677217
5118.0	0.01977413
5120.0	0.02132184
5122.0	0.02145879
5124.0	0.01858107
5126.0	0.01624838
5128.0	0.0175027
5130.0	0.01842428
5132.0	0.01516019
5134.0	0.01526812
5136.0	0.01785479
5138.0	0.01725829
5140.0	0.0197533
5142.0	0.02019533
5144.0	0.01887732
5146.0	0.01822299
5148.0	0.02109542
5150.0	0.02177991
5152.0	0.01865754
5154.0	0.01909644
5156.0	0.0201922
5158.0	0.02001482
5160.0	0.0188589
5162.0	0.01779928
5164.0	0.01820954
5166.0	0.01763961
5168.0	0.01665595
5170.0	0.01471204
5172.0	0.01554801
5174.0	0.01534354
5176.0	0.01461207
5178.0	0.01601004
5180.0	0.01748465
5182.0	0.01630289
5184.0	0.01175561
5186.0	0.01385613
5188.0	0.01522098
5190.0	0.01361881
5192.0	0.01750135
5194.0	0.01632258
5196.0	0.01336309
5198.0	0.01577327
5200.0	0.01553337
5202.0	0.01369793
5204.0	0.01632014
5206.0	0.01751164
5208.0	0.01669795
5210.0	0.01446195
5212.0	0.01700765
5214.0	0.01658796
5216.0	0.01397739
5218.0	0.01505729
5220.0	0.01482188
5222.0	0.01847174
5224.0	0.01720277
5226.0	0.01454988
5228.0	0.01316112
5230.0	0.01593232
5232.0	0.01761874
5234.0	0.01720337
5236.0	0.01773127
5238.0	0.01536603
5240.0	0.01472935
5242.0	0.01507391
5244.0	0.01847493
5246.0	0.01741085
5248.0	0.01299781
5250.0	0.01577197
5252.0	0.01422463
5254.0	0.01354745
5256.0	0.01609301
5258.0	0.01773541
5260.0	0.01506941
5262.0	0.0138545
5264.0	0.01601675
5266.0	0.01558052
5268.0	0.01420589
5270.0	0.0146396
5272.0	0.01681067
5274.0	0.01317038
5276.0	0.01261707
5278.0	0.01415553
5280.0	0.01509642
5282.0	0.01659385
5284.0	0.01726881
5286.0	0.0165277
5288.0	0.01530925
5290.0	0.01607198
5292.0	0.01715161
5294.0	0.01580692
5296.0	0.01390928
5298.0	0.01405733
5300.0	0.01468288
5302.0	0.01409378
5304.0	0.0146375
5306.0	0.0162863
5308.0	0.01594303
5310.0	0.01057957
5312.0	0.0156722
5314.0	0.0160074
5316.0	0.01411517
5318.0	0.01726875
5320.0	0.01674113
5322.0	0.01452384
5324.0	0.0123178
5326.0	0.01271372
5328.0	0.01704784
5330.0	0.01647632
5332.0	0.01357382
5334.0	0.01425857
5336.0	0.01679946
5338.0	0.0127917
5340.0	0.01136066
5342.0	0.01192792
5344.0	0.01282354
5346.0	0.01918186
5348.0	0.01722076
5350.0	0.01275842
5352.0	0.0103838
5354.0	0.01659424
5356.0	0.01689104
5358.0	0.01356749
5360.0	0.01164335
5362.0	0.01315768
5364.0	0.01540061
5366.0	0.01404725
5368.0	0.0138904
5370.0	0.01250389
5372.0	0.01076424
5374.0	0.01166086
5376.0	0.01393696
5378.0	0.01773191
5380.0	0.01633271
5382.0	0.01296151
5384.0	0.01463646
5386.0	0.01724534
5388.0	0.01525296
5390.0	0.01491389
5392.0	0.01535623
5394.0	0.01309845
5396.0	0.01457558
5398.0	0.01732024
5400.0	0.01592335
5402.0	0.01666102
5404.0	0.01709401
5406.0	0.01719715
5408.0	0.01630737
5410.0	0.01601764
5412.0	0.01833723
5414.0	0.01940769
5416.0	0.02115078
5418.0	0.02252732
5420.0	0.0214018
5422.0	0.01815251
5424.0	0.01959888
5426.0	0.01894519
5428.0	0.01793279
5430.0	0.02092625
5432.0	0.02095975
5434.0	0.01756171
5436.0	0.01664396
5438.0	0.01727953
5440.0	0.01531576
5442.0	0.01541838
5444.0	0.01918544
5446.0	0.01893155
5448.0	0.02098271
5450.0	0.02076313
5452.0	0.01739144
5454.0	0.01786549
5456.0	0.0215481
5458.0	0.01914826
5460.0	0.01734919
5462.0	0.01707773
5464.0	0.01645711
5466.0	0.02034598
5468.0	0.02367114
5470.0	0.01924572
5472.0	0.01828922
5474.0	0.02221777
5476.0	0.02239873
5478.0	0.02010493
5480.0	0.02152544
5482.0	0.01999035
5484.0	0.01718313
5486.0	0.01945621
5488.0	0.02151724
5490.0	0.0202744
5492.0	0.01878117
5494.0	0.0194545
5496.0	0.01946278
5498.0	0.01769801
5500.0	0.01737809
5502.0	0.02015206
5504.0	0.02055193
5506.0	0.01724968
5508.0	0.01707886
5510.0	0.01772877
5512.0	0.01889356
5514.0	0.01967181
5516.0	0.01789916
5518.0	0.01752292
5520.0	0.01822174
5522.0	0.02106261
5524.0	0.01904519
5526.0	0.0140048
5528.0	0.01664636
5530.0	0.01847373
5532.0	0.01490959
5534.0	0.0167125
5536.0	0.02090119
5538.0	0.02190111
5540.0	0.01799915
5542.0	0.01571415
5544.0	0.01489467
5546.0	0.01525476
5548.0	0.01857236
5550.0	0.01998405
5552.0	0.0198366
5554.0	0.019345
5556.0	0.01932075
5558.0	0.02221302
5560.0	0.02084458
5562.0	0.01659954
5564.0	0.0176981
5566.0	0.01863267
5568.0	0.01652149
5570.0	0.01206529
5572.0	0.01194054
5574.0	0.01538904
5576.0	0.02457633
5578.0	0.01767682
5580.0	0.01115895
5582.0	0.01718794
5584.0	0.01879792
5586.0	0.01385149
5588.0	0.0147041
5590.0	0.01692964
5592.0	0.01574799
5594.0	0.01386682
5596.0	0.01336138
5598.0	0.0157062
5600.0	0.01593582
5602.0	0.01198413
5604.0	0.01269132
5606.0	0.01314372
5608.0	0.01333501
5610.0	0.01225426
5612.0	0.0113964
5614.0	0.01154776
5616.0	0.01300926
5618.0	0.01557519
5620.0	0.01601214
5622.0	0.01282086
5624.0	0.01327998
5626.0	0.01309763
5628.0	0.01188416
5630.0	0.00716804
5632.0	0.009348642
5634.0	0.0113602
5636.0	0.01328657
5638.0	0.009476936
5640.0	0.01037658
5642.0	0.01310054
5644.0	0.01353853
5646.0	0.01281045
5648.0	0.01486124
5650.0	0.01363481
5652.0	0.01212578
5654.0	0.01165493
5656.0	0.01349073
5658.0	0.01594361
5660.0	0.01394295
5662.0	0.0117531
5664.0	0.01442982
5666.0	0.01263301
5668.0	0.01170024
5670.0	0.01467878
5672.0	0.01203588
5674.0	0.01344864
5676.0	0.01417603
5678.0	0.0123414
5680.0	0.009606236
5682.0	0.01421471
5684.0	0.01325411
5686.0	0.01251428
5688.0	0.01191937
5690.0	0.007026481
5692.0	0.009682055
5694.0	0.01454819
5696.0	0.0102779
5698.0	0.008459128
5700.0	0.01129127
5702.0	0.01464631
5704.0	0.01327706
5706.0	0.01027501
5708.0	0.01249376
5710.0	0.01453338
5712.0	0.01084061
5714.0	0.01141906
5716.0	0.01159855
5718.0	0.01554288
5720.0	0.01413223
5722.0	0.01145712
5724.0	0.01387908
5726.0	0.01282214
5728.0	0.01385278
5730.0	0.01486997
5732.0	0.01405835
5734.0	0.01547557
5736.0	0.01358704
5738.0	0.0140856
5740.0	0.01637321
5742.0	0.01313268
5744.0	0.01032102
5746.0	0.01272211
5748.0	0.01417202
5750.0	0.0140544
5752.0	0.01447065
5754.0	0.01479857
5756.0	0.01371462
5758.0	0.01461666
5760.0	0.01506832
5762.0	0.0122463
5764.0	0.01290582
5766.0	0.01364092
5768.0	0.01066782
5770.0	0.01117125
5772.0	0.01359359
5774.0	0.01437969
5776.0	0.01488966
5778.0	0.01417042
5780.0	0.01330742
5782.0	0.01267447
5784.0	0.01388489
5786.0	0.01501522
5788.0	0.0124916
5790.0	0.0118004
5792.0	0.0123929
5794.0	0.01138359
5796.0	0.009500776
5798.0	0.009830099
5800.0	0.01221968
5802.0	0.01347924
5804.0	0.01369347
5806.0	0.01360395
5808.0	0.01221889
5810.0	0.01103784
5812.0	0.01374492
5814.0	0.01300966
5816.0	0.01138636
5818.0	0.01052094
5820.0	0.01059493
5822.0	0.01342016
5824.0	0.01308959
5826.0	0.0120406
5828.0	0.01251808
5830.0	0.009289787
5832.0	0.006402247
5834.0	0.008952231
5836.0	0.01026664
5838.0	0.01177896
5840.0	0.01364388
5842.0	0.0127721
5844.0	0.01056233
5846.0	0.005936353
5848.0	0.007851024
5850.0	0.01347876
5852.0	0.01178339
5854.0	0.01070217
5856.0	0.01024142
5858.0	0.009836449
5860.0	0.01335077
5862.0	0.0149741
5864.0	0.01194245
5866.0	0.008321383
5868.0	0.009708051
5870.0	0.01242011
5872.0	0.01293745
5874.0	0.0122691
5876.0	0.01205572
5878.0	0.01119111
5880.0	0.01005741
5882.0	0.01304678
5884.0	0.01280634
5886.0	0.008761481
5888.0	0.01305724
5890.0	0.01705483
5892.0	0.01572047
5894.0	0.01521798
5896.0	0.01420975
5898.0	0.009376802
5900.0	0.009807326
5902.0	0.01447592
5904.0	0.01414575
5906.0	0.01131809
5908.0	0.0135202
5910.0	0.01300564
5912.0	0.01446674
5914.0	0.01398401
5916.0	0.01226376
5918.0	0.01338515
5920.0	0.01467185
5922.0	0.01558039
5924.0	0.01402454
5926.0	0.01653322
5928.0	0.01473697
5930.0	0.01487773
5932.0	0.01569017
5934.0	0.01405645
5936.0	0.01877554
5938.0	0.02136298
5940.0	0.0203596
5942.0	0.01825921
5944.0	0.01447005
5946.0	0.01306172
5948.0	0.01169917
5950.0	0.01305659
5952.0	0.01293225
5954.0	0.01374885
5956.0	0.01678521
5958.0	0.01432215
5960.0	0.01473421
5962.0	0.01526367
5964.0	0.01833256
5966.0	0.0161954
5968.0	0.0175449
5970.0	0.02060568
5972.0	0.01566391
5974.0	0.01302276
5976.0	0.01511239
5978.0	0.01505228
5980.0	0.01315869
5982.0	0.01277664
5984.0	0.01507738
5986.0	0.01832794
5988.0	0.01741702
5990.0	0.01340851
5992.0	0.01532615
5994.0	0.01381233
5996.0	0.0116204
5998.0	0.01414626
6000.0	0.01641971
6002.0	0.01985158
6004.0	0.01325265
6006.0	0.01748559
6008.0	0.01975271
6010.0	0.01552036
6012.0	0.01625671
6014.0	0.02007539
6016.0	0.01527244
6018.0	0.01638967
6020.0	0.01482906
6022.0	0.01207725
6024.0	0.01658146
6026.0	0.01319421
6028.0	0.01043181
6030.0	0.01045172
6032.0	0.01432991
6034.0	0.01541753
6036.0	0.01288735
6038.0	0.0193635
6040.0	0.01845304
6042.0	0.01342333
6044.0	0.01151077
6046.0	0.01904357
6048.0	0.01538586
6050.0	0.0143363
6052.0	0.0141773
6054.0	0.008972378
6056.0	0.01362009
6058.0	0.01294324
6060.0	0.01082497
6062.0	0.01295094
6064.0	0.01305546
6066.0	0.01317542
6068.0	0.01283384
6070.0	0.01339639
6072.0	0.01279637
6074.0	0.01363393
6076.0	0.01031044
6078.0	0.01482887
6080.0	0.01648381
6082.0	0.01510967
6084.0	0.01326317
6086.0	0.01303629
6088.0	0.01387392
6090.0	0.02007884
6092.0	0.01809601
6094.0	0.01252231
6096.0	0.01511346
6098.0	0.01822521
6100.0	0.01701417
6102.0	0.01205275
6104.0	0.01353745
6106.0	0.01535105
6108.0	0.014102
6110.0	0.0152482
6112.0	0.01804644
6114.0	0.0185263
6116.0	0.01580116
6118.0	0.01348203
6120.0	0.01605754
6122.0	0.01533428
6124.0	0.01214729
6126.0	0.01297406
6128.0	0.0140783
6130.0	0.01499425
6132.0	0.01598266
6134.0	0.01394261
6136.0	0.009907722
6138.0	0.009316484
6140.0	0.01618564
6142.0	0.01609203
6144.0	0.01123327
6146.0	0.01379032
6148.0	0.0151255
6150.0	0.01113482
6152.0	0.01312371
6154.0	0.01500767
6156.0	0.01218321
6158.0	0.01190052
6160.0	0.01464647
6162.0	0.01383109
6164.0	0.01305075
6166.0	0.01548074
6168.0	0.01668315
6170.0	0.01519502
6172.0	0.01103353
6174.0	0.009788658
6176.0	0.01245745
6178.0	0.01367129
6180.0	0.01361328
6182.0	0.01480069
6184.0	0.01314126
6186.0	0.01113029
6188.0	0.01329841
6190.0	0.01486436
6192.0	0.01405111
6194.0	0.01530095
6196.0	0.01306188
6198.0	0.0086062
6200.0	0.01242045
6202.0	0.01511224
6204.0	0.0130102
6206.0	0.01148759
6208.0	0.01173862
6210.0	0.0121802
6212.0	0.01260043
6214.0	0.01585218
6216.0	0.0138863
6218.0	0.01091076
6220.0	0.01423727
6222.0	0.01508461
6224.0	0.01300799
6226.0	0.0131381
6228.0	0.01495899
6230.0	0.01311187
6232.0	0.0129703
6234.0	0.01604379
6236.0	0.01568694
6238.0	0.01374494
6240.0	0.0166813
6242.0	0.01628115
6244.0	0.01423204
6246.0	0.01468078
6248.0	0.01289873
6250.0	0.01567628
6252.0	0.0181717
6254.0	0.0141505
6256.0	0.01060832
6258.0	0.01279071
6260.0	0.0169917
6262.0	0.0177715
6264.0	0.01600232
6266.0	0.01361315
6268.0	0.01210861
6270.0	0.01150273
6272.0	0.01319369
6274.0	0.01446906
6276.0	0.01356301
6278.0	0.01374439
6280.0	0.01632393
6282.0	0.0154564
6284.0	0.01397325
6286.0	0.01441813
6288.0	0.01507398
6290.0	0.01189515
6292.0	0.009554753
6294.0	0.01699192
6296.0	0.01171099
6298.0	-0.004142756
6300.0	0.01389323
6302.0	0.03847508
6304.0	0.03360276
6306.0	0.02450057
6308.0	0.02043324
6310.0	0.016199
6312.0	0.01698603
6314.0	0.01452468
6316.0	0.01021498
6318.0	0.01084631
6320.0	0.01269638
6322.0	0.01389966
6324.0	0.009720269
6326.0	0.01002836
6328.0	0.01096983
6330.0	0.01233139
6332.0	0.01349575
6334.0	0.0113258
6336.0	0.01173143
6338.0	0.01511775
6340.0	0.01367268
6342.0	0.01532478
6344.0	0.0158484
6346.0	0.01269858
6348.0	0.01326569
6350.0	0.01227454
6352.0	0.0108499
6354.0	0.01127742
6356.0	0.01167606
6358.0	0.0194205
6360.0	0.01614369
6362.0	0.01719395
6364.0	0.01589751
6366.0	0.01293479
6368.0	0.01825926
6370.0	0.01469191
6372.0	0.01237109
6374.0	0.01541537
6376.0	0.01430084
6378.0	0.01519576
6380.0	0.01528892
6382.0	0.01485509
6384.0	0.01423588
6386.0	0.01524739
6388.0	0.0152519
6390.0	0.01358948
6392.0	0.01183877
6394.0	0.01338071
6396.0	0.01063072
6398.0	0.01136581
6400.0	0.01259518
6402.0	0.01119007
6404.0	0.00968424
6406.0	0.01446543
6408.0	0.01285301
6410.0	0.01254497
6412.0	0.01320085
6414.0	0.01129641
6416.0	0.01240858
6418.0	0.01307707
6420.0	0.01196073
6422.0	0.01058732
6424.0	0.01161642
6426.0	0.01539914
6428.0	0.01511227
6430.0	0.0124665
6432.0	0.01435679
6434.0	0.01459841
6436.0	0.01300751
6438.0	0.01266559
6440.0	0.01177465
6442.0	0.0128744
6444.0	0.01319679
6446.0	0.01312843
6448.0	0.0134927
6450.0	0.01181348
6452.0	0.01134127
6454.0	0.01133566
6456.0	0.01293881
6458.0	0.01191089
6460.0	0.009833488
6462.0	0.01391221
6464.0	0.01188847
6466.0	0.00993438
6468.0	0.01006049
6470.0	0.009677402
6472.0	0.0135723
6474.0	0.01369205
6476.0	0.0121535
6478.0	0.01425172
6480.0	0.01213797
6482.0	0.00913866
6484.0	0.008243207
6486.0	0.01198861
6488.0	0.01154733
6490.0	0.009321668
6492.0	0.009460804
6494.0	0.01103798
6496.0	0.0120134
6498.0	0.0107094
6500.0	0.01019993
6502.0	0.009129143
6504.0	0.007373322
6506.0	0.00822943
6508.0	0.008577064
6510.0	0.009992491
6512.0	0.01029272
6514.0	0.009170961
6516.0	0.01152282
6518.0	0.00954123
6520.0	0.007284501
6522.0	0.009323602
6524.0	0.009157396
6526.0	0.006714358
6528.0	0.005864346
6530.0	0.008785861
6532.0	0.008380331
6534.0	0.006424692
6536.0	0.00816185
6538.0	0.008945165
6540.0	0.008943381
6542.0	0.009195259
6544.0	0.008797013
6546.0	0.007647141
6548.0	0.005762049
6550.0	0.007086525
6552.0	0.008269838
6554.0	0.006243368
6556.0	0.006144464
6558.0	0.008289128
6560.0	0.008960024
6562.0	0.004284824
6564.0	0.003111925
6566.0	0.008342563
6568.0	0.009387897
6570.0	0.007192858
6572.0	0.00785382
6574.0	0.007301571
6576.0	0.005863668
6578.0	0.007107761
6580.0	0.007173388
6582.0	0.007620626
6584.0	0.009443563
6586.0	0.007997403
6588.0	0.005540267
6590.0	0.005889538
6592.0	0.00838501
6594.0	0.008194222
6596.0	0.009137401
6598.0	0.01032774
6600.0	0.008079362
6602.0	0.005005228
6604.0	0.00674712
6606.0	0.009358446
6608.0	0.009117818
6610.0	0.006561031
6612.0	0.008118878
6614.0	0.008971137
6616.0	0.004335069
6618.0	0.007357311
6620.0	0.0114302
6622.0	0.009278799
6624.0	0.00983423
6626.0	0.01006833
6628.0	0.007124572
6630.0	0.008065661
6632.0	0.01070107
6634.0	0.009706762
6636.0	0.009077622
6638.0	0.009343458
6640.0	0.009705806
6642.0	0.01136029
6644.0	0.009407601
6646.0	0.009829281
6648.0	0.01006209
6650.0	0.008669322
6652.0	0.01017726
6654.0	0.009398339
6656.0	0.01010393
6658.0	0.008227858
6660.0	0.008320152
6662.0	0.01104425
6664.0	0.0115328
6666.0	0.01058505
6668.0	0.008490544
6670.0	0.008418743
6672.0	0.01184196
6674.0	0.01211315
6676.0	0.008358807
6678.0	0.008772773
6680.0	0.009896152
6682.0	0.01123462
6684.0	0.01033009
6686.0	0.009170124
6688.0	0.009435097
6690.0	0.0107187
6692.0	0.006748465
6694.0	0.008057714
6696.0	0.01091518
6698.0	0.007550434
6700.0	0.008543529
6702.0	0.01062125
6704.0	0.01100101
6706.0	0.009448037
6708.0	0.006541043
6710.0	0.009725614
6712.0	0.01359704
6714.0	0.01100941
6716.0	0.009042692
6718.0	0.01171496
6720.0	0.01022115
6722.0	0.01071515
6724.0	0.01027724
6726.0	0.01139731
6728.0	0.01047584
6730.0	0.008338042
6732.0	0.009640458
6734.0	0.01043597
6736.0	0.00872974
6738.0	0.009480431
6740.0	0.008802464
6742.0	0.01045129
6744.0	0.01106027
6746.0	0.01225331
6748.0	0.01154263
6750.0	0.01299518
6752.0	0.01116501
6754.0	0.01016066
6756.0	0.01222844
6758.0	0.01119151
6760.0	0.00997356
6762.0	0.009082368
6764.0	0.007189859
6766.0	0.0059522
6768.0	0.008873812
6770.0	0.01021698
6772.0	0.007992517
6774.0	0.007783943
6776.0	0.01064038
6778.0	0.01190024
6780.0	0.009543722
6782.0	0.007150905
6784.0	0.009106332
6786.0	0.01156472
6788.0	0.009521087
6790.0	0.006913854
6792.0	0.009154445
6794.0	0.009247552
6796.0	0.008937293
6798.0	0.009319187
6800.0	0.007760092
6802.0	0.009247623
6804.0	0.01043611
6806.0	0.008158212
6808.0	0.01012983
6810.0	0.01208461
6812.0	0.01008322
6814.0	0.0107602
6816.0	0.01149992
6818.0	0.01021328
6820.0	0.01109375
6822.0	0.01071957
6824.0	0.009236209
6826.0	0.008216305
6828.0	0.008792466
6830.0	0.01148891
6832.0	0.01083136
6834.0	0.009278661
6836.0	0.01102971
6838.0	0.009801093
6840.0	0.008959008
6842.0	0.01061631
6844.0	0.008754705
6846.0	0.007222392
6848.0	0.006504036
6850.0	0.009005539
6852.0	0.01186515
6854.0	0.009580971
6856.0	0.01065126
6858.0	0.01281523
6860.0	0.01013993
6862.0	0.006747678
6864.0	0.006344247
6866.0	0.008961597
6868.0	0.01011518
6870.0	0.006828496
6872.0	0.009952347
6874.0	0.01161402
6876.0	0.007462641
6878.0	0.00738113
6880.0	0.008972735
6882.0	0.01011407
6884.0	0.01019214
6886.0	0.01024947
6888.0	0.01006783
6890.0	0.00887884
6892.0	0.004524892
6894.0	0.006302735
6896.0	0.01044124
6898.0	0.009576095
6900.0	0.007455631
6902.0	0.006719074
6904.0	0.008882679
6906.0	0.008428659
6908.0	0.007444526
6910.0	0.009036001
6912.0	0.01116681
6914.0	0.007673291
6916.0	0.007837774
6918.0	0.01026522
6920.0	0.008526899
6922.0	0.006585655
6924.0	0.007100552
6926.0	0.01018336
6928.0	0.01020675
6930.0	0.008019943
6932.0	0.007949218
6934.0	0.006923603
6936.0	0.006589404
6938.0	0.009719861
6940.0	0.01005881
6942.0	0.009227209
6944.0	0.01212351
6946.0	0.01047837
6948.0	0.006742556
6950.0	0.006509562
6952.0	0.008056644
6954.0	0.008624054
6956.0	0.009224965
6958.0	0.01037358
6960.0	0.008656596
6962.0	0.006897455
6964.0	0.009344843
6966.0	0.00532785
6968.0	0.005747893
6970.0	0.005482907
6972.0	0.006131948
6974.0	0.007939047
6976.0	0.008125642
6978.0	0.009052114
6980.0	0.008638872
6982.0	0.006231664
6984.0	0.006102313
6986.0	0.009135135
6988.0	0.00867309
6990.0	0.005851975
6992.0	0.006145536
6994.0	0.00711835
6996.0	0.00527884
6998.0	0.005266302
7000.0	0.005840784
7002.0	0.009490802
7004.0	0.009333743
7006.0	0.008170671
7008.0	0.004940301
7010.0	0.007289563
7012.0	0.01063932
7014.0	0.009661059
7016.0	0.006252232
7018.0	0.006442294
7020.0	0.009578034
7022.0	0.009474975
7024.0	0.008073281
7026.0	0.008238269
7028.0	0.006979674
7030.0	0.005145236
7032.0	0.01040856
7034.0	0.01011716
7036.0	0.008846588
7038.0	0.01136116
7040.0	0.008267724
7042.0	0.0064954
7044.0	0.006476587
7046.0	0.00851438
7048.0	0.006696082
7050.0	0.005309174
