#	 PS15bjg 
#	 UT date of observation: 20150726 
#	 Telescope/Instrument: SALT/RSS 
#	 Estimated Peak MJD: 57238.82 
#	 Estimated redshift: 0.069 
#	 Estimated Phase: -9.2 
#	 Published in Dettman et al. 2020 
#	 Observed barycentric wavelength (Angstroms)    F_lambda
3200.0	4.912692e-18
3203.01151461	5.797473e-18
3206.02302923	6.682255e-18
3209.03454384	7.567036e-18
3212.04605846	8.451889e-18
3215.05757307	9.33667e-18
3218.06908769	1.022145e-17
3221.0806023	1.110623e-17
3224.09211692	1.199101e-17
3227.10363153	1.28758e-17
3230.11514615	1.376065e-17
3233.12666076	1.464543e-17
3236.13817538	1.553021e-17
3239.14968999	1.641499e-17
3242.16120461	1.729977e-17
3245.17271922	1.818455e-17
3248.18423384	1.906941e-17
3251.19574845	1.995419e-17
3254.20726306	2.083897e-17
3257.21877768	2.172375e-17
3260.23029229	2.260853e-17
3263.24180691	2.349331e-17
3266.25332152	2.437817e-17
3269.26483614	2.526295e-17
3272.27635075	2.614773e-17
3275.28786537	2.703251e-17
3278.29937998	2.791729e-17
3281.3108946	2.880207e-17
3284.32240921	2.968693e-17
3287.33392383	3.057171e-17
3290.34543844	3.145649e-17
3293.35695306	3.234127e-17
3296.36846767	3.322605e-17
3299.37998229	3.411083e-17
3302.3914969	3.499569e-17
3305.40301151	3.588047e-17
3308.41452613	3.676525e-17
3311.42604074	3.765003e-17
3314.43755536	3.853481e-17
3317.44906997	3.941959e-17
3320.46058459	5.4402e-17
3323.4720992	1.339987e-16
3326.48361382	1.325446e-16
3329.49512843	5.110133e-17
3332.50664305	7.747745e-17
3335.51815766	4.122284e-17
3338.52967228	-3.658135e-17
3341.54118689	1.075816e-16
3344.55270151	1.564002e-17
3347.56421612	1.241587e-17
3350.57573074	1.345567e-16
3353.58724535	2.266349e-16
3356.59875996	7.645802e-17
3359.61027458	-3.17911e-17
3362.62178919	3.413973e-17
3365.63330381	7.929963e-17
3368.64481842	-1.148993e-17
3371.65633304	-1.051153e-17
3374.66784765	2.921978e-17
3377.67936227	6.267653e-17
3380.69087688	1.729422e-17
3383.7023915	2.048167e-17
3386.71390611	3.578384e-17
3389.72542073	7.51507e-17
3392.73693534	5.968759e-17
3395.74844996	2.040395e-17
3398.75996457	-2.88748e-17
3401.77147919	-1.253549e-17
3404.7829938	9.202038e-18
3407.79450841	3.053614e-17
3410.80602303	2.187599e-17
3413.81753764	3.600198e-17
3416.82905226	7.24736e-17
3419.84056687	1.683895e-16
3422.85208149	1.920807e-16
3425.8635961	1.218469e-16
3428.87511072	4.16306e-17
3431.88662533	9.414749e-17
3434.89813995	8.664434e-17
3437.90965456	2.825333e-17
3440.92116918	4.350679e-17
3443.93268379	9.864349e-17
3446.94419841	3.118052e-17
3449.95571302	4.503661e-17
3452.96722764	9.472785e-17
3455.97874225	5.970478e-17
3458.99025686	4.19171e-17
3462.00177148	3.532069e-17
3465.01328609	-8.269947e-18
3468.02480071	-1.067069e-17
3471.03631532	-6.575093e-18
3474.04782994	-6.397467e-18
3477.05934455	2.755222e-17
3480.07085917	9.569011e-17
3483.08237378	7.22916e-17
3486.0938884	9.136845e-17
3489.10540301	1.580359e-16
3492.11691763	9.718082e-17
3495.12843224	3.164227e-17
3498.13994686	3.424366e-17
3501.15146147	5.17624e-17
3504.16297609	6.297029e-17
3507.1744907	8.008979e-17
3510.18600531	6.951908e-17
3513.19751993	6.456864e-17
3516.20903454	6.612439e-17
3519.22054916	1.157016e-16
3522.23206377	1.221068e-16
3525.24357839	8.946781e-17
3528.255093	9.83158e-17
3531.26660762	1.167383e-16
3534.27812223	1.32314e-16
3537.28963685	1.129846e-16
3540.30115146	8.661509e-17
3543.31266608	6.101037e-17
3546.32418069	6.707731e-17
3549.33569531	9.736685e-17
3552.34720992	1.098962e-16
3555.35872453	1.111744e-16
3558.37023915	1.553428e-16
3561.38175376	1.429483e-16
3564.39326838	1.392773e-16
3567.40478299	7.327605e-17
3570.41629761	4.113279e-17
3573.42781222	7.067058e-17
3576.43932684	1.013583e-16
3579.45084145	1.155011e-16
3582.46235607	1.163938e-16
3585.47387068	1.015884e-16
3588.4853853	1.018295e-16
3591.49689991	1.074816e-16
3594.50841453	1.182774e-16
3597.51992914	1.062201e-16
3600.53144376	8.903282e-17
3603.54295837	6.473302e-17
3606.55447298	1.023631e-16
3609.5659876	1.304774e-16
3612.57750221	9.969782e-17
3615.58901683	1.106478e-16
3618.60053144	1.349763e-16
3621.61204606	1.413534e-16
3624.62356067	1.017475e-16
3627.63507529	9.025259e-17
3630.6465899	1.109444e-16
3633.65810452	1.396778e-16
3636.66961913	1.263574e-16
3639.68113375	1.013339e-16
3642.69264836	9.917193e-17
3645.70416298	9.290935e-17
3648.71567759	1.040024e-16
3651.72719221	9.905358e-17
3654.73870682	8.940281e-17
3657.75022143	1.089067e-16
3660.76173605	1.010295e-16
3663.77325066	8.960631e-17
3666.78476528	1.215954e-16
3669.79627989	1.420774e-16
3672.80779451	1.305393e-16
3675.81930912	1.067207e-16
3678.83082374	1.219157e-16
3681.84233835	1.065152e-16
3684.85385297	8.673756e-17
3687.86536758	7.990747e-17
3690.8768822	7.027386e-17
3693.88839681	6.731803e-17
3696.89991143	7.042454e-17
3699.91142604	8.765831e-17
3702.92294066	7.335859e-17
3705.93445527	7.747056e-17
3708.94596988	7.804691e-17
3711.9574845	6.417548e-17
3714.96899911	6.200398e-17
3717.98051373	5.501387e-17
3720.99202834	6.577635e-17
3724.00354296	5.90418e-17
3727.01505757	6.082979e-17
3730.02657219	6.484739e-17
3733.0380868	6.4254e-17
3736.04960142	6.237086e-17
3739.06111603	5.08682e-17
3742.07263065	5.870356e-17
3745.08414526	8.745208e-17
3748.09565988	9.586975e-17
3751.10717449	9.394429e-17
3754.11868911	7.086239e-17
3757.13020372	6.894439e-17
3760.14171833	8.076649e-17
3763.15323295	7.101798e-17
3766.16474756	6.922957e-17
3769.17626218	7.95914e-17
3772.18777679	6.398768e-17
3775.19929141	4.801383e-17
3778.21080602	5.223685e-17
3781.22232064	4.563599e-17
3784.23383525	3.436115e-17
3787.24534987	7.768301e-17
3790.25686448	7.802958e-17
3793.2683791	6.147919e-17
3796.27989371	6.857534e-17
3799.29140833	6.423633e-17
3802.30292294	6.52906e-17
3805.31443756	6.178285e-17
3808.32595217	5.68616e-17
3811.33746678	5.207198e-17
3814.3489814	5.209474e-17
3817.36049601	6.139282e-17
3820.37201063	6.79356e-17
3823.38352524	6.403142e-17
3826.39503986	6.749008e-17
3829.40655447	7.584471e-17
3832.41806909	6.813724e-17
3835.4295837	6.290249e-17
3838.44109832	7.951015e-17
3841.45261293	9.352917e-17
3844.46412755	7.036679e-17
3847.47564216	3.612496e-17
3850.48715678	6.846103e-17
3853.49867139	9.100867e-17
3856.51018601	6.5095e-17
3859.52170062	5.419588e-17
3862.53321523	7.08057e-17
3865.54472985	7.200413e-17
3868.55624446	6.603455e-17
3871.56775908	5.452227e-17
3874.57927369	6.008292e-17
3877.59078831	5.342508e-17
3880.60230292	4.143357e-17
3883.61381754	4.563733e-17
3886.62533215	5.688133e-17
3889.63684677	6.297918e-17
3892.64836138	6.319862e-17
3895.659876	5.024319e-17
3898.67139061	3.779853e-17
3901.68290523	4.202506e-17
3904.69441984	3.743637e-17
3907.70593446	3.034542e-17
3910.71744907	2.797576e-17
3913.72896368	2.431737e-17
3916.7404783	2.364232e-17
3919.75199291	3.12559e-17
3922.76350753	3.508895e-17
3925.77502214	4.567047e-17
3928.78653676	4.997425e-17
3931.79805137	4.197182e-17
3934.80956599	2.4237e-17
3937.8210806	2.652705e-17
3940.83259522	4.057487e-17
3943.84410983	3.457127e-17
3946.85562445	2.308549e-17
3949.86713906	2.579362e-17
3952.87865368	1.886967e-17
3955.89016829	1.399674e-17
3958.90168291	2.347701e-17
3961.91319752	2.971619e-17
3964.92471213	3.757267e-17
3967.93622675	3.649474e-17
3970.94774136	3.890253e-17
3973.95925598	3.842568e-17
3976.97077059	4.000923e-17
3979.98228521	3.344053e-17
3982.99379982	4.067409e-17
3986.00531444	4.233518e-17
3989.01682905	2.566048e-17
3992.02834367	3.197677e-17
3995.03985828	2.939699e-17
3998.0513729	1.838455e-17
4001.06288751	2.044256e-17
4004.07440213	3.563897e-17
4007.08591674	4.614269e-17
4010.09743136	3.847672e-17
4013.10894597	3.559789e-17
4016.12046058	3.295236e-17
4019.1319752	2.414322e-17
4022.14348981	3.587262e-17
4025.15500443	4.093415e-17
4028.16651904	3.185e-17
4031.17803366	3.166912e-17
4034.18954827	3.638955e-17
4037.20106289	3.920066e-17
4040.2125775	4.092167e-17
4043.22409212	4.672885e-17
4046.23560673	3.939089e-17
4049.24712135	3.817817e-17
4052.25863596	4.751433e-17
4055.27015058	4.368043e-17
4058.28166519	4.264282e-17
4061.29317981	4.216174e-17
4064.30469442	3.893312e-17
4067.31620903	4.749797e-17
4070.32772365	5.502352e-17
4073.33923826	6.146249e-17
4076.35075288	5.558917e-17
4079.36226749	5.472609e-17
4082.37378211	6.849439e-17
4085.38529672	7.39532e-17
4088.39681134	5.641876e-17
4091.40832595	5.483493e-17
4094.41984057	6.315334e-17
4097.43135518	8.119989e-17
4100.4428698	8.582696e-17
4103.45438441	7.610635e-17
4106.46589903	7.642781e-17
4109.47741364	7.962952e-17
4112.48892826	8.116325e-17
4115.50044287	7.563585e-17
4118.51195748	7.448327e-17
4121.5234721	8.067706e-17
4124.53498671	8.24059e-17
4127.54650133	8.266126e-17
4130.55801594	8.104226e-17
4133.56953056	8.364968e-17
4136.58104517	7.764972e-17
4139.59255979	8.501607e-17
4142.6040744	9.992931e-17
4145.61558902	1.07148e-16
4148.62710363	1.051245e-16
4151.63861825	9.780296e-17
4154.65013286	9.610171e-17
4157.66164748	1.109933e-16
4160.67316209	9.735005e-17
4163.68467671	8.858255e-17
4166.69619132	9.145912e-17
4169.70770593	9.414804e-17
4172.71922055	9.27056e-17
4175.73073516	1.018036e-16
4178.74224978	1.064418e-16
4181.75376439	1.0521e-16
4184.76527901	1.027032e-16
4187.77679362	9.78987e-17
4190.78830824	9.010644e-17
4193.79982285	8.251561e-17
4196.81133747	7.595054e-17
4199.82285208	7.585934e-17
4202.8343667	8.369492e-17
4205.84588131	8.625758e-17
4208.85739593	7.822843e-17
4211.86891054	7.58093e-17
4214.88042516	7.760372e-17
4217.89193977	7.989998e-17
4220.90345438	8.196154e-17
4223.914969	8.801824e-17
4226.92648361	8.58323e-17
4229.93799823	8.038314e-17
4232.94951284	7.7438e-17
4235.96102746	6.244441e-17
4238.97254207	6.092691e-17
4241.98405669	7.04859e-17
4244.9955713	7.605281e-17
4248.00708592	7.65777e-17
4251.01860053	7.577931e-17
4254.03011515	7.808283e-17
4257.04162976	7.328571e-17
4260.05314438	6.664917e-17
4263.06465899	7.300363e-17
4266.0761736	7.546827e-17
4269.08768822	7.560428e-17
4272.09920283	8.158603e-17
4275.11071745	8.5896e-17
4278.12223206	8.234882e-17
4281.13374668	7.3758e-17
4284.14526129	7.901548e-17
4287.15677591	8.933325e-17
4290.16829052	9.676318e-17
4293.17980514	9.750913e-17
4296.19131975	9.436163e-17
4299.20283437	1.01098e-16
4302.21434898	1.075983e-16
4305.2258636	1.044581e-16
4308.23737821	9.792407e-17
4311.24889283	9.764699e-17
4314.26040744	9.802747e-17
4317.27192205	9.459531e-17
4320.28343667	9.17907e-17
4323.29495128	9.795561e-17
4326.3064659	9.786099e-17
4329.31798051	9.566451e-17
4332.32949513	1.009743e-16
4335.34100974	1.024823e-16
4338.35252436	9.833008e-17
4341.36403897	1.081891e-16
4344.37555359	1.048698e-16
4347.3870682	1.067915e-16
4350.39858282	1.150173e-16
4353.41009743	1.076647e-16
4356.42161205	1.028035e-16
4359.43312666	1.033042e-16
4362.44464128	1.005385e-16
4365.45615589	9.69366e-17
4368.4676705	8.870273e-17
4371.47918512	8.77738e-17
4374.49069973	8.983995e-17
4377.50221435	8.945035e-17
4380.51372896	9.743878e-17
4383.52524358	9.940148e-17
4386.53675819	9.915335e-17
4389.54827281	9.941814e-17
4392.55978742	9.877828e-17
4395.57130204	9.19221e-17
4398.58281665	9.310017e-17
4401.59433127	9.276239e-17
4404.60584588	8.870382e-17
4407.6173605	8.669275e-17
4410.62887511	8.982546e-17
4413.64038973	8.468383e-17
4416.65190434	8.118727e-17
4419.66341895	8.333024e-17
4422.67493357	8.259643e-17
4425.68644818	8.674361e-17
4428.6979628	8.319647e-17
4431.70947741	8.099349e-17
4434.72099203	8.006476e-17
4437.73250664	7.12375e-17
4440.74402126	7.706528e-17
4443.75553587	8.719533e-17
4446.76705049	8.711365e-17
4449.7785651	7.272708e-17
4452.79007972	7.277929e-17
4455.80159433	7.514512e-17
4458.81310895	7.281746e-17
4461.82462356	7.484459e-17
4464.83613818	7.757255e-17
4467.84765279	7.825438e-17
4470.8591674	7.01226e-17
4473.87068202	7.413156e-17
4476.88219663	8.113337e-17
4479.89371125	7.599243e-17
4482.90522586	7.153459e-17
4485.91674048	7.25611e-17
4488.92825509	7.563537e-17
4491.93976971	7.702358e-17
4494.95128432	7.585375e-17
4497.96279894	7.412963e-17
4500.97431355	7.053579e-17
4503.98582817	6.861869e-17
4506.99734278	7.156224e-17
4510.0088574	7.050651e-17
4513.02037201	6.818513e-17
4516.03188663	6.717261e-17
4519.04340124	6.746244e-17
4522.05491585	7.020711e-17
4525.06643047	7.348441e-17
4528.07794508	7.511075e-17
4531.0894597	7.130724e-17
4534.10097431	6.715083e-17
4537.11248893	6.857111e-17
4540.12400354	6.547379e-17
4543.13551816	6.371529e-17
4546.14703277	6.416607e-17
4549.15854739	6.43419e-17
4552.170062	6.397617e-17
4555.18157662	6.140844e-17
4558.19309123	6.228338e-17
4561.20460585	6.305016e-17
4564.21612046	6.275645e-17
4567.22763508	6.284613e-17
4570.23914969	6.41772e-17
4573.2506643	6.664145e-17
4576.26217892	6.098751e-17
4579.27369353	5.287596e-17
4582.28520815	5.378228e-17
4585.29672276	6.229748e-17
4588.30823738	6.376179e-17
4591.31975199	6.517441e-17
4594.33126661	6.361548e-17
4597.34278122	5.806233e-17
4600.35429584	5.772199e-17
4603.36581045	5.947908e-17
4606.37732507	6.546894e-17
4609.38883968	6.943239e-17
4612.4003543	6.710713e-17
4615.41186891	6.797349e-17
4618.42338353	6.667425e-17
4621.43489814	6.432242e-17
4624.44641275	6.19933e-17
4627.45792737	7.016458e-17
4630.46944198	7.985843e-17
4633.4809566	7.77264e-17
4636.49247121	7.580607e-17
4639.50398583	7.976684e-17
4642.51550044	7.406913e-17
4645.52701506	6.891478e-17
4648.53852967	6.87354e-17
4651.55004429	6.972219e-17
4654.5615589	6.857133e-17
4657.57307352	7.275653e-17
4660.58458813	7.884771e-17
4663.59610275	7.432095e-17
4666.60761736	6.911291e-17
4669.61913198	6.650417e-17
4672.63064659	6.624006e-17
4675.6421612	7.255498e-17
4678.65367582	7.155146e-17
4681.66519043	6.413651e-17
4684.67670505	6.569062e-17
4687.68821966	6.912218e-17
4690.69973428	6.785662e-17
4693.71124889	5.88859e-17
4696.72276351	6.524188e-17
4699.73427812	7.837504e-17
4702.74579274	7.396708e-17
4705.75730735	6.459395e-17
4708.76882197	6.454305e-17
4711.78033658	7.070502e-17
4714.7918512	6.855174e-17
4717.80336581	6.725979e-17
4720.81488043	6.996609e-17
4723.82639504	6.446357e-17
4726.83790965	6.044282e-17
4729.84942427	6.550849e-17
4732.86093888	6.984597e-17
4735.8724535	7.11193e-17
4738.88396811	7.167756e-17
4741.89548273	7.083964e-17
4744.90699734	7.418738e-17
4747.91851196	6.923571e-17
4750.93002657	6.739823e-17
4753.94154119	7.340313e-17
4756.9530558	8.093578e-17
4759.96457042	8.036089e-17
4762.97608503	7.478926e-17
4765.98759965	7.276994e-17
4768.99911426	7.926334e-17
4772.01062888	7.6327e-17
4775.02214349	6.843096e-17
4778.0336581	8.106218e-17
4781.04517272	8.641936e-17
4784.05668733	8.518115e-17
4787.06820195	8.53831e-17
4790.07971656	7.581333e-17
4793.09123118	7.125932e-17
4796.10274579	7.578751e-17
4799.11426041	7.807097e-17
4802.12577502	8.056091e-17
4805.13728964	8.03297e-17
4808.14880425	7.615624e-17
4811.16031887	7.490112e-17
4814.17183348	7.387744e-17
4817.1833481	7.433439e-17
4820.19486271	7.454057e-17
4823.20637733	7.089155e-17
4826.21789194	6.59749e-17
4829.22940655	6.821895e-17
4832.24092117	6.778708e-17
4835.25243578	7.558317e-17
4838.2639504	7.492085e-17
4841.27546501	6.896236e-17
4844.28697963	7.229807e-17
4847.29849424	7.588523e-17
4850.31000886	8.450079e-17
4853.32152347	7.504845e-17
4856.33303809	7.03212e-17
4859.3445527	7.754935e-17
4862.35606732	7.361655e-17
4865.36758193	7.190735e-17
4868.37909655	7.779622e-17
4871.39061116	8.261877e-17
4874.40212578	7.10324e-17
4877.41364039	6.748229e-17
4880.425155	7.301868e-17
4883.43666962	7.271583e-17
4886.44818423	7.686752e-17
4889.45969885	7.141654e-17
4892.47121346	6.353584e-17
4895.48272808	6.663595e-17
4898.49424269	7.883904e-17
4901.50575731	7.767158e-17
4904.51727192	6.668508e-17
4907.52878654	6.069608e-17
4910.54030115	6.282343e-17
4913.55181577	6.357183e-17
4916.56333038	6.476915e-17
4919.574845	6.789506e-17
4922.58635961	6.617526e-17
4925.59787422	5.995792e-17
4928.60938884	5.85291e-17
4931.62090345	5.841416e-17
4934.63241807	5.372545e-17
4937.64393268	5.045698e-17
4940.6554473	4.919097e-17
4943.66696191	5.079218e-17
4946.67847653	4.958583e-17
4949.68999114	4.124627e-17
4952.70150576	4.237049e-17
4955.71302037	4.809193e-17
4958.72453499	4.949385e-17
4961.7360496	4.488563e-17
4964.74756422	4.563264e-17
4967.75907883	4.71206e-17
4970.77059345	4.76916e-17
4973.78210806	4.889111e-17
4976.79362267	4.642849e-17
4979.80513729	4.78308e-17
4982.8166519	5.212085e-17
4985.82816652	5.043432e-17
4988.83968113	4.905104e-17
4991.85119575	5.009679e-17
4994.86271036	4.792378e-17
4997.87422498	4.597216e-17
5000.88573959	4.888385e-17
5003.89725421	4.984818e-17
5006.90876882	4.543631e-17
5009.92028344	4.622944e-17
5012.93179805	4.744249e-17
5015.94331267	4.451486e-17
5018.95482728	4.447633e-17
5021.9663419	4.625262e-17
5024.97785651	4.956124e-17
5027.98937112	4.834877e-17
5031.00088574	4.266046e-17
5034.01240035	3.945853e-17
5037.02391497	4.069146e-17
5040.03542958	4.578824e-17
5043.0469442	4.683273e-17
5046.05845881	4.354636e-17
5049.06997343	4.62007e-17
5052.08148804	5.005802e-17
5055.09300266	4.425606e-17
5058.10451727	4.295092e-17
5061.11603189	4.675395e-17
5064.1275465	4.871327e-17
5067.13906112	5.035761e-17
5070.15057573	4.852023e-17
5073.16209035	5.00918e-17
5076.17360496	5.174707e-17
5079.18511957	5.066791e-17
5082.19663419	4.991714e-17
5085.2081488	5.095542e-17
5088.21966342	5.302382e-17
5091.23117803	4.935897e-17
5094.24269265	4.180459e-17
5097.25420726	4.143595e-17
5100.26572188	4.482294e-17
5103.27723649	4.304725e-17
5106.28875111	4.264836e-17
5109.30026572	4.010892e-17
5112.31178034	3.869681e-17
5115.32329495	4.636441e-17
5118.33480957	4.954819e-17
5121.34632418	4.597938e-17
5124.3578388	4.296054e-17
5127.36935341	4.792309e-17
5130.38086802	5.18453e-17
5133.39238264	4.235521e-17
5136.40389725	4.298879e-17
5139.41541187	4.276299e-17
5142.42692648	3.911421e-17
5145.4384411	4.139143e-17
5148.44995571	4.315916e-17
5151.46147033	4.694421e-17
5154.47298494	4.213266e-17
5157.48449956	4.571716e-17
5160.49601417	5.307188e-17
5163.50752879	4.888178e-17
5166.5190434	4.303737e-17
5169.53055802	3.839686e-17
5172.54207263	3.188574e-17
5175.55358725	3.416882e-17
5178.56510186	4.000673e-17
5181.57661647	4.10842e-17
5184.58813109	4.342876e-17
5187.5996457	4.244855e-17
5190.61116032	3.755587e-17
5193.62267493	3.676662e-17
5196.63418955	4.523273e-17
5199.64570416	4.371015e-17
5202.65721878	4.175014e-17
5205.66873339	4.342824e-17
5208.68024801	3.859672e-17
5211.69176262	4.058151e-17
5214.70327724	4.224304e-17
5217.71479185	4.861571e-17
5220.72630647	5.257095e-17
5223.73782108	4.939987e-17
5226.7493357	4.84633e-17
5229.76085031	4.846078e-17
5232.77236492	4.725163e-17
5235.78387954	4.711671e-17
5238.79539415	5.196769e-17
5241.80690877	5.395564e-17
5244.81842338	5.026265e-17
5247.829938	4.998565e-17
5250.84145261	4.964495e-17
5253.85296723	5.226446e-17
5256.86448184	6.096759e-17
5259.87599646	5.951302e-17
5262.88751107	5.927002e-17
5265.89902569	5.578645e-17
5268.9105403	4.727948e-17
5271.92205492	4.534556e-17
5274.93356953	6.141877e-17
5277.94508415	6.587265e-17
5280.95659876	5.708885e-17
5283.96811337	5.118716e-17
5286.97962799	5.056526e-17
5289.9911426	5.625296e-17
5293.00265722	5.824715e-17
5296.01417183	6.089002e-17
5299.02568645	5.725222e-17
5302.03720106	5.519215e-17
5305.04871568	5.474729e-17
5308.06023029	6.117388e-17
5311.07174491	6.33858e-17
5314.08325952	6.703369e-17
5317.09477414	6.291694e-17
5320.10628875	5.344074e-17
5323.11780337	5.852164e-17
5326.12931798	5.89074e-17
5329.1408326	5.482333e-17
5332.15234721	6.115591e-17
5335.16386182	5.808854e-17
5338.17537644	5.390764e-17
5341.18689105	5.997301e-17
5344.19840567	6.133211e-17
5347.20992028	5.888904e-17
5350.2214349	5.75092e-17
5353.23294951	6.089223e-17
5356.24446413	6.501078e-17
5359.25597874	5.856408e-17
5362.26749336	6.108412e-17
5365.27900797	6.338287e-17
5368.29052259	6.176975e-17
5371.3020372	6.217831e-17
5374.31355182	6.158602e-17
5377.32506643	6.620589e-17
5380.33658105	6.703127e-17
5383.34809566	6.501874e-17
5386.35961027	6.212519e-17
5389.37112489	6.740294e-17
5392.3826395	6.98298e-17
5395.39415412	6.699995e-17
5398.40566873	6.72112e-17
5401.41718335	6.111573e-17
5404.42869796	6.247199e-17
5407.44021258	6.739381e-17
5410.45172719	6.929581e-17
5413.46324181	7.208186e-17
5416.47475642	7.160705e-17
5419.48627104	6.410075e-17
5422.49778565	6.68079e-17
5425.50930027	6.729493e-17
5428.52081488	6.308129e-17
5431.5323295	6.548354e-17
5434.54384411	7.0128e-17
5437.55535872	7.479412e-17
5440.56687334	6.968463e-17
5443.57838795	6.350266e-17
5446.58990257	6.966526e-17
5449.60141718	7.093129e-17
5452.6129318	6.849347e-17
5455.62444641	6.545834e-17
5458.63596103	6.382363e-17
5461.64747564	6.031957e-17
5464.65899026	5.756456e-17
5467.67050487	5.411928e-17
5470.68201949	5.686763e-17
5473.6935341	6.337359e-17
5476.70504872	6.374669e-17
5479.71656333	6.268915e-17
5482.72807795	6.708106e-17
5485.73959256	6.711667e-17
5488.75110717	6.676678e-17
5491.76262179	6.376186e-17
5494.7741364	6.082003e-17
5497.78565102	6.308223e-17
5500.79716563	6.446833e-17
5503.80868025	6.640424e-17
5506.82019486	6.596827e-17
5509.83170948	6.664829e-17
5512.84322409	6.924206e-17
5515.85473871	6.929058e-17
5518.86625332	7.342217e-17
5521.87776794	7.102334e-17
5524.88928255	6.371408e-17
5527.90079717	6.66468e-17
5530.91231178	6.767362e-17
5533.9238264	5.802839e-17
5536.93534101	5.335759e-17
5539.94685562	5.834788e-17
5542.95837024	5.580723e-17
5545.96988485	5.739192e-17
5548.98139947	5.506806e-17
5551.99291408	5.140518e-17
5555.0044287	5.066654e-17
5558.01594331	5.134179e-17
5561.02745793	5.487937e-17
5564.03897254	5.448576e-17
5567.05048716	5.176049e-17
5570.06200177	5.443456e-17
5573.07351639	5.180832e-17
5576.085031	4.652244e-17
5579.09654562	4.762123e-17
5582.10806023	4.399897e-17
5585.11957485	3.492421e-17
5588.13108946	3.778537e-17
5591.14260407	4.450412e-17
5594.15411869	4.676421e-17
5597.1656333	4.52487e-17
5600.17714792	4.294666e-17
5603.18866253	4.854614e-17
5606.20017715	5.061499e-17
5609.21169176	4.999589e-17
5612.22320638	4.471539e-17
5615.23472099	4.554789e-17
5618.24623561	5.642552e-17
5621.25775022	5.350943e-17
5624.26926484	4.782375e-17
5627.28077945	4.811319e-17
5630.29229407	4.736188e-17
5633.30380868	4.836269e-17
5636.31532329	5.068148e-17
5639.32683791	4.83333e-17
5642.33835252	4.343088e-17
5645.34986714	5.124692e-17
5648.36138175	5.718613e-17
5651.37289637	4.531786e-17
5654.38441098	4.149275e-17
5657.3959256	4.61306e-17
5660.40744021	4.829179e-17
5663.41895483	5.129815e-17
5666.43046944	5.024922e-17
5669.44198406	5.13189e-17
5672.45349867	5.39632e-17
5675.46501329	5.695714e-17
5678.4765279	6.137715e-17
5681.48804252	4.951671e-17
5684.49955713	4.044314e-17
5687.51107174	4.801686e-17
5690.52258636	5.247489e-17
5693.53410097	4.851751e-17
5696.54561559	4.853879e-17
5699.5571302	4.895618e-17
5702.56864482	4.959238e-17
5705.58015943	4.743375e-17
5708.59167405	4.205706e-17
5711.60318866	5.214457e-17
5714.61470328	5.017363e-17
5717.62621789	4.484828e-17
5720.63773251	4.508806e-17
5723.64924712	4.531561e-17
5726.66076174	4.581666e-17
5729.67227635	4.525775e-17
5732.68379097	5.122578e-17
5735.69530558	5.080124e-17
5738.70682019	4.448426e-17
5741.71833481	4.362752e-17
5744.72984942	4.600233e-17
5747.74136404	4.70089e-17
5750.75287865	4.753534e-17
5753.76439327	4.822941e-17
5756.77590788	4.129525e-17
5759.7874225	3.967576e-17
5762.79893711	4.131073e-17
5765.81045173	3.789501e-17
5768.82196634	4.259705e-17
5771.83348096	4.881845e-17
5774.84499557	4.701334e-17
5777.85651019	4.141905e-17
5780.8680248	3.825078e-17
5783.87953942	3.5257e-17
5786.89105403	3.980412e-17
5789.90256864	4.168859e-17
5792.91408326	3.92277e-17
5795.92559787	4.048925e-17
5798.93711249	3.958322e-17
5801.9486271	3.901079e-17
5804.96014172	4.008824e-17
5807.97165633	4.073566e-17
5810.98317095	3.943078e-17
5813.99468556	4.267652e-17
5817.00620018	4.718089e-17
5820.01771479	4.553484e-17
5823.02922941	4.451686e-17
5826.04074402	5.28156e-17
5829.05225864	5.240975e-17
5832.06377325	4.996828e-17
5835.07528787	4.424571e-17
5838.08680248	4.213337e-17
5841.09831709	4.779602e-17
5844.10983171	4.99715e-17
5847.12134632	5.073525e-17
5850.13286094	4.879309e-17
5853.14437555	5.253492e-17
5856.15589017	4.733571e-17
5859.16740478	5.096118e-17
5862.1789194	5.31123e-17
5865.19043401	4.936735e-17
5868.20194863	4.984224e-17
5871.21346324	5.618591e-17
5874.22497786	5.568753e-17
5877.23649247	4.237972e-17
5880.24800709	4.206089e-17
5883.2595217	4.661253e-17
5886.27103632	4.639555e-17
5889.28255093	4.063809e-17
5892.29406554	4.258338e-17
5895.30558016	5.046578e-17
5898.31709477	4.596407e-17
5901.32860939	4.495006e-17
5904.340124	5.701333e-17
5907.35163862	5.668836e-17
5910.36315323	5.029659e-17
5913.37466785	5.27132e-17
5916.38618246	4.945312e-17
5919.39769708	4.764935e-17
5922.40921169	4.995484e-17
5925.42072631	5.213774e-17
5928.43224092	5.533691e-17
5931.44375554	5.84025e-17
5934.45527015	5.767577e-17
5937.46678477	5.61934e-17
5940.47829938	5.308181e-17
5943.48981399	5.682303e-17
5946.50132861	5.871178e-17
5949.51284322	5.954769e-17
5952.52435784	6.154495e-17
5955.53587245	5.652592e-17
5958.54738707	5.161422e-17
5961.55890168	5.080733e-17
5964.5704163	4.833277e-17
5967.58193091	5.35637e-17
5970.59344553	5.340198e-17
5973.60496014	5.29099e-17
5976.61647476	4.63852e-17
5979.62798937	4.789393e-17
5982.63950399	5.467334e-17
5985.6510186	5.413276e-17
5988.66253322	5.027972e-17
5991.67404783	5.172077e-17
5994.68556244	5.287949e-17
5997.69707706	5.318591e-17
6000.70859167	4.690205e-17
6003.72010629	4.596572e-17
6006.7316209	5.064651e-17
6009.74313552	5.078798e-17
6012.75465013	5.189444e-17
6015.76616475	5.107234e-17
6018.77767936	5.356323e-17
6021.78919398	5.631009e-17
6024.80070859	5.034486e-17
6027.81222321	4.738642e-17
6030.82373782	5.435646e-17
6033.83525244	5.839763e-17
6036.84676705	4.892794e-17
6039.85828167	4.34706e-17
6042.86979628	4.713602e-17
6045.88131089	5.668644e-17
6048.89282551	5.537673e-17
6051.90434012	4.460807e-17
6054.91585474	4.372986e-17
6057.92736935	5.003938e-17
6060.93888397	5.093543e-17
6063.95039858	5.00195e-17
6066.9619132	5.183556e-17
6069.97342781	4.892226e-17
6072.98494243	5.092692e-17
6075.99645704	4.860164e-17
6079.00797166	4.215325e-17
6082.01948627	4.215637e-17
6085.03100089	4.763192e-17
6088.0425155	4.299808e-17
6091.05403012	4.290873e-17
6094.06554473	4.147588e-17
6097.07705934	4.044067e-17
6100.08857396	4.542738e-17
6103.10008857	4.567475e-17
6106.11160319	4.609227e-17
6109.1231178	4.202885e-17
6112.13463242	4.288103e-17
6115.14614703	4.58396e-17
6118.15766165	4.387858e-17
6121.16917626	4.75942e-17
6124.18069088	4.431103e-17
6127.19220549	3.995519e-17
6130.20372011	4.174569e-17
6133.21523472	4.213508e-17
6136.22674934	4.186615e-17
6139.23826395	4.55052e-17
6142.24977857	4.654675e-17
6145.26129318	4.364207e-17
6148.27280779	4.229522e-17
6151.28432241	4.126872e-17
6154.29583702	4.261054e-17
6157.30735164	4.841806e-17
6160.31886625	5.143336e-17
6163.33038087	5.081779e-17
6166.34189548	4.950288e-17
6169.3534101	4.727598e-17
6172.36492471	4.992577e-17
6175.37643933	5.078276e-17
6178.38795394	4.904989e-17
6181.39946856	4.591505e-17
6184.41098317	4.346991e-17
6187.42249779	4.210985e-17
6190.4340124	4.582775e-17
6193.44552702	4.951038e-17
6196.45704163	4.86548e-17
6199.46855624	5.201108e-17
6202.48007086	5.175231e-17
6205.49158547	5.29333e-17
6208.50310009	4.714402e-17
6211.5146147	4.759614e-17
6214.52612932	5.326058e-17
6217.53764393	4.957877e-17
6220.54915855	4.887177e-17
6223.56067316	5.325315e-17
6226.57218778	5.113112e-17
6229.58370239	5.072739e-17
6232.59521701	5.101747e-17
6235.60673162	4.860168e-17
6238.61824624	5.166657e-17
6241.62976085	5.057597e-17
6244.64127547	4.236787e-17
6247.65279008	4.662094e-17
6250.66430469	5.258679e-17
6253.67581931	4.940667e-17
6256.68733392	5.098697e-17
6259.69884854	5.202629e-17
6262.71036315	5.494547e-17
6265.72187777	5.595525e-17
6268.73339238	4.848136e-17
6271.744907	4.322283e-17
6274.75642161	4.510349e-17
6277.76793623	4.777679e-17
6280.77945084	5.128198e-17
6283.79096546	4.995386e-17
6286.80248007	4.72346e-17
6289.81399469	4.110449e-17
6292.8255093	4.382173e-17
6295.83702391	4.883599e-17
6298.84853853	4.402123e-17
6301.86005314	4.280918e-17
6304.87156776	4.444826e-17
6307.88308237	4.891129e-17
6310.89459699	4.94424e-17
6313.9061116	5.012302e-17
6316.91762622	5.057913e-17
6319.92914083	4.937717e-17
6322.94065545	4.96167e-17
6325.95217006	4.574472e-17
6328.96368468	4.393458e-17
6331.97519929	4.488692e-17
6334.98671391	5.172269e-17
6337.99822852	5.388108e-17
6341.00974314	4.61313e-17
6344.02125775	4.123551e-17
6347.03277236	4.388401e-17
6350.04428698	4.463931e-17
6353.05580159	4.620539e-17
6356.06731621	4.84126e-17
6359.07883082	4.470835e-17
6362.09034544	4.515099e-17
6365.10186005	4.879268e-17
6368.11337467	4.594779e-17
6371.12488928	4.635532e-17
6374.1364039	4.464304e-17
6377.14791851	4.113244e-17
6380.15943313	4.480303e-17
6383.17094774	4.664266e-17
6386.18246236	4.240096e-17
6389.19397697	4.356409e-17
6392.20549159	4.247179e-17
6395.2170062	4.023491e-17
6398.22852081	3.868761e-17
6401.24003543	3.958779e-17
6404.25155004	3.969811e-17
6407.26306466	3.815746e-17
6410.27457927	3.756296e-17
6413.28609389	3.858113e-17
6416.2976085	4.142516e-17
6419.30912312	3.872052e-17
6422.32063773	3.29294e-17
6425.33215235	3.553e-17
6428.34366696	3.702288e-17
6431.35518158	3.649155e-17
6434.36669619	3.090338e-17
6437.37821081	3.001963e-17
6440.38972542	3.294094e-17
6443.40124004	2.968147e-17
6446.41275465	2.512488e-17
6449.42426926	2.511341e-17
6452.43578388	3.15392e-17
6455.44729849	3.159897e-17
6458.45881311	3.079169e-17
6461.47032772	3.067551e-17
6464.48184234	3.174157e-17
6467.49335695	3.21615e-17
6470.50487157	2.693664e-17
6473.51638618	2.332668e-17
6476.5279008	2.427333e-17
6479.53941541	2.536268e-17
6482.55093003	2.637725e-17
6485.56244464	2.254053e-17
6488.57395926	2.609396e-17
6491.58547387	3.278588e-17
6494.59698849	3.030966e-17
6497.6085031	2.514992e-17
6500.62001771	2.359089e-17
6503.63153233	2.367058e-17
6506.64304694	2.764632e-17
6509.65456156	2.79129e-17
6512.66607617	2.606867e-17
6515.67759079	3.000189e-17
6518.6891054	2.818444e-17
6521.70062002	2.458706e-17
6524.71213463	2.685304e-17
6527.72364925	2.774881e-17
6530.73516386	3.147269e-17
6533.74667848	3.174403e-17
6536.75819309	2.585274e-17
6539.76970771	2.437393e-17
6542.78122232	2.686088e-17
6545.79273694	3.109359e-17
6548.80425155	3.508384e-17
6551.81576616	3.227078e-17
6554.82728078	3.130837e-17
6557.83879539	3.152413e-17
6560.85031001	3.279441e-17
6563.86182462	3.266279e-17
6566.87333924	3.051681e-17
6569.88485385	3.070976e-17
6572.89636847	3.090111e-17
6575.90788308	3.167225e-17
6578.9193977	3.457104e-17
6581.93091231	3.8704e-17
6584.94242693	3.731166e-17
6587.95394154	3.429498e-17
6590.96545616	3.835361e-17
6593.97697077	3.892383e-17
6596.98848539	3.765667e-17
6600.0	4.03569e-17
6603.01151461	3.913917e-17
6606.02302923	3.816097e-17
6609.03454384	3.651904e-17
6612.04605846	3.984244e-17
6615.05757307	4.352644e-17
6618.06908769	4.518784e-17
6621.0806023	4.08358e-17
6624.09211692	4.174772e-17
6627.10363153	4.481152e-17
6630.11514615	4.109625e-17
6633.12666076	4.116554e-17
6636.13817538	4.575401e-17
6639.14968999	4.518106e-17
6642.16120461	4.009793e-17
6645.17271922	4.490425e-17
6648.18423384	4.846938e-17
6651.19574845	4.252593e-17
6654.20726306	4.326921e-17
6657.21877768	4.354894e-17
6660.23029229	4.515232e-17
6663.24180691	4.745945e-17
6666.25332152	4.860418e-17
6669.26483614	4.648844e-17
6672.27635075	4.52923e-17
6675.28786537	4.685269e-17
6678.29937998	5.234634e-17
6681.3108946	5.553179e-17
6684.32240921	5.087527e-17
6687.33392383	4.889535e-17
6690.34543844	4.970585e-17
6693.35695306	4.722443e-17
6696.36846767	4.600454e-17
6699.37998229	4.505356e-17
6702.3914969	4.518652e-17
6705.40301151	4.798543e-17
6708.41452613	5.227146e-17
6711.42604074	5.028535e-17
6714.43755536	5.076486e-17
6717.44906997	5.302895e-17
6720.46058459	5.140019e-17
6723.4720992	4.89423e-17
6726.48361382	5.010373e-17
6729.49512843	5.097967e-17
6732.50664305	5.108895e-17
6735.51815766	5.151141e-17
6738.52967228	5.170863e-17
6741.54118689	4.782946e-17
6744.55270151	4.818595e-17
6747.56421612	4.89927e-17
6750.57573074	5.106552e-17
6753.58724535	5.301957e-17
6756.59875996	5.348686e-17
6759.61027458	4.877771e-17
6762.62178919	4.546567e-17
6765.63330381	4.496301e-17
6768.64481842	4.29046e-17
6771.65633304	4.43104e-17
6774.66784765	4.525898e-17
6777.67936227	4.384792e-17
6780.69087688	4.471288e-17
6783.7023915	4.98714e-17
6786.71390611	4.926571e-17
6789.72542073	4.530969e-17
6792.73693534	4.510755e-17
6795.74844996	4.261638e-17
6798.75996457	4.426512e-17
6801.77147919	4.669775e-17
6804.7829938	5.12052e-17
6807.79450841	5.093391e-17
6810.80602303	5.007264e-17
6813.81753764	5.130707e-17
6816.82905226	4.762509e-17
6819.84056687	4.573767e-17
6822.85208149	4.337662e-17
6825.8635961	4.43463e-17
6828.87511072	4.486447e-17
6831.88662533	4.775536e-17
6834.89813995	4.519104e-17
6837.90965456	4.26446e-17
6840.92116918	4.310364e-17
6843.93268379	4.198593e-17
6846.94419841	4.822306e-17
6849.95571302	4.452644e-17
6852.96722764	4.148223e-17
6855.97874225	4.265182e-17
6858.99025686	3.904407e-17
6862.00177148	3.866109e-17
6865.01328609	3.754172e-17
6868.02480071	3.579978e-17
6871.03631532	3.807248e-17
6874.04782994	3.346392e-17
6877.05934455	3.325736e-17
6880.07085917	3.926869e-17
6883.08237378	3.893802e-17
6886.0938884	3.555564e-17
6889.10540301	3.437154e-17
6892.11691763	3.457549e-17
6895.12843224	3.878017e-17
6898.13994686	3.999817e-17
6901.15146147	3.909411e-17
6904.16297609	3.95553e-17
6907.1744907	3.988936e-17
6910.18600531	3.877006e-17
6913.19751993	3.357741e-17
6916.20903454	3.706246e-17
6919.22054916	3.98096e-17
6922.23206377	3.923086e-17
6925.24357839	4.35802e-17
6928.255093	4.311462e-17
6931.26660762	4.268774e-17
6934.27812223	4.255264e-17
6937.28963685	3.877725e-17
6940.30115146	4.549132e-17
6943.31266608	4.482158e-17
6946.32418069	4.078272e-17
6949.33569531	4.053016e-17
6952.34720992	4.024946e-17
6955.35872454	4.174852e-17
6958.37023915	4.003088e-17
6961.38175376	3.91231e-17
6964.39326838	4.149183e-17
6967.40478299	4.621692e-17
6970.41629761	4.458461e-17
6973.42781222	4.247017e-17
6976.43932684	4.276053e-17
6979.45084145	4.469909e-17
6982.46235607	4.579152e-17
6985.47387068	4.208593e-17
6988.4853853	4.193448e-17
6991.49689991	4.267271e-17
6994.50841453	4.087137e-17
6997.51992914	3.95278e-17
7000.53144376	4.30535e-17
7003.54295837	4.450868e-17
7006.55447298	4.181158e-17
7009.5659876	4.13896e-17
7012.57750221	4.348936e-17
7015.58901683	4.506471e-17
7018.60053144	4.23508e-17
7021.61204606	3.940076e-17
7024.62356067	3.697533e-17
7027.63507529	3.676565e-17
7030.6465899	3.926868e-17
7033.65810452	3.57701e-17
7036.66961913	3.92389e-17
7039.68113375	4.45935e-17
7042.69264836	4.470006e-17
7045.70416298	3.933899e-17
7048.71567759	3.637577e-17
7051.72719221	3.328598e-17
7054.73870682	3.439604e-17
7057.75022143	3.718824e-17
7060.76173605	3.823602e-17
7063.77325066	3.627713e-17
7066.78476528	3.976321e-17
7069.79627989	3.858342e-17
7072.80779451	4.094696e-17
7075.81930912	4.350448e-17
7078.83082374	4.270463e-17
7081.84233835	4.017688e-17
7084.85385297	3.918551e-17
7087.86536758	4.164051e-17
7090.8768822	3.932562e-17
7093.88839681	3.673337e-17
7096.89991143	4.073895e-17
7099.91142604	4.468893e-17
7102.92294066	3.987219e-17
7105.93445527	3.77637e-17
7108.94596988	3.968979e-17
7111.9574845	3.881055e-17
7114.96899911	4.164691e-17
7117.98051373	4.150015e-17
7120.99202834	3.839806e-17
7124.00354296	3.629149e-17
7127.01505757	3.601609e-17
7130.02657219	4.364825e-17
7133.0380868	4.235165e-17
7136.04960142	3.944855e-17
7139.06111603	3.617853e-17
7142.07263065	3.716059e-17
7145.08414526	3.92346e-17
7148.09565988	3.862749e-17
7151.10717449	3.963768e-17
7154.11868911	3.728456e-17
7157.13020372	3.500254e-17
7160.14171833	3.571729e-17
7163.15323295	3.81693e-17
7166.16474756	3.526132e-17
7169.17626218	3.393898e-17
7172.18777679	3.657288e-17
7175.19929141	3.424227e-17
7178.21080602	3.500146e-17
7181.22232064	3.597141e-17
7184.23383525	3.886718e-17
7187.24534987	3.914322e-17
7190.25686448	3.597848e-17
7193.2683791	3.458205e-17
7196.27989371	3.54901e-17
7199.29140833	3.596583e-17
7202.30292294	3.909266e-17
7205.31443756	3.821272e-17
7208.32595217	3.345498e-17
7211.33746678	3.228383e-17
7214.3489814	3.152309e-17
7217.36049601	3.08561e-17
7220.37201063	3.314023e-17
7223.38352524	3.53304e-17
7226.39503986	3.170413e-17
7229.40655447	3.046336e-17
7232.41806909	3.296057e-17
7235.4295837	3.045182e-17
7238.44109832	3.128885e-17
7241.45261293	3.56776e-17
7244.46412755	3.400859e-17
7247.47564216	2.672905e-17
7250.48715678	2.498773e-17
7253.49867139	3.055677e-17
7256.51018601	3.137863e-17
7259.52170062	3.402953e-17
7262.53321523	2.837651e-17
7265.54472985	2.36222e-17
7268.55624446	2.921015e-17
7271.56775908	3.118373e-17
7274.57927369	2.806655e-17
7277.59078831	3.365979e-17
7280.60230292	3.579185e-17
7283.61381754	2.973447e-17
7286.62533215	2.600504e-17
7289.63684677	2.656741e-17
7292.64836138	2.667888e-17
7295.659876	3.039081e-17
7298.67139061	3.088168e-17
7301.68290523	3.087235e-17
7304.69441984	3.067854e-17
7307.70593446	2.991472e-17
7310.71744907	3.452189e-17
7313.72896368	3.635194e-17
7316.7404783	3.274121e-17
7319.75199291	3.026352e-17
7322.76350753	3.161505e-17
7325.77502214	3.337218e-17
7328.78653676	2.995914e-17
7331.79805137	2.702922e-17
7334.80956599	3.273049e-17
7337.8210806	3.223998e-17
7340.83259522	2.852568e-17
7343.84410983	2.64555e-17
7346.85562445	3.23684e-17
7349.86713906	3.452025e-17
7352.87865368	3.080454e-17
7355.89016829	2.864791e-17
7358.90168291	2.889353e-17
7361.91319752	3.356291e-17
7364.92471213	3.754416e-17
7367.93622675	3.350849e-17
7370.94774136	3.193248e-17
7373.95925598	4.008538e-17
7376.97077059	3.191797e-17
7379.98228521	2.952961e-17
7382.99379982	3.482008e-17
7386.00531444	3.34819e-17
7389.01682905	3.448853e-17
7392.02834367	3.667097e-17
7395.03985828	3.349712e-17
7398.0513729	3.360645e-17
7401.06288751	3.596768e-17
7404.07440213	2.82201e-17
7407.08591674	2.222097e-17
7410.09743136	2.789408e-17
7413.10894597	3.271644e-17
7416.12046058	3.4177e-17
7419.1319752	3.460111e-17
7422.14348981	3.252529e-17
7425.15500443	3.03366e-17
7428.16651904	3.314423e-17
7431.17803366	3.59158e-17
7434.18954827	3.603599e-17
7437.20106289	3.659788e-17
7440.2125775	3.320073e-17
7443.22409212	3.03545e-17
7446.23560673	3.498968e-17
7449.24712135	3.444027e-17
7452.25863596	3.419603e-17
7455.27015058	3.387249e-17
7458.28166519	3.226021e-17
7461.29317981	3.226178e-17
7464.30469442	3.422541e-17
7467.31620903	3.461293e-17
7470.32772365	3.017642e-17
7473.33923826	2.747708e-17
7476.35075288	2.607705e-17
7479.36226749	2.812462e-17
7482.37378211	3.231353e-17
7485.38529672	2.814219e-17
7488.39681134	2.855267e-17
7491.40832595	3.484053e-17
7494.41984057	3.268565e-17
7497.43135518	3.141509e-17
7500.4428698	3.558602e-17
7503.45438441	3.428392e-17
7506.46589903	3.290291e-17
7509.47741364	3.071301e-17
7512.48892826	2.855164e-17
7515.50044287	3.007776e-17
7518.51195748	3.107805e-17
7521.5234721	3.216329e-17
7524.53498671	2.958835e-17
7527.54650133	2.611306e-17
7530.55801594	2.652607e-17
7533.56953056	2.762791e-17
7536.58104517	3.177086e-17
7539.59255979	3.216638e-17
7542.6040744	3.472015e-17
7545.61558902	3.032411e-17
7548.62710363	2.944339e-17
7551.63861825	2.906725e-17
7554.65013286	3.143582e-17
7557.66164748	3.090907e-17
7560.67316209	2.798354e-17
7563.68467671	2.566581e-17
7566.69619132	3.196824e-17
7569.70770593	3.097321e-17
7572.71922055	2.321811e-17
7575.73073516	2.546264e-17
7578.74224978	2.964735e-17
7581.75376439	2.872091e-17
7584.76527901	2.574179e-17
7587.77679362	2.552832e-17
7590.78830824	2.58137e-17
7593.79982285	2.433448e-17
7596.81133747	2.248429e-17
7599.82285208	2.112003e-17
7602.8343667	2.048038e-17
7605.84588131	2.25147e-17
7608.85739593	2.434298e-17
7611.86891054	2.562901e-17
7614.88042516	2.602252e-17
7617.89193977	2.704176e-17
7620.90345438	2.620091e-17
7623.914969	2.291238e-17
7626.92648361	2.140858e-17
7629.93799823	2.336549e-17
7632.94951284	2.267935e-17
7635.96102746	2.264947e-17
7638.97254207	2.612601e-17
7641.98405669	2.657157e-17
7644.9955713	2.485839e-17
7648.00708592	2.437136e-17
7651.01860053	2.315573e-17
7654.03011515	2.406293e-17
7657.04162976	2.642999e-17
7660.05314438	2.671687e-17
7663.06465899	2.639489e-17
7666.0761736	2.56557e-17
7669.08768822	2.435905e-17
7672.09920283	2.443406e-17
7675.11071745	2.61753e-17
7678.12223206	2.683318e-17
7681.13374668	2.471548e-17
7684.14526129	2.463235e-17
7687.15677591	2.697814e-17
7690.16829052	2.606931e-17
7693.17980514	2.714949e-17
7696.19131975	2.77799e-17
7699.20283437	2.589348e-17
7702.21434898	2.575798e-17
7705.2258636	2.298349e-17
7708.23737821	2.30624e-17
7711.24889283	2.639836e-17
7714.26040744	2.630915e-17
7717.27192205	2.582687e-17
7720.28343667	2.663518e-17
7723.29495128	2.564157e-17
7726.3064659	2.159173e-17
7729.31798051	2.184063e-17
7732.32949513	2.28992e-17
7735.34100974	2.353641e-17
7738.35252436	2.439107e-17
7741.36403897	2.273652e-17
7744.37555359	2.184484e-17
7747.3870682	2.19895e-17
7750.39858282	2.247943e-17
7753.41009743	2.329848e-17
7756.42161205	2.324434e-17
7759.43312666	2.096546e-17
7762.44464128	2.041635e-17
7765.45615589	2.226055e-17
7768.4676705	2.201225e-17
7771.47918512	2.190858e-17
7774.49069973	2.372826e-17
7777.50221435	2.482138e-17
7780.51372896	2.571121e-17
7783.52524358	2.837994e-17
7786.53675819	3.106442e-17
7789.54827281	2.617022e-17
7792.55978742	1.985053e-17
7795.57130204	1.856388e-17
7798.58281665	1.614159e-17
7801.59433127	1.902088e-17
7804.60584588	2.244581e-17
7807.6173605	2.0773e-17
7810.62887511	2.201075e-17
7813.64038973	2.491533e-17
7816.65190434	2.425947e-17
7819.66341895	2.576684e-17
7822.67493357	3.14731e-17
7825.68644818	2.898951e-17
7828.6979628	2.221389e-17
7831.70947741	1.9647e-17
7834.72099203	2.124791e-17
7837.73250664	2.177944e-17
7840.74402126	2.112931e-17
7843.75553587	2.118829e-17
7846.76705049	1.979906e-17
7849.7785651	1.908757e-17
7852.79007972	1.820405e-17
7855.80159433	1.813587e-17
7858.81310895	2.030483e-17
7861.82462356	2.031053e-17
7864.83613818	1.737684e-17
7867.84765279	1.645972e-17
7870.8591674	1.799332e-17
7873.87068202	1.835272e-17
7876.88219663	1.423682e-17
7879.89371125	1.285946e-17
7882.90522586	1.614373e-17
7885.91674048	2.024237e-17
7888.92825509	2.08507e-17
7891.93976971	1.943397e-17
7894.95128432	1.986163e-17
7897.96279894	1.59607e-17
7900.97431355	1.349968e-17
7903.98582817	1.836194e-17
7906.99734278	2.03973e-17
7910.0088574	1.937326e-17
7913.02037201	2.014138e-17
7916.03188663	2.850034e-17
7919.04340124	3.38426e-17
7922.05491585	2.832022e-17
7925.06643047	1.97807e-17
7928.07794508	1.747542e-17
7931.0894597	1.91078e-17
7934.10097431	1.724931e-17
7937.11248893	1.569192e-17
7940.12400354	1.635178e-17
7943.13551816	1.924826e-17
7946.14703277	2.383791e-17
7949.15854739	1.907315e-17
7952.170062	1.595328e-17
7955.18157662	9.610412e-18
7958.19309123	1.064883e-17
7961.20460585	1.321951e-17
7964.21612046	1.60532e-17
7967.22763508	1.286947e-17
7970.23914969	7.751726e-18
7973.2506643	8.572139e-18
7976.26217892	1.554954e-17
7979.27369353	2.003229e-17
7982.28520815	1.801415e-17
7985.29672276	1.565562e-17
7988.30823738	1.605281e-17
7991.31975199	1.679973e-17
7994.33126661	1.919068e-17
7997.34278122	1.626401e-17
8000.35429584	1.039796e-17
8003.36581045	1.088916e-17
8006.37732507	1.56051e-17
8009.38883968	2.181238e-17
8012.4003543	2.282027e-17
8015.41186891	1.54481e-17
8018.42338353	1.155333e-17
8021.43489814	1.487986e-17
8024.44641275	1.789997e-17
8027.45792737	1.356904e-17
8030.46944198	8.335259e-18
8033.4809566	1.148972e-17
8036.49247121	1.436739e-17
8039.50398583	1.555341e-17
8042.51550044	1.741368e-17
8045.52701506	2.189246e-17
8048.53852967	1.972172e-17
8051.55004429	1.455619e-17
8054.5615589	1.559588e-17
8057.57307352	1.932371e-17
8060.58458813	2.064514e-17
8063.59610275	2.052097e-17
8066.60761736	2.1854e-17
8069.61913198	2.377004e-17
8072.63064659	2.405523e-17
8075.6421612	2.276234e-17
8078.65367582	2.353203e-17
8081.66519043	2.455006e-17
8084.67670505	2.445802e-17
8087.68821966	2.71652e-17
8090.69973428	2.643972e-17
8093.71124889	2.111666e-17
8096.72276351	2.037932e-17
8099.73427812	2.379413e-17
8102.74579274	2.493279e-17
8105.75730735	2.46987e-17
8108.76882197	2.492211e-17
8111.78033658	2.428245e-17
8114.7918512	2.396724e-17
8117.80336581	2.315029e-17
8120.81488043	2.158692e-17
8123.82639504	2.21011e-17
8126.83790965	2.40316e-17
8129.84942427	2.646447e-17
8132.86093888	2.740027e-17
8135.8724535	2.536919e-17
8138.88396811	2.160472e-17
8141.89548273	2.15069e-17
8144.90699734	2.486691e-17
8147.91851196	2.571725e-17
8150.93002657	2.423433e-17
8153.94154119	2.364805e-17
8156.9530558	2.264984e-17
8159.96457042	2.313433e-17
8162.97608503	2.568766e-17
8165.98759965	2.505692e-17
8168.99911426	2.189747e-17
8172.01062888	2.224302e-17
8175.02214349	2.601691e-17
8178.0336581	2.614787e-17
8181.04517272	2.318754e-17
8184.05668733	2.344543e-17
8187.06820195	2.449371e-17
8190.07971656	2.466954e-17
8193.09123118	2.460032e-17
8196.10274579	2.417533e-17
8199.11426041	2.338211e-17
8202.12577502	2.246314e-17
8205.13728964	2.421378e-17
8208.14880425	2.565577e-17
8211.16031887	2.637255e-17
8214.17183348	2.649189e-17
8217.1833481	2.629417e-17
8220.19486271	2.483043e-17
8223.20637733	2.351148e-17
8226.21789194	2.413928e-17
8229.22940655	2.236566e-17
8232.24092117	2.144888e-17
8235.25243578	2.29816e-17
8238.2639504	2.760566e-17
8241.27546501	2.817342e-17
8244.28697963	2.596753e-17
8247.29849424	2.787741e-17
8250.31000886	2.909053e-17
8253.32152347	2.83449e-17
8256.33303809	2.548154e-17
8259.3445527	2.476901e-17
8262.35606732	2.710122e-17
8265.36758193	2.851106e-17
8268.37909655	2.493941e-17
8271.39061116	2.076539e-17
8274.40212578	2.163393e-17
8277.41364039	1.793761e-17
8280.425155	1.29786e-17
8283.43666962	1.668638e-17
8286.44818423	1.761412e-17
8289.45969885	1.22287e-17
8292.47121346	1.311934e-17
8295.48272808	1.848043e-17
8298.49424269	1.668024e-17
8301.50575731	1.36564e-17
8304.51727192	1.789492e-17
8307.52878654	2.27972e-17
8310.54030115	2.24342e-17
8313.55181577	2.621126e-17
8316.56333038	2.974053e-17
8319.574845	2.566777e-17
8322.58635961	2.473911e-17
8325.59787423	2.630477e-17
8328.60938884	2.192877e-17
8331.62090345	1.932453e-17
8334.63241807	2.087352e-17
8337.64393268	2.081734e-17
8340.6554473	2.139424e-17
8343.66696191	2.191036e-17
8346.67847653	2.253842e-17
8349.68999114	2.214761e-17
8352.70150576	2.138635e-17
8355.71302037	1.941661e-17
8358.72453499	1.908421e-17
8361.7360496	2.310181e-17
8364.74756422	2.330164e-17
8367.75907883	2.318327e-17
8370.77059345	1.709434e-17
8373.78210806	9.316433e-18
8376.79362267	6.087131e-18
8379.80513729	6.56613e-18
8382.8166519	7.402514e-18
8385.82816652	7.737781e-18
8388.83968113	3.153773e-18
8391.85119575	-3.769386e-18
8394.86271036	-4.859791e-18
8397.87422498	9.39149e-18
8400.88573959	2.53001e-17
8403.89725421	2.297605e-17
8406.90876882	1.450822e-17
8409.92028344	1.549936e-17
8412.93179805	2.119581e-17
8415.94331267	2.363487e-17
8418.95482728	1.641769e-17
8421.9663419	8.573325e-18
8424.97785651	1.332781e-18
8427.98937112	5.444607e-18
8431.00088574	1.971357e-17
8434.01240035	2.258262e-17
8437.02391497	1.698545e-17
8440.03542958	8.678474e-18
8443.0469442	9.479506e-18
8446.05845881	1.460045e-17
8449.06997343	1.807764e-17
8452.08148804	1.326713e-17
8455.09300266	1.151293e-17
8458.10451727	1.477892e-17
8461.11603189	1.288628e-17
8464.1275465	1.301052e-17
8467.13906112	1.773079e-17
8470.15057573	1.639927e-17
8473.16209035	1.797862e-17
8476.17360496	1.882958e-17
8479.18511957	1.710396e-17
8482.19663419	1.586559e-17
8485.2081488	1.75663e-17
8488.21966342	1.895776e-17
8491.23117803	1.73133e-17
8494.24269265	1.820347e-17
8497.25420726	1.405301e-17
8500.26572188	1.41826e-17
8503.27723649	2.086376e-17
8506.28875111	2.136597e-17
8509.30026572	1.589274e-17
8512.31178034	1.388442e-17
8515.32329495	1.529075e-17
8518.33480957	1.86523e-17
8521.34632418	2.485397e-17
8524.3578388	2.638884e-17
8527.36935341	2.300382e-17
8530.38086802	2.001261e-17
8533.39238264	2.176284e-17
8536.40389725	2.371912e-17
8539.41541187	2.037104e-17
8542.42692648	1.8447e-17
8545.4384411	2.107306e-17
8548.44995571	2.00092e-17
8551.46147033	1.550691e-17
8554.47298494	1.61079e-17
8557.48449956	1.750398e-17
8560.49601417	2.095997e-17
8563.50752879	2.363941e-17
8566.5190434	2.211086e-17
8569.53055802	1.941702e-17
8572.54207263	2.01656e-17
8575.55358725	1.873308e-17
8578.56510186	1.866206e-17
8581.57661647	2.350294e-17
8584.58813109	2.26922e-17
8587.5996457	1.818163e-17
8590.61116032	1.794562e-17
8593.62267493	1.716725e-17
8596.63418955	1.751542e-17
8599.64570416	2.046655e-17
8602.65721878	2.118173e-17
8605.66873339	2.078075e-17
8608.68024801	1.671476e-17
8611.69176262	1.296617e-17
8614.70327724	1.748452e-17
8617.71479185	2.152661e-17
8620.72630647	2.637724e-17
8623.73782108	2.886963e-17
8626.7493357	2.225293e-17
8629.76085031	1.144449e-17
8632.77236492	9.08692e-18
8635.78387954	1.051538e-17
8638.79539415	1.038073e-17
8641.80690877	1.110751e-17
8644.81842338	1.484707e-17
8647.829938	1.515747e-17
8650.84145261	8.646482e-18
8653.85296723	4.325472e-18
8656.86448184	6.994111e-18
8659.87599646	1.389121e-17
8662.88751107	1.792508e-17
8665.89902569	2.42483e-17
8668.9105403	2.619997e-17
8671.92205492	2.381415e-17
8674.93356953	2.447306e-17
8677.94508415	2.394265e-17
8680.95659876	2.096321e-17
8683.96811337	1.921743e-17
8686.97962799	2.004519e-17
8689.9911426	2.09162e-17
8693.00265722	2.283693e-17
8696.01417183	2.25615e-17
8699.02568645	2.175744e-17
8702.03720106	2.132433e-17
8705.04871568	2.278344e-17
8708.06023029	2.245481e-17
8711.07174491	2.007079e-17
8714.08325952	2.14362e-17
8717.09477414	2.381841e-17
8720.10628875	2.050303e-17
8723.11780337	2.019801e-17
8726.12931798	2.0167e-17
8729.1408326	1.847291e-17
8732.15234721	1.59142e-17
8735.16386182	1.620858e-17
8738.17537644	1.696647e-17
8741.18689105	2.203969e-17
8744.19840567	2.432772e-17
8747.20992028	1.936727e-17
8750.2214349	1.851191e-17
8753.23294951	1.196028e-17
8756.24446413	-3.770849e-19
8759.25597874	-7.688535e-18
8762.26749336	-1.2616e-17
8765.27900797	-1.793138e-18
8768.29052259	7.429139e-18
8771.3020372	4.909601e-18
8774.31355182	7.282759e-18
8777.32506643	1.259936e-17
8780.33658105	-2.484152e-18
8783.34809566	-1.716484e-17
8786.35961027	-1.943811e-17
8789.37112489	-8.872439e-18
8792.3826395	9.054312e-18
8795.39415412	2.596721e-17
8798.40566873	3.120338e-17
8801.41718335	2.522717e-17
8804.42869796	1.78046e-17
8807.44021258	1.457907e-17
8810.45172719	1.279544e-17
8813.46324181	7.115362e-18
8816.47475642	-1.705232e-18
8819.48627104	-9.683321e-18
8822.49778565	-1.35813e-17
8825.50930027	-1.125995e-17
8828.52081488	-4.609182e-18
8831.5323295	1.649187e-17
8834.54384411	2.666071e-17
8837.55535872	1.861428e-17
8840.56687334	-4.194434e-18
8843.57838795	-1.04986e-17
8846.58990257	1.633824e-18
8849.60141718	1.107816e-17
8852.6129318	2.204003e-17
8855.62444641	2.133505e-17
8858.63596103	8.538981e-18
8861.64747564	-7.114507e-19
8864.65899026	-1.951972e-18
8867.67050487	1.677944e-18
8870.68201949	-3.804326e-18
8873.6935341	-1.27898e-17
8876.70504872	-2.152662e-17
8879.71656333	-3.580869e-17
8882.72807795	-3.533315e-17
8885.73959256	-1.37498e-17
8888.75110717	3.991979e-18
8891.76262179	8.365159e-18
8894.7741364	7.747613e-18
8897.78565102	1.125424e-17
8900.79716563	1.888626e-17
8903.80868025	2.642011e-17
8906.82019486	2.172874e-17
8909.83170948	1.755684e-18
8912.84322409	-1.24178e-17
8915.85473871	-4.175805e-18
8918.86625332	1.947969e-17
8921.87776794	3.763642e-17
8924.88928255	2.58774e-17
8927.90079717	1.050734e-18
8930.91231178	-9.862402e-18
8933.9238264	-8.083936e-18
8936.93534101	9.600715e-18
8939.94685562	2.763169e-17
8942.95837024	2.894973e-17
8945.96988485	2.482653e-17
8948.98139947	1.501571e-17
8951.99291408	1.130274e-17
8955.0044287	2.050937e-17
8958.01594331	2.579886e-17
8961.02745793	3.418059e-17
8964.03897254	3.987734e-17
8967.05048716	3.791668e-17
8970.06200177	3.314311e-17
8973.07351639	2.812896e-17
8976.085031	1.821826e-17
8979.09654562	2.065919e-17
8982.10806023	3.043275e-17
8985.11957485	3.882169e-17
8988.13108946	4.018644e-17
8991.14260407	2.937535e-17
8994.15411869	2.886157e-18
8997.1656333	-2.250192e-17
9000.17714792	-2.39869e-17
9003.18866253	-1.886818e-17
9006.20017715	-1.910306e-17
9009.21169176	-1.282124e-17
9012.22320638	-3.730689e-18
9015.23472099	7.039525e-18
9018.24623561	1.712116e-17
9021.25775022	1.70286e-17
9024.26926484	1.591089e-17
9027.28077945	1.885781e-17
9030.29229407	2.680961e-17
9033.30380868	2.835658e-17
9036.3153233	2.25616e-17
9039.32683791	1.286426e-17
9042.33835252	1.731751e-18
9045.34986714	4.210777e-18
9048.36138175	2.099671e-17
9051.37289637	2.974549e-17
9054.38441098	3.294997e-17
9057.3959256	2.948092e-17
9060.40744021	1.953653e-17
9063.41895483	1.640074e-17
9066.43046944	1.314687e-17
9069.44198406	1.295277e-17
9072.45349867	1.71213e-17
9075.46501329	2.31855e-17
9078.4765279	2.468927e-17
9081.48804252	2.626537e-17
9084.49955713	2.199744e-17
9087.51107174	1.409296e-17
9090.52258636	7.817969e-18
9093.53410097	8.321321e-18
9096.54561559	9.836636e-18
9099.5571302	1.15702e-17
9102.56864482	1.844262e-17
9105.58015943	2.068389e-17
9108.59167405	1.935968e-17
9111.60318866	1.680995e-17
9114.61470328	1.001409e-17
9117.62621789	7.609058e-18
9120.63773251	1.228446e-17
9123.64924712	1.62596e-17
9126.66076174	1.597143e-17
9129.67227635	1.765579e-17
9132.68379097	2.106071e-17
9135.69530558	2.481029e-17
9138.70682019	2.261365e-17
9141.71833481	1.756779e-17
9144.72984942	1.681916e-17
9147.74136404	1.617713e-17
9150.75287865	1.304715e-17
9153.76439327	1.022607e-17
9156.77590788	1.214788e-17
9159.7874225	1.772058e-17
9162.79893711	2.295958e-17
9165.81045173	1.967618e-17
9168.82196634	1.868516e-17
9171.83348096	2.281492e-17
9174.84499557	2.012741e-17
9177.85651019	1.741186e-17
9180.8680248	1.962301e-17
9183.87953942	2.192375e-17
9186.89105403	2.308779e-17
9189.90256864	1.936218e-17
9192.91408326	1.737318e-17
9195.92559787	1.474431e-17
9198.93711249	1.522162e-17
9201.9486271	1.837822e-17
9204.96014172	2.428356e-17
9207.97165633	2.828288e-17
9210.98317095	2.915802e-17
9213.99468556	3.244507e-17
9217.00620018	3.249086e-17
9220.01771479	2.391055e-17
9223.02922941	2.02628e-17
9226.04074402	1.603525e-17
9229.05225864	1.0227e-17
9232.06377325	7.967914e-18
9235.07528787	8.578095e-18
9238.08680248	1.333673e-17
9241.09831709	1.772419e-17
9244.10983171	2.464871e-17
9247.12134632	2.958506e-17
9250.13286094	2.743177e-17
9253.14437555	2.583698e-17
9256.15589017	2.657766e-17
9259.16740478	2.194676e-17
9262.1789194	1.737212e-17
9265.19043401	1.312568e-17
9268.20194863	1.270395e-17
9271.21346324	1.162106e-17
9274.22497786	1.151354e-17
9277.23649247	1.256623e-17
9280.24800709	1.910618e-17
9283.2595217	2.385166e-17
9286.27103632	2.972227e-17
9289.28255093	3.061786e-17
9292.29406554	2.823817e-17
9295.30558016	2.306489e-17
9298.31709477	6.163968e-18
9301.32860939	-9.052276e-18
9304.340124	-1.89322e-17
9307.35163862	-2.393802e-17
9310.36315323	-1.869749e-17
9313.37466785	7.451806e-19
9316.38618246	1.639729e-17
9319.39769708	2.493848e-17
9322.40921169	3.45452e-17
9325.42072631	4.826825e-17
9328.43224092	4.943768e-17
9331.44375554	3.17662e-17
9334.45527015	1.61185e-17
9337.46678477	3.733715e-18
9340.47829938	-3.352943e-18
9343.48981399	-1.859361e-18
9346.50132861	-3.642144e-18
9349.51284322	-2.475836e-18
9352.52435784	3.626629e-18
9355.53587245	4.172074e-18
9358.54738707	6.035122e-18
9361.55890168	4.360514e-18
9364.5704163	3.071178e-18
9367.58193091	-5.640997e-18
9370.59344553	-2.729913e-17
9373.60496014	-4.056117e-17
9376.61647476	-3.316662e-17
9379.62798937	-2.079225e-17
9382.63950399	-1.131837e-17
9385.6510186	-8.332418e-19
9388.66253322	1.641975e-17
9391.67404783	3.910479e-17
9394.68556244	3.940555e-17
9397.69707706	6.401658e-18
9400.70859167	-1.281151e-17
9403.72010629	-5.742986e-18
9406.7316209	8.726762e-18
9409.74313552	1.858481e-17
9412.75465013	2.390497e-17
9415.76616475	1.713553e-17
9418.77767936	1.324214e-17
9421.78919398	1.540769e-17
9424.80070859	1.29985e-17
9427.81222321	-3.112807e-18
9430.82373782	-1.307549e-17
9433.83525244	-3.328199e-18
9436.84676705	1.676523e-17
9439.85828167	2.419476e-17
9442.86979628	1.06543e-17
9445.88131089	2.064146e-18
9448.89282551	-1.887642e-18
9451.90434012	-1.155821e-17
9454.91585474	-2.533331e-17
9457.92736935	-1.660367e-17
9460.93888397	1.835251e-17
9463.95039858	3.525432e-17
9466.9619132	2.93473e-17
9469.97342781	1.748126e-17
9472.98494243	8.190823e-18
9475.99645704	-1.321439e-17
9479.00797166	-1.883058e-17
9482.01948627	-5.833666e-18
9485.03100089	8.895591e-18
9488.0425155	1.776342e-17
9491.05403012	2.7864e-17
9494.06554473	3.353507e-17
9497.07705934	2.408664e-17
9500.08857396	4.704229e-18
9503.10008857	-8.892891e-18
9506.11160319	-5.401871e-18
9509.1231178	6.324803e-18
9512.13463242	2.052547e-17
9515.14614703	3.508231e-17
9518.15766165	5.091832e-17
9521.16917626	4.227195e-17
9524.18069088	3.273102e-17
9527.19220549	2.430376e-17
9530.20372011	8.049171e-18
9533.21523472	-8.341584e-18
9536.22674934	-1.322648e-17
9539.23826395	-8.397576e-18
9542.24977857	1.183915e-18
9545.26129318	1.261795e-17
9548.27280779	1.46122e-17
9551.28432241	1.165312e-17
9554.29583702	8.78754e-18
9557.30735164	5.426601e-18
9560.31886625	1.807595e-18
9563.33038087	-4.381243e-18
9566.34189548	-9.70735e-18
9569.3534101	2.608083e-18
9572.36492471	2.471493e-17
9575.37643933	3.684018e-17
9578.38795394	3.360176e-17
9581.39946856	1.500912e-17
9584.41098317	6.931604e-18
9587.42249779	1.717594e-17
9590.4340124	2.559307e-17
9593.44552702	2.14463e-17
9596.45704163	1.628751e-17
9599.46855624	1.05648e-17
9602.48007086	1.129404e-17
9605.49158547	1.747064e-17
9608.50310009	2.035292e-17
9611.5146147	8.320402e-18
9614.52612932	-5.975963e-18
9617.53764393	-2.292085e-17
9620.54915855	-3.632902e-17
9623.56067316	-2.879875e-17
9626.57218778	-1.161588e-17
9629.58370239	1.189871e-17
9632.59521701	3.098842e-17
9635.60673162	4.036069e-17
9638.61824624	3.78415e-17
9641.62976085	3.210926e-17
9644.64127547	2.084276e-17
9647.65279008	1.849207e-18
9650.66430469	4.109547e-18
9653.67581931	9.001901e-18
9656.68733392	1.440173e-17
9659.69884854	2.575599e-17
9662.71036315	3.456836e-17
9665.72187777	2.94976e-17
9668.73339238	1.481057e-17
9671.744907	1.778615e-18
9674.75642161	-4.406537e-18
9677.76793623	-1.256975e-17
9680.77945084	-1.583347e-17
9683.79096546	-8.853219e-18
9686.80248007	-8.845166e-18
9689.81399469	3.813031e-18
9692.8255093	2.41681e-17
9695.83702392	2.648037e-17
9698.84853853	2.797337e-17
9701.86005314	2.944786e-17
9704.87156776	1.675516e-17
9707.88308237	1.517345e-18
9710.89459699	-8.408231e-18
9713.9061116	-1.643761e-17
9716.91762622	-9.908719e-18
9719.92914083	9.814104e-18
9722.94065545	4.025397e-17
9725.95217006	5.461977e-17
9728.96368468	4.670989e-17
9731.97519929	3.40551e-17
9734.98671391	2.661637e-17
9737.99822852	1.393053e-17
9741.00974314	-9.806712e-18
9744.02125775	-1.822573e-17
9747.03277236	-1.986525e-17
9750.04428698	-2.073569e-17
9753.05580159	-9.032452e-18
9756.06731621	9.365741e-18
9759.07883082	3.283239e-17
9762.09034544	3.13186e-17
9765.10186005	1.953124e-17
9768.11337467	1.514007e-17
9771.12488928	1.646599e-17
9774.1364039	1.365014e-17
9777.14791851	8.368025e-18
9780.15943313	-3.908566e-18
9783.17094774	-1.707564e-17
9786.18246236	-2.195793e-17
9789.19397697	-4.888973e-17
9792.20549159	-6.797738e-17
9795.2170062	-6.27844e-17
9798.22852081	-5.182003e-17
9801.24003543	-4.419392e-17
9804.25155004	-2.367083e-17
9807.26306466	-2.19371e-17
9810.27457927	-2.751185e-17
9813.28609389	-1.559363e-17
9816.2976085	-1.262627e-18
9819.30912312	-3.148953e-18
9822.32063773	-6.676135e-18
9825.33215235	5.316286e-18
9828.34366696	1.223199e-17
9831.35518158	1.676259e-17
9834.36669619	1.777503e-17
9837.37821081	1.331577e-17
9840.38972542	6.676978e-18
9843.40124004	-1.567529e-18
9846.41275465	-8.162038e-18
9849.42426926	-1.253956e-17
9852.43578388	-2.743183e-17
9855.44729849	-3.854368e-17
9858.45881311	-2.389428e-17
9861.47032772	1.431792e-17
9864.48184234	3.127529e-17
9867.49335695	1.973592e-17
9870.50487157	1.258355e-17
9873.51638618	-3.043624e-17
9876.5279008	-9.477592e-17
9879.53941541	-1.047971e-16
9882.55093003	-7.475931e-17
9885.56244464	-5.024319e-17
9888.57395926	-2.440957e-17
9891.58547387	2.128089e-17
9894.59698849	6.010173e-17
9897.6085031	7.075229e-17
9900.62001771	6.858308e-17
9903.63153233	3.56908e-17
9906.64304694	1.210369e-17
9909.65456156	-6.872331e-18
9912.66607617	-9.832368e-18
9915.67759079	9.981563e-18
9918.6891054	3.561341e-17
9921.70062002	4.952733e-17
9924.71213463	2.870301e-17
9927.72364925	1.807339e-17
9930.73516386	3.028991e-17
9933.74667848	3.842247e-18
9936.75819309	-5.515093e-17
9939.76970771	-9.528837e-17
9942.78122232	-1.085792e-16
9945.79273694	-7.441356e-17
9948.80425155	-4.813886e-18
9951.81576616	2.49884e-17
9954.82728078	1.728407e-17
9957.83879539	-2.806519e-17
9960.85031001	-7.761118e-17
9963.86182462	-1.324084e-16
9966.87333924	-1.217419e-16
9969.88485385	-8.502597e-17
9972.89636847	-4.710021e-17
9975.90788308	-1.71346e-17
9978.9193977	3.317453e-18
9981.93091231	2.503358e-18
9984.94242693	3.730218e-18
9987.95394154	1.928457e-17
9990.96545616	2.193116e-17
9993.97697077	7.80652e-18
9996.98848539	1.453237e-17
10000.0	3.012202e-17
