#	 ps15bbn 
#	 UT date of observation: 20150724 
#	 Telescope/Instrument: SOAR/Goodman 
#	 Estimated Peak MJD: 57213.918 
#	 Estimated redshift: 0.037 
#	 Estimated Phase: 12.6 
#	 Published in Dettman et al. 2020 
#	 Observed barycentric wavelength (Angstroms)    F_lambda
3500.0	0.130333
3502.0	0.132192
3504.0	0.1149144
3506.0	0.1282938
3508.0	0.1151699
3510.0	0.1205441
3512.0	0.1339964
3514.0	0.1395855
3516.0	0.1329219
3518.0	0.1405821
3520.0	0.1388703
3522.0	0.1195694
3524.0	0.1286215
3526.0	0.1294333
3528.0	0.1310941
3530.0	0.1275857
3532.0	0.1275742
3534.0	0.1287999
3536.0	0.1218718
3538.0	0.1283503
3540.0	0.1449514
3542.0	0.1361023
3544.0	0.1435452
3546.0	0.1476205
3548.0	0.1392827
3550.0	0.1314474
3552.0	0.1488388
3554.0	0.1515563
3556.0	0.1403913
3558.0	0.1349788
3560.0	0.1455973
3562.0	0.1446212
3564.0	0.1322796
3566.0	0.1494475
3568.0	0.1425621
3570.0	0.1419851
3572.0	0.1369269
3574.0	0.1359254
3576.0	0.1436309
3578.0	0.1459107
3580.0	0.1508906
3582.0	0.1401662
3584.0	0.1400153
3586.0	0.1411665
3588.0	0.1398127
3590.0	0.1392764
3592.0	0.1403732
3594.0	0.1414619
3596.0	0.1440322
3598.0	0.1663151
3600.0	0.1584168
3602.0	0.1483962
3604.0	0.150006
3606.0	0.1524977
3608.0	0.160229
3610.0	0.1597599
3612.0	0.1786715
3614.0	0.1980459
3616.0	0.2049674
3618.0	0.1997411
3620.0	0.1957923
3622.0	0.1849274
3624.0	0.1922818
3626.0	0.2030388
3628.0	0.2097353
3630.0	0.2212587
3632.0	0.2342537
3634.0	0.2355899
3636.0	0.23409
3638.0	0.2309179
3640.0	0.2313311
3642.0	0.2506813
3644.0	0.2530007
3646.0	0.2453031
3648.0	0.242119
3650.0	0.2484899
3652.0	0.2557566
3654.0	0.2685076
3656.0	0.2664667
3658.0	0.2597522
3660.0	0.2673585
3662.0	0.2835534
3664.0	0.2889515
3666.0	0.2945666
3668.0	0.300037
3670.0	0.2932225
3672.0	0.2830194
3674.0	0.2864201
3676.0	0.2960198
3678.0	0.295655
3680.0	0.2950796
3682.0	0.3019038
3684.0	0.3004404
3686.0	0.3063304
3688.0	0.3152869
3690.0	0.3207272
3692.0	0.3172155
3694.0	0.3233817
3696.0	0.3378521
3698.0	0.3361739
3700.0	0.3241576
3702.0	0.3319471
3704.0	0.3475293
3706.0	0.3549964
3708.0	0.3472617
3710.0	0.3322325
3712.0	0.3342885
3714.0	0.3476614
3716.0	0.3499973
3718.0	0.3448131
3720.0	0.3400893
3722.0	0.3365639
3724.0	0.3353083
3726.0	0.3386165
3728.0	0.3277046
3730.0	0.316851
3732.0	0.3196255
3734.0	0.3126599
3736.0	0.3046396
3738.0	0.3081775
3740.0	0.3068876
3742.0	0.2996673
3744.0	0.3089568
3746.0	0.3151486
3748.0	0.3091898
3750.0	0.3147379
3752.0	0.3187644
3754.0	0.3112654
3756.0	0.3076965
3758.0	0.3167549
3760.0	0.3236111
3762.0	0.3217046
3764.0	0.327024
3766.0	0.33893
3768.0	0.3468087
3770.0	0.350225
3772.0	0.3519718
3774.0	0.3639063
3776.0	0.3777043
3778.0	0.3774989
3780.0	0.3799309
3782.0	0.3910407
3784.0	0.4022062
3786.0	0.4103543
3788.0	0.4136184
3790.0	0.4259581
3792.0	0.4419401
3794.0	0.4488764
3796.0	0.4537002
3798.0	0.4543962
3800.0	0.4616981
3802.0	0.46565
3804.0	0.4678295
3806.0	0.4690883
3808.0	0.4630046
3810.0	0.4600438
3812.0	0.4603645
3814.0	0.451086
3816.0	0.448246
3818.0	0.4473293
3820.0	0.4387622
3822.0	0.4378603
3824.0	0.4318067
3826.0	0.413515
3828.0	0.397792
3830.0	0.389818
3832.0	0.3753935
3834.0	0.3624291
3836.0	0.3550208
3838.0	0.3506801
3840.0	0.3357257
3842.0	0.3244093
3844.0	0.3187144
3846.0	0.3112892
3848.0	0.309597
3850.0	0.3087757
3852.0	0.30708
3854.0	0.2969878
3856.0	0.2963538
3858.0	0.2900244
3860.0	0.2834642
3862.0	0.2877229
3864.0	0.2871649
3866.0	0.2900921
3868.0	0.2900741
3870.0	0.2770654
3872.0	0.2665755
3874.0	0.2544103
3876.0	0.2389827
3878.0	0.2328292
3880.0	0.2339246
3882.0	0.2322574
3884.0	0.2263578
3886.0	0.2196193
3888.0	0.2109148
3890.0	0.2099861
3892.0	0.2136845
3894.0	0.2038472
3896.0	0.1978549
3898.0	0.1940315
3900.0	0.1851251
3902.0	0.1845217
3904.0	0.1838073
3906.0	0.1862883
3908.0	0.1773685
3910.0	0.171045
3912.0	0.1705909
3914.0	0.1705269
3916.0	0.1757858
3918.0	0.1734777
3920.0	0.1796602
3922.0	0.178298
3924.0	0.17731
3926.0	0.1745254
3928.0	0.1759123
3930.0	0.1841567
3932.0	0.1757351
3934.0	0.170584
3936.0	0.1858411
3938.0	0.1837726
3940.0	0.1968139
3942.0	0.2018285
3944.0	0.201895
3946.0	0.1998493
3948.0	0.1958651
3950.0	0.2142122
3952.0	0.2189581
3954.0	0.2245996
3956.0	0.2263692
3958.0	0.2367393
3960.0	0.2375836
3962.0	0.243084
3964.0	0.2478934
3966.0	0.2509449
3968.0	0.2556374
3970.0	0.2640109
3972.0	0.2751814
3974.0	0.2830784
3976.0	0.2940125
3978.0	0.3074464
3980.0	0.3157893
3982.0	0.3232075
3984.0	0.3476365
3986.0	0.3552856
3988.0	0.3702362
3990.0	0.3828482
3992.0	0.407125
3994.0	0.4055141
3996.0	0.4257982
3998.0	0.4379116
4000.0	0.4464531
4002.0	0.4588764
4004.0	0.4719689
4006.0	0.4750354
4008.0	0.4873525
4010.0	0.500293
4012.0	0.5140306
4014.0	0.5208099
4016.0	0.5114555
4018.0	0.5276099
4020.0	0.5301585
4022.0	0.5404755
4024.0	0.5374888
4026.0	0.5329259
4028.0	0.5410578
4030.0	0.5647682
4032.0	0.5624269
4034.0	0.5633374
4036.0	0.5715308
4038.0	0.5760762
4040.0	0.5691197
4042.0	0.5812469
4044.0	0.5930797
4046.0	0.5940835
4048.0	0.5894911
4050.0	0.587119
4052.0	0.5965579
4054.0	0.5992982
4056.0	0.5947555
4058.0	0.6032071
4060.0	0.6066966
4062.0	0.6022896
4064.0	0.6078987
4066.0	0.6120133
4068.0	0.6163326
4070.0	0.6142343
4072.0	0.614778
4074.0	0.6124271
4076.0	0.5976226
4078.0	0.5823601
4080.0	0.5779449
4082.0	0.6009045
4084.0	0.6277172
4086.0	0.6357261
4088.0	0.6292919
4090.0	0.622732
4092.0	0.6189084
4094.0	0.6223325
4096.0	0.6277362
4098.0	0.6179914
4100.0	0.6145639
4102.0	0.6095064
4104.0	0.6085694
4106.0	0.6078672
4108.0	0.5891431
4110.0	0.5714751
4112.0	0.5633855
4114.0	0.5440637
4116.0	0.5291537
4118.0	0.5297312
4120.0	0.5194813
4122.0	0.5104115
4124.0	0.5120881
4126.0	0.502597
4128.0	0.4873808
4130.0	0.4835173
4132.0	0.4822709
4134.0	0.4782383
4136.0	0.471457
4138.0	0.4723575
4140.0	0.4705243
4142.0	0.4565157
4144.0	0.4459727
4146.0	0.4404807
4148.0	0.4402909
4150.0	0.4363227
4152.0	0.4326167
4154.0	0.4311287
4156.0	0.4227889
4158.0	0.4159099
4160.0	0.4127149
4162.0	0.4133611
4164.0	0.4178908
4166.0	0.4218555
4168.0	0.4276298
4170.0	0.4299505
4172.0	0.4323592
4174.0	0.4402767
4176.0	0.4406893
4178.0	0.436516
4180.0	0.4378757
4182.0	0.4398502
4184.0	0.4393855
4186.0	0.4365092
4188.0	0.4398144
4190.0	0.4519396
4192.0	0.453037
4194.0	0.4508924
4196.0	0.4554833
4198.0	0.4562666
4200.0	0.4604514
4202.0	0.4667057
4204.0	0.4653209
4206.0	0.4623704
4208.0	0.459869
4210.0	0.4569719
4212.0	0.4656721
4214.0	0.4713595
4216.0	0.468468
4218.0	0.4610813
4220.0	0.4540993
4222.0	0.4644776
4224.0	0.469119
4226.0	0.4603031
4228.0	0.4559696
4230.0	0.4577172
4232.0	0.4646797
4234.0	0.4628206
4236.0	0.4601917
4238.0	0.4650928
4240.0	0.4568155
4242.0	0.4564706
4244.0	0.463801
4246.0	0.4612031
4248.0	0.462272
4250.0	0.4655404
4252.0	0.4619146
4254.0	0.4632604
4256.0	0.4645167
4258.0	0.4635715
4260.0	0.4662681
4262.0	0.4695636
4264.0	0.4668512
4266.0	0.4629561
4268.0	0.4639104
4270.0	0.4690756
4272.0	0.4759365
4274.0	0.4740058
4276.0	0.4678745
4278.0	0.4687296
4280.0	0.4808969
4282.0	0.4863442
4284.0	0.4846596
4286.0	0.4886936
4288.0	0.4960634
4290.0	0.4985795
4292.0	0.5050399
4294.0	0.5128608
4296.0	0.5172548
4298.0	0.5125411
4300.0	0.5101459
4302.0	0.5130793
4304.0	0.5178711
4306.0	0.518105
4308.0	0.5259482
4310.0	0.5442789
4312.0	0.5483453
4314.0	0.5435057
4316.0	0.5550472
4318.0	0.5483417
4320.0	0.5478656
4322.0	0.5531043
4324.0	0.5541389
4326.0	0.5439439
4328.0	0.5387229
4330.0	0.5341441
4332.0	0.5371476
4334.0	0.5470182
4336.0	0.5498361
4338.0	0.5411601
4340.0	0.5486678
4342.0	0.5406387
4344.0	0.5395532
4346.0	0.532288
4348.0	0.5379613
4350.0	0.545709
4352.0	0.5495566
4354.0	0.5389847
4356.0	0.5401078
4358.0	0.544569
4360.0	0.5351552
4362.0	0.538034
4364.0	0.5374606
4366.0	0.5355993
4368.0	0.5355303
4370.0	0.5317231
4372.0	0.5355445
4374.0	0.5417623
4376.0	0.5392317
4378.0	0.5356054
4380.0	0.52683
4382.0	0.5207837
4384.0	0.5297317
4386.0	0.5287662
4388.0	0.5154516
4390.0	0.5118314
4392.0	0.503881
4394.0	0.4986785
4396.0	0.4958805
4398.0	0.497164
4400.0	0.4960065
4402.0	0.484674
4404.0	0.4804835
4406.0	0.4742618
4408.0	0.4765076
4410.0	0.4774525
4412.0	0.4652176
4414.0	0.4757192
4416.0	0.4713845
4418.0	0.4683149
4420.0	0.466493
4422.0	0.4670386
4424.0	0.4618278
4426.0	0.4624677
4428.0	0.4570566
4430.0	0.4563898
4432.0	0.4579239
4434.0	0.4447217
4436.0	0.4509647
4438.0	0.4545719
4440.0	0.4502598
4442.0	0.4577485
4444.0	0.4635954
4446.0	0.4538724
4448.0	0.4498557
4450.0	0.447588
4452.0	0.4541434
4454.0	0.4515263
4456.0	0.4531814
4458.0	0.4529495
4460.0	0.441628
4462.0	0.4420173
4464.0	0.4480975
4466.0	0.4437694
4468.0	0.4367493
4470.0	0.4311762
4472.0	0.4275911
4474.0	0.41696
4476.0	0.4137584
4478.0	0.4232108
4480.0	0.4245974
4482.0	0.4139306
4484.0	0.4016743
4486.0	0.401756
4488.0	0.3995934
4490.0	0.3925205
4492.0	0.3896102
4494.0	0.3831826
4496.0	0.3815378
4498.0	0.3862249
4500.0	0.3863014
4502.0	0.3812184
4504.0	0.3740848
4506.0	0.3673553
4508.0	0.3587067
4510.0	0.3532797
4512.0	0.3511054
4514.0	0.3515737
4516.0	0.3488168
4518.0	0.3446923
4520.0	0.3411672
4522.0	0.3369068
4524.0	0.3360155
4526.0	0.331592
4528.0	0.3277004
4530.0	0.3276229
4532.0	0.3244041
4534.0	0.3199413
4536.0	0.3115824
4538.0	0.308384
4540.0	0.3112587
4542.0	0.3071978
4544.0	0.3031653
4546.0	0.3003604
4548.0	0.2993006
4550.0	0.3031627
4552.0	0.3026278
4554.0	0.2947388
4556.0	0.2925076
4558.0	0.2943816
4560.0	0.2928773
4562.0	0.2947823
4564.0	0.297468
4566.0	0.2970028
4568.0	0.2951829
4570.0	0.2975979
4572.0	0.3007196
4574.0	0.3009935
4576.0	0.3059334
4578.0	0.3035175
4580.0	0.2996849
4582.0	0.300692
4584.0	0.3051203
4586.0	0.3064892
4588.0	0.3102795
4590.0	0.3200119
4592.0	0.3250374
4594.0	0.3322749
4596.0	0.3398861
4598.0	0.3441629
4600.0	0.3480777
4602.0	0.3530574
4604.0	0.3626905
4606.0	0.3702593
4608.0	0.3657019
4610.0	0.3688824
4612.0	0.376691
4614.0	0.3806466
4616.0	0.3823304
4618.0	0.3870777
4620.0	0.3960637
4622.0	0.4012426
4624.0	0.4023909
4626.0	0.3982955
4628.0	0.4074414
4630.0	0.4147588
4632.0	0.4201911
4634.0	0.4270634
4636.0	0.4250397
4638.0	0.4297268
4640.0	0.4306948
4642.0	0.4308501
4644.0	0.4385539
4646.0	0.4419293
4648.0	0.4467764
4650.0	0.4484484
4652.0	0.4455646
4654.0	0.4542053
4656.0	0.4613539
4658.0	0.4632753
4660.0	0.4683832
4662.0	0.4697958
4664.0	0.4746922
4666.0	0.4760715
4668.0	0.4859439
4670.0	0.4974204
4672.0	0.5016938
4674.0	0.5090588
4676.0	0.5107801
4678.0	0.5170561
4680.0	0.5239444
4682.0	0.5320691
4684.0	0.5377757
4686.0	0.546415
4688.0	0.5555307
4690.0	0.5592771
4692.0	0.5604615
4694.0	0.5641565
4696.0	0.5731269
4698.0	0.583115
4700.0	0.5841654
4702.0	0.579445
4704.0	0.5869343
4706.0	0.5969956
4708.0	0.5954793
4710.0	0.599268
4712.0	0.6073787
4714.0	0.6015674
4716.0	0.5971673
4718.0	0.6074935
4720.0	0.6205283
4722.0	0.6273783
4724.0	0.6284799
4726.0	0.6305872
4728.0	0.6356972
4730.0	0.6391073
4732.0	0.64171
4734.0	0.6444182
4736.0	0.6498989
4738.0	0.6530917
4740.0	0.6595532
4742.0	0.6552661
4744.0	0.6546807
4746.0	0.6628222
4748.0	0.6633418
4750.0	0.6655931
4752.0	0.6668022
4754.0	0.6695817
4756.0	0.6715431
4758.0	0.6671793
4760.0	0.6668592
4762.0	0.6611151
4764.0	0.6621065
4766.0	0.6655889
4768.0	0.667408
4770.0	0.6709501
4772.0	0.6710881
4774.0	0.669228
4776.0	0.659146
4778.0	0.6560262
4780.0	0.6569417
4782.0	0.6569287
4784.0	0.6563058
4786.0	0.6543515
4788.0	0.6497428
4790.0	0.6428364
4792.0	0.6374503
4794.0	0.6303604
4796.0	0.6234151
4798.0	0.6120765
4800.0	0.6115995
4802.0	0.6118798
4804.0	0.6090526
4806.0	0.6054773
4808.0	0.600489
4810.0	0.5902902
4812.0	0.5753144
4814.0	0.5652937
4816.0	0.5601507
4818.0	0.5540972
4820.0	0.5413792
4822.0	0.5309684
4824.0	0.5291026
4826.0	0.5246717
4828.0	0.5165337
4830.0	0.5123448
4832.0	0.5061585
4834.0	0.499332
4836.0	0.496176
4838.0	0.4852875
4840.0	0.4771651
4842.0	0.4731054
4844.0	0.47427
4846.0	0.4730587
4848.0	0.4686382
4850.0	0.4697271
4852.0	0.4660718
4854.0	0.4548981
4856.0	0.4487733
4858.0	0.4453695
4860.0	0.4483927
4862.0	0.4476042
4864.0	0.4422641
4866.0	0.4388556
4868.0	0.4389215
4870.0	0.4356473
4872.0	0.4307855
4874.0	0.4270869
4876.0	0.4238447
4878.0	0.4180206
4880.0	0.4059728
4882.0	0.4001985
4884.0	0.396052
4886.0	0.3890996
4888.0	0.3843066
4890.0	0.3728094
4892.0	0.3637714
4894.0	0.3612433
4896.0	0.354378
4898.0	0.3476981
4900.0	0.342272
4902.0	0.3333228
4904.0	0.3295395
4906.0	0.3271551
4908.0	0.3209247
4910.0	0.3198715
4912.0	0.3099321
4914.0	0.3021438
4916.0	0.3031884
4918.0	0.3017523
4920.0	0.3014999
4922.0	0.299812
4924.0	0.2997428
4926.0	0.2950948
4928.0	0.2925478
4930.0	0.2918355
4932.0	0.2968864
4934.0	0.2956742
4936.0	0.2987591
4938.0	0.305274
4940.0	0.3063711
4942.0	0.3096451
4944.0	0.3075832
4946.0	0.3091521
4948.0	0.3156217
4950.0	0.3128098
4952.0	0.3129592
4954.0	0.3162246
4956.0	0.3179573
4958.0	0.3133994
4960.0	0.3132057
4962.0	0.3093448
4964.0	0.3083001
4966.0	0.3136354
4968.0	0.3144553
4970.0	0.3176815
4972.0	0.3158438
4974.0	0.3103412
4976.0	0.3050767
4978.0	0.3078429
4980.0	0.3046815
4982.0	0.293602
4984.0	0.2868499
4986.0	0.2896872
4988.0	0.2852532
4990.0	0.2801777
4992.0	0.2804413
4994.0	0.2766391
4996.0	0.2779978
4998.0	0.2669918
5000.0	0.2647978
5002.0	0.2603299
5004.0	0.2594873
5006.0	0.2647803
5008.0	0.2655261
5010.0	0.2644908
5012.0	0.2674055
5014.0	0.2633887
5016.0	0.2638183
5018.0	0.2692872
5020.0	0.264948
5022.0	0.2653789
5024.0	0.2710008
5026.0	0.2732308
5028.0	0.2734398
5030.0	0.2754877
5032.0	0.2768476
5034.0	0.2816968
5036.0	0.2819587
5038.0	0.2879267
5040.0	0.2952301
5042.0	0.2975037
5044.0	0.2987043
5046.0	0.3026555
5048.0	0.3018253
5050.0	0.3048133
5052.0	0.3027285
5054.0	0.3122931
5056.0	0.3206112
5058.0	0.3256947
5060.0	0.330784
5062.0	0.3370115
5064.0	0.3383076
5066.0	0.3418333
5068.0	0.3512961
5070.0	0.3528953
5072.0	0.3523641
5074.0	0.3604304
5076.0	0.3637697
5078.0	0.3668409
5080.0	0.3755158
5082.0	0.3844331
5084.0	0.3869892
5086.0	0.3817486
5088.0	0.3812645
5090.0	0.386003
5092.0	0.3934501
5094.0	0.3926383
5096.0	0.3876766
5098.0	0.3902887
5100.0	0.3939856
5102.0	0.3852974
5104.0	0.3817843
5106.0	0.3840962
5108.0	0.3803366
5110.0	0.3757923
5112.0	0.3772072
5114.0	0.3771925
5116.0	0.3739867
5118.0	0.3692002
5120.0	0.3645273
5122.0	0.3579702
5124.0	0.3542953
5126.0	0.350648
5128.0	0.3441403
5130.0	0.3359177
5132.0	0.3292934
5134.0	0.3200802
5136.0	0.311164
5138.0	0.3086825
5140.0	0.3106883
5142.0	0.3076485
5144.0	0.3038404
5146.0	0.29669
5148.0	0.2854394
5150.0	0.2809272
5152.0	0.287386
5154.0	0.2871059
5156.0	0.2863242
5158.0	0.2839639
5160.0	0.2748743
5162.0	0.2705733
5164.0	0.272875
5166.0	0.2747105
5168.0	0.2728913
5170.0	0.2672517
5172.0	0.2665684
5174.0	0.2695735
5176.0	0.2690384
5178.0	0.2701532
5180.0	0.269644
5182.0	0.2655753
5184.0	0.2663145
5186.0	0.270555
5188.0	0.2709223
5190.0	0.2745481
5192.0	0.2842956
5194.0	0.2913702
5196.0	0.288026
5198.0	0.2785724
5200.0	0.2744195
5202.0	0.2751583
5204.0	0.2789319
5206.0	0.28064
5208.0	0.2793335
5210.0	0.2803435
5212.0	0.2863265
5214.0	0.2875525
5216.0	0.2876383
5218.0	0.2900788
5220.0	0.2922768
5222.0	0.2958299
5224.0	0.2952967
5226.0	0.2977169
5228.0	0.3035373
5230.0	0.3044829
5232.0	0.3049878
5234.0	0.3114328
5236.0	0.3154426
5238.0	0.3175982
5240.0	0.3215866
5242.0	0.3213444
5244.0	0.3252809
5246.0	0.336157
5248.0	0.3374556
5250.0	0.3347758
5252.0	0.3376674
5254.0	0.3393834
5256.0	0.3417208
5258.0	0.3496142
5260.0	0.3525302
5262.0	0.3534608
5264.0	0.3537867
5266.0	0.3513317
5268.0	0.3515737
5270.0	0.3547975
5272.0	0.3578553
5274.0	0.3598924
5276.0	0.3581571
5278.0	0.361303
5280.0	0.367855
5282.0	0.3678437
5284.0	0.3668098
5286.0	0.3695673
5288.0	0.3726681
5290.0	0.3742293
5292.0	0.3773676
5294.0	0.3833859
5296.0	0.3909944
5298.0	0.3932478
5300.0	0.3923721
5302.0	0.3960699
5304.0	0.4002161
5306.0	0.4072249
5308.0	0.4062239
5310.0	0.4020135
5312.0	0.4077593
5314.0	0.4090565
5316.0	0.4114352
5318.0	0.417671
5320.0	0.4177085
5322.0	0.4196323
5324.0	0.4253658
5326.0	0.4302442
5328.0	0.4367949
5330.0	0.4366468
5332.0	0.433722
5334.0	0.4415035
5336.0	0.4517517
5338.0	0.456157
5340.0	0.46329
5342.0	0.4688656
5344.0	0.470396
5346.0	0.4767135
5348.0	0.47878
5350.0	0.4834967
5352.0	0.4886924
5354.0	0.4914353
5356.0	0.4963156
5358.0	0.4922579
5360.0	0.4921787
5362.0	0.4994632
5364.0	0.505596
5366.0	0.5078689
5368.0	0.5117151
5370.0	0.5141363
5372.0	0.5150592
5374.0	0.5205178
5376.0	0.5269315
5378.0	0.535853
5380.0	0.5334541
5382.0	0.5322789
5384.0	0.5354961
5386.0	0.5356969
5388.0	0.5368767
5390.0	0.5354471
5392.0	0.5344676
5394.0	0.5341398
5396.0	0.5355701
5398.0	0.5382028
5400.0	0.5403297
5402.0	0.5428544
5404.0	0.540838
5406.0	0.5468071
5408.0	0.5494881
5410.0	0.545373
5412.0	0.5436183
5414.0	0.5438508
5416.0	0.5402187
5418.0	0.5374938
5420.0	0.5406342
5422.0	0.5422445
5424.0	0.5420514
5426.0	0.536065
5428.0	0.5310695
5430.0	0.5346687
5432.0	0.5340931
5434.0	0.5314157
5436.0	0.5333211
5438.0	0.526795
5440.0	0.5285051
5442.0	0.5251416
5444.0	0.5206222
5446.0	0.5151927
5448.0	0.517121
5450.0	0.5198695
5452.0	0.528231
5454.0	0.5217956
5456.0	0.5150318
5458.0	0.5114694
5460.0	0.5109445
5462.0	0.5111251
5464.0	0.5092627
5466.0	0.5096886
5468.0	0.5116688
5470.0	0.505443
5472.0	0.5073775
5474.0	0.5113518
5476.0	0.506871
5478.0	0.4976645
5480.0	0.4956746
5482.0	0.4979015
5484.0	0.5023177
5486.0	0.4983869
5488.0	0.4931617
5490.0	0.4882972
5492.0	0.4863575
5494.0	0.4882505
5496.0	0.4868451
5498.0	0.48174
5500.0	0.4822821
5502.0	0.4816242
5504.0	0.4819874
5506.0	0.4799639
5508.0	0.4660662
5510.0	0.4679685
5512.0	0.4713279
5514.0	0.4665824
5516.0	0.4626109
5518.0	0.4670536
5520.0	0.4626085
5522.0	0.4474831
5524.0	0.4520554
5526.0	0.454259
5528.0	0.451317
5530.0	0.4487025
5532.0	0.447149
5534.0	0.4422886
5536.0	0.4382176
5538.0	0.441766
5540.0	0.4434641
5542.0	0.4401657
5544.0	0.4360453
5546.0	0.4295547
5548.0	0.4254444
5550.0	0.42519
5552.0	0.4239573
5554.0	0.4198013
5556.0	0.4161821
5558.0	0.4151663
5560.0	0.4156261
5562.0	0.4164454
5564.0	0.4113211
5566.0	0.4097648
5568.0	0.4066717
5570.0	0.40407
5572.0	0.4030101
5574.0	0.3969645
5576.0	0.396789
5578.0	0.4023509
5580.0	0.3973646
5582.0	0.3928991
5584.0	0.3957111
5586.0	0.3944955
5588.0	0.3907285
5590.0	0.3871197
5592.0	0.3868234
5594.0	0.3894127
5596.0	0.3881211
5598.0	0.3877501
5600.0	0.3868801
5602.0	0.3857609
5604.0	0.3805288
5606.0	0.3767584
5608.0	0.3780202
5610.0	0.3774678
5612.0	0.3766767
5614.0	0.3778261
5616.0	0.3788339
5618.0	0.3814413
5620.0	0.3810053
5622.0	0.3794835
5624.0	0.3768883
5626.0	0.3731717
5628.0	0.3748631
5630.0	0.374061
5632.0	0.3727682
5634.0	0.3700285
5636.0	0.3685296
5638.0	0.3689064
5640.0	0.3685418
5642.0	0.3643883
5644.0	0.3631407
5646.0	0.366663
5648.0	0.3670738
5650.0	0.3631975
5652.0	0.362357
5654.0	0.365415
5656.0	0.3644932
5658.0	0.3597673
5660.0	0.3606613
5662.0	0.3619693
5664.0	0.3577498
5666.0	0.3542277
5668.0	0.3556594
5670.0	0.3541465
5672.0	0.3518957
5674.0	0.3500523
5676.0	0.3462964
5678.0	0.3459503
5680.0	0.3478976
5682.0	0.3465114
5684.0	0.3437886
5686.0	0.3452075
5688.0	0.3436737
5690.0	0.3405007
5692.0	0.3379413
5694.0	0.3401291
5696.0	0.3418277
5698.0	0.3372737
5700.0	0.3308798
5702.0	0.3291631
5704.0	0.3294203
5706.0	0.3297255
5708.0	0.3309722
5710.0	0.3275473
5712.0	0.3207661
5714.0	0.3211719
5716.0	0.319564
5718.0	0.3172002
5720.0	0.3198931
5722.0	0.3201382
5724.0	0.3167084
5726.0	0.3148198
5728.0	0.3134386
5730.0	0.3174315
5732.0	0.3146402
5734.0	0.3075625
5736.0	0.3025766
5738.0	0.3002179
5740.0	0.2981784
5742.0	0.3017621
5744.0	0.3065152
5746.0	0.2998788
5748.0	0.296749
5750.0	0.2998172
5752.0	0.2970328
5754.0	0.2939338
5756.0	0.2949635
5758.0	0.2920876
5760.0	0.2864746
5762.0	0.2839256
5764.0	0.2836611
5766.0	0.2803874
5768.0	0.2769211
5770.0	0.2767316
5772.0	0.2765088
5774.0	0.2751017
5776.0	0.2742609
5778.0	0.268514
5780.0	0.2666577
5782.0	0.2665167
5784.0	0.269352
5786.0	0.2694372
5788.0	0.2665789
5790.0	0.2627382
5792.0	0.2629957
5794.0	0.2581482
5796.0	0.2577834
5798.0	0.2523749
5800.0	0.2526186
5802.0	0.2528002
5804.0	0.2534675
5806.0	0.2538473
5808.0	0.2516633
5810.0	0.2484631
5812.0	0.246047
5814.0	0.2468445
5816.0	0.2446701
5818.0	0.2450378
5820.0	0.2441359
5822.0	0.2441641
5824.0	0.2405056
5826.0	0.2418641
5828.0	0.2447624
5830.0	0.2422918
5832.0	0.2380512
5834.0	0.2387055
5836.0	0.2378192
5838.0	0.2369877
5840.0	0.2314513
5842.0	0.2283587
5844.0	0.2309335
5846.0	0.2319055
5848.0	0.2321071
5850.0	0.23466
5852.0	0.2335056
5854.0	0.2254168
5856.0	0.2282365
5858.0	0.2271552
5860.0	0.2207538
5862.0	0.2197239
5864.0	0.2208805
5866.0	0.2178666
5868.0	0.2144242
5870.0	0.2201597
5872.0	0.2214674
5874.0	0.2154975
5876.0	0.2135458
5878.0	0.2083061
5880.0	0.2066288
5882.0	0.209447
5884.0	0.2089251
5886.0	0.2041821
5888.0	0.2001298
5890.0	0.2005428
5892.0	0.1962632
5894.0	0.1962394
5896.0	0.1973362
5898.0	0.2022684
5900.0	0.2039761
5902.0	0.2036076
5904.0	0.206625
5906.0	0.2111446
5908.0	0.2076338
5910.0	0.202518
5912.0	0.2034938
5914.0	0.2118924
5916.0	0.2113684
5918.0	0.2121843
5920.0	0.2125252
5922.0	0.2081461
5924.0	0.2108178
5926.0	0.2085728
5928.0	0.2130772
5930.0	0.2161486
5932.0	0.2241422
5934.0	0.2233509
5936.0	0.2243086
5938.0	0.2272543
5940.0	0.2244153
5942.0	0.2282912
5944.0	0.2326838
5946.0	0.2352258
5948.0	0.2317919
5950.0	0.2323484
5952.0	0.2369177
5954.0	0.2393838
5956.0	0.244403
5958.0	0.2542422
5960.0	0.2531983
5962.0	0.2578553
5964.0	0.26336
5966.0	0.2642722
5968.0	0.2613898
5970.0	0.267414
5972.0	0.2737559
5974.0	0.2790636
5976.0	0.2777826
5978.0	0.2767545
5980.0	0.2874239
5982.0	0.2904714
5984.0	0.2895751
5986.0	0.2952337
5988.0	0.3015224
5990.0	0.305012
5992.0	0.30797
5994.0	0.3132505
5996.0	0.3186097
5998.0	0.3152714
6000.0	0.3250653
6002.0	0.3313363
6004.0	0.3351177
6006.0	0.3375926
6008.0	0.3397505
6010.0	0.3470307
6012.0	0.3488674
6014.0	0.3523739
6016.0	0.3580405
6018.0	0.3606745
6020.0	0.3660032
6022.0	0.3667395
6024.0	0.3746364
6026.0	0.3774231
6028.0	0.3813999
6030.0	0.3835568
6032.0	0.386341
6034.0	0.3890331
6036.0	0.3912244
6038.0	0.3912811
6040.0	0.3944575
6042.0	0.3984675
6044.0	0.4013864
6046.0	0.4060788
6048.0	0.4101042
6050.0	0.4129025
6052.0	0.411453
6054.0	0.4087102
6056.0	0.4080177
6058.0	0.4124079
6060.0	0.4179423
6062.0	0.418469
6064.0	0.4176896
6066.0	0.4221839
6068.0	0.4258022
6070.0	0.4269272
6072.0	0.4304399
6074.0	0.430852
6076.0	0.4279843
6078.0	0.4254622
6080.0	0.4271952
6082.0	0.4284101
6084.0	0.4294957
6086.0	0.4304354
6088.0	0.4295976
6090.0	0.4282864
6092.0	0.4319417
6094.0	0.4324177
6096.0	0.4315505
6098.0	0.4307135
6100.0	0.430755
6102.0	0.4310017
6104.0	0.4251316
6106.0	0.4145997
6108.0	0.4091931
6110.0	0.4087548
6112.0	0.4068817
6114.0	0.4089328
6116.0	0.4135974
6118.0	0.4188935
6120.0	0.421017
6122.0	0.4203939
6124.0	0.4165179
6126.0	0.4105723
6128.0	0.4071088
6130.0	0.4109521
6132.0	0.4109238
6134.0	0.4058007
6136.0	0.4071091
6138.0	0.4083611
6140.0	0.4055302
6142.0	0.4036999
6144.0	0.40237
6146.0	0.4008263
6148.0	0.3967296
6150.0	0.3930004
6152.0	0.3923428
6154.0	0.3881678
6156.0	0.3830421
6158.0	0.3838366
6160.0	0.3840575
6162.0	0.3806954
6164.0	0.3777609
6166.0	0.3784157
6168.0	0.3772167
6170.0	0.374011
6172.0	0.3708106
6174.0	0.3666758
6176.0	0.3640817
6178.0	0.3624041
6180.0	0.3590393
6182.0	0.3574217
6184.0	0.3563025
6186.0	0.3546302
6188.0	0.3554695
6190.0	0.350067
6192.0	0.345183
6194.0	0.3430749
6196.0	0.3389215
6198.0	0.3383433
6200.0	0.3391494
6202.0	0.333445
6204.0	0.326373
6206.0	0.325312
6208.0	0.3260989
6210.0	0.3273387
6212.0	0.3252206
6214.0	0.3194989
6216.0	0.3161254
6218.0	0.3158462
6220.0	0.315072
6222.0	0.3124153
6224.0	0.3095346
6226.0	0.310265
6228.0	0.3103929
6230.0	0.3071131
6232.0	0.3044751
6234.0	0.304099
6236.0	0.3044032
6238.0	0.305278
6240.0	0.3029307
6242.0	0.2999706
6244.0	0.3001071
6246.0	0.3020851
6248.0	0.3022197
6250.0	0.2969401
6252.0	0.2904028
6254.0	0.2894987
6256.0	0.2915897
6258.0	0.2884059
6260.0	0.2806883
6262.0	0.2775824
6264.0	0.2781503
6266.0	0.2727485
6268.0	0.2666083
6270.0	0.2651654
6272.0	0.2594303
6274.0	0.2527243
6276.0	0.2430373
6278.0	0.2345264
6280.0	0.2289913
6282.0	0.2244847
6284.0	0.2232663
6286.0	0.2188391
6288.0	0.2130794
6290.0	0.2047482
6292.0	0.1941134
6294.0	0.1862539
6296.0	0.1823452
6298.0	0.1790258
6300.0	0.174092
6302.0	0.1675382
6304.0	0.1614576
6306.0	0.1565649
6308.0	0.1503576
6310.0	0.1464714
6312.0	0.1419324
6314.0	0.1401797
6316.0	0.1397943
6318.0	0.1353449
6320.0	0.1293168
6322.0	0.1261075
6324.0	0.1255253
6326.0	0.1236707
6328.0	0.1205094
6330.0	0.1179779
6332.0	0.1186975
6334.0	0.1183338
6336.0	0.1160628
6338.0	0.1160084
6340.0	0.1137539
6342.0	0.1135027
6344.0	0.1136505
6346.0	0.1086008
6348.0	0.1099113
6350.0	0.1129485
6352.0	0.1106818
6354.0	0.1074412
6356.0	0.1055195
6358.0	0.1076651
6360.0	0.1079859
6362.0	0.1128429
6364.0	0.1103672
6366.0	0.1115271
6368.0	0.1121794
6370.0	0.1152998
6372.0	0.1174264
6374.0	0.1209019
6376.0	0.1214738
6378.0	0.1276213
6380.0	0.1316245
6382.0	0.1343313
6384.0	0.1414998
6386.0	0.1480116
6388.0	0.1505841
6390.0	0.1540138
6392.0	0.1644293
6394.0	0.1692632
6396.0	0.1754559
6398.0	0.1785231
6400.0	0.1808232
6402.0	0.1868518
6404.0	0.1901206
6406.0	0.1929677
6408.0	0.1998617
6410.0	0.1995589
6412.0	0.2058868
6414.0	0.2076544
6416.0	0.2103161
6418.0	0.2102368
6420.0	0.2128691
6422.0	0.2144656
6424.0	0.2166526
6426.0	0.2191146
6428.0	0.2225995
6430.0	0.2252563
6432.0	0.2266719
6434.0	0.2270039
6436.0	0.2263815
6438.0	0.2311776
6440.0	0.2304611
6442.0	0.2322805
6444.0	0.2352478
6446.0	0.2404569
6448.0	0.2414422
6450.0	0.2399986
6452.0	0.2424054
6454.0	0.2411822
6456.0	0.2438696
6458.0	0.2452939
6460.0	0.2408191
6462.0	0.240744
6464.0	0.2410938
6466.0	0.2468201
6468.0	0.2501391
6470.0	0.2534774
6472.0	0.2547541
6474.0	0.2525829
6476.0	0.2519121
6478.0	0.2486988
6480.0	0.2499225
6482.0	0.2532314
6484.0	0.251399
6486.0	0.2536935
6488.0	0.2579526
6490.0	0.2565327
6492.0	0.2536136
6494.0	0.2532421
6496.0	0.2537558
6498.0	0.2522817
6500.0	0.2512909
6502.0	0.2515256
6504.0	0.2528863
6506.0	0.2545746
6508.0	0.2542715
6510.0	0.2539095
6512.0	0.2490539
6514.0	0.2527874
6516.0	0.2527979
6518.0	0.2515677
6520.0	0.2540458
6522.0	0.2526711
6524.0	0.2511216
6526.0	0.2521604
6528.0	0.2551875
6530.0	0.2543323
6532.0	0.2508653
6534.0	0.2547176
6536.0	0.2577246
6538.0	0.2565223
6540.0	0.2563709
6542.0	0.2528397
6544.0	0.2532521
6546.0	0.254911
6548.0	0.2511517
6550.0	0.2489485
6552.0	0.248166
6554.0	0.2484358
6556.0	0.2477699
6558.0	0.2451482
6560.0	0.2458284
6562.0	0.2475655
6564.0	0.2483328
6566.0	0.2459553
6568.0	0.2425794
6570.0	0.2391675
6572.0	0.2397839
6574.0	0.2428025
6576.0	0.2409118
6578.0	0.2367711
6580.0	0.2379861
6582.0	0.2402864
6584.0	0.2397588
6586.0	0.2372606
6588.0	0.2331211
6590.0	0.2311201
6592.0	0.2315689
6594.0	0.2316963
6596.0	0.2321835
6598.0	0.2355574
6600.0	0.2367195
6602.0	0.2367898
6604.0	0.2363207
6606.0	0.2340879
6608.0	0.2328918
6610.0	0.2326791
6612.0	0.2317303
6614.0	0.2293064
6616.0	0.2297785
6618.0	0.2306518
6620.0	0.2299841
6622.0	0.2301945
6624.0	0.2319874
6626.0	0.2314204
6628.0	0.2328281
6630.0	0.235238
6632.0	0.2317344
6634.0	0.2278396
6636.0	0.228213
6638.0	0.228252
6640.0	0.2241375
6642.0	0.222867
6644.0	0.2228955
6646.0	0.2270896
6648.0	0.2296543
6650.0	0.2297591
6652.0	0.2312515
6654.0	0.2287939
6656.0	0.2277737
6658.0	0.2265023
6660.0	0.227229
6662.0	0.2291018
6664.0	0.2270096
6666.0	0.2294081
6668.0	0.23107
6670.0	0.228237
6672.0	0.2283964
6674.0	0.2300453
6676.0	0.234074
6678.0	0.2317749
6680.0	0.228667
6682.0	0.2303569
6684.0	0.2300263
6686.0	0.2302044
6688.0	0.2306545
6690.0	0.2316204
6692.0	0.2329253
6694.0	0.2309482
6696.0	0.230402
6698.0	0.2327741
6700.0	0.2326883
6702.0	0.231907
6704.0	0.23123
6706.0	0.2292636
6708.0	0.2296529
6710.0	0.23209
6712.0	0.2337116
6714.0	0.231286
6716.0	0.2319539
6718.0	0.2327685
6720.0	0.2301243
6722.0	0.2330793
6724.0	0.2362244
6726.0	0.2330252
6728.0	0.2290335
6730.0	0.2285429
6732.0	0.2274064
6734.0	0.2285524
6736.0	0.2319602
6738.0	0.2325362
6740.0	0.2335112
6742.0	0.231907
6744.0	0.2281286
6746.0	0.2281485
6748.0	0.2286212
6750.0	0.2316321
6752.0	0.235688
6754.0	0.2360227
6756.0	0.2331421
6758.0	0.2326019
6760.0	0.2318828
6762.0	0.2280616
6764.0	0.2235327
6766.0	0.2252303
6768.0	0.2299929
6770.0	0.2284205
6772.0	0.2258276
6774.0	0.2269253
6776.0	0.2243091
6778.0	0.2244857
6780.0	0.2253263
6782.0	0.2256658
6784.0	0.2234077
6786.0	0.2191603
6788.0	0.2186384
6790.0	0.2234907
6792.0	0.2225383
6794.0	0.2207689
6796.0	0.2192301
6798.0	0.2192577
6800.0	0.215887
6802.0	0.214235
6804.0	0.2244239
6806.0	0.2395286
6808.0	0.2514585
6810.0	0.2495439
6812.0	0.2287187
6814.0	0.2159228
6816.0	0.2085788
6818.0	0.2061184
6820.0	0.2054254
6822.0	0.2027676
6824.0	0.2027666
6826.0	0.2048412
6828.0	0.2062525
6830.0	0.2057278
6832.0	0.203509
6834.0	0.2012341
6836.0	0.201451
6838.0	0.1960577
6840.0	0.1912719
6842.0	0.1895519
6844.0	0.1915998
6846.0	0.1918375
6848.0	0.1916189
6850.0	0.1891278
6852.0	0.1865156
6854.0	0.1823982
6856.0	0.1821087
6858.0	0.1829299
6860.0	0.1784433
6862.0	0.1727978
6864.0	0.1769162
6866.0	0.1781359
6868.0	0.1719731
6870.0	0.1713262
6872.0	0.1698703
6874.0	0.1727895
6876.0	0.1724659
6878.0	0.1733252
6880.0	0.1727508
6882.0	0.171545
6884.0	0.1712207
6886.0	0.1675721
6888.0	0.1673996
6890.0	0.1683844
6892.0	0.1683987
6894.0	0.1605654
6896.0	0.156789
6898.0	0.1569036
6900.0	0.1593723
6902.0	0.1600175
6904.0	0.1566058
6906.0	0.1546757
6908.0	0.1565403
6910.0	0.1584699
6912.0	0.1565527
6914.0	0.1542189
6916.0	0.1543979
6918.0	0.153991
6920.0	0.1501086
6922.0	0.1512013
6924.0	0.1505891
6926.0	0.1548217
6928.0	0.1564958
6930.0	0.1505673
6932.0	0.1446545
6934.0	0.144771
6936.0	0.1462521
6938.0	0.1477265
6940.0	0.1452937
6942.0	0.1464731
6944.0	0.1421255
6946.0	0.142654
6948.0	0.1419308
6950.0	0.1405575
6952.0	0.1405842
6954.0	0.1443581
6956.0	0.1400339
6958.0	0.1378857
6960.0	0.1376658
6962.0	0.1403045
6964.0	0.1410909
6966.0	0.1441596
6968.0	0.1430295
6970.0	0.1423974
6972.0	0.1372248
6974.0	0.1374122
6976.0	0.1370132
6978.0	0.1359159
6980.0	0.1351612
6982.0	0.1380632
6984.0	0.1387447
6986.0	0.1325271
6988.0	0.1299402
6990.0	0.1313015
6992.0	0.1309521
6994.0	0.1300613
6996.0	0.1331202
6998.0	0.1329535
7000.0	0.1318538
7002.0	0.1264946
7004.0	0.1248769
7006.0	0.1263478
7008.0	0.129614
7010.0	0.1283371
7012.0	0.1276661
7014.0	0.1290256
7016.0	0.1292434
7018.0	0.1279342
7020.0	0.1257661
7022.0	0.1235736
7024.0	0.1237311
7026.0	0.1278868
7028.0	0.1307985
7030.0	0.1288999
7032.0	0.1276924
7034.0	0.1274485
7036.0	0.1257029
7038.0	0.1251704
7040.0	0.1261841
7042.0	0.1272679
7044.0	0.1262016
7046.0	0.1265543
7048.0	0.1270961
7050.0	0.1251846
