#	 ps15bsq 
#	 UT date of observation: 20150821 
#	 Telescope/Instrument: SOAR/Goodman 
#	 Estimated Peak MJD: 57262.871 
#	 Estimated redshift: 0.034 
#	 Estimated Phase: -7.6 
#	 Published in Dettman et al. 2020 
#	 Observed barycentric wavelength (Angstroms)    F_lambda
3500.0	9.568966e-16
3502.0	9.739507e-16
3504.0	9.664632e-16
3506.0	9.579878e-16
3508.0	9.605187e-16
3510.0	9.802815e-16
3512.0	1.001107e-15
3514.0	1.013249e-15
3516.0	1.009861e-15
3518.0	1.017566e-15
3520.0	1.011299e-15
3522.0	1.0062e-15
3524.0	1.067528e-15
3526.0	1.107201e-15
3528.0	1.12641e-15
3530.0	1.163133e-15
3532.0	1.162678e-15
3534.0	1.183653e-15
3536.0	1.212616e-15
3538.0	1.19837e-15
3540.0	1.231595e-15
3542.0	1.21539e-15
3544.0	1.22647e-15
3546.0	1.292575e-15
3548.0	1.319268e-15
3550.0	1.311062e-15
3552.0	1.335345e-15
3554.0	1.349192e-15
3556.0	1.353086e-15
3558.0	1.40579e-15
3560.0	1.447515e-15
3562.0	1.458301e-15
3564.0	1.451898e-15
3566.0	1.445626e-15
3568.0	1.43883e-15
3570.0	1.461876e-15
3572.0	1.493461e-15
3574.0	1.495402e-15
3576.0	1.512547e-15
3578.0	1.479856e-15
3580.0	1.477912e-15
3582.0	1.492578e-15
3584.0	1.524076e-15
3586.0	1.501854e-15
3588.0	1.472796e-15
3590.0	1.49471e-15
3592.0	1.540509e-15
3594.0	1.562385e-15
3596.0	1.584442e-15
3598.0	1.567482e-15
3600.0	1.585092e-15
3602.0	1.601885e-15
3604.0	1.613914e-15
3606.0	1.62078e-15
3608.0	1.604381e-15
3610.0	1.599205e-15
3612.0	1.617124e-15
3614.0	1.653314e-15
3616.0	1.616637e-15
3618.0	1.609825e-15
3620.0	1.597755e-15
3622.0	1.593423e-15
3624.0	1.561047e-15
3626.0	1.536076e-15
3628.0	1.557612e-15
3630.0	1.576472e-15
3632.0	1.575864e-15
3634.0	1.58229e-15
3636.0	1.558035e-15
3638.0	1.520376e-15
3640.0	1.47378e-15
3642.0	1.463464e-15
3644.0	1.470063e-15
3646.0	1.471043e-15
3648.0	1.465055e-15
3650.0	1.444861e-15
3652.0	1.453678e-15
3654.0	1.423259e-15
3656.0	1.408752e-15
3658.0	1.42416e-15
3660.0	1.405898e-15
3662.0	1.381642e-15
3664.0	1.343505e-15
3666.0	1.340469e-15
3668.0	1.35619e-15
3670.0	1.299827e-15
3672.0	1.222439e-15
3674.0	1.229822e-15
3676.0	1.247666e-15
3678.0	1.209153e-15
3680.0	1.199056e-15
3682.0	1.187705e-15
3684.0	1.142286e-15
3686.0	1.116811e-15
3688.0	1.09523e-15
3690.0	1.056049e-15
3692.0	1.021239e-15
3694.0	1.00696e-15
3696.0	9.851108e-16
3698.0	9.439312e-16
3700.0	9.293937e-16
3702.0	9.152029e-16
3704.0	8.79816e-16
3706.0	8.670899e-16
3708.0	8.974399e-16
3710.0	8.756811e-16
3712.0	8.356815e-16
3714.0	8.291581e-16
3716.0	7.597643e-16
3718.0	7.268538e-16
3720.0	7.18409e-16
3722.0	6.981487e-16
3724.0	6.954579e-16
3726.0	6.525138e-16
3728.0	6.250935e-16
3730.0	6.224736e-16
3732.0	6.048255e-16
3734.0	6.221351e-16
3736.0	6.019345e-16
3738.0	5.787768e-16
3740.0	5.79705e-16
3742.0	5.82835e-16
3744.0	5.608278e-16
3746.0	5.41798e-16
3748.0	5.26318e-16
3750.0	5.364108e-16
3752.0	5.272797e-16
3754.0	5.025662e-16
3756.0	4.836924e-16
3758.0	4.899733e-16
3760.0	4.953453e-16
3762.0	4.723754e-16
3764.0	4.643814e-16
3766.0	4.552985e-16
3768.0	4.49146e-16
3770.0	4.345782e-16
3772.0	4.308788e-16
3774.0	4.360046e-16
3776.0	4.286817e-16
3778.0	4.367548e-16
3780.0	4.609613e-16
3782.0	4.524029e-16
3784.0	4.260687e-16
3786.0	4.316086e-16
3788.0	4.402379e-16
3790.0	4.266727e-16
3792.0	4.25245e-16
3794.0	4.329838e-16
3796.0	4.228908e-16
3798.0	4.265249e-16
3800.0	4.345631e-16
3802.0	4.254792e-16
3804.0	4.384178e-16
3806.0	4.664978e-16
3808.0	4.477851e-16
3810.0	4.315702e-16
3812.0	4.403218e-16
3814.0	4.280766e-16
3816.0	4.252317e-16
3818.0	4.338032e-16
3820.0	4.607603e-16
3822.0	4.388778e-16
3824.0	4.344798e-16
3826.0	4.511742e-16
3828.0	4.602335e-16
3830.0	4.428667e-16
3832.0	4.422e-16
3834.0	4.532721e-16
3836.0	4.523812e-16
3838.0	4.903553e-16
3840.0	5.107255e-16
3842.0	5.105251e-16
3844.0	4.892977e-16
3846.0	4.85258e-16
3848.0	4.849338e-16
3850.0	5.012718e-16
3852.0	5.119815e-16
3854.0	5.190138e-16
3856.0	5.373516e-16
3858.0	5.329628e-16
3860.0	5.406796e-16
3862.0	5.492518e-16
3864.0	5.586946e-16
3866.0	5.48411e-16
3868.0	5.490802e-16
3870.0	5.541347e-16
3872.0	5.548007e-16
3874.0	5.633305e-16
3876.0	5.801278e-16
3878.0	5.83239e-16
3880.0	5.815871e-16
3882.0	5.908341e-16
3884.0	6.110726e-16
3886.0	6.31712e-16
3888.0	6.377692e-16
3890.0	6.475631e-16
3892.0	6.778055e-16
3894.0	6.842505e-16
3896.0	6.644169e-16
3898.0	6.779032e-16
3900.0	6.951322e-16
3902.0	7.012942e-16
3904.0	7.054549e-16
3906.0	6.990418e-16
3908.0	7.076472e-16
3910.0	7.28331e-16
3912.0	7.438663e-16
3914.0	7.508796e-16
3916.0	7.374858e-16
3918.0	7.635145e-16
3920.0	7.825131e-16
3922.0	7.850065e-16
3924.0	8.220772e-16
3926.0	8.273106e-16
3928.0	8.194115e-16
3930.0	8.408776e-16
3932.0	8.618614e-16
3934.0	8.864464e-16
3936.0	9.075569e-16
3938.0	9.158213e-16
3940.0	9.189106e-16
3942.0	9.389739e-16
3944.0	9.84762e-16
3946.0	1.007476e-15
3948.0	1.015667e-15
3950.0	1.034437e-15
3952.0	1.05591e-15
3954.0	1.074025e-15
3956.0	1.097614e-15
3958.0	1.121361e-15
3960.0	1.131566e-15
3962.0	1.138835e-15
3964.0	1.162945e-15
3966.0	1.158688e-15
3968.0	1.179796e-15
3970.0	1.20746e-15
3972.0	1.217092e-15
3974.0	1.228797e-15
3976.0	1.263629e-15
3978.0	1.289115e-15
3980.0	1.288673e-15
3982.0	1.303963e-15
3984.0	1.316965e-15
3986.0	1.330971e-15
3988.0	1.345799e-15
3990.0	1.365668e-15
3992.0	1.406065e-15
3994.0	1.429582e-15
3996.0	1.396839e-15
3998.0	1.396726e-15
4000.0	1.417665e-15
4002.0	1.422692e-15
4004.0	1.409088e-15
4006.0	1.446252e-15
4008.0	1.472983e-15
4010.0	1.466223e-15
4012.0	1.475445e-15
4014.0	1.482065e-15
4016.0	1.497912e-15
4018.0	1.519228e-15
4020.0	1.510177e-15
4022.0	1.54275e-15
4024.0	1.555946e-15
4026.0	1.573956e-15
4028.0	1.547688e-15
4030.0	1.555303e-15
4032.0	1.595195e-15
4034.0	1.615041e-15
4036.0	1.634737e-15
4038.0	1.6575e-15
4040.0	1.632047e-15
4042.0	1.651698e-15
4044.0	1.669733e-15
4046.0	1.648612e-15
4048.0	1.650019e-15
4050.0	1.689015e-15
4052.0	1.690043e-15
4054.0	1.705517e-15
4056.0	1.728826e-15
4058.0	1.725411e-15
4060.0	1.718342e-15
4062.0	1.737904e-15
4064.0	1.717972e-15
4066.0	1.707161e-15
4068.0	1.683046e-15
4070.0	1.681177e-15
4072.0	1.655657e-15
4074.0	1.638014e-15
4076.0	1.651158e-15
4078.0	1.628855e-15
4080.0	1.594756e-15
4082.0	1.569619e-15
4084.0	1.549454e-15
4086.0	1.548779e-15
4088.0	1.516006e-15
4090.0	1.514235e-15
4092.0	1.496526e-15
4094.0	1.473686e-15
4096.0	1.434963e-15
4098.0	1.453835e-15
4100.0	1.430948e-15
4102.0	1.409532e-15
4104.0	1.406245e-15
4106.0	1.406206e-15
4108.0	1.387608e-15
4110.0	1.365097e-15
4112.0	1.336618e-15
4114.0	1.337071e-15
4116.0	1.350219e-15
4118.0	1.333883e-15
4120.0	1.332457e-15
4122.0	1.335045e-15
4124.0	1.314514e-15
4126.0	1.305893e-15
4128.0	1.307932e-15
4130.0	1.321934e-15
4132.0	1.321448e-15
4134.0	1.331207e-15
4136.0	1.301113e-15
4138.0	1.330843e-15
4140.0	1.331383e-15
4142.0	1.330457e-15
4144.0	1.362324e-15
4146.0	1.363564e-15
4148.0	1.365686e-15
4150.0	1.377647e-15
4152.0	1.394624e-15
4154.0	1.395468e-15
4156.0	1.404755e-15
4158.0	1.415879e-15
4160.0	1.437441e-15
4162.0	1.454569e-15
4164.0	1.451182e-15
4166.0	1.439052e-15
4168.0	1.460366e-15
4170.0	1.480927e-15
4172.0	1.493683e-15
4174.0	1.521407e-15
4176.0	1.527366e-15
4178.0	1.535466e-15
4180.0	1.555421e-15
4182.0	1.551325e-15
4184.0	1.562078e-15
4186.0	1.584326e-15
4188.0	1.610657e-15
4190.0	1.614485e-15
4192.0	1.61534e-15
4194.0	1.626772e-15
4196.0	1.64043e-15
4198.0	1.65638e-15
4200.0	1.654687e-15
4202.0	1.639655e-15
4204.0	1.625044e-15
4206.0	1.629813e-15
4208.0	1.648365e-15
4210.0	1.662062e-15
4212.0	1.663281e-15
4214.0	1.650048e-15
4216.0	1.652673e-15
4218.0	1.651622e-15
4220.0	1.651738e-15
4222.0	1.652469e-15
4224.0	1.660212e-15
4226.0	1.658518e-15
4228.0	1.623681e-15
4230.0	1.624319e-15
4232.0	1.623509e-15
4234.0	1.595927e-15
4236.0	1.562599e-15
4238.0	1.562409e-15
4240.0	1.551057e-15
4242.0	1.528121e-15
4244.0	1.530891e-15
4246.0	1.529357e-15
4248.0	1.511597e-15
4250.0	1.511728e-15
4252.0	1.503428e-15
4254.0	1.491983e-15
4256.0	1.49327e-15
4258.0	1.478738e-15
4260.0	1.462189e-15
4262.0	1.45915e-15
4264.0	1.455841e-15
4266.0	1.440165e-15
4268.0	1.416096e-15
4270.0	1.412285e-15
4272.0	1.410556e-15
4274.0	1.404734e-15
4276.0	1.39046e-15
4278.0	1.373043e-15
4280.0	1.360546e-15
4282.0	1.364005e-15
4284.0	1.350783e-15
4286.0	1.320562e-15
4288.0	1.330611e-15
4290.0	1.347335e-15
4292.0	1.35665e-15
4294.0	1.348743e-15
4296.0	1.345059e-15
4298.0	1.346999e-15
4300.0	1.33299e-15
4302.0	1.3061e-15
4304.0	1.306931e-15
4306.0	1.288725e-15
4308.0	1.28011e-15
4310.0	1.267829e-15
4312.0	1.264074e-15
4314.0	1.243697e-15
4316.0	1.225072e-15
4318.0	1.222748e-15
4320.0	1.203016e-15
4322.0	1.190521e-15
4324.0	1.179442e-15
4326.0	1.168071e-15
4328.0	1.151111e-15
4330.0	1.13785e-15
4332.0	1.124466e-15
4334.0	1.134177e-15
4336.0	1.116597e-15
4338.0	1.103625e-15
4340.0	1.089774e-15
4342.0	1.079564e-15
4344.0	1.067007e-15
4346.0	1.052329e-15
4348.0	1.04492e-15
4350.0	1.042898e-15
4352.0	1.053398e-15
4354.0	1.031976e-15
4356.0	1.014302e-15
4358.0	1.011564e-15
4360.0	1.001689e-15
4362.0	9.989364e-16
4364.0	9.905699e-16
4366.0	9.857912e-16
4368.0	9.782062e-16
4370.0	9.708989e-16
4372.0	9.589951e-16
4374.0	9.44042e-16
4376.0	9.467618e-16
4378.0	9.428595e-16
4380.0	9.160174e-16
4382.0	8.892941e-16
4384.0	8.953548e-16
4386.0	8.916576e-16
4388.0	8.954599e-16
4390.0	8.930869e-16
4392.0	8.693561e-16
4394.0	8.545656e-16
4396.0	8.429606e-16
4398.0	8.43328e-16
4400.0	8.306874e-16
4402.0	8.157713e-16
4404.0	8.146404e-16
4406.0	8.122809e-16
4408.0	7.959959e-16
4410.0	7.816518e-16
4412.0	7.699384e-16
4414.0	7.702298e-16
4416.0	7.658196e-16
4418.0	7.63295e-16
4420.0	7.610325e-16
4422.0	7.453286e-16
4424.0	7.406064e-16
4426.0	7.569559e-16
4428.0	7.576351e-16
4430.0	7.397398e-16
4432.0	7.426111e-16
4434.0	7.462105e-16
4436.0	7.537753e-16
4438.0	7.62394e-16
4440.0	7.600044e-16
4442.0	7.755673e-16
4444.0	7.841606e-16
4446.0	7.838536e-16
4448.0	7.860145e-16
4450.0	7.914328e-16
4452.0	8.079556e-16
4454.0	8.179994e-16
4456.0	8.187549e-16
4458.0	8.253582e-16
4460.0	8.380094e-16
4462.0	8.559322e-16
4464.0	8.661619e-16
4466.0	8.713439e-16
4468.0	8.854953e-16
4470.0	8.854733e-16
4472.0	8.883587e-16
4474.0	9.014387e-16
4476.0	9.077913e-16
4478.0	9.138259e-16
4480.0	9.323849e-16
4482.0	9.366202e-16
4484.0	9.46687e-16
4486.0	9.578306e-16
4488.0	9.521047e-16
4490.0	9.494668e-16
4492.0	9.607048e-16
4494.0	9.737181e-16
4496.0	9.852439e-16
4498.0	9.810146e-16
4500.0	9.859467e-16
4502.0	1.004887e-15
4504.0	1.009028e-15
4506.0	1.006648e-15
4508.0	1.008453e-15
4510.0	1.012375e-15
4512.0	1.012674e-15
4514.0	1.007144e-15
4516.0	1.001211e-15
4518.0	9.949488e-16
4520.0	9.824997e-16
4522.0	9.699838e-16
4524.0	9.687948e-16
4526.0	9.657641e-16
4528.0	9.537806e-16
4530.0	9.407071e-16
4532.0	9.296824e-16
4534.0	9.225644e-16
4536.0	9.227921e-16
4538.0	9.196914e-16
4540.0	9.080233e-16
4542.0	8.969352e-16
4544.0	8.796003e-16
4546.0	8.613569e-16
4548.0	8.622064e-16
4550.0	8.708652e-16
4552.0	8.66893e-16
4554.0	8.61126e-16
4556.0	8.660838e-16
4558.0	8.721075e-16
4560.0	8.692436e-16
4562.0	8.627754e-16
4564.0	8.59421e-16
4566.0	8.640507e-16
4568.0	8.710457e-16
4570.0	8.757248e-16
4572.0	8.856525e-16
4574.0	8.941129e-16
4576.0	9.013079e-16
4578.0	9.069731e-16
4580.0	9.172518e-16
4582.0	9.316397e-16
4584.0	9.330257e-16
4586.0	9.296931e-16
4588.0	9.414801e-16
4590.0	9.696599e-16
4592.0	9.883248e-16
4594.0	9.857087e-16
4596.0	9.894808e-16
4598.0	1.012281e-15
4600.0	1.018018e-15
4602.0	1.011798e-15
4604.0	1.026019e-15
4606.0	1.036392e-15
4608.0	1.038199e-15
4610.0	1.049502e-15
4612.0	1.056891e-15
4614.0	1.05411e-15
4616.0	1.050541e-15
4618.0	1.053016e-15
4620.0	1.059947e-15
4622.0	1.057465e-15
4624.0	1.059933e-15
4626.0	1.075435e-15
4628.0	1.082703e-15
4630.0	1.083785e-15
4632.0	1.099573e-15
4634.0	1.102316e-15
4636.0	1.096699e-15
4638.0	1.106536e-15
4640.0	1.110522e-15
4642.0	1.105877e-15
4644.0	1.104857e-15
4646.0	1.112351e-15
4648.0	1.107191e-15
4650.0	1.107245e-15
4652.0	1.118334e-15
4654.0	1.125784e-15
4656.0	1.130726e-15
4658.0	1.119915e-15
4660.0	1.105983e-15
4662.0	1.104565e-15
4664.0	1.101323e-15
4666.0	1.104043e-15
4668.0	1.098966e-15
4670.0	1.09146e-15
4672.0	1.092533e-15
4674.0	1.087441e-15
4676.0	1.072856e-15
4678.0	1.070644e-15
4680.0	1.083658e-15
4682.0	1.081272e-15
4684.0	1.076987e-15
4686.0	1.082491e-15
4688.0	1.07816e-15
4690.0	1.064012e-15
4692.0	1.059853e-15
4694.0	1.047281e-15
4696.0	1.054483e-15
4698.0	1.063803e-15
4700.0	1.060829e-15
4702.0	1.053927e-15
4704.0	1.049133e-15
4706.0	1.05823e-15
4708.0	1.050883e-15
4710.0	1.038838e-15
4712.0	1.040769e-15
4714.0	1.043659e-15
4716.0	1.033138e-15
4718.0	1.0295e-15
4720.0	1.043897e-15
4722.0	1.041953e-15
4724.0	1.037763e-15
4726.0	1.037077e-15
4728.0	1.017815e-15
4730.0	1.01558e-15
4732.0	1.018983e-15
4734.0	1.019634e-15
4736.0	1.032699e-15
4738.0	1.040196e-15
4740.0	1.041552e-15
4742.0	1.041679e-15
4744.0	1.02718e-15
4746.0	1.022498e-15
4748.0	1.021481e-15
4750.0	1.007778e-15
4752.0	1.002171e-15
4754.0	9.923484e-16
4756.0	9.864073e-16
4758.0	9.84035e-16
4760.0	9.691902e-16
4762.0	9.696441e-16
4764.0	9.660913e-16
4766.0	9.589112e-16
4768.0	9.429813e-16
4770.0	9.223168e-16
4772.0	9.19176e-16
4774.0	9.135053e-16
4776.0	8.92244e-16
4778.0	8.845211e-16
4780.0	8.847621e-16
4782.0	8.739743e-16
4784.0	8.547265e-16
4786.0	8.434117e-16
4788.0	8.503375e-16
4790.0	8.428626e-16
4792.0	8.380939e-16
4794.0	8.308957e-16
4796.0	8.316865e-16
4798.0	8.184957e-16
4800.0	8.037932e-16
4802.0	8.094419e-16
4804.0	8.052059e-16
4806.0	7.954761e-16
4808.0	7.825439e-16
4810.0	7.73778e-16
4812.0	7.786111e-16
4814.0	7.848605e-16
4816.0	7.809289e-16
4818.0	7.709502e-16
4820.0	7.608023e-16
4822.0	7.537964e-16
4824.0	7.564724e-16
4826.0	7.564435e-16
4828.0	7.714285e-16
4830.0	7.666242e-16
4832.0	7.580837e-16
4834.0	7.646297e-16
4836.0	7.60446e-16
4838.0	7.677772e-16
4840.0	7.646187e-16
4842.0	7.508846e-16
4844.0	7.553326e-16
4846.0	7.591943e-16
4848.0	7.49858e-16
4850.0	7.538753e-16
4852.0	7.650746e-16
4854.0	7.62457e-16
4856.0	7.578935e-16
4858.0	7.564864e-16
4860.0	7.531632e-16
4862.0	7.512931e-16
4864.0	7.63231e-16
4866.0	7.582312e-16
4868.0	7.461486e-16
4870.0	7.379676e-16
4872.0	7.289568e-16
4874.0	7.374205e-16
4876.0	7.352424e-16
4878.0	7.306524e-16
4880.0	7.199044e-16
4882.0	7.216031e-16
4884.0	7.148525e-16
4886.0	6.998521e-16
4888.0	7.027696e-16
4890.0	7.095577e-16
4892.0	7.144478e-16
4894.0	7.215646e-16
4896.0	7.241346e-16
4898.0	7.196884e-16
4900.0	7.163175e-16
4902.0	7.09145e-16
4904.0	7.084937e-16
4906.0	7.132851e-16
4908.0	7.142728e-16
4910.0	7.15608e-16
4912.0	7.258692e-16
4914.0	7.36351e-16
4916.0	7.445079e-16
4918.0	7.313133e-16
4920.0	7.285672e-16
4922.0	7.38117e-16
4924.0	7.38788e-16
4926.0	7.423649e-16
4928.0	7.545759e-16
4930.0	7.599662e-16
4932.0	7.525046e-16
4934.0	7.531887e-16
4936.0	7.558882e-16
4938.0	7.429818e-16
4940.0	7.477967e-16
4942.0	7.427442e-16
4944.0	7.324387e-16
4946.0	7.316085e-16
4948.0	7.257569e-16
4950.0	7.212089e-16
4952.0	7.304148e-16
4954.0	7.340694e-16
4956.0	7.174643e-16
4958.0	7.018671e-16
4960.0	7.134481e-16
4962.0	7.167084e-16
4964.0	6.910385e-16
4966.0	6.720106e-16
4968.0	6.668465e-16
4970.0	6.573503e-16
4972.0	6.582696e-16
4974.0	6.584137e-16
4976.0	6.297388e-16
4978.0	6.157836e-16
4980.0	6.185162e-16
4982.0	6.10516e-16
4984.0	6.064997e-16
4986.0	6.04721e-16
4988.0	5.909702e-16
4990.0	5.756141e-16
4992.0	5.649055e-16
4994.0	5.583378e-16
4996.0	5.544177e-16
4998.0	5.480009e-16
5000.0	5.455304e-16
5002.0	5.440115e-16
5004.0	5.382334e-16
5006.0	5.328496e-16
5008.0	5.247838e-16
5010.0	5.205727e-16
5012.0	5.31607e-16
5014.0	5.364427e-16
5016.0	5.304794e-16
5018.0	5.22829e-16
5020.0	5.222844e-16
5022.0	5.276798e-16
5024.0	5.278018e-16
5026.0	5.317735e-16
5028.0	5.365938e-16
5030.0	5.389635e-16
5032.0	5.343939e-16
5034.0	5.379487e-16
5036.0	5.40719e-16
5038.0	5.350982e-16
5040.0	5.413609e-16
5042.0	5.399905e-16
5044.0	5.460992e-16
5046.0	5.545851e-16
5048.0	5.508526e-16
5050.0	5.482597e-16
5052.0	5.480546e-16
5054.0	5.538696e-16
5056.0	5.607896e-16
5058.0	5.673448e-16
5060.0	5.537882e-16
5062.0	5.568338e-16
5064.0	5.698144e-16
5066.0	5.663853e-16
5068.0	5.749422e-16
5070.0	5.784606e-16
5072.0	5.815262e-16
5074.0	5.817083e-16
5076.0	5.805116e-16
5078.0	5.831141e-16
5080.0	5.907163e-16
5082.0	5.911633e-16
5084.0	5.883561e-16
5086.0	5.856007e-16
5088.0	5.889448e-16
5090.0	5.912431e-16
5092.0	5.981488e-16
5094.0	6.078336e-16
5096.0	5.938387e-16
5098.0	5.958433e-16
5100.0	6.003735e-16
5102.0	5.896315e-16
5104.0	5.901964e-16
5106.0	5.92683e-16
5108.0	5.941151e-16
5110.0	6.023623e-16
5112.0	5.997504e-16
5114.0	6.069884e-16
5116.0	6.062535e-16
5118.0	6.044916e-16
5120.0	6.016055e-16
5122.0	5.963111e-16
5124.0	6.045289e-16
5126.0	6.10982e-16
5128.0	6.049186e-16
5130.0	6.052553e-16
5132.0	6.025096e-16
5134.0	6.094434e-16
5136.0	6.109794e-16
5138.0	6.054223e-16
5140.0	6.12106e-16
5142.0	6.227568e-16
5144.0	6.409556e-16
5146.0	6.335592e-16
5148.0	6.393301e-16
5150.0	6.447496e-16
5152.0	6.399661e-16
5154.0	6.476199e-16
5156.0	6.393712e-16
5158.0	6.341698e-16
5160.0	6.354792e-16
5162.0	6.403634e-16
5164.0	6.442721e-16
5166.0	6.477038e-16
5168.0	6.447512e-16
5170.0	6.474169e-16
5172.0	6.557947e-16
5174.0	6.512949e-16
5176.0	6.53205e-16
5178.0	6.706827e-16
5180.0	6.685322e-16
5182.0	6.634969e-16
5184.0	6.731866e-16
5186.0	6.681541e-16
5188.0	6.703456e-16
5190.0	6.725532e-16
5192.0	6.839135e-16
5194.0	6.879878e-16
5196.0	6.979861e-16
5198.0	7.026208e-16
5200.0	7.151009e-16
5202.0	7.087885e-16
5204.0	6.995574e-16
5206.0	7.015789e-16
5208.0	7.062127e-16
5210.0	7.17333e-16
5212.0	7.11043e-16
5214.0	7.128831e-16
5216.0	7.122427e-16
5218.0	7.310949e-16
5220.0	7.394475e-16
5222.0	7.255577e-16
5224.0	7.264742e-16
5226.0	7.317686e-16
5228.0	7.27173e-16
5230.0	7.404754e-16
5232.0	7.453252e-16
5234.0	7.424987e-16
5236.0	7.485201e-16
5238.0	7.563066e-16
5240.0	7.617944e-16
5242.0	7.626041e-16
5244.0	7.619607e-16
5246.0	7.648721e-16
5248.0	7.678086e-16
5250.0	7.757324e-16
5252.0	7.762447e-16
5254.0	7.868922e-16
5256.0	7.881266e-16
5258.0	7.8293e-16
5260.0	7.828382e-16
5262.0	7.757941e-16
5264.0	7.750647e-16
5266.0	7.701729e-16
5268.0	7.610926e-16
5270.0	7.704979e-16
5272.0	7.669484e-16
5274.0	7.682206e-16
5276.0	7.578772e-16
5278.0	7.597179e-16
5280.0	7.590931e-16
5282.0	7.595924e-16
5284.0	7.673982e-16
5286.0	7.621131e-16
5288.0	7.515862e-16
5290.0	7.364612e-16
5292.0	7.420615e-16
5294.0	7.361868e-16
5296.0	7.402569e-16
5298.0	7.421991e-16
5300.0	7.451861e-16
5302.0	7.359502e-16
5304.0	7.298973e-16
5306.0	7.411245e-16
5308.0	7.445792e-16
5310.0	7.437428e-16
5312.0	7.48148e-16
5314.0	7.570719e-16
5316.0	7.52384e-16
5318.0	7.559888e-16
5320.0	7.468751e-16
5322.0	7.55086e-16
5324.0	7.630857e-16
5326.0	7.519678e-16
5328.0	7.363023e-16
5330.0	7.424062e-16
5332.0	7.444455e-16
5334.0	7.480157e-16
5336.0	7.438062e-16
5338.0	7.522611e-16
5340.0	7.603742e-16
5342.0	7.789979e-16
5344.0	7.694464e-16
5346.0	7.663317e-16
5348.0	7.542309e-16
5350.0	7.626484e-16
5352.0	7.63524e-16
5354.0	7.583893e-16
5356.0	7.630928e-16
5358.0	7.532549e-16
5360.0	7.435369e-16
5362.0	7.36933e-16
5364.0	7.317762e-16
5366.0	7.38399e-16
5368.0	7.323769e-16
5370.0	7.177506e-16
5372.0	7.08466e-16
5374.0	6.995392e-16
5376.0	6.984267e-16
5378.0	6.787754e-16
5380.0	6.783407e-16
5382.0	6.713241e-16
5384.0	6.624364e-16
5386.0	6.572497e-16
5388.0	6.464408e-16
5390.0	6.358609e-16
5392.0	6.293776e-16
5394.0	6.25745e-16
5396.0	6.021208e-16
5398.0	6.037929e-16
5400.0	5.968542e-16
5402.0	5.880244e-16
5404.0	5.771279e-16
5406.0	5.67183e-16
5408.0	5.619264e-16
5410.0	5.562616e-16
5412.0	5.595606e-16
5414.0	5.493389e-16
5416.0	5.502277e-16
5418.0	5.45792e-16
5420.0	5.360008e-16
5422.0	5.289184e-16
5424.0	5.199442e-16
5426.0	5.239918e-16
5428.0	5.2546e-16
5430.0	5.210794e-16
5432.0	5.081777e-16
5434.0	5.149744e-16
5436.0	5.127946e-16
5438.0	5.184275e-16
5440.0	5.142543e-16
5442.0	5.101157e-16
5444.0	5.158812e-16
5446.0	5.194579e-16
5448.0	5.202657e-16
5450.0	5.202394e-16
5452.0	5.207203e-16
5454.0	5.14799e-16
5456.0	5.110535e-16
5458.0	5.130205e-16
5460.0	5.184503e-16
5462.0	5.151003e-16
5464.0	5.090695e-16
5466.0	5.200043e-16
5468.0	5.173888e-16
5470.0	5.243298e-16
5472.0	5.216395e-16
5474.0	5.266689e-16
5476.0	5.35897e-16
5478.0	5.335954e-16
5480.0	5.240989e-16
5482.0	5.329445e-16
5484.0	5.396218e-16
5486.0	5.515149e-16
5488.0	5.514694e-16
5490.0	5.510921e-16
5492.0	5.55599e-16
5494.0	5.494513e-16
5496.0	5.555315e-16
5498.0	5.562775e-16
5500.0	5.552688e-16
5502.0	5.611156e-16
5504.0	5.630866e-16
5506.0	5.71412e-16
5508.0	5.772435e-16
5510.0	5.740896e-16
5512.0	5.690057e-16
5514.0	5.77029e-16
5516.0	5.755072e-16
5518.0	5.756602e-16
5520.0	5.717494e-16
5522.0	5.736034e-16
5524.0	5.639194e-16
5526.0	5.638265e-16
5528.0	5.637404e-16
5530.0	5.692034e-16
5532.0	5.716295e-16
5534.0	5.752262e-16
5536.0	5.733361e-16
5538.0	5.742633e-16
5540.0	5.702125e-16
5542.0	5.718451e-16
5544.0	5.630446e-16
5546.0	5.586896e-16
5548.0	5.66813e-16
5550.0	5.654079e-16
5552.0	5.66737e-16
5554.0	5.642493e-16
5556.0	5.634476e-16
5558.0	5.664225e-16
5560.0	5.603741e-16
5562.0	5.551589e-16
5564.0	5.519145e-16
5566.0	5.451447e-16
5568.0	5.440766e-16
5570.0	5.323667e-16
5572.0	5.286574e-16
5574.0	5.375431e-16
5576.0	5.452338e-16
5578.0	5.349629e-16
5580.0	5.199844e-16
5582.0	5.089525e-16
5584.0	5.022212e-16
5586.0	5.054967e-16
5588.0	5.086803e-16
5590.0	5.040852e-16
5592.0	4.912944e-16
5594.0	4.831585e-16
5596.0	4.810604e-16
5598.0	4.812761e-16
5600.0	4.778964e-16
5602.0	4.670313e-16
5604.0	4.637044e-16
5606.0	4.630863e-16
5608.0	4.561403e-16
5610.0	4.589383e-16
5612.0	4.628157e-16
5614.0	4.647005e-16
5616.0	4.618121e-16
5618.0	4.600126e-16
5620.0	4.632385e-16
5622.0	4.751336e-16
5624.0	4.700599e-16
5626.0	4.66756e-16
5628.0	4.611256e-16
5630.0	4.686936e-16
5632.0	4.716419e-16
5634.0	4.739772e-16
5636.0	4.738053e-16
5638.0	4.800395e-16
5640.0	4.856691e-16
5642.0	4.948333e-16
5644.0	5.032569e-16
5646.0	5.119533e-16
5648.0	5.152737e-16
5650.0	5.148761e-16
5652.0	5.170457e-16
5654.0	5.198565e-16
5656.0	5.221088e-16
5658.0	5.253452e-16
5660.0	5.381484e-16
5662.0	5.480117e-16
5664.0	5.463816e-16
5666.0	5.507141e-16
5668.0	5.534609e-16
5670.0	5.553599e-16
5672.0	5.592582e-16
5674.0	5.663121e-16
5676.0	5.704156e-16
5678.0	5.793731e-16
5680.0	5.874965e-16
5682.0	5.853329e-16
5684.0	5.88487e-16
5686.0	5.969684e-16
5688.0	5.946117e-16
5690.0	5.991516e-16
5692.0	6.110226e-16
5694.0	6.171938e-16
5696.0	6.220639e-16
5698.0	6.167808e-16
5700.0	6.087621e-16
5702.0	6.075106e-16
5704.0	6.082586e-16
5706.0	6.056117e-16
5708.0	6.050336e-16
5710.0	6.066115e-16
5712.0	6.027985e-16
5714.0	6.003887e-16
5716.0	6.016789e-16
5718.0	5.911202e-16
5720.0	5.867074e-16
5722.0	5.851643e-16
5724.0	5.85066e-16
5726.0	5.852568e-16
5728.0	5.855643e-16
5730.0	5.857991e-16
5732.0	5.86529e-16
5734.0	5.840953e-16
5736.0	5.843009e-16
5738.0	5.836421e-16
5740.0	5.835138e-16
5742.0	5.879701e-16
5744.0	5.843127e-16
5746.0	5.827301e-16
5748.0	5.846884e-16
5750.0	5.844103e-16
5752.0	5.892164e-16
5754.0	5.951681e-16
5756.0	5.958042e-16
5758.0	5.899921e-16
5760.0	5.898847e-16
5762.0	5.958426e-16
5764.0	6.03251e-16
5766.0	6.051519e-16
5768.0	5.989864e-16
5770.0	6.004752e-16
5772.0	6.023772e-16
5774.0	5.957136e-16
5776.0	5.949006e-16
5778.0	6.002166e-16
5780.0	6.087984e-16
5782.0	6.114286e-16
5784.0	6.073516e-16
5786.0	6.114069e-16
5788.0	6.125995e-16
5790.0	6.190527e-16
5792.0	6.286663e-16
5794.0	6.180787e-16
5796.0	6.12555e-16
5798.0	6.237419e-16
5800.0	6.259179e-16
5802.0	6.158973e-16
5804.0	6.12318e-16
5806.0	6.179513e-16
5808.0	6.233433e-16
5810.0	6.286672e-16
5812.0	6.320846e-16
5814.0	6.31003e-16
5816.0	6.282145e-16
5818.0	6.300336e-16
5820.0	6.314642e-16
5822.0	6.295682e-16
5824.0	6.281402e-16
5826.0	6.270644e-16
5828.0	6.215327e-16
5830.0	6.183761e-16
5832.0	6.249521e-16
5834.0	6.268757e-16
5836.0	6.222335e-16
5838.0	6.23705e-16
5840.0	6.248703e-16
5842.0	6.219361e-16
5844.0	6.230919e-16
5846.0	6.232085e-16
5848.0	6.206671e-16
5850.0	6.306806e-16
5852.0	6.381407e-16
5854.0	6.308977e-16
5856.0	6.268943e-16
5858.0	6.283057e-16
5860.0	6.261169e-16
5862.0	6.182684e-16
5864.0	6.16737e-16
5866.0	6.131386e-16
5868.0	6.040759e-16
5870.0	6.025144e-16
5872.0	6.0235e-16
5874.0	5.998781e-16
5876.0	5.991886e-16
5878.0	5.996885e-16
5880.0	5.931589e-16
5882.0	5.836701e-16
5884.0	5.831414e-16
5886.0	5.828919e-16
5888.0	5.737413e-16
5890.0	5.631613e-16
5892.0	5.585878e-16
5894.0	5.614604e-16
5896.0	5.68246e-16
5898.0	5.660411e-16
5900.0	5.559141e-16
5902.0	5.54316e-16
5904.0	5.563952e-16
5906.0	5.544244e-16
5908.0	5.496238e-16
5910.0	5.45961e-16
5912.0	5.446928e-16
5914.0	5.397028e-16
5916.0	5.33135e-16
5918.0	5.325967e-16
5920.0	5.324062e-16
5922.0	5.228382e-16
5924.0	5.171091e-16
5926.0	5.199697e-16
5928.0	5.227437e-16
5930.0	5.262721e-16
5932.0	5.280143e-16
5934.0	5.24082e-16
5936.0	5.226018e-16
5938.0	5.20561e-16
5940.0	5.162728e-16
5942.0	5.162865e-16
5944.0	5.178341e-16
5946.0	5.187437e-16
5948.0	5.176656e-16
5950.0	5.137282e-16
5952.0	5.114411e-16
5954.0	5.09283e-16
5956.0	5.055231e-16
5958.0	5.101621e-16
5960.0	5.199309e-16
5962.0	5.229341e-16
5964.0	5.208031e-16
5966.0	5.209729e-16
5968.0	5.156375e-16
5970.0	5.117405e-16
5972.0	5.196967e-16
5974.0	5.230403e-16
5976.0	5.207449e-16
5978.0	5.213429e-16
5980.0	5.228424e-16
5982.0	5.24892e-16
5984.0	5.286089e-16
5986.0	5.354456e-16
5988.0	5.343067e-16
5990.0	5.315199e-16
5992.0	5.315639e-16
5994.0	5.27981e-16
5996.0	5.262125e-16
5998.0	5.332994e-16
6000.0	5.336848e-16
6002.0	5.326425e-16
6004.0	5.35833e-16
6006.0	5.434942e-16
6008.0	5.407053e-16
6010.0	5.371523e-16
6012.0	5.353146e-16
6014.0	5.324864e-16
6016.0	5.390248e-16
6018.0	5.409161e-16
6020.0	5.389903e-16
6022.0	5.389032e-16
6024.0	5.420484e-16
6026.0	5.459429e-16
6028.0	5.372987e-16
6030.0	5.401155e-16
6032.0	5.511273e-16
6034.0	5.493497e-16
6036.0	5.438358e-16
6038.0	5.429844e-16
6040.0	5.500756e-16
6042.0	5.492488e-16
6044.0	5.467004e-16
6046.0	5.505282e-16
6048.0	5.498473e-16
6050.0	5.52511e-16
6052.0	5.563955e-16
6054.0	5.516376e-16
6056.0	5.519484e-16
6058.0	5.579374e-16
6060.0	5.674552e-16
6062.0	5.60943e-16
6064.0	5.611998e-16
6066.0	5.731696e-16
6068.0	5.646919e-16
6070.0	5.559078e-16
6072.0	5.614243e-16
6074.0	5.647739e-16
6076.0	5.636267e-16
6078.0	5.631006e-16
6080.0	5.658434e-16
6082.0	5.624907e-16
6084.0	5.585715e-16
6086.0	5.596719e-16
6088.0	5.591566e-16
6090.0	5.597481e-16
6092.0	5.621784e-16
6094.0	5.564849e-16
6096.0	5.555856e-16
6098.0	5.588359e-16
6100.0	5.573312e-16
6102.0	5.537063e-16
6104.0	5.580377e-16
6106.0	5.554471e-16
6108.0	5.509031e-16
6110.0	5.497478e-16
6112.0	5.439856e-16
6114.0	5.453676e-16
6116.0	5.484968e-16
6118.0	5.492009e-16
6120.0	5.505968e-16
6122.0	5.49159e-16
6124.0	5.429877e-16
6126.0	5.385678e-16
6128.0	5.34235e-16
6130.0	5.378299e-16
6132.0	5.375197e-16
6134.0	5.342449e-16
6136.0	5.27993e-16
6138.0	5.204777e-16
6140.0	5.195904e-16
6142.0	5.272952e-16
6144.0	5.298092e-16
6146.0	5.225206e-16
6148.0	5.153931e-16
6150.0	5.188659e-16
6152.0	5.180736e-16
6154.0	5.180406e-16
6156.0	5.123794e-16
6158.0	5.100925e-16
6160.0	5.061677e-16
6162.0	5.023039e-16
6164.0	5.021307e-16
6166.0	5.031158e-16
6168.0	4.978028e-16
6170.0	4.900625e-16
6172.0	4.876397e-16
6174.0	4.82868e-16
6176.0	4.848642e-16
6178.0	4.806067e-16
6180.0	4.746869e-16
6182.0	4.720423e-16
6184.0	4.7628e-16
6186.0	4.727433e-16
6188.0	4.687579e-16
6190.0	4.639577e-16
6192.0	4.564705e-16
6194.0	4.550468e-16
6196.0	4.556787e-16
6198.0	4.43211e-16
6200.0	4.424377e-16
6202.0	4.431668e-16
6204.0	4.308479e-16
6206.0	4.230486e-16
6208.0	4.213291e-16
6210.0	4.221186e-16
6212.0	4.20883e-16
6214.0	4.119287e-16
6216.0	4.01973e-16
6218.0	3.977656e-16
6220.0	3.950753e-16
6222.0	3.86172e-16
6224.0	3.778091e-16
6226.0	3.718201e-16
6228.0	3.658002e-16
6230.0	3.650631e-16
6232.0	3.661435e-16
6234.0	3.578328e-16
6236.0	3.465386e-16
6238.0	3.41251e-16
6240.0	3.347661e-16
6242.0	3.326145e-16
6244.0	3.303401e-16
6246.0	3.250285e-16
6248.0	3.198507e-16
6250.0	3.16219e-16
6252.0	3.069496e-16
6254.0	3.017229e-16
6256.0	2.998223e-16
6258.0	2.956253e-16
6260.0	2.913704e-16
6262.0	2.823459e-16
6264.0	2.746029e-16
6266.0	2.741997e-16
6268.0	2.745548e-16
6270.0	2.694032e-16
6272.0	2.656786e-16
6274.0	2.675937e-16
6276.0	2.598329e-16
6278.0	2.465759e-16
6280.0	2.435335e-16
6282.0	2.438024e-16
6284.0	2.444648e-16
6286.0	2.441493e-16
6288.0	2.358866e-16
6290.0	2.315168e-16
6292.0	2.363935e-16
6294.0	2.366724e-16
6296.0	2.31959e-16
6298.0	2.236318e-16
6300.0	2.221935e-16
6302.0	2.274409e-16
6304.0	2.231573e-16
6306.0	2.163429e-16
6308.0	2.189212e-16
6310.0	2.203237e-16
6312.0	2.222589e-16
6314.0	2.247923e-16
6316.0	2.259142e-16
6318.0	2.228836e-16
6320.0	2.194152e-16
6322.0	2.301319e-16
6324.0	2.293099e-16
6326.0	2.328235e-16
6328.0	2.231268e-16
6330.0	2.259526e-16
6332.0	2.303806e-16
6334.0	2.364785e-16
6336.0	2.320815e-16
6338.0	2.321977e-16
6340.0	2.330522e-16
6342.0	2.416036e-16
6344.0	2.460221e-16
6346.0	2.493115e-16
6348.0	2.520083e-16
6350.0	2.514374e-16
6352.0	2.608426e-16
6354.0	2.659284e-16
6356.0	2.757613e-16
6358.0	2.860203e-16
6360.0	2.803751e-16
6362.0	2.794569e-16
6364.0	2.846524e-16
6366.0	2.921791e-16
6368.0	2.944279e-16
6370.0	3.086851e-16
6372.0	3.094102e-16
6374.0	3.121343e-16
6376.0	3.147883e-16
6378.0	3.244162e-16
6380.0	3.358804e-16
6382.0	3.370841e-16
6384.0	3.416222e-16
6386.0	3.493376e-16
6388.0	3.534975e-16
6390.0	3.614239e-16
6392.0	3.60032e-16
6394.0	3.682671e-16
6396.0	3.826681e-16
6398.0	3.986539e-16
6400.0	3.912017e-16
6402.0	3.847815e-16
6404.0	3.905305e-16
6406.0	3.966234e-16
6408.0	4.001805e-16
6410.0	4.018557e-16
6412.0	3.959692e-16
6414.0	4.00023e-16
6416.0	4.034031e-16
6418.0	4.105204e-16
6420.0	4.102339e-16
6422.0	4.145948e-16
6424.0	4.19216e-16
6426.0	4.278699e-16
6428.0	4.284653e-16
6430.0	4.314154e-16
6432.0	4.419239e-16
6434.0	4.423927e-16
6436.0	4.436967e-16
6438.0	4.467676e-16
6440.0	4.566511e-16
6442.0	4.623358e-16
6444.0	4.683468e-16
6446.0	4.729102e-16
6448.0	4.680679e-16
6450.0	4.720815e-16
6452.0	4.811986e-16
6454.0	4.860354e-16
6456.0	4.81392e-16
6458.0	4.831789e-16
6460.0	4.787881e-16
6462.0	4.770307e-16
6464.0	4.900015e-16
6466.0	4.897626e-16
6468.0	4.912428e-16
6470.0	4.948408e-16
6472.0	4.91456e-16
6474.0	4.949263e-16
6476.0	5.069281e-16
6478.0	5.072196e-16
6480.0	4.994048e-16
6482.0	5.017376e-16
6484.0	4.978808e-16
6486.0	5.01169e-16
6488.0	5.095822e-16
6490.0	5.077036e-16
6492.0	5.148806e-16
6494.0	5.229561e-16
6496.0	5.223097e-16
6498.0	5.244988e-16
6500.0	5.234813e-16
6502.0	5.212457e-16
6504.0	5.211088e-16
6506.0	5.144448e-16
6508.0	5.179406e-16
6510.0	5.211298e-16
6512.0	5.200899e-16
6514.0	5.192262e-16
6516.0	5.190892e-16
6518.0	5.24037e-16
6520.0	5.354706e-16
6522.0	5.296795e-16
6524.0	5.251913e-16
6526.0	5.290219e-16
6528.0	5.192635e-16
6530.0	5.218759e-16
6532.0	5.275923e-16
6534.0	5.296365e-16
6536.0	5.287291e-16
6538.0	5.292951e-16
6540.0	5.155968e-16
6542.0	5.192512e-16
6544.0	5.249944e-16
6546.0	5.282424e-16
6548.0	5.229314e-16
6550.0	5.25626e-16
6552.0	5.181331e-16
6554.0	5.166472e-16
6556.0	5.256093e-16
6558.0	5.182428e-16
6560.0	5.237946e-16
6562.0	5.326361e-16
6564.0	5.226721e-16
6566.0	5.168558e-16
6568.0	5.126929e-16
6570.0	5.080477e-16
6572.0	5.128822e-16
6574.0	5.079116e-16
6576.0	5.072337e-16
6578.0	5.156676e-16
6580.0	5.1535e-16
6582.0	5.20312e-16
6584.0	5.15545e-16
6586.0	5.17313e-16
6588.0	5.155658e-16
6590.0	5.111729e-16
6592.0	5.058034e-16
6594.0	4.969197e-16
6596.0	5.004784e-16
6598.0	4.981857e-16
6600.0	5.047912e-16
6602.0	5.061392e-16
6604.0	5.033444e-16
6606.0	4.984111e-16
6608.0	4.938991e-16
6610.0	4.875804e-16
6612.0	4.834335e-16
6614.0	4.846035e-16
6616.0	4.805203e-16
6618.0	4.831092e-16
6620.0	4.816723e-16
6622.0	4.819444e-16
6624.0	4.842098e-16
6626.0	4.84773e-16
6628.0	4.879529e-16
6630.0	4.799978e-16
6632.0	4.738822e-16
6634.0	4.68744e-16
6636.0	4.593268e-16
6638.0	4.586815e-16
6640.0	4.657352e-16
6642.0	4.64661e-16
6644.0	4.623079e-16
6646.0	4.619563e-16
6648.0	4.650207e-16
6650.0	4.639474e-16
6652.0	4.586938e-16
6654.0	4.517743e-16
6656.0	4.474614e-16
6658.0	4.453412e-16
6660.0	4.531652e-16
6662.0	4.527563e-16
6664.0	4.55975e-16
6666.0	4.569822e-16
6668.0	4.53173e-16
6670.0	4.568012e-16
6672.0	4.518499e-16
6674.0	4.426196e-16
6676.0	4.46353e-16
6678.0	4.388212e-16
6680.0	4.36964e-16
6682.0	4.405056e-16
6684.0	4.446946e-16
6686.0	4.481296e-16
6688.0	4.442078e-16
6690.0	4.421222e-16
6692.0	4.460932e-16
6694.0	4.461008e-16
6696.0	4.323534e-16
6698.0	4.355277e-16
6700.0	4.429244e-16
6702.0	4.344721e-16
6704.0	4.296084e-16
6706.0	4.358435e-16
6708.0	4.395722e-16
6710.0	4.415473e-16
6712.0	4.385607e-16
6714.0	4.412028e-16
6716.0	4.296697e-16
6718.0	4.242772e-16
6720.0	4.276911e-16
6722.0	4.256523e-16
6724.0	4.225835e-16
6726.0	4.26311e-16
6728.0	4.259142e-16
6730.0	4.28335e-16
6732.0	4.284289e-16
6734.0	4.322179e-16
6736.0	4.29179e-16
6738.0	4.207063e-16
6740.0	4.145288e-16
6742.0	4.17338e-16
6744.0	4.176692e-16
6746.0	4.204588e-16
6748.0	4.234779e-16
6750.0	4.209644e-16
6752.0	4.22839e-16
6754.0	4.202263e-16
6756.0	4.109057e-16
6758.0	4.13182e-16
6760.0	4.102645e-16
6762.0	4.131835e-16
6764.0	4.130785e-16
6766.0	4.095411e-16
6768.0	4.172433e-16
6770.0	4.259407e-16
6772.0	4.237048e-16
6774.0	4.249784e-16
6776.0	4.235255e-16
6778.0	4.156916e-16
6780.0	4.056982e-16
6782.0	4.015323e-16
6784.0	4.032952e-16
6786.0	4.005573e-16
6788.0	4.050223e-16
6790.0	4.113946e-16
6792.0	4.095529e-16
6794.0	4.01393e-16
6796.0	3.948322e-16
6798.0	3.953456e-16
6800.0	3.966815e-16
6802.0	3.965624e-16
6804.0	4.007865e-16
6806.0	4.022999e-16
6808.0	4.017931e-16
6810.0	4.008034e-16
6812.0	3.993341e-16
6814.0	4.008772e-16
6816.0	3.974806e-16
6818.0	3.894971e-16
6820.0	3.846575e-16
6822.0	3.839433e-16
6824.0	3.869366e-16
6826.0	3.880193e-16
6828.0	3.869253e-16
6830.0	3.915664e-16
6832.0	3.954414e-16
6834.0	3.901436e-16
6836.0	3.818132e-16
6838.0	3.830734e-16
6840.0	3.930395e-16
6842.0	3.896246e-16
6844.0	3.823364e-16
6846.0	3.861968e-16
6848.0	3.880727e-16
6850.0	3.81716e-16
6852.0	3.807754e-16
6854.0	3.8694e-16
6856.0	3.836013e-16
6858.0	3.815803e-16
6860.0	3.881675e-16
6862.0	3.833022e-16
6864.0	3.685775e-16
6866.0	3.670634e-16
6868.0	3.706652e-16
6870.0	3.827736e-16
6872.0	3.84095e-16
6874.0	3.732585e-16
6876.0	3.737982e-16
6878.0	3.801824e-16
6880.0	3.802577e-16
6882.0	3.742944e-16
6884.0	3.701396e-16
6886.0	3.685099e-16
6888.0	3.683948e-16
6890.0	3.713038e-16
6892.0	3.737004e-16
6894.0	3.79181e-16
6896.0	3.79894e-16
6898.0	3.717373e-16
6900.0	3.66614e-16
6902.0	3.628487e-16
6904.0	3.55824e-16
6906.0	3.6335e-16
6908.0	3.699164e-16
6910.0	3.640303e-16
6912.0	3.631078e-16
6914.0	3.663032e-16
6916.0	3.65873e-16
6918.0	3.646616e-16
6920.0	3.623402e-16
6922.0	3.607336e-16
6924.0	3.598551e-16
6926.0	3.569038e-16
6928.0	3.485717e-16
6930.0	3.454359e-16
6932.0	3.557417e-16
6934.0	3.559444e-16
6936.0	3.495117e-16
6938.0	3.478012e-16
6940.0	3.461891e-16
6942.0	3.450592e-16
6944.0	3.454878e-16
6946.0	3.433896e-16
6948.0	3.444653e-16
6950.0	3.461499e-16
6952.0	3.417049e-16
6954.0	3.396097e-16
6956.0	3.39054e-16
6958.0	3.403282e-16
6960.0	3.43459e-16
6962.0	3.455065e-16
6964.0	3.430919e-16
6966.0	3.399009e-16
6968.0	3.414462e-16
6970.0	3.425705e-16
6972.0	3.367695e-16
6974.0	3.34288e-16
6976.0	3.412263e-16
6978.0	3.4875e-16
6980.0	3.447988e-16
6982.0	3.446647e-16
6984.0	3.414676e-16
6986.0	3.375198e-16
6988.0	3.405179e-16
6990.0	3.412947e-16
6992.0	3.394272e-16
6994.0	3.352476e-16
6996.0	3.371315e-16
6998.0	3.336815e-16
7000.0	3.320764e-16
7002.0	3.363965e-16
7004.0	3.284209e-16
7006.0	3.23144e-16
7008.0	3.303887e-16
7010.0	3.383737e-16
7012.0	3.383358e-16
7014.0	3.361469e-16
7016.0	3.362308e-16
7018.0	3.311407e-16
7020.0	3.277795e-16
7022.0	3.289019e-16
7024.0	3.32104e-16
7026.0	3.365737e-16
7028.0	3.322925e-16
7030.0	3.267729e-16
7032.0	3.255129e-16
7034.0	3.284792e-16
7036.0	3.318802e-16
7038.0	3.352667e-16
7040.0	3.358194e-16
7042.0	3.31769e-16
7044.0	3.282517e-16
7046.0	3.214996e-16
7048.0	3.186918e-16
7050.0	3.211181e-16
