#	 ps15bst 
#	 UT date of observation: 20150821 
#	 Telescope/Instrument: SOAR/Goodman 
#	 Estimated Peak MJD: 57258.816 
#	 Estimated redshift: 0.088 
#	 Estimated Phase: -3.5 
#	 Published in Dettman et al. 2020 
#	 Observed barycentric wavelength (Angstroms)    F_lambda
3670.0	1.664244e-16
3672.0	1.635413e-16
3674.0	1.671943e-16
3676.0	1.684926e-16
3678.0	1.586752e-16
3680.0	1.673576e-16
3682.0	1.74488e-16
3684.0	1.647595e-16
3686.0	1.682805e-16
3688.0	1.777098e-16
3690.0	1.796332e-16
3692.0	1.749586e-16
3694.0	1.773825e-16
3696.0	1.866388e-16
3698.0	1.83921e-16
3700.0	1.815711e-16
3702.0	1.873685e-16
3704.0	1.831235e-16
3706.0	1.877679e-16
3708.0	2.084454e-16
3710.0	2.19085e-16
3712.0	2.236659e-16
3714.0	2.182257e-16
3716.0	2.007632e-16
3718.0	1.879314e-16
3720.0	1.92562e-16
3722.0	2.120173e-16
3724.0	2.206805e-16
3726.0	2.120871e-16
3728.0	2.031234e-16
3730.0	1.908053e-16
3732.0	1.815225e-16
3734.0	1.897418e-16
3736.0	2.031943e-16
3738.0	2.028948e-16
3740.0	2.011657e-16
3742.0	2.056903e-16
3744.0	2.134658e-16
3746.0	2.267658e-16
3748.0	2.209769e-16
3750.0	2.170175e-16
3752.0	2.244896e-16
3754.0	2.168385e-16
3756.0	2.162625e-16
3758.0	2.196632e-16
3760.0	2.105716e-16
3762.0	2.120891e-16
3764.0	2.170475e-16
3766.0	2.108846e-16
3768.0	2.119741e-16
3770.0	2.064461e-16
3772.0	2.015178e-16
3774.0	2.09871e-16
3776.0	2.068643e-16
3778.0	2.006987e-16
3780.0	2.018306e-16
3782.0	2.09855e-16
3784.0	2.084098e-16
3786.0	2.14664e-16
3788.0	2.198212e-16
3790.0	2.133893e-16
3792.0	2.089784e-16
3794.0	2.039983e-16
3796.0	2.040473e-16
3798.0	2.069647e-16
3800.0	2.071902e-16
3802.0	2.058641e-16
3804.0	2.050837e-16
3806.0	2.000263e-16
3808.0	2.046268e-16
3810.0	2.121353e-16
3812.0	2.117151e-16
3814.0	2.115837e-16
3816.0	2.087018e-16
3818.0	2.060242e-16
3820.0	1.990829e-16
3822.0	1.988224e-16
3824.0	2.049381e-16
3826.0	2.038573e-16
3828.0	2.104577e-16
3830.0	2.086681e-16
3832.0	1.984123e-16
3834.0	1.97634e-16
3836.0	2.003906e-16
3838.0	1.996271e-16
3840.0	1.954759e-16
3842.0	1.933904e-16
3844.0	1.996472e-16
3846.0	2.073576e-16
3848.0	2.104178e-16
3850.0	2.08524e-16
3852.0	2.03483e-16
3854.0	2.022311e-16
3856.0	2.038097e-16
3858.0	2.068871e-16
3860.0	2.049423e-16
3862.0	2.035616e-16
3864.0	2.081734e-16
3866.0	2.103644e-16
3868.0	2.096668e-16
3870.0	2.071277e-16
3872.0	2.065144e-16
3874.0	2.089956e-16
3876.0	2.103538e-16
3878.0	2.124168e-16
3880.0	2.118489e-16
3882.0	1.999577e-16
3884.0	1.932674e-16
3886.0	2.019077e-16
3888.0	2.079829e-16
3890.0	2.099999e-16
3892.0	2.137014e-16
3894.0	2.096032e-16
3896.0	2.032162e-16
3898.0	2.01231e-16
3900.0	1.991662e-16
3902.0	1.990885e-16
3904.0	2.01892e-16
3906.0	2.044831e-16
3908.0	1.985095e-16
3910.0	1.957357e-16
3912.0	2.027517e-16
3914.0	2.054139e-16
3916.0	2.024511e-16
3918.0	2.021646e-16
3920.0	2.056988e-16
3922.0	2.010099e-16
3924.0	1.901161e-16
3926.0	1.828908e-16
3928.0	1.86087e-16
3930.0	1.907286e-16
3932.0	1.816288e-16
3934.0	1.755205e-16
3936.0	1.78242e-16
3938.0	1.787839e-16
3940.0	1.777641e-16
3942.0	1.74624e-16
3944.0	1.673007e-16
3946.0	1.617506e-16
3948.0	1.561845e-16
3950.0	1.496676e-16
3952.0	1.4524e-16
3954.0	1.425806e-16
3956.0	1.414424e-16
3958.0	1.439374e-16
3960.0	1.430939e-16
3962.0	1.350903e-16
3964.0	1.309874e-16
3966.0	1.265271e-16
3968.0	1.265107e-16
3970.0	1.296049e-16
3972.0	1.31954e-16
3974.0	1.204946e-16
3976.0	1.114009e-16
3978.0	1.146214e-16
3980.0	1.147069e-16
3982.0	1.116742e-16
3984.0	1.17847e-16
3986.0	1.152834e-16
3988.0	1.128712e-16
3990.0	1.199155e-16
3992.0	1.12099e-16
3994.0	1.054537e-16
3996.0	1.021639e-16
3998.0	1.013342e-16
4000.0	1.07106e-16
4002.0	1.045101e-16
4004.0	9.650463e-17
4006.0	9.717563e-17
4008.0	9.844814e-17
4010.0	1.005383e-16
4012.0	1.040428e-16
4014.0	1.044397e-16
4016.0	1.065118e-16
4018.0	1.023494e-16
4020.0	9.981805e-17
4022.0	9.875965e-17
4024.0	9.801392e-17
4026.0	9.902596e-17
4028.0	1.000692e-16
4030.0	9.977605e-17
4032.0	1.006468e-16
4034.0	1.027291e-16
4036.0	1.027548e-16
4038.0	1.069105e-16
4040.0	1.124832e-16
4042.0	1.145167e-16
4044.0	1.113845e-16
4046.0	1.108929e-16
4048.0	1.146689e-16
4050.0	1.242237e-16
4052.0	1.345068e-16
4054.0	1.505097e-16
4056.0	1.633812e-16
4058.0	1.607869e-16
4060.0	1.521339e-16
4062.0	1.390887e-16
4064.0	1.343329e-16
4066.0	1.374045e-16
4068.0	1.437662e-16
4070.0	1.461611e-16
4072.0	1.440241e-16
4074.0	1.413407e-16
4076.0	1.352404e-16
4078.0	1.354339e-16
4080.0	1.392298e-16
4082.0	1.409265e-16
4084.0	1.460863e-16
4086.0	1.50421e-16
4088.0	1.514134e-16
4090.0	1.492026e-16
4092.0	1.473628e-16
4094.0	1.485404e-16
4096.0	1.481534e-16
4098.0	1.510253e-16
4100.0	1.510874e-16
4102.0	1.506666e-16
4104.0	1.592264e-16
4106.0	1.56186e-16
4108.0	1.459455e-16
4110.0	1.473258e-16
4112.0	1.571209e-16
4114.0	1.651843e-16
4116.0	1.674588e-16
4118.0	1.623977e-16
4120.0	1.60193e-16
4122.0	1.588554e-16
4124.0	1.541564e-16
4126.0	1.470404e-16
4128.0	1.403736e-16
4130.0	1.422968e-16
4132.0	1.401388e-16
4134.0	1.457116e-16
4136.0	1.477401e-16
4138.0	1.483991e-16
4140.0	1.533683e-16
4142.0	1.547746e-16
4144.0	1.549449e-16
4146.0	1.596338e-16
4148.0	1.612142e-16
4150.0	1.578221e-16
4152.0	1.674799e-16
4154.0	1.684049e-16
4156.0	1.658542e-16
4158.0	1.633107e-16
4160.0	1.606337e-16
4162.0	1.597811e-16
4164.0	1.588973e-16
4166.0	1.62942e-16
4168.0	1.673555e-16
4170.0	1.671015e-16
4172.0	1.635331e-16
4174.0	1.643915e-16
4176.0	1.64891e-16
4178.0	1.665405e-16
4180.0	1.698088e-16
4182.0	1.738929e-16
4184.0	1.810338e-16
4186.0	1.856071e-16
4188.0	1.836667e-16
4190.0	1.86587e-16
4192.0	1.967519e-16
4194.0	2.05433e-16
4196.0	2.036323e-16
4198.0	2.047381e-16
4200.0	2.0017e-16
4202.0	1.929173e-16
4204.0	1.92239e-16
4206.0	2.048229e-16
4208.0	2.047828e-16
4210.0	2.133423e-16
4212.0	2.228582e-16
4214.0	2.120263e-16
4216.0	2.13453e-16
4218.0	2.07663e-16
4220.0	2.086458e-16
4222.0	2.064421e-16
4224.0	2.034475e-16
4226.0	1.982449e-16
4228.0	2.006471e-16
4230.0	1.994336e-16
4232.0	2.028772e-16
4234.0	2.012358e-16
4236.0	1.984879e-16
4238.0	2.037712e-16
4240.0	2.126514e-16
4242.0	2.169833e-16
4244.0	2.160728e-16
4246.0	2.191151e-16
4248.0	2.221481e-16
4250.0	2.223978e-16
4252.0	2.305053e-16
4254.0	2.33663e-16
4256.0	2.362123e-16
4258.0	2.357705e-16
4260.0	2.415568e-16
4262.0	2.429815e-16
4264.0	2.403084e-16
4266.0	2.412844e-16
4268.0	2.416254e-16
4270.0	2.471749e-16
4272.0	2.378313e-16
4274.0	2.256564e-16
4276.0	2.183789e-16
4278.0	2.162359e-16
4280.0	2.091914e-16
4282.0	2.086053e-16
4284.0	2.11975e-16
4286.0	2.176664e-16
4288.0	2.282198e-16
4290.0	2.277057e-16
4292.0	2.299154e-16
4294.0	2.32386e-16
4296.0	2.351086e-16
4298.0	2.352211e-16
4300.0	2.283397e-16
4302.0	2.301477e-16
4304.0	2.279342e-16
4306.0	2.212209e-16
4308.0	2.200028e-16
4310.0	2.182572e-16
4312.0	2.112822e-16
4314.0	2.0364e-16
4316.0	1.982653e-16
4318.0	1.880535e-16
4320.0	1.779032e-16
4322.0	1.842034e-16
4324.0	1.954011e-16
4326.0	2.001884e-16
4328.0	2.054014e-16
4330.0	2.094362e-16
4332.0	2.081988e-16
4334.0	2.051067e-16
4336.0	2.072112e-16
4338.0	2.133586e-16
4340.0	2.180865e-16
4342.0	2.177543e-16
4344.0	2.150827e-16
4346.0	2.120522e-16
4348.0	2.142792e-16
4350.0	2.188257e-16
4352.0	2.233988e-16
4354.0	2.21038e-16
4356.0	2.163447e-16
4358.0	2.24512e-16
4360.0	2.250198e-16
4362.0	2.203859e-16
4364.0	2.256448e-16
4366.0	2.331618e-16
4368.0	2.355051e-16
4370.0	2.339645e-16
4372.0	2.306632e-16
4374.0	2.343456e-16
4376.0	2.360394e-16
4378.0	2.336279e-16
4380.0	2.304973e-16
4382.0	2.333749e-16
4384.0	2.370275e-16
4386.0	2.354162e-16
4388.0	2.307799e-16
4390.0	2.349969e-16
4392.0	2.376683e-16
4394.0	2.334985e-16
4396.0	2.33905e-16
4398.0	2.413909e-16
4400.0	2.397253e-16
4402.0	2.384584e-16
4404.0	2.327881e-16
4406.0	2.300961e-16
4408.0	2.35034e-16
4410.0	2.400765e-16
4412.0	2.392883e-16
4414.0	2.347871e-16
4416.0	2.346459e-16
4418.0	2.399308e-16
4420.0	2.386208e-16
4422.0	2.357546e-16
4424.0	2.314094e-16
4426.0	2.303147e-16
4428.0	2.308578e-16
4430.0	2.344659e-16
4432.0	2.329046e-16
4434.0	2.3005e-16
4436.0	2.325645e-16
4438.0	2.273564e-16
4440.0	2.270289e-16
4442.0	2.334132e-16
4444.0	2.366232e-16
4446.0	2.36119e-16
4448.0	2.328435e-16
4450.0	2.238059e-16
4452.0	2.241201e-16
4454.0	2.167765e-16
4456.0	2.046859e-16
4458.0	2.10388e-16
4460.0	2.07543e-16
4462.0	2.084294e-16
4464.0	2.08593e-16
4466.0	2.034697e-16
4468.0	2.013715e-16
4470.0	2.049543e-16
4472.0	2.03998e-16
4474.0	2.076974e-16
4476.0	2.078319e-16
4478.0	2.037514e-16
4480.0	2.067808e-16
4482.0	2.081121e-16
4484.0	2.064547e-16
4486.0	2.049844e-16
4488.0	2.002024e-16
4490.0	2.012402e-16
4492.0	2.016448e-16
4494.0	1.995196e-16
4496.0	1.918234e-16
4498.0	1.986839e-16
4500.0	2.0029e-16
4502.0	2.009457e-16
4504.0	2.014062e-16
4506.0	2.008538e-16
4508.0	2.030523e-16
4510.0	1.976078e-16
4512.0	2.01264e-16
4514.0	1.951888e-16
4516.0	1.940497e-16
4518.0	1.931738e-16
4520.0	1.994607e-16
4522.0	1.963634e-16
4524.0	1.961024e-16
4526.0	1.93094e-16
4528.0	1.924983e-16
4530.0	1.871698e-16
4532.0	1.84838e-16
4534.0	1.926364e-16
4536.0	1.878523e-16
4538.0	1.907371e-16
4540.0	1.854634e-16
4542.0	1.783116e-16
4544.0	1.747588e-16
4546.0	1.81047e-16
4548.0	1.756339e-16
4550.0	1.785332e-16
4552.0	1.736669e-16
4554.0	1.746388e-16
4556.0	1.781896e-16
4558.0	1.793732e-16
4560.0	1.74564e-16
4562.0	1.707177e-16
4564.0	1.756216e-16
4566.0	1.716302e-16
4568.0	1.670543e-16
4570.0	1.685396e-16
4572.0	1.672895e-16
4574.0	1.701241e-16
4576.0	1.674494e-16
4578.0	1.653034e-16
4580.0	1.673348e-16
4582.0	1.708783e-16
4584.0	1.763387e-16
4586.0	1.681297e-16
4588.0	1.571609e-16
4590.0	1.569471e-16
4592.0	1.545193e-16
4594.0	1.607443e-16
4596.0	1.549816e-16
4598.0	1.514128e-16
4600.0	1.560937e-16
4602.0	1.55136e-16
4604.0	1.500934e-16
4606.0	1.484531e-16
4608.0	1.611886e-16
4610.0	1.551456e-16
4612.0	1.510829e-16
4614.0	1.518961e-16
4616.0	1.526937e-16
4618.0	1.538408e-16
4620.0	1.520493e-16
4622.0	1.518573e-16
4624.0	1.479072e-16
4626.0	1.480693e-16
4628.0	1.48593e-16
4630.0	1.469357e-16
4632.0	1.429088e-16
4634.0	1.483202e-16
4636.0	1.491261e-16
4638.0	1.44244e-16
4640.0	1.522449e-16
4642.0	1.527522e-16
4644.0	1.486759e-16
4646.0	1.490676e-16
4648.0	1.543377e-16
4650.0	1.501584e-16
4652.0	1.498985e-16
4654.0	1.449783e-16
4656.0	1.429017e-16
4658.0	1.432391e-16
4660.0	1.444093e-16
4662.0	1.449347e-16
4664.0	1.4682e-16
4666.0	1.503567e-16
4668.0	1.468101e-16
4670.0	1.464703e-16
4672.0	1.42049e-16
4674.0	1.412125e-16
4676.0	1.481473e-16
4678.0	1.529392e-16
4680.0	1.567754e-16
4682.0	1.542121e-16
4684.0	1.534123e-16
4686.0	1.514846e-16
4688.0	1.490719e-16
4690.0	1.435182e-16
4692.0	1.458068e-16
4694.0	1.533702e-16
4696.0	1.536102e-16
4698.0	1.567862e-16
4700.0	1.662019e-16
4702.0	1.684472e-16
4704.0	1.655072e-16
4706.0	1.640843e-16
4708.0	1.636671e-16
4710.0	1.645994e-16
4712.0	1.64946e-16
4714.0	1.675253e-16
4716.0	1.724288e-16
4718.0	1.622946e-16
4720.0	1.616348e-16
4722.0	1.677431e-16
4724.0	1.675023e-16
4726.0	1.708774e-16
4728.0	1.731045e-16
4730.0	1.687003e-16
4732.0	1.734669e-16
4734.0	1.776412e-16
4736.0	1.761701e-16
4738.0	1.734867e-16
4740.0	1.756687e-16
4742.0	1.734168e-16
4744.0	1.792401e-16
4746.0	1.788952e-16
4748.0	1.782292e-16
4750.0	1.792225e-16
4752.0	1.798206e-16
4754.0	1.793359e-16
4756.0	1.786513e-16
4758.0	1.757387e-16
4760.0	1.729136e-16
4762.0	1.65718e-16
4764.0	1.612547e-16
4766.0	1.653873e-16
4768.0	1.671773e-16
4770.0	1.6327e-16
4772.0	1.612494e-16
4774.0	1.646659e-16
4776.0	1.586999e-16
4778.0	1.543454e-16
4780.0	1.545131e-16
4782.0	1.559421e-16
4784.0	1.5735e-16
4786.0	1.604389e-16
4788.0	1.597059e-16
4790.0	1.56451e-16
4792.0	1.568303e-16
4794.0	1.533878e-16
4796.0	1.477844e-16
4798.0	1.478095e-16
4800.0	1.559531e-16
4802.0	1.576298e-16
4804.0	1.538346e-16
4806.0	1.578699e-16
4808.0	1.568085e-16
4810.0	1.541551e-16
4812.0	1.611586e-16
4814.0	1.655946e-16
4816.0	1.628112e-16
4818.0	1.605437e-16
4820.0	1.621856e-16
4822.0	1.628704e-16
4824.0	1.632797e-16
4826.0	1.675886e-16
4828.0	1.706525e-16
4830.0	1.688091e-16
4832.0	1.685969e-16
4834.0	1.715703e-16
4836.0	1.702874e-16
4838.0	1.710263e-16
4840.0	1.755509e-16
4842.0	1.794577e-16
4844.0	1.824032e-16
4846.0	1.789442e-16
4848.0	1.743333e-16
4850.0	1.713351e-16
4852.0	1.695889e-16
4854.0	1.713418e-16
4856.0	1.73846e-16
4858.0	1.762162e-16
4860.0	1.775827e-16
4862.0	1.802634e-16
4864.0	1.783652e-16
4866.0	1.732907e-16
4868.0	1.766314e-16
4870.0	1.814329e-16
4872.0	1.805215e-16
4874.0	1.812883e-16
4876.0	1.816704e-16
4878.0	1.769948e-16
4880.0	1.75965e-16
4882.0	1.779808e-16
4884.0	1.807316e-16
4886.0	1.827909e-16
4888.0	1.858368e-16
4890.0	1.838452e-16
4892.0	1.831471e-16
4894.0	1.874878e-16
4896.0	1.839738e-16
4898.0	1.839876e-16
4900.0	1.932347e-16
4902.0	1.934256e-16
4904.0	1.847798e-16
4906.0	1.809169e-16
4908.0	1.804785e-16
4910.0	1.806305e-16
4912.0	1.815117e-16
4914.0	1.82555e-16
4916.0	1.848178e-16
4918.0	1.821826e-16
4920.0	1.819618e-16
4922.0	1.884227e-16
4924.0	1.872956e-16
4926.0	1.810123e-16
4928.0	1.780318e-16
4930.0	1.770276e-16
4932.0	1.728477e-16
4934.0	1.775427e-16
4936.0	1.816554e-16
4938.0	1.844804e-16
4940.0	1.843169e-16
4942.0	1.830304e-16
4944.0	1.847119e-16
4946.0	1.883061e-16
4948.0	1.890546e-16
4950.0	1.861006e-16
4952.0	1.789353e-16
4954.0	1.779828e-16
4956.0	1.80332e-16
4958.0	1.809743e-16
4960.0	1.799856e-16
4962.0	1.83209e-16
4964.0	1.849157e-16
4966.0	1.874181e-16
4968.0	1.891229e-16
4970.0	1.839653e-16
4972.0	1.881935e-16
4974.0	1.910018e-16
4976.0	1.881045e-16
4978.0	1.886064e-16
4980.0	1.911905e-16
4982.0	1.901893e-16
4984.0	1.859876e-16
4986.0	1.829136e-16
4988.0	1.791702e-16
4990.0	1.772921e-16
4992.0	1.787182e-16
4994.0	1.889693e-16
4996.0	1.854095e-16
4998.0	1.787285e-16
5000.0	1.835976e-16
5002.0	1.852163e-16
5004.0	1.873812e-16
5006.0	1.843935e-16
5008.0	1.780393e-16
5010.0	1.747294e-16
5012.0	1.771743e-16
5014.0	1.791674e-16
5016.0	1.755406e-16
5018.0	1.748258e-16
5020.0	1.758626e-16
5022.0	1.730232e-16
5024.0	1.73724e-16
5026.0	1.721336e-16
5028.0	1.753204e-16
5030.0	1.686406e-16
5032.0	1.681018e-16
5034.0	1.694983e-16
5036.0	1.68136e-16
5038.0	1.695694e-16
5040.0	1.688514e-16
5042.0	1.672753e-16
5044.0	1.673523e-16
5046.0	1.611108e-16
5048.0	1.616492e-16
5050.0	1.652472e-16
5052.0	1.618038e-16
5054.0	1.648232e-16
5056.0	1.604538e-16
5058.0	1.546176e-16
5060.0	1.559913e-16
5062.0	1.538925e-16
5064.0	1.524712e-16
5066.0	1.52034e-16
5068.0	1.552643e-16
5070.0	1.584387e-16
5072.0	1.574209e-16
5074.0	1.59175e-16
5076.0	1.620997e-16
5078.0	1.594649e-16
5080.0	1.552641e-16
5082.0	1.6189e-16
5084.0	1.557107e-16
5086.0	1.521859e-16
5088.0	1.529004e-16
5090.0	1.541879e-16
5092.0	1.574162e-16
5094.0	1.606208e-16
5096.0	1.60785e-16
5098.0	1.585012e-16
5100.0	1.562086e-16
5102.0	1.550844e-16
5104.0	1.576574e-16
5106.0	1.549056e-16
5108.0	1.539887e-16
5110.0	1.594992e-16
5112.0	1.61446e-16
5114.0	1.589464e-16
5116.0	1.558905e-16
5118.0	1.56121e-16
5120.0	1.517125e-16
5122.0	1.512264e-16
5124.0	1.572243e-16
5126.0	1.582192e-16
5128.0	1.593507e-16
5130.0	1.608668e-16
5132.0	1.547294e-16
5134.0	1.502579e-16
5136.0	1.494271e-16
5138.0	1.545926e-16
5140.0	1.618594e-16
5142.0	1.574617e-16
5144.0	1.509556e-16
5146.0	1.555181e-16
5148.0	1.547659e-16
5150.0	1.510433e-16
5152.0	1.556221e-16
5154.0	1.538085e-16
5156.0	1.531523e-16
5158.0	1.570438e-16
5160.0	1.54287e-16
5162.0	1.544902e-16
5164.0	1.574253e-16
5166.0	1.586632e-16
5168.0	1.549365e-16
5170.0	1.56402e-16
5172.0	1.616519e-16
5174.0	1.602753e-16
5176.0	1.561723e-16
5178.0	1.58102e-16
5180.0	1.586399e-16
5182.0	1.574837e-16
5184.0	1.533883e-16
5186.0	1.487515e-16
5188.0	1.539441e-16
5190.0	1.540249e-16
5192.0	1.528921e-16
5194.0	1.572962e-16
5196.0	1.612014e-16
5198.0	1.619978e-16
5200.0	1.612201e-16
5202.0	1.575478e-16
5204.0	1.568392e-16
5206.0	1.596054e-16
5208.0	1.58486e-16
5210.0	1.548798e-16
5212.0	1.543264e-16
5214.0	1.528157e-16
5216.0	1.522937e-16
5218.0	1.552289e-16
5220.0	1.60021e-16
5222.0	1.59467e-16
5224.0	1.553429e-16
5226.0	1.557135e-16
5228.0	1.585127e-16
5230.0	1.607729e-16
5232.0	1.567769e-16
5234.0	1.527733e-16
5236.0	1.508744e-16
5238.0	1.471114e-16
5240.0	1.435063e-16
5242.0	1.435175e-16
5244.0	1.450569e-16
5246.0	1.453584e-16
5248.0	1.483636e-16
5250.0	1.508448e-16
5252.0	1.464834e-16
5254.0	1.395765e-16
5256.0	1.404898e-16
5258.0	1.408633e-16
5260.0	1.378924e-16
5262.0	1.393328e-16
5264.0	1.382394e-16
5266.0	1.369611e-16
5268.0	1.360022e-16
5270.0	1.303874e-16
5272.0	1.315345e-16
5274.0	1.323878e-16
5276.0	1.351378e-16
5278.0	1.366395e-16
5280.0	1.313626e-16
5282.0	1.288041e-16
5284.0	1.285762e-16
5286.0	1.265085e-16
5288.0	1.267733e-16
5290.0	1.355033e-16
5292.0	1.480639e-16
5294.0	1.512479e-16
5296.0	1.46814e-16
5298.0	1.372459e-16
5300.0	1.312661e-16
5302.0	1.281089e-16
5304.0	1.255827e-16
5306.0	1.256056e-16
5308.0	1.292568e-16
5310.0	1.308547e-16
5312.0	1.305995e-16
5314.0	1.301036e-16
5316.0	1.310944e-16
5318.0	1.307907e-16
5320.0	1.300603e-16
5322.0	1.276967e-16
5324.0	1.294055e-16
5326.0	1.331722e-16
5328.0	1.342134e-16
5330.0	1.337622e-16
5332.0	1.386958e-16
5334.0	1.353976e-16
5336.0	1.361966e-16
5338.0	1.385257e-16
5340.0	1.362034e-16
5342.0	1.363084e-16
5344.0	1.36448e-16
5346.0	1.341139e-16
5348.0	1.315276e-16
5350.0	1.327594e-16
5352.0	1.32675e-16
5354.0	1.314081e-16
5356.0	1.310916e-16
5358.0	1.325579e-16
5360.0	1.343633e-16
5362.0	1.318959e-16
5364.0	1.290876e-16
5366.0	1.341369e-16
5368.0	1.384357e-16
5370.0	1.364961e-16
5372.0	1.319428e-16
5374.0	1.357931e-16
5376.0	1.368278e-16
5378.0	1.353066e-16
5380.0	1.336115e-16
5382.0	1.34203e-16
5384.0	1.380152e-16
5386.0	1.40468e-16
5388.0	1.34351e-16
5390.0	1.326722e-16
5392.0	1.34385e-16
5394.0	1.340374e-16
5396.0	1.363357e-16
5398.0	1.352095e-16
5400.0	1.359167e-16
5402.0	1.350046e-16
5404.0	1.382575e-16
5406.0	1.351202e-16
5408.0	1.296522e-16
5410.0	1.285615e-16
5412.0	1.318032e-16
5414.0	1.372516e-16
5416.0	1.376453e-16
5418.0	1.35159e-16
5420.0	1.36167e-16
5422.0	1.362329e-16
5424.0	1.303147e-16
5426.0	1.296589e-16
5428.0	1.302036e-16
5430.0	1.357182e-16
5432.0	1.36364e-16
5434.0	1.362028e-16
5436.0	1.352106e-16
5438.0	1.366048e-16
5440.0	1.341102e-16
5442.0	1.370211e-16
5444.0	1.388475e-16
5446.0	1.339828e-16
5448.0	1.324972e-16
5450.0	1.411487e-16
5452.0	1.415454e-16
5454.0	1.362964e-16
5456.0	1.346142e-16
5458.0	1.336188e-16
5460.0	1.368893e-16
5462.0	1.378272e-16
5464.0	1.352061e-16
5466.0	1.338827e-16
5468.0	1.337768e-16
5470.0	1.353195e-16
5472.0	1.384496e-16
5474.0	1.369636e-16
5476.0	1.368514e-16
5478.0	1.375119e-16
5480.0	1.393271e-16
5482.0	1.400674e-16
5484.0	1.354824e-16
5486.0	1.305914e-16
5488.0	1.328002e-16
5490.0	1.348985e-16
5492.0	1.417894e-16
5494.0	1.427634e-16
5496.0	1.420484e-16
5498.0	1.443436e-16
5500.0	1.437014e-16
5502.0	1.418538e-16
5504.0	1.423654e-16
5506.0	1.468245e-16
5508.0	1.508838e-16
5510.0	1.506155e-16
5512.0	1.474674e-16
5514.0	1.452247e-16
5516.0	1.48467e-16
5518.0	1.505481e-16
5520.0	1.465051e-16
5522.0	1.467673e-16
5524.0	1.514245e-16
5526.0	1.537651e-16
5528.0	1.502152e-16
5530.0	1.504369e-16
5532.0	1.534407e-16
5534.0	1.535464e-16
5536.0	1.524256e-16
5538.0	1.518146e-16
5540.0	1.520872e-16
5542.0	1.545324e-16
5544.0	1.518204e-16
5546.0	1.471934e-16
5548.0	1.468116e-16
5550.0	1.476925e-16
5552.0	1.457105e-16
5554.0	1.446341e-16
5556.0	1.424582e-16
5558.0	1.464977e-16
5560.0	1.493623e-16
5562.0	1.489813e-16
5564.0	1.465662e-16
5566.0	1.483698e-16
5568.0	1.503262e-16
5570.0	1.448147e-16
5572.0	1.457936e-16
5574.0	1.504409e-16
5576.0	1.49658e-16
5578.0	1.451217e-16
5580.0	1.37777e-16
5582.0	1.407657e-16
5584.0	1.437228e-16
5586.0	1.460663e-16
5588.0	1.482384e-16
5590.0	1.462098e-16
5592.0	1.438985e-16
5594.0	1.43518e-16
5596.0	1.465742e-16
5598.0	1.433886e-16
5600.0	1.406324e-16
5602.0	1.414904e-16
5604.0	1.430558e-16
5606.0	1.459586e-16
5608.0	1.480554e-16
5610.0	1.47136e-16
5612.0	1.467132e-16
5614.0	1.459517e-16
5616.0	1.463783e-16
5618.0	1.464152e-16
5620.0	1.473785e-16
5622.0	1.467626e-16
5624.0	1.445262e-16
5626.0	1.429794e-16
5628.0	1.386088e-16
5630.0	1.364309e-16
5632.0	1.398128e-16
5634.0	1.432467e-16
5636.0	1.434443e-16
5638.0	1.451603e-16
5640.0	1.444684e-16
5642.0	1.393868e-16
5644.0	1.382862e-16
5646.0	1.402411e-16
5648.0	1.42805e-16
5650.0	1.426149e-16
5652.0	1.425712e-16
5654.0	1.447946e-16
5656.0	1.450759e-16
5658.0	1.418387e-16
5660.0	1.420696e-16
5662.0	1.429789e-16
5664.0	1.409977e-16
5666.0	1.371696e-16
5668.0	1.35099e-16
5670.0	1.332469e-16
5672.0	1.333281e-16
5674.0	1.350935e-16
5676.0	1.346068e-16
5678.0	1.354604e-16
5680.0	1.385426e-16
5682.0	1.37593e-16
5684.0	1.335061e-16
5686.0	1.334948e-16
5688.0	1.328807e-16
5690.0	1.290918e-16
5692.0	1.268944e-16
5694.0	1.271837e-16
5696.0	1.286659e-16
5698.0	1.286806e-16
5700.0	1.28731e-16
5702.0	1.285177e-16
5704.0	1.273567e-16
5706.0	1.291547e-16
5708.0	1.291583e-16
5710.0	1.27376e-16
5712.0	1.263201e-16
5714.0	1.256024e-16
5716.0	1.265798e-16
5718.0	1.278706e-16
5720.0	1.285026e-16
5722.0	1.266359e-16
5724.0	1.217421e-16
5726.0	1.195531e-16
5728.0	1.193848e-16
5730.0	1.1929e-16
5732.0	1.182951e-16
5734.0	1.165415e-16
5736.0	1.161438e-16
5738.0	1.172504e-16
5740.0	1.21218e-16
5742.0	1.255683e-16
5744.0	1.25687e-16
5746.0	1.271501e-16
5748.0	1.284399e-16
5750.0	1.254143e-16
5752.0	1.237142e-16
5754.0	1.298075e-16
5756.0	1.328492e-16
5758.0	1.326154e-16
5760.0	1.341539e-16
5762.0	1.326537e-16
5764.0	1.276878e-16
5766.0	1.262498e-16
5768.0	1.288646e-16
5770.0	1.291257e-16
5772.0	1.315958e-16
5774.0	1.344343e-16
5776.0	1.350466e-16
5778.0	1.327114e-16
5780.0	1.295069e-16
5782.0	1.289006e-16
5784.0	1.299726e-16
5786.0	1.318512e-16
5788.0	1.310792e-16
5790.0	1.315034e-16
5792.0	1.312877e-16
5794.0	1.257879e-16
5796.0	1.25376e-16
5798.0	1.269822e-16
5800.0	1.250657e-16
5802.0	1.249217e-16
5804.0	1.260865e-16
5806.0	1.274043e-16
5808.0	1.307954e-16
5810.0	1.329131e-16
5812.0	1.307483e-16
5814.0	1.299239e-16
5816.0	1.284066e-16
5818.0	1.268937e-16
5820.0	1.296916e-16
5822.0	1.312025e-16
5824.0	1.318878e-16
5826.0	1.356254e-16
5828.0	1.367812e-16
5830.0	1.366893e-16
5832.0	1.366852e-16
5834.0	1.36604e-16
5836.0	1.370922e-16
5838.0	1.338019e-16
5840.0	1.298573e-16
5842.0	1.296504e-16
5844.0	1.293371e-16
5846.0	1.277182e-16
5848.0	1.278934e-16
5850.0	1.308473e-16
5852.0	1.333794e-16
5854.0	1.355888e-16
5856.0	1.323381e-16
5858.0	1.288693e-16
5860.0	1.3072e-16
5862.0	1.298402e-16
5864.0	1.315798e-16
5866.0	1.326688e-16
5868.0	1.315451e-16
5870.0	1.323909e-16
5872.0	1.291254e-16
5874.0	1.256696e-16
5876.0	1.256805e-16
5878.0	1.237914e-16
5880.0	1.264409e-16
5882.0	1.315878e-16
5884.0	1.303377e-16
5886.0	1.269193e-16
5888.0	1.244007e-16
5890.0	1.178508e-16
5892.0	1.183067e-16
5894.0	1.260413e-16
5896.0	1.255629e-16
5898.0	1.2191e-16
5900.0	1.211647e-16
5902.0	1.216085e-16
5904.0	1.240179e-16
5906.0	1.25867e-16
5908.0	1.245671e-16
5910.0	1.256185e-16
5912.0	1.267244e-16
5914.0	1.221406e-16
5916.0	1.190106e-16
5918.0	1.228968e-16
5920.0	1.268129e-16
5922.0	1.263424e-16
5924.0	1.258345e-16
5926.0	1.236883e-16
5928.0	1.237376e-16
5930.0	1.271036e-16
5932.0	1.251506e-16
5934.0	1.233217e-16
5936.0	1.230316e-16
5938.0	1.221603e-16
5940.0	1.227151e-16
5942.0	1.263544e-16
5944.0	1.299023e-16
5946.0	1.271401e-16
5948.0	1.241019e-16
5950.0	1.260462e-16
5952.0	1.281685e-16
5954.0	1.299599e-16
5956.0	1.306674e-16
5958.0	1.28969e-16
5960.0	1.24912e-16
5962.0	1.252911e-16
5964.0	1.284314e-16
5966.0	1.29562e-16
5968.0	1.29762e-16
5970.0	1.30131e-16
5972.0	1.299674e-16
5974.0	1.309811e-16
5976.0	1.312693e-16
5978.0	1.294892e-16
5980.0	1.311128e-16
5982.0	1.347617e-16
5984.0	1.33125e-16
5986.0	1.312642e-16
5988.0	1.327949e-16
5990.0	1.306456e-16
5992.0	1.274403e-16
5994.0	1.278309e-16
5996.0	1.312453e-16
5998.0	1.329331e-16
6000.0	1.305709e-16
6002.0	1.289933e-16
6004.0	1.284548e-16
6006.0	1.287131e-16
6008.0	1.279647e-16
6010.0	1.265804e-16
6012.0	1.265663e-16
6014.0	1.277648e-16
6016.0	1.293475e-16
6018.0	1.280366e-16
6020.0	1.245938e-16
6022.0	1.251325e-16
6024.0	1.269706e-16
6026.0	1.260222e-16
6028.0	1.26802e-16
6030.0	1.315639e-16
6032.0	1.34214e-16
6034.0	1.283789e-16
6036.0	1.234587e-16
6038.0	1.2487e-16
6040.0	1.269343e-16
6042.0	1.300385e-16
6044.0	1.32499e-16
6046.0	1.32737e-16
6048.0	1.323837e-16
6050.0	1.311044e-16
6052.0	1.316443e-16
6054.0	1.30339e-16
6056.0	1.291716e-16
6058.0	1.309925e-16
6060.0	1.308681e-16
6062.0	1.268756e-16
6064.0	1.248377e-16
6066.0	1.267215e-16
6068.0	1.296475e-16
6070.0	1.318047e-16
6072.0	1.312018e-16
6074.0	1.297128e-16
6076.0	1.289562e-16
6078.0	1.267359e-16
6080.0	1.254215e-16
6082.0	1.256422e-16
6084.0	1.233629e-16
6086.0	1.235499e-16
6088.0	1.25715e-16
6090.0	1.270464e-16
6092.0	1.280607e-16
6094.0	1.280582e-16
6096.0	1.281468e-16
6098.0	1.294449e-16
6100.0	1.269123e-16
6102.0	1.245638e-16
6104.0	1.290754e-16
6106.0	1.291827e-16
6108.0	1.288635e-16
6110.0	1.282272e-16
6112.0	1.286064e-16
6114.0	1.26869e-16
6116.0	1.248631e-16
6118.0	1.276917e-16
6120.0	1.253131e-16
6122.0	1.248853e-16
6124.0	1.298204e-16
6126.0	1.287914e-16
6128.0	1.274231e-16
6130.0	1.284803e-16
6132.0	1.262819e-16
6134.0	1.268648e-16
6136.0	1.30234e-16
6138.0	1.328613e-16
6140.0	1.280902e-16
6142.0	1.250566e-16
6144.0	1.278352e-16
6146.0	1.250406e-16
6148.0	1.261311e-16
6150.0	1.287888e-16
6152.0	1.270518e-16
6154.0	1.280828e-16
6156.0	1.286885e-16
6158.0	1.285879e-16
6160.0	1.299572e-16
6162.0	1.307441e-16
6164.0	1.28747e-16
6166.0	1.280555e-16
6168.0	1.294385e-16
6170.0	1.286367e-16
6172.0	1.288039e-16
6174.0	1.307997e-16
6176.0	1.309069e-16
6178.0	1.287405e-16
6180.0	1.287721e-16
6182.0	1.281917e-16
6184.0	1.266727e-16
6186.0	1.280164e-16
6188.0	1.294784e-16
6190.0	1.278719e-16
6192.0	1.287034e-16
6194.0	1.302418e-16
6196.0	1.29532e-16
6198.0	1.29681e-16
6200.0	1.278493e-16
6202.0	1.279287e-16
6204.0	1.293639e-16
6206.0	1.275882e-16
6208.0	1.270002e-16
6210.0	1.278222e-16
6212.0	1.275879e-16
6214.0	1.247839e-16
6216.0	1.236011e-16
6218.0	1.243723e-16
6220.0	1.244967e-16
6222.0	1.259735e-16
6224.0	1.26876e-16
6226.0	1.277072e-16
6228.0	1.276518e-16
6230.0	1.271461e-16
6232.0	1.2976e-16
6234.0	1.287153e-16
6236.0	1.247478e-16
6238.0	1.237701e-16
6240.0	1.249064e-16
6242.0	1.296644e-16
6244.0	1.289565e-16
6246.0	1.265343e-16
6248.0	1.246676e-16
6250.0	1.249162e-16
6252.0	1.277366e-16
6254.0	1.283852e-16
6256.0	1.28981e-16
6258.0	1.291575e-16
6260.0	1.266438e-16
6262.0	1.286635e-16
6264.0	1.296159e-16
6266.0	1.300736e-16
6268.0	1.268751e-16
6270.0	1.235959e-16
6272.0	1.257639e-16
6274.0	1.244119e-16
6276.0	1.250003e-16
6278.0	1.26371e-16
6280.0	1.256867e-16
6282.0	1.261628e-16
6284.0	1.278808e-16
6286.0	1.260089e-16
6288.0	1.258668e-16
6290.0	1.269478e-16
6292.0	1.249748e-16
6294.0	1.247896e-16
6296.0	1.242289e-16
6298.0	1.256371e-16
6300.0	1.23392e-16
6302.0	1.241593e-16
6304.0	1.236617e-16
6306.0	1.255604e-16
6308.0	1.259185e-16
6310.0	1.261755e-16
6312.0	1.227798e-16
6314.0	1.238466e-16
6316.0	1.25475e-16
6318.0	1.287474e-16
6320.0	1.282459e-16
6322.0	1.28436e-16
6324.0	1.286946e-16
6326.0	1.276078e-16
6328.0	1.275483e-16
6330.0	1.301392e-16
6332.0	1.292047e-16
6334.0	1.28236e-16
6336.0	1.304341e-16
6338.0	1.294458e-16
6340.0	1.281678e-16
6342.0	1.289967e-16
6344.0	1.297907e-16
6346.0	1.270718e-16
6348.0	1.307412e-16
6350.0	1.339745e-16
6352.0	1.329548e-16
6354.0	1.315577e-16
6356.0	1.272758e-16
6358.0	1.254733e-16
6360.0	1.248455e-16
6362.0	1.256749e-16
6364.0	1.260428e-16
6366.0	1.276117e-16
6368.0	1.238975e-16
6370.0	1.22016e-16
6372.0	1.246796e-16
6374.0	1.266126e-16
6376.0	1.292543e-16
6378.0	1.295007e-16
6380.0	1.280773e-16
6382.0	1.264805e-16
6384.0	1.254262e-16
6386.0	1.25852e-16
6388.0	1.296455e-16
6390.0	1.275167e-16
6392.0	1.267445e-16
6394.0	1.311609e-16
6396.0	1.3043e-16
6398.0	1.304871e-16
6400.0	1.30221e-16
6402.0	1.270793e-16
6404.0	1.240743e-16
6406.0	1.234278e-16
6408.0	1.195871e-16
6410.0	1.118044e-16
6412.0	1.10637e-16
6414.0	1.129921e-16
6416.0	1.144309e-16
6418.0	1.137594e-16
6420.0	1.156538e-16
6422.0	1.177158e-16
6424.0	1.203675e-16
6426.0	1.239587e-16
6428.0	1.205565e-16
6430.0	1.239014e-16
6432.0	1.229155e-16
6434.0	1.254235e-16
6436.0	1.262694e-16
6438.0	1.257733e-16
6440.0	1.232957e-16
6442.0	1.220419e-16
6444.0	1.223823e-16
6446.0	1.258215e-16
6448.0	1.22218e-16
6450.0	1.185688e-16
6452.0	1.187456e-16
6454.0	1.169295e-16
6456.0	1.21748e-16
6458.0	1.239355e-16
6460.0	1.207675e-16
6462.0	1.177143e-16
6464.0	1.179223e-16
6466.0	1.221312e-16
6468.0	1.246063e-16
6470.0	1.272533e-16
6472.0	1.263715e-16
6474.0	1.199863e-16
6476.0	1.240281e-16
6478.0	1.242732e-16
6480.0	1.219727e-16
6482.0	1.205234e-16
6484.0	1.19222e-16
6486.0	1.172908e-16
6488.0	1.183848e-16
6490.0	1.239489e-16
6492.0	1.222716e-16
6494.0	1.206703e-16
6496.0	1.225878e-16
6498.0	1.272767e-16
6500.0	1.290408e-16
6502.0	1.247622e-16
6504.0	1.190999e-16
6506.0	1.174515e-16
6508.0	1.223812e-16
6510.0	1.212804e-16
6512.0	1.172885e-16
6514.0	1.163841e-16
6516.0	1.185271e-16
6518.0	1.17762e-16
6520.0	1.176255e-16
6522.0	1.181974e-16
6524.0	1.201402e-16
6526.0	1.179503e-16
6528.0	1.177911e-16
6530.0	1.173662e-16
6532.0	1.182916e-16
6534.0	1.197064e-16
6536.0	1.209737e-16
6538.0	1.194957e-16
6540.0	1.147685e-16
6542.0	1.130446e-16
6544.0	1.133449e-16
6546.0	1.187371e-16
6548.0	1.188452e-16
6550.0	1.158504e-16
6552.0	1.141696e-16
6554.0	1.111256e-16
6556.0	1.115437e-16
6558.0	1.124488e-16
6560.0	1.159964e-16
6562.0	1.15843e-16
6564.0	1.17634e-16
6566.0	1.181995e-16
6568.0	1.180636e-16
6570.0	1.187762e-16
6572.0	1.148739e-16
6574.0	1.13588e-16
6576.0	1.153995e-16
6578.0	1.180612e-16
6580.0	1.207113e-16
6582.0	1.169784e-16
6584.0	1.133376e-16
6586.0	1.121599e-16
6588.0	1.152287e-16
6590.0	1.120834e-16
6592.0	1.091387e-16
6594.0	1.099491e-16
6596.0	1.085538e-16
6598.0	1.131148e-16
6600.0	1.149663e-16
6602.0	1.14004e-16
6604.0	1.133393e-16
6606.0	1.125401e-16
6608.0	1.12018e-16
6610.0	1.094678e-16
6612.0	1.107181e-16
6614.0	1.060799e-16
6616.0	1.066452e-16
6618.0	1.105349e-16
6620.0	1.089692e-16
6622.0	1.068567e-16
6624.0	1.032603e-16
6626.0	1.039083e-16
6628.0	1.058828e-16
6630.0	1.067825e-16
6632.0	1.022705e-16
6634.0	9.995825e-17
6636.0	1.054716e-16
6638.0	1.061374e-16
6640.0	1.01991e-16
6642.0	1.008201e-16
6644.0	1.013172e-16
6646.0	1.039301e-16
6648.0	1.056224e-16
6650.0	1.069597e-16
6652.0	1.082296e-16
6654.0	1.054935e-16
6656.0	1.037221e-16
6658.0	1.013694e-16
6660.0	1.018638e-16
6662.0	1.032483e-16
6664.0	1.022556e-16
6666.0	1.028448e-16
6668.0	1.044487e-16
6670.0	1.034434e-16
6672.0	1.011947e-16
6674.0	1.01538e-16
6676.0	1.018062e-16
6678.0	1.029709e-16
6680.0	1.008981e-16
6682.0	9.8964e-17
6684.0	1.012096e-16
6686.0	1.019852e-16
6688.0	1.040082e-16
6690.0	1.059969e-16
6692.0	1.046193e-16
6694.0	1.039001e-16
6696.0	1.045243e-16
6698.0	1.068953e-16
6700.0	1.074435e-16
6702.0	1.061333e-16
6704.0	1.028718e-16
6706.0	9.880256e-17
6708.0	1.037723e-16
6710.0	1.059748e-16
6712.0	1.057655e-16
6714.0	1.022715e-16
6716.0	1.035783e-16
6718.0	1.025641e-16
6720.0	1.014154e-16
6722.0	1.021771e-16
6724.0	1.055379e-16
6726.0	1.065233e-16
6728.0	1.110271e-16
6730.0	1.089899e-16
6732.0	1.083028e-16
6734.0	1.141786e-16
6736.0	1.101345e-16
6738.0	1.079528e-16
6740.0	1.050504e-16
6742.0	1.049215e-16
6744.0	1.067094e-16
6746.0	1.0913e-16
6748.0	1.097753e-16
6750.0	1.12374e-16
6752.0	1.142027e-16
6754.0	1.168232e-16
6756.0	1.118906e-16
6758.0	1.070928e-16
6760.0	1.053686e-16
6762.0	1.032389e-16
6764.0	1.049943e-16
6766.0	1.075175e-16
6768.0	1.068136e-16
6770.0	1.096331e-16
6772.0	1.139434e-16
6774.0	1.136363e-16
6776.0	1.087185e-16
6778.0	1.067797e-16
6780.0	1.077221e-16
6782.0	1.073076e-16
6784.0	1.06921e-16
6786.0	1.102161e-16
6788.0	1.155721e-16
6790.0	1.175454e-16
6792.0	1.138099e-16
6794.0	1.136363e-16
6796.0	1.137595e-16
6798.0	1.096661e-16
6800.0	1.072878e-16
6802.0	1.07278e-16
6804.0	1.072243e-16
6806.0	1.088117e-16
6808.0	1.099743e-16
6810.0	1.128741e-16
6812.0	1.112026e-16
6814.0	1.091843e-16
6816.0	1.10704e-16
6818.0	1.10814e-16
6820.0	1.081064e-16
6822.0	1.105663e-16
6824.0	1.117175e-16
6826.0	1.118333e-16
6828.0	1.138174e-16
6830.0	1.108554e-16
6832.0	1.139534e-16
6834.0	1.158474e-16
6836.0	1.090488e-16
6838.0	1.004671e-16
6840.0	1.062314e-16
6842.0	1.150421e-16
6844.0	1.115349e-16
6846.0	1.157764e-16
6848.0	1.20605e-16
6850.0	1.149764e-16
6852.0	1.183708e-16
6854.0	1.149481e-16
6856.0	1.125873e-16
6858.0	1.154524e-16
6860.0	1.161837e-16
6862.0	1.167829e-16
6864.0	1.061477e-16
6866.0	1.051512e-16
6868.0	1.12038e-16
6870.0	1.173719e-16
6872.0	1.141418e-16
6874.0	1.108928e-16
6876.0	1.085079e-16
6878.0	1.089566e-16
6880.0	1.154218e-16
6882.0	1.160044e-16
6884.0	1.10401e-16
6886.0	1.123022e-16
6888.0	1.127103e-16
6890.0	1.121051e-16
6892.0	1.079959e-16
6894.0	1.119092e-16
6896.0	1.158881e-16
6898.0	1.181112e-16
6900.0	1.110424e-16
6902.0	1.108931e-16
6904.0	1.124263e-16
6906.0	1.119665e-16
6908.0	1.156432e-16
6910.0	1.154161e-16
6912.0	1.154618e-16
6914.0	1.158924e-16
6916.0	1.136736e-16
6918.0	1.100513e-16
6920.0	1.117944e-16
6922.0	1.138231e-16
6924.0	1.122662e-16
6926.0	1.11502e-16
6928.0	1.105719e-16
6930.0	1.09726e-16
6932.0	1.12493e-16
6934.0	1.144394e-16
6936.0	1.107929e-16
6938.0	1.103258e-16
6940.0	1.170016e-16
6942.0	1.13032e-16
6944.0	1.104004e-16
6946.0	1.125855e-16
6948.0	1.148963e-16
6950.0	1.154648e-16
6952.0	1.113879e-16
6954.0	1.116086e-16
6956.0	1.115377e-16
6958.0	1.080383e-16
6960.0	1.097539e-16
6962.0	1.123245e-16
6964.0	1.132302e-16
6966.0	1.13281e-16
6968.0	1.105254e-16
6970.0	1.110912e-16
6972.0	1.130731e-16
6974.0	1.1203e-16
6976.0	1.133832e-16
6978.0	1.119805e-16
6980.0	1.138827e-16
6982.0	1.107451e-16
6984.0	1.110566e-16
6986.0	1.079095e-16
6988.0	1.08639e-16
6990.0	1.072232e-16
6992.0	1.109448e-16
6994.0	1.107358e-16
6996.0	1.094569e-16
6998.0	1.07807e-16
7000.0	1.034823e-16
7002.0	1.045352e-16
7004.0	1.069054e-16
7006.0	1.078206e-16
7008.0	1.070786e-16
7010.0	1.095066e-16
7012.0	1.12109e-16
7014.0	1.054652e-16
7016.0	1.061465e-16
7018.0	1.102126e-16
7020.0	1.087909e-16
7022.0	1.037615e-16
7024.0	1.055835e-16
7026.0	1.055048e-16
7028.0	1.086598e-16
7030.0	1.101191e-16
7032.0	1.077637e-16
7034.0	1.080416e-16
7036.0	1.106501e-16
7038.0	1.103244e-16
7040.0	1.100112e-16
7042.0	1.098198e-16
7044.0	1.078426e-16
7046.0	1.081265e-16
7048.0	1.111931e-16
7050.0	1.111423e-16
