#	 PS15ahs 
#	 UT date of observation: 20150519 
#	 Telescope/Instrument: KPNO4m/KOSMOS 
#	 Estimated Peak MJD: 57156.844 
#	 Estimated redshift: 0.026 
#	 Estimated Phase: 4.1 
#	 Published in Dettman et al. 2020 
#	 Observed barycentric wavelength (Angstroms)    F_lambda
4300.42505908	3.69212e-15
4301.17572457	3.996606e-15
4301.92639005	3.832708e-15
4302.67705554	3.855843e-15
4303.42772102	3.790531e-15
4304.17838651	3.826441e-15
4304.929052	3.917912e-15
4305.67971748	3.775968e-15
4306.43038297	3.844184e-15
4307.18104845	3.849924e-15
4307.93171394	3.716198e-15
4308.68237942	3.719587e-15
4309.43304491	3.718054e-15
4310.1837104	3.710748e-15
4310.93437588	3.64736e-15
4311.68504137	3.614002e-15
4312.43570685	3.637907e-15
4313.18637234	3.710329e-15
4313.93703783	3.884689e-15
4314.68770331	3.551378e-15
4315.4383688	3.640397e-15
4316.18903428	3.616956e-15
4316.93969977	3.414748e-15
4317.69036525	3.448755e-15
4318.44103074	3.657043e-15
4319.19169623	3.522766e-15
4319.94236171	3.60387e-15
4320.6930272	3.60096e-15
4321.44369268	3.48527e-15
4322.19435817	3.377145e-15
4322.94502366	3.374522e-15
4323.69568914	3.315229e-15
4324.44635463	3.531257e-15
4325.19702011	3.454612e-15
4325.9476856	3.348347e-15
4326.69835109	3.323288e-15
4327.44901657	3.183231e-15
4328.19968206	3.384693e-15
4328.95034754	3.426609e-15
4329.70101303	3.373914e-15
4330.45167851	3.318311e-15
4331.202344	3.451169e-15
4331.95300949	3.247369e-15
4332.70367497	3.115277e-15
4333.45434046	3.408972e-15
4334.20500594	3.380201e-15
4334.95567143	3.304132e-15
4335.70633692	3.358308e-15
4336.4570024	3.32701e-15
4337.20766789	3.306991e-15
4337.95833337	3.240323e-15
4338.70899886	3.37955e-15
4339.45966434	3.193638e-15
4340.21032983	3.349516e-15
4340.96099532	3.284234e-15
4341.7116608	3.08961e-15
4342.46232629	3.195258e-15
4343.21299177	3.376693e-15
4343.96365726	3.107756e-15
4344.71432275	3.320687e-15
4345.46498823	3.163391e-15
4346.21565372	2.990014e-15
4346.9663192	3.085781e-15
4347.71698469	3.152614e-15
4348.46765018	3.025787e-15
4349.21831566	3.054295e-15
4349.96898115	3.01117e-15
4350.71964663	3.029593e-15
4351.47031212	3.170865e-15
4352.2209776	3.060456e-15
4352.97164309	2.85469e-15
4353.72230858	3.098372e-15
4354.47297406	3.150943e-15
4355.22363955	2.995903e-15
4355.97430503	3.153199e-15
4356.72497052	3.077154e-15
4357.47563601	3.051205e-15
4358.22630149	2.977136e-15
4358.97696698	3.024596e-15
4359.72763246	2.984999e-15
4360.47829795	3.156839e-15
4361.22896343	2.965832e-15
4361.97962892	3.079069e-15
4362.73029441	2.996026e-15
4363.48095989	3.090526e-15
4364.23162538	2.915143e-15
4364.98229086	3.006033e-15
4365.73295635	2.972556e-15
4366.48362184	2.838534e-15
4367.23428732	2.945312e-15
4367.98495281	2.864725e-15
4368.73561829	2.875449e-15
4369.48628378	2.749267e-15
4370.23694927	2.871239e-15
4370.98761475	2.826833e-15
4371.73828024	2.8822e-15
4372.48894572	2.823588e-15
4373.23961121	2.85669e-15
4373.99027669	2.771042e-15
4374.74094218	2.717759e-15
4375.49160767	2.792656e-15
4376.24227315	2.867717e-15
4376.99293864	2.797696e-15
4377.74360412	2.69369e-15
4378.49426961	2.730162e-15
4379.2449351	2.620279e-15
4379.99560058	2.736289e-15
4380.74626607	2.647522e-15
4381.49693155	2.728402e-15
4382.24759704	2.786043e-15
4382.99826252	2.680086e-15
4383.74892801	2.719779e-15
4384.4995935	2.695112e-15
4385.25025898	2.84805e-15
4386.00092447	2.661049e-15
4386.75158995	2.747817e-15
4387.50225544	2.655129e-15
4388.25292093	2.684861e-15
4389.00358641	2.531331e-15
4389.7542519	2.596618e-15
4390.50491738	2.656653e-15
4391.25558287	2.683594e-15
4392.00624835	2.616081e-15
4392.75691384	2.557087e-15
4393.50757933	2.57554e-15
4394.25824481	2.46787e-15
4395.0089103	2.556411e-15
4395.75957578	2.53561e-15
4396.51024127	2.497129e-15
4397.26090676	2.629928e-15
4398.01157224	2.510136e-15
4398.76223773	2.580824e-15
4399.51290321	2.362917e-15
4400.2635687	2.648656e-15
4401.01423419	2.436865e-15
4401.76489967	2.416496e-15
4402.51556516	2.749938e-15
4403.26623064	2.42956e-15
4404.01689613	2.552276e-15
4404.76756161	2.506311e-15
4405.5182271	2.531609e-15
4406.26889259	2.467403e-15
4407.01955807	2.632847e-15
4407.77022356	2.482542e-15
4408.52088904	2.46749e-15
4409.27155453	2.413041e-15
4410.02222002	2.509053e-15
4410.7728855	2.549988e-15
4411.52355099	2.424503e-15
4412.27421647	2.36439e-15
4413.02488196	2.419397e-15
4413.77554744	2.438362e-15
4414.52621293	2.274566e-15
4415.27687842	2.390727e-15
4416.0275439	2.458982e-15
4416.77820939	2.455639e-15
4417.52887487	2.321409e-15
4418.27954036	2.463354e-15
4419.03020585	2.501085e-15
4419.78087133	2.396097e-15
4420.53153682	2.326815e-15
4421.2822023	2.377655e-15
4422.03286779	2.391846e-15
4422.78353328	2.365735e-15
4423.53419876	2.370558e-15
4424.28486425	2.413924e-15
4425.03552973	2.379068e-15
4425.78619522	2.385395e-15
4426.5368607	2.283871e-15
4427.28752619	2.445253e-15
4428.03819168	2.294252e-15
4428.78885716	2.372068e-15
4429.53952265	2.317111e-15
4430.29018813	2.229321e-15
4431.04085362	2.327077e-15
4431.79151911	2.17377e-15
4432.54218459	2.35875e-15
4433.29285008	2.218738e-15
4434.04351556	2.31919e-15
4434.79418105	2.116773e-15
4435.54484653	2.116214e-15
4436.29551202	2.284608e-15
4437.04617751	2.09189e-15
4437.79684299	2.090606e-15
4438.54750848	2.134863e-15
4439.29817396	2.232274e-15
4440.04883945	2.074963e-15
4440.79950494	2.06783e-15
4441.55017042	2.186575e-15
4442.30083591	2.057021e-15
4443.05150139	2.147253e-15
4443.80216688	2.271244e-15
4444.55283237	2.262729e-15
4445.30349785	2.110207e-15
4446.05416334	2.245478e-15
4446.80482882	2.118785e-15
4447.55549431	2.173546e-15
4448.30615979	2.192058e-15
4449.05682528	2.195271e-15
4449.80749077	2.085862e-15
4450.55815625	2.213478e-15
4451.30882174	2.24839e-15
4452.05948722	2.184045e-15
4452.81015271	2.226555e-15
4453.5608182	2.172138e-15
4454.31148368	2.285525e-15
4455.06214917	2.143813e-15
4455.81281465	2.287497e-15
4456.56348014	2.326837e-15
4457.31414562	2.224089e-15
4458.06481111	2.361943e-15
4458.8154766	2.154555e-15
4459.56614208	2.394441e-15
4460.31680757	2.325992e-15
4461.06747305	2.326827e-15
4461.81813854	2.305468e-15
4462.56880403	2.228357e-15
4463.31946951	2.278349e-15
4464.070135	2.195638e-15
4464.82080048	2.302689e-15
4465.57146597	2.148304e-15
4466.32213145	2.31176e-15
4467.07279694	2.317095e-15
4467.82346243	2.278465e-15
4468.57412791	2.271879e-15
4469.3247934	2.279247e-15
4470.07545888	2.403435e-15
4470.82612437	2.26813e-15
4471.57678986	2.114165e-15
4472.32745534	2.317252e-15
4473.07812083	2.273675e-15
4473.82878631	2.400551e-15
4474.5794518	2.281185e-15
4475.33011729	2.310771e-15
4476.08078277	2.395402e-15
4476.83144826	2.288488e-15
4477.58211374	2.379173e-15
4478.33277923	2.278331e-15
4479.08344471	2.301056e-15
4479.8341102	2.316666e-15
4480.58477569	2.223205e-15
4481.33544117	2.31414e-15
4482.08610666	2.328697e-15
4482.83677214	2.35101e-15
4483.58743763	2.39174e-15
4484.33810312	2.351852e-15
4485.0887686	2.455904e-15
4485.83943409	2.366314e-15
4486.59009957	2.474027e-15
4487.34076506	2.28619e-15
4488.09143054	2.227864e-15
4488.84209603	2.39226e-15
4489.59276152	2.384367e-15
4490.343427	2.331607e-15
4491.09409249	2.348769e-15
4491.84475797	2.371972e-15
4492.59542346	2.513635e-15
4493.34608895	2.402337e-15
4494.09675443	2.375303e-15
4494.84741992	2.397434e-15
4495.5980854	2.460376e-15
4496.34875089	2.306086e-15
4497.09941638	2.427819e-15
4497.85008186	2.536607e-15
4498.60074735	2.507336e-15
4499.35141283	2.461016e-15
4500.10207832	2.285762e-15
4500.8527438	2.318383e-15
4501.60340929	2.33032e-15
4502.35407478	2.34922e-15
4503.10474026	2.352336e-15
4503.85540575	2.384893e-15
4504.60607123	2.363562e-15
4505.35673672	2.424479e-15
4506.10740221	2.413547e-15
4506.85806769	2.435067e-15
4507.60873318	2.303937e-15
4508.35939866	2.393764e-15
4509.11006415	2.379835e-15
4509.86072963	2.336279e-15
4510.61139512	2.359933e-15
4511.36206061	2.410864e-15
4512.11272609	2.405979e-15
4512.86339158	2.356796e-15
4513.61405706	2.440241e-15
4514.36472255	2.400336e-15
4515.11538804	2.333197e-15
4515.86605352	2.320448e-15
4516.61671901	2.443406e-15
4517.36738449	2.326747e-15
4518.11804998	2.304777e-15
4518.86871547	2.393418e-15
4519.61938095	2.440755e-15
4520.37004644	2.52678e-15
4521.12071192	2.355669e-15
4521.87137741	2.498923e-15
4522.62204289	2.448487e-15
4523.37270838	2.459754e-15
4524.12337387	2.310633e-15
4524.87403935	2.481826e-15
4525.62470484	2.45012e-15
4526.37537032	2.431592e-15
4527.12603581	2.397012e-15
4527.8767013	2.432914e-15
4528.62736678	2.380274e-15
4529.37803227	2.415036e-15
4530.12869775	2.388731e-15
4530.87936324	2.42521e-15
4531.63002872	2.374239e-15
4532.38069421	2.512853e-15
4533.1313597	2.384057e-15
4533.88202518	2.427302e-15
4534.63269067	2.31243e-15
4535.38335615	2.32841e-15
4536.13402164	2.46923e-15
4536.88468713	2.37793e-15
4537.63535261	2.260787e-15
4538.3860181	2.402826e-15
4539.13668358	2.462624e-15
4539.88734907	2.391464e-15
4540.63801455	2.187577e-15
4541.38868004	2.324013e-15
4542.13934553	2.334994e-15
4542.89001101	2.381991e-15
4543.6406765	2.370693e-15
4544.39134198	2.205642e-15
4545.14200747	2.373582e-15
4545.89267296	2.387909e-15
4546.64333844	2.356173e-15
4547.39400393	2.321395e-15
4548.14466941	2.533061e-15
4548.8953349	2.569822e-15
4549.64600039	2.496512e-15
4550.39666587	2.389616e-15
4551.14733136	2.388855e-15
4551.89799684	2.469079e-15
4552.64866233	2.410164e-15
4553.39932781	2.461137e-15
4554.1499933	2.372428e-15
4554.90065879	2.469856e-15
4555.65132427	2.52845e-15
4556.40198976	2.488616e-15
4557.15265524	2.457481e-15
4557.90332073	2.508386e-15
4558.65398622	2.467782e-15
4559.4046517	2.538228e-15
4560.15531719	2.479971e-15
4560.90598267	2.542921e-15
4561.65664816	2.447346e-15
4562.40731364	2.489652e-15
4563.15797913	2.519739e-15
4563.90864462	2.453919e-15
4564.6593101	2.551033e-15
4565.40997559	2.592694e-15
4566.16064107	2.562775e-15
4566.91130656	2.613244e-15
4567.66197205	2.594543e-15
4568.41263753	2.471938e-15
4569.16330302	2.613842e-15
4569.9139685	2.567366e-15
4570.66463399	2.551317e-15
4571.41529948	2.563717e-15
4572.16596496	2.62447e-15
4572.91663045	2.640029e-15
4573.66729593	2.600077e-15
4574.41796142	2.707088e-15
4575.1686269	2.64728e-15
4575.91929239	2.633515e-15
4576.66995788	2.705685e-15
4577.42062336	2.631802e-15
4578.17128885	2.680426e-15
4578.92195433	2.570872e-15
4579.67261982	2.72892e-15
4580.42328531	2.736603e-15
4581.17395079	2.705492e-15
4581.92461628	2.770153e-15
4582.67528176	2.787436e-15
4583.42594725	2.664463e-15
4584.17661273	2.788783e-15
4584.92727822	2.845478e-15
4585.67794371	2.774958e-15
4586.42860919	2.721054e-15
4587.17927468	2.729811e-15
4587.92994016	2.836171e-15
4588.68060565	2.930784e-15
4589.43127114	2.885125e-15
4590.18193662	2.866423e-15
4590.93260211	2.868617e-15
4591.68326759	2.892215e-15
4592.43393308	2.977018e-15
4593.18459857	2.889868e-15
4593.93526405	2.98412e-15
4594.68592954	2.929902e-15
4595.43659502	2.940761e-15
4596.18726051	2.919227e-15
4596.93792599	2.892572e-15
4597.68859148	2.886005e-15
4598.43925697	3.097437e-15
4599.18992245	3.022319e-15
4599.94058794	2.932367e-15
4600.69125342	3.020667e-15
4601.44191891	2.911349e-15
4602.1925844	3.106659e-15
4602.94324988	2.972685e-15
4603.69391537	2.986261e-15
4604.44458085	2.99007e-15
4605.19524634	2.972084e-15
4605.94591182	3.106154e-15
4606.69657731	3.109025e-15
4607.4472428	3.010887e-15
4608.19790828	2.974781e-15
4608.94857377	2.771163e-15
4609.69923925	3.010108e-15
4610.44990474	3.113069e-15
4611.20057023	3.119603e-15
4611.95123571	2.953744e-15
4612.7019012	3.025678e-15
4613.45256668	3.07745e-15
4614.20323217	3.17622e-15
4614.95389766	3.069825e-15
4615.70456314	3.089835e-15
4616.45522863	3.101577e-15
4617.20589411	3.013164e-15
4617.9565596	3.087404e-15
4618.70722508	3.045462e-15
4619.45789057	3.115483e-15
4620.20855606	3.202226e-15
4620.95922154	3.132097e-15
4621.70988703	3.146504e-15
4622.46055251	3.227934e-15
4623.211218	3.215413e-15
4623.96188349	3.079509e-15
4624.71254897	3.165702e-15
4625.46321446	3.216783e-15
4626.21387994	3.247874e-15
4626.96454543	3.236796e-15
4627.71521091	3.237924e-15
4628.4658764	3.273009e-15
4629.21654189	3.114646e-15
4629.96720737	3.103667e-15
4630.71787286	3.202369e-15
4631.46853834	3.233428e-15
4632.21920383	3.205516e-15
4632.96986932	3.11115e-15
4633.7205348	3.193937e-15
4634.47120029	3.293733e-15
4635.22186577	3.295707e-15
4635.97253126	3.281902e-15
4636.72319674	3.228476e-15
4637.47386223	3.345521e-15
4638.22452772	3.234375e-15
4638.9751932	3.177637e-15
4639.72585869	3.179807e-15
4640.47652417	3.250853e-15
4641.22718966	3.212179e-15
4641.97785515	3.258891e-15
4642.72852063	3.146957e-15
4643.47918612	3.205761e-15
4644.2298516	3.354399e-15
4644.98051709	3.186194e-15
4645.73118258	3.247646e-15
4646.48184806	3.166823e-15
4647.23251355	3.242334e-15
4647.98317903	3.32044e-15
4648.73384452	3.334703e-15
4649.48451	3.216295e-15
4650.23517549	3.290127e-15
4650.98584098	3.241336e-15
4651.73650646	3.301607e-15
4652.48717195	3.377634e-15
4653.23783743	3.25065e-15
4653.98850292	3.367061e-15
4654.73916841	3.383027e-15
4655.48983389	3.256117e-15
4656.24049938	3.387953e-15
4656.99116486	3.216428e-15
4657.74183035	3.312261e-15
4658.49249583	3.31314e-15
4659.24316132	3.384468e-15
4659.99382681	3.345935e-15
4660.74449229	3.547345e-15
4661.49515778	3.37535e-15
4662.24582326	3.353484e-15
4662.99648875	3.358132e-15
4663.74715424	3.357098e-15
4664.49781972	3.255657e-15
4665.24848521	3.337158e-15
4665.99915069	3.363901e-15
4666.74981618	3.357674e-15
4667.50048167	3.4095e-15
4668.25114715	3.243062e-15
4669.00181264	3.269885e-15
4669.75247812	3.393975e-15
4670.50314361	3.207441e-15
4671.25380909	3.476096e-15
4672.00447458	3.519349e-15
4672.75514007	3.265858e-15
4673.50580555	3.274464e-15
4674.25647104	3.370662e-15
4675.00713652	3.284975e-15
4675.75780201	3.361292e-15
4676.5084675	3.404154e-15
4677.25913298	3.22189e-15
4678.00979847	3.289756e-15
4678.76046395	3.351723e-15
4679.51112944	3.205196e-15
4680.26179492	3.27901e-15
4681.01246041	3.312864e-15
4681.7631259	3.278566e-15
4682.51379138	3.145524e-15
4683.26445687	3.275984e-15
4684.01512235	3.091247e-15
4684.76578784	3.18341e-15
4685.51645333	3.051694e-15
4686.26711881	3.246442e-15
4687.0177843	3.148775e-15
4687.76844978	3.088101e-15
4688.51911527	3.164055e-15
4689.26978076	3.143337e-15
4690.02044624	3.207666e-15
4690.77111173	3.253684e-15
4691.52177721	3.093457e-15
4692.2724427	3.135564e-15
4693.02310818	3.124786e-15
4693.77377367	3.164243e-15
4694.52443916	3.139559e-15
4695.27510464	3.060365e-15
4696.02577013	3.167811e-15
4696.77643561	3.168905e-15
4697.5271011	3.087946e-15
4698.27776659	3.012369e-15
4699.02843207	3.11966e-15
4699.77909756	3.194108e-15
4700.52976304	3.100413e-15
4701.28042853	3.022664e-15
4702.03109401	3.068615e-15
4702.7817595	3.033831e-15
4703.53242499	3.065327e-15
4704.28309047	3.181465e-15
4705.03375596	2.920303e-15
4705.78442144	3.052784e-15
4706.53508693	3.103032e-15
4707.28575242	3.107956e-15
4708.0364179	3.15587e-15
4708.78708339	3.097103e-15
4709.53774887	3.06951e-15
4710.28841436	3.228309e-15
4711.03907984	3.120888e-15
4711.78974533	3.140346e-15
4712.54041082	3.114483e-15
4713.2910763	3.154469e-15
4714.04174179	3.154509e-15
4714.79240727	3.156294e-15
4715.54307276	3.154387e-15
4716.29373825	3.093303e-15
4717.04440373	3.245008e-15
4717.79506922	3.103889e-15
4718.5457347	3.13941e-15
4719.29640019	3.26325e-15
4720.04706568	3.09736e-15
4720.79773116	3.09924e-15
4721.54839665	3.140844e-15
4722.29906213	3.309265e-15
4723.04972762	3.196738e-15
4723.8003931	3.188513e-15
4724.55105859	3.160495e-15
4725.30172408	3.238023e-15
4726.05238956	3.271479e-15
4726.80305505	3.293943e-15
4727.55372053	3.115948e-15
4728.30438602	3.369661e-15
4729.05505151	3.237303e-15
4729.80571699	3.237853e-15
4730.55638248	3.195971e-15
4731.30704796	3.254598e-15
4732.05771345	3.306423e-15
4732.80837893	3.248782e-15
4733.55904442	3.267522e-15
4734.30970991	3.282065e-15
4735.06037539	3.340082e-15
4735.81104088	3.27362e-15
4736.56170636	3.21276e-15
4737.31237185	3.305263e-15
4738.06303734	3.264881e-15
4738.81370282	3.250313e-15
4739.56436831	3.258629e-15
4740.31503379	3.22828e-15
4741.06569928	3.310656e-15
4741.81636477	3.254611e-15
4742.56703025	3.324668e-15
4743.31769574	3.337756e-15
4744.06836122	3.285134e-15
4744.81902671	3.232246e-15
4745.56969219	3.233461e-15
4746.32035768	3.24305e-15
4747.07102317	3.289459e-15
4747.82168865	3.127737e-15
4748.57235414	3.24415e-15
4749.32301962	3.223582e-15
4750.07368511	3.189297e-15
4750.8243506	3.130938e-15
4751.57501608	3.141992e-15
4752.32568157	3.175495e-15
4753.07634705	3.11841e-15
4753.82701254	3.242776e-15
4754.57767802	3.152347e-15
4755.32834351	3.177986e-15
4756.079009	3.111007e-15
4756.82967448	3.255098e-15
4757.58033997	3.050974e-15
4758.33100545	3.007387e-15
4759.08167094	3.133215e-15
4759.83233643	3.132979e-15
4760.58300191	3.150413e-15
4761.3336674	3.213331e-15
4762.08433288	3.036709e-15
4762.83499837	3.036729e-15
4763.58566386	2.979605e-15
4764.33632934	3.016096e-15
4765.08699483	2.972767e-15
4765.83766031	2.87872e-15
4766.5883258	3.066949e-15
4767.33899128	2.942178e-15
4768.08965677	2.956443e-15
4768.84032226	2.907511e-15
4769.59098774	2.912512e-15
4770.34165323	2.892197e-15
4771.09231871	2.889006e-15
4771.8429842	2.764527e-15
4772.59364969	2.708581e-15
4773.34431517	2.693693e-15
4774.09498066	2.808281e-15
4774.84564614	2.694202e-15
4775.59631163	2.697226e-15
4776.34697711	2.766283e-15
4777.0976426	2.784257e-15
4777.84830809	2.654881e-15
4778.59897357	2.550384e-15
4779.34963906	2.599496e-15
4780.10030454	2.502173e-15
4780.85097003	2.551076e-15
4781.60163552	2.609898e-15
4782.352301	2.574925e-15
4783.10296649	2.432551e-15
4783.85363197	2.544375e-15
4784.60429746	2.506301e-15
4785.35496294	2.386043e-15
4786.10562843	2.519664e-15
4786.85629392	2.437925e-15
4787.6069594	2.371748e-15
4788.35762489	2.374784e-15
4789.10829037	2.295248e-15
4789.85895586	2.270833e-15
4790.60962135	2.31689e-15
4791.36028683	2.308329e-15
4792.11095232	2.316299e-15
4792.8616178	2.279269e-15
4793.61228329	2.250241e-15
4794.36294878	2.358658e-15
4795.11361426	2.272724e-15
4795.86427975	2.171857e-15
4796.61494523	2.185848e-15
4797.36561072	2.106564e-15
4798.1162762	2.121917e-15
4798.86694169	2.132626e-15
4799.61760718	2.2043e-15
4800.36827266	2.155457e-15
4801.11893815	2.071581e-15
4801.86960363	2.201343e-15
4802.62026912	2.186534e-15
4803.37093461	2.238825e-15
4804.12160009	2.203392e-15
4804.87226558	2.146967e-15
4805.62293106	2.165398e-15
4806.37359655	2.140375e-15
4807.12426203	2.208195e-15
4807.87492752	2.161421e-15
4808.62559301	2.123336e-15
4809.37625849	2.234279e-15
4810.12692398	2.049928e-15
4810.87758946	2.196625e-15
4811.62825495	2.174479e-15
4812.37892044	2.247673e-15
4813.12958592	2.07881e-15
4813.88025141	2.177806e-15
4814.63091689	2.149223e-15
4815.38158238	2.182341e-15
4816.13224787	2.133397e-15
4816.88291335	2.231394e-15
4817.63357884	2.188751e-15
4818.38424432	2.252157e-15
4819.13490981	2.123703e-15
4819.88557529	2.159343e-15
4820.63624078	2.096641e-15
4821.38690627	2.178373e-15
4822.13757175	2.173439e-15
4822.88823724	2.168344e-15
4823.63890272	2.234966e-15
4824.38956821	2.172721e-15
4825.1402337	2.203931e-15
4825.89089918	2.169458e-15
4826.64156467	2.208448e-15
4827.39223015	2.252067e-15
4828.14289564	2.229577e-15
4828.89356112	2.209387e-15
4829.64422661	2.339808e-15
4830.3948921	2.401142e-15
4831.14555758	2.244829e-15
4831.89622307	2.227701e-15
4832.64688855	2.255201e-15
4833.39755404	2.192733e-15
4834.14821953	2.303463e-15
4834.89888501	2.253416e-15
4835.6495505	2.264845e-15
4836.40021598	2.375729e-15
4837.15088147	2.348949e-15
4837.90154696	2.284785e-15
4838.65221244	2.237414e-15
4839.40287793	2.350936e-15
4840.15354341	2.359899e-15
4840.9042089	2.29406e-15
4841.65487438	2.456449e-15
4842.40553987	2.286936e-15
4843.15620536	2.205393e-15
4843.90687084	2.340614e-15
4844.65753633	2.301411e-15
4845.40820181	2.271836e-15
4846.1588673	2.371547e-15
4846.90953279	2.308947e-15
4847.66019827	2.342834e-15
4848.41086376	2.27659e-15
4849.16152924	2.296282e-15
4849.91219473	2.399826e-15
4850.66286021	2.350198e-15
4851.4135257	2.380942e-15
4852.16419119	2.299461e-15
4852.91485667	2.259716e-15
4853.66552216	2.29539e-15
4854.41618764	2.420913e-15
4855.16685313	2.278854e-15
4855.91751862	2.335538e-15
4856.6681841	2.290257e-15
4857.41884959	2.214674e-15
4858.16951507	2.310468e-15
4858.92018056	2.229666e-15
4859.67084605	2.348666e-15
4860.42151153	2.180224e-15
4861.17217702	2.181907e-15
4861.9228425	2.161903e-15
4862.67350799	2.160808e-15
4863.42417347	2.182006e-15
4864.17483896	2.2234e-15
4864.92550445	2.156635e-15
4865.67616993	2.037023e-15
4866.42683542	2.026397e-15
4867.1775009	1.95229e-15
4867.92816639	2.066591e-15
4868.67883188	2.047689e-15
4869.42949736	2.035967e-15
4870.18016285	1.936883e-15
4870.93082833	1.990355e-15
4871.68149382	2.016694e-15
4872.4321593	1.945765e-15
4873.18282479	1.913736e-15
4873.93349028	1.934111e-15
4874.68415576	1.978176e-15
4875.43482125	1.95121e-15
4876.18548673	1.938579e-15
4876.93615222	1.89794e-15
4877.68681771	1.879859e-15
4878.43748319	1.944116e-15
4879.18814868	1.977574e-15
4879.93881416	1.85886e-15
4880.68947965	1.927384e-15
4881.44014513	1.885965e-15
4882.19081062	1.949396e-15
4882.94147611	1.839358e-15
4883.69214159	1.854697e-15
4884.44280708	1.886312e-15
4885.19347256	1.799134e-15
4885.94413805	1.869849e-15
4886.69480354	1.84726e-15
4887.44546902	1.774513e-15
4888.19613451	1.770275e-15
4888.94679999	1.814922e-15
4889.69746548	1.772917e-15
4890.44813097	1.749047e-15
4891.19879645	1.87033e-15
4891.94946194	1.823088e-15
4892.70012742	1.820778e-15
4893.45079291	1.779694e-15
4894.20145839	1.802792e-15
4894.95212388	1.790229e-15
4895.70278937	1.772246e-15
4896.45345485	1.76562e-15
4897.20412034	1.833229e-15
4897.95478582	1.68717e-15
4898.70545131	1.838645e-15
4899.4561168	1.810332e-15
4900.20678228	1.688718e-15
4900.95744777	1.758542e-15
4901.70811325	1.74894e-15
4902.45877874	1.786602e-15
4903.20944422	1.695156e-15
4903.96010971	1.729565e-15
4904.7107752	1.784655e-15
4905.46144068	1.8006e-15
4906.21210617	1.763345e-15
4906.96277165	1.793893e-15
4907.71343714	1.774642e-15
4908.46410263	1.889373e-15
4909.21476811	1.701436e-15
4909.9654336	1.774061e-15
4910.71609908	1.798966e-15
4911.46676457	1.831947e-15
4912.21743006	1.868598e-15
4912.96809554	1.904164e-15
4913.71876103	1.919104e-15
4914.46942651	1.886245e-15
4915.220092	1.931954e-15
4915.97075748	1.830684e-15
4916.72142297	1.893803e-15
4917.47208846	1.909798e-15
4918.22275394	1.943569e-15
4918.97341943	1.92016e-15
4919.72408491	2.010368e-15
4920.4747504	2.017411e-15
4921.22541589	2.030272e-15
4921.97608137	1.942601e-15
4922.72674686	1.835394e-15
4923.47741234	1.985789e-15
4924.22807783	2.018748e-15
4924.97874331	2.040891e-15
4925.7294088	2.151498e-15
4926.48007429	2.030899e-15
4927.23073977	2.127536e-15
4927.98140526	2.116466e-15
4928.73207074	2.167476e-15
4929.48273623	2.171713e-15
4930.23340172	2.171133e-15
4930.9840672	2.217654e-15
4931.73473269	2.159839e-15
4932.48539817	2.178224e-15
4933.23606366	2.131854e-15
4933.98672915	2.2103e-15
4934.73739463	2.206338e-15
4935.48806012	2.201014e-15
4936.2387256	2.263049e-15
4936.98939109	2.22167e-15
4937.74005657	2.23759e-15
4938.49072206	2.235444e-15
4939.24138755	2.282428e-15
4939.99205303	2.264661e-15
4940.74271852	2.288271e-15
4941.493384	2.283698e-15
4942.24404949	2.253547e-15
4942.99471498	2.272788e-15
4943.74538046	2.250751e-15
4944.49604595	2.263269e-15
4945.24671143	2.293281e-15
4945.99737692	2.219068e-15
4946.7480424	2.22696e-15
4947.49870789	2.293987e-15
4948.24937338	2.22976e-15
4949.00003886	2.283744e-15
4949.75070435	2.315752e-15
4950.50136983	2.209982e-15
4951.25203532	2.162711e-15
4952.00270081	2.129118e-15
4952.75336629	2.210323e-15
4953.50403178	2.204268e-15
4954.25469726	2.158173e-15
4955.00536275	2.179397e-15
4955.75602823	2.232316e-15
4956.50669372	2.133501e-15
4957.25735921	2.041286e-15
4958.00802469	1.99873e-15
4958.75869018	2.137701e-15
4959.50935566	2.002171e-15
4960.26002115	1.977549e-15
4961.01068664	2.018954e-15
4961.76135212	1.999141e-15
4962.51201761	1.945241e-15
4963.26268309	2.07554e-15
4964.01334858	1.924124e-15
4964.76401407	1.939386e-15
4965.51467955	1.91612e-15
4966.26534504	1.92234e-15
4967.01601052	1.853256e-15
4967.76667601	1.92343e-15
4968.51734149	1.897894e-15
4969.26800698	1.918024e-15
4970.01867247	1.74285e-15
4970.76933795	1.891681e-15
4971.52000344	1.907565e-15
4972.27066892	1.767103e-15
4973.02133441	1.787497e-15
4973.7719999	1.907951e-15
4974.52266538	1.751509e-15
4975.27333087	1.771953e-15
4976.02399635	1.77365e-15
4976.77466184	1.749585e-15
4977.52532732	1.777831e-15
4978.27599281	1.783485e-15
4979.0266583	1.711758e-15
4979.77732378	1.747878e-15
4980.52798927	1.738494e-15
4981.27865475	1.727979e-15
4982.02932024	1.758705e-15
4982.77998573	1.741311e-15
4983.53065121	1.813444e-15
4984.2813167	1.815169e-15
4985.03198218	1.694709e-15
4985.78264767	1.445256e-15
4986.53331316	1.381754e-15
4987.28397864	1.400379e-15
4988.03464413	1.533918e-15
4988.78530961	1.62586e-15
4989.5359751	1.692298e-15
4990.28664058	1.778872e-15
4991.03730607	1.707012e-15
4991.78797156	1.634695e-15
4992.53863704	1.553158e-15
4993.28930253	1.564849e-15
4994.03996801	1.601262e-15
4994.7906335	1.578603e-15
4995.54129899	1.614464e-15
4996.29196447	1.577269e-15
4997.04262996	1.608288e-15
4997.79329544	1.522941e-15
4998.54396093	1.615282e-15
4999.29462641	1.610593e-15
5000.0452919	1.683576e-15
5000.79595739	1.571935e-15
5001.54662287	1.487865e-15
5002.29728836	1.54099e-15
5003.04795384	1.627652e-15
5003.79861933	1.557032e-15
5004.54928482	1.499941e-15
5005.2999503	1.607784e-15
5006.05061579	1.514262e-15
5006.80128127	1.460005e-15
5007.55194676	1.624908e-15
5008.30261225	1.607143e-15
5009.05327773	1.537144e-15
5009.80394322	1.558749e-15
5010.5546087	1.568621e-15
5011.30527419	1.518726e-15
5012.05593967	1.584417e-15
5012.80660516	1.639912e-15
5013.55727065	1.561337e-15
5014.30793613	1.51762e-15
5015.05860162	1.532617e-15
5015.8092671	1.531122e-15
5016.55993259	1.598422e-15
5017.31059808	1.518588e-15
5018.06126356	1.552178e-15
5018.81192905	1.630601e-15
5019.56259453	1.556108e-15
5020.31326002	1.607067e-15
5021.0639255	1.48624e-15
5021.81459099	1.594072e-15
5022.56525648	1.584479e-15
5023.31592196	1.61501e-15
5024.06658745	1.62719e-15
5024.81725293	1.618307e-15
5025.56791842	1.569782e-15
5026.31858391	1.602307e-15
5027.06924939	1.575982e-15
5027.81991488	1.643735e-15
5028.57058036	1.669782e-15
5029.32124585	1.679728e-15
5030.07191133	1.649406e-15
5030.82257682	1.745549e-15
5031.57324231	1.690049e-15
5032.32390779	1.728889e-15
5033.07457328	1.689253e-15
5033.82523876	1.682157e-15
5034.57590425	1.793017e-15
5035.32656974	1.73027e-15
5036.07723522	1.696707e-15
5036.82790071	1.76021e-15
5037.57856619	1.720424e-15
5038.32923168	1.741474e-15
5039.07989717	1.75281e-15
5039.83056265	1.842982e-15
5040.58122814	1.826559e-15
5041.33189362	1.831249e-15
5042.08255911	1.769162e-15
5042.83322459	1.889642e-15
5043.58389008	1.852912e-15
5044.33455557	1.783055e-15
5045.08522105	1.82915e-15
5045.83588654	1.843905e-15
5046.58655202	1.822679e-15
5047.33721751	1.905523e-15
5048.087883	1.890565e-15
5048.83854848	1.861602e-15
5049.58921397	1.800788e-15
5050.33987945	1.823043e-15
5051.09054494	1.923553e-15
5051.84121042	1.862102e-15
5052.59187591	1.817209e-15
5053.3425414	1.874621e-15
5054.09320688	1.823141e-15
5054.84387237	1.86512e-15
5055.59453785	1.768566e-15
5056.34520334	1.964184e-15
5057.09586883	1.903121e-15
5057.84653431	1.874161e-15
5058.5971998	1.957312e-15
5059.34786528	1.89697e-15
5060.09853077	1.833101e-15
5060.84919626	1.902272e-15
5061.59986174	1.892914e-15
5062.35052723	1.926128e-15
5063.10119271	1.92651e-15
5063.8518582	1.982175e-15
5064.60252368	1.953089e-15
5065.35318917	1.968374e-15
5066.10385466	1.923428e-15
5066.85452014	1.935504e-15
5067.60518563	1.869398e-15
5068.35585111	1.99285e-15
5069.1065166	1.962851e-15
5069.85718209	2.01275e-15
5070.60784757	1.91154e-15
5071.35851306	1.93813e-15
5072.10917854	1.968855e-15
5072.85984403	1.910536e-15
5073.61050951	1.903857e-15
5074.361175	1.964589e-15
5075.11184049	1.891147e-15
5075.86250597	1.951216e-15
5076.61317146	1.962847e-15
5077.36383694	1.895708e-15
5078.11450243	1.966289e-15
5078.86516792	1.883818e-15
5079.6158334	1.911037e-15
5080.36649889	1.901054e-15
5081.11716437	1.919364e-15
5081.86782986	1.964075e-15
5082.61849535	1.953075e-15
5083.36916083	1.971546e-15
5084.11982632	1.963179e-15
5084.8704918	1.989519e-15
5085.62115729	1.986133e-15
5086.37182277	1.901849e-15
5087.12248826	1.930323e-15
5087.87315375	1.985583e-15
5088.62381923	1.979895e-15
5089.37448472	2.011374e-15
5090.1251502	2.021312e-15
5090.87581569	1.902698e-15
5091.62648118	2.033603e-15
5092.37714666	1.934793e-15
5093.12781215	2.001428e-15
5093.87847763	1.989994e-15
5094.62914312	1.978323e-15
5095.3798086	1.975961e-15
5096.13047409	1.99732e-15
5096.88113958	2.047601e-15
5097.63180506	2.032474e-15
5098.38247055	1.95296e-15
5099.13313603	1.9325e-15
5099.88380152	2.002503e-15
5100.63446701	1.96992e-15
5101.38513249	1.901935e-15
5102.13579798	1.886322e-15
5102.88646346	2.017814e-15
5103.63712895	2.021457e-15
5104.38779444	1.940834e-15
5105.13845992	1.917587e-15
5105.88912541	1.880371e-15
5106.63979089	1.896835e-15
5107.39045638	1.830084e-15
5108.14112186	1.901963e-15
5108.89178735	1.862454e-15
5109.64245284	1.844694e-15
5110.39311832	1.856923e-15
5111.14378381	1.76426e-15
5111.89444929	1.815408e-15
5112.64511478	1.861901e-15
5113.39578027	1.88802e-15
5114.14644575	1.782288e-15
5114.89711124	1.789259e-15
5115.64777672	1.704314e-15
5116.39844221	1.73893e-15
5117.14910769	1.718879e-15
5117.89977318	1.755549e-15
5118.65043867	1.833436e-15
5119.40110415	1.74713e-15
5120.15176964	1.731307e-15
5120.90243512	1.763933e-15
5121.65310061	1.806371e-15
5122.4037661	1.72912e-15
5123.15443158	1.69413e-15
5123.90509707	1.702139e-15
5124.65576255	1.754266e-15
5125.40642804	1.723289e-15
5126.15709352	1.759995e-15
5126.90775901	1.831887e-15
5127.6584245	1.828773e-15
5128.40908998	1.807346e-15
5129.15975547	1.79092e-15
5129.91042095	1.67773e-15
5130.66108644	1.693244e-15
5131.41175193	1.717491e-15
5132.16241741	1.69164e-15
5132.9130829	1.667012e-15
5133.66374838	1.768096e-15
5134.41441387	1.785612e-15
5135.16507936	1.748405e-15
5135.91574484	1.708647e-15
5136.66641033	1.715604e-15
5137.41707581	1.763646e-15
5138.1677413	1.705628e-15
5138.91840678	1.759184e-15
5139.66907227	1.723128e-15
5140.41973776	1.719346e-15
5141.17040324	1.672655e-15
5141.92106873	1.712706e-15
5142.67173421	1.740178e-15
5143.4223997	1.813624e-15
5144.17306519	1.783215e-15
5144.92373067	1.697709e-15
5145.67439616	1.819549e-15
5146.42506164	1.8161e-15
5147.17572713	1.753117e-15
5147.92639261	1.739988e-15
5148.6770581	1.789124e-15
5149.42772359	1.759613e-15
5150.17838907	1.729345e-15
5150.92905456	1.818866e-15
5151.67972004	1.754331e-15
5152.43038553	1.867496e-15
5153.18105102	1.784376e-15
5153.9317165	1.828986e-15
5154.68238199	1.816409e-15
5155.43304747	1.850579e-15
5156.18371296	1.89682e-15
5156.93437845	1.861817e-15
5157.68504393	1.877442e-15
5158.43570942	1.898768e-15
5159.1863749	1.834034e-15
5159.93704039	1.776999e-15
5160.68770587	1.821768e-15
5161.43837136	1.892376e-15
5162.18903685	1.991438e-15
5162.93970233	1.861261e-15
5163.69036782	1.869955e-15
5164.4410333	1.907775e-15
5165.19169879	1.909477e-15
5165.94236428	1.951083e-15
5166.69302976	1.956974e-15
5167.44369525	1.906714e-15
5168.19436073	1.891172e-15
5168.94502622	1.863411e-15
5169.6956917	1.879011e-15
5170.44635719	1.903958e-15
5171.19702268	1.971846e-15
5171.94768816	1.944186e-15
5172.69835365	1.864072e-15
5173.44901913	1.871143e-15
5174.19968462	1.93629e-15
5174.95035011	1.888003e-15
5175.70101559	1.883888e-15
5176.45168108	1.894883e-15
5177.20234656	1.880245e-15
5177.95301205	1.808146e-15
5178.70367754	1.874179e-15
5179.45434302	1.930225e-15
5180.20500851	1.830171e-15
5180.95567399	1.834494e-15
5181.70633948	1.781476e-15
5182.45700496	1.864782e-15
5183.20767045	1.888791e-15
5183.95833594	1.811051e-15
5184.70900142	1.922527e-15
5185.45966691	1.915386e-15
5186.21033239	1.854122e-15
5186.96099788	1.929077e-15
5187.71166337	1.906833e-15
5188.46232885	1.787161e-15
5189.21299434	1.885905e-15
5189.96365982	1.939675e-15
5190.71432531	1.916846e-15
5191.46499079	1.874382e-15
5192.21565628	1.86761e-15
5192.96632177	1.821381e-15
5193.71698725	1.794752e-15
5194.46765274	1.904504e-15
5195.21831822	1.93571e-15
5195.96898371	1.895298e-15
5196.7196492	1.910668e-15
5197.47031468	1.957241e-15
5198.22098017	1.904217e-15
5198.97164565	1.932173e-15
5199.72231114	1.986782e-15
5200.47297662	1.987033e-15
5201.22364211	2.050238e-15
5201.9743076	1.996689e-15
5202.72497308	1.895954e-15
5203.47563857	2.066778e-15
5204.22630405	2.013534e-15
5204.97696954	2.106155e-15
5205.72763503	1.999439e-15
5206.47830051	1.936082e-15
5207.228966	2.041291e-15
5207.97963148	2.02965e-15
5208.73029697	2.055202e-15
5209.48096246	1.979212e-15
5210.23162794	2.060218e-15
5210.98229343	2.083528e-15
5211.73295891	2.151142e-15
5212.4836244	2.139644e-15
5213.23428988	2.060635e-15
5213.98495537	2.077568e-15
5214.73562086	2.046572e-15
5215.48628634	1.990081e-15
5216.23695183	2.049995e-15
5216.98761731	2.166383e-15
5217.7382828	2.123485e-15
5218.48894829	2.176536e-15
5219.23961377	2.09699e-15
5219.99027926	2.133099e-15
5220.74094474	1.984298e-15
5221.49161023	2.15478e-15
5222.24227571	2.156954e-15
5222.9929412	2.117561e-15
5223.74360669	2.19719e-15
5224.49427217	2.128821e-15
5225.24493766	2.275626e-15
5225.99560314	2.123241e-15
5226.74626863	2.188213e-15
5227.49693412	2.204727e-15
5228.2475996	2.213514e-15
5228.99826509	2.280362e-15
5229.74893057	2.132857e-15
5230.49959606	2.161227e-15
5231.25026155	2.195984e-15
5232.00092703	2.290527e-15
5232.75159252	2.282468e-15
5233.502258	2.220557e-15
5234.25292349	2.309219e-15
5235.00358897	2.372702e-15
5235.75425446	2.297316e-15
5236.50491995	2.218677e-15
5237.25558543	2.314354e-15
5238.00625092	2.344688e-15
5238.7569164	2.271989e-15
5239.50758189	2.319422e-15
5240.25824738	2.281816e-15
5241.00891286	2.347618e-15
5241.75957835	2.391199e-15
5242.51024383	2.317452e-15
5243.26090932	2.352565e-15
5244.0115748	2.439371e-15
5244.76224029	2.316115e-15
5245.51290578	2.429996e-15
5246.26357126	2.374587e-15
5247.01423675	2.486006e-15
5247.76490223	2.46501e-15
5248.51556772	2.415924e-15
5249.26623321	2.291307e-15
5250.01689869	2.306573e-15
5250.76756418	2.357679e-15
5251.51822966	2.357802e-15
5252.26889515	2.310002e-15
5253.01956064	2.307198e-15
5253.77022612	2.468053e-15
5254.52089161	2.416873e-15
5255.27155709	2.309005e-15
5256.02222258	2.350279e-15
5256.77288806	2.312991e-15
5257.52355355	2.363893e-15
5258.27421904	2.418339e-15
5259.02488452	2.30876e-15
5259.77555001	2.38046e-15
5260.52621549	2.373995e-15
5261.27688098	2.475973e-15
5262.02754647	2.389755e-15
5262.77821195	2.38122e-15
5263.52887744	2.326161e-15
5264.27954292	2.315501e-15
5265.03020841	2.378426e-15
5265.78087389	2.484697e-15
5266.53153938	2.38607e-15
5267.28220487	2.339972e-15
5268.03287035	2.383741e-15
5268.78353584	2.477909e-15
5269.53420132	2.348226e-15
5270.28486681	2.410702e-15
5271.0355323	2.378825e-15
5271.78619778	2.458518e-15
5272.53686327	2.398068e-15
5273.28752875	2.319742e-15
5274.03819424	2.504345e-15
5274.78885973	2.412685e-15
5275.53952521	2.430185e-15
5276.2901907	2.361244e-15
5277.04085618	2.408017e-15
5277.79152167	2.394104e-15
5278.54218715	2.36092e-15
5279.29285264	2.390362e-15
5280.04351813	2.371255e-15
5280.79418361	2.323907e-15
5281.5448491	2.291154e-15
5282.29551458	2.361864e-15
5283.04618007	2.498943e-15
5283.79684556	2.361454e-15
5284.54751104	2.279339e-15
5285.29817653	2.370681e-15
5286.04884201	2.365242e-15
5286.7995075	2.385146e-15
5287.55017298	2.342044e-15
5288.30083847	2.321364e-15
5289.05150396	2.317955e-15
5289.80216944	2.348981e-15
5290.55283493	2.31182e-15
5291.30350041	2.279108e-15
5292.0541659	2.422152e-15
5292.80483139	2.317818e-15
5293.55549687	2.333826e-15
5294.30616236	2.313812e-15
5295.05682784	2.375829e-15
5295.80749333	2.28623e-15
5296.55815881	2.273955e-15
5297.3088243	2.225542e-15
5298.05948979	2.241046e-15
5298.81015527	2.26008e-15
5299.56082076	2.264439e-15
5300.31148624	2.238765e-15
5301.06215173	2.215603e-15
5301.81281722	2.330656e-15
5302.5634827	2.293548e-15
5303.31414819	2.243969e-15
5304.06481367	2.158541e-15
5304.81547916	2.187597e-15
5305.56614465	2.313806e-15
5306.31681013	2.253422e-15
5307.06747562	2.200674e-15
5307.8181411	2.20687e-15
5308.56880659	2.275912e-15
5309.31947207	2.197367e-15
5310.07013756	2.336367e-15
5310.82080305	2.179451e-15
5311.57146853	2.122343e-15
5312.32213402	2.136063e-15
5313.0727995	2.274926e-15
5313.82346499	2.205706e-15
5314.57413048	2.194289e-15
5315.32479596	2.218746e-15
5316.07546145	2.187969e-15
5316.82612693	2.142752e-15
5317.57679242	2.178759e-15
5318.3274579	2.129739e-15
5319.07812339	2.276123e-15
5319.82878888	2.124675e-15
5320.57945436	2.128224e-15
5321.33011985	2.223203e-15
5322.08078533	2.165991e-15
5322.83145082	2.152128e-15
5323.58211631	2.20755e-15
5324.33278179	2.141611e-15
5325.08344728	2.209442e-15
5325.83411276	2.124037e-15
5326.58477825	2.130194e-15
5327.33544374	2.230397e-15
5328.08610922	2.203479e-15
5328.83677471	2.172317e-15
5329.58744019	2.141055e-15
5330.33810568	2.198849e-15
5331.08877116	2.229492e-15
5331.83943665	2.208176e-15
5332.59010214	2.179103e-15
5333.34076762	2.176389e-15
5334.09143311	2.212386e-15
5334.84209859	2.219008e-15
5335.59276408	2.272445e-15
5336.34342957	2.255623e-15
5337.09409505	2.270527e-15
5337.84476054	2.335583e-15
5338.59542602	2.261727e-15
5339.34609151	2.310931e-15
5340.09675699	2.281306e-15
5340.84742248	2.16259e-15
5341.59808797	2.217908e-15
5342.34875345	2.309689e-15
5343.09941894	2.208004e-15
5343.85008442	2.284173e-15
5344.60074991	2.327867e-15
5345.3514154	2.231943e-15
5346.10208088	2.314815e-15
5346.85274637	2.377091e-15
5347.60341185	2.305643e-15
5348.35407734	2.279911e-15
5349.10474283	2.332746e-15
5349.85540831	2.392409e-15
5350.6060738	2.318985e-15
5351.35673928	2.31489e-15
5352.10740477	2.306876e-15
5352.85807025	2.353057e-15
5353.60873574	2.335454e-15
5354.35940123	2.350146e-15
5355.11006671	2.319459e-15
5355.8607322	2.342175e-15
5356.61139768	2.353143e-15
5357.36206317	2.325463e-15
5358.11272866	2.341887e-15
5358.86339414	2.310636e-15
5359.61405963	2.285111e-15
5360.36472511	2.349471e-15
5361.1153906	2.349879e-15
5361.86605608	2.416331e-15
5362.61672157	2.361432e-15
5363.36738706	2.348015e-15
5364.11805254	2.450597e-15
5364.86871803	2.266218e-15
5365.61938351	2.375546e-15
5366.370049	2.410081e-15
5367.12071449	2.30579e-15
5367.87137997	2.313751e-15
5368.62204546	2.366555e-15
5369.37271094	2.325412e-15
5370.12337643	2.31367e-15
5370.87404191	2.366137e-15
5371.6247074	2.394602e-15
5372.37537289	2.394268e-15
5373.12603837	2.320164e-15
5373.87670386	2.328908e-15
5374.62736934	2.298609e-15
5375.37803483	2.237539e-15
5376.12870032	2.365786e-15
5376.8793658	2.272554e-15
5377.63003129	2.230137e-15
5378.38069677	2.255998e-15
5379.13136226	2.312649e-15
5379.88202775	2.293269e-15
5380.63269323	2.313527e-15
5381.38335872	2.139237e-15
5382.1340242	2.233354e-15
5382.88468969	2.240679e-15
5383.63535517	2.229187e-15
5384.38602066	2.258972e-15
5385.13668615	2.137472e-15
5385.88735163	2.221501e-15
5386.63801712	2.269691e-15
5387.3886826	2.19256e-15
5388.13934809	2.137939e-15
5388.89001358	2.115735e-15
5389.64067906	2.072277e-15
5390.39134455	2.166616e-15
5391.14201003	2.09248e-15
5391.89267552	2.096437e-15
5392.643341	2.033576e-15
5393.39400649	1.928145e-15
5394.14467198	2.018335e-15
5394.89533746	1.944885e-15
5395.64600295	1.962732e-15
5396.39666843	1.993614e-15
5397.14733392	1.945589e-15
5397.89799941	1.835391e-15
5398.64866489	1.807003e-15
5399.39933038	1.93705e-15
5400.14999586	1.900889e-15
5400.90066135	1.865279e-15
5401.65132684	1.875342e-15
5402.40199232	1.848998e-15
5403.15265781	1.810757e-15
5403.90332329	1.787332e-15
5404.65398878	1.673008e-15
5405.40465426	1.728379e-15
5406.15531975	1.739913e-15
5406.90598524	1.782983e-15
5407.65665072	1.788649e-15
5408.40731621	1.718411e-15
5409.15798169	1.803507e-15
5409.90864718	1.703073e-15
5410.65931267	1.75027e-15
5411.40997815	1.692731e-15
5412.16064364	1.633288e-15
5412.91130912	1.655834e-15
5413.66197461	1.644843e-15
5414.41264009	1.597737e-15
5415.16330558	1.555916e-15
5415.91397107	1.689478e-15
5416.66463655	1.702424e-15
5417.41530204	1.581585e-15
5418.16596752	1.684728e-15
5418.91663301	1.489112e-15
5419.6672985	1.546744e-15
5420.41796398	1.549194e-15
5421.16862947	1.589344e-15
5421.91929495	1.540629e-15
5422.66996044	1.550436e-15
5423.42062593	1.551319e-15
5424.17129141	1.573593e-15
5424.9219569	1.519115e-15
5425.67262238	1.535836e-15
5426.42328787	1.470424e-15
5427.17395335	1.531422e-15
5427.92461884	1.53261e-15
5428.67528433	1.476858e-15
5429.42594981	1.540339e-15
5430.1766153	1.443666e-15
5430.92728078	1.512836e-15
5431.67794627	1.511144e-15
5432.42861176	1.505575e-15
5433.17927724	1.470218e-15
5433.92994273	1.49574e-15
5434.68060821	1.505776e-15
5435.4312737	1.505209e-15
5436.18193918	1.488284e-15
5436.93260467	1.473689e-15
5437.68327016	1.413619e-15
5438.43393564	1.407744e-15
5439.18460113	1.483283e-15
5439.93526661	1.382666e-15
5440.6859321	1.47456e-15
5441.43659759	1.439811e-15
5442.18726307	1.393892e-15
5442.93792856	1.478371e-15
5443.68859404	1.451713e-15
5444.43925953	1.428943e-15
5445.18992501	1.480296e-15
5445.9405905	1.429609e-15
5446.69125599	1.440435e-15
5447.44192147	1.510205e-15
5448.19258696	1.400146e-15
5448.94325244	1.34987e-15
5449.69391793	1.400271e-15
5450.44458342	1.443312e-15
5451.1952489	1.452537e-15
5451.94591439	1.460334e-15
5452.69657987	1.404839e-15
5453.44724536	1.449082e-15
5454.19791085	1.504729e-15
5454.94857633	1.447626e-15
5455.69924182	1.455772e-15
5456.4499073	1.415363e-15
5457.20057279	1.422027e-15
5457.95123827	1.553675e-15
5458.70190376	1.552858e-15
5459.45256925	1.56175e-15
5460.20323473	1.455519e-15
5460.95390022	1.540903e-15
5461.7045657	1.47659e-15
5462.45523119	1.518028e-15
5463.20589668	1.500895e-15
5463.95656216	1.517198e-15
5464.70722765	1.478276e-15
5465.45789313	1.525766e-15
5466.20855862	1.539059e-15
5466.9592241	1.514228e-15
5467.70988959	1.605085e-15
5468.46055508	1.558351e-15
5469.21122056	1.575262e-15
5469.96188605	1.529613e-15
5470.71255153	1.542189e-15
5471.46321702	1.486355e-15
5472.21388251	1.552566e-15
5472.96454799	1.614452e-15
5473.71521348	1.51409e-15
5474.46587896	1.431864e-15
5475.21654445	1.543167e-15
5475.96720994	1.501635e-15
5476.71787542	1.490667e-15
5477.46854091	1.540216e-15
5478.21920639	1.538674e-15
5478.96987188	1.450847e-15
5479.72053736	1.524823e-15
5480.47120285	1.50876e-15
5481.22186834	1.54927e-15
5481.97253382	1.520189e-15
5482.72319931	1.448364e-15
5483.47386479	1.403564e-15
5484.22453028	1.50246e-15
5484.97519577	1.552158e-15
5485.72586125	1.482422e-15
5486.47652674	1.47509e-15
5487.22719222	1.51829e-15
5487.97785771	1.48973e-15
5488.72852319	1.429454e-15
5489.47918868	1.515312e-15
5490.22985417	1.511558e-15
5490.98051965	1.498553e-15
5491.73118514	1.494319e-15
5492.48185062	1.497998e-15
5493.23251611	1.485327e-15
5493.9831816	1.446284e-15
5494.73384708	1.52576e-15
5495.48451257	1.555959e-15
5496.23517805	1.55009e-15
5496.98584354	1.534432e-15
5497.73650903	1.625438e-15
5498.48717451	1.606933e-15
5499.23784	1.557769e-15
5499.98850548	1.539789e-15
5500.73917097	1.562873e-15
5501.48983645	1.604332e-15
5502.24050194	1.591663e-15
5502.99116743	1.630708e-15
5503.74183291	1.60316e-15
5504.4924984	1.605427e-15
5505.24316388	1.619382e-15
5505.99382937	1.623321e-15
5506.74449486	1.62771e-15
5507.49516034	1.570365e-15
5508.24582583	1.610737e-15
5508.99649131	1.716551e-15
5509.7471568	1.697509e-15
5510.49782228	1.645239e-15
5511.24848777	1.613901e-15
5511.99915326	1.61474e-15
5512.74981874	1.640136e-15
5513.50048423	1.578495e-15
5514.25114971	1.638737e-15
5515.0018152	1.615383e-15
5515.75248069	1.613254e-15
5516.50314617	1.693656e-15
5517.25381166	1.674934e-15
5518.00447714	1.663026e-15
5518.75514263	1.773426e-15
5519.50580812	1.749778e-15
5520.2564736	1.766832e-15
5521.00713909	1.767416e-15
5521.75780457	1.713965e-15
5522.50847006	1.725252e-15
5523.25913554	1.788301e-15
5524.00980103	1.702664e-15
5524.76046652	1.60831e-15
5525.511132	1.572069e-15
5526.26179749	1.708179e-15
5527.01246297	1.708383e-15
5527.76312846	1.652427e-15
5528.51379395	1.724252e-15
5529.26445943	1.687455e-15
5530.01512492	1.642187e-15
5530.7657904	1.678301e-15
5531.51645589	1.675486e-15
5532.26712137	1.740508e-15
5533.01778686	1.673448e-15
5533.76845235	1.666194e-15
5534.51911783	1.689022e-15
5535.26978332	1.723182e-15
5536.0204488	1.729991e-15
5536.77111429	1.677257e-15
5537.52177978	1.66222e-15
5538.27244526	1.745271e-15
5539.02311075	1.722828e-15
5539.77377623	1.633269e-15
5540.52444172	1.620422e-15
5541.2751072	1.581571e-15
5542.02577269	1.618511e-15
5542.77643818	1.683753e-15
5543.52710366	1.609239e-15
5544.27776915	1.608627e-15
5545.02843463	1.622996e-15
5545.77910012	1.645171e-15
5546.52976561	1.586839e-15
5547.28043109	1.616002e-15
5548.03109658	1.597821e-15
5548.78176206	1.602156e-15
5549.53242755	1.704243e-15
5550.28309304	1.640366e-15
5551.03375852	1.625547e-15
5551.78442401	1.741751e-15
5552.53508949	1.658606e-15
5553.28575498	1.545781e-15
5554.03642046	1.623034e-15
5554.78708595	1.641347e-15
5555.53775144	1.645695e-15
5556.28841692	1.627589e-15
5557.03908241	1.656154e-15
5557.78974789	1.707944e-15
5558.54041338	1.624416e-15
5559.29107887	1.629454e-15
5560.04174435	1.569618e-15
5560.79240984	1.621849e-15
5561.54307532	1.667542e-15
5562.29374081	1.594637e-15
5563.04440629	1.685935e-15
5563.79507178	1.647034e-15
5564.54573727	1.64214e-15
5565.29640275	1.595902e-15
5566.04706824	1.635874e-15
5566.79773372	1.636453e-15
5567.54839921	1.62574e-15
5568.2990647	1.62715e-15
5569.04973018	1.597271e-15
5569.80039567	1.628494e-15
5570.55106115	1.574832e-15
5571.30172664	1.620737e-15
5572.05239213	1.494447e-15
5572.80305761	1.642047e-15
5573.5537231	1.663138e-15
5574.30438858	1.7768e-15
5575.05505407	1.551584e-15
5575.80571955	1.520815e-15
5576.55638504	1.457621e-15
5577.30705053	1.354328e-15
5578.05771601	1.473444e-15
5578.8083815	1.484192e-15
5579.55904698	1.431924e-15
5580.30971247	1.449833e-15
5581.06037796	1.526454e-15
5581.81104344	1.433649e-15
5582.56170893	1.430184e-15
5583.31237441	1.461451e-15
5584.0630399	1.544116e-15
5584.81370538	1.463751e-15
5585.56437087	1.486053e-15
5586.31503636	1.46776e-15
5587.06570184	1.464897e-15
5587.81636733	1.403208e-15
5588.56703281	1.485072e-15
5589.3176983	1.457036e-15
5590.06836379	1.544963e-15
5590.81902927	1.44718e-15
5591.56969476	1.436366e-15
5592.32036024	1.460217e-15
5593.07102573	1.45393e-15
5593.82169122	1.487995e-15
5594.5723567	1.516879e-15
5595.32302219	1.408447e-15
5596.07368767	1.380269e-15
5596.82435316	1.378802e-15
5597.57501864	1.31708e-15
5598.32568413	1.398985e-15
5599.07634962	1.467142e-15
5599.8270151	1.412393e-15
5600.57768059	1.324956e-15
5601.32834607	1.378019e-15
5602.07901156	1.33996e-15
5602.82967705	1.377504e-15
5603.58034253	1.387489e-15
5604.33100802	1.298567e-15
5605.0816735	1.30786e-15
5605.83233899	1.346938e-15
5606.58300447	1.294915e-15
5607.33366996	1.295044e-15
5608.08433545	1.331964e-15
5608.83500093	1.316388e-15
5609.58566642	1.267726e-15
5610.3363319	1.253836e-15
5611.08699739	1.249021e-15
5611.83766288	1.2528e-15
5612.58832836	1.214841e-15
5613.33899385	1.167975e-15
5614.08965933	1.215736e-15
5614.84032482	1.206793e-15
5615.5909903	1.204564e-15
5616.34165579	1.175726e-15
5617.09232128	1.206172e-15
5617.84298676	1.175279e-15
5618.59365225	1.2121e-15
5619.34431773	1.221485e-15
5620.09498322	1.198817e-15
5620.84564871	1.171635e-15
5621.59631419	1.153368e-15
5622.34697968	1.195441e-15
5623.09764516	1.197636e-15
5623.84831065	1.196489e-15
5624.59897614	1.219431e-15
5625.34964162	1.191899e-15
5626.10030711	1.15894e-15
5626.85097259	1.226118e-15
5627.60163808	1.175882e-15
5628.35230356	1.175333e-15
5629.10296905	1.260198e-15
5629.85363454	1.214455e-15
5630.60430002	1.136884e-15
5631.35496551	1.183689e-15
5632.10563099	1.16513e-15
5632.85629648	1.199502e-15
5633.60696197	1.218713e-15
5634.35762745	1.165928e-15
5635.10829294	1.247772e-15
5635.85895842	1.172273e-15
5636.60962391	1.217766e-15
5637.36028939	1.202341e-15
5638.11095488	1.156321e-15
5638.86162037	1.213874e-15
5639.61228585	1.223828e-15
5640.36295134	1.239397e-15
5641.11361682	1.20084e-15
5641.86428231	1.187093e-15
5642.6149478	1.236711e-15
5643.36561328	1.169683e-15
5644.11627877	1.250598e-15
5644.86694425	1.224343e-15
5645.61760974	1.195059e-15
5646.36827523	1.256381e-15
5647.11894071	1.306731e-15
5647.8696062	1.313161e-15
5648.62027168	1.291214e-15
5649.37093717	1.33635e-15
5650.12160265	1.31817e-15
5650.87226814	1.255082e-15
5651.62293363	1.265429e-15
5652.37359911	1.377916e-15
5653.1242646	1.373315e-15
5653.87493008	1.415381e-15
5654.62559557	1.398635e-15
5655.37626106	1.435924e-15
5656.12692654	1.383615e-15
5656.87759203	1.404296e-15
5657.62825751	1.452198e-15
5658.378923	1.427241e-15
5659.12958848	1.4459e-15
5659.88025397	1.464528e-15
5660.63091946	1.48405e-15
5661.38158494	1.505669e-15
5662.13225043	1.504316e-15
5662.88291591	1.486804e-15
5663.6335814	1.480651e-15
5664.38424689	1.535491e-15
5665.13491237	1.556272e-15
5665.88557786	1.595404e-15
5666.63624334	1.533826e-15
5667.38690883	1.558611e-15
5668.13757432	1.47919e-15
5668.8882398	1.582085e-15
5669.63890529	1.583648e-15
5670.38957077	1.644587e-15
5671.14023626	1.593881e-15
5671.89090174	1.617567e-15
5672.64156723	1.61754e-15
5673.39223272	1.621614e-15
5674.1428982	1.66962e-15
5674.89356369	1.625219e-15
5675.64422917	1.634957e-15
5676.39489466	1.633539e-15
5677.14556015	1.637397e-15
5677.89622563	1.707694e-15
5678.64689112	1.691025e-15
5679.3975566	1.644427e-15
5680.14822209	1.725812e-15
5680.89888757	1.736009e-15
5681.64955306	1.669706e-15
5682.40021855	1.628182e-15
5683.15088403	1.715613e-15
5683.90154952	1.701364e-15
5684.652215	1.728331e-15
5685.40288049	1.678517e-15
5686.15354598	1.714032e-15
5686.90421146	1.726437e-15
5687.65487695	1.861891e-15
5688.40554243	1.731614e-15
5689.15620792	1.740333e-15
5689.9068734	1.753455e-15
5690.65753889	1.758868e-15
5691.40820438	1.765375e-15
5692.15886986	1.841023e-15
5692.90953535	1.861101e-15
5693.66020083	1.797225e-15
5694.41086632	1.842225e-15
5695.16153181	1.862158e-15
5695.91219729	1.79223e-15
5696.66286278	1.85997e-15
5697.41352826	1.909234e-15
5698.16419375	1.820702e-15
5698.91485924	1.874599e-15
5699.66552472	1.8216e-15
5700.41619021	1.842462e-15
5701.16685569	1.847971e-15
5701.91752118	1.900885e-15
5702.66818666	1.810564e-15
5703.41885215	1.900582e-15
5704.16951764	1.768081e-15
5704.92018312	1.909921e-15
5705.67084861	1.84288e-15
5706.42151409	1.898364e-15
5707.17217958	1.876518e-15
5707.92284507	1.909396e-15
5708.67351055	1.914743e-15
5709.42417604	1.838999e-15
5710.17484152	1.887828e-15
5710.92550701	1.873532e-15
5711.67617249	1.868114e-15
5712.42683798	1.912023e-15
5713.17750347	1.808233e-15
5713.92816895	1.944219e-15
5714.67883444	1.946461e-15
5715.42949992	1.972398e-15
5716.18016541	1.874632e-15
5716.9308309	1.953976e-15
5717.68149638	1.888e-15
5718.43216187	1.938548e-15
5719.18282735	1.94159e-15
5719.93349284	1.916044e-15
5720.68415833	1.888241e-15
5721.43482381	1.960321e-15
5722.1854893	1.933141e-15
5722.93615478	1.923624e-15
5723.68682027	2.016586e-15
5724.43748575	1.914789e-15
5725.18815124	1.875194e-15
5725.93881673	1.926317e-15
5726.68948221	1.940136e-15
5727.4401477	1.827284e-15
5728.19081318	1.888991e-15
5728.94147867	1.948545e-15
5729.69214416	1.937605e-15
5730.44280964	1.893767e-15
5731.19347513	1.826744e-15
5731.94414061	1.95677e-15
5732.6948061	1.936095e-15
5733.44547158	1.957125e-15
5734.19613707	1.852279e-15
5734.94680256	1.880808e-15
5735.69746804	1.933108e-15
5736.44813353	1.888961e-15
5737.19879901	1.995199e-15
5737.9494645	1.915594e-15
5738.70012999	1.902846e-15
5739.45079547	1.951081e-15
5740.20146096	1.948135e-15
5740.95212644	1.929018e-15
5741.70279193	1.99116e-15
5742.45345742	1.904847e-15
5743.2041229	1.936441e-15
5743.95478839	1.924864e-15
5744.70545387	1.955444e-15
5745.45611936	1.970733e-15
5746.20678484	1.969259e-15
5746.95745033	2.000789e-15
5747.70811582	1.918258e-15
5748.4587813	1.908462e-15
5749.20944679	1.994239e-15
5749.96011227	1.958381e-15
5750.71077776	1.907422e-15
5751.46144325	1.889499e-15
5752.21210873	1.952452e-15
5752.96277422	1.955596e-15
5753.7134397	1.938108e-15
5754.46410519	1.947836e-15
5755.21477067	2.024143e-15
5755.96543616	1.943106e-15
5756.71610165	2.046533e-15
5757.46676713	1.927964e-15
5758.21743262	2.04156e-15
5758.9680981	1.984574e-15
5759.71876359	1.99207e-15
5760.46942908	2.021095e-15
5761.22009456	1.909247e-15
5761.97076005	1.993376e-15
5762.72142553	1.893778e-15
5763.47209102	2.005645e-15
5764.22275651	1.986216e-15
5764.97342199	2.005403e-15
5765.72408748	2.010996e-15
5766.47475296	2.078147e-15
5767.22541845	1.999051e-15
5767.97608393	2.005913e-15
5768.72674942	1.952068e-15
5769.47741491	1.894645e-15
5770.22808039	1.822429e-15
5770.97874588	1.918278e-15
5771.72941136	1.944802e-15
5772.48007685	1.893764e-15
5773.23074234	1.939847e-15
5773.98140782	2.00704e-15
5774.73207331	1.938318e-15
5775.48273879	1.91069e-15
5776.23340428	1.946154e-15
5776.98406976	1.911935e-15
5777.73473525	1.871876e-15
5778.48540074	1.888076e-15
5779.23606622	1.86714e-15
5779.98673171	1.947643e-15
5780.73739719	1.981314e-15
5781.48806268	1.903361e-15
5782.23872817	1.932103e-15
5782.98939365	1.928322e-15
5783.74005914	1.886032e-15
5784.49072462	1.915723e-15
5785.24139011	1.864871e-15
5785.99205559	1.864253e-15
5786.74272108	1.845936e-15
5787.49338657	1.857521e-15
5788.24405205	1.785441e-15
5788.99471754	1.833419e-15
5789.74538302	1.858331e-15
5790.49604851	1.917684e-15
5791.246714	1.878327e-15
5791.99737948	1.817315e-15
5792.74804497	1.886357e-15
5793.49871045	1.888497e-15
5794.24937594	1.836118e-15
5795.00004143	1.855893e-15
5795.75070691	1.864004e-15
5796.5013724	1.842504e-15
5797.25203788	1.795769e-15
5798.00270337	1.798351e-15
5798.75336885	1.771508e-15
5799.50403434	1.836887e-15
5800.25469983	1.907196e-15
5801.00536531	1.794363e-15
5801.7560308	1.840888e-15
5802.50669628	1.846718e-15
5803.25736177	1.795694e-15
5804.00802726	1.849463e-15
5804.75869274	1.805064e-15
5805.50935823	1.834668e-15
5806.26002371	1.846321e-15
5807.0106892	1.850637e-15
5807.76135468	1.833346e-15
5808.51202017	1.791343e-15
5809.26268566	1.794311e-15
5810.01335114	1.761384e-15
5810.76401663	1.801084e-15
5811.51468211	1.8562e-15
5812.2653476	1.866451e-15
5813.01601309	1.82605e-15
5813.76667857	1.777207e-15
5814.51734406	1.808215e-15
5815.26800954	1.802307e-15
5816.01867503	1.798555e-15
5816.76934052	1.815147e-15
5817.520006	1.782744e-15
5818.27067149	1.796659e-15
5819.02133697	1.768076e-15
5819.77200246	1.728326e-15
5820.52266794	1.825697e-15
5821.27333343	1.834772e-15
5822.02399892	1.774835e-15
5822.7746644	1.821111e-15
5823.52532989	1.831803e-15
5824.27599537	1.748299e-15
5825.02666086	1.794908e-15
5825.77732635	1.764636e-15
5826.52799183	1.728224e-15
5827.27865732	1.763547e-15
5828.0293228	1.685516e-15
5828.77998829	1.750039e-15
5829.53065377	1.827176e-15
5830.28131926	1.809917e-15
5831.03198475	1.70057e-15
5831.78265023	1.724426e-15
5832.53331572	1.765917e-15
5833.2839812	1.728659e-15
5834.03464669	1.785745e-15
5834.78531218	1.756036e-15
5835.53597766	1.76891e-15
5836.28664315	1.759802e-15
5837.03730863	1.774366e-15
5837.78797412	1.754166e-15
5838.53863961	1.75013e-15
5839.28930509	1.696483e-15
5840.03997058	1.748702e-15
5840.79063606	1.7683e-15
5841.54130155	1.635035e-15
5842.29196703	1.771133e-15
5843.04263252	1.755395e-15
5843.79329801	1.689386e-15
5844.54396349	1.7705e-15
5845.29462898	1.706234e-15
5846.04529446	1.728402e-15
5846.79595995	1.677559e-15
5847.54662544	1.733821e-15
5848.29729092	1.763875e-15
5849.04795641	1.749124e-15
5849.79862189	1.732435e-15
5850.54928738	1.77278e-15
5851.29995286	1.680377e-15
5852.05061835	1.676306e-15
5852.80128384	1.740753e-15
5853.55194932	1.725784e-15
5854.30261481	1.739656e-15
5855.05328029	1.800859e-15
5855.80394578	1.696852e-15
5856.55461127	1.677693e-15
5857.30527675	1.665943e-15
5858.05594224	1.672502e-15
5858.80660772	1.67976e-15
5859.55727321	1.731215e-15
5860.30793869	1.691383e-15
5861.05860418	1.749463e-15
5861.80926967	1.749501e-15
5862.55993515	1.740411e-15
5863.31060064	1.736905e-15
5864.06126612	1.709467e-15
5864.81193161	1.701423e-15
5865.5625971	1.807876e-15
5866.31326258	1.645864e-15
5867.06392807	1.742756e-15
5867.81459355	1.723054e-15
5868.56525904	1.73769e-15
5869.31592453	1.713478e-15
5870.06659001	1.632079e-15
5870.8172555	1.707544e-15
5871.56792098	1.659327e-15
5872.31858647	1.732201e-15
5873.06925195	1.729683e-15
5873.81991744	1.721347e-15
5874.57058293	1.666088e-15
5875.32124841	1.720159e-15
5876.0719139	1.730595e-15
5876.82257938	1.721531e-15
5877.57324487	1.724412e-15
5878.32391036	1.720196e-15
5879.07457584	1.700677e-15
5879.82524133	1.666929e-15
5880.57590681	1.669169e-15
5881.3265723	1.688021e-15
5882.07723778	1.747183e-15
5882.82790327	1.704183e-15
5883.57856876	1.604154e-15
5884.32923424	1.677911e-15
5885.07989973	1.773143e-15
5885.83056521	1.733272e-15
5886.5812307	1.583874e-15
5887.33189619	1.570277e-15
5888.08256167	1.572471e-15
5888.83322716	1.546227e-15
5889.58389264	1.591316e-15
5890.33455813	1.634546e-15
5891.08522362	1.629016e-15
5891.8358891	1.593528e-15
5892.58655459	1.62385e-15
5893.33722007	1.558275e-15
5894.08788556	1.534746e-15
5894.83855104	1.58819e-15
5895.58921653	1.551241e-15
5896.33988202	1.639699e-15
5897.0905475	1.670879e-15
5897.84121299	1.662254e-15
5898.59187847	1.624432e-15
5899.34254396	1.612058e-15
5900.09320945	1.611622e-15
5900.84387493	1.590873e-15
5901.59454042	1.614059e-15
5902.3452059	1.625757e-15
5903.09587139	1.712591e-15
5903.84653687	1.632784e-15
5904.59720236	1.548845e-15
5905.34786785	1.598989e-15
5906.09853333	1.654328e-15
5906.84919882	1.619663e-15
5907.5998643	1.596316e-15
5908.35052979	1.62736e-15
5909.10119528	1.600629e-15
5909.85186076	1.615176e-15
5910.60252625	1.593986e-15
5911.35319173	1.543205e-15
5912.10385722	1.55407e-15
5912.85452271	1.50489e-15
5913.60518819	1.578246e-15
5914.35585368	1.575381e-15
5915.10651916	1.483717e-15
5915.85718465	1.515819e-15
5916.60785013	1.512029e-15
5917.35851562	1.528672e-15
5918.10918111	1.490106e-15
5918.85984659	1.462971e-15
5919.61051208	1.536993e-15
5920.36117756	1.502569e-15
5921.11184305	1.565879e-15
5921.86250854	1.462652e-15
5922.61317402	1.433001e-15
5923.36383951	1.422975e-15
5924.11450499	1.519405e-15
5924.86517048	1.526337e-15
5925.61583596	1.507473e-15
5926.36650145	1.527192e-15
5927.11716694	1.521133e-15
5927.86783242	1.476455e-15
5928.61849791	1.434949e-15
5929.36916339	1.45999e-15
5930.11982888	1.474051e-15
5930.87049437	1.491595e-15
5931.62115985	1.557971e-15
5932.37182534	1.457517e-15
5933.12249082	1.542198e-15
5933.87315631	1.509527e-15
5934.6238218	1.455451e-15
5935.37448728	1.463408e-15
5936.12515277	1.49815e-15
5936.87581825	1.529561e-15
5937.62648374	1.477173e-15
5938.37714922	1.496584e-15
5939.12781471	1.423901e-15
5939.8784802	1.470317e-15
5940.62914568	1.458884e-15
5941.37981117	1.485626e-15
5942.13047665	1.461456e-15
5942.88114214	1.441182e-15
5943.63180763	1.522048e-15
5944.38247311	1.525583e-15
5945.1331386	1.478647e-15
5945.88380408	1.466297e-15
5946.63446957	1.510577e-15
5947.38513505	1.510988e-15
5948.13580054	1.526453e-15
5948.88646603	1.503803e-15
5949.63713151	1.553221e-15
5950.387797	1.558995e-15
5951.13846248	1.568216e-15
5951.88912797	1.563121e-15
5952.63979346	1.540227e-15
5953.39045894	1.527053e-15
5954.14112443	1.528419e-15
5954.89178991	1.510748e-15
5955.6424554	1.493504e-15
5956.39312088	1.540026e-15
5957.14378637	1.569469e-15
5957.89445186	1.573172e-15
5958.64511734	1.576879e-15
5959.39578283	1.517315e-15
5960.14644831	1.482216e-15
5960.8971138	1.524399e-15
5961.64777929	1.564254e-15
5962.39844477	1.609937e-15
5963.14911026	1.579817e-15
5963.89977574	1.559383e-15
5964.65044123	1.568703e-15
5965.40110672	1.555858e-15
5966.1517722	1.582615e-15
5966.90243769	1.520021e-15
5967.65310317	1.557478e-15
5968.40376866	1.577942e-15
5969.15443414	1.536896e-15
5969.90509963	1.632529e-15
5970.65576512	1.644753e-15
5971.4064306	1.592461e-15
5972.15709609	1.604168e-15
5972.90776157	1.649579e-15
5973.65842706	1.597424e-15
5974.40909255	1.609742e-15
5975.15975803	1.634974e-15
5975.91042352	1.579759e-15
5976.661089	1.646663e-15
5977.41175449	1.658185e-15
5978.16241997	1.686273e-15
5978.91308546	1.63621e-15
5979.66375095	1.628095e-15
5980.41441643	1.711931e-15
5981.16508192	1.662958e-15
5981.9157474	1.638599e-15
5982.66641289	1.644544e-15
5983.41707838	1.620632e-15
5984.16774386	1.715474e-15
5984.91840935	1.699432e-15
5985.66907483	1.716076e-15
5986.41974032	1.701381e-15
5987.17040581	1.700289e-15
5987.92107129	1.782654e-15
5988.67173678	1.691455e-15
5989.42240226	1.728171e-15
5990.17306775	1.73495e-15
5990.92373323	1.680981e-15
5991.67439872	1.695621e-15
5992.42506421	1.745125e-15
5993.17572969	1.731208e-15
5993.92639518	1.779829e-15
5994.67706066	1.768474e-15
5995.42772615	1.702139e-15
5996.17839164	1.699256e-15
5996.92905712	1.80327e-15
5997.67972261	1.720922e-15
5998.43038809	1.757329e-15
5999.18105358	1.716588e-15
5999.93171906	1.788962e-15
6000.68238455	1.734447e-15
6001.43305004	1.699915e-15
6002.18371552	1.746908e-15
6002.93438101	1.770043e-15
6003.68504649	1.745592e-15
6004.43571198	1.748788e-15
6005.18637747	1.852316e-15
6005.93704295	1.804381e-15
6006.68770844	1.700527e-15
6007.43837392	1.772771e-15
6008.18903941	1.812805e-15
6008.9397049	1.78283e-15
6009.69037038	1.771357e-15
6010.44103587	1.764427e-15
6011.19170135	1.730457e-15
6011.94236684	1.813021e-15
6012.69303232	1.79206e-15
6013.44369781	1.789556e-15
6014.1943633	1.798505e-15
6014.94502878	1.712153e-15
6015.69569427	1.820316e-15
6016.44635975	1.784881e-15
6017.19702524	1.735701e-15
6017.94769073	1.780394e-15
6018.69835621	1.810921e-15
6019.4490217	1.756601e-15
6020.19968718	1.72799e-15
6020.95035267	1.796327e-15
6021.70101815	1.764226e-15
6022.45168364	1.771567e-15
6023.20234913	1.819389e-15
6023.95301461	1.738564e-15
6024.7036801	1.697422e-15
6025.45434558	1.776055e-15
6026.20501107	1.841438e-15
6026.95567656	1.813337e-15
6027.70634204	1.763827e-15
6028.45700753	1.774529e-15
6029.20767301	1.728397e-15
6029.9583385	1.832261e-15
6030.70900398	1.791948e-15
6031.45966947	1.785385e-15
6032.21033496	1.831112e-15
6032.96100044	1.771426e-15
6033.71166593	1.762343e-15
6034.46233141	1.819765e-15
6035.2129969	1.694426e-15
6035.96366239	1.708058e-15
6036.71432787	1.695138e-15
6037.46499336	1.700152e-15
6038.21565884	1.700717e-15
6038.96632433	1.753197e-15
6039.71698982	1.756996e-15
6040.4676553	1.783807e-15
6041.21832079	1.775278e-15
6041.96898627	1.718232e-15
6042.71965176	1.698648e-15
6043.47031724	1.72282e-15
6044.22098273	1.704901e-15
6044.97164822	1.72915e-15
6045.7223137	1.719879e-15
6046.47297919	1.682876e-15
6047.22364467	1.773846e-15
6047.97431016	1.829628e-15
6048.72497565	1.69206e-15
6049.47564113	1.732223e-15
6050.22630662	1.71876e-15
6050.9769721	1.735325e-15
6051.72763759	1.715625e-15
6052.47830307	1.728897e-15
6053.22896856	1.789641e-15
6053.97963405	1.797891e-15
6054.73029953	1.72377e-15
6055.48096502	1.76814e-15
6056.2316305	1.745102e-15
6056.98229599	1.793162e-15
6057.73296148	1.719169e-15
6058.48362696	1.766151e-15
6059.23429245	1.747075e-15
6059.98495793	1.822802e-15
6060.73562342	1.800937e-15
6061.48628891	1.793342e-15
6062.23695439	1.716063e-15
6062.98761988	1.678107e-15
6063.73828536	1.746879e-15
6064.48895085	1.707822e-15
6065.23961633	1.686318e-15
6065.99028182	1.756505e-15
6066.74094731	1.819073e-15
6067.49161279	1.729668e-15
6068.24227828	1.71561e-15
6068.99294376	1.747798e-15
6069.74360925	1.733552e-15
6070.49427474	1.778679e-15
6071.24494022	1.763493e-15
6071.99560571	1.702754e-15
6072.74627119	1.689597e-15
6073.49693668	1.76517e-15
6074.24760216	1.773751e-15
6074.99826765	1.686338e-15
6075.74893314	1.712135e-15
6076.49959862	1.716806e-15
6077.25026411	1.662448e-15
6078.00092959	1.702411e-15
6078.75159508	1.722276e-15
6079.50226057	1.714262e-15
6080.25292605	1.71191e-15
6081.00359154	1.717235e-15
6081.75425702	1.74112e-15
6082.50492251	1.686278e-15
6083.255588	1.681021e-15
6084.00625348	1.687416e-15
6084.75691897	1.675538e-15
6085.50758445	1.736852e-15
6086.25824994	1.718221e-15
6087.00891542	1.676126e-15
6087.75958091	1.650113e-15
6088.5102464	1.664047e-15
6089.26091188	1.716653e-15
6090.01157737	1.733527e-15
6090.76224285	1.718138e-15
6091.51290834	1.667088e-15
6092.26357383	1.693066e-15
6093.01423931	1.698692e-15
6093.7649048	1.695698e-15
6094.51557028	1.678977e-15
6095.26623577	1.622906e-15
6096.01690125	1.712378e-15
6096.76756674	1.698625e-15
6097.51823223	1.628297e-15
6098.26889771	1.747903e-15
6099.0195632	1.706086e-15
6099.77022868	1.719826e-15
6100.52089417	1.660531e-15
6101.27155966	1.662146e-15
6102.02222514	1.663554e-15
6102.77289063	1.680835e-15
6103.52355611	1.661195e-15
6104.2742216	1.720319e-15
6105.02488708	1.651594e-15
6105.77555257	1.664137e-15
6106.52621806	1.635807e-15
6107.27688354	1.535525e-15
6108.02754903	1.651115e-15
6108.77821451	1.657173e-15
6109.52888	1.637539e-15
6110.27954549	1.607278e-15
6111.03021097	1.649298e-15
6111.78087646	1.611864e-15
6112.53154194	1.655801e-15
6113.28220743	1.663125e-15
6114.03287292	1.681842e-15
6114.7835384	1.63824e-15
6115.53420389	1.680791e-15
6116.28486937	1.619353e-15
6117.03553486	1.675826e-15
6117.78620034	1.613242e-15
6118.53686583	1.573841e-15
6119.28753132	1.633547e-15
6120.0381968	1.66324e-15
6120.78886229	1.645955e-15
6121.53952777	1.630771e-15
6122.29019326	1.594025e-15
6123.04085875	1.605245e-15
6123.79152423	1.679328e-15
6124.54218972	1.660224e-15
6125.2928552	1.66019e-15
6126.04352069	1.611736e-15
6126.79418617	1.589084e-15
6127.54485166	1.634971e-15
6128.29551715	1.619314e-15
6129.04618263	1.624213e-15
6129.79684812	1.628791e-15
6130.5475136	1.617014e-15
6131.29817909	1.648727e-15
6132.04884458	1.632478e-15
6132.79951006	1.622845e-15
6133.55017555	1.620445e-15
6134.30084103	1.605049e-15
6135.05150652	1.610596e-15
6135.80217201	1.637416e-15
6136.55283749	1.679002e-15
6137.30350298	1.628408e-15
6138.05416846	1.609483e-15
6138.80483395	1.624761e-15
6139.55549943	1.570527e-15
6140.30616492	1.577357e-15
6141.05683041	1.627871e-15
6141.80749589	1.673734e-15
6142.55816138	1.595137e-15
6143.30882686	1.573815e-15
6144.05949235	1.59546e-15
6144.81015784	1.679061e-15
6145.56082332	1.623978e-15
6146.31148881	1.563754e-15
6147.06215429	1.666635e-15
6147.81281978	1.553182e-15
6148.56348526	1.641557e-15
6149.31415075	1.600121e-15
6150.06481624	1.603069e-15
6150.81548172	1.712932e-15
6151.56614721	1.662452e-15
6152.31681269	1.573227e-15
6153.06747818	1.540554e-15
6153.81814367	1.58923e-15
6154.56880915	1.55834e-15
6155.31947464	1.549962e-15
6156.07014012	1.544315e-15
6156.82080561	1.552677e-15
6157.5714711	1.616537e-15
6158.32213658	1.582564e-15
6159.07280207	1.568245e-15
6159.82346755	1.599252e-15
6160.57413304	1.524519e-15
6161.32479852	1.653778e-15
6162.07546401	1.595803e-15
6162.8261295	1.558054e-15
6163.57679498	1.552396e-15
6164.32746047	1.542998e-15
6165.07812595	1.582172e-15
6165.82879144	1.542691e-15
6166.57945693	1.564804e-15
6167.33012241	1.550681e-15
6168.0807879	1.527112e-15
6168.83145338	1.478395e-15
6169.58211887	1.566769e-15
6170.33278435	1.534338e-15
6171.08344984	1.523913e-15
6171.83411533	1.536679e-15
6172.58478081	1.495787e-15
6173.3354463	1.554681e-15
6174.08611178	1.506586e-15
6174.83677727	1.533924e-15
6175.58744276	1.51701e-15
6176.33810824	1.499088e-15
6177.08877373	1.548401e-15
6177.83943921	1.550158e-15
6178.5901047	1.482248e-15
6179.34077019	1.485667e-15
6180.09143567	1.484899e-15
6180.84210116	1.536093e-15
6181.59276664	1.514437e-15
6182.34343213	1.522512e-15
6183.09409761	1.52655e-15
6183.8447631	1.515673e-15
6184.59542859	1.49686e-15
6185.34609407	1.510929e-15
6186.09675956	1.481094e-15
6186.84742504	1.422693e-15
6187.59809053	1.48076e-15
6188.34875602	1.474264e-15
6189.0994215	1.502544e-15
6189.85008699	1.500253e-15
6190.60075247	1.472182e-15
6191.35141796	1.490464e-15
6192.10208344	1.428672e-15
6192.85274893	1.455575e-15
6193.60341442	1.496859e-15
6194.3540799	1.491971e-15
6195.10474539	1.463262e-15
6195.85541087	1.450445e-15
6196.60607636	1.503271e-15
6197.35674185	1.444015e-15
6198.10740733	1.407424e-15
6198.85807282	1.42416e-15
6199.6087383	1.468314e-15
6200.35940379	1.432094e-15
6201.11006927	1.419247e-15
6201.86073476	1.451477e-15
6202.61140025	1.40888e-15
6203.36206573	1.37077e-15
6204.11273122	1.434882e-15
6204.8633967	1.396055e-15
6205.61406219	1.35436e-15
6206.36472768	1.40107e-15
6207.11539316	1.345675e-15
6207.86605865	1.378856e-15
6208.61672413	1.453199e-15
6209.36738962	1.429501e-15
6210.11805511	1.361088e-15
6210.86872059	1.335403e-15
6211.61938608	1.37732e-15
6212.37005156	1.33701e-15
6213.12071705	1.386774e-15
6213.87138253	1.404798e-15
6214.62204802	1.350134e-15
6215.37271351	1.303128e-15
6216.12337899	1.321046e-15
6216.87404448	1.313957e-15
6217.62470996	1.373418e-15
6218.37537545	1.323268e-15
6219.12604094	1.308093e-15
6219.87670642	1.235727e-15
6220.62737191	1.30485e-15
6221.37803739	1.321796e-15
6222.12870288	1.30647e-15
6222.87936836	1.298729e-15
6223.63003385	1.318628e-15
6224.38069934	1.329323e-15
6225.13136482	1.329537e-15
6225.88203031	1.323378e-15
6226.63269579	1.236355e-15
6227.38336128	1.295778e-15
6228.13402677	1.28697e-15
6228.88469225	1.240411e-15
6229.63535774	1.291796e-15
6230.38602322	1.275627e-15
6231.13668871	1.286565e-15
6231.8873542	1.286052e-15
6232.63801968	1.255045e-15
6233.38868517	1.292691e-15
6234.13935065	1.277652e-15
6234.89001614	1.263227e-15
6235.64068162	1.275974e-15
6236.39134711	1.183024e-15
6237.1420126	1.176871e-15
6237.89267808	1.242221e-15
6238.64334357	1.221283e-15
6239.39400905	1.198859e-15
6240.14467454	1.193889e-15
6240.89534003	1.187999e-15
6241.64600551	1.161341e-15
6242.396671	1.209083e-15
6243.14733648	1.185123e-15
6243.89800197	1.107169e-15
6244.64866745	1.216585e-15
6245.39933294	1.196676e-15
6246.14999843	1.173421e-15
6246.90066391	1.192014e-15
6247.6513294	1.147088e-15
6248.40199488	1.101075e-15
6249.15266037	1.091938e-15
6249.90332586	1.13935e-15
6250.65399134	1.151153e-15
6251.40465683	1.149787e-15
6252.15532231	1.155335e-15
6252.9059878	1.111055e-15
6253.65665329	1.10918e-15
6254.40731877	1.076265e-15
6255.15798426	1.098552e-15
6255.90864974	1.079349e-15
6256.65931523	1.03752e-15
6257.40998071	1.046143e-15
6258.1606462	9.979953e-16
6258.91131169	1.073389e-15
6259.66197717	1.025734e-15
6260.41264266	1.045532e-15
6261.16330814	1.05094e-15
6261.91397363	9.892628e-16
6262.66463912	9.961283e-16
6263.4153046	9.781459e-16
6264.16597009	9.36962e-16
6264.91663557	9.72883e-16
6265.66730106	9.70853e-16
6266.41796654	9.486908e-16
6267.16863203	9.996451e-16
6267.91929752	9.658195e-16
6268.669963	9.330244e-16
6269.42062849	9.709132e-16
6270.17129397	8.909117e-16
6270.92195946	8.831645e-16
6271.67262495	8.944406e-16
6272.42329043	8.193356e-16
6273.17395592	8.553465e-16
6273.9246214	8.877572e-16
6274.67528689	7.917087e-16
6275.42595237	8.105561e-16
6276.17661786	7.960073e-16
6276.92728335	8.259341e-16
6277.67794883	7.44004e-16
6278.42861432	8.000382e-16
6279.1792798	7.728738e-16
6279.92994529	7.134487e-16
6280.68061078	7.195644e-16
6281.43127626	7.474805e-16
6282.18194175	7.058309e-16
6282.93260723	7.26599e-16
6283.68327272	7.310808e-16
6284.43393821	6.749881e-16
6285.18460369	6.946294e-16
6285.93526918	7.739373e-16
6286.68593466	7.334629e-16
6287.43660015	7.118975e-16
6288.18726563	7.027423e-16
6288.93793112	6.498557e-16
6289.68859661	6.750263e-16
6290.43926209	6.725244e-16
6291.18992758	6.453423e-16
6291.94059306	7.032871e-16
6292.69125855	7.018027e-16
6293.44192404	6.643629e-16
6294.19258952	6.341715e-16
6294.94325501	6.460397e-16
6295.69392049	6.530717e-16
6296.44458598	6.356022e-16
6297.19525146	6.260489e-16
6297.94591695	6.378385e-16
6298.69658244	6.509485e-16
6299.44724792	6.3611e-16
6300.19791341	6.448037e-16
6300.94857889	6.489378e-16
6301.69924438	6.093777e-16
6302.44990987	5.986679e-16
6303.20057535	6.404781e-16
6303.95124084	6.074779e-16
6304.70190632	6.143434e-16
6305.45257181	6.190774e-16
6306.2032373	6.435112e-16
6306.95390278	6.612581e-16
6307.70456827	6.262106e-16
6308.45523375	6.021782e-16
6309.20589924	6.516253e-16
6309.95656472	6.234171e-16
6310.70723021	5.462541e-16
6311.4578957	5.990279e-16
6312.20856118	5.577379e-16
6312.95922667	5.929047e-16
6313.70989215	6.074758e-16
6314.46055764	5.903843e-16
6315.21122313	6.166615e-16
6315.96188861	6.366083e-16
6316.7125541	5.519136e-16
6317.46321958	6.177394e-16
6318.21388507	5.656454e-16
6318.96455055	6.69461e-16
6319.71521604	6.024303e-16
6320.46588153	6.338576e-16
6321.21654701	6.355906e-16
6321.9672125	6.130362e-16
6322.71787798	6.449886e-16
6323.46854347	6.744654e-16
6324.21920896	6.60871e-16
6324.96987444	6.322924e-16
6325.72053993	5.938999e-16
6326.47120541	6.463229e-16
6327.2218709	6.577027e-16
6327.97253639	6.143438e-16
6328.72320187	6.523962e-16
6329.47386736	6.048023e-16
6330.22453284	6.039836e-16
6330.97519833	6.224828e-16
6331.72586381	6.45746e-16
6332.4765293	6.856532e-16
6333.22719479	6.616256e-16
6333.97786027	6.400601e-16
6334.72852576	6.564185e-16
6335.47919124	6.233199e-16
6336.22985673	6.182035e-16
6336.98052222	6.765845e-16
6337.7311877	6.516915e-16
6338.48185319	6.60178e-16
6339.23251867	6.542838e-16
6339.98318416	7.037915e-16
6340.73384964	6.553247e-16
6341.48451513	7.146443e-16
6342.23518062	7.083922e-16
6342.9858461	7.182095e-16
6343.73651159	7.182053e-16
6344.48717707	7.198785e-16
6345.23784256	7.167895e-16
6345.98850805	7.018581e-16
6346.73917353	6.889363e-16
6347.48983902	6.714949e-16
6348.2405045	7.218642e-16
6348.99116999	7.404829e-16
6349.74183547	7.269496e-16
6350.49250096	6.957098e-16
6351.24316645	7.21119e-16
6351.99383193	7.435663e-16
6352.74449742	7.205873e-16
6353.4951629	7.238324e-16
6354.24582839	8.039911e-16
6354.99649388	8.026762e-16
6355.74715936	7.387205e-16
6356.49782485	7.521456e-16
6357.24849033	7.912523e-16
6357.99915582	8.099852e-16
6358.74982131	7.830944e-16
6359.50048679	8.082901e-16
6360.25115228	7.959782e-16
6361.00181776	7.896353e-16
6361.75248325	7.964173e-16
6362.50314873	7.990148e-16
6363.25381422	7.894743e-16
6364.00447971	8.518032e-16
6364.75514519	8.716288e-16
6365.50581068	8.656088e-16
6366.25647616	8.715813e-16
6367.00714165	8.816288e-16
6367.75780714	8.769157e-16
6368.50847262	8.76832e-16
6369.25913811	8.920362e-16
6370.00980359	8.863036e-16
6370.76046908	9.16307e-16
6371.51113456	9.089114e-16
6372.26180005	9.774519e-16
6373.01246554	8.758544e-16
6373.76313102	9.307129e-16
6374.51379651	9.48959e-16
6375.26446199	9.419249e-16
6376.01512748	9.131767e-16
6376.76579297	9.383463e-16
6377.51645845	9.767265e-16
6378.26712394	9.86153e-16
6379.01778942	9.560355e-16
6379.76845491	1.065112e-15
6380.5191204	9.821538e-16
6381.26978588	1.070447e-15
6382.02045137	1.003453e-15
6382.77111685	1.058983e-15
6383.52178234	1.025342e-15
6384.27244782	9.893751e-16
6385.02311331	1.050396e-15
6385.7737788	1.047276e-15
6386.52444428	1.08181e-15
6387.27510977	1.092841e-15
6388.02577525	1.042158e-15
6388.77644074	1.106133e-15
6389.52710623	1.083356e-15
6390.27777171	1.12996e-15
6391.0284372	1.120213e-15
6391.77910268	1.097811e-15
6392.52976817	1.075548e-15
6393.28043365	1.131256e-15
6394.03109914	1.14057e-15
6394.78176463	1.147062e-15
6395.53243011	1.161127e-15
6396.2830956	1.100385e-15
6397.03376108	1.127239e-15
6397.78442657	1.142897e-15
6398.53509206	1.154875e-15
6399.28575754	1.218672e-15
6400.03642303	1.196388e-15
6400.78708851	1.153761e-15
6401.537754	1.179021e-15
6402.28841949	1.259514e-15
6403.03908497	1.285177e-15
6403.78975046	1.212665e-15
6404.54041594	1.232481e-15
6405.29108143	1.270454e-15
6406.04174691	1.24626e-15
6406.7924124	1.26386e-15
6407.54307789	1.27717e-15
6408.29374337	1.230104e-15
6409.04440886	1.223513e-15
6409.79507434	1.306299e-15
6410.54573983	1.293177e-15
6411.29640532	1.31865e-15
6412.0470708	1.323708e-15
6412.79773629	1.2483e-15
6413.54840177	1.323763e-15
6414.29906726	1.315689e-15
6415.04973274	1.311615e-15
6415.80039823	1.387379e-15
6416.55106372	1.344357e-15
6417.3017292	1.313658e-15
6418.05239469	1.315021e-15
6418.80306017	1.308833e-15
6419.55372566	1.336868e-15
6420.30439115	1.367547e-15
6421.05505663	1.352526e-15
6421.80572212	1.339294e-15
6422.5563876	1.363194e-15
6423.30705309	1.410568e-15
6424.05771858	1.363044e-15
6424.80838406	1.453839e-15
6425.55904955	1.378216e-15
6426.30971503	1.399232e-15
6427.06038052	1.467762e-15
6427.811046	1.450885e-15
6428.56171149	1.441473e-15
6429.31237698	1.407416e-15
6430.06304246	1.355534e-15
6430.81370795	1.464227e-15
6431.56437343	1.490893e-15
6432.31503892	1.392234e-15
6433.06570441	1.381234e-15
6433.81636989	1.444374e-15
6434.56703538	1.423283e-15
6435.31770086	1.488345e-15
6436.06836635	1.493544e-15
6436.81903183	1.472353e-15
6437.56969732	1.448725e-15
6438.32036281	1.464741e-15
6439.07102829	1.471572e-15
6439.82169378	1.530605e-15
6440.57235926	1.495062e-15
6441.32302475	1.517046e-15
6442.07369024	1.51715e-15
6442.82435572	1.553243e-15
6443.57502121	1.549073e-15
6444.32568669	1.470345e-15
6445.07635218	1.478802e-15
6445.82701766	1.459761e-15
6446.57768315	1.509132e-15
6447.32834864	1.485553e-15
6448.07901412	1.517327e-15
6448.82967961	1.483159e-15
6449.58034509	1.452189e-15
6450.33101058	1.510267e-15
6451.08167607	1.518273e-15
6451.83234155	1.508103e-15
6452.58300704	1.518087e-15
6453.33367252	1.462085e-15
6454.08433801	1.520719e-15
6454.8350035	1.522924e-15
6455.58566898	1.514398e-15
6456.33633447	1.55303e-15
6457.08699995	1.484679e-15
6457.83766544	1.535741e-15
6458.58833092	1.553142e-15
6459.33899641	1.410241e-15
6460.0896619	1.528469e-15
6460.84032738	1.546224e-15
6461.59099287	1.58249e-15
6462.34165835	1.580963e-15
6463.09232384	1.575699e-15
6463.84298933	1.550819e-15
6464.59365481	1.558427e-15
6465.3443203	1.553878e-15
6466.09498578	1.447012e-15
6466.84565127	1.531996e-15
6467.59631675	1.545194e-15
6468.34698224	1.552817e-15
6469.09764773	1.522235e-15
6469.84831321	1.519334e-15
6470.5989787	1.536432e-15
6471.34964418	1.605209e-15
6472.10030967	1.544668e-15
6472.85097516	1.610303e-15
6473.60164064	1.573583e-15
6474.35230613	1.524986e-15
6475.10297161	1.579855e-15
6475.8536371	1.577683e-15
6476.60430259	1.530545e-15
6477.35496807	1.536686e-15
6478.10563356	1.556057e-15
6478.85629904	1.542789e-15
6479.60696453	1.536805e-15
6480.35763001	1.559532e-15
6481.1082955	1.589982e-15
6481.85896099	1.611777e-15
6482.60962647	1.621592e-15
6483.36029196	1.545036e-15
6484.11095744	1.612021e-15
6484.86162293	1.587475e-15
6485.61228842	1.532481e-15
6486.3629539	1.603446e-15
6487.11361939	1.533073e-15
6487.86428487	1.57662e-15
6488.61495036	1.623448e-15
6489.36561584	1.526229e-15
6490.11628133	1.519114e-15
6490.86694682	1.619395e-15
6491.6176123	1.576815e-15
6492.36827779	1.555767e-15
6493.11894327	1.630312e-15
6493.86960876	1.64473e-15
6494.62027425	1.552355e-15
6495.37093973	1.570768e-15
6496.12160522	1.588217e-15
6496.8722707	1.576262e-15
6497.62293619	1.543573e-15
6498.37360168	1.559792e-15
6499.12426716	1.521531e-15
6499.87493265	1.542365e-15
6500.62559813	1.551454e-15
6501.37626362	1.538386e-15
6502.1269291	1.611904e-15
6502.87759459	1.608438e-15
6503.62826008	1.647737e-15
6504.37892556	1.558424e-15
6505.12959105	1.605612e-15
6505.88025653	1.593244e-15
6506.63092202	1.602163e-15
6507.38158751	1.567331e-15
6508.13225299	1.574784e-15
6508.88291848	1.582726e-15
6509.63358396	1.568173e-15
6510.38424945	1.541315e-15
6511.13491493	1.577724e-15
6511.88558042	1.515646e-15
6512.63624591	1.582793e-15
6513.38691139	1.551917e-15
6514.13757688	1.555473e-15
6514.88824236	1.551269e-15
6515.63890785	1.4922e-15
6516.38957334	1.577809e-15
6517.14023882	1.532506e-15
6517.89090431	1.602507e-15
6518.64156979	1.60607e-15
6519.39223528	1.58301e-15
6520.14290076	1.694505e-15
6520.89356625	1.572825e-15
6521.64423174	1.569426e-15
6522.39489722	1.560783e-15
6523.14556271	1.516049e-15
6523.89622819	1.583602e-15
6524.64689368	1.573521e-15
6525.39755917	1.588594e-15
6526.14822465	1.504259e-15
6526.89889014	1.550299e-15
6527.64955562	1.518646e-15
6528.40022111	1.462114e-15
6529.1508866	1.53801e-15
6529.90155208	1.534688e-15
6530.65221757	1.568886e-15
6531.40288305	1.56575e-15
6532.15354854	1.549015e-15
6532.90421402	1.607616e-15
6533.65487951	1.549623e-15
6534.405545	1.529719e-15
6535.15621048	1.506944e-15
6535.90687597	1.502046e-15
6536.65754145	1.517774e-15
6537.40820694	1.489985e-15
6538.15887243	1.546707e-15
6538.90953791	1.523815e-15
6539.6602034	1.506404e-15
6540.41086888	1.480475e-15
6541.16153437	1.516289e-15
6541.91219985	1.527971e-15
6542.66286534	1.44713e-15
6543.41353083	1.530092e-15
6544.16419631	1.559532e-15
6544.9148618	1.515742e-15
6545.66552728	1.509818e-15
6546.41619277	1.556307e-15
6547.16685826	1.552774e-15
6547.91752374	1.510253e-15
6548.66818923	1.500949e-15
6549.41885471	1.537412e-15
6550.1695202	1.555014e-15
6550.92018569	1.535329e-15
6551.67085117	1.512553e-15
6552.42151666	1.471613e-15
6553.17218214	1.495102e-15
6553.92284763	1.48154e-15
6554.67351311	1.477662e-15
6555.4241786	1.556662e-15
6556.17484409	1.520905e-15
6556.92550957	1.491973e-15
6557.67617506	1.49886e-15
6558.42684054	1.457935e-15
6559.17750603	1.477316e-15
6559.92817152	1.473697e-15
6560.678837	1.469765e-15
6561.42950249	1.501023e-15
6562.18016797	1.526375e-15
6562.93083346	1.518319e-15
6563.68149894	1.49285e-15
6564.43216443	1.507579e-15
6565.18282992	1.500739e-15
6565.9334954	1.513679e-15
6566.68416089	1.492812e-15
6567.43482637	1.493471e-15
6568.18549186	1.499205e-15
6568.93615735	1.511822e-15
6569.68682283	1.537621e-15
6570.43748832	1.49365e-15
6571.1881538	1.479906e-15
6571.93881929	1.493137e-15
6572.68948478	1.478076e-15
6573.44015026	1.475249e-15
6574.19081575	1.535268e-15
6574.94148123	1.456165e-15
6575.69214672	1.474167e-15
6576.4428122	1.49417e-15
6577.19347769	1.44594e-15
6577.94414318	1.514989e-15
6578.69480866	1.521506e-15
6579.44547415	1.510683e-15
6580.19613963	1.491534e-15
6580.94680512	1.516048e-15
6581.69747061	1.527431e-15
6582.44813609	1.511097e-15
6583.19880158	1.526533e-15
6583.94946706	1.422555e-15
6584.70013255	1.451145e-15
6585.45079803	1.457089e-15
6586.20146352	1.48619e-15
6586.95212901	1.486421e-15
6587.70279449	1.427925e-15
6588.45345998	1.480116e-15
6589.20412546	1.469048e-15
6589.95479095	1.467638e-15
6590.70545644	1.498004e-15
6591.45612192	1.496054e-15
6592.20678741	1.455065e-15
6592.95745289	1.450811e-15
6593.70811838	1.479115e-15
6594.45878386	1.55358e-15
6595.20944935	1.463035e-15
6595.96011484	1.473409e-15
6596.71078032	1.589446e-15
6597.46144581	1.498063e-15
6598.21211129	1.48143e-15
6598.96277678	1.464589e-15
6599.71344227	1.451687e-15
6600.46410775	1.484889e-15
6601.21477324	1.474905e-15
6601.96543872	1.415667e-15
6602.71610421	1.436286e-15
6603.4667697	1.473911e-15
6604.21743518	1.470203e-15
6604.96810067	1.4776e-15
6605.71876615	1.43736e-15
6606.46943164	1.400973e-15
6607.22009712	1.418801e-15
6607.97076261	1.434196e-15
6608.7214281	1.476324e-15
6609.47209358	1.52995e-15
6610.22275907	1.440387e-15
6610.97342455	1.42724e-15
6611.72409004	1.437034e-15
6612.47475553	1.424447e-15
6613.22542101	1.436811e-15
6613.9760865	1.375449e-15
6614.72675198	1.394515e-15
6615.47741747	1.423767e-15
6616.22808295	1.431014e-15
6616.97874844	1.378336e-15
6617.72941393	1.315427e-15
6618.48007941	1.366544e-15
6619.2307449	1.423481e-15
6619.98141038	1.371179e-15
6620.73207587	1.378428e-15
6621.48274136	1.347049e-15
6622.23340684	1.362018e-15
6622.98407233	1.386951e-15
6623.73473781	1.400144e-15
6624.4854033	1.419783e-15
6625.23606879	1.373968e-15
6625.98673427	1.418524e-15
6626.73739976	1.338916e-15
6627.48806524	1.363759e-15
6628.23873073	1.397402e-15
6628.98939621	1.401557e-15
6629.7400617	1.350738e-15
6630.49072719	1.389236e-15
6631.24139267	1.359977e-15
6631.99205816	1.397625e-15
6632.74272364	1.44568e-15
6633.49338913	1.3584e-15
6634.24405462	1.320004e-15
6634.9947201	1.38765e-15
6635.74538559	1.410685e-15
6636.49605107	1.399379e-15
6637.24671656	1.37092e-15
6637.99738204	1.411567e-15
6638.74804753	1.420674e-15
6639.49871302	1.365879e-15
6640.2493785	1.354745e-15
6641.00004399	1.33649e-15
6641.75070947	1.344399e-15
6642.50137496	1.338092e-15
6643.25204045	1.313123e-15
6644.00270593	1.297534e-15
6644.75337142	1.341102e-15
6645.5040369	1.311064e-15
6646.25470239	1.306631e-15
6647.00536788	1.360645e-15
6647.75603336	1.3198e-15
6648.50669885	1.281316e-15
6649.25736433	1.34428e-15
6650.00802982	1.37194e-15
6650.7586953	1.299332e-15
6651.50936079	1.286765e-15
6652.26002628	1.353421e-15
6653.01069176	1.317597e-15
6653.76135725	1.344876e-15
6654.51202273	1.371384e-15
6655.26268822	1.291736e-15
6656.01335371	1.315188e-15
6656.76401919	1.291204e-15
6657.51468468	1.325984e-15
6658.26535016	1.369565e-15
6659.01601565	1.288257e-15
6659.76668113	1.326051e-15
6660.51734662	1.330681e-15
6661.26801211	1.304226e-15
6662.01867759	1.290517e-15
6662.76934308	1.283655e-15
6663.52000856	1.266853e-15
6664.27067405	1.301513e-15
6665.02133954	1.359723e-15
6665.77200502	1.33823e-15
6666.52267051	1.308708e-15
6667.27333599	1.278755e-15
6668.02400148	1.306001e-15
6668.77466697	1.316245e-15
6669.52533245	1.313504e-15
6670.27599794	1.325015e-15
6671.02666342	1.360939e-15
6671.77732891	1.333272e-15
6672.52799439	1.295602e-15
6673.27865988	1.269464e-15
6674.02932537	1.255989e-15
6674.77999085	1.272777e-15
6675.53065634	1.330382e-15
6676.28132182	1.305945e-15
6677.03198731	1.277052e-15
6677.7826528	1.346276e-15
6678.53331828	1.269008e-15
6679.28398377	1.27401e-15
6680.03464925	1.284062e-15
6680.78531474	1.376813e-15
6681.53598022	1.294735e-15
6682.28664571	1.2494e-15
6683.0373112	1.250844e-15
6683.78797668	1.314828e-15
6684.53864217	1.276076e-15
6685.28930765	1.259428e-15
6686.03997314	1.287004e-15
6686.79063863	1.238879e-15
6687.54130411	1.28362e-15
6688.2919696	1.29971e-15
6689.04263508	1.248067e-15
6689.79330057	1.240439e-15
6690.54396605	1.192787e-15
6691.29463154	1.209622e-15
6692.04529703	1.261505e-15
6692.79596251	1.282716e-15
6693.546628	1.215075e-15
6694.29729348	1.250214e-15
6695.04795897	1.304389e-15
6695.79862446	1.267105e-15
6696.54928994	1.306951e-15
6697.29995543	1.305455e-15
6698.05062091	1.239966e-15
6698.8012864	1.226476e-15
6699.55195189	1.317212e-15
6700.30261737	1.308825e-15
6701.05328286	1.297463e-15
6701.80394834	1.266933e-15
6702.55461383	1.275353e-15
6703.30527931	1.293132e-15
6704.0559448	1.25506e-15
6704.80661029	1.289167e-15
6705.55727577	1.253043e-15
6706.30794126	1.230258e-15
6707.05860674	1.275458e-15
6707.80927223	1.275402e-15
6708.55993772	1.261353e-15
6709.3106032	1.277008e-15
6710.06126869	1.238776e-15
6710.81193417	1.193881e-15
6711.56259966	1.122289e-15
6712.31326514	1.148287e-15
6713.06393063	1.244996e-15
6713.81459612	1.254946e-15
6714.5652616	1.209387e-15
6715.31592709	1.255229e-15
6716.06659257	1.258757e-15
6716.81725806	1.205769e-15
6717.56792355	1.21216e-15
6718.31858903	1.28071e-15
6719.06925452	1.22831e-15
6719.81992	1.187481e-15
6720.57058549	1.188356e-15
6721.32125098	1.198908e-15
6722.07191646	1.21893e-15
6722.82258195	1.228863e-15
6723.57324743	1.274218e-15
6724.32391292	1.197606e-15
6725.0745784	1.192511e-15
6725.82524389	1.232494e-15
6726.57590938	1.259811e-15
6727.32657486	1.201503e-15
6728.07724035	1.135831e-15
6728.82790583	1.09553e-15
6729.57857132	1.110141e-15
6730.32923681	1.176143e-15
6731.07990229	1.135327e-15
6731.83056778	1.132929e-15
6732.58123326	1.138327e-15
6733.33189875	1.216166e-15
6734.08256423	1.252741e-15
6734.83322972	1.222628e-15
6735.58389521	1.221208e-15
6736.33456069	1.208933e-15
6737.08522618	1.152026e-15
6737.83589166	1.230059e-15
6738.58655715	1.183469e-15
6739.33722264	1.220591e-15
6740.08788812	1.130699e-15
6740.83855361	1.176072e-15
6741.58921909	1.119169e-15
6742.33988458	1.160494e-15
6743.09055007	1.18444e-15
6743.84121555	1.152493e-15
6744.59188104	1.171779e-15
6745.34254652	1.155061e-15
6746.09321201	1.181655e-15
6746.84387749	1.21013e-15
6747.59454298	1.222704e-15
6748.34520847	1.140341e-15
6749.09587395	1.128069e-15
6749.84653944	1.170344e-15
6750.59720492	1.151785e-15
6751.34787041	1.187446e-15
6752.0985359	1.209125e-15
6752.84920138	1.14047e-15
6753.59986687	1.152711e-15
6754.35053235	1.20657e-15
6755.10119784	1.190696e-15
6755.85186332	1.16274e-15
6756.60252881	1.165336e-15
6757.3531943	1.136345e-15
6758.10385978	1.123133e-15
6758.85452527	1.15983e-15
6759.60519075	1.160484e-15
6760.35585624	1.113359e-15
6761.10652173	1.132209e-15
6761.85718721	1.08838e-15
6762.6078527	1.113908e-15
6763.35851818	1.164639e-15
6764.10918367	1.145221e-15
6764.85984915	1.154049e-15
6765.61051464	1.14906e-15
6766.36118013	1.176586e-15
6767.11184561	1.096896e-15
6767.8625111	1.113917e-15
6768.61317658	1.128285e-15
6769.36384207	1.07688e-15
6770.11450756	1.133693e-15
6770.86517304	1.181212e-15
6771.61583853	1.187761e-15
6772.36650401	1.08569e-15
6773.1171695	1.079878e-15
6773.86783499	1.124604e-15
6774.61850047	1.160559e-15
6775.36916596	1.116815e-15
6776.11983144	1.175915e-15
6776.87049693	1.121356e-15
6777.62116241	1.122205e-15
6778.3718279	1.135773e-15
6779.12249339	1.091496e-15
6779.87315887	1.043661e-15
6780.62382436	1.052872e-15
6781.37448984	1.097192e-15
6782.12515533	1.112956e-15
6782.87582082	1.057942e-15
6783.6264863	1.13397e-15
6784.37715179	1.094461e-15
6785.12781727	1.092144e-15
6785.87848276	1.115519e-15
6786.62914824	1.14147e-15
6787.37981373	1.172497e-15
6788.13047922	1.073338e-15
6788.8811447	1.087468e-15
6789.63181019	1.062576e-15
6790.38247567	1.122642e-15
6791.13314116	1.053451e-15
6791.88380665	1.059016e-15
6792.63447213	1.054883e-15
6793.38513762	1.105833e-15
6794.1358031	1.117105e-15
6794.88646859	1.100078e-15
6795.63713408	1.058747e-15
6796.38779956	1.071082e-15
6797.13846505	1.097853e-15
6797.88913053	1.134573e-15
6798.63979602	1.133123e-15
6799.3904615	1.065369e-15
6800.14112699	1.057552e-15
6800.89179248	1.124039e-15
6801.64245796	1.103911e-15
6802.39312345	1.057577e-15
6803.14378893	1.132409e-15
6803.89445442	1.08195e-15
6804.64511991	1.059475e-15
6805.39578539	1.087155e-15
6806.14645088	1.052268e-15
6806.89711636	1.090545e-15
6807.64778185	1.05621e-15
6808.39844733	1.054037e-15
6809.14911282	1.077897e-15
6809.89977831	1.048336e-15
6810.65044379	1.105147e-15
6811.40110928	1.011953e-15
6812.15177476	1.040875e-15
6812.90244025	1.003423e-15
6813.65310574	1.043453e-15
6814.40377122	1.023701e-15
6815.15443671	1.086404e-15
6815.90510219	1.027867e-15
6816.65576768	1.055205e-15
6817.40643317	1.027207e-15
6818.15709865	1.063171e-15
6818.90776414	1.043636e-15
6819.65842962	1.043673e-15
6820.40909511	1.00982e-15
6821.15976059	1.023218e-15
6821.91042608	1.085102e-15
6822.66109157	1.04958e-15
6823.41175705	1.020376e-15
6824.16242254	1.023352e-15
6824.91308802	1.034754e-15
6825.66375351	1.027289e-15
6826.414419	1.09644e-15
6827.16508448	1.059852e-15
6827.91574997	1.01635e-15
6828.66641545	1.049424e-15
6829.41708094	1.05237e-15
6830.16774642	1.017049e-15
6830.91841191	1.041912e-15
6831.6690774	1.011263e-15
6832.41974288	1.044614e-15
6833.17040837	1.03139e-15
6833.92107385	1.008935e-15
6834.67173934	1.037765e-15
6835.42240483	1.027098e-15
6836.17307031	9.709357e-16
6836.9237358	9.858624e-16
6837.67440128	9.811425e-16
6838.42506677	9.835975e-16
6839.17573225	1.039838e-15
6839.92639774	1.062131e-15
6840.67706323	9.911077e-16
6841.42772871	1.013321e-15
6842.1783942	9.965585e-16
6842.92905968	1.027133e-15
6843.67972517	1.024559e-15
6844.43039066	9.957278e-16
6845.18105614	9.372996e-16
6845.93172163	9.856272e-16
6846.68238711	1.030167e-15
6847.4330526	9.850452e-16
6848.18371809	9.792317e-16
6848.93438357	9.744829e-16
6849.68504906	1.05057e-15
6850.43571454	1.07353e-15
6851.18638003	9.841552e-16
6851.93704551	9.557928e-16
6852.687711	9.704067e-16
6853.43837649	9.783331e-16
6854.18904197	9.28995e-16
6854.93970746	9.85803e-16
6855.69037294	9.649163e-16
6856.44103843	9.919106e-16
6857.19170392	1.004472e-15
6857.9423694	9.933233e-16
6858.69303489	1.005063e-15
6859.44370037	1.005268e-15
6860.19436586	9.958955e-16
6860.94503134	9.737609e-16
6861.69569683	9.945216e-16
6862.44636232	9.719475e-16
6863.1970278	1.026487e-15
6863.94769329	9.328016e-16
6864.69835877	9.532399e-16
6865.44902426	9.313144e-16
6866.19968975	1.002976e-15
6866.95035523	9.392596e-16
6867.70102072	8.897381e-16
6868.4516862	8.205132e-16
6869.20235169	8.26494e-16
6869.95301718	9.251421e-16
6870.70368266	9.585792e-16
6871.45434815	9.081254e-16
6872.20501363	1.000659e-15
6872.95567912	9.775253e-16
6873.7063446	9.911674e-16
6874.45701009	9.255617e-16
6875.20767558	8.906743e-16
6875.95834106	1.005446e-15
6876.70900655	1.03236e-15
6877.45967203	9.743288e-16
6878.21033752	9.85438e-16
6878.96100301	9.638869e-16
6879.71166849	9.787312e-16
6880.46233398	1.008415e-15
6881.21299946	9.825644e-16
6881.96366495	9.454391e-16
6882.71433043	9.921658e-16
6883.46499592	9.677542e-16
6884.21566141	9.158459e-16
6884.96632689	8.992495e-16
6885.71699238	9.064685e-16
6886.46765786	9.549038e-16
6887.21832335	9.077165e-16
6887.96898884	9.426214e-16
6888.71965432	9.603444e-16
6889.47031981	8.841082e-16
6890.22098529	9.172121e-16
6890.97165078	9.903049e-16
6891.72231627	1.005821e-15
6892.47298175	9.813807e-16
6893.22364724	8.938416e-16
6893.97431272	9.291938e-16
6894.72497821	9.659224e-16
6895.47564369	9.193347e-16
6896.22630918	8.978167e-16
6896.97697467	8.859735e-16
6897.72764015	9.301718e-16
6898.47830564	1.01172e-15
6899.22897112	9.371319e-16
6899.97963661	9.146582e-16
6900.7303021	9.180329e-16
6901.48096758	8.785347e-16
6902.23163307	8.97193e-16
6902.98229855	9.504437e-16
6903.73296404	9.766004e-16
6904.48362952	9.509209e-16
6905.23429501	9.018142e-16
6905.9849605	9.351863e-16
6906.73562598	9.663334e-16
6907.48629147	9.714492e-16
6908.23695695	9.485976e-16
6908.98762244	9.070954e-16
6909.73828793	8.993323e-16
6910.48895341	9.101221e-16
6911.2396189	9.450117e-16
6911.99028438	9.831054e-16
6912.74094987	9.461162e-16
6913.49161536	8.78234e-16
6914.24228084	8.727817e-16
6914.99294633	9.077117e-16
6915.74361181	8.991979e-16
6916.4942773	9.255516e-16
6917.24494278	9.145634e-16
6917.99560827	8.304946e-16
6918.74627376	8.976554e-16
6919.49693924	9.284378e-16
6920.24760473	9.393586e-16
6920.99827021	9.15348e-16
6921.7489357	9.158163e-16
6922.49960119	9.495562e-16
6923.25026667	8.883124e-16
6924.00093216	8.931745e-16
6924.75159764	9.167393e-16
6925.50226313	9.112095e-16
6926.25292861	9.43373e-16
6927.0035941	8.843878e-16
6927.75425959	9.071735e-16
6928.50492507	8.827386e-16
6929.25559056	8.961959e-16
6930.00625604	8.831538e-16
6930.75692153	9.189355e-16
6931.50758702	8.82123e-16
6932.2582525	9.177952e-16
6933.00891799	8.959213e-16
6933.75958347	8.705196e-16
6934.51024896	8.662365e-16
6935.26091444	8.433371e-16
6936.01157993	8.865128e-16
6936.76224542	8.624839e-16
6937.5129109	7.955043e-16
6938.26357639	9.147087e-16
6939.01424187	8.249406e-16
6939.76490736	8.431101e-16
6940.51557285	8.553388e-16
6941.26623833	8.504099e-16
6942.01690382	8.10748e-16
6942.7675693	8.491539e-16
6943.51823479	8.312726e-16
6944.26890028	8.733758e-16
6945.01956576	8.505969e-16
6945.77023125	8.583982e-16
6946.52089673	8.923671e-16
6947.27156222	8.555974e-16
6948.0222277	8.219944e-16
6948.77289319	8.37239e-16
6949.52355868	8.952389e-16
6950.27422416	8.679427e-16
6951.02488965	8.359813e-16
6951.77555513	8.450544e-16
6952.52622062	8.577035e-16
6953.27688611	8.501844e-16
6954.02755159	8.659268e-16
6954.77821708	8.307935e-16
6955.52888256	8.191011e-16
6956.27954805	7.862414e-16
6957.03021353	8.229188e-16
6957.78087902	7.986732e-16
6958.53154451	8.06302e-16
6959.28220999	8.332067e-16
6960.03287548	7.893917e-16
6960.78354096	8.830928e-16
6961.53420645	7.905893e-16
6962.28487194	8.463509e-16
6963.03553742	8.37652e-16
6963.78620291	8.328737e-16
6964.53686839	7.918284e-16
6965.28753388	7.694059e-16
6966.03819937	8.137144e-16
6966.78886485	8.234505e-16
6967.53953034	8.113395e-16
6968.29019582	8.296794e-16
6969.04086131	7.754917e-16
6969.79152679	8.217237e-16
6970.54219228	8.411878e-16
6971.29285777	7.586583e-16
6972.04352325	7.873409e-16
6972.79418874	7.843195e-16
6973.54485422	8.108904e-16
6974.29551971	8.209453e-16
6975.0461852	7.985143e-16
6975.79685068	8.132021e-16
6976.54751617	8.721845e-16
6977.29818165	8.014725e-16
6978.04884714	8.003419e-16
6978.79951262	7.876581e-16
6979.55017811	7.741755e-16
6980.3008436	7.778959e-16
6981.05150908	8.111084e-16
6981.80217457	7.731438e-16
6982.55284005	7.727358e-16
6983.30350554	7.985231e-16
6984.05417103	8.642844e-16
6984.80483651	8.070534e-16
6985.555502	7.95383e-16
6986.30616748	8.165432e-16
6987.05683297	7.74907e-16
6987.80749846	7.018711e-16
6988.55816394	8.19311e-16
6989.30882943	8.305964e-16
6990.05949491	8.03411e-16
6990.8101604	8.193881e-16
6991.56082588	7.921763e-16
6992.31149137	7.6583e-16
6993.06215686	7.957005e-16
6993.81282234	8.233135e-16
6994.56348783	7.887913e-16
6995.31415331	7.922042e-16
6996.0648188	7.927691e-16
6996.81548429	7.525474e-16
6997.56614977	8.060456e-16
6998.31681526	8.086916e-16
6999.06748074	7.714724e-16
6999.81814623	7.76626e-16
7000.56881171	7.69407e-16
7001.3194772	7.793174e-16
7002.07014269	8.126701e-16
7002.82080817	7.735254e-16
7003.57147366	7.844657e-16
7004.32213914	8.362268e-16
7005.07280463	8.144173e-16
7005.82347012	8.437233e-16
7006.5741356	7.984483e-16
7007.32480109	7.675818e-16
7008.07546657	7.575424e-16
7008.82613206	8.142566e-16
7009.57679754	8.208434e-16
7010.32746303	8.495049e-16
7011.07812852	8.035219e-16
7011.828794	8.199422e-16
7012.57945949	8.665973e-16
7013.33012497	7.771118e-16
7014.08079046	7.604043e-16
7014.83145595	7.711942e-16
7015.58212143	7.85417e-16
7016.33278692	8.049828e-16
7017.0834524	7.740665e-16
7017.83411789	8.194136e-16
7018.58478338	7.836652e-16
7019.33544886	7.434583e-16
7020.08611435	8.49949e-16
7020.83677983	7.463114e-16
7021.58744532	8.135855e-16
7022.3381108	7.982098e-16
7023.08877629	8.444026e-16
7023.83944178	7.690789e-16
7024.59010726	7.832996e-16
7025.34077275	7.843874e-16
7026.09143823	7.390209e-16
7026.84210372	7.646904e-16
7027.59276921	7.693342e-16
7028.34343469	7.937836e-16
7029.09410018	7.498523e-16
7029.84476566	8.04954e-16
7030.59543115	7.88161e-16
7031.34609663	7.535745e-16
7032.09676212	7.637451e-16
7032.84742761	7.883603e-16
7033.59809309	8.386022e-16
7034.34875858	7.945926e-16
7035.09942406	7.777729e-16
7035.85008955	7.974817e-16
7036.60075504	8.195177e-16
7037.35142052	8.07173e-16
7038.10208601	8.072662e-16
7038.85275149	7.696149e-16
7039.60341698	8.071133e-16
7040.35408247	7.768676e-16
7041.10474795	7.483386e-16
7041.85541344	7.62995e-16
7042.60607892	7.699322e-16
7043.35674441	7.688062e-16
7044.10740989	8.097999e-16
7044.85807538	7.876269e-16
7045.60874087	8.131932e-16
7046.35940635	8.146414e-16
7047.11007184	8.100294e-16
7047.86073732	7.579516e-16
7048.61140281	7.56365e-16
7049.3620683	8.009623e-16
7050.11273378	7.827529e-16
7050.86339927	8.07141e-16
7051.61406475	7.711357e-16
7052.36473024	7.59914e-16
7053.11539572	7.980923e-16
7053.86606121	7.279711e-16
7054.6167267	7.842534e-16
7055.36739218	7.810091e-16
7056.11805767	7.337813e-16
7056.86872315	7.492352e-16
7057.61938864	7.673996e-16
7058.37005413	7.417772e-16
7059.12071961	7.080971e-16
7059.8713851	7.870661e-16
7060.62205058	7.730396e-16
7061.37271607	7.891124e-16
7062.12338156	8.273005e-16
7062.87404704	7.811919e-16
7063.62471253	7.826926e-16
7064.37537801	7.683832e-16
7065.1260435	7.741416e-16
