#	 ps15adh 
#	 UT date of observation: 20150517 
#	 Telescope/Instrument: SOAR/Goodman 
#	 Estimated Peak MJD: 57136.645 
#	 Estimated redshift: 0.103 
#	 Estimated Phase: 20.3 
#	 Published in Dettman et al. 2020 
#	 Observed barycentric wavelength (Angstroms)    F_lambda
3600.0	1.122505e-17
3602.0	5.078438e-18
3604.0	7.792093e-18
3606.0	1.418498e-17
3608.0	1.181163e-17
3610.0	1.02924e-17
3612.0	9.30942e-18
3614.0	4.610848e-18
3616.0	1.370803e-18
3618.0	8.99027e-18
3620.0	1.082139e-17
3622.0	1.142863e-17
3624.0	1.577562e-17
3626.0	1.002967e-17
3628.0	6.863341e-18
3630.0	1.172795e-17
3632.0	9.787309e-18
3634.0	3.674362e-18
3636.0	6.348331e-18
3638.0	1.353193e-17
3640.0	9.304667e-18
3642.0	3.497384e-18
3644.0	-1.383598e-19
3646.0	4.031712e-18
3648.0	5.672424e-18
3650.0	3.601448e-18
3652.0	4.870578e-18
3654.0	8.54559e-18
3656.0	1.117716e-17
3658.0	1.137057e-17
3660.0	1.308833e-17
3662.0	6.901918e-18
3664.0	3.329729e-20
3666.0	3.248614e-18
3668.0	8.887984e-18
3670.0	1.271699e-17
3672.0	1.29029e-17
3674.0	7.800146e-18
3676.0	5.406868e-18
3678.0	9.84453e-18
3680.0	5.665077e-18
3682.0	3.745517e-18
3684.0	1.069342e-17
3686.0	1.386606e-17
3688.0	1.139475e-17
3690.0	4.138495e-18
3692.0	6.899114e-18
3694.0	1.26653e-17
3696.0	1.663816e-17
3698.0	1.35037e-17
3700.0	1.205922e-17
3702.0	1.425458e-17
3704.0	1.427506e-17
3706.0	1.391656e-17
3708.0	6.379624e-18
3710.0	-2.180576e-18
3712.0	2.745013e-18
3714.0	7.663738e-18
3716.0	6.638841e-18
3718.0	6.009324e-18
3720.0	4.3884e-18
3722.0	6.924187e-18
3724.0	9.415036e-18
3726.0	1.363206e-17
3728.0	1.136186e-17
3730.0	1.103426e-17
3732.0	1.224386e-17
3734.0	7.386294e-18
3736.0	3.184683e-18
3738.0	4.107615e-18
3740.0	3.747364e-18
3742.0	9.905584e-18
3744.0	1.279854e-17
3746.0	1.237812e-17
3748.0	1.335152e-17
3750.0	1.720623e-17
3752.0	1.276794e-17
3754.0	1.411411e-17
3756.0	1.275558e-17
3758.0	1.182767e-17
3760.0	1.547731e-17
3762.0	1.533465e-17
3764.0	1.402911e-17
3766.0	1.547404e-17
3768.0	1.527995e-17
3770.0	1.227663e-17
3772.0	8.931205e-18
3774.0	8.972668e-18
3776.0	8.101162e-18
3778.0	1.010576e-17
3780.0	1.183476e-17
3782.0	1.385717e-17
3784.0	1.483528e-17
3786.0	1.698023e-17
3788.0	7.62252e-18
3790.0	6.843159e-18
3792.0	7.329414e-18
3794.0	8.110433e-18
3796.0	9.769628e-18
3798.0	9.380848e-18
3800.0	9.184098e-18
3802.0	8.978321e-18
3804.0	7.898294e-18
3806.0	1.401309e-17
3808.0	1.608167e-17
3810.0	9.728128e-18
3812.0	7.292981e-18
3814.0	7.309493e-18
3816.0	9.323051e-18
3818.0	9.666122e-18
3820.0	1.393156e-17
3822.0	1.16764e-17
3824.0	7.303216e-18
3826.0	1.384589e-17
3828.0	1.603039e-17
3830.0	1.107312e-17
3832.0	1.231843e-17
3834.0	1.341153e-17
3836.0	1.179187e-17
3838.0	1.15531e-17
3840.0	1.270866e-17
3842.0	9.648767e-18
3844.0	7.036404e-18
3846.0	1.21441e-17
3848.0	1.392272e-17
3850.0	1.446875e-17
3852.0	1.459252e-17
3854.0	1.10845e-17
3856.0	1.199321e-17
3858.0	1.410316e-17
3860.0	1.130247e-17
3862.0	8.529173e-18
3864.0	8.53743e-18
3866.0	1.09112e-17
3868.0	1.384314e-17
3870.0	1.581306e-17
3872.0	1.708316e-17
3874.0	1.295459e-17
3876.0	7.327387e-18
3878.0	9.703408e-18
3880.0	1.433194e-17
3882.0	1.354355e-17
3884.0	1.32886e-17
3886.0	1.622631e-17
3888.0	1.760806e-17
3890.0	1.671518e-17
3892.0	1.338621e-17
3894.0	1.251653e-17
3896.0	1.297662e-17
3898.0	1.208812e-17
3900.0	1.452613e-17
3902.0	1.38649e-17
3904.0	1.133443e-17
3906.0	1.596619e-17
3908.0	1.693551e-17
3910.0	1.600373e-17
3912.0	1.507848e-17
3914.0	1.826167e-17
3916.0	1.782877e-17
3918.0	1.562566e-17
3920.0	1.972151e-17
3922.0	1.635598e-17
3924.0	1.534561e-17
3926.0	1.283742e-17
3928.0	1.521723e-17
3930.0	1.744367e-17
3932.0	2.057986e-17
3934.0	1.797137e-17
3936.0	1.681475e-17
3938.0	1.706018e-17
3940.0	1.544109e-17
3942.0	1.643567e-17
3944.0	1.821e-17
3946.0	1.646668e-17
3948.0	2.024837e-17
3950.0	2.056304e-17
3952.0	1.788456e-17
3954.0	1.716906e-17
3956.0	2.312515e-17
3958.0	1.907557e-17
3960.0	1.927281e-17
3962.0	1.59604e-17
3964.0	1.846485e-17
3966.0	1.965667e-17
3968.0	1.847106e-17
3970.0	1.648749e-17
3972.0	1.583501e-17
3974.0	1.562858e-17
3976.0	1.717809e-17
3978.0	1.699623e-17
3980.0	1.582628e-17
3982.0	1.344472e-17
3984.0	1.239569e-17
3986.0	1.728846e-17
3988.0	2.06039e-17
3990.0	1.728498e-17
3992.0	1.654272e-17
3994.0	1.435977e-17
3996.0	1.535555e-17
3998.0	1.351042e-17
4000.0	1.466506e-17
4002.0	1.680004e-17
4004.0	1.656481e-17
4006.0	1.209452e-17
4008.0	1.335104e-17
4010.0	1.921517e-17
4012.0	2.079583e-17
4014.0	2.338661e-17
4016.0	2.240442e-17
4018.0	1.763779e-17
4020.0	1.834488e-17
4022.0	1.64719e-17
4024.0	2.305175e-17
4026.0	2.159684e-17
4028.0	2.227826e-17
4030.0	2.147025e-17
4032.0	2.110469e-17
4034.0	2.14099e-17
4036.0	2.216089e-17
4038.0	2.473749e-17
4040.0	2.457328e-17
4042.0	3.312493e-17
4044.0	2.833288e-17
4046.0	2.511273e-17
4048.0	2.526704e-17
4050.0	2.446953e-17
4052.0	2.618739e-17
4054.0	2.875933e-17
4056.0	3.030711e-17
4058.0	3.014493e-17
4060.0	2.796136e-17
4062.0	3.089399e-17
4064.0	3.333399e-17
4066.0	3.162406e-17
4068.0	3.294382e-17
4070.0	3.407236e-17
4072.0	2.913609e-17
4074.0	2.976288e-17
4076.0	3.147386e-17
4078.0	3.454016e-17
4080.0	3.092279e-17
4082.0	3.139166e-17
4084.0	3.387982e-17
4086.0	3.608621e-17
4088.0	3.314918e-17
4090.0	3.261482e-17
4092.0	3.142545e-17
4094.0	2.94873e-17
4096.0	2.668895e-17
4098.0	2.196913e-17
4100.0	2.096768e-17
4102.0	2.790318e-17
4104.0	2.819744e-17
4106.0	2.470007e-17
4108.0	2.76121e-17
4110.0	3.022941e-17
4112.0	2.827415e-17
4114.0	2.34798e-17
4116.0	2.096394e-17
4118.0	2.279693e-17
4120.0	2.367024e-17
4122.0	2.67571e-17
4124.0	2.647113e-17
4126.0	2.619849e-17
4128.0	2.472701e-17
4130.0	2.042045e-17
4132.0	1.848707e-17
4134.0	1.883888e-17
4136.0	2.006756e-17
4138.0	1.989003e-17
4140.0	1.847182e-17
4142.0	2.100042e-17
4144.0	1.823465e-17
4146.0	1.318053e-17
4148.0	1.669336e-17
4150.0	2.190069e-17
4152.0	2.185694e-17
4154.0	1.849764e-17
4156.0	1.400256e-17
4158.0	1.326709e-17
4160.0	1.712654e-17
4162.0	1.791669e-17
4164.0	1.63971e-17
4166.0	1.53311e-17
4168.0	1.523801e-17
4170.0	1.686327e-17
4172.0	1.958444e-17
4174.0	1.582819e-17
4176.0	1.322806e-17
4178.0	1.563372e-17
4180.0	1.576008e-17
4182.0	1.397592e-17
4184.0	1.449807e-17
4186.0	1.507774e-17
4188.0	1.202987e-17
4190.0	9.998265e-18
4192.0	1.296035e-17
4194.0	1.539615e-17
4196.0	1.299021e-17
4198.0	1.057269e-17
4200.0	1.099776e-17
4202.0	1.167365e-17
4204.0	1.235307e-17
4206.0	1.303565e-17
4208.0	1.221502e-17
4210.0	1.584288e-17
4212.0	1.613498e-17
4214.0	9.862854e-18
4216.0	1.116838e-17
4218.0	1.467261e-17
4220.0	1.398054e-17
4222.0	1.341361e-17
4224.0	1.288208e-17
4226.0	1.149661e-17
4228.0	1.266511e-17
4230.0	1.538046e-17
4232.0	1.68964e-17
4234.0	1.841297e-17
4236.0	1.994779e-17
4238.0	1.897502e-17
4240.0	2.013709e-17
4242.0	2.108878e-17
4244.0	1.878112e-17
4246.0	1.906896e-17
4248.0	2.106774e-17
4250.0	2.392329e-17
4252.0	2.481568e-17
4254.0	2.347605e-17
4256.0	2.821135e-17
4258.0	2.783552e-17
4260.0	2.38405e-17
4262.0	2.680718e-17
4264.0	2.776795e-17
4266.0	2.55705e-17
4268.0	2.635304e-17
4270.0	2.686898e-17
4272.0	2.993133e-17
4274.0	3.469307e-17
4276.0	3.811437e-17
4278.0	3.889975e-17
4280.0	3.478884e-17
4282.0	3.45067e-17
4284.0	3.668973e-17
4286.0	3.599598e-17
4288.0	3.382439e-17
4290.0	3.374612e-17
4292.0	3.788751e-17
4294.0	3.90873e-17
4296.0	3.740849e-17
4298.0	3.49347e-17
4300.0	3.64975e-17
4302.0	3.776057e-17
4304.0	3.409811e-17
4306.0	3.442041e-17
4308.0	3.830806e-17
4310.0	4.052711e-17
4312.0	4.133916e-17
4314.0	4.275176e-17
4316.0	4.239463e-17
4318.0	3.933122e-17
4320.0	4.319818e-17
4322.0	4.788598e-17
4324.0	4.768471e-17
4326.0	4.832376e-17
4328.0	4.327637e-17
4330.0	3.888098e-17
4332.0	4.06609e-17
4334.0	4.247591e-17
4336.0	4.420075e-17
4338.0	4.127224e-17
4340.0	4.181206e-17
4342.0	4.095695e-17
4344.0	4.196553e-17
4346.0	4.623143e-17
4348.0	4.654393e-17
4350.0	4.614721e-17
4352.0	4.774679e-17
4354.0	4.870212e-17
4356.0	4.801892e-17
4358.0	4.894282e-17
4360.0	4.889582e-17
4362.0	4.698023e-17
4364.0	4.64197e-17
4366.0	4.955682e-17
4368.0	4.831634e-17
4370.0	4.807295e-17
4372.0	5.068284e-17
4374.0	5.201627e-17
4376.0	5.252228e-17
4378.0	5.27161e-17
4380.0	5.351325e-17
4382.0	5.235084e-17
4384.0	4.68334e-17
4386.0	4.615271e-17
4388.0	4.581144e-17
4390.0	4.432651e-17
4392.0	4.783006e-17
4394.0	4.914308e-17
4396.0	4.808928e-17
4398.0	4.718523e-17
4400.0	4.507659e-17
4402.0	4.616864e-17
4404.0	4.684664e-17
4406.0	4.592953e-17
4408.0	4.177153e-17
4410.0	3.842299e-17
4412.0	4.252989e-17
4414.0	4.508501e-17
4416.0	4.243585e-17
4418.0	4.023728e-17
4420.0	3.903902e-17
4422.0	4.005131e-17
4424.0	4.124727e-17
4426.0	3.81421e-17
4428.0	3.825308e-17
4430.0	3.807849e-17
4432.0	3.591111e-17
4434.0	3.239956e-17
4436.0	3.211247e-17
4438.0	3.545337e-17
4440.0	3.737292e-17
4442.0	3.776839e-17
4444.0	3.530153e-17
4446.0	3.310539e-17
4448.0	3.355354e-17
4450.0	3.506192e-17
4452.0	3.506522e-17
4454.0	3.349607e-17
4456.0	2.922377e-17
4458.0	3.013562e-17
4460.0	3.121452e-17
4462.0	3.375343e-17
4464.0	3.70383e-17
4466.0	3.487211e-17
4468.0	3.485272e-17
4470.0	3.407452e-17
4472.0	3.20655e-17
4474.0	3.559338e-17
4476.0	3.539733e-17
4478.0	3.334301e-17
4480.0	3.540798e-17
4482.0	3.608521e-17
4484.0	3.739564e-17
4486.0	3.723445e-17
4488.0	3.571959e-17
4490.0	3.886891e-17
4492.0	3.665863e-17
4494.0	3.410437e-17
4496.0	3.362306e-17
4498.0	3.169239e-17
4500.0	3.019713e-17
4502.0	3.143565e-17
4504.0	3.346887e-17
4506.0	3.213631e-17
4508.0	3.230869e-17
4510.0	3.273103e-17
4512.0	3.298597e-17
4514.0	3.399265e-17
4516.0	3.181713e-17
4518.0	2.846441e-17
4520.0	2.871666e-17
4522.0	3.244919e-17
4524.0	3.164457e-17
4526.0	2.779296e-17
4528.0	3.086668e-17
4530.0	3.591249e-17
4532.0	3.498091e-17
4534.0	3.439281e-17
4536.0	3.397467e-17
4538.0	3.083208e-17
4540.0	2.990256e-17
4542.0	3.091319e-17
4544.0	3.08469e-17
4546.0	2.967649e-17
4548.0	2.938576e-17
4550.0	3.072181e-17
4552.0	3.219029e-17
4554.0	2.972646e-17
4556.0	3.090491e-17
4558.0	3.080745e-17
4560.0	3.179074e-17
4562.0	3.206277e-17
4564.0	3.104716e-17
4566.0	2.977291e-17
4568.0	3.125088e-17
4570.0	3.22343e-17
4572.0	3.296577e-17
4574.0	3.317954e-17
4576.0	3.216006e-17
4578.0	2.786348e-17
4580.0	2.657665e-17
4582.0	2.817347e-17
4584.0	3.037058e-17
4586.0	2.998961e-17
4588.0	2.957696e-17
4590.0	2.782064e-17
4592.0	2.69685e-17
4594.0	3.118788e-17
4596.0	2.915409e-17
4598.0	2.801519e-17
4600.0	3.133808e-17
4602.0	2.995169e-17
4604.0	3.396206e-17
4606.0	3.204872e-17
4608.0	2.942851e-17
4610.0	3.149518e-17
4612.0	2.842778e-17
4614.0	3.231682e-17
4616.0	3.422091e-17
4618.0	3.029228e-17
4620.0	3.292459e-17
4622.0	3.13949e-17
4624.0	3.298926e-17
4626.0	3.316052e-17
4628.0	3.268524e-17
4630.0	3.283891e-17
4632.0	3.030322e-17
4634.0	3.061437e-17
4636.0	3.556019e-17
4638.0	3.632757e-17
4640.0	4.075621e-17
4642.0	4.028224e-17
4644.0	3.842299e-17
4646.0	3.556093e-17
4648.0	3.100646e-17
4650.0	3.404799e-17
4652.0	3.639163e-17
4654.0	3.040923e-17
4656.0	3.312062e-17
4658.0	3.411383e-17
4660.0	3.078235e-17
4662.0	2.999293e-17
4664.0	3.170886e-17
4666.0	2.915689e-17
4668.0	3.340916e-17
4670.0	3.67126e-17
4672.0	3.034485e-17
4674.0	3.159355e-17
4676.0	3.152953e-17
4678.0	3.325641e-17
4680.0	3.587066e-17
4682.0	3.617088e-17
4684.0	3.329498e-17
4686.0	3.117479e-17
4688.0	3.351773e-17
4690.0	3.216087e-17
4692.0	3.295732e-17
4694.0	2.912186e-17
4696.0	2.942576e-17
4698.0	3.247768e-17
4700.0	3.101649e-17
4702.0	3.226972e-17
4704.0	3.341502e-17
4706.0	3.146449e-17
4708.0	3.109349e-17
4710.0	2.843533e-17
4712.0	3.015005e-17
4714.0	3.029561e-17
4716.0	3.465502e-17
4718.0	3.252785e-17
4720.0	2.816755e-17
4722.0	3.275125e-17
4724.0	3.328847e-17
4726.0	3.304015e-17
4728.0	3.229631e-17
4730.0	3.266722e-17
4732.0	3.365447e-17
4734.0	3.375451e-17
4736.0	3.133272e-17
4738.0	3.34033e-17
4740.0	3.667832e-17
4742.0	3.560885e-17
4744.0	3.672684e-17
4746.0	3.443435e-17
4748.0	3.653026e-17
4750.0	3.867227e-17
4752.0	3.566692e-17
4754.0	3.781196e-17
4756.0	3.820127e-17
4758.0	3.550324e-17
4760.0	3.825501e-17
4762.0	3.916222e-17
4764.0	3.890012e-17
4766.0	3.811168e-17
4768.0	3.913139e-17
4770.0	3.9284e-17
4772.0	4.06916e-17
4774.0	3.57814e-17
4776.0	3.383447e-17
4778.0	3.519188e-17
4780.0	3.456078e-17
4782.0	3.438911e-17
4784.0	3.781886e-17
4786.0	3.560142e-17
4788.0	3.488469e-17
4790.0	3.47472e-17
4792.0	3.526063e-17
4794.0	3.329046e-17
4796.0	3.454144e-17
4798.0	3.162857e-17
4800.0	2.610757e-17
4802.0	2.682604e-17
4804.0	2.780253e-17
4806.0	2.913864e-17
4808.0	3.126837e-17
4810.0	2.870228e-17
4812.0	2.935517e-17
4814.0	3.148424e-17
4816.0	3.060487e-17
4818.0	2.804721e-17
4820.0	2.902985e-17
4822.0	3.007667e-17
4824.0	2.572906e-17
4826.0	2.641035e-17
4828.0	2.879208e-17
4830.0	2.733568e-17
4832.0	2.541632e-17
4834.0	2.336716e-17
4836.0	2.482392e-17
4838.0	2.625817e-17
4840.0	2.682211e-17
4842.0	2.700196e-17
4844.0	2.560401e-17
4846.0	2.473144e-17
4848.0	2.484489e-17
4850.0	2.523946e-17
4852.0	2.229127e-17
4854.0	2.233122e-17
4856.0	2.356592e-17
4858.0	2.163622e-17
4860.0	2.006037e-17
4862.0	2.262927e-17
4864.0	2.368501e-17
4866.0	2.058993e-17
4868.0	2.11463e-17
4870.0	1.926295e-17
4872.0	1.943066e-17
4874.0	2.056359e-17
4876.0	2.075747e-17
4878.0	2.376252e-17
4880.0	2.253059e-17
4882.0	2.021463e-17
4884.0	2.009109e-17
4886.0	2.013439e-17
4888.0	1.998561e-17
4890.0	2.504997e-17
4892.0	2.483869e-17
4894.0	2.293263e-17
4896.0	2.143168e-17
4898.0	2.074094e-17
4900.0	2.354084e-17
4902.0	2.173602e-17
4904.0	2.013955e-17
4906.0	1.970749e-17
4908.0	1.799909e-17
4910.0	1.945481e-17
4912.0	2.352307e-17
4914.0	2.271289e-17
4916.0	2.034582e-17
4918.0	2.158149e-17
4920.0	2.314638e-17
4922.0	2.417828e-17
4924.0	2.397715e-17
4926.0	2.374833e-17
4928.0	2.407345e-17
4930.0	2.305218e-17
4932.0	2.147872e-17
4934.0	2.187281e-17
4936.0	2.421319e-17
4938.0	2.509264e-17
4940.0	2.395141e-17
4942.0	2.450288e-17
4944.0	2.525898e-17
4946.0	2.549064e-17
4948.0	2.718539e-17
4950.0	2.669995e-17
4952.0	2.520699e-17
4954.0	2.482027e-17
4956.0	2.620958e-17
4958.0	2.912726e-17
4960.0	2.867983e-17
4962.0	2.68099e-17
4964.0	2.740834e-17
4966.0	2.873122e-17
4968.0	2.959782e-17
4970.0	2.98627e-17
4972.0	2.852758e-17
4974.0	2.715508e-17
4976.0	2.656874e-17
4978.0	2.803436e-17
4980.0	3.227322e-17
4982.0	3.562065e-17
4984.0	3.580299e-17
4986.0	3.344114e-17
4988.0	3.188409e-17
4990.0	3.206502e-17
4992.0	3.34212e-17
4994.0	3.586274e-17
4996.0	3.672757e-17
4998.0	3.600718e-17
5000.0	3.663533e-17
5002.0	3.836408e-17
5004.0	3.909412e-17
5006.0	3.900876e-17
5008.0	4.046344e-17
5010.0	4.335122e-17
5012.0	4.588579e-17
5014.0	4.59323e-17
5016.0	4.512099e-17
5018.0	4.748645e-17
5020.0	5.012559e-17
5022.0	4.989416e-17
5024.0	5.172232e-17
5026.0	5.643705e-17
5028.0	5.965413e-17
5030.0	5.82661e-17
5032.0	5.802974e-17
5034.0	5.966615e-17
5036.0	5.814485e-17
5038.0	5.891581e-17
5040.0	6.054525e-17
5042.0	6.144747e-17
5044.0	6.39778e-17
5046.0	6.578277e-17
5048.0	6.833444e-17
5050.0	7.103412e-17
5052.0	7.031963e-17
5054.0	6.932954e-17
5056.0	7.188229e-17
5058.0	7.388637e-17
5060.0	7.05271e-17
5062.0	7.075344e-17
5064.0	7.170938e-17
5066.0	6.993396e-17
5068.0	6.91321e-17
5070.0	6.854586e-17
5072.0	6.885909e-17
5074.0	6.93219e-17
5076.0	6.943552e-17
5078.0	7.04641e-17
5080.0	6.964681e-17
5082.0	6.968623e-17
5084.0	7.001169e-17
5086.0	6.736227e-17
5088.0	6.97775e-17
5090.0	7.23995e-17
5092.0	7.027862e-17
5094.0	6.782394e-17
5096.0	7.142186e-17
5098.0	7.378489e-17
5100.0	7.362033e-17
5102.0	7.547352e-17
5104.0	7.786121e-17
5106.0	7.627994e-17
5108.0	7.319992e-17
5110.0	7.294788e-17
5112.0	7.657212e-17
5114.0	7.517914e-17
5116.0	7.521921e-17
5118.0	7.822891e-17
5120.0	7.795949e-17
5122.0	7.769491e-17
5124.0	7.908811e-17
5126.0	7.740382e-17
5128.0	7.460801e-17
5130.0	7.191462e-17
5132.0	7.114983e-17
5134.0	7.04354e-17
5136.0	6.903583e-17
5138.0	7.110175e-17
5140.0	6.85301e-17
5142.0	6.301649e-17
5144.0	5.85517e-17
5146.0	6.047242e-17
5148.0	6.092065e-17
5150.0	6.095775e-17
5152.0	5.981169e-17
5154.0	5.584175e-17
5156.0	5.445273e-17
5158.0	5.569244e-17
5160.0	5.396709e-17
5162.0	5.060859e-17
5164.0	5.060677e-17
5166.0	5.084686e-17
5168.0	4.850664e-17
5170.0	4.516968e-17
5172.0	4.64062e-17
5174.0	4.528024e-17
5176.0	4.235321e-17
5178.0	4.193571e-17
5180.0	4.31551e-17
5182.0	4.279895e-17
5184.0	3.888143e-17
5186.0	3.685921e-17
5188.0	3.696882e-17
5190.0	3.781292e-17
5192.0	3.608811e-17
5194.0	3.492908e-17
5196.0	3.636031e-17
5198.0	3.699984e-17
5200.0	3.686944e-17
5202.0	3.425281e-17
5204.0	3.304928e-17
5206.0	3.245104e-17
5208.0	3.542615e-17
5210.0	3.352483e-17
5212.0	3.164811e-17
5214.0	3.31409e-17
5216.0	3.125291e-17
5218.0	3.011489e-17
5220.0	3.253645e-17
5222.0	3.401358e-17
5224.0	3.284522e-17
5226.0	2.944735e-17
5228.0	2.761996e-17
5230.0	3.045147e-17
5232.0	3.098618e-17
5234.0	2.75331e-17
5236.0	2.490642e-17
5238.0	2.800786e-17
5240.0	2.757155e-17
5242.0	2.897181e-17
5244.0	2.942368e-17
5246.0	3.072063e-17
5248.0	3.09889e-17
5250.0	2.863551e-17
5252.0	2.686736e-17
5254.0	2.895367e-17
5256.0	2.711662e-17
5258.0	2.739045e-17
5260.0	2.600296e-17
5262.0	3.01892e-17
5264.0	3.060893e-17
5266.0	2.948147e-17
5268.0	3.027664e-17
5270.0	3.085925e-17
5272.0	2.897444e-17
5274.0	2.996699e-17
5276.0	3.035779e-17
5278.0	2.931974e-17
5280.0	3.249952e-17
5282.0	3.09635e-17
5284.0	2.985702e-17
5286.0	3.216512e-17
5288.0	3.323671e-17
5290.0	3.557389e-17
5292.0	3.551127e-17
5294.0	3.641145e-17
5296.0	3.926508e-17
5298.0	3.765011e-17
5300.0	3.918234e-17
5302.0	4.258178e-17
5304.0	4.499638e-17
5306.0	4.360944e-17
5308.0	3.928817e-17
5310.0	3.877845e-17
5312.0	4.103394e-17
5314.0	4.316117e-17
5316.0	4.464105e-17
5318.0	4.387601e-17
5320.0	4.304625e-17
5322.0	4.229672e-17
5324.0	4.457145e-17
5326.0	4.489972e-17
5328.0	4.301927e-17
5330.0	4.411055e-17
5332.0	4.436509e-17
5334.0	4.241706e-17
5336.0	3.948371e-17
5338.0	3.986074e-17
5340.0	4.093163e-17
5342.0	4.066733e-17
5344.0	3.769287e-17
5346.0	3.803856e-17
5348.0	3.715781e-17
5350.0	4.162483e-17
5352.0	3.765051e-17
5354.0	3.758771e-17
5356.0	3.864101e-17
5358.0	3.651193e-17
5360.0	3.674989e-17
5362.0	3.61228e-17
5364.0	3.571138e-17
5366.0	3.654716e-17
5368.0	3.720761e-17
5370.0	3.682796e-17
5372.0	3.696442e-17
5374.0	3.775205e-17
5376.0	3.736337e-17
5378.0	3.837258e-17
5380.0	4.141406e-17
5382.0	4.004714e-17
5384.0	4.082493e-17
5386.0	4.109318e-17
5388.0	3.997958e-17
5390.0	3.974203e-17
5392.0	4.040714e-17
5394.0	4.334774e-17
5396.0	4.130488e-17
5398.0	4.479797e-17
5400.0	4.48778e-17
5402.0	4.747389e-17
5404.0	4.800716e-17
5406.0	4.401987e-17
5408.0	4.589567e-17
5410.0	4.881216e-17
5412.0	4.804728e-17
5414.0	4.928118e-17
5416.0	5.212954e-17
5418.0	5.217371e-17
5420.0	5.409498e-17
5422.0	5.267146e-17
5424.0	5.234422e-17
5426.0	5.311422e-17
5428.0	5.439662e-17
5430.0	5.366293e-17
5432.0	5.497744e-17
5434.0	5.584595e-17
5436.0	5.475308e-17
5438.0	5.584781e-17
5440.0	5.786179e-17
5442.0	5.909665e-17
5444.0	5.748938e-17
5446.0	5.650452e-17
5448.0	5.926365e-17
5450.0	6.040011e-17
5452.0	6.169888e-17
5454.0	6.007451e-17
5456.0	5.87977e-17
5458.0	6.321234e-17
5460.0	6.504716e-17
5462.0	5.990244e-17
5464.0	5.963438e-17
5466.0	5.983817e-17
5468.0	5.706965e-17
5470.0	5.758452e-17
5472.0	5.691035e-17
5474.0	5.810143e-17
5476.0	5.727949e-17
5478.0	5.427795e-17
5480.0	5.425048e-17
5482.0	5.321274e-17
5484.0	5.162444e-17
5486.0	4.83729e-17
5488.0	5.037652e-17
5490.0	4.899019e-17
5492.0	4.722294e-17
5494.0	4.71077e-17
5496.0	4.869994e-17
5498.0	4.847581e-17
5500.0	4.481982e-17
5502.0	4.231091e-17
5504.0	4.172579e-17
5506.0	4.134711e-17
5508.0	3.863766e-17
5510.0	3.987673e-17
5512.0	3.958342e-17
5514.0	3.747419e-17
5516.0	3.862805e-17
5518.0	4.027337e-17
5520.0	3.884242e-17
5522.0	3.726356e-17
5524.0	3.67846e-17
5526.0	3.628239e-17
5528.0	3.50423e-17
5530.0	3.401696e-17
5532.0	3.527965e-17
5534.0	3.518419e-17
5536.0	3.625022e-17
5538.0	3.986906e-17
5540.0	3.993526e-17
5542.0	3.837654e-17
5544.0	3.752595e-17
5546.0	3.465004e-17
5548.0	3.600277e-17
5550.0	3.393266e-17
5552.0	3.660241e-17
5554.0	3.657007e-17
5556.0	3.70456e-17
5558.0	3.544721e-17
5560.0	3.337111e-17
5562.0	3.187387e-17
5564.0	3.219668e-17
5566.0	3.18442e-17
5568.0	3.201135e-17
5570.0	3.167346e-17
5572.0	3.021887e-17
5574.0	2.975895e-17
5576.0	2.784152e-17
5578.0	3.188178e-17
5580.0	3.056142e-17
5582.0	2.498305e-17
5584.0	2.775919e-17
5586.0	3.003713e-17
5588.0	3.075964e-17
5590.0	3.117305e-17
5592.0	3.128705e-17
5594.0	3.007593e-17
5596.0	3.008802e-17
5598.0	2.83927e-17
5600.0	2.884252e-17
5602.0	2.984788e-17
5604.0	3.210626e-17
5606.0	2.954913e-17
5608.0	2.689428e-17
5610.0	2.730595e-17
5612.0	2.738035e-17
5614.0	2.898356e-17
5616.0	2.847445e-17
5618.0	2.834589e-17
5620.0	2.828539e-17
5622.0	2.806204e-17
5624.0	2.813296e-17
5626.0	2.692658e-17
5628.0	2.731318e-17
5630.0	2.834748e-17
5632.0	2.806428e-17
5634.0	2.665111e-17
5636.0	2.792967e-17
5638.0	2.821946e-17
5640.0	2.590225e-17
5642.0	2.63435e-17
5644.0	2.847964e-17
5646.0	3.080155e-17
5648.0	2.854806e-17
5650.0	2.75694e-17
5652.0	2.69536e-17
5654.0	2.776589e-17
5656.0	2.757141e-17
5658.0	2.766098e-17
5660.0	2.851047e-17
5662.0	2.788154e-17
5664.0	2.88869e-17
5666.0	2.907945e-17
5668.0	2.75594e-17
5670.0	2.751321e-17
5672.0	2.872768e-17
5674.0	2.899808e-17
5676.0	2.881261e-17
5678.0	2.734228e-17
5680.0	2.923862e-17
5682.0	3.035219e-17
5684.0	2.955999e-17
5686.0	2.923888e-17
5688.0	3.011967e-17
5690.0	3.056161e-17
5692.0	2.905251e-17
5694.0	3.052092e-17
5696.0	2.972802e-17
5698.0	3.109611e-17
5700.0	3.279184e-17
5702.0	3.220781e-17
5704.0	3.045698e-17
5706.0	2.97384e-17
5708.0	3.122956e-17
5710.0	3.300483e-17
5712.0	3.318426e-17
5714.0	3.420232e-17
5716.0	3.25245e-17
5718.0	3.170429e-17
5720.0	3.220121e-17
5722.0	3.290842e-17
5724.0	3.437578e-17
5726.0	3.514204e-17
5728.0	3.453734e-17
5730.0	3.559137e-17
5732.0	3.565735e-17
5734.0	3.651302e-17
5736.0	3.634515e-17
5738.0	3.629644e-17
5740.0	3.671731e-17
5742.0	3.61122e-17
5744.0	3.884082e-17
5746.0	4.213845e-17
5748.0	4.109774e-17
5750.0	3.946398e-17
5752.0	3.916403e-17
5754.0	4.016157e-17
5756.0	4.220049e-17
5758.0	4.122109e-17
5760.0	4.174683e-17
5762.0	4.448596e-17
5764.0	4.496442e-17
5766.0	4.534235e-17
5768.0	4.72089e-17
5770.0	4.668774e-17
5772.0	4.685654e-17
5774.0	4.857732e-17
5776.0	5.204538e-17
5778.0	5.35768e-17
5780.0	5.061412e-17
5782.0	5.149784e-17
5784.0	5.292076e-17
5786.0	5.209538e-17
5788.0	5.238234e-17
5790.0	5.148322e-17
5792.0	5.136477e-17
5794.0	5.335784e-17
5796.0	5.51889e-17
5798.0	5.454442e-17
5800.0	5.319692e-17
5802.0	5.2331e-17
5804.0	5.179999e-17
5806.0	5.383471e-17
5808.0	5.38427e-17
5810.0	5.497914e-17
5812.0	5.783765e-17
5814.0	5.488318e-17
5816.0	5.41272e-17
5818.0	5.428722e-17
5820.0	5.557434e-17
5822.0	5.741022e-17
5824.0	5.995782e-17
5826.0	6.065944e-17
5828.0	5.838376e-17
5830.0	5.589647e-17
5832.0	5.573526e-17
5834.0	5.778082e-17
5836.0	5.91735e-17
5838.0	5.851619e-17
5840.0	6.027316e-17
5842.0	6.066198e-17
5844.0	5.842031e-17
5846.0	5.923461e-17
5848.0	5.981311e-17
5850.0	6.247193e-17
5852.0	6.355835e-17
5854.0	6.116795e-17
5856.0	5.950722e-17
5858.0	6.029296e-17
5860.0	6.222478e-17
5862.0	6.174631e-17
5864.0	6.12601e-17
5866.0	5.878172e-17
5868.0	5.583185e-17
5870.0	5.940748e-17
5872.0	6.110304e-17
5874.0	6.165398e-17
5876.0	5.98451e-17
5878.0	5.959157e-17
5880.0	5.935899e-17
5882.0	5.851844e-17
5884.0	5.690831e-17
5886.0	5.562038e-17
5888.0	5.790158e-17
5890.0	5.926639e-17
5892.0	5.382027e-17
5894.0	5.46863e-17
5896.0	5.883128e-17
5898.0	5.790285e-17
5900.0	5.288352e-17
5902.0	5.123543e-17
5904.0	5.446046e-17
5906.0	5.422563e-17
5908.0	5.258262e-17
5910.0	5.771847e-17
5912.0	5.916828e-17
5914.0	5.627407e-17
5916.0	5.390409e-17
5918.0	5.347794e-17
5920.0	5.275765e-17
5922.0	5.189523e-17
5924.0	5.227685e-17
5926.0	5.164385e-17
5928.0	5.404886e-17
5930.0	5.355863e-17
5932.0	5.132844e-17
5934.0	5.363837e-17
5936.0	5.287631e-17
5938.0	5.392494e-17
5940.0	5.233489e-17
5942.0	5.005806e-17
5944.0	4.947949e-17
5946.0	4.955995e-17
5948.0	5.237216e-17
5950.0	5.388834e-17
5952.0	5.580318e-17
5954.0	5.895391e-17
5956.0	5.894787e-17
5958.0	5.850637e-17
5960.0	5.800588e-17
5962.0	5.721496e-17
5964.0	5.553513e-17
5966.0	5.68353e-17
5968.0	5.766035e-17
5970.0	5.828613e-17
5972.0	5.950105e-17
5974.0	5.890879e-17
5976.0	6.097927e-17
5978.0	6.64169e-17
5980.0	6.786599e-17
5982.0	6.501901e-17
5984.0	6.46077e-17
5986.0	6.223254e-17
5988.0	6.085332e-17
5990.0	6.330696e-17
5992.0	6.625321e-17
5994.0	6.58828e-17
5996.0	6.64647e-17
5998.0	6.55245e-17
6000.0	6.434208e-17
6002.0	6.415547e-17
6004.0	6.394008e-17
6006.0	6.140784e-17
6008.0	6.337021e-17
6010.0	6.361395e-17
6012.0	6.002676e-17
6014.0	6.203197e-17
6016.0	6.510593e-17
6018.0	6.492816e-17
6020.0	6.571712e-17
6022.0	6.568191e-17
6024.0	6.4925e-17
6026.0	6.46991e-17
6028.0	6.443397e-17
6030.0	6.528892e-17
6032.0	6.441292e-17
6034.0	6.446283e-17
6036.0	6.407153e-17
6038.0	6.25668e-17
6040.0	6.281223e-17
6042.0	6.332546e-17
6044.0	6.416e-17
6046.0	6.318061e-17
6048.0	6.093055e-17
6050.0	6.097522e-17
6052.0	6.255035e-17
6054.0	6.02276e-17
6056.0	5.867545e-17
6058.0	5.981299e-17
6060.0	6.037118e-17
6062.0	5.968829e-17
6064.0	5.931909e-17
6066.0	6.031358e-17
6068.0	5.781368e-17
6070.0	5.663207e-17
6072.0	5.795668e-17
6074.0	5.859914e-17
6076.0	5.711288e-17
6078.0	5.523836e-17
6080.0	5.481444e-17
6082.0	5.485637e-17
6084.0	5.509726e-17
6086.0	5.697109e-17
6088.0	5.590274e-17
6090.0	5.631325e-17
6092.0	5.47463e-17
6094.0	5.477987e-17
6096.0	5.388276e-17
6098.0	5.040692e-17
6100.0	5.197667e-17
6102.0	5.424543e-17
6104.0	5.314533e-17
6106.0	5.320579e-17
6108.0	5.481273e-17
6110.0	5.195914e-17
6112.0	5.194112e-17
6114.0	5.292819e-17
6116.0	5.333691e-17
6118.0	5.449419e-17
6120.0	5.311343e-17
6122.0	5.302249e-17
6124.0	5.438296e-17
6126.0	5.15781e-17
6128.0	5.023658e-17
6130.0	5.130327e-17
6132.0	5.051928e-17
6134.0	4.867716e-17
6136.0	5.26273e-17
6138.0	5.203549e-17
6140.0	5.026912e-17
6142.0	4.936227e-17
6144.0	4.663311e-17
6146.0	4.808906e-17
6148.0	4.707127e-17
6150.0	4.668902e-17
6152.0	4.703985e-17
6154.0	4.685428e-17
6156.0	4.755475e-17
6158.0	4.884187e-17
6160.0	5.0581e-17
6162.0	4.713446e-17
6164.0	4.71019e-17
6166.0	4.712151e-17
6168.0	4.558164e-17
6170.0	4.436471e-17
6172.0	4.469184e-17
6174.0	4.314973e-17
6176.0	4.061213e-17
6178.0	4.018804e-17
6180.0	4.121134e-17
6182.0	4.050699e-17
6184.0	4.300439e-17
6186.0	4.322579e-17
6188.0	4.077151e-17
6190.0	3.91134e-17
6192.0	4.256195e-17
6194.0	4.15213e-17
6196.0	4.103413e-17
6198.0	3.98077e-17
6200.0	3.964608e-17
6202.0	3.625142e-17
6204.0	3.809061e-17
6206.0	3.783506e-17
6208.0	3.861702e-17
6210.0	3.735965e-17
6212.0	3.549183e-17
6214.0	3.771584e-17
6216.0	3.824756e-17
6218.0	3.547998e-17
6220.0	3.467749e-17
6222.0	3.588178e-17
6224.0	3.865552e-17
6226.0	3.835523e-17
6228.0	3.667191e-17
6230.0	3.497188e-17
6232.0	3.414906e-17
6234.0	3.254372e-17
6236.0	3.236907e-17
6238.0	3.252043e-17
6240.0	3.547691e-17
6242.0	3.449824e-17
6244.0	3.276191e-17
6246.0	3.094708e-17
6248.0	2.807491e-17
6250.0	2.954408e-17
6252.0	2.917367e-17
6254.0	2.980283e-17
6256.0	2.751894e-17
6258.0	2.891527e-17
6260.0	2.879397e-17
6262.0	2.709525e-17
6264.0	2.943728e-17
6266.0	2.951215e-17
6268.0	2.811895e-17
6270.0	2.838392e-17
6272.0	2.829961e-17
6274.0	2.990912e-17
6276.0	2.84632e-17
6278.0	2.729173e-17
6280.0	2.834611e-17
6282.0	3.124661e-17
6284.0	2.899003e-17
6286.0	2.643782e-17
6288.0	2.680318e-17
6290.0	2.603589e-17
6292.0	2.718541e-17
6294.0	3.005713e-17
6296.0	3.245331e-17
6298.0	3.164991e-17
6300.0	3.023727e-17
6302.0	2.904099e-17
6304.0	2.330459e-17
6306.0	1.914921e-17
6308.0	1.877793e-17
6310.0	2.687468e-17
6312.0	2.475821e-17
6314.0	2.305035e-17
6316.0	2.378256e-17
6318.0	2.584725e-17
6320.0	2.514959e-17
6322.0	2.383708e-17
6324.0	2.526017e-17
6326.0	2.534779e-17
6328.0	2.411478e-17
6330.0	2.548874e-17
6332.0	2.64108e-17
6334.0	2.710639e-17
6336.0	2.808393e-17
6338.0	3.013986e-17
6340.0	2.907118e-17
6342.0	2.93222e-17
6344.0	3.010357e-17
6346.0	3.218071e-17
6348.0	3.196432e-17
6350.0	3.063651e-17
6352.0	2.987769e-17
6354.0	3.039299e-17
6356.0	3.256082e-17
6358.0	3.354006e-17
6360.0	3.490121e-17
6362.0	3.688099e-17
6364.0	3.630182e-17
6366.0	3.192753e-17
6368.0	3.42032e-17
6370.0	3.786938e-17
6372.0	3.716543e-17
6374.0	3.846532e-17
6376.0	3.830198e-17
6378.0	3.864092e-17
6380.0	4.08499e-17
6382.0	4.127187e-17
6384.0	3.960687e-17
6386.0	4.188988e-17
6388.0	4.46668e-17
6390.0	4.35857e-17
6392.0	4.173462e-17
6394.0	4.062636e-17
6396.0	4.062384e-17
6398.0	4.154354e-17
6400.0	4.272072e-17
6402.0	4.416831e-17
6404.0	4.532019e-17
6406.0	4.460362e-17
6408.0	4.466104e-17
6410.0	4.587254e-17
6412.0	4.615021e-17
6414.0	4.584859e-17
6416.0	4.58431e-17
6418.0	4.548778e-17
6420.0	4.580378e-17
6422.0	4.738557e-17
6424.0	4.875841e-17
6426.0	4.904072e-17
6428.0	4.866837e-17
6430.0	5.129175e-17
6432.0	5.273188e-17
6434.0	5.212121e-17
6436.0	5.155738e-17
6438.0	5.197427e-17
6440.0	5.554773e-17
6442.0	5.735147e-17
6444.0	5.574074e-17
6446.0	5.569447e-17
6448.0	5.692511e-17
6450.0	5.536547e-17
6452.0	5.653422e-17
6454.0	5.74096e-17
6456.0	5.598184e-17
6458.0	5.722657e-17
6460.0	5.531745e-17
6462.0	5.298867e-17
6464.0	5.412563e-17
6466.0	5.596034e-17
6468.0	5.874886e-17
6470.0	6.055396e-17
6472.0	5.999493e-17
6474.0	6.19502e-17
6476.0	6.068274e-17
6478.0	5.817679e-17
6480.0	5.715716e-17
6482.0	5.87273e-17
6484.0	5.98622e-17
6486.0	5.866636e-17
6488.0	5.809852e-17
6490.0	5.728933e-17
6492.0	5.499369e-17
6494.0	5.500701e-17
6496.0	5.291501e-17
6498.0	5.120387e-17
6500.0	5.202524e-17
6502.0	5.212829e-17
6504.0	5.189176e-17
6506.0	5.360972e-17
6508.0	5.383925e-17
6510.0	5.383313e-17
6512.0	5.428663e-17
6514.0	5.23108e-17
6516.0	5.172338e-17
6518.0	5.009229e-17
6520.0	5.037644e-17
6522.0	5.198238e-17
6524.0	5.047639e-17
6526.0	4.887237e-17
6528.0	4.632785e-17
6530.0	4.766967e-17
6532.0	4.990359e-17
6534.0	4.731879e-17
6536.0	4.521278e-17
6538.0	4.707302e-17
6540.0	4.842313e-17
6542.0	4.693078e-17
6544.0	4.527777e-17
6546.0	4.275157e-17
6548.0	4.100682e-17
6550.0	4.146303e-17
6552.0	4.317566e-17
6554.0	4.51104e-17
6556.0	4.589306e-17
6558.0	4.280567e-17
6560.0	4.109586e-17
6562.0	4.050074e-17
6564.0	3.822721e-17
6566.0	3.67077e-17
6568.0	3.736236e-17
6570.0	3.712482e-17
6572.0	3.591388e-17
6574.0	3.585036e-17
6576.0	3.56105e-17
6578.0	3.66305e-17
6580.0	3.789906e-17
6582.0	3.676362e-17
6584.0	3.505736e-17
6586.0	3.422803e-17
6588.0	3.488536e-17
6590.0	3.322792e-17
6592.0	3.256877e-17
6594.0	3.289637e-17
6596.0	3.12268e-17
6598.0	3.091215e-17
6600.0	3.01119e-17
6602.0	2.946661e-17
6604.0	3.273085e-17
6606.0	3.462169e-17
6608.0	3.458252e-17
6610.0	3.542499e-17
6612.0	3.610196e-17
6614.0	3.377205e-17
6616.0	3.105974e-17
6618.0	3.218096e-17
6620.0	3.386252e-17
6622.0	3.439246e-17
6624.0	3.599819e-17
6626.0	3.86019e-17
6628.0	3.674044e-17
6630.0	3.568311e-17
6632.0	3.610328e-17
6634.0	3.645317e-17
6636.0	3.586963e-17
6638.0	3.661841e-17
6640.0	3.55775e-17
6642.0	3.539276e-17
6644.0	3.563096e-17
6646.0	3.590674e-17
6648.0	3.50051e-17
6650.0	3.509929e-17
6652.0	3.484917e-17
6654.0	3.406334e-17
6656.0	3.688044e-17
6658.0	3.588737e-17
6660.0	3.603405e-17
6662.0	3.604994e-17
6664.0	3.688192e-17
6666.0	3.524905e-17
6668.0	3.405786e-17
6670.0	3.60985e-17
6672.0	3.414831e-17
6674.0	3.280216e-17
6676.0	3.205542e-17
6678.0	3.192449e-17
6680.0	3.282527e-17
6682.0	3.27153e-17
6684.0	3.222351e-17
6686.0	3.104554e-17
6688.0	3.327179e-17
6690.0	3.211523e-17
6692.0	3.134539e-17
6694.0	3.181142e-17
6696.0	3.202392e-17
6698.0	3.083971e-17
6700.0	3.283676e-17
6702.0	3.315957e-17
6704.0	3.357723e-17
6706.0	3.479327e-17
6708.0	3.376374e-17
6710.0	3.349264e-17
6712.0	3.451885e-17
6714.0	3.530076e-17
6716.0	3.681389e-17
6718.0	3.578052e-17
6720.0	3.290264e-17
6722.0	3.310059e-17
6724.0	3.430101e-17
6726.0	3.512086e-17
6728.0	3.702408e-17
6730.0	3.910764e-17
6732.0	3.881967e-17
6734.0	3.525986e-17
6736.0	3.478229e-17
6738.0	3.411334e-17
6740.0	3.563484e-17
6742.0	3.595146e-17
6744.0	3.69096e-17
6746.0	3.590804e-17
6748.0	3.201058e-17
6750.0	3.220819e-17
6752.0	3.325115e-17
6754.0	3.459229e-17
6756.0	3.367066e-17
6758.0	3.1938e-17
6760.0	2.969011e-17
6762.0	3.058582e-17
6764.0	3.179818e-17
6766.0	2.974517e-17
6768.0	2.900167e-17
6770.0	2.765079e-17
6772.0	2.602188e-17
6774.0	2.806554e-17
6776.0	2.816824e-17
6778.0	2.630055e-17
6780.0	2.552445e-17
6782.0	2.481767e-17
6784.0	2.481608e-17
6786.0	2.54924e-17
6788.0	2.65868e-17
6790.0	2.635116e-17
6792.0	2.464252e-17
6794.0	2.157537e-17
6796.0	2.186674e-17
6798.0	2.2926e-17
6800.0	2.398155e-17
6802.0	2.296543e-17
6804.0	2.133843e-17
6806.0	2.188133e-17
6808.0	2.30877e-17
6810.0	2.328456e-17
6812.0	2.427242e-17
6814.0	2.594135e-17
6816.0	2.307675e-17
6818.0	1.991316e-17
6820.0	2.250883e-17
6822.0	2.414509e-17
6824.0	2.356279e-17
6826.0	2.35742e-17
6828.0	2.212722e-17
6830.0	2.189957e-17
6832.0	2.858156e-17
6834.0	2.85613e-17
6836.0	2.602118e-17
6838.0	2.343931e-17
6840.0	2.636795e-17
6842.0	2.879165e-17
6844.0	2.540547e-17
6846.0	2.819964e-17
6848.0	2.69609e-17
6850.0	2.561637e-17
6852.0	2.452197e-17
6854.0	2.599544e-17
6856.0	2.724421e-17
6858.0	2.649336e-17
6860.0	2.820212e-17
6862.0	2.73164e-17
6864.0	2.808125e-17
6866.0	2.919871e-17
6868.0	2.672107e-17
6870.0	2.683008e-17
6872.0	2.836451e-17
6874.0	2.922874e-17
6876.0	2.986384e-17
6878.0	2.798514e-17
6880.0	2.806629e-17
6882.0	2.824992e-17
6884.0	3.007796e-17
6886.0	3.504773e-17
6888.0	2.969221e-17
6890.0	2.725972e-17
6892.0	3.040742e-17
6894.0	3.025574e-17
6896.0	3.080077e-17
6898.0	3.29509e-17
6900.0	3.138705e-17
6902.0	3.313486e-17
6904.0	3.054543e-17
6906.0	2.95022e-17
6908.0	3.022485e-17
6910.0	3.191278e-17
6912.0	3.247283e-17
6914.0	2.967657e-17
6916.0	2.907292e-17
6918.0	2.981783e-17
6920.0	3.082743e-17
6922.0	3.112702e-17
6924.0	3.110874e-17
6926.0	3.095164e-17
6928.0	3.159911e-17
6930.0	3.516219e-17
6932.0	3.373669e-17
6934.0	3.257403e-17
6936.0	3.371633e-17
6938.0	3.451881e-17
6940.0	3.462963e-17
6942.0	3.421152e-17
6944.0	3.506894e-17
6946.0	3.489209e-17
6948.0	3.408454e-17
6950.0	3.699317e-17
6952.0	3.756709e-17
6954.0	3.890222e-17
6956.0	3.831747e-17
6958.0	3.636813e-17
6960.0	3.526817e-17
6962.0	3.637919e-17
6964.0	3.92547e-17
6966.0	3.836881e-17
6968.0	3.871108e-17
6970.0	3.749472e-17
6972.0	3.768724e-17
6974.0	4.021681e-17
6976.0	4.091296e-17
6978.0	4.191574e-17
6980.0	4.219172e-17
6982.0	4.00045e-17
6984.0	3.981434e-17
6986.0	4.057966e-17
6988.0	4.012056e-17
6990.0	3.845469e-17
6992.0	4.074299e-17
6994.0	4.000176e-17
6996.0	4.116186e-17
6998.0	4.369537e-17
7000.0	4.270369e-17
7002.0	4.349327e-17
7004.0	4.335929e-17
7006.0	4.334419e-17
7008.0	4.432373e-17
7010.0	4.268966e-17
7012.0	4.192891e-17
7014.0	4.224922e-17
7016.0	4.323685e-17
7018.0	4.279957e-17
7020.0	4.419853e-17
7022.0	4.71931e-17
7024.0	4.670852e-17
7026.0	4.484931e-17
7028.0	4.497644e-17
7030.0	4.609902e-17
7032.0	4.876576e-17
7034.0	4.724591e-17
7036.0	4.564212e-17
7038.0	4.482677e-17
7040.0	4.598511e-17
7042.0	4.864985e-17
7044.0	4.702728e-17
7046.0	4.476594e-17
7048.0	4.771299e-17
7050.0	4.793355e-17
