#	 ps15aii 
#	 UT date of observation: 20150517 
#	 Telescope/Instrument: SOAR/Goodman 
#	 Estimated Peak MJD: 57159.473 
#	 Estimated redshift: 0.047 
#	 Estimated Phase: -0.5 
#	 Published in Dettman et al. 2020 
#	 Observed barycentric wavelength (Angstroms)    F_lambda
3500.0	6.252841e-16
3502.0	6.827358e-16
3504.0	6.582493e-16
3506.0	6.666813e-16
3508.0	7.300372e-16
3510.0	7.45544e-16
3512.0	7.335098e-16
3514.0	7.324456e-16
3516.0	7.174373e-16
3518.0	6.801519e-16
3520.0	7.229927e-16
3522.0	7.382425e-16
3524.0	7.262899e-16
3526.0	6.854328e-16
3528.0	6.830201e-16
3530.0	6.135572e-16
3532.0	6.355406e-16
3534.0	7.136488e-16
3536.0	6.787384e-16
3538.0	6.089807e-16
3540.0	5.928115e-16
3542.0	6.208291e-16
3544.0	6.384001e-16
3546.0	6.06291e-16
3548.0	5.769184e-16
3550.0	6.048739e-16
3552.0	6.358216e-16
3554.0	6.394576e-16
3556.0	6.449136e-16
3558.0	6.493504e-16
3560.0	6.655452e-16
3562.0	6.472672e-16
3564.0	6.485185e-16
3566.0	7.07209e-16
3568.0	7.229912e-16
3570.0	7.068715e-16
3572.0	6.978558e-16
3574.0	7.208754e-16
3576.0	7.031411e-16
3578.0	7.339062e-16
3580.0	7.471297e-16
3582.0	7.044374e-16
3584.0	6.997179e-16
3586.0	7.326434e-16
3588.0	7.25057e-16
3590.0	6.973392e-16
3592.0	6.961165e-16
3594.0	6.79506e-16
3596.0	6.757735e-16
3598.0	6.923142e-16
3600.0	6.995903e-16
3602.0	7.080239e-16
3604.0	7.332404e-16
3606.0	7.311264e-16
3608.0	7.437184e-16
3610.0	7.646381e-16
3612.0	7.752185e-16
3614.0	7.772457e-16
3616.0	7.966815e-16
3618.0	8.101427e-16
3620.0	7.971485e-16
3622.0	7.624709e-16
3624.0	7.696554e-16
3626.0	7.723511e-16
3628.0	7.66599e-16
3630.0	7.886261e-16
3632.0	7.918698e-16
3634.0	7.79638e-16
3636.0	7.634216e-16
3638.0	7.784734e-16
3640.0	7.889277e-16
3642.0	7.640982e-16
3644.0	7.516112e-16
3646.0	7.672617e-16
3648.0	8.027173e-16
3650.0	8.13467e-16
3652.0	7.67331e-16
3654.0	7.496999e-16
3656.0	7.827929e-16
3658.0	8.036334e-16
3660.0	8.028908e-16
3662.0	7.905708e-16
3664.0	8.048539e-16
3666.0	8.326018e-16
3668.0	8.408196e-16
3670.0	8.462096e-16
3672.0	8.557755e-16
3674.0	8.475146e-16
3676.0	8.547492e-16
3678.0	8.519208e-16
3680.0	8.460796e-16
3682.0	8.608665e-16
3684.0	8.642417e-16
3686.0	8.500114e-16
3688.0	8.386255e-16
3690.0	8.39592e-16
3692.0	8.208166e-16
3694.0	8.122222e-16
3696.0	8.467667e-16
3698.0	8.651951e-16
3700.0	8.40312e-16
3702.0	8.211756e-16
3704.0	8.287135e-16
3706.0	8.607206e-16
3708.0	8.936391e-16
3710.0	9.068365e-16
3712.0	8.946722e-16
3714.0	8.761783e-16
3716.0	8.919887e-16
3718.0	9.04469e-16
3720.0	9.20086e-16
3722.0	9.427694e-16
3724.0	9.368867e-16
3726.0	9.206467e-16
3728.0	9.094817e-16
3730.0	9.149206e-16
3732.0	9.280853e-16
3734.0	9.459713e-16
3736.0	9.732463e-16
3738.0	9.715432e-16
3740.0	9.34343e-16
3742.0	9.465704e-16
3744.0	9.837841e-16
3746.0	1.008333e-15
3748.0	9.988864e-16
3750.0	9.546598e-16
3752.0	9.486177e-16
3754.0	9.564201e-16
3756.0	9.417391e-16
3758.0	9.229376e-16
3760.0	9.230111e-16
3762.0	9.62781e-16
3764.0	9.821718e-16
3766.0	9.595186e-16
3768.0	9.488038e-16
3770.0	9.584811e-16
3772.0	9.440958e-16
3774.0	9.670405e-16
3776.0	9.666446e-16
3778.0	9.420049e-16
3780.0	9.485678e-16
3782.0	9.690549e-16
3784.0	9.562442e-16
3786.0	9.344463e-16
3788.0	9.266733e-16
3790.0	9.451882e-16
3792.0	9.352288e-16
3794.0	9.373646e-16
3796.0	9.389319e-16
3798.0	9.431871e-16
3800.0	9.474289e-16
3802.0	9.465577e-16
3804.0	9.502452e-16
3806.0	9.480756e-16
3808.0	9.439803e-16
3810.0	9.323911e-16
3812.0	9.298299e-16
3814.0	9.398279e-16
3816.0	9.154536e-16
3818.0	9.225182e-16
3820.0	9.403759e-16
3822.0	9.33512e-16
3824.0	9.341364e-16
3826.0	9.324881e-16
3828.0	8.755203e-16
3830.0	8.765224e-16
3832.0	8.975387e-16
3834.0	8.8075e-16
3836.0	8.748467e-16
3838.0	8.892898e-16
3840.0	8.718565e-16
3842.0	8.634986e-16
3844.0	8.578459e-16
3846.0	8.55321e-16
3848.0	8.688632e-16
3850.0	8.74102e-16
3852.0	8.485106e-16
3854.0	8.059691e-16
3856.0	8.206555e-16
3858.0	8.290699e-16
3860.0	8.467693e-16
3862.0	8.235222e-16
3864.0	7.918798e-16
3866.0	7.909404e-16
3868.0	7.836961e-16
3870.0	7.40273e-16
3872.0	7.150246e-16
3874.0	6.803496e-16
3876.0	6.364872e-16
3878.0	6.17783e-16
3880.0	6.09453e-16
3882.0	5.946349e-16
3884.0	5.780166e-16
3886.0	5.662301e-16
3888.0	5.769984e-16
3890.0	5.695047e-16
3892.0	5.441916e-16
3894.0	5.28252e-16
3896.0	5.094299e-16
3898.0	5.347842e-16
3900.0	5.320928e-16
3902.0	5.113506e-16
3904.0	5.304077e-16
3906.0	5.344352e-16
3908.0	5.334334e-16
3910.0	5.489154e-16
3912.0	5.353419e-16
3914.0	5.273889e-16
3916.0	5.323615e-16
3918.0	5.358679e-16
3920.0	5.635436e-16
3922.0	5.781451e-16
3924.0	5.829203e-16
3926.0	5.853518e-16
3928.0	5.781803e-16
3930.0	5.969363e-16
3932.0	5.904647e-16
3934.0	5.867612e-16
3936.0	6.06535e-16
3938.0	6.004279e-16
3940.0	6.064474e-16
3942.0	6.156109e-16
3944.0	5.999903e-16
3946.0	5.816465e-16
3948.0	5.948499e-16
3950.0	5.814541e-16
3952.0	5.639291e-16
3954.0	5.649382e-16
3956.0	5.595095e-16
3958.0	5.348716e-16
3960.0	5.38275e-16
3962.0	5.197567e-16
3964.0	5.215099e-16
3966.0	5.013125e-16
3968.0	4.839297e-16
3970.0	4.98802e-16
3972.0	5.065189e-16
3974.0	4.992735e-16
3976.0	4.835984e-16
3978.0	4.961052e-16
3980.0	4.9234e-16
3982.0	4.912263e-16
3984.0	4.799426e-16
3986.0	4.667658e-16
3988.0	4.808736e-16
3990.0	4.770988e-16
3992.0	4.794104e-16
3994.0	4.718634e-16
3996.0	4.674615e-16
3998.0	4.763945e-16
4000.0	4.77767e-16
4002.0	4.895286e-16
4004.0	4.968694e-16
4006.0	4.969326e-16
4008.0	5.12116e-16
4010.0	5.117656e-16
4012.0	5.22747e-16
4014.0	5.377741e-16
4016.0	5.587568e-16
4018.0	5.660506e-16
4020.0	5.775352e-16
4022.0	6.0817e-16
4024.0	6.266485e-16
4026.0	6.378771e-16
4028.0	6.551834e-16
4030.0	6.877407e-16
4032.0	7.008466e-16
4034.0	7.212212e-16
4036.0	7.546389e-16
4038.0	7.557147e-16
4040.0	7.692979e-16
4042.0	7.907998e-16
4044.0	7.995525e-16
4046.0	8.113681e-16
4048.0	8.401338e-16
4050.0	8.436654e-16
4052.0	8.618193e-16
4054.0	8.763255e-16
4056.0	8.726865e-16
4058.0	8.926704e-16
4060.0	9.131536e-16
4062.0	9.065092e-16
4064.0	9.182477e-16
4066.0	9.362797e-16
4068.0	9.380802e-16
4070.0	9.400922e-16
4072.0	9.574493e-16
4074.0	9.714087e-16
4076.0	9.621287e-16
4078.0	9.831849e-16
4080.0	1.006163e-15
4082.0	9.926868e-16
4084.0	1.004703e-15
4086.0	1.01731e-15
4088.0	1.017672e-15
4090.0	1.006628e-15
4092.0	9.901161e-16
4094.0	1.002163e-15
4096.0	1.013437e-15
4098.0	1.029746e-15
4100.0	1.054318e-15
4102.0	1.054846e-15
4104.0	1.058283e-15
4106.0	1.073273e-15
4108.0	1.081313e-15
4110.0	1.088868e-15
4112.0	1.096763e-15
4114.0	1.090558e-15
4116.0	1.073975e-15
4118.0	1.084787e-15
4120.0	1.116478e-15
4122.0	1.129928e-15
4124.0	1.133987e-15
4126.0	1.148938e-15
4128.0	1.157263e-15
4130.0	1.153434e-15
4132.0	1.150462e-15
4134.0	1.151569e-15
4136.0	1.144253e-15
4138.0	1.122233e-15
4140.0	1.113618e-15
4142.0	1.112805e-15
4144.0	1.106993e-15
4146.0	1.092384e-15
4148.0	1.066507e-15
4150.0	1.047731e-15
4152.0	1.040306e-15
4154.0	1.020151e-15
4156.0	9.928459e-16
4158.0	9.998272e-16
4160.0	9.998813e-16
4162.0	9.838132e-16
4164.0	9.800526e-16
4166.0	9.787944e-16
4168.0	9.75142e-16
4170.0	9.742761e-16
4172.0	9.684039e-16
4174.0	9.522643e-16
4176.0	9.396316e-16
4178.0	9.414189e-16
4180.0	9.41801e-16
4182.0	9.21881e-16
4184.0	9.150406e-16
4186.0	9.226055e-16
4188.0	9.193042e-16
4190.0	9.295393e-16
4192.0	9.322762e-16
4194.0	9.212401e-16
4196.0	9.275125e-16
4198.0	9.321064e-16
4200.0	9.444716e-16
4202.0	9.546721e-16
4204.0	9.586574e-16
4206.0	9.686346e-16
4208.0	9.693853e-16
4210.0	9.854662e-16
4212.0	1.004312e-15
4214.0	1.009119e-15
4216.0	1.017645e-15
4218.0	1.017654e-15
4220.0	1.025454e-15
4222.0	1.029398e-15
4224.0	1.032626e-15
4226.0	1.050976e-15
4228.0	1.046694e-15
4230.0	1.032157e-15
4232.0	1.040129e-15
4234.0	1.071219e-15
4236.0	1.06218e-15
4238.0	1.064919e-15
4240.0	1.079923e-15
4242.0	1.094085e-15
4244.0	1.110901e-15
4246.0	1.11342e-15
4248.0	1.121335e-15
4250.0	1.124621e-15
4252.0	1.111078e-15
4254.0	1.116395e-15
4256.0	1.12385e-15
4258.0	1.127167e-15
4260.0	1.132724e-15
4262.0	1.131851e-15
4264.0	1.117685e-15
4266.0	1.113815e-15
4268.0	1.130584e-15
4270.0	1.129351e-15
4272.0	1.122762e-15
4274.0	1.112056e-15
4276.0	1.099695e-15
4278.0	1.108837e-15
4280.0	1.086929e-15
4282.0	1.079789e-15
4284.0	1.099432e-15
4286.0	1.10368e-15
4288.0	1.084619e-15
4290.0	1.090799e-15
4292.0	1.111927e-15
4294.0	1.106195e-15
4296.0	1.092215e-15
4298.0	1.072657e-15
4300.0	1.065165e-15
4302.0	1.060428e-15
4304.0	1.054707e-15
4306.0	1.051157e-15
4308.0	1.026267e-15
4310.0	1.027528e-15
4312.0	1.020781e-15
4314.0	1.014842e-15
4316.0	9.953623e-16
4318.0	9.998811e-16
4320.0	9.900029e-16
4322.0	9.876977e-16
4324.0	9.769808e-16
4326.0	9.775063e-16
4328.0	9.760357e-16
4330.0	9.950236e-16
4332.0	9.78423e-16
4334.0	9.754472e-16
4336.0	9.768239e-16
4338.0	9.888491e-16
4340.0	9.681222e-16
4342.0	9.657828e-16
4344.0	9.606137e-16
4346.0	9.516371e-16
4348.0	9.676007e-16
4350.0	9.548714e-16
4352.0	9.58662e-16
4354.0	9.633724e-16
4356.0	9.570303e-16
4358.0	9.684453e-16
4360.0	9.642938e-16
4362.0	9.658833e-16
4364.0	9.506854e-16
4366.0	9.524062e-16
4368.0	9.452248e-16
4370.0	9.406084e-16
4372.0	9.419753e-16
4374.0	9.544713e-16
4376.0	9.265252e-16
4378.0	9.244726e-16
4380.0	9.269143e-16
4382.0	9.210811e-16
4384.0	9.035221e-16
4386.0	8.951298e-16
4388.0	8.77637e-16
4390.0	8.643333e-16
4392.0	8.559517e-16
4394.0	8.539623e-16
4396.0	8.728816e-16
4398.0	8.601963e-16
4400.0	8.204099e-16
4402.0	8.150405e-16
4404.0	8.098781e-16
4406.0	8.000408e-16
4408.0	7.950764e-16
4410.0	7.863583e-16
4412.0	7.954172e-16
4414.0	7.890626e-16
4416.0	7.811513e-16
4418.0	7.73919e-16
4420.0	7.647123e-16
4422.0	7.794451e-16
4424.0	7.588811e-16
4426.0	7.351812e-16
4428.0	7.317486e-16
4430.0	7.135842e-16
4432.0	7.112492e-16
4434.0	7.136855e-16
4436.0	7.014286e-16
4438.0	6.952563e-16
4440.0	7.040173e-16
4442.0	7.055437e-16
4444.0	6.99783e-16
4446.0	6.964733e-16
4448.0	6.78255e-16
4450.0	6.492274e-16
4452.0	6.357692e-16
4454.0	6.429029e-16
4456.0	6.439221e-16
4458.0	6.383391e-16
4460.0	6.377266e-16
4462.0	6.366353e-16
4464.0	6.324724e-16
4466.0	6.248019e-16
4468.0	6.200079e-16
4470.0	6.167685e-16
4472.0	6.079093e-16
4474.0	6.131658e-16
4476.0	6.059212e-16
4478.0	5.876399e-16
4480.0	5.813703e-16
4482.0	5.750486e-16
4484.0	5.727276e-16
4486.0	5.733016e-16
4488.0	5.82847e-16
4490.0	5.791004e-16
4492.0	5.674545e-16
4494.0	5.756205e-16
4496.0	5.810328e-16
4498.0	5.752149e-16
4500.0	5.71207e-16
4502.0	5.650848e-16
4504.0	5.549235e-16
4506.0	5.568814e-16
4508.0	5.572945e-16
4510.0	5.640409e-16
4512.0	5.667227e-16
4514.0	5.740221e-16
4516.0	5.965726e-16
4518.0	5.958797e-16
4520.0	5.932643e-16
4522.0	6.027566e-16
4524.0	6.160931e-16
4526.0	6.141641e-16
4528.0	6.234732e-16
4530.0	6.217379e-16
4532.0	6.177161e-16
4534.0	6.210618e-16
4536.0	6.266024e-16
4538.0	6.240021e-16
4540.0	6.320818e-16
4542.0	6.537918e-16
4544.0	6.582784e-16
4546.0	6.53601e-16
4548.0	6.449037e-16
4550.0	6.477089e-16
4552.0	6.691988e-16
4554.0	6.797036e-16
4556.0	6.670158e-16
4558.0	6.694744e-16
4560.0	6.669999e-16
4562.0	6.672034e-16
4564.0	6.749863e-16
4566.0	6.816512e-16
4568.0	6.895637e-16
4570.0	7.018049e-16
4572.0	7.03115e-16
4574.0	6.985472e-16
4576.0	7.134165e-16
4578.0	7.272408e-16
4580.0	7.221688e-16
4582.0	7.27935e-16
4584.0	7.421562e-16
4586.0	7.444726e-16
4588.0	7.308533e-16
4590.0	7.269074e-16
4592.0	7.42019e-16
4594.0	7.50544e-16
4596.0	7.459072e-16
4598.0	7.360444e-16
4600.0	7.200359e-16
4602.0	7.182842e-16
4604.0	7.162871e-16
4606.0	7.031469e-16
4608.0	6.95918e-16
4610.0	6.911972e-16
4612.0	6.899877e-16
4614.0	6.860233e-16
4616.0	6.773655e-16
4618.0	6.725132e-16
4620.0	6.699466e-16
4622.0	6.632936e-16
4624.0	6.468612e-16
4626.0	6.484803e-16
4628.0	6.526296e-16
4630.0	6.426365e-16
4632.0	6.394834e-16
4634.0	6.417179e-16
4636.0	6.466328e-16
4638.0	6.508839e-16
4640.0	6.481606e-16
4642.0	6.440138e-16
4644.0	6.437467e-16
4646.0	6.467824e-16
4648.0	6.623852e-16
4650.0	6.758146e-16
4652.0	6.779731e-16
4654.0	6.800738e-16
4656.0	6.756703e-16
4658.0	6.908139e-16
4660.0	6.951521e-16
4662.0	7.074849e-16
4664.0	7.244498e-16
4666.0	7.258978e-16
4668.0	7.269636e-16
4670.0	7.233614e-16
4672.0	7.263834e-16
4674.0	7.340712e-16
4676.0	7.482552e-16
4678.0	7.737758e-16
4680.0	7.684574e-16
4682.0	7.639849e-16
4684.0	7.640055e-16
4686.0	7.549437e-16
4688.0	7.610977e-16
4690.0	7.644356e-16
4692.0	7.792666e-16
4694.0	7.822679e-16
4696.0	7.73767e-16
4698.0	7.786426e-16
4700.0	7.867866e-16
4702.0	7.882743e-16
4704.0	7.867204e-16
4706.0	7.88951e-16
4708.0	8.018567e-16
4710.0	8.10161e-16
4712.0	8.042265e-16
4714.0	8.063137e-16
4716.0	8.18946e-16
4718.0	8.104669e-16
4720.0	8.033787e-16
4722.0	8.118821e-16
4724.0	8.086867e-16
4726.0	7.999481e-16
4728.0	8.070811e-16
4730.0	8.068806e-16
4732.0	8.031376e-16
4734.0	7.998245e-16
4736.0	7.90944e-16
4738.0	7.980223e-16
4740.0	8.026595e-16
4742.0	7.937311e-16
4744.0	7.934549e-16
4746.0	7.914339e-16
4748.0	7.89768e-16
4750.0	7.822717e-16
4752.0	7.776442e-16
4754.0	7.809301e-16
4756.0	7.796432e-16
4758.0	7.794426e-16
4760.0	7.80866e-16
4762.0	7.765351e-16
4764.0	7.803565e-16
4766.0	7.869654e-16
4768.0	7.793628e-16
4770.0	7.801579e-16
4772.0	7.871665e-16
4774.0	7.881728e-16
4776.0	7.850031e-16
4778.0	7.944908e-16
4780.0	7.833203e-16
4782.0	7.720926e-16
4784.0	7.778586e-16
4786.0	7.758338e-16
4788.0	7.779174e-16
4790.0	7.856347e-16
4792.0	7.863467e-16
4794.0	7.808734e-16
4796.0	7.796149e-16
4798.0	7.854326e-16
4800.0	8.059196e-16
4802.0	7.967595e-16
4804.0	7.853784e-16
4806.0	7.926269e-16
4808.0	7.928308e-16
4810.0	8.007279e-16
4812.0	7.892057e-16
4814.0	7.918194e-16
4816.0	7.948859e-16
4818.0	8.011255e-16
4820.0	7.908387e-16
4822.0	7.953929e-16
4824.0	7.980365e-16
4826.0	7.932808e-16
4828.0	7.846445e-16
4830.0	7.800965e-16
4832.0	7.799532e-16
4834.0	7.797196e-16
4836.0	7.619708e-16
4838.0	7.552261e-16
4840.0	7.671738e-16
4842.0	7.486436e-16
4844.0	7.533022e-16
4846.0	7.433709e-16
4848.0	7.293087e-16
4850.0	7.34417e-16
4852.0	7.026239e-16
4854.0	6.955823e-16
4856.0	7.043801e-16
4858.0	6.895564e-16
4860.0	6.631231e-16
4862.0	6.634502e-16
4864.0	6.506748e-16
4866.0	6.411119e-16
4868.0	6.472816e-16
4870.0	6.433246e-16
4872.0	6.324299e-16
4874.0	6.261764e-16
4876.0	6.325589e-16
4878.0	6.279074e-16
4880.0	6.356275e-16
4882.0	6.185944e-16
4884.0	6.173754e-16
4886.0	6.236071e-16
4888.0	6.187044e-16
4890.0	6.133747e-16
4892.0	6.265386e-16
4894.0	6.577892e-16
4896.0	6.499349e-16
4898.0	6.330338e-16
4900.0	6.243258e-16
4902.0	6.217355e-16
4904.0	6.339046e-16
4906.0	6.431053e-16
4908.0	6.385689e-16
4910.0	6.350807e-16
4912.0	6.453035e-16
4914.0	6.492238e-16
4916.0	6.443731e-16
4918.0	6.414164e-16
4920.0	6.337871e-16
4922.0	6.462934e-16
4924.0	6.42114e-16
4926.0	6.46058e-16
4928.0	6.424037e-16
4930.0	6.439321e-16
4932.0	6.4969e-16
4934.0	6.450858e-16
4936.0	6.55995e-16
4938.0	6.486101e-16
4940.0	6.438997e-16
4942.0	6.444948e-16
4944.0	6.330445e-16
4946.0	6.370875e-16
4948.0	6.185439e-16
4950.0	6.113969e-16
4952.0	5.994282e-16
4954.0	5.924941e-16
4956.0	5.870006e-16
4958.0	5.822893e-16
4960.0	5.709574e-16
4962.0	5.649457e-16
4964.0	5.646416e-16
4966.0	5.623061e-16
4968.0	5.590343e-16
4970.0	5.529265e-16
4972.0	5.618687e-16
4974.0	5.629074e-16
4976.0	5.523708e-16
4978.0	5.534577e-16
4980.0	5.648177e-16
4982.0	5.705936e-16
4984.0	5.638196e-16
4986.0	5.499139e-16
4988.0	5.460121e-16
4990.0	5.568966e-16
4992.0	5.616423e-16
4994.0	5.562389e-16
4996.0	5.590287e-16
4998.0	5.648322e-16
5000.0	5.67599e-16
5002.0	5.705623e-16
5004.0	5.804015e-16
5006.0	5.908908e-16
5008.0	5.834409e-16
5010.0	5.891452e-16
5012.0	5.953025e-16
5014.0	5.929899e-16
5016.0	5.979937e-16
5018.0	6.012141e-16
5020.0	5.964169e-16
5022.0	5.953677e-16
5024.0	5.938901e-16
5026.0	5.875123e-16
5028.0	5.858253e-16
5030.0	5.882532e-16
5032.0	5.941356e-16
5034.0	5.81608e-16
5036.0	5.763899e-16
5038.0	5.77045e-16
5040.0	5.764114e-16
5042.0	5.735244e-16
5044.0	5.588849e-16
5046.0	5.497054e-16
5048.0	5.461928e-16
5050.0	5.366669e-16
5052.0	5.237999e-16
5054.0	5.102548e-16
5056.0	5.064403e-16
5058.0	5.041338e-16
5060.0	4.92889e-16
5062.0	4.828105e-16
5064.0	4.764898e-16
5066.0	4.682229e-16
5068.0	4.512872e-16
5070.0	4.47053e-16
5072.0	4.542685e-16
5074.0	4.489531e-16
5076.0	4.449372e-16
5078.0	4.43872e-16
5080.0	4.348738e-16
5082.0	4.302236e-16
5084.0	4.238307e-16
5086.0	4.192072e-16
5088.0	4.2324e-16
5090.0	4.189297e-16
5092.0	4.138557e-16
5094.0	4.221512e-16
5096.0	4.227337e-16
5098.0	4.183212e-16
5100.0	4.233185e-16
5102.0	4.208964e-16
5104.0	4.159919e-16
5106.0	4.244613e-16
5108.0	4.310968e-16
5110.0	4.311141e-16
5112.0	4.298283e-16
5114.0	4.254721e-16
5116.0	4.285294e-16
5118.0	4.361821e-16
5120.0	4.400092e-16
5122.0	4.370582e-16
5124.0	4.386135e-16
5126.0	4.470946e-16
5128.0	4.477838e-16
5130.0	4.494734e-16
5132.0	4.525834e-16
5134.0	4.534955e-16
5136.0	4.510585e-16
5138.0	4.446433e-16
5140.0	4.48364e-16
5142.0	4.573633e-16
5144.0	4.597822e-16
5146.0	4.596542e-16
5148.0	4.607229e-16
5150.0	4.603138e-16
5152.0	4.658224e-16
5154.0	4.662024e-16
5156.0	4.631441e-16
5158.0	4.674972e-16
5160.0	4.759824e-16
5162.0	4.777485e-16
5164.0	4.799227e-16
5166.0	4.731724e-16
5168.0	4.629888e-16
5170.0	4.602521e-16
5172.0	4.607025e-16
5174.0	4.659766e-16
5176.0	4.744622e-16
5178.0	4.738179e-16
5180.0	4.692968e-16
5182.0	4.586518e-16
5184.0	4.573618e-16
5186.0	4.59189e-16
5188.0	4.666471e-16
5190.0	4.61406e-16
5192.0	4.551113e-16
5194.0	4.533152e-16
5196.0	4.488013e-16
5198.0	4.506682e-16
5200.0	4.438666e-16
5202.0	4.436519e-16
5204.0	4.426168e-16
5206.0	4.492185e-16
5208.0	4.432171e-16
5210.0	4.4448e-16
5212.0	4.412093e-16
5214.0	4.360703e-16
5216.0	4.438821e-16
5218.0	4.445476e-16
5220.0	4.435079e-16
5222.0	4.462316e-16
5224.0	4.497363e-16
5226.0	4.559647e-16
5228.0	4.439568e-16
5230.0	4.504075e-16
5232.0	4.640951e-16
5234.0	4.699518e-16
5236.0	4.807613e-16
5238.0	4.757064e-16
5240.0	4.775335e-16
5242.0	4.784399e-16
5244.0	4.92426e-16
5246.0	4.789125e-16
5248.0	4.840417e-16
5250.0	4.753435e-16
5252.0	4.838604e-16
5254.0	4.89199e-16
5256.0	4.752409e-16
5258.0	4.766922e-16
5260.0	4.737254e-16
5262.0	4.778844e-16
5264.0	4.840918e-16
5266.0	4.920364e-16
5268.0	4.838281e-16
5270.0	4.909103e-16
5272.0	4.922539e-16
5274.0	5.032654e-16
5276.0	5.03531e-16
5278.0	5.046772e-16
5280.0	5.048234e-16
5282.0	5.094763e-16
5284.0	5.085541e-16
5286.0	5.188949e-16
5288.0	5.242648e-16
5290.0	5.173878e-16
5292.0	5.234081e-16
5294.0	5.359976e-16
5296.0	5.365094e-16
5298.0	5.386193e-16
5300.0	5.398976e-16
5302.0	5.455959e-16
5304.0	5.381329e-16
5306.0	5.444619e-16
5308.0	5.472839e-16
5310.0	5.633367e-16
5312.0	5.583879e-16
5314.0	5.628528e-16
5316.0	5.651963e-16
5318.0	5.646753e-16
5320.0	5.671916e-16
5322.0	5.636942e-16
5324.0	5.76497e-16
5326.0	5.751216e-16
5328.0	5.837604e-16
5330.0	5.895681e-16
5332.0	5.909551e-16
5334.0	5.996486e-16
5336.0	5.925196e-16
5338.0	6.0189e-16
5340.0	6.069815e-16
5342.0	6.151691e-16
5344.0	6.021618e-16
5346.0	6.132258e-16
5348.0	6.181303e-16
5350.0	6.14146e-16
5352.0	6.160795e-16
5354.0	6.212961e-16
5356.0	6.116545e-16
5358.0	6.000198e-16
5360.0	6.030176e-16
5362.0	5.950352e-16
5364.0	5.934182e-16
5366.0	6.00372e-16
5368.0	6.018229e-16
5370.0	5.966727e-16
5372.0	5.92129e-16
5374.0	5.931271e-16
5376.0	5.918194e-16
5378.0	5.948612e-16
5380.0	5.932325e-16
5382.0	5.885695e-16
5384.0	5.718779e-16
5386.0	5.735602e-16
5388.0	5.777591e-16
5390.0	5.855261e-16
5392.0	5.771501e-16
5394.0	5.735707e-16
5396.0	5.696327e-16
5398.0	5.71092e-16
5400.0	5.673523e-16
5402.0	5.692056e-16
5404.0	5.728196e-16
5406.0	5.807862e-16
5408.0	5.821908e-16
5410.0	5.830864e-16
5412.0	5.855097e-16
5414.0	5.849876e-16
5416.0	5.861978e-16
5418.0	5.875124e-16
5420.0	5.8511e-16
5422.0	5.882148e-16
5424.0	5.942431e-16
5426.0	5.941289e-16
5428.0	5.903924e-16
5430.0	5.814988e-16
5432.0	5.850949e-16
5434.0	5.854285e-16
5436.0	5.853878e-16
5438.0	5.827257e-16
5440.0	5.974268e-16
5442.0	6.113467e-16
5444.0	6.050868e-16
5446.0	5.983071e-16
5448.0	5.955427e-16
5450.0	5.974659e-16
5452.0	5.967427e-16
5454.0	5.873938e-16
5456.0	5.830599e-16
5458.0	5.843075e-16
5460.0	5.754761e-16
5462.0	5.701231e-16
5464.0	5.760496e-16
5466.0	5.648764e-16
5468.0	5.548852e-16
5470.0	5.526424e-16
5472.0	5.458764e-16
5474.0	5.355795e-16
5476.0	5.207709e-16
5478.0	5.056974e-16
5480.0	5.009873e-16
5482.0	4.938061e-16
5484.0	4.854387e-16
5486.0	4.742602e-16
5488.0	4.618272e-16
5490.0	4.582236e-16
5492.0	4.584507e-16
5494.0	4.539905e-16
5496.0	4.419488e-16
5498.0	4.303146e-16
5500.0	4.255165e-16
5502.0	4.268332e-16
5504.0	4.187124e-16
5506.0	4.104046e-16
5508.0	4.080124e-16
5510.0	4.007754e-16
5512.0	3.99413e-16
5514.0	3.965285e-16
5516.0	3.901225e-16
5518.0	3.797278e-16
5520.0	3.719139e-16
5522.0	3.733644e-16
5524.0	3.73554e-16
5526.0	3.757851e-16
5528.0	3.826251e-16
5530.0	3.847381e-16
5532.0	3.848976e-16
5534.0	3.834067e-16
5536.0	3.808629e-16
5538.0	3.829164e-16
5540.0	3.841973e-16
5542.0	3.816338e-16
5544.0	3.791476e-16
5546.0	3.812291e-16
5548.0	3.866182e-16
5550.0	3.888923e-16
5552.0	3.839933e-16
5554.0	3.83543e-16
5556.0	3.89729e-16
5558.0	3.894263e-16
5560.0	3.857987e-16
5562.0	3.903116e-16
5564.0	3.911879e-16
5566.0	3.823884e-16
5568.0	3.828985e-16
5570.0	3.923246e-16
5572.0	3.923018e-16
5574.0	3.917204e-16
5576.0	3.90671e-16
5578.0	3.944116e-16
5580.0	3.983943e-16
5582.0	4.018951e-16
5584.0	4.110453e-16
5586.0	4.218699e-16
5588.0	4.312926e-16
5590.0	4.386797e-16
5592.0	4.393306e-16
5594.0	4.363718e-16
5596.0	4.397522e-16
5598.0	4.415634e-16
5600.0	4.394419e-16
5602.0	4.360869e-16
5604.0	4.417473e-16
5606.0	4.479658e-16
5608.0	4.424347e-16
5610.0	4.425964e-16
5612.0	4.50114e-16
5614.0	4.525187e-16
5616.0	4.477263e-16
5618.0	4.437655e-16
5620.0	4.436991e-16
5622.0	4.451908e-16
5624.0	4.524234e-16
5626.0	4.586803e-16
5628.0	4.526747e-16
5630.0	4.464642e-16
5632.0	4.49266e-16
5634.0	4.548845e-16
5636.0	4.498032e-16
5638.0	4.486826e-16
5640.0	4.464535e-16
5642.0	4.442869e-16
5644.0	4.466767e-16
5646.0	4.472624e-16
5648.0	4.44288e-16
5650.0	4.414819e-16
5652.0	4.43619e-16
5654.0	4.463967e-16
5656.0	4.381546e-16
5658.0	4.290032e-16
5660.0	4.275861e-16
5662.0	4.295027e-16
5664.0	4.253409e-16
5666.0	4.264452e-16
5668.0	4.317841e-16
5670.0	4.259818e-16
5672.0	4.157592e-16
5674.0	4.080828e-16
5676.0	4.077474e-16
5678.0	4.085777e-16
5680.0	4.084507e-16
5682.0	4.023246e-16
5684.0	3.895291e-16
5686.0	3.803136e-16
5688.0	3.782452e-16
5690.0	3.811942e-16
5692.0	3.778683e-16
5694.0	3.704738e-16
5696.0	3.666626e-16
5698.0	3.718811e-16
5700.0	3.723442e-16
5702.0	3.633809e-16
5704.0	3.537977e-16
5706.0	3.567724e-16
5708.0	3.621063e-16
5710.0	3.563794e-16
5712.0	3.519582e-16
5714.0	3.448913e-16
5716.0	3.497254e-16
5718.0	3.646594e-16
5720.0	3.584189e-16
5722.0	3.512313e-16
5724.0	3.595004e-16
5726.0	3.65179e-16
5728.0	3.69541e-16
5730.0	3.744025e-16
5732.0	3.650221e-16
5734.0	3.611158e-16
5736.0	3.663939e-16
5738.0	3.758311e-16
5740.0	3.841129e-16
5742.0	3.878842e-16
5744.0	3.904997e-16
5746.0	3.97683e-16
5748.0	4.015711e-16
5750.0	3.92613e-16
5752.0	4.010931e-16
5754.0	4.193851e-16
5756.0	4.14158e-16
5758.0	4.234554e-16
5760.0	4.331159e-16
5762.0	4.357793e-16
5764.0	4.437633e-16
5766.0	4.411494e-16
5768.0	4.396785e-16
5770.0	4.409919e-16
5772.0	4.457033e-16
5774.0	4.553573e-16
5776.0	4.550732e-16
5778.0	4.465426e-16
5780.0	4.534463e-16
5782.0	4.624906e-16
5784.0	4.67472e-16
5786.0	4.67226e-16
5788.0	4.716549e-16
5790.0	4.829967e-16
5792.0	4.79512e-16
5794.0	4.737646e-16
5796.0	4.815064e-16
5798.0	4.848865e-16
5800.0	4.850082e-16
5802.0	4.912704e-16
5804.0	4.886428e-16
5806.0	4.869903e-16
5808.0	4.981677e-16
5810.0	4.962934e-16
5812.0	4.8328e-16
5814.0	4.831953e-16
5816.0	4.861146e-16
5818.0	4.787429e-16
5820.0	4.757695e-16
5822.0	4.821043e-16
5824.0	4.791022e-16
5826.0	4.760049e-16
5828.0	4.730665e-16
5830.0	4.767114e-16
5832.0	4.794034e-16
5834.0	4.801821e-16
5836.0	4.761848e-16
5838.0	4.713702e-16
5840.0	4.75977e-16
5842.0	4.832756e-16
5844.0	4.857635e-16
5846.0	4.789592e-16
5848.0	4.751982e-16
5850.0	4.823574e-16
5852.0	4.926758e-16
5854.0	4.977856e-16
5856.0	4.887241e-16
5858.0	4.849543e-16
5860.0	4.925929e-16
5862.0	4.949348e-16
5864.0	4.889737e-16
5866.0	4.812472e-16
5868.0	4.839746e-16
5870.0	4.879416e-16
5872.0	4.897153e-16
5874.0	4.898592e-16
5876.0	4.838381e-16
5878.0	4.758677e-16
5880.0	4.770629e-16
5882.0	4.839549e-16
5884.0	4.818581e-16
5886.0	4.827621e-16
5888.0	4.815002e-16
5890.0	4.798081e-16
5892.0	4.788091e-16
5894.0	4.752098e-16
5896.0	4.82098e-16
5898.0	4.866724e-16
5900.0	4.841406e-16
5902.0	4.757712e-16
5904.0	4.7904e-16
5906.0	4.858363e-16
5908.0	4.802191e-16
5910.0	4.845553e-16
5912.0	4.908644e-16
5914.0	4.914135e-16
5916.0	4.898981e-16
5918.0	4.83038e-16
5920.0	4.744898e-16
5922.0	4.803115e-16
5924.0	4.839041e-16
5926.0	4.798283e-16
5928.0	4.818189e-16
5930.0	4.867548e-16
5932.0	4.845817e-16
5934.0	4.866479e-16
5936.0	4.811741e-16
5938.0	4.782229e-16
5940.0	4.851722e-16
5942.0	4.859846e-16
5944.0	4.932383e-16
5946.0	4.931107e-16
5948.0	4.793121e-16
5950.0	4.73439e-16
5952.0	4.790577e-16
5954.0	4.864638e-16
5956.0	4.886013e-16
5958.0	4.871539e-16
5960.0	4.875149e-16
5962.0	4.863646e-16
5964.0	4.76854e-16
5966.0	4.71089e-16
5968.0	4.742339e-16
5970.0	4.749113e-16
5972.0	4.715402e-16
5974.0	4.714036e-16
5976.0	4.775466e-16
5978.0	4.771763e-16
5980.0	4.673302e-16
5982.0	4.622052e-16
5984.0	4.622526e-16
5986.0	4.662203e-16
5988.0	4.651877e-16
5990.0	4.572132e-16
5992.0	4.565025e-16
5994.0	4.609474e-16
5996.0	4.571807e-16
5998.0	4.50393e-16
6000.0	4.469389e-16
6002.0	4.473228e-16
6004.0	4.422356e-16
6006.0	4.31097e-16
6008.0	4.325697e-16
6010.0	4.392883e-16
6012.0	4.355613e-16
6014.0	4.320317e-16
6016.0	4.291681e-16
6018.0	4.198013e-16
6020.0	4.140933e-16
6022.0	4.162499e-16
6024.0	4.193994e-16
6026.0	4.158058e-16
6028.0	4.177218e-16
6030.0	4.22161e-16
6032.0	4.210451e-16
6034.0	4.187446e-16
6036.0	4.181405e-16
6038.0	4.186659e-16
6040.0	4.210364e-16
6042.0	4.233236e-16
6044.0	4.155143e-16
6046.0	4.104189e-16
6048.0	4.131134e-16
6050.0	4.162825e-16
6052.0	4.191005e-16
6054.0	4.196955e-16
6056.0	4.169518e-16
6058.0	4.143739e-16
6060.0	4.135072e-16
6062.0	4.09725e-16
6064.0	4.14692e-16
6066.0	4.225709e-16
6068.0	4.217262e-16
6070.0	4.240628e-16
6072.0	4.265245e-16
6074.0	4.292771e-16
6076.0	4.262606e-16
6078.0	4.228068e-16
6080.0	4.297219e-16
6082.0	4.282542e-16
6084.0	4.298048e-16
6086.0	4.342122e-16
6088.0	4.400072e-16
6090.0	4.32605e-16
6092.0	4.328762e-16
6094.0	4.408146e-16
6096.0	4.427864e-16
6098.0	4.341196e-16
6100.0	4.305696e-16
6102.0	4.423373e-16
6104.0	4.420619e-16
6106.0	4.452195e-16
6108.0	4.482206e-16
6110.0	4.423005e-16
6112.0	4.35742e-16
6114.0	4.324995e-16
6116.0	4.308765e-16
6118.0	4.302581e-16
6120.0	4.324519e-16
6122.0	4.426851e-16
6124.0	4.446944e-16
6126.0	4.356618e-16
6128.0	4.344482e-16
6130.0	4.345075e-16
6132.0	4.369981e-16
6134.0	4.387167e-16
6136.0	4.42896e-16
6138.0	4.327315e-16
6140.0	4.316906e-16
6142.0	4.376257e-16
6144.0	4.43645e-16
6146.0	4.519756e-16
6148.0	4.527717e-16
6150.0	4.408088e-16
6152.0	4.385006e-16
6154.0	4.423472e-16
6156.0	4.510077e-16
6158.0	4.541047e-16
6160.0	4.485529e-16
6162.0	4.41741e-16
6164.0	4.238422e-16
6166.0	4.187035e-16
6168.0	4.196642e-16
6170.0	4.35706e-16
6172.0	4.328944e-16
6174.0	4.25126e-16
6176.0	4.341642e-16
6178.0	4.401817e-16
6180.0	4.425733e-16
6182.0	4.459426e-16
6184.0	4.489106e-16
6186.0	4.513912e-16
6188.0	4.458924e-16
6190.0	4.412787e-16
6192.0	4.437468e-16
6194.0	4.300095e-16
6196.0	4.339314e-16
6198.0	4.465576e-16
6200.0	4.358766e-16
6202.0	4.408055e-16
6204.0	4.378039e-16
6206.0	4.387383e-16
6208.0	4.429426e-16
6210.0	4.451944e-16
6212.0	4.37308e-16
6214.0	4.417508e-16
6216.0	4.478621e-16
6218.0	4.408822e-16
6220.0	4.292663e-16
6222.0	4.471552e-16
6224.0	4.428772e-16
6226.0	4.343792e-16
6228.0	4.424685e-16
6230.0	4.437754e-16
6232.0	4.536967e-16
6234.0	4.398591e-16
6236.0	4.409771e-16
6238.0	4.398722e-16
6240.0	4.460631e-16
6242.0	4.477563e-16
6244.0	4.444978e-16
6246.0	4.393616e-16
6248.0	4.397417e-16
6250.0	4.489681e-16
6252.0	4.420991e-16
6254.0	4.366152e-16
6256.0	4.466589e-16
6258.0	4.414465e-16
6260.0	4.412533e-16
6262.0	4.336595e-16
6264.0	4.277434e-16
6266.0	4.358229e-16
6268.0	4.331903e-16
6270.0	4.269263e-16
6272.0	4.36664e-16
6274.0	4.421765e-16
6276.0	4.257067e-16
6278.0	4.309103e-16
6280.0	4.215241e-16
6282.0	4.135544e-16
6284.0	4.311818e-16
6286.0	4.332011e-16
6288.0	4.373018e-16
6290.0	4.319392e-16
6292.0	4.291968e-16
6294.0	4.235173e-16
6296.0	4.321714e-16
6298.0	4.495676e-16
6300.0	4.248889e-16
6302.0	4.124252e-16
6304.0	3.998606e-16
6306.0	4.03859e-16
6308.0	4.024741e-16
6310.0	4.04392e-16
6312.0	4.028099e-16
6314.0	4.059249e-16
6316.0	3.99558e-16
6318.0	3.920245e-16
6320.0	3.979028e-16
6322.0	3.992934e-16
6324.0	3.873176e-16
6326.0	3.858507e-16
6328.0	3.817842e-16
6330.0	3.810757e-16
6332.0	3.718657e-16
6334.0	3.561465e-16
6336.0	3.517692e-16
6338.0	3.50249e-16
6340.0	3.442613e-16
6342.0	3.439883e-16
6344.0	3.406694e-16
6346.0	3.375592e-16
6348.0	3.36335e-16
6350.0	3.25186e-16
6352.0	3.174347e-16
6354.0	3.114731e-16
6356.0	3.114851e-16
6358.0	3.058809e-16
6360.0	2.880031e-16
6362.0	2.77425e-16
6364.0	2.78423e-16
6366.0	2.686777e-16
6368.0	2.59635e-16
6370.0	2.556348e-16
6372.0	2.541128e-16
6374.0	2.497808e-16
6376.0	2.408331e-16
6378.0	2.311409e-16
6380.0	2.23406e-16
6382.0	2.118978e-16
6384.0	2.038189e-16
6386.0	2.032088e-16
6388.0	2.032663e-16
6390.0	1.937811e-16
6392.0	1.876871e-16
6394.0	1.83766e-16
6396.0	1.805601e-16
6398.0	1.774759e-16
6400.0	1.720904e-16
6402.0	1.69987e-16
6404.0	1.689545e-16
6406.0	1.640242e-16
6408.0	1.590496e-16
6410.0	1.5923e-16
6412.0	1.579694e-16
6414.0	1.520853e-16
6416.0	1.471403e-16
6418.0	1.475781e-16
6420.0	1.520246e-16
6422.0	1.53884e-16
6424.0	1.499379e-16
6426.0	1.476516e-16
6428.0	1.498411e-16
6430.0	1.547078e-16
6432.0	1.576924e-16
6434.0	1.536113e-16
6436.0	1.512507e-16
6438.0	1.577831e-16
6440.0	1.616862e-16
6442.0	1.638991e-16
6444.0	1.662113e-16
6446.0	1.67364e-16
6448.0	1.712845e-16
6450.0	1.77829e-16
6452.0	1.811167e-16
6454.0	1.814022e-16
6456.0	1.818547e-16
6458.0	1.861578e-16
6460.0	1.955465e-16
6462.0	1.960918e-16
6464.0	1.931636e-16
6466.0	1.983683e-16
6468.0	2.038414e-16
6470.0	2.075077e-16
6472.0	2.134594e-16
6474.0	2.224044e-16
6476.0	2.301887e-16
6478.0	2.318284e-16
6480.0	2.332096e-16
6482.0	2.366809e-16
6484.0	2.443165e-16
6486.0	2.550726e-16
6488.0	2.593184e-16
6490.0	2.608206e-16
6492.0	2.622037e-16
6494.0	2.639873e-16
6496.0	2.681002e-16
6498.0	2.725539e-16
6500.0	2.772912e-16
6502.0	2.805997e-16
6504.0	2.815898e-16
6506.0	2.86572e-16
6508.0	2.936454e-16
6510.0	2.967034e-16
6512.0	3.037139e-16
6514.0	3.025132e-16
6516.0	3.04585e-16
6518.0	3.130232e-16
6520.0	3.183589e-16
6522.0	3.163031e-16
6524.0	3.200241e-16
6526.0	3.22404e-16
6528.0	3.215977e-16
6530.0	3.30284e-16
6532.0	3.317684e-16
6534.0	3.313591e-16
6536.0	3.401825e-16
6538.0	3.408365e-16
6540.0	3.422181e-16
6542.0	3.405951e-16
6544.0	3.467093e-16
6546.0	3.523188e-16
6548.0	3.49468e-16
6550.0	3.520401e-16
6552.0	3.588348e-16
6554.0	3.596002e-16
6556.0	3.602441e-16
6558.0	3.596331e-16
6560.0	3.670566e-16
6562.0	3.750634e-16
6564.0	3.710851e-16
6566.0	3.670652e-16
6568.0	3.618955e-16
6570.0	3.650443e-16
6572.0	3.753574e-16
6574.0	3.754794e-16
6576.0	3.771265e-16
6578.0	3.81121e-16
6580.0	3.831357e-16
6582.0	3.768803e-16
6584.0	3.734385e-16
6586.0	3.75374e-16
6588.0	3.800329e-16
6590.0	3.813985e-16
6592.0	3.728759e-16
6594.0	3.686126e-16
6596.0	3.700167e-16
6598.0	3.748123e-16
6600.0	3.779426e-16
6602.0	3.749678e-16
6604.0	3.797375e-16
6606.0	3.859843e-16
6608.0	3.816349e-16
6610.0	3.766278e-16
6612.0	3.719875e-16
6614.0	3.714266e-16
6616.0	3.751714e-16
6618.0	3.699957e-16
6620.0	3.689647e-16
6622.0	3.775277e-16
6624.0	3.81179e-16
6626.0	3.76154e-16
6628.0	3.7572e-16
6630.0	3.798135e-16
6632.0	3.822202e-16
6634.0	3.785071e-16
6636.0	3.721605e-16
6638.0	3.731039e-16
6640.0	3.759374e-16
6642.0	3.729854e-16
6644.0	3.769932e-16
6646.0	3.794655e-16
6648.0	3.687822e-16
6650.0	3.671365e-16
6652.0	3.745322e-16
6654.0	3.680601e-16
6656.0	3.643724e-16
6658.0	3.648356e-16
6660.0	3.64107e-16
6662.0	3.702408e-16
6664.0	3.642642e-16
6666.0	3.660515e-16
6668.0	3.580817e-16
6670.0	3.544587e-16
6672.0	3.599029e-16
6674.0	3.595676e-16
6676.0	3.567904e-16
6678.0	3.554638e-16
6680.0	3.501233e-16
6682.0	3.583136e-16
6684.0	3.60698e-16
6686.0	3.553501e-16
6688.0	3.51183e-16
6690.0	3.509967e-16
6692.0	3.532224e-16
6694.0	3.48304e-16
6696.0	3.411565e-16
6698.0	3.434156e-16
6700.0	3.433795e-16
6702.0	3.338709e-16
6704.0	3.387728e-16
6706.0	3.474366e-16
6708.0	3.444767e-16
6710.0	3.46509e-16
6712.0	3.432287e-16
6714.0	3.435876e-16
6716.0	3.432628e-16
6718.0	3.447964e-16
6720.0	3.383275e-16
6722.0	3.356921e-16
6724.0	3.400997e-16
6726.0	3.353722e-16
6728.0	3.347974e-16
6730.0	3.428889e-16
6732.0	3.437506e-16
6734.0	3.351989e-16
6736.0	3.360036e-16
6738.0	3.35947e-16
6740.0	3.354126e-16
6742.0	3.298223e-16
6744.0	3.28894e-16
6746.0	3.350512e-16
6748.0	3.421374e-16
6750.0	3.355049e-16
6752.0	3.278896e-16
6754.0	3.341719e-16
6756.0	3.361139e-16
6758.0	3.321528e-16
6760.0	3.287786e-16
6762.0	3.235982e-16
6764.0	3.203631e-16
6766.0	3.208351e-16
6768.0	3.19789e-16
6770.0	3.207243e-16
6772.0	3.266706e-16
6774.0	3.20451e-16
6776.0	3.119288e-16
6778.0	3.103285e-16
6780.0	3.100917e-16
6782.0	3.135499e-16
6784.0	3.14892e-16
6786.0	3.142834e-16
6788.0	3.145625e-16
6790.0	3.113896e-16
6792.0	3.141783e-16
6794.0	3.191303e-16
6796.0	3.071708e-16
6798.0	2.996659e-16
6800.0	3.067266e-16
6802.0	3.125414e-16
6804.0	3.138813e-16
6806.0	3.13993e-16
6808.0	3.158495e-16
6810.0	3.163723e-16
6812.0	3.113759e-16
6814.0	3.059854e-16
6816.0	3.048979e-16
6818.0	3.064841e-16
6820.0	3.015458e-16
6822.0	2.989659e-16
6824.0	3.01761e-16
6826.0	3.048142e-16
6828.0	3.083884e-16
6830.0	3.104252e-16
6832.0	3.029506e-16
6834.0	3.016869e-16
6836.0	3.034543e-16
6838.0	3.000741e-16
6840.0	2.997794e-16
6842.0	2.923442e-16
6844.0	2.962099e-16
6846.0	2.96693e-16
6848.0	2.973005e-16
6850.0	2.943477e-16
6852.0	2.899048e-16
6854.0	2.910172e-16
6856.0	2.938006e-16
6858.0	2.892416e-16
6860.0	2.857707e-16
6862.0	2.94467e-16
6864.0	2.955639e-16
6866.0	2.817787e-16
6868.0	2.685408e-16
6870.0	2.692965e-16
6872.0	3.000551e-16
6874.0	3.003035e-16
6876.0	2.85203e-16
6878.0	2.868285e-16
6880.0	2.883143e-16
6882.0	2.878952e-16
6884.0	2.93115e-16
6886.0	2.890081e-16
6888.0	2.789593e-16
6890.0	2.761754e-16
6892.0	2.784556e-16
6894.0	2.755048e-16
6896.0	2.733924e-16
6898.0	2.761084e-16
6900.0	2.789084e-16
6902.0	2.771724e-16
6904.0	2.749046e-16
6906.0	2.703106e-16
6908.0	2.694738e-16
6910.0	2.709554e-16
6912.0	2.657233e-16
6914.0	2.659598e-16
6916.0	2.648919e-16
6918.0	2.591706e-16
6920.0	2.573394e-16
6922.0	2.610205e-16
6924.0	2.662402e-16
6926.0	2.658016e-16
6928.0	2.645231e-16
6930.0	2.631529e-16
6932.0	2.603126e-16
6934.0	2.574369e-16
6936.0	2.576974e-16
6938.0	2.640209e-16
6940.0	2.612841e-16
6942.0	2.561962e-16
6944.0	2.563931e-16
6946.0	2.56426e-16
6948.0	2.580647e-16
6950.0	2.542523e-16
6952.0	2.511485e-16
6954.0	2.567224e-16
6956.0	2.647119e-16
6958.0	2.603062e-16
6960.0	2.535685e-16
6962.0	2.558047e-16
6964.0	2.527595e-16
6966.0	2.470692e-16
6968.0	2.480081e-16
6970.0	2.489381e-16
6972.0	2.508303e-16
6974.0	2.480192e-16
6976.0	2.462515e-16
6978.0	2.498305e-16
6980.0	2.506401e-16
6982.0	2.488234e-16
6984.0	2.475708e-16
6986.0	2.427274e-16
6988.0	2.362768e-16
6990.0	2.408784e-16
6992.0	2.413671e-16
6994.0	2.432673e-16
6996.0	2.44582e-16
6998.0	2.464071e-16
7000.0	2.410666e-16
7002.0	2.329225e-16
7004.0	2.345869e-16
7006.0	2.37226e-16
7008.0	2.37561e-16
7010.0	2.384998e-16
7012.0	2.337998e-16
7014.0	2.272029e-16
7016.0	2.227366e-16
7018.0	2.287571e-16
7020.0	2.323575e-16
7022.0	2.326152e-16
7024.0	2.311368e-16
7026.0	2.23873e-16
7028.0	2.15057e-16
7030.0	2.181982e-16
7032.0	2.284145e-16
7034.0	2.312989e-16
7036.0	2.258333e-16
7038.0	2.217153e-16
7040.0	2.16998e-16
7042.0	2.128948e-16
7044.0	2.143288e-16
7046.0	2.180989e-16
7048.0	2.173231e-16
7050.0	2.092896e-16
