#	 ps16axi 
#	 UT date of observation: 20160406 
#	 Telescope/Instrument: KPNO4m/KOSMOS 
#	 Estimated Peak MJD: 57461.398 
#	 Estimated redshift: 0.039 
#	 Estimated Phase: 21.7 
#	 Published in Dettman et al. 2020 
#	 Observed barycentric wavelength (Angstroms)    F_lambda
4165.0	1.079198e-16
4166.0	9.24865e-17
4167.0	1.001928e-16
4168.0	-2.199258e-18
4169.0	1.135012e-16
4170.0	1.610753e-16
4171.0	4.079365e-17
4172.0	6.678276e-18
4173.0	2.072011e-16
4174.0	1.593339e-16
4175.0	1.806388e-16
4176.0	2.564393e-16
4177.0	1.504458e-16
4178.0	1.773249e-16
4179.0	1.114826e-16
4180.0	1.877312e-16
4181.0	3.158049e-16
4182.0	2.142233e-16
4183.0	2.850344e-16
4184.0	1.730322e-16
4185.0	1.153616e-16
4186.0	1.205386e-16
4187.0	2.244101e-16
4188.0	2.212973e-16
4189.0	2.694453e-16
4190.0	2.014657e-16
4191.0	3.774391e-17
4192.0	5.477203e-17
4193.0	2.105807e-16
4194.0	1.324181e-16
4195.0	1.158808e-16
4196.0	8.894164e-17
4197.0	5.307781e-17
4198.0	2.279519e-16
4199.0	2.330904e-16
4200.0	1.455852e-16
4201.0	1.995835e-16
4202.0	1.375616e-16
4203.0	1.269045e-16
4204.0	1.373662e-16
4205.0	4.505262e-17
4206.0	7.044894e-17
4207.0	3.279767e-17
4208.0	1.333753e-16
4209.0	1.58165e-16
4210.0	2.170137e-16
4211.0	4.859382e-16
4212.0	2.815073e-16
4213.0	2.384936e-16
4214.0	3.716631e-16
4215.0	3.013076e-16
4216.0	4.247755e-16
4217.0	3.793432e-16
4218.0	1.828996e-16
4219.0	7.492644e-17
4220.0	2.083964e-16
4221.0	6.921546e-17
4222.0	9.818214e-17
4223.0	2.010741e-16
4224.0	2.310574e-16
4225.0	2.681845e-16
4226.0	3.100466e-16
4227.0	1.655135e-16
4228.0	2.7033e-16
4229.0	3.583713e-16
4230.0	4.167983e-16
4231.0	3.916556e-16
4232.0	1.394214e-16
4233.0	2.166017e-16
4234.0	9.352962e-17
4235.0	-1.066986e-17
4236.0	1.791895e-16
4237.0	2.343724e-16
4238.0	2.611189e-16
4239.0	3.201779e-16
4240.0	2.486193e-16
4241.0	1.388598e-16
4242.0	1.179474e-16
4243.0	2.668765e-16
4244.0	3.760019e-16
4245.0	2.754595e-16
4246.0	3.662871e-16
4247.0	2.166682e-16
4248.0	1.614726e-16
4249.0	8.479154e-17
4250.0	1.856689e-16
4251.0	2.138379e-16
4252.0	1.34615e-16
4253.0	1.513354e-16
4254.0	6.698823e-17
4255.0	8.383762e-17
4256.0	2.494503e-16
4257.0	1.03077e-16
4258.0	1.675813e-16
4259.0	1.688049e-17
4260.0	-3.14732e-17
4261.0	2.323294e-17
4262.0	4.549882e-17
4263.0	1.461325e-16
4264.0	2.500632e-16
4265.0	1.910621e-16
4266.0	2.07814e-16
4267.0	1.483106e-16
4268.0	1.282241e-16
4269.0	2.27652e-16
4270.0	2.212981e-16
4271.0	2.279934e-16
4272.0	1.286345e-16
4273.0	1.646526e-16
4274.0	1.599791e-16
4275.0	1.366502e-16
4276.0	1.169883e-16
4277.0	3.353863e-17
4278.0	1.69257e-16
4279.0	2.171575e-16
4280.0	1.611265e-16
4281.0	1.492384e-16
4282.0	1.235544e-16
4283.0	2.545621e-16
4284.0	3.584891e-16
4285.0	3.106913e-16
4286.0	1.116673e-16
4287.0	9.850192e-17
4288.0	2.91823e-16
4289.0	1.731412e-16
4290.0	8.984164e-17
4291.0	6.20876e-17
4292.0	2.011301e-16
4293.0	2.035663e-16
4294.0	3.590045e-17
4295.0	5.1842e-17
4296.0	-3.558379e-17
4297.0	1.450869e-16
4298.0	5.555954e-17
4299.0	1.304878e-16
4300.0	1.005669e-16
4301.0	1.439526e-16
4302.0	1.531994e-16
4303.0	2.540179e-16
4304.0	2.541807e-16
4305.0	2.178945e-16
4306.0	1.999307e-16
4307.0	1.52953e-16
4308.0	1.311814e-16
4309.0	1.05303e-16
4310.0	2.452568e-16
4311.0	1.136345e-16
4312.0	8.861167e-17
4313.0	9.805175e-17
4314.0	1.209625e-16
4315.0	1.353153e-16
4316.0	1.41144e-16
4317.0	-9.104668e-19
4318.0	1.007089e-16
4319.0	1.058474e-16
4320.0	2.699356e-16
4321.0	1.653432e-16
4322.0	2.201497e-16
4323.0	2.460135e-16
4324.0	3.492344e-16
4325.0	2.006556e-16
4326.0	1.082716e-16
4327.0	2.286331e-16
4328.0	1.843985e-16
4329.0	2.137369e-16
4330.0	2.351055e-16
4331.0	2.185169e-16
4332.0	1.204951e-16
4333.0	4.237207e-17
4334.0	3.328325e-17
4335.0	1.071106e-16
4336.0	1.310246e-16
4337.0	6.644353e-17
4338.0	1.909173e-16
4339.0	1.505368e-16
4340.0	1.230436e-16
4341.0	2.066758e-16
4342.0	9.905085e-17
4343.0	7.346557e-17
4344.0	7.917841e-17
4345.0	1.91767e-16
4346.0	1.161211e-16
4347.0	5.70838e-17
4348.0	2.178164e-16
4349.0	8.821572e-17
4350.0	5.5206e-17
4351.0	4.244974e-17
4352.0	1.31989e-16
4353.0	3.999304e-17
4354.0	4.199946e-17
4355.0	1.126132e-16
4356.0	9.287999e-17
4357.0	4.839622e-17
4358.0	1.077032e-16
4359.0	1.256415e-17
4360.0	1.835665e-16
4361.0	2.603764e-16
4362.0	2.559886e-16
4363.0	1.931837e-16
4364.0	2.047159e-16
4365.0	1.821166e-16
4366.0	9.140054e-17
4367.0	4.24132e-17
4368.0	1.207314e-16
4369.0	1.783446e-16
4370.0	1.627671e-16
4371.0	1.890573e-16
4372.0	1.570895e-16
4373.0	1.050987e-16
4374.0	1.02293e-16
4375.0	8.904996e-17
4376.0	1.165354e-16
4377.0	1.089044e-16
4378.0	1.325796e-16
4379.0	2.158952e-16
4380.0	1.167953e-16
4381.0	1.369791e-16
4382.0	3.616891e-18
4383.0	-3.273771e-18
4384.0	3.224634e-17
4385.0	1.135607e-16
4386.0	5.310358e-17
4387.0	9.385151e-17
4388.0	1.811896e-16
4389.0	1.33565e-16
4390.0	6.857149e-17
4391.0	1.25853e-16
4392.0	1.813464e-16
4393.0	2.064769e-16
4394.0	2.051405e-16
4395.0	9.549071e-17
4396.0	1.760033e-17
4397.0	4.710735e-17
4398.0	9.937406e-17
4399.0	1.648494e-16
4400.0	1.175598e-16
4401.0	3.871203e-17
4402.0	8.758107e-17
4403.0	1.582476e-16
4404.0	2.046365e-16
4405.0	1.232143e-16
4406.0	5.815979e-17
4407.0	1.396181e-16
4408.0	1.087986e-16
4409.0	6.743939e-17
4410.0	1.065026e-16
4411.0	6.054407e-17
4412.0	9.569899e-17
4413.0	8.080643e-17
4414.0	1.152112e-16
4415.0	6.895131e-17
4416.0	8.643886e-17
4417.0	7.898153e-17
4418.0	1.307047e-16
4419.0	7.128567e-17
4420.0	7.513057e-17
4421.0	6.349187e-17
4422.0	1.343146e-16
4423.0	1.548061e-16
4424.0	1.304283e-16
4425.0	1.028287e-16
4426.0	8.508985e-17
4427.0	1.001627e-16
4428.0	1.065245e-16
4429.0	1.431115e-16
4430.0	1.407719e-16
4431.0	1.679846e-16
4432.0	1.40561e-16
4433.0	9.728733e-17
4434.0	1.30647e-16
4435.0	3.584899e-17
4436.0	5.682913e-17
4437.0	8.638843e-17
4438.0	8.318241e-17
4439.0	2.286516e-16
4440.0	1.53265e-16
4441.0	1.610627e-16
4442.0	8.827547e-17
4443.0	7.146121e-17
4444.0	8.708458e-17
4445.0	1.30241e-16
4446.0	8.47884e-17
4447.0	7.416385e-17
4448.0	6.808512e-17
4449.0	9.247041e-17
4450.0	1.764221e-16
4451.0	1.401014e-16
4452.0	1.302799e-16
4453.0	1.380842e-16
4454.0	9.98438e-17
4455.0	1.160314e-16
4456.0	1.566197e-16
4457.0	2.30721e-16
4458.0	1.493799e-16
4459.0	1.26785e-16
4460.0	1.184024e-16
4461.0	1.676918e-16
4462.0	1.524548e-16
4463.0	1.151388e-16
4464.0	1.25225e-16
4465.0	1.190664e-16
4466.0	1.534469e-16
4467.0	1.534649e-16
4468.0	1.288798e-16
4469.0	1.194331e-16
4470.0	1.979536e-16
4471.0	1.762252e-16
4472.0	1.291092e-16
4473.0	1.527144e-16
4474.0	1.70139e-16
4475.0	2.171092e-16
4476.0	2.826727e-16
4477.0	2.157372e-16
4478.0	1.41024e-16
4479.0	9.482622e-17
4480.0	1.657983e-16
4481.0	1.179713e-16
4482.0	7.519366e-17
4483.0	5.081832e-17
4484.0	9.352945e-17
4485.0	1.310241e-16
4486.0	1.091509e-16
4487.0	1.064556e-16
4488.0	8.972259e-17
4489.0	1.159226e-16
4490.0	1.817665e-16
4491.0	2.014281e-16
4492.0	1.525074e-16
4493.0	1.496095e-16
4494.0	1.484352e-16
4495.0	9.402242e-17
4496.0	9.452062e-17
4497.0	6.91367e-17
4498.0	7.831142e-17
4499.0	6.470107e-17
4500.0	9.995364e-17
4501.0	7.845802e-17
4502.0	1.98944e-16
4503.0	2.153512e-16
4504.0	1.657486e-16
4505.0	2.187529e-16
4506.0	2.488334e-16
4507.0	1.519824e-16
4508.0	1.420291e-16
4509.0	1.578885e-16
4510.0	8.407121e-17
4511.0	1.938688e-16
4512.0	2.597606e-16
4513.0	1.804355e-16
4514.0	1.05463e-16
4515.0	1.364235e-16
4516.0	1.521713e-16
4517.0	1.750481e-16
4518.0	1.427576e-16
4519.0	1.598169e-16
4520.0	9.099703e-17
4521.0	1.500378e-16
4522.0	1.555007e-16
4523.0	1.325525e-16
4524.0	2.164358e-16
4525.0	1.709647e-16
4526.0	1.074279e-16
4527.0	1.492346e-16
4528.0	1.110078e-16
4529.0	1.259898e-17
4530.0	4.379812e-17
4531.0	4.851687e-17
4532.0	4.816379e-17
4533.0	6.289419e-17
4534.0	1.276718e-16
4535.0	1.870668e-16
4536.0	1.793357e-16
4537.0	9.349061e-17
4538.0	7.705792e-17
4539.0	1.260358e-16
4540.0	9.633764e-17
4541.0	9.963721e-17
4542.0	9.755333e-17
4543.0	1.336654e-16
4544.0	1.200996e-16
4545.0	1.152758e-16
4546.0	3.900629e-17
4547.0	5.391889e-17
4548.0	1.015641e-16
4549.0	9.190969e-17
4550.0	1.089052e-16
4551.0	1.857748e-16
4552.0	8.883216e-17
4553.0	5.299593e-17
4554.0	1.034068e-16
4555.0	1.358363e-16
4556.0	1.670257e-16
4557.0	1.45289e-16
4558.0	1.292661e-16
4559.0	1.468429e-16
4560.0	1.40032e-16
4561.0	8.845241e-17
4562.0	4.533493e-17
4563.0	1.155963e-16
4564.0	1.439894e-16
4565.0	8.305931e-17
4566.0	6.753169e-17
4567.0	4.725296e-17
4568.0	7.152967e-18
4569.0	3.535683e-17
4570.0	6.249582e-17
4571.0	1.234341e-16
4572.0	5.560366e-17
4573.0	6.023229e-17
4574.0	9.900768e-17
4575.0	1.469091e-16
4576.0	1.170746e-16
4577.0	1.073098e-16
4578.0	9.584349e-17
4579.0	6.871869e-17
4580.0	3.34825e-17
4581.0	6.002602e-17
4582.0	9.200891e-17
4583.0	6.864866e-17
4584.0	6.843826e-17
4585.0	1.086694e-16
4586.0	6.008908e-17
4587.0	3.62002e-17
4588.0	2.456592e-17
4589.0	1.371339e-17
4590.0	1.053149e-17
4591.0	8.783098e-17
4592.0	7.207089e-17
4593.0	8.012234e-17
4594.0	9.226098e-17
4595.0	9.796198e-17
4596.0	1.254743e-16
4597.0	1.427372e-16
4598.0	6.51613e-17
4599.0	8.102058e-17
4600.0	7.756018e-17
4601.0	6.967421e-17
4602.0	1.165005e-16
4603.0	8.168986e-17
4604.0	4.580972e-17
4605.0	7.665758e-17
4606.0	7.368815e-17
4607.0	7.70067e-17
4608.0	4.715865e-17
4609.0	4.44445e-17
4610.0	7.623228e-17
4611.0	8.532658e-17
4612.0	3.189494e-17
4613.0	3.537144e-17
4614.0	1.079575e-16
4615.0	6.533065e-17
4616.0	3.167721e-17
4617.0	6.203004e-17
4618.0	6.568811e-17
4619.0	2.331523e-17
4620.0	3.742828e-17
4621.0	5.493262e-17
4622.0	8.47347e-17
4623.0	8.285612e-17
4624.0	5.947728e-17
4625.0	5.78595e-17
4626.0	8.719644e-17
4627.0	6.211205e-17
4628.0	4.747123e-17
4629.0	8.322772e-17
4630.0	3.495137e-17
4631.0	5.245521e-17
4632.0	2.877286e-17
4633.0	-1.684704e-18
4634.0	2.767819e-17
4635.0	8.401571e-17
4636.0	6.158129e-17
4637.0	5.324469e-17
4638.0	7.109404e-17
4639.0	4.460759e-17
4640.0	6.836729e-17
4641.0	9.264609e-17
4642.0	1.0778e-16
4643.0	8.716825e-17
4644.0	6.111577e-17
4645.0	4.807111e-17
4646.0	6.736861e-17
4647.0	7.49835e-17
4648.0	1.041545e-16
4649.0	6.729349e-17
4650.0	6.625348e-17
4651.0	4.581425e-17
4652.0	7.294568e-17
4653.0	8.750788e-17
4654.0	9.394782e-17
4655.0	6.411774e-17
4656.0	9.639151e-17
4657.0	9.297258e-17
4658.0	7.333482e-17
4659.0	2.547561e-17
4660.0	6.735724e-17
4661.0	1.170832e-16
4662.0	1.392905e-16
4663.0	1.434827e-16
4664.0	1.139723e-16
4665.0	1.358254e-16
4666.0	1.461225e-16
4667.0	1.271767e-16
4668.0	1.546845e-16
4669.0	1.156619e-16
4670.0	1.006825e-16
4671.0	1.133645e-16
4672.0	6.369872e-17
4673.0	1.075403e-16
4674.0	1.089093e-16
4675.0	8.099284e-17
4676.0	1.279153e-16
4677.0	9.007653e-17
4678.0	1.484393e-16
4679.0	1.254243e-16
4680.0	8.683767e-17
4681.0	9.917547e-17
4682.0	1.077981e-16
4683.0	1.228382e-16
4684.0	7.853836e-17
4685.0	1.401546e-16
4686.0	1.585851e-16
4687.0	1.446837e-16
4688.0	1.159257e-16
4689.0	9.06423e-17
4690.0	1.685477e-16
4691.0	1.300433e-16
4692.0	7.728417e-17
4693.0	7.270188e-17
4694.0	8.827841e-17
4695.0	1.296463e-16
4696.0	1.538452e-16
4697.0	2.186472e-16
4698.0	2.408001e-16
4699.0	1.964653e-16
4700.0	1.814777e-16
4701.0	1.705597e-16
4702.0	2.135117e-16
4703.0	1.744068e-16
4704.0	9.122737e-17
4705.0	1.421906e-16
4706.0	2.284788e-16
4707.0	2.519194e-16
4708.0	1.210197e-16
4709.0	9.966065e-17
4710.0	1.139642e-16
4711.0	1.44683e-16
4712.0	1.350264e-16
4713.0	2.349106e-16
4714.0	3.216398e-16
4715.0	2.859967e-16
4716.0	1.824585e-16
4717.0	1.497224e-16
4718.0	1.551023e-16
4719.0	2.43168e-16
4720.0	2.340901e-16
4721.0	1.797657e-16
4722.0	2.296984e-16
4723.0	1.848583e-16
4724.0	1.682432e-16
4725.0	1.785542e-16
4726.0	1.897739e-16
4727.0	2.320155e-16
4728.0	2.844125e-16
4729.0	1.791061e-16
4730.0	1.327825e-16
4731.0	2.142816e-16
4732.0	1.671607e-16
4733.0	2.191767e-16
4734.0	1.861527e-16
4735.0	1.966513e-16
4736.0	2.834061e-16
4737.0	3.484458e-16
4738.0	3.212499e-16
4739.0	3.647887e-16
4740.0	4.02908e-16
4741.0	2.627923e-16
4742.0	2.452894e-16
4743.0	2.243619e-16
4744.0	2.39056e-16
4745.0	3.125328e-16
4746.0	3.497036e-16
4747.0	2.955923e-16
4748.0	2.137271e-16
4749.0	3.22212e-16
4750.0	3.123415e-16
4751.0	2.888369e-16
4752.0	2.695218e-16
4753.0	2.732597e-16
4754.0	2.308256e-16
4755.0	2.337447e-16
4756.0	2.9331e-16
4757.0	2.791721e-16
4758.0	2.199642e-16
4759.0	2.086712e-16
4760.0	2.845881e-16
4761.0	2.233039e-16
4762.0	2.48236e-16
4763.0	2.666824e-16
4764.0	2.618742e-16
4765.0	1.580097e-16
4766.0	2.043462e-16
4767.0	2.131781e-16
4768.0	2.662436e-16
4769.0	2.031502e-16
4770.0	2.161285e-16
4771.0	2.223625e-16
4772.0	2.504738e-16
4773.0	3.345361e-16
4774.0	3.304963e-16
4775.0	1.917052e-16
4776.0	2.73821e-16
4777.0	3.264324e-16
4778.0	2.702958e-16
4779.0	2.411147e-16
4780.0	2.384536e-16
4781.0	1.779059e-16
4782.0	2.53046e-16
4783.0	2.824053e-16
4784.0	1.775638e-16
4785.0	7.719449e-17
4786.0	1.051073e-16
4787.0	2.326529e-16
4788.0	2.738198e-16
4789.0	2.448528e-16
4790.0	3.191142e-16
4791.0	3.172028e-16
4792.0	1.928844e-16
4793.0	1.745616e-16
4794.0	1.637635e-16
4795.0	1.890783e-16
4796.0	1.978995e-16
4797.0	2.036694e-16
4798.0	2.714778e-16
4799.0	2.848297e-16
4800.0	3.252894e-16
4801.0	2.270307e-16
4802.0	1.207922e-16
4803.0	2.273348e-16
4804.0	2.212629e-16
4805.0	3.004902e-16
4806.0	1.689973e-16
4807.0	1.541046e-16
4808.0	2.035654e-16
4809.0	2.640002e-16
4810.0	2.491447e-16
4811.0	2.073435e-16
4812.0	2.645971e-16
4813.0	1.87749e-16
4814.0	1.395208e-16
4815.0	1.016904e-16
4816.0	2.085716e-16
4817.0	2.70937e-16
4818.0	2.937024e-16
4819.0	3.102856e-16
4820.0	3.19649e-16
4821.0	3.776972e-16
4822.0	3.298277e-16
4823.0	3.371425e-16
4824.0	2.583911e-16
4825.0	2.384692e-16
4826.0	2.154891e-16
4827.0	3.053555e-16
4828.0	1.816303e-16
4829.0	2.372155e-16
4830.0	2.015485e-16
4831.0	1.691182e-16
4832.0	3.231237e-16
4833.0	2.949858e-16
4834.0	1.939948e-16
4835.0	1.43664e-16
4836.0	1.719013e-16
4837.0	1.936713e-16
4838.0	2.025462e-16
4839.0	1.983895e-16
4840.0	2.871236e-16
4841.0	3.208062e-16
4842.0	2.987059e-16
4843.0	2.141133e-16
4844.0	2.712706e-16
4845.0	2.212588e-16
4846.0	2.054233e-16
4847.0	1.14522e-16
4848.0	3.904687e-17
4849.0	1.015952e-16
4850.0	1.248271e-16
4851.0	1.904241e-16
4852.0	1.396829e-16
4853.0	7.700903e-17
4854.0	1.420971e-16
4855.0	2.021309e-16
4856.0	2.129269e-16
4857.0	1.396437e-16
4858.0	6.136682e-17
4859.0	1.471224e-16
4860.0	1.911232e-16
4861.0	2.174408e-16
4862.0	1.717005e-16
4863.0	1.298565e-16
4864.0	1.569943e-16
4865.0	2.234667e-16
4866.0	2.405553e-16
4867.0	1.752399e-16
4868.0	1.803455e-16
4869.0	2.029e-16
4870.0	1.464821e-16
4871.0	1.110599e-16
4872.0	1.367142e-16
4873.0	9.54692e-17
4874.0	1.714425e-16
4875.0	1.996183e-16
4876.0	1.630829e-16
4877.0	2.250199e-16
4878.0	1.253996e-16
4879.0	1.182073e-16
4880.0	1.403134e-16
4881.0	1.394459e-16
4882.0	1.098092e-16
4883.0	8.314735e-17
4884.0	1.215483e-16
4885.0	7.866126e-17
4886.0	1.306046e-16
4887.0	1.609635e-16
4888.0	8.777459e-17
4889.0	8.022007e-17
4890.0	1.226606e-16
4891.0	6.217495e-17
4892.0	5.150617e-17
4893.0	7.575461e-17
4894.0	9.81203e-17
4895.0	1.299305e-16
4896.0	8.820666e-17
4897.0	8.468289e-17
4898.0	9.896652e-17
4899.0	8.488608e-17
4900.0	2.836047e-17
4901.0	4.847781e-17
4902.0	9.258724e-17
4903.0	7.139489e-17
4904.0	8.743136e-17
4905.0	4.737425e-17
4906.0	9.077773e-17
4907.0	1.236973e-16
4908.0	5.620355e-17
4909.0	1.049488e-16
4910.0	5.0736e-17
4911.0	1.719733e-17
4912.0	3.774848e-17
4913.0	7.946127e-17
4914.0	7.136934e-17
4915.0	6.272063e-17
4916.0	4.948011e-17
4917.0	1.047479e-16
4918.0	8.081514e-17
4919.0	1.184577e-16
4920.0	1.182988e-16
4921.0	1.265751e-16
4922.0	7.387091e-17
4923.0	9.642057e-17
4924.0	1.263233e-16
4925.0	9.546491e-17
4926.0	1.148124e-16
4927.0	8.450553e-17
4928.0	1.061084e-16
4929.0	1.202313e-16
4930.0	1.26738e-16
4931.0	1.115073e-16
4932.0	1.191595e-16
4933.0	1.289577e-16
4934.0	8.267437e-17
4935.0	6.6053e-17
4936.0	1.383122e-16
4937.0	1.269538e-16
4938.0	1.538444e-16
4939.0	1.085397e-16
4940.0	1.194393e-16
4941.0	1.035444e-16
4942.0	1.253787e-16
4943.0	5.925557e-17
4944.0	8.130088e-17
4945.0	9.326986e-17
4946.0	8.451774e-17
4947.0	8.701098e-17
4948.0	8.988025e-17
4949.0	9.772055e-17
4950.0	1.245547e-16
4951.0	1.321267e-16
4952.0	8.880375e-17
4953.0	7.070126e-17
4954.0	1.616536e-16
4955.0	1.785506e-16
4956.0	8.59012e-17
4957.0	9.631077e-17
4958.0	1.463852e-16
4959.0	1.879445e-16
4960.0	1.251804e-16
4961.0	1.306508e-16
4962.0	9.590324e-17
4963.0	1.124823e-16
4964.0	1.058135e-16
4965.0	9.805919e-17
4966.0	9.701797e-17
4967.0	1.794533e-16
4968.0	1.322576e-16
4969.0	1.472248e-16
4970.0	1.407593e-16
4971.0	1.474259e-16
4972.0	9.048771e-17
4973.0	3.872394e-17
4974.0	6.223592e-17
4975.0	3.18761e-17
4976.0	1.038495e-16
4977.0	1.040299e-16
4978.0	5.690774e-17
4979.0	4.19769e-17
4980.0	6.592601e-17
4981.0	1.094162e-16
4982.0	1.575623e-16
4983.0	1.939053e-16
4984.0	1.829573e-16
4985.0	1.7002e-16
4986.0	4.59401e-17
4987.0	1.272832e-16
4988.0	1.247176e-16
4989.0	8.79697e-17
4990.0	1.896339e-16
4991.0	1.599296e-16
4992.0	1.687105e-16
4993.0	1.107803e-16
4994.0	1.20037e-16
4995.0	1.606494e-16
4996.0	1.814456e-16
4997.0	2.424286e-16
4998.0	1.242114e-16
4999.0	7.535295e-17
5000.0	9.968917e-17
5001.0	6.085963e-17
5002.0	8.24749e-17
5003.0	4.726332e-17
5004.0	1.247917e-16
5005.0	1.510062e-16
5006.0	1.388306e-16
5007.0	8.041461e-17
5008.0	9.152579e-17
5009.0	1.101365e-16
5010.0	7.708198e-17
5011.0	5.537476e-17
5012.0	4.180758e-17
5013.0	1.072201e-16
5014.0	1.784921e-16
5015.0	1.409742e-16
5016.0	1.569827e-16
5017.0	9.467824e-17
5018.0	1.349447e-16
5019.0	1.615869e-16
5020.0	1.20838e-16
5021.0	9.805607e-17
5022.0	1.777283e-16
5023.0	1.895244e-16
5024.0	1.147816e-16
5025.0	1.11019e-16
5026.0	1.16104e-16
5027.0	1.075728e-16
5028.0	1.109919e-16
5029.0	1.571802e-16
5030.0	1.809957e-16
5031.0	1.063902e-16
5032.0	9.870636e-17
5033.0	6.852288e-17
5034.0	4.337408e-17
5035.0	9.274943e-17
5036.0	1.0858e-16
5037.0	9.040791e-17
5038.0	8.621672e-17
5039.0	4.866881e-17
5040.0	8.170128e-17
5041.0	1.405183e-16
5042.0	1.179639e-16
5043.0	1.05912e-16
5044.0	1.323153e-16
5045.0	1.965914e-16
5046.0	1.703429e-16
5047.0	1.031912e-16
5048.0	8.826365e-17
5049.0	8.595653e-17
5050.0	1.028458e-16
5051.0	1.123987e-16
5052.0	9.622044e-17
5053.0	1.468954e-16
5054.0	2.073848e-16
5055.0	1.412121e-16
5056.0	1.369158e-16
5057.0	9.94612e-17
5058.0	8.309775e-17
5059.0	1.00621e-16
5060.0	1.19965e-16
5061.0	1.617566e-16
5062.0	1.924068e-16
5063.0	1.947232e-16
5064.0	2.043854e-16
5065.0	1.560728e-16
5066.0	5.978776e-17
5067.0	5.377408e-17
5068.0	1.177647e-16
5069.0	1.987569e-16
5070.0	2.412549e-16
5071.0	1.039463e-16
5072.0	1.198155e-16
5073.0	1.470005e-16
5074.0	1.765606e-16
5075.0	2.281695e-16
5076.0	1.691234e-16
5077.0	1.364237e-16
5078.0	8.197672e-17
5079.0	1.888939e-16
5080.0	2.595857e-16
5081.0	3.043349e-16
5082.0	2.497021e-16
5083.0	2.18938e-16
5084.0	2.494166e-16
5085.0	2.961684e-16
5086.0	2.160059e-16
5087.0	1.547681e-16
5088.0	2.532603e-16
5089.0	2.411647e-16
5090.0	1.512355e-16
5091.0	1.576116e-16
5092.0	1.869338e-16
5093.0	1.265426e-16
5094.0	1.781567e-16
5095.0	1.410045e-16
5096.0	1.513074e-16
5097.0	2.036378e-16
5098.0	1.926136e-16
5099.0	2.752412e-16
5100.0	3.140016e-16
5101.0	2.78933e-16
5102.0	2.690678e-16
5103.0	1.851821e-16
5104.0	1.090275e-16
5105.0	2.379016e-16
5106.0	2.368403e-16
5107.0	2.408929e-16
5108.0	1.899025e-16
5109.0	1.719415e-16
5110.0	1.425861e-16
5111.0	2.472275e-16
5112.0	2.972541e-16
5113.0	3.108736e-16
5114.0	3.645118e-16
5115.0	2.885608e-16
5116.0	3.384937e-16
5117.0	2.854506e-16
5118.0	1.120099e-16
5119.0	9.672394e-17
5120.0	1.192125e-16
5121.0	2.824232e-16
5122.0	2.212796e-16
5123.0	1.479343e-16
5124.0	1.912537e-16
5125.0	2.948259e-16
5126.0	2.931001e-16
5127.0	2.006691e-16
5128.0	2.059217e-16
5129.0	2.020146e-16
5130.0	3.438213e-16
5131.0	3.339298e-16
5132.0	2.519573e-16
5133.0	2.379688e-16
5134.0	1.970631e-16
5135.0	2.61108e-16
5136.0	2.851309e-16
5137.0	2.262922e-16
5138.0	1.682666e-16
5139.0	2.251414e-16
5140.0	3.536063e-16
5141.0	3.16431e-16
5142.0	1.763343e-16
5143.0	2.206084e-16
5144.0	1.717108e-16
5145.0	1.85079e-16
5146.0	1.977514e-16
5147.0	1.957955e-16
5148.0	2.280192e-16
5149.0	2.108981e-16
5150.0	2.466962e-16
5151.0	2.937719e-16
5152.0	2.631704e-16
5153.0	1.773725e-16
5154.0	2.214178e-16
5155.0	1.825768e-16
5156.0	2.243364e-16
5157.0	2.499485e-16
5158.0	2.266262e-16
5159.0	1.67306e-16
5160.0	2.057233e-16
5161.0	2.294325e-16
5162.0	1.35168e-16
5163.0	2.262272e-16
5164.0	2.270988e-16
5165.0	1.578242e-16
5166.0	1.752646e-16
5167.0	1.796955e-16
5168.0	1.821592e-16
5169.0	1.736074e-16
5170.0	2.01187e-16
5171.0	1.546108e-16
5172.0	1.615315e-16
5173.0	2.135679e-16
5174.0	1.873106e-16
5175.0	1.123542e-16
5176.0	1.068656e-16
5177.0	1.933788e-16
5178.0	2.502942e-16
5179.0	1.852711e-16
5180.0	1.474278e-16
5181.0	1.413519e-16
5182.0	1.857703e-16
5183.0	1.339192e-16
5184.0	1.301084e-16
5185.0	1.206229e-16
5186.0	1.294141e-16
5187.0	1.251516e-16
5188.0	6.359178e-17
5189.0	1.95055e-16
5190.0	1.645488e-16
5191.0	1.522546e-16
5192.0	2.042408e-16
5193.0	1.473049e-16
5194.0	1.438727e-16
5195.0	1.106002e-16
5196.0	1.153891e-16
5197.0	1.189664e-16
5198.0	1.490007e-16
5199.0	1.343964e-16
5200.0	1.1012e-16
5201.0	1.160443e-16
5202.0	1.141561e-16
5203.0	1.475506e-16
5204.0	1.18288e-16
5205.0	9.828033e-17
5206.0	1.205601e-16
5207.0	1.153628e-16
5208.0	1.166952e-16
5209.0	4.634493e-17
5210.0	5.146889e-17
5211.0	1.777406e-16
5212.0	1.836776e-16
5213.0	1.426626e-16
5214.0	1.113843e-16
5215.0	1.042755e-16
5216.0	1.326947e-16
5217.0	1.407333e-16
5218.0	1.479541e-16
5219.0	1.473523e-16
5220.0	1.220242e-16
5221.0	1.157116e-16
5222.0	9.986078e-17
5223.0	1.329544e-16
5224.0	1.362054e-16
5225.0	8.482393e-17
5226.0	8.456827e-17
5227.0	1.044872e-16
5228.0	1.318878e-16
5229.0	1.617075e-16
5230.0	1.51309e-16
5231.0	1.104192e-16
5232.0	1.102946e-16
5233.0	9.225042e-17
5234.0	7.804789e-17
5235.0	5.977966e-17
5236.0	1.237047e-16
5237.0	1.139343e-16
5238.0	1.730172e-16
5239.0	1.869363e-16
5240.0	1.047805e-16
5241.0	1.571619e-16
5242.0	1.19067e-16
5243.0	9.059395e-17
5244.0	8.464308e-17
5245.0	6.087551e-17
5246.0	6.437237e-17
5247.0	1.584026e-16
5248.0	1.831881e-16
5249.0	1.57459e-16
5250.0	1.168531e-16
5251.0	8.979677e-17
5252.0	1.444055e-16
5253.0	1.099987e-16
5254.0	5.23433e-17
5255.0	6.434459e-17
5256.0	6.781644e-17
5257.0	1.217387e-16
5258.0	1.185499e-16
5259.0	1.367408e-16
5260.0	1.860998e-16
5261.0	1.24271e-16
5262.0	9.750526e-17
5263.0	1.039639e-16
5264.0	1.559728e-16
5265.0	1.388093e-16
5266.0	1.018342e-16
5267.0	7.379077e-17
5268.0	1.036649e-16
5269.0	1.404032e-16
5270.0	1.175943e-16
5271.0	9.06973e-17
5272.0	5.659167e-17
5273.0	9.704454e-17
5274.0	1.050785e-16
5275.0	1.523967e-16
5276.0	1.186018e-16
5277.0	9.098854e-17
5278.0	9.986762e-17
5279.0	5.903805e-17
5280.0	8.031205e-17
5281.0	1.079715e-16
5282.0	1.469377e-16
5283.0	1.398219e-16
5284.0	8.725267e-17
5285.0	5.09755e-17
5286.0	1.014422e-16
5287.0	1.715197e-16
5288.0	1.992427e-16
5289.0	1.619246e-16
5290.0	5.058241e-17
5291.0	8.369004e-17
5292.0	1.333641e-16
5293.0	9.3593e-17
5294.0	1.213599e-16
5295.0	9.95523e-17
5296.0	6.77525e-17
5297.0	9.496305e-17
5298.0	1.127006e-16
5299.0	1.081793e-16
5300.0	5.222015e-17
5301.0	5.935129e-17
5302.0	5.840442e-17
5303.0	5.924908e-17
5304.0	8.859729e-17
5305.0	9.460195e-17
5306.0	6.928019e-17
5307.0	1.033695e-16
5308.0	1.591043e-16
5309.0	1.639017e-16
5310.0	1.228629e-16
5311.0	9.059139e-17
5312.0	9.910445e-17
5313.0	1.133053e-16
5314.0	1.492431e-16
5315.0	1.53257e-16
5316.0	1.052137e-16
5317.0	1.456873e-16
5318.0	1.62962e-16
5319.0	1.550652e-16
5320.0	1.23174e-16
5321.0	1.217079e-16
5322.0	8.553245e-17
5323.0	6.001762e-17
5324.0	4.476052e-17
5325.0	1.110762e-16
5326.0	1.038505e-16
5327.0	1.18902e-16
5328.0	1.105145e-16
5329.0	5.241752e-17
5330.0	7.221373e-17
5331.0	1.108406e-16
5332.0	1.004659e-16
5333.0	9.055839e-17
5334.0	7.646047e-17
5335.0	1.344583e-16
5336.0	1.750628e-16
5337.0	1.131202e-16
5338.0	7.584246e-17
5339.0	8.64863e-17
5340.0	1.219753e-16
5341.0	1.225456e-16
5342.0	1.035377e-16
5343.0	5.638633e-17
5344.0	7.535347e-17
5345.0	1.010711e-16
5346.0	1.230529e-16
5347.0	1.357131e-16
5348.0	1.311225e-16
5349.0	2.126077e-16
5350.0	1.372201e-16
5351.0	1.271638e-16
5352.0	1.268001e-16
5353.0	3.250656e-17
5354.0	3.357575e-17
5355.0	1.191078e-16
5356.0	1.179808e-16
5357.0	1.007533e-16
5358.0	7.989589e-17
5359.0	1.361277e-16
5360.0	1.332534e-16
5361.0	1.548797e-16
5362.0	1.212959e-16
5363.0	6.892137e-17
5364.0	1.172507e-16
5365.0	7.13656e-17
5366.0	7.957763e-17
5367.0	1.182341e-16
5368.0	1.202875e-16
5369.0	9.463342e-17
5370.0	4.458913e-17
5371.0	7.005201e-17
5372.0	1.216329e-16
5373.0	1.057061e-16
5374.0	5.962962e-17
5375.0	5.535119e-17
5376.0	8.378659e-17
5377.0	1.043188e-16
5378.0	1.207234e-16
5379.0	9.800551e-17
5380.0	8.006558e-17
5381.0	1.238816e-16
5382.0	1.089633e-16
5383.0	1.184366e-16
5384.0	1.646424e-16
5385.0	1.478496e-16
5386.0	1.432904e-16
5387.0	1.422939e-16
5388.0	1.54296e-16
5389.0	1.349161e-16
5390.0	1.706951e-16
5391.0	1.747278e-16
5392.0	1.949023e-16
5393.0	1.318567e-16
5394.0	1.114e-16
5395.0	1.43801e-16
5396.0	1.793254e-16
5397.0	1.955773e-16
5398.0	1.068073e-16
5399.0	1.297649e-16
5400.0	7.748968e-17
5401.0	1.002053e-16
5402.0	1.65493e-16
5403.0	1.439185e-16
5404.0	1.390664e-16
5405.0	1.691703e-16
5406.0	2.105423e-16
5407.0	1.895951e-16
5408.0	1.560496e-16
5409.0	1.772213e-16
5410.0	1.072162e-16
5411.0	1.195009e-16
5412.0	2.212414e-16
5413.0	1.351837e-16
5414.0	1.421559e-16
5415.0	1.496694e-16
5416.0	1.140934e-16
5417.0	1.104303e-16
5418.0	1.220231e-16
5419.0	1.322223e-16
5420.0	1.553312e-16
5421.0	9.443647e-17
5422.0	1.173175e-16
5423.0	1.167161e-16
5424.0	1.491188e-16
5425.0	2.380485e-16
5426.0	1.577703e-16
5427.0	1.683014e-16
5428.0	1.261929e-16
5429.0	1.822232e-16
5430.0	2.105815e-16
5431.0	1.144169e-16
5432.0	2.117181e-16
5433.0	1.795463e-16
5434.0	2.100968e-16
5435.0	2.221618e-16
5436.0	1.831546e-16
5437.0	9.907083e-17
5438.0	1.180331e-16
5439.0	1.213964e-16
5440.0	1.724975e-16
5441.0	1.453623e-16
5442.0	2.210681e-16
5443.0	1.93206e-16
5444.0	1.611436e-16
5445.0	1.986594e-16
5446.0	1.843021e-16
5447.0	1.861067e-16
5448.0	1.193396e-16
5449.0	1.835907e-16
5450.0	2.304403e-16
5451.0	2.247405e-16
5452.0	1.546832e-16
5453.0	1.895922e-16
5454.0	1.647065e-16
5455.0	2.378728e-16
5456.0	2.001407e-16
5457.0	1.067451e-16
5458.0	2.098084e-16
5459.0	2.22236e-16
5460.0	2.594866e-16
5461.0	2.643682e-16
5462.0	2.29043e-16
5463.0	2.696889e-16
5464.0	2.180141e-16
5465.0	1.085956e-16
5466.0	1.054196e-16
5467.0	2.026057e-16
5468.0	2.324752e-16
5469.0	2.785364e-16
5470.0	2.199309e-16
5471.0	1.367688e-16
5472.0	2.463999e-16
5473.0	3.269716e-16
5474.0	2.736558e-16
5475.0	1.420828e-16
5476.0	6.965562e-17
5477.0	5.592307e-17
5478.0	1.816633e-16
5479.0	2.305671e-16
5480.0	1.86001e-16
5481.0	9.689301e-17
5482.0	2.211959e-16
5483.0	2.499024e-16
5484.0	2.954031e-16
5485.0	2.417225e-16
5486.0	2.558339e-16
5487.0	3.251927e-16
5488.0	3.099322e-16
5489.0	2.263168e-16
5490.0	1.173477e-16
5491.0	1.612731e-16
5492.0	2.843277e-16
5493.0	2.537721e-16
5494.0	1.675958e-16
5495.0	1.468406e-16
5496.0	2.617495e-16
5497.0	2.612594e-16
5498.0	1.917819e-16
5499.0	3.007542e-16
5500.0	2.615514e-16
5501.0	2.720947e-16
5502.0	2.299656e-16
5503.0	1.846738e-16
5504.0	1.944193e-16
5505.0	1.471043e-16
5506.0	1.540094e-16
5507.0	1.163755e-16
5508.0	2.094602e-16
5509.0	1.648475e-16
5510.0	1.520543e-16
5511.0	1.85436e-16
5512.0	1.315539e-16
5513.0	1.615876e-16
5514.0	1.498236e-16
5515.0	1.634118e-16
5516.0	1.407958e-16
5517.0	2.414755e-16
5518.0	2.468243e-16
5519.0	2.791791e-16
5520.0	2.655833e-16
5521.0	1.200318e-16
5522.0	1.209756e-16
5523.0	2.391818e-16
5524.0	2.253586e-16
5525.0	1.428006e-16
5526.0	1.240751e-16
5527.0	1.796133e-16
5528.0	2.384956e-16
5529.0	2.630112e-16
5530.0	2.313322e-16
5531.0	1.745549e-16
5532.0	2.087497e-16
5533.0	2.546401e-16
5534.0	2.591405e-16
5535.0	2.952212e-16
5536.0	2.547959e-16
5537.0	2.444487e-16
5538.0	2.35184e-16
5539.0	2.625097e-16
5540.0	2.217436e-16
5541.0	1.315837e-16
5542.0	1.394137e-16
5543.0	1.657704e-16
5544.0	1.263209e-16
5545.0	1.510577e-16
5546.0	2.689014e-16
5547.0	2.886659e-16
5548.0	2.109596e-16
5549.0	1.807714e-16
5550.0	2.225636e-16
5551.0	2.417314e-16
5552.0	2.027248e-16
5553.0	2.663387e-16
5554.0	2.213182e-16
5555.0	1.698916e-16
5556.0	2.059035e-16
5557.0	2.457607e-16
5558.0	1.54391e-16
5559.0	1.987802e-16
5560.0	2.256824e-16
5561.0	1.534797e-16
5562.0	1.557575e-16
5563.0	1.360324e-16
5564.0	1.340844e-16
5565.0	1.55392e-16
5566.0	2.093233e-16
5567.0	2.214589e-16
5568.0	1.359074e-16
5569.0	1.794682e-16
5570.0	3.248581e-16
5571.0	3.320846e-16
5572.0	2.655954e-16
5573.0	1.687275e-16
5574.0	9.431894e-17
5575.0	1.572048e-16
5576.0	-7.371555e-16
5577.0	-1.080431e-15
5578.0	-5.577951e-16
5579.0	-9.144599e-17
5580.0	2.935646e-16
5581.0	2.640276e-16
5582.0	1.399764e-16
5583.0	2.290591e-16
5584.0	2.555208e-16
5585.0	2.252361e-16
5586.0	2.479323e-16
5587.0	2.22519e-16
5588.0	2.419982e-16
5589.0	2.259783e-16
5590.0	2.890641e-16
5591.0	2.676489e-16
5592.0	1.744293e-16
5593.0	1.697649e-16
5594.0	2.757292e-16
5595.0	2.050511e-16
5596.0	2.017222e-16
5597.0	1.868811e-16
5598.0	1.56624e-16
5599.0	2.307109e-16
5600.0	3.560063e-16
5601.0	3.213943e-16
5602.0	3.045542e-16
5603.0	3.459932e-16
5604.0	2.5725e-16
5605.0	2.204467e-16
5606.0	1.997825e-16
5607.0	2.068073e-16
5608.0	9.574959e-17
5609.0	1.161043e-16
5610.0	2.653339e-16
5611.0	2.948283e-16
5612.0	2.076266e-16
5613.0	1.763835e-16
5614.0	3.560051e-16
5615.0	2.593759e-16
5616.0	2.345308e-16
5617.0	2.701951e-16
5618.0	1.876881e-16
5619.0	3.171864e-16
5620.0	3.146699e-16
5621.0	3.342591e-16
5622.0	2.661741e-16
5623.0	2.322256e-16
5624.0	2.914358e-16
5625.0	2.399325e-16
5626.0	2.107827e-16
5627.0	1.650611e-16
5628.0	2.542249e-16
5629.0	3.762522e-16
5630.0	3.751024e-16
5631.0	3.257153e-16
5632.0	4.460884e-16
5633.0	3.555937e-16
5634.0	3.382291e-16
5635.0	3.397425e-16
5636.0	1.778672e-16
5637.0	2.849025e-16
5638.0	3.459107e-16
5639.0	2.032209e-16
5640.0	1.90025e-16
5641.0	1.891409e-16
5642.0	2.186252e-16
5643.0	1.970826e-16
5644.0	2.322028e-16
5645.0	2.513815e-16
5646.0	1.661764e-16
5647.0	2.625038e-16
5648.0	2.174045e-16
5649.0	2.648068e-16
5650.0	3.320941e-16
5651.0	3.067111e-16
5652.0	3.175117e-16
5653.0	3.331485e-16
5654.0	3.283278e-16
5655.0	1.847044e-16
5656.0	1.812234e-16
5657.0	3.4218e-16
5658.0	3.689545e-16
5659.0	2.395602e-16
5660.0	1.749844e-16
5661.0	2.1357e-16
5662.0	2.387537e-16
5663.0	1.674685e-16
5664.0	1.849769e-16
5665.0	3.407807e-16
5666.0	3.148885e-16
5667.0	2.77273e-16
5668.0	2.6685e-16
5669.0	1.520521e-16
5670.0	2.484161e-16
5671.0	2.87323e-16
5672.0	2.160703e-16
5673.0	1.902149e-16
5674.0	1.94402e-16
5675.0	2.693967e-16
5676.0	2.643658e-16
5677.0	2.92199e-16
5678.0	2.13804e-16
5679.0	1.176165e-16
5680.0	1.884705e-16
5681.0	2.706263e-16
5682.0	2.173417e-16
5683.0	3.348632e-16
5684.0	3.197144e-16
5685.0	3.289025e-16
5686.0	2.457846e-16
5687.0	1.884504e-16
5688.0	1.813805e-16
5689.0	2.93371e-16
5690.0	3.611376e-16
5691.0	2.728137e-16
5692.0	2.39852e-16
5693.0	1.543394e-16
5694.0	2.442805e-16
5695.0	3.67647e-16
5696.0	2.423052e-16
5697.0	1.804202e-16
5698.0	1.792956e-16
5699.0	1.612052e-16
5700.0	1.344756e-16
5701.0	6.560886e-17
5702.0	9.357076e-17
5703.0	1.385741e-16
5704.0	2.145473e-16
5705.0	1.815157e-16
5706.0	2.098335e-16
5707.0	1.443696e-16
5708.0	1.26893e-16
5709.0	6.932879e-17
5710.0	1.101471e-16
5711.0	2.299019e-16
5712.0	1.834288e-16
5713.0	2.624421e-16
5714.0	1.960998e-16
5715.0	3.10824e-16
5716.0	3.780914e-16
5717.0	2.598576e-16
5718.0	2.265495e-16
5719.0	2.158876e-16
5720.0	3.826333e-16
5721.0	3.134273e-16
5722.0	2.388364e-16
5723.0	3.414581e-16
5724.0	2.832819e-16
5725.0	3.0391e-16
5726.0	2.334353e-16
5727.0	2.213808e-16
5728.0	2.912284e-16
5729.0	2.526424e-16
5730.0	2.756431e-16
5731.0	2.802565e-16
5732.0	2.395288e-16
5733.0	3.128723e-16
5734.0	2.378097e-16
5735.0	1.826749e-16
5736.0	3.255223e-16
5737.0	2.998628e-16
5738.0	2.755747e-16
5739.0	1.991712e-16
5740.0	9.187115e-17
5741.0	2.028985e-16
5742.0	1.831122e-16
5743.0	3.003768e-16
5744.0	2.267855e-16
5745.0	1.333843e-16
5746.0	1.76481e-16
5747.0	1.759594e-16
5748.0	2.014023e-16
5749.0	2.722063e-16
5750.0	2.474037e-16
5751.0	2.499203e-16
5752.0	2.782298e-16
5753.0	2.680448e-16
5754.0	3.112153e-16
5755.0	2.312168e-16
5756.0	2.3031e-16
5757.0	2.40121e-16
5758.0	2.497853e-16
5759.0	2.519622e-16
5760.0	3.548476e-16
5761.0	2.95707e-16
5762.0	2.374732e-16
5763.0	2.539485e-16
5764.0	3.101349e-16
5765.0	1.620873e-16
5766.0	1.038016e-16
5767.0	1.172053e-16
5768.0	1.792037e-16
5769.0	2.1752e-16
5770.0	3.090682e-16
5771.0	3.309354e-16
5772.0	4.012053e-16
5773.0	2.634976e-16
5774.0	1.958228e-16
5775.0	2.896145e-16
5776.0	3.019632e-16
5777.0	3.063807e-16
5778.0	3.491942e-16
5779.0	3.707142e-16
5780.0	2.796708e-16
5781.0	1.754312e-16
5782.0	1.566767e-16
5783.0	2.019358e-16
5784.0	2.828615e-16
5785.0	3.033022e-16
5786.0	3.206341e-16
5787.0	2.022384e-16
5788.0	2.509022e-16
5789.0	2.658996e-16
5790.0	1.698504e-16
5791.0	1.257366e-16
5792.0	3.70012e-17
5793.0	1.150737e-16
5794.0	1.850168e-16
5795.0	2.313897e-16
5796.0	2.00648e-16
5797.0	2.670588e-16
5798.0	2.384816e-16
5799.0	1.958717e-16
5800.0	2.183974e-16
5801.0	1.473959e-16
5802.0	1.210223e-16
5803.0	1.301306e-16
5804.0	1.296493e-16
5805.0	1.644876e-16
5806.0	1.425151e-16
5807.0	1.045564e-16
5808.0	1.36765e-16
5809.0	2.922228e-16
5810.0	2.153821e-16
5811.0	1.627615e-16
5812.0	1.780504e-16
5813.0	1.355726e-16
5814.0	8.392577e-17
5815.0	7.747249e-17
5816.0	1.397015e-16
5817.0	2.663243e-16
5818.0	2.389831e-16
5819.0	2.127632e-16
5820.0	1.873089e-16
5821.0	1.089029e-16
5822.0	2.475907e-16
5823.0	2.885057e-16
5824.0	2.608927e-16
5825.0	1.970852e-16
5826.0	1.73634e-16
5827.0	2.535623e-16
5828.0	2.760673e-16
5829.0	2.300164e-16
5830.0	1.689238e-16
5831.0	1.968655e-16
5832.0	1.945733e-16
5833.0	2.558441e-16
5834.0	2.232871e-16
5835.0	2.640952e-16
5836.0	1.841975e-16
5837.0	1.630592e-16
5838.0	2.651717e-16
5839.0	2.000331e-16
5840.0	1.948867e-16
5841.0	1.954225e-16
5842.0	1.645487e-16
5843.0	2.38673e-16
5844.0	2.020332e-16
5845.0	1.522623e-16
5846.0	1.329575e-16
5847.0	1.899047e-16
5848.0	1.852451e-16
5849.0	2.729393e-16
5850.0	2.281499e-16
5851.0	1.936382e-16
5852.0	1.648651e-16
5853.0	1.666148e-16
5854.0	2.247632e-16
5855.0	1.393589e-16
5856.0	2.149472e-16
5857.0	2.298817e-16
5858.0	1.969555e-16
5859.0	1.141638e-16
5860.0	1.362983e-16
5861.0	2.456658e-16
5862.0	1.40159e-16
5863.0	7.9998e-17
5864.0	6.774686e-17
5865.0	1.991916e-16
5866.0	3.219481e-16
5867.0	1.951767e-16
5868.0	1.167886e-16
5869.0	1.835356e-16
5870.0	2.529491e-16
5871.0	2.446221e-16
5872.0	2.01122e-16
5873.0	2.435653e-16
5874.0	2.589589e-16
5875.0	1.526912e-16
5876.0	9.558318e-17
5877.0	1.447797e-16
5878.0	2.0335e-16
5879.0	1.540756e-16
5880.0	1.152909e-16
5881.0	1.727987e-16
5882.0	1.980119e-16
5883.0	1.462292e-16
5884.0	1.173111e-16
5885.0	1.078944e-16
5886.0	1.063164e-16
5887.0	7.022277e-17
5888.0	2.431384e-16
5889.0	5.133312e-16
5890.0	6.737798e-16
5891.0	5.582884e-16
5892.0	2.494238e-16
5893.0	1.148625e-16
5894.0	1.289266e-16
5895.0	-3.001369e-17
5896.0	1.886843e-16
5897.0	3.592561e-16
5898.0	2.329231e-16
5899.0	1.070589e-16
5900.0	1.49922e-16
5901.0	1.943641e-16
5902.0	1.913698e-16
5903.0	8.882252e-17
5904.0	1.394598e-16
5905.0	1.387836e-16
5906.0	1.808569e-16
5907.0	1.400362e-16
5908.0	1.648571e-16
5909.0	1.600312e-16
5910.0	1.069805e-16
5911.0	7.488557e-17
5912.0	1.700781e-16
5913.0	1.773468e-16
5914.0	2.43131e-16
5915.0	1.314539e-16
5916.0	1.05542e-16
5917.0	1.465012e-16
5918.0	1.671729e-16
5919.0	1.346524e-16
5920.0	1.465938e-16
5921.0	9.72161e-17
5922.0	1.837088e-16
5923.0	9.149861e-17
5924.0	6.290523e-17
5925.0	1.888587e-16
5926.0	1.56634e-16
5927.0	1.324706e-16
5928.0	1.333498e-16
5929.0	1.158957e-16
5930.0	2.01959e-16
5931.0	2.102338e-16
5932.0	1.714955e-16
5933.0	7.512371e-17
5934.0	3.966429e-17
5935.0	1.05504e-16
5936.0	1.08303e-16
5937.0	1.487154e-16
5938.0	1.927896e-16
5939.0	1.109227e-16
5940.0	1.609628e-16
5941.0	1.624697e-16
5942.0	1.294316e-16
5943.0	1.143573e-16
5944.0	7.910702e-17
5945.0	1.367451e-16
5946.0	1.274983e-16
5947.0	1.723102e-16
5948.0	2.057027e-16
5949.0	1.860352e-16
5950.0	7.133887e-17
5951.0	9.538956e-17
5952.0	5.800736e-17
5953.0	7.099024e-17
5954.0	1.026427e-16
5955.0	1.351227e-16
5956.0	1.383271e-16
5957.0	1.55497e-16
5958.0	1.660451e-16
5959.0	1.890753e-16
5960.0	1.293805e-16
5961.0	8.291831e-17
5962.0	1.716921e-16
5963.0	2.077996e-16
5964.0	1.397195e-16
5965.0	6.638579e-17
5966.0	1.362854e-16
5967.0	1.106228e-16
5968.0	1.056038e-16
5969.0	1.103226e-16
5970.0	6.210929e-17
5971.0	1.610956e-16
5972.0	2.024938e-16
5973.0	1.197531e-16
5974.0	1.585244e-16
5975.0	1.14899e-16
5976.0	2.520214e-16
5977.0	2.17884e-16
5978.0	2.466757e-16
5979.0	1.948085e-16
5980.0	1.258039e-16
5981.0	5.63374e-17
5982.0	1.726026e-16
5983.0	1.413047e-16
5984.0	1.583683e-16
5985.0	8.489619e-17
5986.0	1.186115e-16
5987.0	1.424647e-16
5988.0	1.879288e-16
5989.0	2.594046e-16
5990.0	1.84764e-16
5991.0	1.678504e-16
5992.0	2.106866e-16
5993.0	2.07404e-16
5994.0	1.50515e-16
5995.0	1.148757e-16
5996.0	2.299145e-16
5997.0	2.092001e-16
5998.0	2.085166e-16
5999.0	1.121867e-16
6000.0	9.573231e-17
6001.0	1.268476e-16
6002.0	2.154269e-16
6003.0	1.888731e-16
6004.0	1.721268e-16
6005.0	2.438765e-16
6006.0	2.462309e-16
6007.0	2.086885e-16
6008.0	2.307049e-16
6009.0	2.178608e-16
6010.0	2.175255e-16
6011.0	2.539453e-16
6012.0	2.407683e-16
6013.0	2.341023e-16
6014.0	1.647778e-16
6015.0	2.09039e-16
6016.0	2.93953e-16
6017.0	2.79423e-16
6018.0	2.186607e-16
6019.0	1.281575e-16
6020.0	1.197333e-16
6021.0	3.060909e-16
6022.0	1.532983e-16
6023.0	2.061403e-16
6024.0	1.621633e-16
6025.0	1.093827e-16
6026.0	2.363289e-16
6027.0	2.840868e-16
6028.0	1.95689e-16
6029.0	1.978655e-16
6030.0	1.787801e-16
6031.0	1.52679e-16
6032.0	2.128326e-16
6033.0	1.889729e-16
6034.0	2.425483e-16
6035.0	9.639972e-17
6036.0	2.06713e-16
6037.0	3.085358e-16
6038.0	2.750262e-16
6039.0	1.251516e-16
6040.0	1.121791e-16
6041.0	1.598549e-16
6042.0	1.575437e-16
6043.0	1.805445e-16
6044.0	2.518192e-16
6045.0	2.203983e-16
6046.0	2.191e-16
6047.0	2.804742e-16
6048.0	2.684213e-16
6049.0	2.66627e-16
6050.0	2.441826e-16
6051.0	2.037094e-16
6052.0	1.986404e-16
6053.0	2.131918e-16
6054.0	2.449434e-16
6055.0	1.458027e-16
6056.0	1.9084e-16
6057.0	3.017824e-16
6058.0	2.95011e-16
6059.0	2.123112e-16
6060.0	2.371706e-16
6061.0	2.16483e-16
6062.0	2.464077e-16
6063.0	1.905596e-16
6064.0	2.162227e-16
6065.0	2.182729e-16
6066.0	2.103002e-16
6067.0	2.390833e-16
6068.0	2.389585e-16
6069.0	2.827371e-16
6070.0	1.653952e-16
6071.0	2.539324e-16
6072.0	3.125056e-16
6073.0	2.41141e-16
6074.0	1.942314e-16
6075.0	2.115741e-16
6076.0	2.393593e-16
6077.0	2.281862e-16
6078.0	2.468175e-16
6079.0	3.279268e-16
6080.0	2.137459e-16
6081.0	2.653028e-16
6082.0	3.081425e-16
6083.0	2.434781e-16
6084.0	2.449161e-16
6085.0	2.408883e-16
6086.0	2.648839e-16
6087.0	2.146692e-16
6088.0	1.950037e-16
6089.0	1.723798e-16
6090.0	2.264133e-16
6091.0	3.480227e-16
6092.0	3.454386e-16
6093.0	1.818271e-16
6094.0	1.486996e-16
6095.0	2.376535e-16
6096.0	3.568836e-16
6097.0	3.191257e-16
6098.0	1.656212e-16
6099.0	3.026438e-16
6100.0	3.938812e-16
6101.0	3.101081e-16
6102.0	2.654297e-16
6103.0	2.651398e-16
6104.0	2.543518e-16
6105.0	2.317154e-16
6106.0	3.049432e-16
6107.0	3.237266e-16
6108.0	2.389345e-16
6109.0	9.094144e-17
6110.0	8.013298e-17
6111.0	1.435519e-16
6112.0	1.761947e-16
6113.0	3.2173e-16
6114.0	2.513422e-16
6115.0	2.643265e-16
6116.0	2.418867e-16
6117.0	2.995078e-16
6118.0	2.112667e-16
6119.0	1.243696e-16
6120.0	1.063246e-16
6121.0	2.407716e-16
6122.0	3.120364e-16
6123.0	2.054382e-16
6124.0	2.021521e-16
6125.0	1.44962e-16
6126.0	1.386979e-16
6127.0	1.755216e-16
6128.0	1.35962e-16
6129.0	1.008778e-16
6130.0	1.721514e-16
6131.0	2.530137e-16
6132.0	2.660638e-16
6133.0	2.117424e-16
6134.0	1.534754e-16
6135.0	2.29977e-16
6136.0	2.226234e-16
6137.0	2.756113e-16
6138.0	2.901634e-16
6139.0	2.229586e-16
6140.0	2.367162e-16
6141.0	1.889105e-16
6142.0	1.426412e-16
6143.0	1.248672e-16
6144.0	2.37643e-16
6145.0	2.910929e-16
6146.0	2.658098e-16
6147.0	2.435589e-16
6148.0	2.658887e-16
6149.0	2.366277e-16
6150.0	2.07046e-16
6151.0	2.233386e-16
6152.0	1.805198e-16
6153.0	1.8125e-16
6154.0	2.143023e-16
6155.0	1.587348e-16
6156.0	1.374223e-16
6157.0	1.490173e-16
6158.0	1.309517e-16
6159.0	1.849969e-16
6160.0	1.374859e-16
6161.0	1.942471e-16
6162.0	2.170661e-16
6163.0	1.813829e-16
6164.0	1.137637e-16
6165.0	1.238304e-16
6166.0	2.385809e-16
6167.0	2.56467e-16
6168.0	1.730231e-16
6169.0	9.840476e-17
6170.0	1.100115e-16
6171.0	2.147871e-16
6172.0	1.953336e-16
6173.0	1.728405e-16
6174.0	1.041925e-16
6175.0	8.506146e-17
6176.0	1.653001e-16
6177.0	1.818801e-16
6178.0	1.72731e-16
6179.0	2.450399e-16
6180.0	2.077099e-16
6181.0	1.553427e-16
6182.0	1.720595e-16
6183.0	2.242919e-16
6184.0	2.029794e-16
6185.0	2.231742e-16
6186.0	1.405377e-16
6187.0	2.026267e-16
6188.0	1.637383e-16
6189.0	1.525043e-16
6190.0	1.377306e-16
6191.0	1.321482e-16
6192.0	9.203143e-17
6193.0	1.405939e-16
6194.0	1.513376e-16
6195.0	1.052966e-16
6196.0	1.297351e-16
6197.0	1.566561e-16
6198.0	1.764549e-16
6199.0	1.375029e-16
6200.0	1.173153e-16
6201.0	1.795864e-16
6202.0	2.153601e-16
6203.0	2.307108e-16
6204.0	2.062415e-16
6205.0	2.204477e-16
6206.0	1.531392e-16
6207.0	1.682888e-16
6208.0	1.384682e-16
6209.0	1.246899e-16
6210.0	1.219848e-16
6211.0	1.231577e-16
6212.0	1.359767e-16
6213.0	8.718708e-17
6214.0	8.273568e-17
6215.0	1.977993e-16
6216.0	2.160478e-16
6217.0	8.684569e-17
6218.0	6.03998e-17
6219.0	8.987857e-17
6220.0	9.170673e-17
6221.0	7.584021e-17
6222.0	6.132926e-17
6223.0	9.283607e-17
6224.0	1.332404e-16
6225.0	1.007919e-16
6226.0	1.236989e-16
6227.0	8.261155e-17
6228.0	1.614241e-16
6229.0	1.454418e-16
6230.0	1.264139e-16
6231.0	1.403819e-16
6232.0	7.999425e-17
6233.0	1.707399e-16
6234.0	2.12554e-16
6235.0	2.164482e-16
6236.0	2.100619e-16
6237.0	2.100959e-16
6238.0	1.538141e-16
6239.0	1.735464e-16
6240.0	1.729331e-16
6241.0	7.779534e-17
6242.0	1.502701e-16
6243.0	1.248856e-16
6244.0	1.158014e-16
6245.0	1.564475e-16
6246.0	1.743482e-16
6247.0	8.196725e-17
6248.0	1.428797e-16
6249.0	1.814293e-16
6250.0	1.413119e-16
6251.0	1.935286e-16
6252.0	1.927021e-16
6253.0	1.893094e-16
6254.0	2.157099e-16
6255.0	1.687665e-16
6256.0	1.285732e-16
6257.0	3.488961e-17
6258.0	3.422543e-17
6259.0	1.522375e-16
6260.0	2.20481e-16
6261.0	1.816655e-16
6262.0	8.413059e-17
6263.0	8.691477e-17
6264.0	1.356235e-16
6265.0	1.854255e-16
6266.0	2.08456e-16
6267.0	1.451702e-16
6268.0	1.098848e-16
6269.0	1.457664e-16
6270.0	1.525117e-16
6271.0	1.290707e-16
6272.0	1.692285e-16
6273.0	1.250123e-16
6274.0	1.17252e-16
6275.0	1.136435e-16
6276.0	1.741888e-16
6277.0	2.126894e-16
6278.0	1.331961e-16
6279.0	1.281763e-16
6280.0	1.216085e-16
6281.0	9.585205e-17
6282.0	9.756108e-17
6283.0	5.952725e-17
6284.0	1.050634e-16
6285.0	1.270034e-16
6286.0	1.21896e-16
6287.0	9.040248e-17
6288.0	7.958797e-17
6289.0	4.64727e-17
6290.0	7.093509e-17
6291.0	1.57725e-16
6292.0	1.724167e-16
6293.0	2.045697e-16
6294.0	1.314021e-16
6295.0	1.920094e-16
6296.0	1.96275e-16
6297.0	9.713328e-17
6298.0	6.175488e-17
6299.0	1.218089e-16
6300.0	2.405675e-16
6301.0	2.267882e-16
6302.0	2.081424e-16
6303.0	2.007642e-16
6304.0	1.25232e-16
6305.0	1.143682e-16
6306.0	1.221808e-16
6307.0	1.286426e-16
6308.0	7.893415e-17
6309.0	1.258844e-16
6310.0	8.655327e-17
6311.0	1.189021e-16
6312.0	1.762909e-16
6313.0	1.913914e-16
6314.0	1.188277e-16
6315.0	1.388756e-16
6316.0	1.144366e-16
6317.0	1.451042e-16
6318.0	1.812994e-16
6319.0	1.776385e-16
6320.0	1.395659e-16
6321.0	7.36134e-17
6322.0	1.998348e-16
6323.0	2.162605e-16
6324.0	1.308683e-16
6325.0	1.325992e-16
6326.0	1.471709e-16
6327.0	1.601694e-16
6328.0	1.678611e-16
6329.0	2.394423e-16
6330.0	2.299229e-16
6331.0	1.520986e-16
6332.0	1.268281e-16
6333.0	1.28902e-16
6334.0	1.639383e-16
6335.0	1.258867e-16
6336.0	1.031448e-16
6337.0	1.086454e-16
6338.0	1.286762e-16
6339.0	1.62439e-16
6340.0	1.689938e-16
6341.0	1.422465e-16
6342.0	1.505455e-16
6343.0	1.435866e-16
6344.0	1.326896e-16
6345.0	1.174706e-16
6346.0	1.036183e-16
6347.0	1.188948e-16
6348.0	9.874536e-17
6349.0	1.632711e-16
6350.0	1.370072e-16
6351.0	1.115868e-16
6352.0	1.471014e-16
6353.0	1.390058e-16
6354.0	1.141159e-16
6355.0	1.237486e-16
6356.0	1.003577e-16
6357.0	1.216867e-16
6358.0	2.403244e-16
6359.0	2.018313e-16
6360.0	1.230162e-16
6361.0	1.485296e-16
6362.0	1.286753e-16
6363.0	1.186333e-16
6364.0	1.251192e-16
6365.0	1.341971e-16
6366.0	1.206559e-16
6367.0	1.133936e-16
6368.0	1.664038e-16
6369.0	1.24537e-16
6370.0	9.672424e-17
6371.0	1.344266e-16
6372.0	8.432615e-17
6373.0	1.605199e-16
6374.0	1.689366e-16
6375.0	1.036527e-16
6376.0	1.605289e-16
6377.0	1.596688e-16
6378.0	1.131796e-16
6379.0	1.192041e-16
6380.0	1.519232e-16
6381.0	1.710226e-16
6382.0	9.52866e-17
6383.0	1.100478e-16
6384.0	1.329286e-16
6385.0	9.903917e-17
6386.0	8.873747e-17
6387.0	1.454043e-16
6388.0	1.228692e-16
6389.0	1.369622e-16
6390.0	1.359931e-16
6391.0	1.060155e-16
6392.0	1.264828e-16
6393.0	1.089009e-16
6394.0	7.20221e-17
6395.0	9.165303e-17
6396.0	9.782637e-17
6397.0	6.025553e-17
6398.0	1.568257e-16
6399.0	1.598941e-16
6400.0	1.330427e-16
6401.0	1.251997e-16
6402.0	1.408239e-16
6403.0	9.415801e-17
6404.0	8.434333e-17
6405.0	1.617249e-16
6406.0	1.44181e-16
6407.0	1.36357e-16
6408.0	1.350229e-16
6409.0	5.241974e-17
6410.0	1.301646e-16
6411.0	9.783755e-17
6412.0	1.125269e-16
6413.0	1.189368e-16
6414.0	1.145812e-16
6415.0	1.538487e-16
6416.0	1.161918e-16
6417.0	1.627387e-16
6418.0	1.507664e-16
6419.0	1.09172e-16
6420.0	9.310722e-17
6421.0	7.549464e-17
6422.0	8.590555e-17
6423.0	1.600125e-16
6424.0	1.126307e-16
6425.0	1.137618e-16
6426.0	1.03675e-16
6427.0	1.061707e-16
6428.0	1.134683e-16
6429.0	6.488148e-17
6430.0	6.096161e-17
6431.0	9.8787e-17
6432.0	6.995025e-17
6433.0	1.372286e-16
6434.0	1.205346e-16
6435.0	1.203578e-16
6436.0	1.153199e-16
6437.0	1.071232e-16
6438.0	1.237207e-16
6439.0	1.526955e-16
6440.0	1.584827e-16
6441.0	1.499009e-16
6442.0	9.521016e-17
6443.0	1.061589e-16
6444.0	1.38165e-16
6445.0	1.964847e-16
6446.0	1.452033e-16
6447.0	1.320731e-16
6448.0	1.48918e-16
6449.0	2.262118e-16
6450.0	1.729073e-16
6451.0	1.795901e-16
6452.0	1.870461e-16
6453.0	1.112167e-16
6454.0	1.634164e-16
6455.0	2.016764e-16
6456.0	1.291674e-16
6457.0	1.247647e-16
6458.0	1.337282e-16
6459.0	1.045607e-16
6460.0	1.224071e-16
6461.0	1.414972e-16
6462.0	1.62422e-16
6463.0	1.017588e-16
6464.0	1.825397e-16
6465.0	1.483928e-16
6466.0	9.623153e-17
6467.0	1.570425e-16
6468.0	7.768596e-17
6469.0	8.402463e-17
6470.0	1.181249e-16
6471.0	1.531586e-16
6472.0	1.743359e-16
6473.0	1.183581e-16
6474.0	7.283081e-17
6475.0	1.352299e-16
6476.0	1.242133e-16
6477.0	2.033361e-16
6478.0	1.247675e-16
6479.0	1.619449e-16
6480.0	1.729461e-16
6481.0	1.160887e-16
6482.0	1.810509e-16
6483.0	1.479464e-16
6484.0	7.81953e-17
6485.0	8.885895e-17
6486.0	1.273014e-16
6487.0	1.517951e-16
6488.0	1.449317e-16
6489.0	1.139066e-16
6490.0	1.517864e-16
6491.0	1.719283e-16
6492.0	1.480854e-16
6493.0	1.525235e-16
6494.0	7.300309e-17
6495.0	1.098536e-16
6496.0	1.389522e-16
6497.0	1.513765e-16
6498.0	1.364296e-16
6499.0	1.83792e-16
6500.0	1.520096e-16
6501.0	1.576096e-16
6502.0	1.539952e-16
6503.0	1.407918e-16
6504.0	1.403341e-16
6505.0	1.984797e-16
6506.0	1.144989e-16
6507.0	1.134575e-16
6508.0	1.767526e-16
6509.0	1.247756e-16
6510.0	1.559078e-16
6511.0	1.274873e-16
6512.0	1.443444e-16
6513.0	2.040548e-16
6514.0	1.715838e-16
6515.0	1.846881e-16
6516.0	1.606293e-16
6517.0	8.522152e-17
6518.0	1.081043e-16
6519.0	1.596082e-16
6520.0	1.555035e-16
6521.0	1.037347e-16
6522.0	8.758766e-17
6523.0	1.348226e-16
6524.0	2.445429e-16
6525.0	1.942297e-16
6526.0	1.14774e-16
6527.0	1.510849e-16
6528.0	1.168322e-16
6529.0	8.421798e-17
6530.0	7.404874e-17
6531.0	9.521489e-17
6532.0	1.656373e-16
6533.0	9.885199e-17
6534.0	8.37404e-17
6535.0	8.264163e-17
6536.0	1.035706e-16
6537.0	1.581943e-16
6538.0	9.800481e-17
6539.0	8.459065e-17
6540.0	1.400738e-16
6541.0	1.501416e-16
6542.0	1.278935e-16
6543.0	9.581045e-17
6544.0	1.072612e-16
6545.0	1.646946e-16
6546.0	2.147485e-16
6547.0	2.042887e-16
6548.0	1.548433e-16
6549.0	1.933967e-16
6550.0	2.118269e-16
6551.0	1.900158e-16
6552.0	1.22018e-16
6553.0	9.851984e-17
6554.0	1.32432e-16
6555.0	1.379982e-16
6556.0	1.247575e-16
6557.0	1.674745e-16
6558.0	1.174361e-16
6559.0	1.69948e-16
6560.0	1.485201e-16
6561.0	1.650739e-16
6562.0	2.093593e-16
6563.0	2.452804e-16
6564.0	1.679018e-16
6565.0	1.472148e-16
6566.0	1.253231e-16
6567.0	1.826126e-16
6568.0	2.207235e-16
6569.0	2.304012e-16
6570.0	2.259008e-16
6571.0	1.432853e-16
6572.0	1.689812e-16
6573.0	1.753171e-16
6574.0	2.11013e-16
6575.0	2.004949e-16
6576.0	1.65832e-16
6577.0	1.053699e-16
6578.0	5.979843e-17
6579.0	1.328036e-16
6580.0	8.220107e-17
6581.0	1.912111e-16
6582.0	2.789779e-16
6583.0	2.625648e-16
6584.0	2.340741e-16
6585.0	1.828116e-16
6586.0	2.161106e-16
6587.0	2.433311e-16
6588.0	2.058324e-16
6589.0	1.818239e-16
6590.0	1.735097e-16
6591.0	6.754987e-17
6592.0	1.088093e-16
6593.0	1.746715e-16
6594.0	1.896141e-16
6595.0	1.855562e-16
6596.0	2.018451e-16
6597.0	2.672734e-16
6598.0	2.492596e-16
6599.0	2.35015e-16
6600.0	1.589681e-16
6601.0	1.631222e-16
6602.0	1.083079e-16
6603.0	6.65585e-17
6604.0	6.161109e-17
6605.0	1.050781e-16
6606.0	1.674748e-16
6607.0	2.222042e-16
6608.0	2.358911e-16
6609.0	1.926416e-16
6610.0	2.111312e-16
6611.0	1.506857e-16
6612.0	2.054348e-16
6613.0	1.865866e-16
6614.0	2.078893e-16
6615.0	1.65242e-16
6616.0	1.829731e-16
6617.0	2.63573e-16
6618.0	2.793022e-16
6619.0	3.134691e-16
6620.0	3.40945e-16
6621.0	3.814409e-16
6622.0	3.048735e-16
6623.0	1.745143e-16
6624.0	2.704989e-16
6625.0	2.74256e-16
6626.0	2.106664e-16
6627.0	2.823618e-16
6628.0	2.928821e-16
6629.0	2.344479e-16
6630.0	2.437357e-16
6631.0	2.305004e-16
6632.0	2.406719e-16
6633.0	1.988516e-16
6634.0	2.360626e-16
6635.0	2.148021e-16
6636.0	2.519568e-16
6637.0	3.279532e-16
6638.0	1.717321e-16
6639.0	1.90798e-16
6640.0	2.414185e-16
6641.0	2.860457e-16
6642.0	3.082595e-16
6643.0	1.476084e-16
6644.0	1.677295e-16
6645.0	2.170077e-16
6646.0	3.140696e-16
6647.0	3.109404e-16
6648.0	1.878076e-16
6649.0	1.575286e-16
6650.0	2.119694e-16
6651.0	3.124998e-16
6652.0	3.359018e-16
6653.0	2.735313e-16
6654.0	1.613191e-16
6655.0	2.998543e-16
6656.0	3.012812e-16
6657.0	1.819171e-16
6658.0	1.541317e-16
6659.0	2.209523e-16
6660.0	2.494597e-16
6661.0	2.825601e-16
6662.0	3.013092e-16
6663.0	2.572354e-16
6664.0	2.271683e-16
6665.0	3.053969e-16
6666.0	2.432514e-16
6667.0	2.803236e-16
6668.0	2.388523e-16
6669.0	2.023118e-16
6670.0	1.718012e-16
6671.0	1.927284e-16
6672.0	2.51542e-16
6673.0	2.474667e-16
6674.0	2.491216e-16
6675.0	2.012399e-16
6676.0	3.32179e-16
6677.0	3.483721e-16
6678.0	2.685692e-16
6679.0	2.321241e-16
6680.0	1.656723e-16
6681.0	2.057845e-16
6682.0	3.470157e-16
6683.0	3.664112e-16
6684.0	2.350657e-16
6685.0	1.931871e-16
6686.0	1.661682e-16
6687.0	2.637784e-16
6688.0	2.712274e-16
6689.0	2.295259e-16
6690.0	2.681299e-16
6691.0	2.299754e-16
6692.0	3.160159e-16
6693.0	3.052349e-16
6694.0	2.844576e-16
6695.0	2.522764e-16
6696.0	2.225647e-16
6697.0	2.199453e-16
6698.0	3.6941e-16
6699.0	3.309734e-16
6700.0	2.135508e-16
6701.0	2.077469e-16
6702.0	2.205735e-16
6703.0	2.471138e-16
6704.0	2.475133e-16
6705.0	1.488888e-16
6706.0	1.245346e-16
6707.0	2.182107e-16
6708.0	2.654348e-16
6709.0	1.797142e-16
6710.0	2.138605e-16
6711.0	2.324933e-16
6712.0	2.74622e-16
6713.0	2.445066e-16
6714.0	1.558231e-16
6715.0	1.326512e-16
6716.0	1.676887e-16
6717.0	2.183726e-16
6718.0	1.867843e-16
6719.0	2.038755e-16
6720.0	2.669925e-16
6721.0	3.128793e-16
6722.0	3.050877e-16
6723.0	2.383552e-16
6724.0	2.229733e-16
6725.0	2.381053e-16
6726.0	2.939359e-16
6727.0	3.761777e-16
6728.0	3.96635e-16
6729.0	2.487864e-16
6730.0	3.214561e-16
6731.0	3.900968e-16
6732.0	3.074237e-16
6733.0	2.85184e-16
6734.0	2.096007e-16
6735.0	1.524475e-16
6736.0	1.976974e-16
6737.0	2.851915e-16
6738.0	2.075445e-16
6739.0	1.954976e-16
6740.0	2.806149e-16
6741.0	3.131386e-16
6742.0	3.386199e-16
6743.0	3.507074e-16
6744.0	3.2897e-16
6745.0	2.621849e-16
6746.0	3.669077e-16
6747.0	3.220982e-16
6748.0	3.224166e-16
6749.0	2.662867e-16
6750.0	2.268184e-16
6751.0	3.087798e-16
6752.0	3.137465e-16
6753.0	3.443301e-16
6754.0	3.722735e-16
6755.0	3.412593e-16
6756.0	2.46759e-16
6757.0	2.737319e-16
6758.0	2.304922e-16
6759.0	2.399891e-16
6760.0	1.836937e-16
6761.0	3.092285e-16
6762.0	3.613085e-16
6763.0	2.655546e-16
6764.0	2.124867e-16
6765.0	3.230403e-16
6766.0	3.857087e-16
6767.0	3.539465e-16
6768.0	2.563351e-16
6769.0	2.426419e-16
6770.0	3.492805e-16
6771.0	2.867856e-16
6772.0	2.288865e-16
6773.0	1.5607e-16
6774.0	1.612033e-16
6775.0	2.542695e-16
6776.0	2.09593e-16
6777.0	2.681608e-16
6778.0	2.793455e-16
6779.0	1.857966e-16
6780.0	2.248947e-16
6781.0	1.458368e-16
6782.0	2.134353e-16
6783.0	2.503966e-16
6784.0	3.40258e-16
6785.0	3.0206e-16
6786.0	1.542713e-16
6787.0	1.104186e-16
6788.0	9.447297e-17
6789.0	2.043474e-16
6790.0	2.776635e-16
6791.0	1.928261e-16
6792.0	2.995459e-16
6793.0	2.395145e-16
6794.0	3.044187e-16
6795.0	2.831852e-16
6796.0	2.000853e-16
6797.0	2.944138e-16
6798.0	2.594119e-16
6799.0	2.975635e-16
6800.0	3.693434e-16
6801.0	3.192589e-16
6802.0	2.995861e-16
6803.0	2.41943e-16
6804.0	2.828808e-16
6805.0	2.999697e-16
6806.0	2.86813e-16
6807.0	2.545954e-16
6808.0	2.306237e-16
6809.0	2.222875e-16
6810.0	2.867857e-16
6811.0	2.363725e-16
6812.0	2.731315e-16
6813.0	2.639922e-16
6814.0	2.336813e-16
6815.0	2.554686e-16
6816.0	1.351516e-16
6817.0	2.187606e-16
6818.0	2.436513e-16
6819.0	2.261617e-16
6820.0	3.153775e-16
6821.0	3.586156e-16
6822.0	3.356207e-16
6823.0	3.373213e-16
6824.0	3.335099e-16
6825.0	2.765369e-16
6826.0	2.931052e-16
6827.0	2.331997e-16
6828.0	1.722702e-16
6829.0	2.192185e-16
6830.0	2.789005e-16
6831.0	1.738731e-16
6832.0	6.111283e-17
6833.0	1.810903e-16
6834.0	2.681824e-16
6835.0	1.949195e-16
6836.0	1.771211e-16
6837.0	2.236981e-16
6838.0	2.177025e-16
6839.0	2.027592e-16
6840.0	2.16727e-16
6841.0	1.271793e-16
6842.0	1.890031e-16
6843.0	2.300262e-16
6844.0	2.761051e-16
6845.0	2.097555e-16
6846.0	2.672494e-16
6847.0	2.300845e-16
6848.0	2.21177e-16
6849.0	2.239118e-16
6850.0	1.925569e-16
6851.0	1.809458e-16
6852.0	1.744418e-16
6853.0	2.329976e-16
6854.0	2.578461e-16
6855.0	1.366081e-16
6856.0	1.119548e-16
6857.0	1.430637e-16
6858.0	1.681849e-16
6859.0	2.398449e-16
6860.0	2.311857e-16
6861.0	2.303017e-16
6862.0	2.049413e-16
6863.0	2.11845e-16
6864.0	3.786155e-16
6865.0	1.950403e-16
6866.0	8.580796e-17
6867.0	4.822533e-17
6868.0	9.008816e-17
6869.0	2.394447e-16
6870.0	1.961075e-16
6871.0	2.038459e-16
6872.0	1.998642e-16
6873.0	1.015901e-16
6874.0	1.377774e-16
6875.0	1.199513e-16
6876.0	1.112096e-16
6877.0	1.474176e-16
6878.0	1.919743e-16
6879.0	1.468814e-16
6880.0	1.185948e-16
6881.0	8.913808e-17
6882.0	1.425992e-16
6883.0	1.3125e-16
6884.0	1.827065e-16
6885.0	1.73687e-16
6886.0	2.59761e-16
6887.0	2.09734e-16
6888.0	1.494472e-16
6889.0	1.817491e-16
6890.0	2.331741e-16
6891.0	2.225152e-16
6892.0	1.63097e-16
6893.0	1.961593e-16
6894.0	1.449335e-16
6895.0	1.593755e-16
6896.0	1.698785e-16
6897.0	1.725524e-16
6898.0	2.161486e-16
6899.0	1.42682e-16
6900.0	1.393208e-16
6901.0	1.623862e-16
6902.0	1.845361e-16
6903.0	1.95516e-16
6904.0	1.928918e-16
6905.0	1.944191e-16
6906.0	1.623985e-16
6907.0	1.660015e-16
6908.0	1.842174e-16
6909.0	1.413373e-16
6910.0	1.753514e-16
6911.0	1.925221e-16
6912.0	1.821478e-16
6913.0	1.741281e-16
6914.0	1.56181e-16
6915.0	1.571065e-16
6916.0	1.447075e-16
6917.0	2.104643e-16
6918.0	2.289407e-16
6919.0	2.414028e-16
6920.0	2.243049e-16
6921.0	2.025638e-16
6922.0	1.979404e-16
6923.0	2.042836e-16
6924.0	1.43367e-16
6925.0	2.248857e-16
6926.0	1.909735e-16
6927.0	2.106783e-16
6928.0	1.624382e-16
6929.0	1.521993e-16
6930.0	1.675597e-16
6931.0	1.412592e-16
6932.0	1.915673e-16
6933.0	2.058782e-16
6934.0	1.408168e-16
6935.0	1.740055e-16
6936.0	1.618864e-16
6937.0	1.86755e-16
6938.0	1.813077e-16
6939.0	2.035305e-16
6940.0	2.242462e-16
6941.0	2.462599e-16
6942.0	2.071154e-16
6943.0	1.888466e-16
6944.0	1.849091e-16
6945.0	1.343658e-16
6946.0	1.515834e-16
6947.0	1.199879e-16
6948.0	1.035853e-16
6949.0	1.747036e-16
6950.0	1.824247e-16
6951.0	5.885057e-17
6952.0	9.808876e-17
6953.0	1.107366e-16
6954.0	1.430783e-16
6955.0	1.799789e-16
6956.0	1.520391e-16
6957.0	1.667416e-16
6958.0	1.471935e-16
6959.0	1.444235e-16
6960.0	2.085688e-16
6961.0	1.74052e-16
6962.0	1.728079e-16
6963.0	1.824209e-16
6964.0	1.997517e-16
6965.0	1.627783e-16
6966.0	1.687327e-16
6967.0	1.558706e-16
6968.0	1.319607e-16
6969.0	1.461761e-16
6970.0	1.919257e-16
6971.0	1.793233e-16
6972.0	1.579821e-16
6973.0	1.317331e-16
6974.0	1.516639e-16
6975.0	1.565833e-16
6976.0	1.648379e-16
6977.0	7.180298e-17
6978.0	1.598469e-16
6979.0	1.20368e-16
6980.0	1.585064e-16
6981.0	2.403233e-16
6982.0	2.091884e-16
6983.0	2.347295e-16
6984.0	1.748969e-16
6985.0	1.487535e-16
6986.0	1.30298e-16
6987.0	1.374002e-16
6988.0	1.90134e-16
6989.0	1.401034e-16
6990.0	1.733444e-16
6991.0	1.491388e-16
6992.0	1.059436e-16
6993.0	1.176154e-16
6994.0	1.338773e-16
6995.0	1.992394e-16
6996.0	1.506483e-16
6997.0	1.360403e-16
6998.0	1.235152e-16
6999.0	1.062261e-16
7000.0	9.482785e-17
7001.0	1.505387e-16
7002.0	1.72409e-16
7003.0	1.28007e-16
7004.0	1.243589e-16
7005.0	8.649366e-17
7006.0	1.434681e-16
7007.0	7.809951e-17
7008.0	1.154635e-16
7009.0	7.359615e-17
7010.0	1.24623e-16
7011.0	1.58466e-16
7012.0	1.93362e-16
7013.0	1.458718e-16
7014.0	1.256634e-16
7015.0	1.866958e-16
7016.0	1.688651e-16
7017.0	1.116673e-16
7018.0	1.050383e-16
7019.0	1.146455e-16
7020.0	1.40846e-16
7021.0	1.664475e-16
7022.0	1.209094e-16
7023.0	1.258837e-16
7024.0	8.58268e-17
7025.0	1.128547e-16
7026.0	1.370782e-16
7027.0	1.344888e-16
7028.0	1.464837e-16
7029.0	1.619899e-16
7030.0	1.79859e-16
7031.0	1.295304e-16
7032.0	1.452591e-16
7033.0	1.392285e-16
7034.0	1.125438e-16
7035.0	1.403745e-16
7036.0	1.369137e-16
7037.0	1.29513e-16
7038.0	1.56806e-16
7039.0	1.026892e-16
7040.0	8.905385e-17
7041.0	5.836154e-17
7042.0	5.624324e-17
7043.0	9.290052e-17
7044.0	9.207304e-17
7045.0	1.569976e-16
7046.0	1.536806e-16
7047.0	1.341671e-16
7048.0	9.978608e-17
7049.0	1.148304e-16
7050.0	1.563721e-16
7051.0	9.51257e-17
7052.0	1.493105e-16
7053.0	1.211567e-16
7054.0	1.285393e-16
7055.0	9.648073e-17
7056.0	1.098648e-16
7057.0	1.609613e-16
7058.0	9.911224e-17
7059.0	1.012372e-16
7060.0	1.000363e-16
7061.0	1.340824e-16
7062.0	1.746475e-16
7063.0	1.517526e-16
7064.0	1.775571e-16
7065.0	1.3206e-16
