#	 ps16bnz 
#	 UT date of observation: 20160406 
#	 Telescope/Instrument: KPNO4m/KOSMOS 
#	 Estimated Peak MJD: 57487.516 
#	 Estimated redshift: 0.063 
#	 Estimated Phase: -3.3 
#	 Published in Dettman et al. 2020 
#	 Observed barycentric wavelength (Angstroms)    F_lambda
4165.0	1.919723e-16
4166.0	1.920317e-16
4167.0	2.498425e-16
4168.0	2.22934e-16
4169.0	1.693639e-16
4170.0	1.754956e-16
4171.0	1.6753e-16
4172.0	1.854426e-16
4173.0	1.659044e-16
4174.0	2.417267e-16
4175.0	3.281535e-16
4176.0	2.579207e-16
4177.0	2.056958e-16
4178.0	1.426907e-16
4179.0	1.541997e-16
4180.0	1.300873e-16
4181.0	1.5047e-16
4182.0	1.147437e-16
4183.0	2.403011e-16
4184.0	2.244779e-16
4185.0	1.851176e-16
4186.0	1.619409e-16
4187.0	1.995669e-16
4188.0	1.749781e-16
4189.0	2.773689e-16
4190.0	2.986061e-16
4191.0	2.823973e-16
4192.0	4.268789e-16
4193.0	2.273357e-16
4194.0	3.066262e-16
4195.0	5.499799e-16
4196.0	4.660751e-16
4197.0	1.571385e-16
4198.0	1.325767e-16
4199.0	2.921138e-16
4200.0	2.642133e-16
4201.0	3.158709e-16
4202.0	4.138101e-16
4203.0	2.92525e-16
4204.0	2.336303e-16
4205.0	2.078263e-16
4206.0	1.650767e-16
4207.0	1.83765e-16
4208.0	3.043815e-16
4209.0	3.246157e-16
4210.0	2.786979e-16
4211.0	2.676434e-16
4212.0	2.010378e-16
4213.0	2.376701e-16
4214.0	3.381825e-16
4215.0	3.350254e-16
4216.0	2.632815e-16
4217.0	2.605484e-16
4218.0	3.283676e-16
4219.0	3.043482e-16
4220.0	3.008383e-16
4221.0	2.830225e-16
4222.0	2.724799e-16
4223.0	2.383594e-16
4224.0	1.699156e-16
4225.0	1.796488e-16
4226.0	2.689929e-16
4227.0	2.515624e-16
4228.0	2.668966e-16
4229.0	1.633038e-16
4230.0	1.94199e-16
4231.0	2.857299e-16
4232.0	3.131784e-16
4233.0	3.294159e-16
4234.0	1.900982e-16
4235.0	2.35921e-16
4236.0	3.706223e-16
4237.0	4.065712e-16
4238.0	2.503951e-16
4239.0	2.326512e-16
4240.0	1.540848e-16
4241.0	1.353294e-16
4242.0	2.396341e-16
4243.0	3.010397e-16
4244.0	3.463712e-16
4245.0	3.281969e-16
4246.0	3.295524e-16
4247.0	2.344664e-16
4248.0	2.47925e-16
4249.0	1.438943e-16
4250.0	1.088375e-16
4251.0	1.80141e-16
4252.0	3.102263e-16
4253.0	3.6949e-16
4254.0	2.623491e-16
4255.0	2.058073e-16
4256.0	2.169947e-16
4257.0	2.246881e-16
4258.0	2.361564e-16
4259.0	3.23795e-16
4260.0	3.564472e-16
4261.0	3.943092e-16
4262.0	4.072736e-16
4263.0	1.73842e-16
4264.0	1.649099e-16
4265.0	1.417645e-16
4266.0	2.614935e-16
4267.0	3.933807e-16
4268.0	3.799772e-16
4269.0	3.226824e-16
4270.0	2.495903e-16
4271.0	3.443518e-16
4272.0	3.167981e-16
4273.0	2.902339e-16
4274.0	2.899075e-16
4275.0	3.020439e-16
4276.0	2.943072e-16
4277.0	4.153144e-16
4278.0	3.138614e-16
4279.0	2.434146e-16
4280.0	2.54078e-16
4281.0	4.630336e-16
4282.0	5.63436e-16
4283.0	3.380578e-16
4284.0	3.056909e-16
4285.0	3.913786e-16
4286.0	3.780599e-16
4287.0	2.838884e-16
4288.0	2.953848e-16
4289.0	3.421442e-16
4290.0	2.921654e-16
4291.0	2.656057e-16
4292.0	3.426471e-16
4293.0	4.028421e-16
4294.0	3.739789e-16
4295.0	3.447638e-16
4296.0	2.0845e-16
4297.0	3.075565e-16
4298.0	2.304785e-16
4299.0	3.276189e-16
4300.0	2.4463e-16
4301.0	2.944132e-16
4302.0	4.014014e-16
4303.0	4.732432e-16
4304.0	3.815015e-16
4305.0	3.757798e-16
4306.0	3.303006e-16
4307.0	4.799544e-16
4308.0	4.177912e-16
4309.0	3.740919e-16
4310.0	3.671381e-16
4311.0	3.280853e-16
4312.0	2.144368e-16
4313.0	3.952759e-16
4314.0	3.290763e-16
4315.0	3.461946e-16
4316.0	3.746928e-16
4317.0	3.889223e-16
4318.0	5.336048e-16
4319.0	3.107476e-16
4320.0	3.718208e-16
4321.0	2.396679e-16
4322.0	2.071122e-16
4323.0	2.408735e-16
4324.0	4.525415e-16
4325.0	3.347279e-16
4326.0	3.277976e-16
4327.0	3.275819e-16
4328.0	3.693609e-16
4329.0	3.585737e-16
4330.0	3.990458e-16
4331.0	3.726436e-16
4332.0	1.782516e-16
4333.0	2.145852e-16
4334.0	3.043982e-16
4335.0	3.489757e-16
4336.0	3.668597e-16
4337.0	2.922557e-16
4338.0	4.535535e-16
4339.0	4.083761e-16
4340.0	3.680209e-16
4341.0	3.431977e-16
4342.0	1.707138e-16
4343.0	3.20962e-16
4344.0	3.238902e-16
4345.0	2.612748e-16
4346.0	3.255486e-16
4347.0	3.622617e-16
4348.0	3.442759e-16
4349.0	2.269284e-16
4350.0	2.742397e-16
4351.0	3.374725e-16
4352.0	3.427276e-16
4353.0	3.00608e-16
4354.0	3.033204e-16
4355.0	2.229029e-16
4356.0	1.687295e-16
4357.0	2.845216e-16
4358.0	2.308995e-16
4359.0	2.788732e-16
4360.0	3.314987e-16
4361.0	3.782831e-16
4362.0	3.950026e-16
4363.0	3.609524e-16
4364.0	2.786725e-16
4365.0	3.570436e-16
4366.0	4.898921e-16
4367.0	6.149558e-16
4368.0	4.545016e-16
4369.0	4.345539e-16
4370.0	3.929671e-16
4371.0	3.630149e-16
4372.0	4.118371e-16
4373.0	3.434787e-16
4374.0	3.747806e-16
4375.0	3.199382e-16
4376.0	3.614208e-16
4377.0	2.816013e-16
4378.0	2.92829e-16
4379.0	2.295105e-16
4380.0	2.366917e-16
4381.0	3.937871e-16
4382.0	3.47212e-16
4383.0	3.505906e-16
4384.0	2.943904e-16
4385.0	4.050566e-16
4386.0	4.009214e-16
4387.0	2.824131e-16
4388.0	2.934063e-16
4389.0	3.304281e-16
4390.0	4.498235e-16
4391.0	4.179761e-16
4392.0	2.554922e-16
4393.0	2.993697e-16
4394.0	2.331133e-16
4395.0	2.451799e-16
4396.0	3.288042e-16
4397.0	3.158812e-16
4398.0	2.594148e-16
4399.0	2.239773e-16
4400.0	2.968759e-16
4401.0	4.063663e-16
4402.0	3.005353e-16
4403.0	2.132017e-16
4404.0	2.66382e-16
4405.0	4.025469e-16
4406.0	3.957384e-16
4407.0	4.211516e-16
4408.0	1.884274e-16
4409.0	2.969093e-16
4410.0	3.580743e-16
4411.0	4.191654e-16
4412.0	2.61908e-16
4413.0	2.265361e-16
4414.0	2.258556e-16
4415.0	1.959244e-16
4416.0	1.903071e-16
4417.0	3.297693e-16
4418.0	3.253804e-16
4419.0	2.914e-16
4420.0	3.44017e-16
4421.0	3.691869e-16
4422.0	4.031445e-16
4423.0	2.252561e-16
4424.0	2.716058e-16
4425.0	2.535738e-16
4426.0	2.912318e-16
4427.0	2.913745e-16
4428.0	2.880965e-16
4429.0	1.994882e-16
4430.0	3.793693e-16
4431.0	3.544097e-16
4432.0	2.778633e-16
4433.0	2.452771e-16
4434.0	3.528401e-16
4435.0	2.732264e-16
4436.0	3.160057e-16
4437.0	3.133448e-16
4438.0	2.448994e-16
4439.0	3.122145e-16
4440.0	3.01316e-16
4441.0	2.943315e-16
4442.0	2.936349e-16
4443.0	2.524693e-16
4444.0	2.018938e-16
4445.0	2.425203e-16
4446.0	3.188991e-16
4447.0	2.522189e-16
4448.0	1.645114e-16
4449.0	1.848141e-16
4450.0	3.533198e-16
4451.0	3.761258e-16
4452.0	3.217193e-16
4453.0	1.910913e-16
4454.0	2.352272e-16
4455.0	2.316198e-16
4456.0	2.190927e-16
4457.0	1.598755e-16
4458.0	2.129946e-16
4459.0	2.69956e-16
4460.0	2.732437e-16
4461.0	3.077257e-16
4462.0	2.251643e-16
4463.0	1.935276e-16
4464.0	2.602274e-16
4465.0	3.74782e-16
4466.0	2.914181e-16
4467.0	1.894182e-16
4468.0	1.47037e-16
4469.0	1.298713e-16
4470.0	1.659512e-16
4471.0	2.008666e-16
4472.0	2.465311e-16
4473.0	1.403078e-16
4474.0	1.283824e-16
4475.0	3.182906e-16
4476.0	2.855528e-16
4477.0	2.118837e-16
4478.0	2.055078e-16
4479.0	2.303103e-16
4480.0	2.486597e-16
4481.0	1.918784e-16
4482.0	1.294925e-16
4483.0	1.305466e-16
4484.0	2.348181e-16
4485.0	2.575116e-16
4486.0	2.074468e-16
4487.0	1.834369e-16
4488.0	2.881406e-16
4489.0	2.968137e-16
4490.0	2.437791e-16
4491.0	2.824285e-16
4492.0	3.305566e-16
4493.0	2.930933e-16
4494.0	2.883587e-16
4495.0	3.145394e-16
4496.0	2.382911e-16
4497.0	2.328426e-16
4498.0	2.935178e-16
4499.0	2.569846e-16
4500.0	2.90463e-16
4501.0	2.106674e-16
4502.0	2.492695e-16
4503.0	2.855424e-16
4504.0	2.823592e-16
4505.0	2.063621e-16
4506.0	1.889564e-16
4507.0	1.940989e-16
4508.0	2.598768e-16
4509.0	2.617179e-16
4510.0	2.437923e-16
4511.0	1.542391e-16
4512.0	1.272238e-16
4513.0	1.889388e-16
4514.0	1.734445e-16
4515.0	2.133698e-16
4516.0	1.359354e-16
4517.0	1.230626e-16
4518.0	1.996544e-16
4519.0	2.475865e-16
4520.0	2.146326e-16
4521.0	1.643098e-16
4522.0	8.810567e-17
4523.0	2.0591e-16
4524.0	1.801163e-16
4525.0	1.653713e-16
4526.0	1.889204e-16
4527.0	2.227618e-16
4528.0	2.317441e-16
4529.0	2.254701e-16
4530.0	2.075073e-16
4531.0	2.281117e-16
4532.0	1.917206e-16
4533.0	2.144518e-16
4534.0	1.622599e-16
4535.0	2.674635e-16
4536.0	2.158709e-16
4537.0	1.075407e-16
4538.0	2.019952e-16
4539.0	2.052786e-16
4540.0	1.784066e-16
4541.0	2.51314e-16
4542.0	2.068967e-16
4543.0	2.014092e-16
4544.0	1.706925e-16
4545.0	1.230695e-16
4546.0	1.657395e-16
4547.0	1.711123e-16
4548.0	1.522831e-16
4549.0	1.468079e-16
4550.0	1.637508e-16
4551.0	1.329499e-16
4552.0	1.773464e-16
4553.0	1.424629e-16
4554.0	1.073246e-16
4555.0	2.085458e-16
4556.0	2.805385e-16
4557.0	3.105795e-16
4558.0	1.932377e-16
4559.0	2.170689e-16
4560.0	2.18114e-16
4561.0	2.114919e-16
4562.0	2.080337e-16
4563.0	2.185893e-16
4564.0	1.80201e-16
4565.0	7.167022e-17
4566.0	5.89071e-17
4567.0	8.575904e-17
4568.0	2.649017e-16
4569.0	2.450625e-16
4570.0	1.625638e-16
4571.0	1.231714e-16
4572.0	1.708745e-16
4573.0	2.538935e-16
4574.0	2.789574e-16
4575.0	2.368137e-16
4576.0	2.882626e-16
4577.0	2.805931e-16
4578.0	2.551328e-16
4579.0	1.901736e-16
4580.0	2.428211e-16
4581.0	2.574224e-16
4582.0	2.146041e-16
4583.0	2.642698e-16
4584.0	2.701091e-16
4585.0	2.568427e-16
4586.0	1.786462e-16
4587.0	1.305185e-16
4588.0	2.283224e-16
4589.0	2.414788e-16
4590.0	1.869512e-16
4591.0	1.78598e-16
4592.0	2.64772e-16
4593.0	2.236242e-16
4594.0	2.050754e-16
4595.0	2.593526e-16
4596.0	2.7073e-16
4597.0	2.750916e-16
4598.0	2.817165e-16
4599.0	2.312326e-16
4600.0	2.456549e-16
4601.0	2.415373e-16
4602.0	2.25977e-16
4603.0	2.238675e-16
4604.0	2.772183e-16
4605.0	2.783416e-16
4606.0	2.282682e-16
4607.0	2.348714e-16
4608.0	1.032693e-16
4609.0	1.503889e-16
4610.0	2.380261e-16
4611.0	2.4365e-16
4612.0	2.543027e-16
4613.0	2.648832e-16
4614.0	2.130684e-16
4615.0	1.809829e-16
4616.0	1.702642e-16
4617.0	2.471341e-16
4618.0	2.49493e-16
4619.0	1.806009e-16
4620.0	2.021133e-16
4621.0	2.136928e-16
4622.0	1.740022e-16
4623.0	2.365712e-16
4624.0	2.456795e-16
4625.0	2.436488e-16
4626.0	2.399586e-16
4627.0	1.230541e-16
4628.0	1.467796e-16
4629.0	1.688146e-16
4630.0	1.381623e-16
4631.0	9.471216e-17
4632.0	1.467331e-16
4633.0	2.009617e-16
4634.0	1.741817e-16
4635.0	1.763135e-16
4636.0	1.202675e-16
4637.0	2.302518e-16
4638.0	1.786829e-16
4639.0	1.110029e-16
4640.0	1.183945e-16
4641.0	1.903309e-16
4642.0	2.027097e-16
4643.0	2.058197e-16
4644.0	2.18418e-16
4645.0	2.350791e-16
4646.0	2.433284e-16
4647.0	2.533179e-16
4648.0	3.160464e-16
4649.0	2.942801e-16
4650.0	2.814723e-16
4651.0	1.738815e-16
4652.0	1.894649e-16
4653.0	2.063703e-16
4654.0	1.631373e-16
4655.0	2.595567e-16
4656.0	2.146148e-16
4657.0	2.125187e-16
4658.0	2.163413e-16
4659.0	2.621543e-16
4660.0	2.884475e-16
4661.0	2.350397e-16
4662.0	1.83161e-16
4663.0	1.976446e-16
4664.0	2.099615e-16
4665.0	1.771648e-16
4666.0	1.955436e-16
4667.0	2.223042e-16
4668.0	2.261214e-16
4669.0	2.336047e-16
4670.0	2.034034e-16
4671.0	1.347492e-16
4672.0	5.434138e-17
4673.0	1.499606e-16
4674.0	1.688673e-16
4675.0	1.505812e-16
4676.0	2.281952e-16
4677.0	2.562973e-16
4678.0	2.695399e-16
4679.0	2.301171e-16
4680.0	2.461739e-16
4681.0	2.851647e-16
4682.0	2.424748e-16
4683.0	2.37613e-16
4684.0	1.754887e-16
4685.0	1.566475e-16
4686.0	1.9614e-16
4687.0	2.985321e-16
4688.0	2.675286e-16
4689.0	2.342543e-16
4690.0	2.333599e-16
4691.0	2.496471e-16
4692.0	2.393983e-16
4693.0	2.374564e-16
4694.0	2.81714e-16
4695.0	2.435055e-16
4696.0	9.402681e-17
4697.0	2.079007e-16
4698.0	2.851004e-16
4699.0	3.191101e-16
4700.0	1.949117e-16
4701.0	1.341035e-16
4702.0	1.846236e-16
4703.0	8.592167e-17
4704.0	1.985471e-16
4705.0	2.947121e-16
4706.0	3.616387e-16
4707.0	2.944737e-16
4708.0	1.68547e-16
4709.0	1.903997e-16
4710.0	2.29533e-16
4711.0	3.156967e-16
4712.0	3.290663e-16
4713.0	2.762087e-16
4714.0	2.361038e-16
4715.0	2.318852e-16
4716.0	1.846226e-16
4717.0	3.02839e-16
4718.0	2.001847e-16
4719.0	1.576654e-16
4720.0	1.874147e-16
4721.0	1.887771e-16
4722.0	2.398183e-16
4723.0	2.748563e-16
4724.0	2.537444e-16
4725.0	2.740035e-16
4726.0	2.497813e-16
4727.0	1.799466e-16
4728.0	1.958798e-16
4729.0	1.180002e-16
4730.0	2.171217e-16
4731.0	2.583102e-16
4732.0	2.918197e-16
4733.0	2.526276e-16
4734.0	2.087511e-16
4735.0	2.959875e-16
4736.0	2.064223e-16
4737.0	1.459063e-16
4738.0	1.549281e-16
4739.0	2.565847e-16
4740.0	3.401078e-16
4741.0	2.771563e-16
4742.0	2.384914e-16
4743.0	3.520154e-16
4744.0	3.691867e-16
4745.0	2.459798e-16
4746.0	2.193708e-16
4747.0	1.302467e-16
4748.0	2.273338e-16
4749.0	2.54117e-16
4750.0	3.427624e-16
4751.0	3.297491e-16
4752.0	2.90624e-16
4753.0	2.643774e-16
4754.0	3.039179e-16
4755.0	3.445232e-16
4756.0	3.401544e-16
4757.0	2.27129e-16
4758.0	3.149824e-16
4759.0	3.360566e-16
4760.0	2.142898e-16
4761.0	1.956106e-16
4762.0	2.430278e-16
4763.0	2.778929e-16
4764.0	3.043572e-16
4765.0	3.449338e-16
4766.0	3.343736e-16
4767.0	3.506389e-16
4768.0	2.687387e-16
4769.0	3.109492e-16
4770.0	3.205797e-16
4771.0	2.739274e-16
4772.0	2.060094e-16
4773.0	2.403121e-16
4774.0	3.207909e-16
4775.0	3.106533e-16
4776.0	2.471381e-16
4777.0	1.328267e-16
4778.0	2.227497e-16
4779.0	2.46776e-16
4780.0	2.618027e-16
4781.0	2.309811e-16
4782.0	2.48448e-16
4783.0	1.780348e-16
4784.0	1.535296e-16
4785.0	2.397064e-16
4786.0	1.672237e-16
4787.0	2.636932e-16
4788.0	1.741449e-16
4789.0	1.857429e-16
4790.0	2.021131e-16
4791.0	1.159196e-16
4792.0	1.562951e-16
4793.0	2.048664e-16
4794.0	2.040614e-16
4795.0	3.375468e-16
4796.0	2.641324e-16
4797.0	2.608525e-16
4798.0	1.993191e-16
4799.0	1.738237e-16
4800.0	3.445813e-16
4801.0	3.420959e-16
4802.0	3.253349e-16
4803.0	2.603106e-16
4804.0	1.273229e-16
4805.0	1.487727e-16
4806.0	1.927916e-16
4807.0	2.257119e-16
4808.0	3.458674e-16
4809.0	3.313598e-16
4810.0	3.249394e-16
4811.0	2.503142e-16
4812.0	2.607551e-16
4813.0	3.338822e-16
4814.0	2.103433e-16
4815.0	2.275578e-16
4816.0	3.311766e-16
4817.0	3.280196e-16
4818.0	2.297018e-16
4819.0	1.675641e-16
4820.0	2.755747e-16
4821.0	3.143639e-16
4822.0	3.020844e-16
4823.0	2.563033e-16
4824.0	1.961983e-16
4825.0	2.890071e-16
4826.0	2.799748e-16
4827.0	2.666235e-16
4828.0	1.90067e-16
4829.0	2.269328e-16
4830.0	1.871501e-16
4831.0	2.407185e-16
4832.0	2.43042e-16
4833.0	2.322263e-16
4834.0	2.196932e-16
4835.0	3.015685e-16
4836.0	3.202428e-16
4837.0	2.747865e-16
4838.0	2.748669e-16
4839.0	2.307086e-16
4840.0	2.232933e-16
4841.0	2.000409e-16
4842.0	1.897631e-16
4843.0	2.241359e-16
4844.0	2.142941e-16
4845.0	2.115596e-16
4846.0	2.438418e-16
4847.0	3.104559e-16
4848.0	2.804907e-16
4849.0	2.463527e-16
4850.0	2.297869e-16
4851.0	2.27024e-16
4852.0	1.308556e-16
4853.0	1.983277e-16
4854.0	2.442331e-16
4855.0	3.074333e-16
4856.0	2.891927e-16
4857.0	2.325288e-16
4858.0	2.317931e-16
4859.0	1.645214e-16
4860.0	2.137178e-16
4861.0	2.873502e-16
4862.0	2.803118e-16
4863.0	2.533488e-16
4864.0	2.908554e-16
4865.0	2.460863e-16
4866.0	2.71951e-16
4867.0	2.242089e-16
4868.0	2.145593e-16
4869.0	1.727653e-16
4870.0	1.840164e-16
4871.0	1.74761e-16
4872.0	1.636099e-16
4873.0	2.612976e-16
4874.0	2.383531e-16
4875.0	2.398153e-16
4876.0	2.110559e-16
4877.0	1.634341e-16
4878.0	1.637732e-16
4879.0	3.234292e-16
4880.0	2.368117e-16
4881.0	1.869313e-16
4882.0	2.19054e-16
4883.0	2.025211e-16
4884.0	1.523087e-16
4885.0	1.831956e-16
4886.0	2.0931e-16
4887.0	1.172575e-16
4888.0	2.438045e-16
4889.0	2.691628e-16
4890.0	3.272828e-16
4891.0	2.580574e-16
4892.0	1.865247e-16
4893.0	1.3837e-16
4894.0	2.699713e-16
4895.0	3.057942e-16
4896.0	2.624811e-16
4897.0	2.15237e-16
4898.0	1.638829e-16
4899.0	2.376265e-16
4900.0	1.939004e-16
4901.0	2.147029e-16
4902.0	1.539988e-16
4903.0	9.49085e-17
4904.0	1.643868e-16
4905.0	2.383359e-16
4906.0	2.31125e-16
4907.0	1.398705e-16
4908.0	1.77666e-16
4909.0	1.114882e-16
4910.0	1.3354e-16
4911.0	1.233e-16
4912.0	9.826442e-17
4913.0	1.319393e-16
4914.0	8.858072e-17
4915.0	1.251129e-16
4916.0	1.12525e-16
4917.0	2.556572e-16
4918.0	2.303885e-16
4919.0	1.766052e-16
4920.0	1.512048e-16
4921.0	1.390997e-16
4922.0	2.625633e-16
4923.0	2.231319e-16
4924.0	1.576744e-16
4925.0	1.701441e-16
4926.0	9.530148e-17
4927.0	2.047945e-16
4928.0	2.45523e-16
4929.0	1.876482e-16
4930.0	1.438636e-16
4931.0	1.780379e-16
4932.0	2.241021e-16
4933.0	1.889817e-16
4934.0	1.961474e-16
4935.0	1.959384e-16
4936.0	1.41502e-16
4937.0	1.338491e-16
4938.0	9.372705e-17
4939.0	1.903601e-16
4940.0	1.508345e-16
4941.0	9.460297e-17
4942.0	1.56445e-17
4943.0	8.209257e-17
4944.0	1.829533e-16
4945.0	1.823115e-16
4946.0	1.194097e-16
4947.0	1.4075e-16
4948.0	1.922078e-16
4949.0	2.481854e-16
4950.0	2.784547e-16
4951.0	1.340031e-16
4952.0	1.26117e-16
4953.0	2.010265e-16
4954.0	1.514218e-16
4955.0	1.816134e-16
4956.0	1.947912e-16
4957.0	2.493964e-16
4958.0	2.740357e-16
4959.0	2.457823e-16
4960.0	1.251557e-16
4961.0	5.976766e-17
4962.0	1.030534e-16
4963.0	1.739832e-16
4964.0	1.516073e-16
4965.0	1.933331e-16
4966.0	2.037949e-16
4967.0	2.343554e-16
4968.0	1.98093e-16
4969.0	1.421736e-16
4970.0	1.545422e-16
4971.0	1.98235e-16
4972.0	1.707104e-16
4973.0	2.082411e-16
4974.0	2.096148e-16
4975.0	1.929439e-16
4976.0	2.238829e-16
4977.0	1.197741e-16
4978.0	2.035902e-16
4979.0	1.985515e-16
4980.0	1.630579e-16
4981.0	1.646574e-16
4982.0	1.742131e-16
4983.0	2.524169e-16
4984.0	2.479268e-16
4985.0	1.968247e-16
4986.0	1.611769e-16
4987.0	1.596552e-16
4988.0	9.177793e-17
4989.0	1.292904e-16
4990.0	1.420734e-16
4991.0	9.286939e-17
4992.0	9.649113e-17
4993.0	1.105694e-16
4994.0	2.030995e-16
4995.0	1.095371e-16
4996.0	9.189683e-17
4997.0	7.415017e-17
4998.0	1.382304e-16
4999.0	2.295251e-16
5000.0	1.079244e-16
5001.0	7.198167e-17
5002.0	4.702787e-17
5003.0	1.009506e-16
5004.0	2.071533e-16
5005.0	1.454256e-16
5006.0	1.536628e-16
5007.0	8.301144e-17
5008.0	6.860664e-17
5009.0	7.38736e-17
5010.0	9.848909e-17
5011.0	7.121789e-17
5012.0	4.944597e-17
5013.0	1.197144e-16
5014.0	1.209941e-16
5015.0	1.675082e-16
5016.0	1.341175e-16
5017.0	1.330978e-16
5018.0	2.006247e-16
5019.0	1.898548e-16
5020.0	1.91215e-16
5021.0	1.174219e-16
5022.0	1.745866e-16
5023.0	2.02374e-16
5024.0	2.1119e-16
5025.0	1.82026e-16
5026.0	1.891011e-16
5027.0	1.944186e-16
5028.0	1.925824e-16
5029.0	1.606037e-16
5030.0	1.65166e-16
5031.0	1.868073e-16
5032.0	2.247735e-16
5033.0	1.597702e-16
5034.0	1.354128e-16
5035.0	1.103944e-16
5036.0	1.418994e-16
5037.0	1.31443e-16
5038.0	9.372675e-17
5039.0	1.034864e-16
5040.0	1.565872e-16
5041.0	1.500642e-16
5042.0	1.212044e-16
5043.0	2.294717e-16
5044.0	2.993291e-16
5045.0	2.765076e-16
5046.0	1.638245e-16
5047.0	1.382255e-16
5048.0	1.979529e-16
5049.0	1.841126e-16
5050.0	2.24681e-16
5051.0	1.805427e-16
5052.0	1.37088e-16
5053.0	2.29509e-16
5054.0	2.210464e-16
5055.0	1.936591e-16
5056.0	1.751128e-16
5057.0	1.803594e-16
5058.0	2.057363e-16
5059.0	2.124568e-16
5060.0	2.220634e-16
5061.0	1.458031e-16
5062.0	1.479103e-16
5063.0	1.72787e-16
5064.0	1.698423e-16
5065.0	9.565509e-17
5066.0	1.199725e-16
5067.0	1.973057e-16
5068.0	1.617349e-16
5069.0	1.395996e-16
5070.0	1.01417e-16
5071.0	1.321066e-16
5072.0	2.03507e-16
5073.0	2.251692e-16
5074.0	1.834984e-16
5075.0	1.747111e-16
5076.0	2.041766e-16
5077.0	1.857232e-16
5078.0	1.294128e-16
5079.0	2.163762e-16
5080.0	2.46726e-16
5081.0	1.956813e-16
5082.0	1.684626e-16
5083.0	1.805095e-16
5084.0	1.617816e-16
5085.0	1.109844e-16
5086.0	7.31214e-17
5087.0	1.422367e-16
5088.0	1.878626e-16
5089.0	1.546942e-16
5090.0	1.145944e-16
5091.0	1.512168e-16
5092.0	7.624283e-17
5093.0	5.662169e-17
5094.0	6.65185e-17
5095.0	1.398573e-16
5096.0	1.633127e-16
5097.0	1.514935e-16
5098.0	1.734575e-16
5099.0	1.740291e-16
5100.0	1.534118e-16
5101.0	1.094331e-16
5102.0	1.222012e-16
5103.0	1.343531e-16
5104.0	1.452456e-16
5105.0	1.199146e-16
5106.0	1.193641e-16
5107.0	1.242431e-16
5108.0	1.055553e-16
5109.0	1.345395e-16
5110.0	1.258829e-16
5111.0	1.583776e-16
5112.0	1.062862e-16
5113.0	1.089359e-16
5114.0	1.24411e-16
5115.0	1.291321e-16
5116.0	9.052666e-17
5117.0	4.196686e-17
5118.0	6.602705e-17
5119.0	7.12308e-17
5120.0	4.169518e-17
5121.0	7.092452e-17
5122.0	3.687746e-17
5123.0	5.580589e-17
5124.0	1.059426e-16
5125.0	1.263597e-16
5126.0	9.026523e-17
5127.0	9.598201e-17
5128.0	4.966105e-17
5129.0	1.119128e-16
5130.0	1.127183e-16
5131.0	1.255538e-16
5132.0	1.206672e-16
5133.0	5.282961e-17
5134.0	9.616328e-17
5135.0	1.239036e-16
5136.0	1.314406e-16
5137.0	1.408832e-16
5138.0	1.189518e-16
5139.0	1.357768e-16
5140.0	1.217053e-16
5141.0	1.000616e-16
5142.0	1.266751e-16
5143.0	1.530499e-16
5144.0	1.089437e-16
5145.0	7.026551e-17
5146.0	1.224985e-16
5147.0	1.041093e-16
5148.0	1.028028e-16
5149.0	8.941451e-17
5150.0	9.43287e-17
5151.0	1.483916e-16
5152.0	1.183514e-16
5153.0	1.779393e-16
5154.0	1.765319e-16
5155.0	1.361532e-16
5156.0	1.003839e-16
5157.0	6.710171e-17
5158.0	1.186858e-16
5159.0	1.0489e-16
5160.0	1.164905e-16
5161.0	1.211803e-16
5162.0	7.22761e-17
5163.0	1.274564e-16
5164.0	9.928473e-17
5165.0	1.342595e-16
5166.0	1.451016e-16
5167.0	1.751629e-16
5168.0	1.174839e-16
5169.0	8.685259e-17
5170.0	1.33483e-16
5171.0	2.003151e-16
5172.0	1.837697e-16
5173.0	1.430354e-16
5174.0	1.142438e-16
5175.0	1.061373e-16
5176.0	1.54799e-16
5177.0	1.766629e-16
5178.0	2.023739e-16
5179.0	1.890959e-16
5180.0	1.237625e-16
5181.0	1.452041e-16
5182.0	1.601003e-16
5183.0	1.568017e-16
5184.0	1.09924e-16
5185.0	6.250985e-17
5186.0	1.235971e-16
5187.0	9.146808e-17
5188.0	1.068969e-16
5189.0	1.347424e-16
5190.0	1.180158e-16
5191.0	1.750224e-16
5192.0	1.075172e-16
5193.0	1.252081e-16
5194.0	1.573733e-16
5195.0	1.29425e-16
5196.0	1.80399e-16
5197.0	2.137689e-16
5198.0	1.557197e-16
5199.0	1.108522e-16
5200.0	1.636285e-16
5201.0	1.38537e-16
5202.0	1.024565e-16
5203.0	1.511401e-16
5204.0	1.203309e-16
5205.0	1.068897e-16
5206.0	1.630496e-16
5207.0	1.430256e-16
5208.0	1.478705e-16
5209.0	8.901397e-17
5210.0	1.579031e-16
5211.0	1.28172e-16
5212.0	1.181426e-16
5213.0	1.761413e-16
5214.0	1.593881e-16
5215.0	1.767266e-16
5216.0	1.390971e-16
5217.0	1.332985e-16
5218.0	1.892636e-16
5219.0	1.823808e-16
5220.0	1.620685e-16
5221.0	1.933069e-16
5222.0	1.804538e-16
5223.0	1.680665e-16
5224.0	1.70669e-16
5225.0	1.829076e-16
5226.0	1.465575e-16
5227.0	1.243482e-16
5228.0	1.74483e-16
5229.0	1.66274e-16
5230.0	1.258094e-16
5231.0	1.478381e-16
5232.0	1.525125e-16
5233.0	1.613986e-16
5234.0	1.404278e-16
5235.0	1.058812e-16
5236.0	1.606706e-16
5237.0	1.140594e-16
5238.0	1.181866e-16
5239.0	1.134995e-16
5240.0	1.429637e-16
5241.0	1.496416e-16
5242.0	8.396004e-17
5243.0	1.160337e-16
5244.0	1.49292e-16
5245.0	9.734835e-17
5246.0	1.540017e-16
5247.0	1.609658e-16
5248.0	1.606906e-16
5249.0	1.776043e-16
5250.0	1.694346e-16
5251.0	1.391188e-16
5252.0	6.807055e-17
5253.0	9.142588e-17
5254.0	1.696168e-16
5255.0	1.504867e-16
5256.0	1.356909e-16
5257.0	8.021457e-17
5258.0	3.431648e-17
5259.0	1.081999e-16
5260.0	1.03907e-16
5261.0	8.345329e-17
5262.0	1.069254e-16
5263.0	1.165876e-16
5264.0	1.529507e-16
5265.0	1.532404e-16
5266.0	1.366384e-16
5267.0	1.475859e-16
5268.0	2.076832e-16
5269.0	1.595292e-16
5270.0	1.186536e-16
5271.0	8.691285e-17
5272.0	1.226726e-16
5273.0	1.01768e-16
5274.0	8.620272e-17
5275.0	1.457593e-16
5276.0	1.037632e-16
5277.0	1.152217e-16
5278.0	1.617948e-16
5279.0	1.145364e-16
5280.0	1.156514e-16
5281.0	9.226883e-17
5282.0	1.482055e-16
5283.0	1.319639e-16
5284.0	4.868705e-17
5285.0	8.611446e-17
5286.0	1.181135e-16
5287.0	7.19474e-17
5288.0	1.346172e-16
5289.0	1.210414e-16
5290.0	1.217302e-16
5291.0	1.84852e-16
5292.0	1.348584e-16
5293.0	7.322464e-17
5294.0	8.209574e-17
5295.0	1.794658e-16
5296.0	2.291396e-16
5297.0	2.216929e-16
5298.0	1.257669e-16
5299.0	1.121886e-16
5300.0	1.633545e-16
5301.0	1.94862e-16
5302.0	1.924378e-16
5303.0	1.771144e-16
5304.0	1.945469e-16
5305.0	1.932659e-16
5306.0	1.110821e-16
5307.0	1.265383e-16
5308.0	1.699568e-16
5309.0	1.945278e-16
5310.0	1.824112e-16
5311.0	1.79819e-16
5312.0	1.571042e-16
5313.0	1.079348e-16
5314.0	1.127876e-16
5315.0	1.652943e-16
5316.0	1.55182e-16
5317.0	1.472066e-16
5318.0	1.191197e-16
5319.0	1.246849e-16
5320.0	1.078889e-16
5321.0	1.806616e-16
5322.0	1.541552e-16
5323.0	1.165522e-16
5324.0	1.148121e-16
5325.0	1.473111e-16
5326.0	1.576682e-16
5327.0	1.29407e-16
5328.0	1.101721e-16
5329.0	1.481759e-16
5330.0	2.044132e-16
5331.0	1.334205e-16
5332.0	5.361919e-17
5333.0	1.104965e-16
5334.0	1.667884e-16
5335.0	1.752704e-16
5336.0	9.275078e-17
5337.0	1.163353e-16
5338.0	1.489316e-16
5339.0	1.651231e-16
5340.0	1.388739e-16
5341.0	1.232957e-16
5342.0	1.405997e-16
5343.0	1.173771e-16
5344.0	1.723273e-16
5345.0	1.98138e-16
5346.0	2.04897e-16
5347.0	1.467603e-16
5348.0	8.567641e-17
5349.0	7.448616e-17
5350.0	3.149694e-17
5351.0	1.24549e-16
5352.0	6.896546e-17
5353.0	5.376088e-17
5354.0	1.386774e-16
5355.0	1.228433e-16
5356.0	1.29597e-16
5357.0	8.645208e-17
5358.0	1.596688e-16
5359.0	2.21831e-16
5360.0	1.714202e-16
5361.0	1.233398e-16
5362.0	8.566319e-17
5363.0	8.900821e-17
5364.0	6.631365e-17
5365.0	1.339314e-16
5366.0	1.859733e-16
5367.0	1.613243e-16
5368.0	1.385988e-16
5369.0	7.557533e-17
5370.0	1.130151e-16
5371.0	1.482837e-16
5372.0	1.177143e-16
5373.0	1.543934e-16
5374.0	1.492437e-16
5375.0	1.850335e-16
5376.0	1.382831e-16
5377.0	1.709077e-16
5378.0	2.306498e-16
5379.0	9.223603e-17
5380.0	8.343355e-17
5381.0	8.224607e-17
5382.0	1.667017e-16
5383.0	1.75367e-16
5384.0	1.342731e-16
5385.0	1.527193e-16
5386.0	1.71787e-16
5387.0	2.094661e-16
5388.0	1.997771e-16
5389.0	1.754378e-16
5390.0	1.123387e-16
5391.0	1.17795e-16
5392.0	8.863844e-17
5393.0	1.28225e-16
5394.0	1.099467e-16
5395.0	1.204216e-16
5396.0	1.83918e-16
5397.0	1.632051e-16
5398.0	1.437195e-16
5399.0	1.385329e-16
5400.0	1.935601e-16
5401.0	2.422016e-16
5402.0	1.979259e-16
5403.0	1.463776e-16
5404.0	1.80934e-16
5405.0	1.987192e-16
5406.0	1.99847e-16
5407.0	1.529756e-16
5408.0	1.558964e-16
5409.0	2.240912e-16
5410.0	1.658919e-16
5411.0	1.129098e-16
5412.0	7.810559e-17
5413.0	1.043952e-16
5414.0	1.834718e-16
5415.0	2.038916e-16
5416.0	1.530916e-16
5417.0	1.657055e-16
5418.0	1.917718e-16
5419.0	1.319793e-16
5420.0	4.267703e-17
5421.0	6.564704e-17
5422.0	1.584257e-16
5423.0	1.331454e-16
5424.0	8.950161e-17
5425.0	1.034577e-16
5426.0	1.579665e-16
5427.0	2.125364e-16
5428.0	2.19842e-16
5429.0	1.893393e-16
5430.0	5.980712e-17
5431.0	5.704367e-17
5432.0	8.892098e-17
5433.0	6.455748e-17
5434.0	8.048812e-17
5435.0	1.007417e-16
5436.0	1.03606e-16
5437.0	1.315133e-16
5438.0	7.561006e-17
5439.0	7.536468e-17
5440.0	6.5778e-17
5441.0	9.715351e-17
5442.0	1.574976e-16
5443.0	1.804302e-16
5444.0	2.21286e-16
5445.0	1.989157e-16
5446.0	8.990201e-17
5447.0	1.215698e-16
5448.0	1.745493e-16
5449.0	1.285919e-16
5450.0	1.115981e-16
5451.0	9.813256e-17
5452.0	5.148435e-17
5453.0	6.870455e-17
5454.0	8.27053e-17
5455.0	1.563208e-16
5456.0	1.444139e-16
5457.0	1.722061e-16
5458.0	1.276793e-16
5459.0	1.624482e-16
5460.0	2.474937e-16
5461.0	1.22917e-16
5462.0	5.169159e-17
5463.0	9.39699e-17
5464.0	6.606136e-17
5465.0	1.379344e-16
5466.0	1.223783e-16
5467.0	1.374384e-16
5468.0	1.602127e-16
5469.0	1.187175e-16
5470.0	6.220329e-17
5471.0	1.561405e-16
5472.0	3.264175e-16
5473.0	1.975684e-16
5474.0	8.278632e-17
5475.0	8.778073e-17
5476.0	1.352583e-16
5477.0	1.775822e-16
5478.0	1.662168e-16
5479.0	2.01727e-16
5480.0	1.909399e-16
5481.0	2.173454e-16
5482.0	2.179662e-16
5483.0	1.381758e-16
5484.0	6.019409e-17
5485.0	8.432936e-17
5486.0	1.84962e-16
5487.0	1.472223e-16
5488.0	1.097286e-16
5489.0	6.830144e-17
5490.0	1.635496e-16
5491.0	2.135933e-16
5492.0	1.463567e-16
5493.0	2.241367e-16
5494.0	1.804402e-16
5495.0	1.956994e-16
5496.0	2.140147e-16
5497.0	2.05275e-16
5498.0	1.412816e-16
5499.0	1.645077e-16
5500.0	2.002842e-16
5501.0	2.559732e-16
5502.0	2.1226e-16
5503.0	1.894725e-16
5504.0	1.444216e-16
5505.0	1.201202e-16
5506.0	4.522042e-17
5507.0	6.58375e-17
5508.0	1.021941e-16
5509.0	1.709137e-16
5510.0	1.851902e-16
5511.0	1.133558e-16
5512.0	1.505164e-16
5513.0	1.67576e-16
5514.0	2.19673e-16
5515.0	1.151342e-16
5516.0	1.258497e-16
5517.0	8.518301e-17
5518.0	2.307528e-17
5519.0	6.688692e-17
5520.0	5.348816e-17
5521.0	1.229148e-16
5522.0	1.147613e-16
5523.0	1.355023e-16
5524.0	6.865984e-17
5525.0	4.58868e-17
5526.0	8.085867e-17
5527.0	1.190045e-16
5528.0	1.689613e-16
5529.0	1.627972e-16
5530.0	1.174006e-16
5531.0	9.026415e-17
5532.0	1.811324e-16
5533.0	2.115288e-16
5534.0	1.941398e-16
5535.0	1.146707e-16
5536.0	3.827444e-17
5537.0	1.138023e-16
5538.0	1.184837e-16
5539.0	1.132703e-16
5540.0	1.458369e-16
5541.0	1.233671e-16
5542.0	1.683342e-16
5543.0	1.113829e-16
5544.0	1.349918e-16
5545.0	9.276815e-17
5546.0	1.304917e-16
5547.0	1.074511e-16
5548.0	8.292902e-17
5549.0	1.108667e-16
5550.0	1.307701e-16
5551.0	1.004714e-16
5552.0	7.060593e-17
5553.0	1.146416e-16
5554.0	1.140715e-16
5555.0	9.085353e-17
5556.0	9.640314e-17
5557.0	8.524458e-17
5558.0	7.316396e-17
5559.0	7.652602e-17
5560.0	7.721362e-17
5561.0	9.140009e-17
5562.0	1.05025e-16
5563.0	1.953189e-17
5564.0	3.197731e-17
5565.0	9.080705e-17
5566.0	1.388011e-16
5567.0	8.423311e-17
5568.0	6.151006e-17
5569.0	7.826677e-17
5570.0	1.480664e-16
5571.0	1.690549e-16
5572.0	1.252655e-16
5573.0	1.027053e-16
5574.0	9.130334e-17
5575.0	-9.56776e-17
5576.0	-1.24104e-15
5577.0	9.103806e-17
5578.0	9.120229e-17
5579.0	6.116529e-16
5580.0	8.019616e-17
5581.0	4.393001e-17
5582.0	8.838486e-17
5583.0	9.111993e-17
5584.0	1.33951e-16
5585.0	1.00102e-16
5586.0	5.441287e-17
5587.0	9.772481e-17
5588.0	9.180015e-17
5589.0	1.370812e-16
5590.0	1.424697e-16
5591.0	1.294734e-16
5592.0	9.209999e-17
5593.0	8.328989e-17
5594.0	1.208233e-16
5595.0	7.455952e-17
5596.0	1.146702e-16
5597.0	1.261885e-16
5598.0	1.530482e-16
5599.0	1.562973e-16
5600.0	1.582747e-16
5601.0	1.197749e-16
5602.0	7.331206e-17
5603.0	5.145091e-17
5604.0	8.201563e-17
5605.0	9.39088e-17
5606.0	1.365678e-16
5607.0	8.170467e-17
5608.0	6.882821e-17
5609.0	1.413306e-16
5610.0	8.145865e-17
5611.0	7.567371e-17
5612.0	3.514894e-17
5613.0	2.390171e-17
5614.0	2.712568e-17
5615.0	1.936405e-17
5616.0	1.003123e-16
5617.0	6.809918e-17
5618.0	1.168305e-16
5619.0	1.724999e-16
5620.0	1.394473e-16
5621.0	1.165875e-16
5622.0	4.926473e-17
5623.0	9.984837e-17
5624.0	1.258072e-16
5625.0	6.763391e-17
5626.0	5.241334e-17
5627.0	5.562151e-17
5628.0	1.461289e-16
5629.0	1.337796e-16
5630.0	7.878056e-17
5631.0	8.60601e-17
5632.0	1.125207e-16
5633.0	1.030016e-16
5634.0	1.168286e-16
5635.0	6.4833e-17
5636.0	1.419798e-16
5637.0	1.069678e-16
5638.0	2.508995e-17
5639.0	4.737373e-17
5640.0	6.447788e-17
5641.0	1.928365e-16
5642.0	2.16485e-16
5643.0	1.458596e-16
5644.0	7.684227e-17
5645.0	4.848496e-17
5646.0	1.183632e-16
5647.0	1.122813e-16
5648.0	9.54263e-17
5649.0	9.689368e-17
5650.0	9.908818e-17
5651.0	1.091881e-16
5652.0	1.558328e-16
5653.0	1.142113e-16
5654.0	6.841567e-17
5655.0	7.868738e-17
5656.0	1.502859e-16
5657.0	1.601477e-16
5658.0	1.210842e-16
5659.0	4.929091e-17
5660.0	7.302722e-17
5661.0	6.682371e-17
5662.0	7.735361e-17
5663.0	2.348881e-17
5664.0	4.814532e-17
5665.0	1.261534e-16
5666.0	1.528893e-16
5667.0	1.435893e-16
5668.0	8.958997e-17
5669.0	8.51877e-17
5670.0	1.695309e-16
5671.0	7.164949e-17
5672.0	5.277233e-17
5673.0	-1.075092e-17
5674.0	2.810017e-17
5675.0	1.049254e-16
5676.0	1.059345e-16
5677.0	8.541337e-17
5678.0	2.930663e-17
5679.0	4.662456e-17
5680.0	5.808612e-17
5681.0	-2.119914e-17
5682.0	1.744841e-17
5683.0	4.20289e-17
5684.0	6.145393e-17
5685.0	8.308314e-17
5686.0	5.697443e-17
5687.0	7.700066e-17
5688.0	8.71749e-17
5689.0	1.311774e-16
5690.0	1.418877e-16
5691.0	1.293273e-16
5692.0	1.757066e-16
5693.0	1.148777e-16
5694.0	1.08443e-16
5695.0	1.153144e-16
5696.0	6.937686e-17
5697.0	8.206432e-17
5698.0	1.164028e-16
5699.0	1.584725e-16
5700.0	1.110152e-16
5701.0	2.834146e-17
5702.0	4.114555e-17
5703.0	5.073391e-17
5704.0	6.424298e-17
5705.0	1.222161e-16
5706.0	2.852094e-17
5707.0	1.333392e-16
5708.0	1.386914e-16
5709.0	1.157497e-16
5710.0	1.142279e-16
5711.0	5.727986e-17
5712.0	4.73598e-17
5713.0	1.319122e-16
5714.0	1.616438e-16
5715.0	1.347567e-16
5716.0	7.629506e-17
5717.0	8.367599e-17
5718.0	7.130212e-17
5719.0	9.743362e-17
5720.0	1.230474e-16
5721.0	1.321689e-16
5722.0	1.118821e-16
5723.0	4.171999e-17
5724.0	4.904994e-17
5725.0	4.420381e-17
5726.0	6.501162e-17
5727.0	4.661015e-17
5728.0	5.404026e-17
5729.0	5.349374e-17
5730.0	5.10908e-17
5731.0	8.025621e-17
5732.0	1.298209e-16
5733.0	9.97757e-17
5734.0	1.162092e-16
5735.0	8.61494e-17
5736.0	1.76631e-18
5737.0	2.555621e-17
5738.0	2.893563e-17
5739.0	5.61869e-17
5740.0	7.427348e-17
5741.0	4.455992e-17
5742.0	3.476084e-17
5743.0	4.553184e-17
5744.0	5.19481e-17
5745.0	6.782246e-17
5746.0	9.827874e-17
5747.0	4.40701e-17
5748.0	2.164572e-17
5749.0	1.690568e-17
5750.0	2.652738e-17
5751.0	5.733747e-17
5752.0	4.061009e-17
5753.0	8.170913e-17
5754.0	1.021227e-16
5755.0	8.230595e-17
5756.0	7.100965e-17
5757.0	9.848169e-17
5758.0	9.600261e-17
5759.0	9.846771e-17
5760.0	8.596495e-17
5761.0	7.14296e-17
5762.0	5.583581e-17
5763.0	8.201537e-17
5764.0	9.721117e-17
5765.0	7.639026e-17
5766.0	8.307374e-17
5767.0	2.605943e-17
5768.0	3.658539e-17
5769.0	1.816196e-17
5770.0	9.273305e-17
5771.0	1.097346e-16
5772.0	1.074068e-16
5773.0	7.293077e-17
5774.0	5.063542e-17
5775.0	8.343179e-17
5776.0	1.104469e-16
5777.0	1.040724e-16
5778.0	6.061495e-17
5779.0	4.03624e-17
5780.0	5.869617e-17
5781.0	7.606853e-17
5782.0	7.86234e-17
5783.0	1.196226e-16
5784.0	7.396501e-17
5785.0	8.848335e-17
5786.0	1.316699e-16
5787.0	1.621861e-16
5788.0	1.273181e-16
5789.0	1.821706e-17
5790.0	7.657437e-18
5791.0	4.656729e-17
5792.0	5.413964e-17
5793.0	1.372476e-16
5794.0	1.202736e-16
5795.0	9.912879e-17
5796.0	1.036155e-16
5797.0	8.71969e-17
5798.0	6.707517e-17
5799.0	2.492175e-17
5800.0	6.015211e-17
5801.0	9.068254e-17
5802.0	1.069534e-16
5803.0	9.603439e-17
5804.0	2.638413e-17
5805.0	3.888494e-17
5806.0	3.617714e-17
5807.0	4.197038e-17
5808.0	2.373281e-17
5809.0	8.685672e-17
5810.0	8.873858e-17
5811.0	9.491628e-17
5812.0	1.200614e-16
5813.0	1.256308e-16
5814.0	1.36245e-16
5815.0	4.175906e-17
5816.0	2.478924e-17
5817.0	2.553004e-17
5818.0	2.891945e-17
5819.0	1.31139e-16
5820.0	1.814891e-16
5821.0	2.064652e-16
5822.0	1.476686e-16
5823.0	9.481435e-17
5824.0	5.13239e-17
5825.0	3.474267e-17
5826.0	1.137002e-16
5827.0	1.051892e-16
5828.0	1.00612e-16
5829.0	1.28176e-16
5830.0	1.892708e-16
5831.0	1.118207e-16
5832.0	9.859939e-17
5833.0	1.864796e-16
5834.0	2.310003e-16
5835.0	1.851397e-16
5836.0	1.379118e-16
5837.0	3.965404e-17
5838.0	2.829936e-18
5839.0	-3.500731e-17
5840.0	9.00143e-18
5841.0	6.632835e-17
5842.0	1.163194e-16
5843.0	1.484276e-16
5844.0	6.816537e-17
5845.0	9.339453e-17
5846.0	1.127868e-16
5847.0	9.938502e-17
5848.0	1.498779e-16
5849.0	1.006076e-16
5850.0	1.100904e-16
5851.0	1.459727e-16
5852.0	1.652005e-16
5853.0	1.031057e-16
5854.0	9.325351e-17
5855.0	2.177234e-17
5856.0	-1.468965e-18
5857.0	1.753763e-17
5858.0	1.239769e-16
5859.0	1.778743e-16
5860.0	1.706324e-16
5861.0	1.425594e-16
5862.0	1.950746e-16
5863.0	1.255415e-16
5864.0	1.723924e-16
5865.0	2.331204e-16
5866.0	1.452975e-16
5867.0	1.787664e-17
5868.0	6.185308e-17
5869.0	1.492576e-16
5870.0	1.926161e-16
5871.0	1.02829e-16
5872.0	9.693825e-17
5873.0	1.23251e-16
5874.0	1.501972e-16
5875.0	9.305167e-17
5876.0	1.191097e-16
5877.0	1.09376e-16
5878.0	1.602124e-16
5879.0	1.389095e-16
5880.0	7.616193e-17
5881.0	1.102287e-16
5882.0	3.404247e-17
5883.0	2.559801e-17
5884.0	1.98091e-17
5885.0	1.198525e-16
5886.0	1.85e-16
5887.0	1.396784e-16
5888.0	1.373561e-16
5889.0	-5.775449e-17
5890.0	1.357134e-16
5891.0	1.882267e-16
5892.0	-7.073222e-17
5893.0	7.270429e-18
5894.0	1.854956e-16
5895.0	4.103629e-16
5896.0	3.458884e-16
5897.0	2.271393e-16
5898.0	1.333519e-16
5899.0	1.804111e-17
5900.0	1.394305e-16
5901.0	1.641785e-16
5902.0	2.009286e-16
5903.0	1.51376e-16
5904.0	7.755701e-17
5905.0	9.186285e-17
5906.0	7.845745e-17
5907.0	1.057332e-16
5908.0	6.944967e-17
5909.0	5.936518e-17
5910.0	3.243919e-17
5911.0	1.55456e-16
5912.0	1.592861e-16
5913.0	1.445327e-16
5914.0	1.215694e-16
5915.0	8.542093e-17
5916.0	2.060507e-16
5917.0	1.358761e-16
5918.0	5.964533e-17
5919.0	1.250555e-16
5920.0	1.12693e-16
5921.0	1.004502e-16
5922.0	2.077369e-17
5923.0	1.051965e-16
5924.0	1.942705e-16
5925.0	1.287734e-16
5926.0	1.760341e-16
5927.0	1.567634e-16
5928.0	1.684841e-16
5929.0	1.924874e-16
5930.0	2.548155e-16
5931.0	2.214806e-16
5932.0	9.626932e-17
5933.0	7.718525e-17
5934.0	1.477974e-16
5935.0	1.224908e-16
5936.0	1.172524e-16
5937.0	1.646062e-16
5938.0	1.543062e-16
5939.0	2.011109e-16
5940.0	1.873844e-16
5941.0	1.535372e-16
5942.0	1.77936e-16
5943.0	9.287927e-17
5944.0	5.262211e-17
5945.0	1.117176e-16
5946.0	1.195715e-16
5947.0	1.282626e-16
5948.0	8.366444e-17
5949.0	7.15166e-17
5950.0	1.033253e-16
5951.0	4.453531e-17
5952.0	9.019941e-18
5953.0	-2.043996e-17
5954.0	1.30038e-17
5955.0	5.816395e-17
5956.0	1.264332e-16
5957.0	8.931031e-17
5958.0	1.167048e-16
5959.0	6.935285e-17
5960.0	2.610815e-17
5961.0	9.851222e-17
5962.0	2.048518e-16
5963.0	2.320931e-16
5964.0	1.38257e-16
5965.0	1.111014e-16
5966.0	1.137031e-16
5967.0	5.568972e-17
5968.0	9.167825e-17
5969.0	6.882924e-17
5970.0	6.975278e-17
5971.0	1.598259e-16
5972.0	1.412774e-16
5973.0	1.395241e-16
5974.0	9.016834e-17
5975.0	1.868882e-16
5976.0	1.386619e-16
5977.0	6.438685e-17
5978.0	1.04788e-16
5979.0	1.251352e-16
5980.0	7.764997e-17
5981.0	7.209429e-17
5982.0	1.192301e-16
5983.0	1.308621e-16
5984.0	1.69212e-16
5985.0	1.875195e-16
5986.0	1.593083e-16
5987.0	1.612975e-16
5988.0	7.898215e-17
5989.0	9.969673e-17
5990.0	1.341801e-16
5991.0	2.147997e-16
5992.0	1.989275e-16
5993.0	1.956782e-16
5994.0	1.031961e-16
5995.0	1.509358e-16
5996.0	1.695743e-16
5997.0	8.130871e-17
5998.0	7.379272e-17
5999.0	7.059053e-17
6000.0	1.109407e-16
6001.0	1.376808e-16
6002.0	1.708458e-16
6003.0	1.760813e-16
6004.0	7.399318e-17
6005.0	9.037373e-17
6006.0	1.04158e-16
6007.0	8.439127e-17
6008.0	3.583934e-17
6009.0	1.511954e-16
6010.0	2.142468e-16
6011.0	1.480599e-16
6012.0	5.310319e-17
6013.0	1.133006e-16
6014.0	1.73717e-16
6015.0	2.315488e-16
6016.0	2.025193e-16
6017.0	1.965727e-16
6018.0	1.376208e-16
6019.0	7.062753e-17
6020.0	1.179037e-16
6021.0	1.142525e-16
6022.0	7.949842e-17
6023.0	1.114065e-16
6024.0	1.049505e-16
6025.0	5.316617e-17
6026.0	3.694033e-17
6027.0	2.663583e-17
6028.0	3.798904e-17
6029.0	2.457471e-17
6030.0	5.559744e-17
6031.0	1.251112e-16
6032.0	1.226534e-16
6033.0	1.660465e-16
6034.0	1.39757e-16
6035.0	9.217968e-17
6036.0	1.126703e-16
6037.0	1.343534e-16
6038.0	1.310212e-16
6039.0	1.211679e-16
6040.0	1.00824e-16
6041.0	1.27067e-16
6042.0	8.807199e-17
6043.0	7.780257e-17
6044.0	7.308341e-17
6045.0	7.670941e-17
6046.0	8.404823e-17
6047.0	1.658852e-16
6048.0	1.653502e-16
6049.0	1.488931e-16
6050.0	1.278443e-16
6051.0	1.052872e-16
6052.0	1.519317e-16
6053.0	1.370231e-16
6054.0	8.94991e-17
6055.0	4.002632e-17
6056.0	4.655052e-17
6057.0	1.078561e-16
6058.0	9.007896e-17
6059.0	7.450378e-17
6060.0	4.841913e-17
6061.0	1.268043e-16
6062.0	1.067301e-16
6063.0	7.121477e-17
6064.0	5.708681e-17
6065.0	5.760358e-17
6066.0	9.159225e-17
6067.0	7.095952e-17
6068.0	8.236466e-17
6069.0	4.471535e-17
6070.0	8.799951e-17
6071.0	1.44786e-16
6072.0	1.200651e-16
6073.0	1.111132e-16
6074.0	1.686211e-17
6075.0	4.387759e-17
6076.0	1.137531e-16
6077.0	1.293493e-16
6078.0	1.46283e-16
6079.0	1.280187e-16
6080.0	1.167343e-16
6081.0	1.135193e-16
6082.0	6.210362e-17
6083.0	4.048927e-17
6084.0	6.379607e-17
6085.0	1.190856e-16
6086.0	9.182868e-17
6087.0	2.625681e-17
6088.0	7.677314e-17
6089.0	7.889171e-17
6090.0	1.452093e-16
6091.0	1.380902e-16
6092.0	7.421265e-17
6093.0	7.230333e-17
6094.0	1.044095e-16
6095.0	1.747426e-16
6096.0	1.30465e-16
6097.0	4.777634e-17
6098.0	3.331375e-17
6099.0	6.690557e-17
6100.0	9.400546e-17
6101.0	9.290144e-17
6102.0	1.476758e-16
6103.0	1.453644e-16
6104.0	1.680986e-16
6105.0	1.161834e-16
6106.0	1.149016e-16
6107.0	1.145212e-16
6108.0	1.038935e-16
6109.0	1.208912e-16
6110.0	4.650959e-17
6111.0	-1.439595e-17
6112.0	2.797517e-17
6113.0	1.089385e-16
6114.0	7.97447e-17
6115.0	6.359916e-17
6116.0	6.681117e-17
6117.0	1.339193e-16
6118.0	9.738575e-17
6119.0	3.797233e-17
6120.0	3.155346e-17
6121.0	8.903227e-17
6122.0	7.015003e-17
6123.0	1.963342e-17
6124.0	4.482743e-17
6125.0	-1.637217e-17
6126.0	2.215483e-17
6127.0	7.782618e-17
6128.0	4.566492e-17
6129.0	8.967509e-17
6130.0	2.874363e-17
6131.0	7.559008e-17
6132.0	1.016865e-16
6133.0	9.343509e-17
6134.0	1.51255e-16
6135.0	1.310119e-16
6136.0	6.053066e-17
6137.0	6.012611e-17
6138.0	1.352285e-16
6139.0	1.437111e-16
6140.0	4.291407e-17
6141.0	2.646698e-17
6142.0	1.34468e-16
6143.0	2.078202e-16
6144.0	1.045683e-16
6145.0	5.965237e-17
6146.0	4.17349e-17
6147.0	4.598132e-17
6148.0	1.240949e-16
6149.0	8.04646e-17
6150.0	1.243873e-16
6151.0	1.319339e-16
6152.0	1.485562e-16
6153.0	1.906234e-16
6154.0	1.575605e-16
6155.0	4.524339e-17
6156.0	6.968685e-17
6157.0	2.728848e-17
6158.0	1.056455e-16
6159.0	1.41326e-16
6160.0	1.021943e-16
6161.0	8.55151e-17
6162.0	-2.785413e-17
6163.0	-4.636085e-17
6164.0	4.397654e-17
6165.0	7.90871e-17
6166.0	1.771773e-16
6167.0	1.236068e-16
6168.0	8.346939e-17
6169.0	6.841345e-17
6170.0	1.474548e-16
6171.0	8.7873e-17
6172.0	1.565422e-16
6173.0	1.469086e-16
6174.0	7.042771e-17
6175.0	1.447543e-16
6176.0	1.228167e-16
6177.0	9.252468e-17
6178.0	1.198436e-16
6179.0	1.314773e-16
6180.0	1.570673e-16
6181.0	1.765415e-16
6182.0	1.450469e-16
6183.0	6.053634e-17
6184.0	2.199872e-17
6185.0	3.445269e-17
6186.0	7.666813e-17
6187.0	1.350403e-16
6188.0	1.114423e-16
6189.0	7.747354e-17
6190.0	2.805762e-17
6191.0	5.305981e-17
6192.0	7.42908e-17
6193.0	2.709239e-17
6194.0	6.231664e-17
6195.0	1.11949e-16
6196.0	7.404227e-17
6197.0	6.343717e-17
6198.0	8.312875e-17
6199.0	1.21979e-16
6200.0	1.354927e-16
6201.0	7.735997e-17
6202.0	7.339773e-17
6203.0	8.249704e-17
6204.0	8.736808e-17
6205.0	2.039068e-16
6206.0	1.505304e-16
6207.0	1.249267e-16
6208.0	7.123209e-17
6209.0	1.400222e-16
6210.0	1.451494e-16
6211.0	6.785691e-17
6212.0	1.127707e-16
6213.0	7.329837e-17
6214.0	1.637252e-16
6215.0	1.468042e-16
6216.0	2.524281e-17
6217.0	3.918112e-17
6218.0	9.972784e-17
6219.0	1.268789e-16
6220.0	1.707828e-16
6221.0	9.739359e-17
6222.0	9.736087e-17
6223.0	1.126364e-16
6224.0	9.203114e-17
6225.0	1.256936e-16
6226.0	5.850058e-17
6227.0	7.03878e-17
6228.0	1.11588e-16
6229.0	8.684305e-17
6230.0	1.478715e-16
6231.0	1.133754e-16
6232.0	8.795376e-17
6233.0	5.922446e-18
6234.0	1.168017e-17
6235.0	4.005949e-17
6236.0	1.053912e-16
6237.0	1.116885e-16
6238.0	8.701429e-17
6239.0	7.413056e-17
6240.0	1.392111e-16
6241.0	1.348466e-16
6242.0	1.647079e-16
6243.0	1.545075e-16
6244.0	8.572858e-17
6245.0	1.214726e-16
6246.0	6.651809e-17
6247.0	5.425088e-17
6248.0	1.492759e-16
6249.0	1.695998e-16
6250.0	1.029873e-16
6251.0	7.388038e-17
6252.0	5.153296e-17
6253.0	1.46973e-16
6254.0	1.757421e-16
6255.0	2.03295e-16
6256.0	1.051389e-16
6257.0	4.265168e-17
6258.0	-3.324375e-17
6259.0	3.352353e-18
6260.0	4.868326e-17
6261.0	9.687846e-17
6262.0	7.693231e-17
6263.0	1.084552e-16
6264.0	5.611132e-17
6265.0	1.28763e-16
6266.0	1.620958e-16
6267.0	1.011325e-16
6268.0	4.09562e-17
6269.0	4.849996e-17
6270.0	6.122007e-17
6271.0	8.579369e-17
6272.0	9.693356e-17
6273.0	1.302856e-16
6274.0	5.286878e-17
6275.0	4.626972e-17
6276.0	9.997507e-17
6277.0	1.55076e-16
6278.0	1.009883e-16
6279.0	5.233089e-17
6280.0	3.905149e-17
6281.0	1.317299e-16
6282.0	1.586272e-16
6283.0	1.337147e-16
6284.0	6.199725e-17
6285.0	4.212556e-17
6286.0	8.157083e-17
6287.0	2.637887e-17
6288.0	1.424509e-16
6289.0	6.956113e-17
6290.0	7.765582e-17
6291.0	9.252602e-17
6292.0	9.211853e-17
6293.0	1.660309e-16
6294.0	1.424642e-16
6295.0	7.97907e-17
6296.0	4.202422e-17
6297.0	3.720776e-17
6298.0	1.435744e-16
6299.0	1.610365e-16
6300.0	9.189827e-17
6301.0	2.367053e-16
6302.0	1.495829e-16
6303.0	6.471674e-17
6304.0	7.288537e-17
6305.0	1.241019e-16
6306.0	1.426894e-16
6307.0	5.72955e-18
6308.0	-4.125206e-17
6309.0	7.961139e-17
6310.0	6.578859e-17
6311.0	1.089808e-16
6312.0	8.959836e-17
6313.0	1.17519e-16
6314.0	9.579295e-17
6315.0	8.254343e-17
6316.0	1.227782e-16
6317.0	1.048307e-16
6318.0	6.736652e-17
6319.0	7.198109e-17
6320.0	9.357967e-17
6321.0	8.442731e-17
6322.0	1.552027e-16
6323.0	5.182969e-17
6324.0	8.100029e-18
6325.0	5.831413e-17
6326.0	7.222096e-17
6327.0	4.110028e-17
6328.0	8.129973e-17
6329.0	1.161196e-16
6330.0	1.421182e-16
6331.0	2.646264e-17
6332.0	2.546924e-17
6333.0	1.024926e-16
6334.0	7.326787e-17
6335.0	8.235365e-17
6336.0	8.606509e-17
6337.0	1.140332e-16
6338.0	9.462969e-17
6339.0	7.231046e-17
6340.0	1.076494e-16
6341.0	9.885238e-17
6342.0	5.939572e-17
6343.0	6.665881e-17
6344.0	4.88584e-17
6345.0	5.581871e-17
6346.0	8.81563e-17
6347.0	9.702868e-17
6348.0	6.416189e-17
6349.0	7.666508e-17
6350.0	5.976493e-17
6351.0	4.360935e-17
6352.0	7.456104e-17
6353.0	7.348629e-17
6354.0	4.349817e-17
6355.0	7.457367e-17
6356.0	6.714379e-17
6357.0	1.95116e-16
6358.0	2.113922e-16
6359.0	7.665393e-17
6360.0	6.854966e-17
6361.0	9.021058e-17
6362.0	1.249463e-16
6363.0	1.421756e-16
6364.0	6.302432e-17
6365.0	3.226766e-17
6366.0	8.871235e-17
6367.0	8.534163e-17
6368.0	5.999353e-17
6369.0	3.719681e-18
6370.0	4.239938e-17
6371.0	1.480666e-17
6372.0	3.005602e-17
6373.0	5.179245e-17
6374.0	9.130851e-17
6375.0	5.774619e-17
6376.0	7.564991e-17
6377.0	5.076525e-17
6378.0	5.698677e-17
6379.0	9.765326e-17
6380.0	1.106029e-16
6381.0	8.758292e-17
6382.0	5.937638e-17
6383.0	8.313285e-17
6384.0	9.760435e-17
6385.0	6.933325e-17
6386.0	3.764607e-17
6387.0	1.143364e-16
6388.0	9.069411e-17
6389.0	9.233276e-17
6390.0	5.544755e-17
6391.0	5.843206e-17
6392.0	9.630241e-17
6393.0	3.82503e-17
6394.0	1.958094e-17
6395.0	4.613146e-17
6396.0	4.608203e-17
6397.0	8.670992e-17
6398.0	8.533347e-17
6399.0	7.9396e-17
6400.0	1.137422e-16
6401.0	8.658629e-17
6402.0	8.724635e-17
6403.0	7.279556e-17
6404.0	1.107751e-16
6405.0	5.485957e-17
6406.0	3.986216e-17
6407.0	8.475878e-17
6408.0	7.125749e-17
6409.0	7.02355e-17
6410.0	3.706572e-17
6411.0	7.111777e-17
6412.0	9.914309e-17
6413.0	4.514626e-17
6414.0	5.944651e-17
6415.0	8.43799e-17
6416.0	5.757499e-17
6417.0	4.505691e-17
6418.0	2.066086e-17
6419.0	6.516917e-17
6420.0	5.935963e-17
6421.0	6.289251e-17
6422.0	8.341867e-17
6423.0	3.228555e-17
6424.0	1.72724e-17
6425.0	3.374232e-17
6426.0	1.256669e-17
6427.0	4.689387e-17
6428.0	2.157598e-17
6429.0	3.043789e-17
6430.0	6.538012e-17
6431.0	2.002857e-17
6432.0	3.353804e-17
6433.0	5.604806e-17
6434.0	4.632118e-17
6435.0	7.212949e-17
6436.0	4.204802e-17
6437.0	9.112859e-18
6438.0	2.992906e-17
6439.0	2.95996e-17
6440.0	6.121322e-17
6441.0	1.967705e-17
6442.0	2.543353e-18
6443.0	3.487077e-17
6444.0	2.542048e-17
6445.0	2.710115e-17
6446.0	2.224798e-17
6447.0	7.636953e-18
6448.0	3.82e-17
6449.0	4.08656e-17
6450.0	-8.466557e-18
6451.0	-7.063954e-18
6452.0	3.22859e-17
6453.0	4.878322e-17
6454.0	4.021582e-17
6455.0	2.114779e-17
6456.0	3.686038e-18
6457.0	5.315064e-17
6458.0	3.539541e-17
6459.0	4.1954e-17
6460.0	4.717891e-18
6461.0	2.30144e-17
6462.0	6.41627e-17
6463.0	5.338794e-17
6464.0	8.874349e-17
6465.0	4.312086e-17
6466.0	4.906167e-17
6467.0	5.083756e-17
6468.0	1.876152e-17
6469.0	5.48959e-17
6470.0	2.42982e-17
6471.0	3.881458e-17
6472.0	-6.428407e-18
6473.0	-3.325125e-17
6474.0	3.432988e-17
6475.0	3.073783e-17
6476.0	6.941127e-17
6477.0	5.823491e-17
6478.0	2.655322e-17
6479.0	6.216612e-17
6480.0	5.193861e-17
6481.0	3.841593e-17
6482.0	3.351252e-17
6483.0	1.534816e-17
6484.0	5.310788e-17
6485.0	7.857875e-17
6486.0	8.939523e-17
6487.0	7.081011e-17
6488.0	3.827456e-17
6489.0	4.642028e-17
6490.0	2.657271e-17
6491.0	4.438696e-17
6492.0	3.516367e-17
6493.0	2.315807e-17
6494.0	1.441012e-17
6495.0	2.412178e-17
6496.0	2.404157e-17
6497.0	2.253037e-17
6498.0	4.997427e-17
6499.0	6.780569e-17
6500.0	8.009612e-17
6501.0	1.203149e-16
6502.0	8.603249e-17
6503.0	3.827699e-17
6504.0	7.321466e-17
6505.0	2.7503e-17
6506.0	9.676796e-18
6507.0	5.384734e-17
6508.0	5.287354e-17
6509.0	8.711665e-17
6510.0	9.94476e-17
6511.0	6.618094e-17
6512.0	8.852271e-17
6513.0	6.256087e-17
6514.0	3.533039e-17
6515.0	5.975138e-17
6516.0	7.288446e-17
6517.0	7.946896e-17
6518.0	3.884076e-17
6519.0	3.5922e-17
6520.0	2.959222e-17
6521.0	9.448159e-18
6522.0	4.935031e-17
6523.0	5.424121e-17
6524.0	7.698829e-17
6525.0	4.163876e-17
6526.0	9.109525e-17
6527.0	9.010819e-17
6528.0	4.573705e-17
6529.0	6.63383e-17
6530.0	5.355273e-17
6531.0	7.814236e-17
6532.0	5.604437e-17
6533.0	2.578562e-17
6534.0	1.102274e-16
6535.0	1.44795e-16
6536.0	7.859615e-17
6537.0	5.217211e-17
6538.0	6.713263e-17
6539.0	1.144255e-16
6540.0	7.109132e-17
6541.0	3.764063e-17
6542.0	2.83572e-17
6543.0	4.559575e-17
6544.0	6.313419e-17
6545.0	3.793281e-17
6546.0	7.323219e-17
6547.0	6.527408e-17
6548.0	1.833222e-17
6549.0	9.19063e-17
6550.0	8.055318e-17
6551.0	5.597579e-17
6552.0	4.166279e-17
6553.0	5.140933e-17
6554.0	4.782399e-17
6555.0	-3.218848e-17
6556.0	8.584142e-18
6557.0	3.789288e-17
6558.0	9.466692e-17
6559.0	1.099775e-16
6560.0	7.810995e-17
6561.0	3.885716e-17
6562.0	5.097277e-17
6563.0	5.381032e-17
6564.0	1.072917e-16
6565.0	1.106847e-16
6566.0	4.918666e-17
6567.0	5.951271e-17
6568.0	5.135363e-17
6569.0	5.954815e-17
6570.0	4.323831e-17
6571.0	8.732577e-17
6572.0	1.545802e-16
6573.0	1.180274e-16
6574.0	7.748509e-17
6575.0	6.836201e-17
6576.0	-3.66359e-18
6577.0	-5.752401e-18
6578.0	3.570266e-17
6579.0	1.546464e-17
6580.0	1.547338e-17
6581.0	6.03447e-17
6582.0	7.549485e-17
6583.0	5.232688e-17
6584.0	1.235956e-16
6585.0	8.374224e-17
6586.0	9.512035e-17
6587.0	2.518747e-17
6588.0	5.317621e-17
6589.0	8.063918e-17
6590.0	5.48409e-17
6591.0	8.174003e-17
6592.0	7.329743e-17
6593.0	6.664767e-17
6594.0	6.868703e-17
6595.0	3.465563e-17
6596.0	9.075149e-17
6597.0	1.02762e-16
6598.0	1.583738e-16
6599.0	1.166452e-16
6600.0	6.652949e-17
6601.0	8.279167e-17
6602.0	6.853784e-17
6603.0	7.107264e-17
6604.0	1.235832e-16
6605.0	8.19951e-17
6606.0	8.688864e-17
6607.0	1.078315e-16
6608.0	1.034587e-16
6609.0	1.003582e-16
6610.0	1.022909e-16
6611.0	7.443808e-17
6612.0	3.336624e-17
6613.0	5.372587e-17
6614.0	9.424906e-17
6615.0	9.065311e-17
6616.0	9.917018e-17
6617.0	8.022655e-17
6618.0	1.105317e-16
6619.0	1.582837e-16
6620.0	9.00878e-17
6621.0	1.374527e-16
6622.0	1.360616e-16
6623.0	1.31492e-16
6624.0	1.145274e-16
6625.0	5.462827e-17
6626.0	9.653184e-17
6627.0	9.378151e-17
6628.0	3.39336e-17
6629.0	6.403496e-17
6630.0	2.823686e-17
6631.0	6.041306e-17
6632.0	5.125338e-17
6633.0	2.656658e-17
6634.0	7.799069e-17
6635.0	6.99633e-17
6636.0	1.140348e-16
6637.0	1.084889e-16
6638.0	9.760269e-17
6639.0	8.035125e-17
6640.0	7.207047e-17
6641.0	9.278968e-17
6642.0	8.871842e-17
6643.0	6.603325e-17
6644.0	1.086306e-16
6645.0	1.45101e-16
6646.0	1.655259e-16
6647.0	1.424721e-16
6648.0	7.837089e-17
6649.0	1.235458e-16
6650.0	1.561161e-16
6651.0	1.219793e-16
6652.0	9.954484e-17
6653.0	8.901011e-17
6654.0	1.303474e-16
6655.0	1.626514e-16
6656.0	1.024057e-16
6657.0	8.76071e-17
6658.0	1.079693e-16
6659.0	1.462897e-16
6660.0	1.481353e-16
6661.0	1.242432e-16
6662.0	1.140943e-16
6663.0	5.706697e-17
6664.0	1.38502e-16
6665.0	1.442611e-16
6666.0	1.616784e-16
6667.0	1.339998e-16
6668.0	1.343021e-16
6669.0	1.387323e-16
6670.0	1.066105e-16
6671.0	1.33703e-16
6672.0	1.085714e-16
6673.0	8.532261e-17
6674.0	1.070886e-16
6675.0	5.166585e-17
6676.0	9.970908e-17
6677.0	8.089361e-17
6678.0	3.959704e-17
6679.0	3.508778e-17
6680.0	4.59633e-17
6681.0	7.928328e-17
6682.0	1.179093e-16
6683.0	6.709332e-17
6684.0	8.141325e-17
6685.0	8.433677e-17
6686.0	1.564517e-16
6687.0	1.582249e-16
6688.0	7.750513e-17
6689.0	1.179933e-16
6690.0	1.687535e-16
6691.0	1.936063e-16
6692.0	1.360574e-16
6693.0	7.771984e-17
6694.0	1.218622e-16
6695.0	9.400513e-17
6696.0	8.111231e-17
6697.0	9.603615e-17
6698.0	8.73819e-17
6699.0	1.290112e-16
6700.0	1.575278e-16
6701.0	1.205805e-16
6702.0	1.192264e-16
6703.0	9.91259e-17
6704.0	9.530184e-17
6705.0	1.010467e-16
6706.0	1.020473e-16
6707.0	8.030034e-17
6708.0	9.676912e-17
6709.0	9.087484e-17
6710.0	9.39142e-17
6711.0	9.316534e-17
6712.0	7.384507e-17
6713.0	8.214897e-17
6714.0	9.016028e-17
6715.0	4.746168e-17
6716.0	3.143849e-17
6717.0	4.217493e-17
6718.0	7.156559e-17
6719.0	8.553642e-17
6720.0	9.665163e-17
6721.0	9.926069e-17
6722.0	7.772613e-17
6723.0	4.879075e-17
6724.0	5.631147e-17
6725.0	1.325651e-16
6726.0	1.485668e-16
6727.0	1.269499e-16
6728.0	1.157057e-16
6729.0	5.747265e-17
6730.0	9.850445e-17
6731.0	1.091843e-16
6732.0	1.120267e-16
6733.0	1.291271e-16
6734.0	9.865189e-17
6735.0	1.101244e-16
6736.0	6.402212e-17
6737.0	7.64395e-17
6738.0	1.005466e-16
6739.0	9.381902e-17
6740.0	1.297647e-16
6741.0	1.287828e-16
6742.0	5.608439e-17
6743.0	7.155994e-17
6744.0	5.857775e-17
6745.0	7.386994e-17
6746.0	1.695175e-16
6747.0	1.154278e-16
6748.0	1.014433e-16
6749.0	9.012285e-17
6750.0	5.181734e-17
6751.0	6.083573e-17
6752.0	8.2328e-17
6753.0	6.840923e-17
6754.0	5.576858e-17
6755.0	5.491767e-17
6756.0	7.391516e-17
6757.0	1.578804e-16
6758.0	9.326292e-17
6759.0	1.275136e-16
6760.0	1.175264e-16
6761.0	1.364371e-16
6762.0	1.107878e-16
6763.0	8.433804e-17
6764.0	9.378435e-17
6765.0	7.673856e-17
6766.0	1.093022e-16
6767.0	9.205479e-17
6768.0	7.926148e-17
6769.0	1.129543e-16
6770.0	6.892496e-17
6771.0	2.425137e-17
6772.0	1.468993e-17
6773.0	7.651382e-17
6774.0	1.2602e-16
6775.0	9.425633e-17
6776.0	7.858571e-17
6777.0	8.309931e-17
6778.0	3.886451e-17
6779.0	6.727437e-17
6780.0	4.829057e-17
6781.0	2.073705e-17
6782.0	2.095281e-17
6783.0	5.826611e-17
6784.0	1.49043e-16
6785.0	1.12807e-16
6786.0	3.542463e-17
6787.0	3.979333e-17
6788.0	2.743621e-17
6789.0	3.798489e-17
6790.0	3.236665e-17
6791.0	4.830006e-17
6792.0	8.576463e-17
6793.0	6.364281e-17
6794.0	6.426988e-17
6795.0	4.749471e-17
6796.0	1.232331e-16
6797.0	1.110207e-16
6798.0	8.985007e-17
6799.0	1.10979e-16
6800.0	9.00178e-17
6801.0	1.129253e-16
6802.0	1.38928e-16
6803.0	1.191069e-16
6804.0	1.364011e-16
6805.0	6.684953e-17
6806.0	1.150497e-16
6807.0	1.34124e-16
6808.0	1.408588e-16
6809.0	1.457043e-16
6810.0	1.074024e-16
6811.0	8.983544e-17
6812.0	1.156848e-16
6813.0	1.104493e-16
6814.0	9.743367e-17
6815.0	6.636407e-17
6816.0	5.540623e-17
6817.0	1.077435e-16
6818.0	5.099749e-17
6819.0	7.188575e-17
6820.0	1.068523e-16
6821.0	1.206535e-16
6822.0	1.380331e-16
6823.0	1.475654e-16
6824.0	1.362713e-16
6825.0	1.380758e-16
6826.0	5.939617e-17
6827.0	8.465096e-17
6828.0	9.588879e-17
6829.0	4.450821e-18
6830.0	-5.135992e-17
6831.0	4.702607e-18
6832.0	-1.786884e-17
6833.0	9.1582e-17
6834.0	6.47041e-17
6835.0	4.709987e-17
6836.0	9.467304e-17
6837.0	1.694566e-16
6838.0	1.757817e-16
6839.0	7.000792e-17
6840.0	2.627509e-17
6841.0	3.310064e-17
6842.0	1.047151e-16
6843.0	1.211444e-16
6844.0	7.553971e-17
6845.0	7.599179e-17
6846.0	9.378507e-17
6847.0	9.898241e-17
6848.0	1.038719e-16
6849.0	4.28105e-17
6850.0	4.892217e-17
6851.0	8.251433e-17
6852.0	1.25955e-16
6853.0	1.009041e-16
6854.0	9.190003e-18
6855.0	4.357706e-17
6856.0	1.263722e-16
6857.0	1.035464e-16
6858.0	1.451105e-16
6859.0	7.189438e-17
6860.0	9.636055e-17
6861.0	1.718783e-16
6862.0	1.044686e-16
6863.0	1.521054e-16
6864.0	8.620602e-17
6865.0	-6.258681e-17
6866.0	8.115792e-17
6867.0	-3.467381e-17
6868.0	1.071341e-16
6869.0	1.040976e-16
6870.0	5.858785e-17
6871.0	8.954603e-17
6872.0	1.017328e-16
6873.0	1.024167e-16
6874.0	7.139641e-17
6875.0	7.895782e-17
6876.0	6.920271e-17
6877.0	1.167493e-16
6878.0	8.583173e-17
6879.0	4.607351e-17
6880.0	2.253361e-17
6881.0	4.290012e-17
6882.0	5.069184e-17
6883.0	1.655744e-17
6884.0	1.141807e-17
6885.0	2.43065e-17
6886.0	5.119349e-17
6887.0	5.062902e-17
6888.0	1.234003e-16
6889.0	1.174208e-16
6890.0	1.39116e-16
6891.0	8.87788e-17
6892.0	1.143246e-16
6893.0	1.306512e-16
6894.0	9.297334e-17
6895.0	4.531759e-17
6896.0	3.849336e-17
6897.0	1.238719e-16
6898.0	1.02637e-16
6899.0	4.977978e-17
6900.0	5.543291e-17
6901.0	4.441778e-17
6902.0	1.301884e-16
6903.0	9.010245e-17
6904.0	3.621647e-17
6905.0	5.955485e-17
6906.0	8.720547e-17
6907.0	9.280792e-17
6908.0	7.903322e-17
6909.0	1.322263e-16
6910.0	1.451308e-16
6911.0	9.619788e-17
6912.0	1.145413e-16
6913.0	1.259113e-16
6914.0	4.721328e-17
6915.0	3.454608e-17
6916.0	6.880558e-17
6917.0	1.189857e-16
6918.0	9.247875e-17
6919.0	1.045696e-16
6920.0	7.837458e-17
6921.0	6.730548e-17
6922.0	7.497492e-17
6923.0	8.139403e-17
6924.0	7.286023e-17
6925.0	1.396386e-17
6926.0	2.869242e-17
6927.0	7.469406e-17
6928.0	3.476125e-17
6929.0	8.968269e-17
6930.0	5.332924e-17
6931.0	4.630336e-17
6932.0	9.427814e-17
6933.0	9.474001e-17
6934.0	9.174281e-17
6935.0	6.026802e-17
6936.0	1.035651e-16
6937.0	7.852371e-17
6938.0	9.748135e-17
6939.0	9.947303e-17
6940.0	1.216567e-16
6941.0	1.157459e-16
6942.0	3.303418e-17
6943.0	9.87088e-17
6944.0	1.343385e-16
6945.0	9.744412e-17
6946.0	8.130595e-17
6947.0	8.049561e-17
6948.0	8.645823e-17
6949.0	1.385476e-16
6950.0	7.641989e-17
6951.0	-1.083547e-17
6952.0	4.13234e-17
6953.0	4.58215e-17
6954.0	1.081424e-16
6955.0	8.708205e-17
6956.0	7.382628e-17
6957.0	7.860979e-17
6958.0	1.090939e-16
6959.0	9.19305e-17
6960.0	7.471632e-17
6961.0	9.367799e-17
6962.0	6.078772e-17
6963.0	4.884381e-17
6964.0	5.411876e-17
6965.0	4.448252e-17
6966.0	6.545385e-17
6967.0	9.263489e-17
6968.0	6.234134e-17
6969.0	2.430193e-17
6970.0	6.733721e-17
6971.0	8.13338e-17
6972.0	1.156718e-16
6973.0	1.435144e-16
6974.0	5.92965e-17
6975.0	5.119913e-17
6976.0	6.713616e-17
6977.0	8.356754e-17
6978.0	4.777916e-17
6979.0	7.824814e-17
6980.0	1.88468e-16
6981.0	1.504173e-16
6982.0	4.138623e-17
6983.0	1.293183e-16
6984.0	1.241309e-16
6985.0	1.23183e-16
6986.0	7.72632e-17
6987.0	7.965227e-17
6988.0	9.28351e-17
6989.0	6.25873e-17
6990.0	7.052905e-17
6991.0	6.312197e-17
6992.0	7.735256e-17
6993.0	1.035531e-16
6994.0	1.25658e-16
6995.0	9.603836e-17
6996.0	5.866461e-17
6997.0	7.546673e-17
6998.0	4.482313e-17
6999.0	5.517434e-17
7000.0	6.51735e-17
7001.0	7.402091e-17
7002.0	5.681512e-17
7003.0	6.864833e-17
7004.0	7.077951e-17
7005.0	8.904696e-17
7006.0	3.833994e-17
7007.0	2.163344e-17
7008.0	1.204791e-17
7009.0	2.400127e-17
7010.0	4.03931e-17
7011.0	7.981865e-17
7012.0	1.245972e-16
7013.0	1.197143e-16
7014.0	6.04717e-17
7015.0	7.316379e-17
7016.0	3.112791e-17
7017.0	1.692193e-17
7018.0	3.30578e-17
7019.0	8.850695e-17
7020.0	8.727837e-17
7021.0	5.526883e-17
7022.0	5.160067e-17
7023.0	1.058396e-16
7024.0	8.445177e-17
7025.0	7.291333e-17
7026.0	8.140249e-17
7027.0	7.279263e-17
7028.0	8.692514e-17
7029.0	5.318828e-17
7030.0	3.638113e-17
7031.0	7.953147e-17
7032.0	8.389529e-17
7033.0	6.061233e-17
7034.0	1.14265e-16
7035.0	6.875919e-17
7036.0	1.038175e-16
7037.0	1.003762e-16
7038.0	8.535376e-17
7039.0	7.357752e-17
7040.0	4.800517e-17
7041.0	3.904595e-17
7042.0	5.891497e-17
7043.0	5.633598e-17
7044.0	6.640061e-17
7045.0	9.722169e-17
7046.0	7.23776e-17
7047.0	7.460938e-17
7048.0	6.774035e-17
7049.0	1.05824e-16
7050.0	6.108064e-17
7051.0	6.172955e-17
7052.0	4.29297e-17
7053.0	1.329052e-17
7054.0	7.363104e-17
7055.0	2.417053e-17
7056.0	5.700038e-17
7057.0	1.875375e-17
7058.0	2.703934e-17
7059.0	8.834515e-17
7060.0	1.30942e-16
