#	 ps16aer 
#	 UT date of observation: 20160209 
#	 Telescope/Instrument: SOAR/Goodman 
#	 Estimated Peak MJD: 57434.398 
#	 Estimated redshift: 0.055 
#	 Estimated Phase: -7.0 
#	 Published in Dettman et al. 2020 
#	 Observed barycentric wavelength (Angstroms)    F_lambda
3700.0	1.541736
3702.0	1.612481
3704.0	1.528589
3706.0	1.528734
3708.0	1.555111
3710.0	1.52208
3712.0	1.536895
3714.0	1.684815
3716.0	1.624985
3718.0	1.55214
3720.0	1.637918
3722.0	1.7018
3724.0	1.528461
3726.0	1.525051
3728.0	1.552245
3730.0	1.625452
3732.0	1.624311
3734.0	1.549182
3736.0	1.476252
3738.0	1.617488
3740.0	1.61395
3742.0	1.481043
3744.0	1.585289
3746.0	1.488365
3748.0	1.478092
3750.0	1.491359
3752.0	1.472544
3754.0	1.450483
3756.0	1.418321
3758.0	1.570657
3760.0	1.515874
3762.0	1.433409
3764.0	1.490436
3766.0	1.422682
3768.0	1.513077
3770.0	1.483747
3772.0	1.479089
3774.0	1.413349
3776.0	1.391982
3778.0	1.32943
3780.0	1.354324
3782.0	1.270148
3784.0	1.289461
3786.0	1.303736
3788.0	1.287731
3790.0	1.270983
3792.0	1.277105
3794.0	1.274625
3796.0	1.232023
3798.0	1.227874
3800.0	1.216547
3802.0	1.228228
3804.0	1.15012
3806.0	1.227273
3808.0	1.232784
3810.0	1.121375
3812.0	1.102847
3814.0	1.08165
3816.0	1.056463
3818.0	0.9671183
3820.0	0.937593
3822.0	0.9550588
3824.0	0.928912
3826.0	0.920285
3828.0	0.8298566
3830.0	0.8083493
3832.0	0.8169066
3834.0	0.7757706
3836.0	0.7771118
3838.0	0.72887
3840.0	0.7748586
3842.0	0.7397671
3844.0	0.6671569
3846.0	0.7137989
3848.0	0.683493
3850.0	0.6722075
3852.0	0.5993885
3854.0	0.5948281
3856.0	0.580065
3858.0	0.6021593
3860.0	0.5787333
3862.0	0.5855185
3864.0	0.529067
3866.0	0.4873451
3868.0	0.4785273
3870.0	0.5276369
3872.0	0.5439355
3874.0	0.5008332
3876.0	0.466171
3878.0	0.4598456
3880.0	0.4824419
3882.0	0.5055284
3884.0	0.4725066
3886.0	0.4740278
3888.0	0.508271
3890.0	0.4918479
3892.0	0.4788991
3894.0	0.4780086
3896.0	0.4248393
3898.0	0.4416568
3900.0	0.4634406
3902.0	0.4560571
3904.0	0.4743779
3906.0	0.4734072
3908.0	0.4715179
3910.0	0.4570966
3912.0	0.4600119
3914.0	0.4833019
3916.0	0.4661136
3918.0	0.4453783
3920.0	0.4528744
3922.0	0.4711665
3924.0	0.4554264
3926.0	0.4623162
3928.0	0.4832542
3930.0	0.4663722
3932.0	0.4957179
3934.0	0.5170827
3936.0	0.4888557
3938.0	0.5265985
3940.0	0.5717878
3942.0	0.5667631
3944.0	0.5809183
3946.0	0.6152773
3948.0	0.6389676
3950.0	0.6495845
3952.0	0.6520113
3954.0	0.6491583
3956.0	0.6599422
3958.0	0.6697407
3960.0	0.6834781
3962.0	0.6965386
3964.0	0.6902871
3966.0	0.6695426
3968.0	0.6641017
3970.0	0.6778061
3972.0	0.6853256
3974.0	0.6789411
3976.0	0.6778482
3978.0	0.6687514
3980.0	0.6968188
3982.0	0.7267649
3984.0	0.7216793
3986.0	0.7415901
3988.0	0.7506105
3990.0	0.7382084
3992.0	0.7529149
3994.0	0.816213
3996.0	0.8521166
3998.0	0.836525
4000.0	0.8164489
4002.0	0.8072328
4004.0	0.7987134
4006.0	0.8342693
4008.0	0.9083493
4010.0	0.9380123
4012.0	0.944787
4014.0	0.9432969
4016.0	0.9335754
4018.0	0.9773443
4020.0	1.033676
4022.0	1.030149
4024.0	1.021751
4026.0	1.032849
4028.0	1.035292
4030.0	1.056557
4032.0	1.051646
4034.0	1.076005
4036.0	1.140124
4038.0	1.178562
4040.0	1.200614
4042.0	1.213956
4044.0	1.273229
4046.0	1.302201
4048.0	1.328756
4050.0	1.36564
4052.0	1.355468
4054.0	1.362928
4056.0	1.382471
4058.0	1.405979
4060.0	1.445659
4062.0	1.435264
4064.0	1.434973
4066.0	1.456597
4068.0	1.485512
4070.0	1.516716
4072.0	1.555246
4074.0	1.589997
4076.0	1.550291
4078.0	1.502316
4080.0	1.494671
4082.0	1.546645
4084.0	1.554092
4086.0	1.602978
4088.0	1.6738
4090.0	1.60838
4092.0	1.585076
4094.0	1.590701
4096.0	1.595803
4098.0	1.675094
4100.0	1.628406
4102.0	1.557579
4104.0	1.58292
4106.0	1.609422
4108.0	1.630644
4110.0	1.647273
4112.0	1.648082
4114.0	1.633065
4116.0	1.623732
4118.0	1.610843
4120.0	1.664282
4122.0	1.717847
4124.0	1.678874
4126.0	1.672657
4128.0	1.752056
4130.0	1.777466
4132.0	1.766266
4134.0	1.754737
4136.0	1.742412
4138.0	1.73244
4140.0	1.718184
4142.0	1.668988
4144.0	1.668932
4146.0	1.680278
4148.0	1.66203
4150.0	1.632109
4152.0	1.606772
4154.0	1.60912
4156.0	1.6199
4158.0	1.689186
4160.0	1.689706
4162.0	1.638084
4164.0	1.591667
4166.0	1.622241
4168.0	1.58487
4170.0	1.567367
4172.0	1.505827
4174.0	1.499057
4176.0	1.495957
4178.0	1.509295
4180.0	1.46445
4182.0	1.491054
4184.0	1.454672
4186.0	1.430396
4188.0	1.46335
4190.0	1.469055
4192.0	1.498828
4194.0	1.44155
4196.0	1.406116
4198.0	1.441689
4200.0	1.466565
4202.0	1.457841
4204.0	1.42755
4206.0	1.447525
4208.0	1.495344
4210.0	1.505924
4212.0	1.509025
4214.0	1.481875
4216.0	1.416406
4218.0	1.482225
4220.0	1.53197
4222.0	1.478395
4224.0	1.463381
4226.0	1.465848
4228.0	1.52308
4230.0	1.521785
4232.0	1.520711
4234.0	1.535633
4236.0	1.531032
4238.0	1.498136
4240.0	1.58475
4242.0	1.60809
4244.0	1.55333
4246.0	1.596978
4248.0	1.653457
4250.0	1.635509
4252.0	1.614783
4254.0	1.658437
4256.0	1.677745
4258.0	1.721249
4260.0	1.690102
4262.0	1.68261
4264.0	1.739157
4266.0	1.796816
4268.0	1.812907
4270.0	1.802552
4272.0	1.772053
4274.0	1.853604
4276.0	1.875476
4278.0	1.8448
4280.0	1.877075
4282.0	1.880222
4284.0	1.896212
4286.0	1.887342
4288.0	1.871054
4290.0	1.904842
4292.0	1.879935
4294.0	1.851116
4296.0	1.873401
4298.0	1.867225
4300.0	1.88478
4302.0	1.935152
4304.0	1.94217
4306.0	1.933162
4308.0	1.925465
4310.0	1.967476
4312.0	1.936661
4314.0	1.912642
4316.0	1.956443
4318.0	1.940892
4320.0	1.94013
4322.0	1.920428
4324.0	1.868798
4326.0	1.880593
4328.0	1.878944
4330.0	1.809311
4332.0	1.805041
4334.0	1.769007
4336.0	1.740772
4338.0	1.70328
4340.0	1.751583
4342.0	1.763649
4344.0	1.750109
4346.0	1.775725
4348.0	1.759026
4350.0	1.71592
4352.0	1.736627
4354.0	1.711933
4356.0	1.703411
4358.0	1.693444
4360.0	1.705151
4362.0	1.713925
4364.0	1.686686
4366.0	1.666971
4368.0	1.660791
4370.0	1.673526
4372.0	1.650326
4374.0	1.636576
4376.0	1.683146
4378.0	1.669147
4380.0	1.703629
4382.0	1.697644
4384.0	1.64346
4386.0	1.633699
4388.0	1.613073
4390.0	1.639996
4392.0	1.657996
4394.0	1.634584
4396.0	1.613689
4398.0	1.667737
4400.0	1.62174
4402.0	1.57045
4404.0	1.53876
4406.0	1.532522
4408.0	1.505762
4410.0	1.507283
4412.0	1.504421
4414.0	1.451606
4416.0	1.416711
4418.0	1.450132
4420.0	1.468625
4422.0	1.413594
4424.0	1.34329
4426.0	1.361895
4428.0	1.38715
4430.0	1.336685
4432.0	1.330524
4434.0	1.354918
4436.0	1.334017
4438.0	1.338891
4440.0	1.348835
4442.0	1.29153
4444.0	1.268481
4446.0	1.246692
4448.0	1.28107
4450.0	1.254545
4452.0	1.207631
4454.0	1.212496
4456.0	1.223254
4458.0	1.186719
4460.0	1.191988
4462.0	1.176913
4464.0	1.16591
4466.0	1.150997
4468.0	1.116931
4470.0	1.101559
4472.0	1.124143
4474.0	1.101791
4476.0	1.11167
4478.0	1.088429
4480.0	1.045113
4482.0	1.019965
4484.0	1.013354
4486.0	1.00335
4488.0	0.9935303
4490.0	1.010426
4492.0	0.9968718
4494.0	0.9984527
4496.0	0.9741271
4498.0	0.9468896
4500.0	0.9189996
4502.0	0.930756
4504.0	0.952553
4506.0	0.9378983
4508.0	0.9179575
4510.0	0.9185824
4512.0	0.9069852
4514.0	0.8784547
4516.0	0.8666863
4518.0	0.8869625
4520.0	0.8655269
4522.0	0.856955
4524.0	0.8793589
4526.0	0.8614554
4528.0	0.8906254
4530.0	0.9239963
4532.0	0.9095627
4534.0	0.8984094
4536.0	0.9070166
4538.0	0.9146664
4540.0	0.9330313
4542.0	0.9450617
4544.0	0.9439744
4546.0	0.9588724
4548.0	0.9727271
4550.0	0.9845186
4552.0	0.991159
4554.0	0.99539
4556.0	1.014934
4558.0	1.02128
4560.0	1.034963
4562.0	1.051732
4564.0	1.054751
4566.0	1.072745
4568.0	1.090817
4570.0	1.078393
4572.0	1.100808
4574.0	1.148905
4576.0	1.130692
4578.0	1.10283
4580.0	1.122672
4582.0	1.135295
4584.0	1.131363
4586.0	1.148812
4588.0	1.152823
4590.0	1.131463
4592.0	1.135646
4594.0	1.183101
4596.0	1.216492
4598.0	1.18055
4600.0	1.167924
4602.0	1.206403
4604.0	1.21553
4606.0	1.233484
4608.0	1.266363
4610.0	1.255776
4612.0	1.250796
4614.0	1.26597
4616.0	1.258345
4618.0	1.25213
4620.0	1.229777
4622.0	1.195352
4624.0	1.194272
4626.0	1.199423
4628.0	1.186556
4630.0	1.191701
4632.0	1.185199
4634.0	1.158364
4636.0	1.175507
4638.0	1.170954
4640.0	1.140563
4642.0	1.127154
4644.0	1.126683
4646.0	1.138111
4648.0	1.132958
4650.0	1.117684
4652.0	1.130744
4654.0	1.143355
4656.0	1.108405
4658.0	1.105879
4660.0	1.131789
4662.0	1.133893
4664.0	1.141861
4666.0	1.125845
4668.0	1.130371
4670.0	1.184047
4672.0	1.214797
4674.0	1.2396
4676.0	1.249126
4678.0	1.245514
4680.0	1.274753
4682.0	1.272659
4684.0	1.254817
4686.0	1.294359
4688.0	1.337555
4690.0	1.34145
4692.0	1.342975
4694.0	1.38881
4696.0	1.395422
4698.0	1.370474
4700.0	1.401104
4702.0	1.368697
4704.0	1.336544
4706.0	1.390675
4708.0	1.456203
4710.0	1.444733
4712.0	1.412141
4714.0	1.389941
4716.0	1.383041
4718.0	1.45201
4720.0	1.448278
4722.0	1.412894
4724.0	1.40909
4726.0	1.444514
4728.0	1.463451
4730.0	1.494438
4732.0	1.455211
4734.0	1.464173
4736.0	1.5274
4738.0	1.509043
4740.0	1.472734
4742.0	1.480888
4744.0	1.476768
4746.0	1.48948
4748.0	1.488142
4750.0	1.50167
4752.0	1.51562
4754.0	1.494327
4756.0	1.493322
4758.0	1.454085
4760.0	1.426604
4762.0	1.470072
4764.0	1.458025
4766.0	1.464592
4768.0	1.430735
4770.0	1.398329
4772.0	1.417136
4774.0	1.451437
4776.0	1.456507
4778.0	1.419082
4780.0	1.425563
4782.0	1.403756
4784.0	1.410316
4786.0	1.427971
4788.0	1.381438
4790.0	1.402591
4792.0	1.415284
4794.0	1.439908
4796.0	1.42139
4798.0	1.415252
4800.0	1.396648
4802.0	1.39352
4804.0	1.4151
4806.0	1.416356
4808.0	1.396005
4810.0	1.437853
4812.0	1.374895
4814.0	1.380904
4816.0	1.394086
4818.0	1.408709
4820.0	1.404534
4822.0	1.399243
4824.0	1.434409
4826.0	1.397544
4828.0	1.371053
4830.0	1.416416
4832.0	1.360405
4834.0	1.400253
4836.0	1.393946
4838.0	1.340043
4840.0	1.354091
4842.0	1.35664
4844.0	1.333972
4846.0	1.303366
4848.0	1.307272
4850.0	1.296812
4852.0	1.312327
4854.0	1.305532
4856.0	1.285767
4858.0	1.265963
4860.0	1.233199
4862.0	1.231097
4864.0	1.204493
4866.0	1.200221
4868.0	1.205291
4870.0	1.209872
4872.0	1.198632
4874.0	1.17329
4876.0	1.166261
4878.0	1.179169
4880.0	1.158159
4882.0	1.157391
4884.0	1.142968
4886.0	1.134914
4888.0	1.091516
4890.0	1.080232
4892.0	1.071048
4894.0	1.064494
4896.0	1.07393
4898.0	1.060405
4900.0	1.061804
4902.0	1.035787
4904.0	1.049167
4906.0	1.017374
4908.0	1.02247
4910.0	1.05387
4912.0	1.025123
4914.0	1.037083
4916.0	1.006158
4918.0	1.010739
4920.0	1.017764
4922.0	1.043208
4924.0	1.027149
4926.0	1.022553
4928.0	1.047585
4930.0	1.04171
4932.0	1.001394
4934.0	1.012504
4936.0	1.018592
4938.0	0.9866394
4940.0	0.9885409
4942.0	0.9859577
4944.0	1.004449
4946.0	0.994581
4948.0	0.9637738
4950.0	0.9940741
4952.0	1.013604
4954.0	0.9832553
4956.0	0.9678589
4958.0	0.9976456
4960.0	0.9390281
4962.0	0.9340961
4964.0	0.9572219
4966.0	0.9624389
4968.0	0.9727981
4970.0	0.94318
4972.0	0.9385242
4974.0	0.9230833
4976.0	0.9126409
4978.0	0.9092367
4980.0	0.9477961
4982.0	0.9355329
4984.0	0.9357859
4986.0	0.9568722
4988.0	0.9236314
4990.0	0.9184836
4992.0	0.9079994
4994.0	0.8842965
4996.0	0.889098
4998.0	0.8779268
5000.0	0.8527499
5002.0	0.8295351
5004.0	0.8664746
5006.0	0.8907052
5008.0	0.8642196
5010.0	0.8695205
5012.0	0.8791167
5014.0	0.935347
5016.0	0.9244191
5018.0	0.8910142
5020.0	0.8922074
5022.0	0.8905669
5024.0	0.9075815
5026.0	0.9184818
5028.0	0.9312621
5030.0	0.9302242
5032.0	0.9344031
5034.0	0.9301684
5036.0	0.9041564
5038.0	0.886448
5040.0	0.9074337
5042.0	0.8886271
5044.0	0.8793927
5046.0	0.9150274
5048.0	0.9062183
5050.0	0.8871914
5052.0	0.8996322
5054.0	0.8918616
5056.0	0.8716757
5058.0	0.853032
5060.0	0.8437181
5062.0	0.8631052
5064.0	0.8521083
5066.0	0.8272696
5068.0	0.8180832
5070.0	0.8079265
5072.0	0.811628
5074.0	0.7876768
5076.0	0.7648547
5078.0	0.7686987
5080.0	0.7738883
5082.0	0.7634414
5084.0	0.7727736
5086.0	0.7414602
5088.0	0.6806753
5090.0	0.6872864
5092.0	0.7238495
5094.0	0.723316
5096.0	0.692764
5098.0	0.6810908
5100.0	0.673801
5102.0	0.6753535
5104.0	0.6917735
5106.0	0.6593667
5108.0	0.6359016
5110.0	0.6522814
5112.0	0.6681391
5114.0	0.6930574
5116.0	0.6815562
5118.0	0.6441752
5120.0	0.64542
5122.0	0.6673881
5124.0	0.6677107
5126.0	0.6554923
5128.0	0.6615023
5130.0	0.6547096
5132.0	0.6380777
5134.0	0.6580225
5136.0	0.6780518
5138.0	0.6844624
5140.0	0.6998441
5142.0	0.7211791
5144.0	0.7233511
5146.0	0.7090312
5148.0	0.7197642
5150.0	0.7355604
5152.0	0.7447443
5154.0	0.7439654
5156.0	0.7374572
5158.0	0.7654362
5160.0	0.7690144
5162.0	0.7474061
5164.0	0.7353072
5166.0	0.7274086
5168.0	0.7440923
5170.0	0.7561679
5172.0	0.7578678
5174.0	0.7669396
5176.0	0.7723661
5178.0	0.7625757
5180.0	0.761787
5182.0	0.7720168
5184.0	0.7629235
5186.0	0.7624629
5188.0	0.7982504
5190.0	0.7890257
5192.0	0.7716815
5194.0	0.8048155
5196.0	0.826321
5198.0	0.8262291
5200.0	0.8127323
5202.0	0.7996699
5204.0	0.7990782
5206.0	0.8117165
5208.0	0.8093508
5210.0	0.7922015
5212.0	0.7942667
5214.0	0.7993286
5216.0	0.7904975
5218.0	0.7973891
5220.0	0.8092762
5222.0	0.8130584
5224.0	0.8132957
5226.0	0.7966432
5228.0	0.7924272
5230.0	0.7979395
5232.0	0.8008722
5234.0	0.7947167
5236.0	0.7932688
5238.0	0.8039226
5240.0	0.7917576
5242.0	0.7826182
5244.0	0.7763571
5246.0	0.7730978
5248.0	0.769434
5250.0	0.7741095
5252.0	0.82309
5254.0	0.8366829
5256.0	0.8206591
5258.0	0.8126259
5260.0	0.8212145
5262.0	0.8093963
5264.0	0.8147393
5266.0	0.8176774
5268.0	0.827686
5270.0	0.8530496
5272.0	0.8492375
5274.0	0.8525686
5276.0	0.8617953
5278.0	0.8622395
5280.0	0.8414407
5282.0	0.8481061
5284.0	0.8402371
5286.0	0.8361312
5288.0	0.8353173
5290.0	0.8600376
5292.0	0.8707491
5294.0	0.8743051
5296.0	0.8807984
5298.0	0.8724319
5300.0	0.9035127
5302.0	0.9305397
5304.0	0.9297825
5306.0	0.8995692
5308.0	0.9322606
5310.0	0.9361494
5312.0	0.8996952
5314.0	0.9150375
5316.0	0.9451765
5318.0	0.9469449
5320.0	0.9459842
5322.0	0.9551782
5324.0	0.9558309
5326.0	0.9506173
5328.0	0.9495206
5330.0	0.9618787
5332.0	0.9778625
5334.0	0.9841676
5336.0	1.006148
5338.0	0.9661664
5340.0	0.9529825
5342.0	0.9555705
5344.0	0.9962122
5346.0	0.9859501
5348.0	0.9713737
5350.0	1.003247
5352.0	1.008528
5354.0	0.9871295
5356.0	0.9919064
5358.0	0.9925031
5360.0	1.007455
5362.0	1.000654
5364.0	1.001883
5366.0	0.9932702
5368.0	1.009414
5370.0	1.014748
5372.0	1.016636
5374.0	0.9942383
5376.0	0.9689573
5378.0	0.9695379
5380.0	0.9941056
5382.0	1.016435
5384.0	1.002522
5386.0	0.9725196
5388.0	0.9719498
5390.0	1.011503
5392.0	0.9700538
5394.0	0.9280623
5396.0	0.9706532
5398.0	0.9939707
5400.0	0.98103
5402.0	0.9925024
5404.0	0.9937434
5406.0	0.9709057
5408.0	0.9592066
5410.0	0.9547434
5412.0	0.9529734
5414.0	0.945841
5416.0	0.9603916
5418.0	0.9470925
5420.0	0.966551
5422.0	0.9475121
5424.0	0.9234826
5426.0	0.9541969
5428.0	0.9844176
5430.0	0.9979926
5432.0	0.9843066
5434.0	0.9791802
5436.0	0.9961535
5438.0	0.9871958
5440.0	0.992505
5442.0	1.016948
5444.0	0.9812139
5446.0	0.9990553
5448.0	0.9902791
5450.0	0.9703527
5452.0	1.007108
5454.0	1.004289
5456.0	1.005926
5458.0	0.9949095
5460.0	1.00737
5462.0	1.000058
5464.0	0.9954993
5466.0	0.9820682
5468.0	0.9717585
5470.0	0.969926
5472.0	0.9860839
5474.0	0.9596872
5476.0	0.9498648
5478.0	0.9711593
5480.0	0.9281862
5482.0	0.9210676
5484.0	0.9144841
5486.0	0.9375843
5488.0	0.8798504
5490.0	0.8489854
5492.0	0.8627162
5494.0	0.8596594
5496.0	0.8760463
5498.0	0.8597327
5500.0	0.8452516
5502.0	0.8327131
5504.0	0.8262296
5506.0	0.7850986
5508.0	0.7880752
5510.0	0.7944206
5512.0	0.7772675
5514.0	0.762003
5516.0	0.7663446
5518.0	0.7671115
5520.0	0.7461705
5522.0	0.733641
5524.0	0.6987848
5526.0	0.7163669
5528.0	0.7056873
5530.0	0.7145075
5532.0	0.7111368
5534.0	0.709918
5536.0	0.6979975
5538.0	0.7149457
5540.0	0.7103299
5542.0	0.7126176
5544.0	0.7067594
5546.0	0.712274
5548.0	0.7392046
5550.0	0.7173663
5552.0	0.6845123
5554.0	0.6927701
5556.0	0.7317601
5558.0	0.7306298
5560.0	0.7374917
5562.0	0.7230558
5564.0	0.7151906
5566.0	0.7376518
5568.0	0.7207628
5570.0	0.6997038
5572.0	0.699751
5574.0	0.7157871
5576.0	0.7103667
5578.0	0.7450003
5580.0	0.7396167
5582.0	0.8308579
5584.0	0.9380983
5586.0	0.8542097
5588.0	0.7290673
5590.0	0.7340266
5592.0	0.7132424
5594.0	0.7073298
5596.0	0.7251113
5598.0	0.7517868
5600.0	0.7575966
5602.0	0.7556651
5604.0	0.7885473
5606.0	0.7932977
5608.0	0.7918274
5610.0	0.7856697
5612.0	0.7638593
5614.0	0.7873954
5616.0	0.8031422
5618.0	0.802987
5620.0	0.8344359
5622.0	0.8273571
5624.0	0.8151644
5626.0	0.8309623
5628.0	0.826259
5630.0	0.8177286
5632.0	0.8148718
5634.0	0.8016742
5636.0	0.8130316
5638.0	0.8409003
5640.0	0.8324845
5642.0	0.8147082
5644.0	0.8126794
5646.0	0.7966673
5648.0	0.7933
5650.0	0.7935472
5652.0	0.7919946
5654.0	0.8072337
5656.0	0.7801237
5658.0	0.7675177
5660.0	0.8124565
5662.0	0.8097104
5664.0	0.7901306
5666.0	0.7980537
5668.0	0.7801844
5670.0	0.7757818
5672.0	0.7772821
5674.0	0.7531146
5676.0	0.7501812
5678.0	0.7423612
5680.0	0.7537982
5682.0	0.7551557
5684.0	0.7522638
5686.0	0.7713532
5688.0	0.7473628
5690.0	0.7170964
5692.0	0.6987451
5694.0	0.6877294
5696.0	0.696735
5698.0	0.7050987
5700.0	0.7020732
5702.0	0.7000691
5704.0	0.6863698
5706.0	0.6905484
5708.0	0.7142553
5710.0	0.698213
5712.0	0.6501897
5714.0	0.6363194
5716.0	0.6575053
5718.0	0.63934
5720.0	0.6355493
5722.0	0.6553532
5724.0	0.6599149
5726.0	0.6569933
5728.0	0.6412799
5730.0	0.6437905
5732.0	0.6481054
5734.0	0.653003
5736.0	0.6605054
5738.0	0.6530228
5740.0	0.6549476
5742.0	0.6385195
5744.0	0.6318802
5746.0	0.6479779
5748.0	0.6686013
5750.0	0.6857772
5752.0	0.6831715
5754.0	0.6707444
5756.0	0.6583573
5758.0	0.6777606
5760.0	0.7099288
5762.0	0.7073138
5764.0	0.7336221
5766.0	0.7570636
5768.0	0.7504683
5770.0	0.7416759
5772.0	0.7588733
5774.0	0.7643573
5776.0	0.7311537
5778.0	0.7594039
5780.0	0.8022152
5782.0	0.7885606
5784.0	0.7917486
5786.0	0.8057848
5788.0	0.8015947
5790.0	0.8185419
5792.0	0.8065048
5794.0	0.7975386
5796.0	0.8303503
5798.0	0.8591258
5800.0	0.8520137
5802.0	0.8406528
5804.0	0.8439839
5806.0	0.8814206
5808.0	0.8843591
5810.0	0.8671422
5812.0	0.8948556
5814.0	0.8766165
5816.0	0.8623038
5818.0	0.9086778
5820.0	0.90135
5822.0	0.9100881
5824.0	0.9210839
5826.0	0.8922693
5828.0	0.8914527
5830.0	0.8876485
5832.0	0.8766276
5834.0	0.8852193
5836.0	0.8816249
5838.0	0.872532
5840.0	0.8589919
5842.0	0.8766291
5844.0	0.8895211
5846.0	0.9015832
5848.0	0.9017726
5850.0	0.8622625
5852.0	0.8278805
5854.0	0.8521288
5856.0	0.8606315
5858.0	0.8723712
5860.0	0.8712738
5862.0	0.8620416
5864.0	0.888437
5866.0	0.9012359
5868.0	0.9186087
5870.0	0.8938614
5872.0	0.8882149
5874.0	0.9093173
5876.0	0.9015452
5878.0	0.8846129
5880.0	0.8757029
5882.0	0.8781134
5884.0	0.8906693
5886.0	0.9172934
5888.0	0.9117084
5890.0	0.9318185
5892.0	0.9515274
5894.0	0.9270852
5896.0	0.9274806
5898.0	0.9402106
5900.0	0.9292372
5902.0	0.913211
5904.0	0.923651
5906.0	0.9132591
5908.0	0.9220749
5910.0	0.9262176
5912.0	0.889442
5914.0	0.8979713
5916.0	0.9064916
5918.0	0.8949828
5920.0	0.8875296
5922.0	0.9269099
5924.0	0.9331675
5926.0	0.935216
5928.0	0.912046
5930.0	0.9206109
5932.0	0.9144306
5934.0	0.9042903
5936.0	0.8959007
5938.0	0.8855296
5940.0	0.9137115
5942.0	0.9249843
5944.0	0.9152779
5946.0	0.9207641
5948.0	0.9261665
5950.0	0.9186111
5952.0	0.9089421
5954.0	0.894808
5956.0	0.893454
5958.0	0.8794754
5960.0	0.8878822
5962.0	0.9138301
5964.0	0.9160942
5966.0	0.8833341
5968.0	0.8793215
5970.0	0.8951593
5972.0	0.8860866
5974.0	0.8701785
5976.0	0.8861773
5978.0	0.8688052
5980.0	0.8908279
5982.0	0.9046265
5984.0	0.8567035
5986.0	0.8515095
5988.0	0.8500597
5990.0	0.8698605
5992.0	0.8532485
5994.0	0.8215425
5996.0	0.8171878
5998.0	0.8403241
6000.0	0.8533397
6002.0	0.8373612
6004.0	0.8146681
6006.0	0.8104157
6008.0	0.8151116
6010.0	0.8128604
6012.0	0.8110712
6014.0	0.7750662
6016.0	0.7764754
6018.0	0.7948382
6020.0	0.7700832
6022.0	0.7858039
6024.0	0.7990649
6026.0	0.7867392
6028.0	0.7999239
6030.0	0.7898349
6032.0	0.7491372
6034.0	0.759408
6036.0	0.7956122
6038.0	0.7922779
6040.0	0.745662
6042.0	0.7349933
6044.0	0.7277575
6046.0	0.7314259
6048.0	0.7381884
6050.0	0.710649
6052.0	0.7042819
6054.0	0.7118949
6056.0	0.7144669
6058.0	0.7009324
6060.0	0.6979362
6062.0	0.7146987
6064.0	0.7162767
6066.0	0.7192405
6068.0	0.7063484
6070.0	0.6922531
6072.0	0.7039198
6074.0	0.7149149
6076.0	0.7200359
6078.0	0.7172373
6080.0	0.7124495
6082.0	0.7237294
6084.0	0.7303382
6086.0	0.7266878
6088.0	0.7357373
6090.0	0.7553626
6092.0	0.7528401
6094.0	0.7448522
6096.0	0.7564453
6098.0	0.7450384
6100.0	0.7514237
6102.0	0.7629669
6104.0	0.743489
6106.0	0.7354962
6108.0	0.738164
6110.0	0.7468747
6112.0	0.7421801
6114.0	0.7443703
6116.0	0.7810628
6118.0	0.7558318
6120.0	0.750785
6122.0	0.7319805
6124.0	0.7357708
6126.0	0.766073
6128.0	0.7713262
6130.0	0.7583073
6132.0	0.7625626
6134.0	0.7527841
6136.0	0.7632552
6138.0	0.7775979
6140.0	0.762391
6142.0	0.7627013
6144.0	0.7686813
6146.0	0.7793958
6148.0	0.7720151
6150.0	0.7732993
6152.0	0.7680562
6154.0	0.7864735
6156.0	0.7850513
6158.0	0.7594675
6160.0	0.7603089
6162.0	0.7863668
6164.0	0.8206741
6166.0	0.8222289
6168.0	0.8021038
6170.0	0.8070645
6172.0	0.8015126
6174.0	0.8099734
6176.0	0.808345
6178.0	0.8007606
6180.0	0.7902395
6182.0	0.7962303
6184.0	0.8148901
6186.0	0.8285955
6188.0	0.8301135
6190.0	0.837611
6192.0	0.8318301
6194.0	0.8239754
6196.0	0.831858
6198.0	0.8246098
6200.0	0.8265157
6202.0	0.8202135
6204.0	0.8229618
6206.0	0.834985
6208.0	0.8168967
6210.0	0.7933859
6212.0	0.7785578
6214.0	0.7759131
6216.0	0.7765549
6218.0	0.7805988
6220.0	0.7841023
6222.0	0.7875928
6224.0	0.7990506
6226.0	0.8300996
6228.0	0.8281796
6230.0	0.807054
6232.0	0.8286332
6234.0	0.8474497
6236.0	0.847339
6238.0	0.8188412
6240.0	0.8112241
6242.0	0.8562849
6244.0	0.8343713
6246.0	0.8106138
6248.0	0.8157936
6250.0	0.8242917
6252.0	0.82842
6254.0	0.8267432
6256.0	0.8222958
6258.0	0.7949533
6260.0	0.7614136
6262.0	0.7515596
6264.0	0.741735
6266.0	0.7383106
6268.0	0.7529143
6270.0	0.7473822
6272.0	0.7263947
6274.0	0.7232004
6276.0	0.7232367
6278.0	0.7033948
6280.0	0.6973054
6282.0	0.6856667
6284.0	0.6614661
6286.0	0.6586075
6288.0	0.6589764
6290.0	0.6437806
6292.0	0.6276352
6294.0	0.633954
6296.0	0.5922444
6298.0	0.5561194
6300.0	0.6048963
6302.0	0.5912461
6304.0	0.5504622
6306.0	0.5878782
6308.0	0.6120994
6310.0	0.5862518
6312.0	0.5385948
6314.0	0.5096767
6316.0	0.5272492
6318.0	0.5333301
6320.0	0.5406403
6322.0	0.5262991
6324.0	0.5236439
6326.0	0.5222062
6328.0	0.5075434
6330.0	0.5143024
6332.0	0.5091095
6334.0	0.475412
6336.0	0.4722989
6338.0	0.4995842
6340.0	0.5141725
6342.0	0.4977111
6344.0	0.4816636
6346.0	0.4812447
6348.0	0.468443
6350.0	0.4428411
6352.0	0.4497916
6354.0	0.4608813
6356.0	0.4522922
6358.0	0.4472108
6360.0	0.4312754
6362.0	0.4220684
6364.0	0.4307939
6366.0	0.4309433
6368.0	0.4060533
6370.0	0.3814932
6372.0	0.3832411
6374.0	0.408532
6376.0	0.3859234
6378.0	0.3569714
6380.0	0.3577924
6382.0	0.3590176
6384.0	0.3788562
6386.0	0.3911611
6388.0	0.3860072
6390.0	0.3722372
6392.0	0.3665316
6394.0	0.3642322
6396.0	0.3462968
6398.0	0.3298359
6400.0	0.3244767
6402.0	0.3408128
6404.0	0.3384365
6406.0	0.3123823
6408.0	0.3039186
6410.0	0.3378477
6412.0	0.3556635
6414.0	0.3309877
6416.0	0.3288325
6418.0	0.3216153
6420.0	0.3173476
6422.0	0.3076413
6424.0	0.3212988
6426.0	0.3344832
6428.0	0.3391981
6430.0	0.328242
6432.0	0.3142102
6434.0	0.3117643
6436.0	0.3145852
6438.0	0.3348355
6440.0	0.3245767
6442.0	0.3317284
6444.0	0.3151718
6446.0	0.32513
6448.0	0.3320211
6450.0	0.3512352
6452.0	0.3332037
6454.0	0.3221878
6456.0	0.3331662
6458.0	0.3380213
6460.0	0.3304035
6462.0	0.344472
6464.0	0.3564471
6466.0	0.3867003
6468.0	0.3808102
6470.0	0.3744781
6472.0	0.3991892
6474.0	0.3862566
6476.0	0.3829955
6478.0	0.4014564
6480.0	0.3911389
6482.0	0.4274261
6484.0	0.4279134
6486.0	0.4277859
6488.0	0.4337558
6490.0	0.4508229
6492.0	0.4366672
6494.0	0.4550115
6496.0	0.4510519
6498.0	0.446097
6500.0	0.4799691
6502.0	0.484742
6504.0	0.4918079
6506.0	0.5048863
6508.0	0.504378
6510.0	0.518622
6512.0	0.5262921
6514.0	0.508357
6516.0	0.5240145
6518.0	0.5655147
6520.0	0.551753
6522.0	0.554558
6524.0	0.5751957
6526.0	0.6013269
6528.0	0.5831227
6530.0	0.6229798
6532.0	0.5816402
6534.0	0.5785627
6536.0	0.5912494
6538.0	0.6349153
6540.0	0.5805065
6542.0	0.6017045
6544.0	0.6192148
6546.0	0.6116973
6548.0	0.6150245
6550.0	0.6267281
6552.0	0.6516191
6554.0	0.6436504
6556.0	0.6472664
6558.0	0.6559396
6560.0	0.6621981
6562.0	0.6828454
6564.0	0.6681046
6566.0	0.6519215
6568.0	0.6390058
6570.0	0.6661087
6572.0	0.6868544
6574.0	0.6965327
6576.0	0.6537667
6578.0	0.6791047
6580.0	0.7133738
6582.0	0.7049713
6584.0	0.702662
6586.0	0.7239203
6588.0	0.7369049
6590.0	0.7323119
6592.0	0.7235726
6594.0	0.7334529
6596.0	0.732202
6598.0	0.7181247
6600.0	0.7105177
6602.0	0.7384149
6604.0	0.7452689
6606.0	0.7369139
6608.0	0.7484915
6610.0	0.7888398
6612.0	0.7810941
6614.0	0.765043
6616.0	0.7859901
6618.0	0.7611457
6620.0	0.7471158
6622.0	0.7451335
6624.0	0.756138
6626.0	0.7692634
6628.0	0.7822851
6630.0	0.7794412
6632.0	0.7753344
6634.0	0.7666169
6636.0	0.775499
6638.0	0.7858825
6640.0	0.7913392
6642.0	0.8043737
6644.0	0.787479
6646.0	0.7934804
6648.0	0.7876709
6650.0	0.786468
6652.0	0.7816482
6654.0	0.7690746
6656.0	0.7701539
6658.0	0.7812814
6660.0	0.7920693
6662.0	0.7958373
6664.0	0.7807835
6666.0	0.7976697
6668.0	0.8201907
6670.0	0.8240107
6672.0	0.7889789
6674.0	0.7999542
6676.0	0.7891091
6678.0	0.7924064
6680.0	0.7991128
6682.0	0.7773189
6684.0	0.770649
6686.0	0.7867291
6688.0	0.7575179
6690.0	0.7755979
6692.0	0.8155444
6694.0	0.795405
6696.0	0.7771762
6698.0	0.7784542
6700.0	0.7893862
6702.0	0.7856148
6704.0	0.7726262
6706.0	0.7866897
6708.0	0.7872105
6710.0	0.7827654
6712.0	0.8052764
6714.0	0.7980428
6716.0	0.7610026
6718.0	0.7593639
6720.0	0.7796535
6722.0	0.7611278
6724.0	0.7886823
6726.0	0.7941356
6728.0	0.7928311
6730.0	0.7973009
6732.0	0.7882105
6734.0	0.7754835
6736.0	0.7468724
6738.0	0.7539623
6740.0	0.7702515
6742.0	0.767773
6744.0	0.7730012
6746.0	0.7593944
6748.0	0.7538218
6750.0	0.760295
6752.0	0.7493068
6754.0	0.7534752
6756.0	0.7412892
6758.0	0.7562011
6760.0	0.7672337
6762.0	0.7382377
6764.0	0.7182685
6766.0	0.70648
6768.0	0.7369593
6770.0	0.7540379
6772.0	0.7532878
6774.0	0.7631275
6776.0	0.7463906
6778.0	0.7197464
6780.0	0.7418641
6782.0	0.7368264
6784.0	0.7234033
6786.0	0.723204
6788.0	0.6944545
6790.0	0.6942032
6792.0	0.704279
6794.0	0.7033664
6796.0	0.7172489
6798.0	0.7071265
6800.0	0.6910752
6802.0	0.6944096
6804.0	0.6871591
6806.0	0.6788575
6808.0	0.6861984
6810.0	0.6938642
6812.0	0.6832337
6814.0	0.6866615
6816.0	0.7019377
6818.0	0.6811265
6820.0	0.6658133
6822.0	0.6667948
6824.0	0.6740162
6826.0	0.6651409
6828.0	0.6612825
6830.0	0.6796644
6832.0	0.6762643
6834.0	0.6748437
6836.0	0.6771844
6838.0	0.6821458
6840.0	0.671604
6842.0	0.6542747
6844.0	0.6415317
6846.0	0.6513349
6848.0	0.6738418
6850.0	0.6513961
6852.0	0.6170626
6854.0	0.6406119
6856.0	0.6556182
6858.0	0.6334805
6860.0	0.6269114
6862.0	0.6139375
6864.0	0.6018066
6866.0	0.5943217
6868.0	0.6160062
6870.0	0.6416376
6872.0	0.6397101
6874.0	0.6403171
6876.0	0.6160662
6878.0	0.6024176
6880.0	0.6298423
6882.0	0.6353008
6884.0	0.6343481
6886.0	0.6387414
6888.0	0.6383598
6890.0	0.6263489
6892.0	0.6041662
6894.0	0.6083845
6896.0	0.6216468
6898.0	0.6154312
6900.0	0.608486
6902.0	0.6047772
6904.0	0.6110426
6906.0	0.6266266
6908.0	0.6306783
6910.0	0.5915028
6912.0	0.6019958
6914.0	0.6270041
6916.0	0.6293107
6918.0	0.5806931
6920.0	0.520081
6922.0	0.4844194
6924.0	0.4274088
6926.0	0.4187841
6928.0	0.4820007
6930.0	0.5688566
6932.0	0.6264882
6934.0	0.6182925
6936.0	0.5961201
6938.0	0.6033882
6940.0	0.5894247
6942.0	0.5685998
6944.0	0.5802279
6946.0	0.5623455
6948.0	0.5435005
6950.0	0.5371172
6952.0	0.5816865
6954.0	0.5891951
6956.0	0.5679578
6958.0	0.561563
6960.0	0.5860177
6962.0	0.6073927
6964.0	0.5933861
6966.0	0.6090795
6968.0	0.6372066
6970.0	0.6046761
6972.0	0.5963275
6974.0	0.5871896
6976.0	0.6062707
6978.0	0.6039168
6980.0	0.5558991
6982.0	0.5653875
6984.0	0.5830945
6986.0	0.5924488
6988.0	0.6087949
6990.0	0.5983678
6992.0	0.5558241
6994.0	0.5766695
6996.0	0.5761034
6998.0	0.5885077
7000.0	0.5919005
7002.0	0.5770339
7004.0	0.5848917
7006.0	0.5662231
7008.0	0.5615137
7010.0	0.5760227
7012.0	0.5836312
7014.0	0.5686077
7016.0	0.5420593
7018.0	0.5717133
7020.0	0.5895822
7022.0	0.5539744
7024.0	0.5387573
7026.0	0.5514237
7028.0	0.5597379
7030.0	0.5692628
7032.0	0.5782298
7034.0	0.570456
7036.0	0.5713786
7038.0	0.5421842
7040.0	0.522861
7042.0	0.5515125
7044.0	0.5481933
7046.0	0.5619472
7048.0	0.5879638
7050.0	0.5774815
7052.0	0.5538341
7054.0	0.5438728
7056.0	0.5475517
7058.0	0.5567605
7060.0	0.5529407
7062.0	0.5289117
7064.0	0.5293172
7066.0	0.5318475
7068.0	0.5415127
7070.0	0.5560924
7072.0	0.55049
7074.0	0.5210469
7076.0	0.5018376
7078.0	0.5236542
7080.0	0.515584
7082.0	0.5122306
7084.0	0.5000215
7086.0	0.4950823
7088.0	0.5207108
7090.0	0.4956783
7092.0	0.5055419
7094.0	0.5098848
7096.0	0.5428918
7098.0	0.5481701
7100.0	0.5108368
