#	 PS16em 
#	 UT date of observation: 20160109 
#	 Telescope/Instrument: SALT/RSS 
#	 Estimated Peak MJD: 57386.492 
#	 Estimated redshift: 0.070 
#	 Estimated Phase: 8.9 
#	 Published in Dettman et al. 2020 
#	 Observed barycentric wavelength (Angstroms)    F_lambda
2999.62255859	0.0
3002.61365342	4.279137e-18
3005.60474825	5.898591e-18
3008.59584308	6.081621e-18
3011.5869379	6.282388e-18
3014.57803273	2.914645e-18
3017.56912756	3.572715e-18
3020.56022239	4.834267e-19
3023.55131721	0.0
3026.54241204	6.848259e-19
3029.53350687	0.0
3032.5246017	0.0
3035.51569653	1.453788e-18
3038.50679135	7.906802e-19
3041.49788618	4.735218e-18
3044.48898101	3.855779e-18
3047.48007584	0.0
3050.47117066	0.0
3053.46226549	2.334814e-18
3056.45336032	2.040475e-18
3059.44445515	0.0
3062.43554997	2.827816e-18
3065.4266448	1.235867e-17
3068.41773963	1.71546e-19
3071.40883446	5.311587e-18
3074.39992929	4.011537e-18
3077.39102411	7.814856e-18
3080.38211894	1.19873e-17
3083.37321377	1.251089e-18
3086.3643086	0.0
3089.35540342	9.22728e-19
3092.34649825	3.484017e-18
3095.33759308	1.1164e-18
3098.32868791	0.0
3101.31978273	9.33156e-19
3104.31087756	0.0
3107.30197239	4.614806e-18
3110.29306722	9.580149e-18
3113.28416204	1.235428e-17
3116.27525687	0.0
3119.2663517	0.0
3122.25744653	0.0
3125.24854136	2.465398e-18
3128.23963618	2.646865e-18
3131.23073101	2.828317e-18
3134.22182584	3.009784e-18
3137.21292067	3.191236e-18
3140.20401549	3.372702e-18
3143.19511032	3.554154e-18
3146.18620515	7.956257e-18
3149.17729998	1.315606e-17
3152.1683948	1.747406e-18
3155.15948963	5.593883e-18
3158.15058446	7.841408e-18
3161.14167929	1.05477e-17
3164.13277411	1.075147e-17
3167.12386894	1.259172e-17
3170.11496377	1.39475e-17
3173.1060586	6.236384e-18
3176.09715343	5.869823e-18
3179.08824825	2.453134e-18
3182.07934308	1.051894e-18
3185.07043791	5.482733e-18
3188.06153274	2.789235e-18
3191.05262756	9.684052e-19
3194.04372239	3.036482e-18
3197.03481722	7.365375e-18
3200.02591205	5.735771e-18
3203.01700687	6.4603e-18
3206.0081017	4.400215e-18
3208.99919653	2.801524e-18
3211.99029136	2.13438e-19
3214.98138618	9.39044e-19
3217.97248101	5.680543e-19
3220.96357584	9.63406e-19
3223.95467067	5.984584e-18
3226.9457655	1.331479e-17
3229.93686032	1.375786e-18
3232.92795515	4.403716e-18
3235.91904998	4.096327e-18
3238.91014481	5.408849e-18
3241.90123963	1.798977e-18
3244.89233446	0.0
3247.88342929	0.0
3250.87452412	7.123239e-19
3253.86561894	0.0
3256.85671377	0.0
3259.8478086	0.0
3262.83890343	0.0
3265.82999825	1.151662e-18
3268.82109308	1.762473e-18
3271.81218791	7.386369e-18
3274.80328274	1.130778e-17
3277.79437757	7.725172e-18
3280.78547239	7.732934e-18
3283.77656722	1.870536e-17
3286.76766205	2.076197e-17
3289.75875688	2.075053e-17
3292.7498517	0.0
3295.74094653	2.156125e-18
3298.73204136	5.364982e-18
3301.72313619	8.805525e-18
3304.71423101	5.4562e-18
3307.70532584	6.609507e-18
3310.69642067	1.318297e-17
3313.6875155	3.409108e-18
3316.67861032	1.367752e-17
3319.66970515	1.422662e-17
3322.66079998	1.81531e-17
3325.65189481	3.592196e-18
3328.64298964	4.932942e-18
3331.63408446	1.238911e-19
3334.62517929	1.064676e-18
3337.61627412	1.127064e-17
3340.60736895	1.261568e-17
3343.59846377	3.180581e-18
3346.5895586	5.217543e-18
3349.58065343	3.788222e-18
3352.57174826	1.768677e-17
3355.56284308	2.88796e-17
3358.55393791	1.689293e-17
3361.54503274	1.349723e-17
3364.53612757	7.799537e-18
3367.52722239	2.965666e-17
3370.51831722	2.957135e-17
3373.50941205	2.175347e-17
3376.50050688	1.204585e-17
3379.49160171	9.282971e-18
3382.48269653	2.275082e-17
3385.47379136	1.622457e-17
3388.46488619	1.850954e-17
3391.45598102	1.633956e-17
3394.44707584	7.022916e-19
3397.43817067	4.193897e-18
3400.4292655	1.146363e-17
3403.42036033	1.305031e-17
3406.41145515	1.733675e-17
3409.40254998	1.317213e-17
3412.39364481	4.656706e-18
3415.38473964	6.855232e-18
3418.37583447	1.373968e-17
3421.36692929	1.336468e-17
3424.35802412	7.077215e-18
3427.34911895	1.377639e-17
3430.34021378	1.36488e-17
3433.3313086	1.589597e-17
3436.32240343	1.470688e-17
3439.31349826	1.167091e-17
3442.30459309	7.416042e-18
3445.29568791	9.033977e-18
3448.28678274	1.992933e-17
3451.27787757	2.147467e-17
3454.2689724	1.546155e-17
3457.26006722	9.081198e-18
3460.25116205	1.40944e-17
3463.24225688	1.303824e-17
3466.23335171	1.693686e-17
3469.22444654	1.144414e-17
3472.21554136	1.212111e-17
3475.20663619	2.545817e-17
3478.19773102	2.027465e-17
3481.18882585	1.996695e-17
3484.17992067	2.228831e-17
3487.1710155	2.466496e-17
3490.16211033	1.835603e-17
3493.15320516	2.105684e-17
3496.14429998	3.223849e-17
3499.13539481	2.497322e-17
3502.12648964	1.598705e-17
3505.11758447	1.196117e-17
3508.10867929	1.508354e-17
3511.09977412	1.161091e-17
3514.09086895	7.63653e-18
3517.08196378	8.211726e-18
3520.07305861	8.086641e-18
3523.06415343	1.272916e-17
3526.05524826	1.731372e-17
3529.04634309	1.703258e-17
3532.03743792	2.405974e-17
3535.02853274	1.975877e-17
3538.01962757	1.738911e-17
3541.0107224	2.307485e-17
3544.00181723	2.525294e-17
3546.99291205	2.502266e-17
3549.98400688	2.204498e-17
3552.97510171	1.94369e-17
3555.96619654	1.552053e-17
3558.95729136	2.565403e-17
3561.94838619	3.344993e-17
3564.93948102	2.254213e-17
3567.93057585	1.818946e-17
3570.92167068	1.881808e-17
3573.9127655	2.279502e-17
3576.90386033	2.261592e-17
3579.89495516	1.962043e-17
3582.88604999	1.874383e-17
3585.87714481	1.363123e-17
3588.86823964	1.518246e-17
3591.85933447	2.002478e-17
3594.8504293	2.015149e-17
3597.84152412	2.027822e-17
3600.83261895	2.040493e-17
3603.82371378	2.053165e-17
3606.81480861	2.065836e-17
3609.80590343	2.078509e-17
3612.79699826	2.091181e-17
3615.78809309	2.103852e-17
3618.77918792	2.116524e-17
3621.77028275	2.129196e-17
3624.76137757	2.141868e-17
3627.7524724	2.154539e-17
3630.74356723	2.167211e-17
3633.73466206	1.667458e-17
3636.72575688	1.697305e-17
3639.71685171	1.38158e-17
3642.70794654	1.176099e-17
3645.69904137	1.337368e-17
3648.69013619	1.383956e-17
3651.68123102	1.845791e-17
3654.67232585	1.650021e-17
3657.66342068	9.356276e-18
3660.6545155	1.328075e-17
3663.64561033	1.094973e-17
3666.63670516	1.206475e-17
3669.62779999	1.440921e-17
3672.61889482	1.295573e-17
3675.60998964	1.759033e-17
3678.60108447	1.544423e-17
3681.5921793	1.193549e-17
3684.58327413	1.123761e-17
3687.57436895	1.714495e-17
3690.56546378	2.159802e-17
3693.55655861	1.513962e-17
3696.54765344	7.684938e-18
3699.53874826	5.86667e-18
3702.52984309	1.251658e-17
3705.52093792	1.785894e-17
3708.51203275	1.590972e-17
3711.50312757	1.246565e-17
3714.4942224	1.815386e-17
3717.48531723	2.005396e-17
3720.47641206	1.788733e-17
3723.46750689	1.743325e-17
3726.45860171	2.135531e-17
3729.44969654	2.257556e-17
3732.44079137	1.9668e-17
3735.4318862	1.908757e-17
3738.42298102	1.771318e-17
3741.41407585	1.941075e-17
3744.40517068	1.953724e-17
3747.39626551	1.575933e-17
3750.38736033	1.562018e-17
3753.37845516	1.872853e-17
3756.36954999	1.768089e-17
3759.36064482	1.49677e-17
3762.35173965	1.645135e-17
3765.34283447	1.671042e-17
3768.3339293	1.462045e-17
3771.32502413	1.380697e-17
3774.31611896	1.217813e-17
3777.30721378	1.5695e-17
3780.29830861	1.617436e-17
3783.28940344	1.871352e-17
3786.28049827	1.604513e-17
3789.27159309	1.460585e-17
3792.26268792	2.038564e-17
3795.25378275	2.353648e-17
3798.24487758	1.948601e-17
3801.2359724	1.812408e-17
3804.22706723	1.909342e-17
3807.21816206	2.182007e-17
3810.20925689	1.809325e-17
3813.20035172	1.958265e-17
3816.19144654	1.866804e-17
3819.18254137	1.550073e-17
3822.1736362	1.4999e-17
3825.16473103	1.631875e-17
3828.15582585	1.819424e-17
3831.14692068	1.940945e-17
3834.13801551	2.098093e-17
3837.12911034	2.11319e-17
3840.12020516	1.999151e-17
3843.11129999	2.119149e-17
3846.10239482	1.802625e-17
3849.09348965	1.614386e-17
3852.08458447	1.772347e-17
3855.0756793	2.02954e-17
3858.06677413	1.88329e-17
3861.05786896	1.948853e-17
3864.04896379	1.767222e-17
3867.04005861	1.853048e-17
3870.03115344	1.907774e-17
3873.02224827	1.928483e-17
3876.0133431	1.930712e-17
3879.00443792	1.640543e-17
3881.99553275	1.913423e-17
3884.98662758	2.062491e-17
3887.97772241	1.771395e-17
3890.96881723	2.070933e-17
3893.95991206	2.132105e-17
3896.95100689	2.122592e-17
3899.94210172	2.43962e-17
3902.93319654	2.17106e-17
3905.92429137	2.211438e-17
3908.9153862	2.341002e-17
3911.90648103	2.293855e-17
3914.89757586	2.300874e-17
3917.88867068	2.480021e-17
3920.87976551	2.586575e-17
3923.87086034	2.451746e-17
3926.86195517	2.459212e-17
3929.85304999	2.522099e-17
3932.84414482	2.381716e-17
3935.83523965	2.323813e-17
3938.82633448	2.449817e-17
3941.8174293	2.376306e-17
3944.80852413	2.452948e-17
3947.79961896	2.135502e-17
3950.79071379	2.115801e-17
3953.78180861	2.200971e-17
3956.77290344	2.112164e-17
3959.76399827	2.110195e-17
3962.7550931	2.202601e-17
3965.74618793	2.336936e-17
3968.73728275	2.159555e-17
3971.72837758	1.893052e-17
3974.71947241	1.930427e-17
3977.71056724	1.943283e-17
3980.70166206	1.958934e-17
3983.69275689	2.206156e-17
3986.68385172	2.241387e-17
3989.67494655	2.445649e-17
3992.66604137	2.372803e-17
3995.6571362	2.371107e-17
3998.64823103	2.479039e-17
4001.63932586	2.394856e-17
4004.63042068	1.952312e-17
4007.62151551	1.673168e-17
4010.61261034	1.887415e-17
4013.60370517	2.110861e-17
4016.5948	1.905804e-17
4019.58589482	1.918085e-17
4022.57698965	2.016257e-17
4025.56808448	2.090182e-17
4028.55917931	2.102705e-17
4031.55027413	2.098928e-17
4034.54136896	1.923712e-17
4037.53246379	1.795738e-17
4040.52355862	1.973713e-17
4043.51465344	2.099075e-17
4046.50574827	2.088514e-17
4049.4968431	1.899056e-17
4052.48793793	2.029067e-17
4055.47903275	2.076514e-17
4058.47012758	2.015165e-17
4061.46122241	2.031584e-17
4064.45231724	1.998456e-17
4067.44341207	1.982975e-17
4070.43450689	2.135926e-17
4073.42560172	2.026912e-17
4076.41669655	2.033258e-17
4079.40779138	2.146825e-17
4082.3988862	2.188287e-17
4085.38998103	2.166312e-17
4088.38107586	2.365399e-17
4091.37217069	2.305127e-17
4094.36326551	2.238294e-17
4097.35436034	1.874787e-17
4100.34545517	1.622288e-17
4103.33655	2.099878e-17
4106.32764482	2.236282e-17
4109.31873965	2.006468e-17
4112.30983448	2.230979e-17
4115.30092931	2.49809e-17
4118.29202414	2.500981e-17
4121.28311896	2.606371e-17
4124.27421379	2.790644e-17
4127.26530862	2.895685e-17
4130.25640345	3.019422e-17
4133.24749827	2.932327e-17
4136.2385931	2.871302e-17
4139.22968793	2.877376e-17
4142.22078276	2.812769e-17
4145.21187758	2.874255e-17
4148.20297241	2.931438e-17
4151.19406724	2.799896e-17
4154.18516207	2.844221e-17
4157.1762569	2.790083e-17
4160.16735172	2.8068e-17
4163.15844655	2.868126e-17
4166.14954138	2.835095e-17
4169.14063621	2.793776e-17
4172.13173103	3.041491e-17
4175.12282586	3.490323e-17
4178.11392069	3.551684e-17
4181.10501552	3.488171e-17
4184.09611034	3.538946e-17
4187.08720517	3.593681e-17
4190.0783	3.495837e-17
4193.06939483	3.463622e-17
4196.06048965	3.562768e-17
4199.05158448	3.578273e-17
4202.04267931	3.583502e-17
4205.03377414	3.459651e-17
4208.02486897	3.281467e-17
4211.01596379	3.183934e-17
4214.00705862	3.32882e-17
4216.99815345	3.623769e-17
4219.98924828	3.653706e-17
4222.9803431	3.562603e-17
4225.97143793	3.571122e-17
4228.96253276	3.736319e-17
4231.95362759	3.835277e-17
4234.94472241	3.511408e-17
4237.93581724	3.353558e-17
4240.92691207	3.325302e-17
4243.9180069	3.175506e-17
4246.90910172	3.086313e-17
4249.90019655	3.010644e-17
4252.89129138	2.846736e-17
4255.88238621	2.85511e-17
4258.87348104	3.014294e-17
4261.86457586	2.268884e-17
4264.85567069	3.719126e-17
4267.84676552	3.538886e-17
4270.83786035	3.727977e-17
4273.82895517	3.721455e-17
4276.82005	3.705583e-17
4279.81114483	3.636445e-17
4282.80223966	3.652027e-17
4285.79333448	3.592293e-17
4288.78442931	3.614352e-17
4291.77552414	3.346075e-17
4294.76661897	3.487818e-17
4297.75771379	3.575846e-17
4300.74880862	3.418844e-17
4303.73990345	3.666571e-17
4306.73099828	3.846973e-17
4309.72209311	3.760448e-17
4312.71318793	3.74289e-17
4315.70428276	3.591488e-17
4318.69537759	3.407198e-17
4321.68647242	3.606896e-17
4324.67756724	3.605608e-17
4327.66866207	3.736396e-17
4330.6597569	3.515487e-17
4333.65085173	3.567957e-17
4336.64194655	3.256034e-17
4339.63304138	3.26391e-17
4342.62413621	3.378808e-17
4345.61523104	3.615936e-17
4348.60632586	3.763804e-17
4351.59742069	3.648252e-17
4354.58851552	3.512927e-17
4357.57961035	3.348981e-17
4360.57070518	3.703118e-17
4363.5618	3.86697e-17
4366.55289483	3.620386e-17
4369.54398966	3.379074e-17
4372.53508449	3.327327e-17
4375.52617931	3.27908e-17
4378.51727414	3.304815e-17
4381.50836897	3.271345e-17
4384.4994638	3.224987e-17
4387.49055862	3.278299e-17
4390.48165345	3.162469e-17
4393.47274828	3.267804e-17
4396.46384311	3.434197e-17
4399.45493793	3.386816e-17
4402.44603276	3.2753e-17
4405.43712759	3.173969e-17
4408.42822242	3.345434e-17
4411.41931725	3.562913e-17
4414.41041207	3.561528e-17
4417.4015069	3.422528e-17
4420.39260173	3.447773e-17
4423.38369656	3.560365e-17
4426.37479138	3.770781e-17
4429.36588621	3.813028e-17
4432.35698104	3.60286e-17
4435.34807587	3.602639e-17
4438.33917069	3.699917e-17
4441.33026552	3.644612e-17
4444.32136035	3.866659e-17
4447.31245518	3.985303e-17
4450.30355	3.668548e-17
4453.29464483	3.594498e-17
4456.28573966	3.626727e-17
4459.27683449	3.524141e-17
4462.26792932	3.612747e-17
4465.25902414	3.486659e-17
4468.25011897	3.620798e-17
4471.2412138	3.865616e-17
4474.23230863	4.098781e-17
4477.22340345	3.860913e-17
4480.21449828	3.559888e-17
4483.20559311	3.416595e-17
4486.19668794	3.716871e-17
4489.18778276	4.084493e-17
4492.17887759	3.948715e-17
4495.16997242	3.780413e-17
4498.16106725	3.881917e-17
4501.15216208	3.958394e-17
4504.1432569	3.872514e-17
4507.13435173	3.76433e-17
4510.12544656	3.941938e-17
4513.11654139	3.889758e-17
4516.10763621	3.805356e-17
4519.09873104	3.945387e-17
4522.08982587	3.818466e-17
4525.0809207	3.518206e-17
4528.07201552	3.782134e-17
4531.06311035	3.724898e-17
4534.05420518	3.819622e-17
4537.04530001	3.863821e-17
4540.03639483	3.732967e-17
4543.02748966	3.666157e-17
4546.01858449	3.955513e-17
4549.00967932	3.934965e-17
4552.00077415	3.610612e-17
4554.99186897	3.68768e-17
4557.9829638	3.779122e-17
4560.97405863	3.805946e-17
4563.96515346	3.789391e-17
4566.95624828	3.896711e-17
4569.94734311	4.084254e-17
4572.93843794	4.064411e-17
4575.92953277	3.744915e-17
4578.92062759	3.635356e-17
4581.91172242	3.73712e-17
4584.90281725	3.855631e-17
4587.89391208	3.814519e-17
4590.8850069	3.759354e-17
4593.87610173	3.89388e-17
4596.86719656	3.805089e-17
4599.85829139	3.585047e-17
4602.84938622	3.613766e-17
4605.84048104	3.678426e-17
4608.83157587	3.665719e-17
4611.8226707	3.574689e-17
4614.81376553	3.525436e-17
4617.80486035	3.485588e-17
4620.79595518	3.34068e-17
4623.78705001	3.345093e-17
4626.77814484	3.451326e-17
4629.76923966	3.61965e-17
4632.76033449	3.429407e-17
4635.75142932	3.097117e-17
4638.74252415	3.055601e-17
4641.73361897	3.058833e-17
4644.7247138	3.161021e-17
4647.71580863	3.225592e-17
4650.70690346	3.150301e-17
4653.69799829	3.122466e-17
4656.68909311	3.308464e-17
4659.68018794	3.304499e-17
4662.67128277	3.163388e-17
4665.6623776	3.050899e-17
4668.65347242	3.015308e-17
4671.64456725	3.204148e-17
4674.63566208	3.124872e-17
4677.62675691	3.198955e-17
4680.61785173	3.207287e-17
4683.60894656	2.79219e-17
4686.60004139	2.898915e-17
4689.59113622	2.870551e-17
4692.58223104	2.842192e-17
4695.57332587	2.813828e-17
4698.5644207	2.785465e-17
4701.55551553	2.757101e-17
4704.54661036	2.728742e-17
4707.53770518	2.700378e-17
4710.52880001	2.672014e-17
4713.51989484	2.64365e-17
4716.51098967	2.615286e-17
4719.50208449	2.586927e-17
4722.49317932	2.558563e-17
4725.48427415	2.679121e-17
4728.47536898	2.834658e-17
4731.4664638	3.037068e-17
4734.45755863	2.851855e-17
4737.44865346	2.666596e-17
4740.43974829	2.766075e-17
4743.43084311	2.613609e-17
4746.42193794	2.448402e-17
4749.41303277	2.695208e-17
4752.4041276	2.916238e-17
4755.39522243	2.895722e-17
4758.38631725	2.953952e-17
4761.37741208	3.10679e-17
4764.36850691	2.858189e-17
4767.35960174	2.667138e-17
4770.35069656	2.749835e-17
4773.34179139	3.004492e-17
4776.33288622	2.948302e-17
4779.32398105	3.031545e-17
4782.31507587	3.126326e-17
4785.3061707	3.13603e-17
4788.29726553	3.131764e-17
4791.28836036	3.226808e-17
4794.27945518	3.339875e-17
4797.27055001	3.053445e-17
4800.26164484	3.19884e-17
4803.25273967	3.306716e-17
4806.2438345	3.376773e-17
4809.23492932	3.519043e-17
4812.22602415	3.412347e-17
4815.21711898	3.517433e-17
4818.20821381	3.656168e-17
4821.19930863	3.592714e-17
4824.19040346	3.727785e-17
4827.18149829	3.663593e-17
4830.17259312	3.785177e-17
4833.16368794	3.842628e-17
4836.15478277	3.726438e-17
4839.1458776	3.716825e-17
4842.13697243	3.699899e-17
4845.12806726	3.661875e-17
4848.11916208	3.709376e-17
4851.11025691	3.928802e-17
4854.10135174	3.706885e-17
4857.09244657	3.651487e-17
4860.08354139	3.788988e-17
4863.07463622	3.946265e-17
4866.06573105	3.964983e-17
4869.05682588	3.974576e-17
4872.0479207	3.92423e-17
4875.03901553	3.686852e-17
4878.03011036	3.95959e-17
4881.02120519	4.034874e-17
4884.01230001	4.130332e-17
4887.00339484	4.07455e-17
4889.99448967	4.124607e-17
4892.9855845	4.097991e-17
4895.97667933	4.223978e-17
4898.96777415	4.018544e-17
4901.95886898	3.796829e-17
4904.94996381	3.880728e-17
4907.94105864	3.887162e-17
4910.93215346	3.98138e-17
4913.92324829	3.940281e-17
4916.91434312	3.798433e-17
4919.90543795	3.930986e-17
4922.89653277	4.317025e-17
4925.8876276	3.956319e-17
4928.87872243	4.148978e-17
4931.86981726	4.236598e-17
4934.86091208	3.718177e-17
4937.85200691	3.820359e-17
4940.84310174	4.071711e-17
4943.83419657	3.606036e-17
4946.8252914	3.853321e-17
4949.81638622	4.032289e-17
4952.80748105	4.034941e-17
4955.79857588	4.156037e-17
4958.78967071	3.831679e-17
4961.78076553	3.669343e-17
4964.77186036	3.635817e-17
4967.76295519	3.521426e-17
4970.75405002	3.645826e-17
4973.74514484	3.66264e-17
4976.73623967	3.831869e-17
4979.7273345	3.686873e-17
4982.71842933	3.588676e-17
4985.70952415	3.627878e-17
4988.70061898	3.525462e-17
4991.69171381	3.353868e-17
4994.68280864	3.185301e-17
4997.67390347	3.327733e-17
5000.66499829	3.402706e-17
5003.65609312	3.348131e-17
5006.64718795	3.353327e-17
5009.63828278	3.361653e-17
5012.6293776	3.145415e-17
5015.62047243	3.14074e-17
5018.61156726	3.26542e-17
5021.60266209	3.271009e-17
5024.59375691	3.349673e-17
5027.58485174	3.416636e-17
5030.57594657	3.364019e-17
5033.5670414	2.948277e-17
5036.55813622	2.843995e-17
5039.54923105	3.100783e-17
5042.54032588	3.151835e-17
5045.53142071	3.082496e-17
5048.52251554	2.972898e-17
5051.51361036	2.84537e-17
5054.50470519	2.970026e-17
5057.49580002	2.945085e-17
5060.48689485	2.915373e-17
5063.47798967	2.760426e-17
5066.4690845	2.692377e-17
5069.46017933	2.852036e-17
5072.45127416	3.063382e-17
5075.44236898	2.93703e-17
5078.43346381	2.912364e-17
5081.42455864	3.121974e-17
5084.41565347	3.010956e-17
5087.40674829	2.798421e-17
5090.39784312	2.686894e-17
5093.38893795	2.833432e-17
5096.38003278	3.02508e-17
5099.37112761	2.857116e-17
5102.36222243	2.683991e-17
5105.35331726	2.581249e-17
5108.34441209	2.670694e-17
5111.33550692	2.868057e-17
5114.32660174	2.966433e-17
5117.31769657	3.020073e-17
5120.3087914	3.086031e-17
5123.29988623	3.132389e-17
5126.29098105	3.157139e-17
5129.28207588	2.997863e-17
5132.27317071	2.779922e-17
5135.26426554	2.868608e-17
5138.25536036	2.963163e-17
5141.24645519	3.110155e-17
5144.23755002	3.065414e-17
5147.22864485	3.032137e-17
5150.21973968	2.89662e-17
5153.2108345	2.748185e-17
5156.20192933	2.778419e-17
5159.19302416	2.881219e-17
5162.18411899	2.776288e-17
5165.17521381	2.763226e-17
5168.16630864	2.639571e-17
5171.15740347	2.694123e-17
5174.1484983	2.703979e-17
5177.13959312	2.693957e-17
5180.13068795	2.833275e-17
5183.12178278	2.733785e-17
5186.11287761	2.784332e-17
5189.10397244	2.87974e-17
5192.09506726	2.867618e-17
5195.08616209	2.879283e-17
5198.07725692	2.941952e-17
5201.06835175	2.975445e-17
5204.05944657	2.710256e-17
5207.0505414	2.765901e-17
5210.04163623	2.9986e-17
5213.03273106	2.93817e-17
5216.02382588	2.762787e-17
5219.01492071	2.872527e-17
5222.00601554	2.933582e-17
5224.99711037	2.812276e-17
5227.98820519	2.859814e-17
5230.97930002	2.978203e-17
5233.97039485	3.04648e-17
5236.96148968	2.983262e-17
5239.95258451	3.012401e-17
5242.94367933	3.12432e-17
5245.93477416	3.235219e-17
5248.92586899	3.136694e-17
5251.91696382	3.066819e-17
5254.90805864	3.128151e-17
5257.89915347	3.208416e-17
5260.8902483	3.180808e-17
5263.88134313	3.160077e-17
5266.87243795	3.114592e-17
5269.86353278	3.05028e-17
5272.85462761	3.06819e-17
5275.84572244	3.092093e-17
5278.83681726	3.112697e-17
5281.82791209	3.092886e-17
5284.81900692	3.119528e-17
5287.81010175	3.102842e-17
5290.80119658	3.058647e-17
5293.7922914	3.086833e-17
5296.78338623	3.119766e-17
5299.77448106	3.223152e-17
5302.76557589	3.27802e-17
5305.75667071	2.99978e-17
5308.74776554	2.879067e-17
5311.73886037	3.021527e-17
5314.7299552	3.191708e-17
5317.72105002	3.237703e-17
5320.71214485	3.061881e-17
5323.70323968	2.92477e-17
5326.69433451	2.981802e-17
5329.68542933	3.014281e-17
5332.67652416	3.030023e-17
5335.66761899	3.011609e-17
5338.65871382	2.967179e-17
5341.64980865	2.894175e-17
5344.64090347	2.911633e-17
5347.6319983	2.812865e-17
5350.62309313	2.88207e-17
5353.61418796	2.923911e-17
5356.60528278	2.857692e-17
5359.59637761	2.814152e-17
5362.58747244	2.786952e-17
5365.57856727	2.788274e-17
5368.56966209	2.821491e-17
5371.56075692	2.932679e-17
5374.55185175	2.901369e-17
5377.54294658	2.876057e-17
5380.5340414	2.737734e-17
5383.52513623	2.698343e-17
5386.51623106	2.759508e-17
5389.50732589	2.728362e-17
5392.49842072	2.690808e-17
5395.48951554	2.78053e-17
5398.48061037	2.928593e-17
5401.4717052	3.011846e-17
5404.46280003	2.91192e-17
5407.45389485	2.883724e-17
5410.44498968	3.082791e-17
5413.43608451	3.149691e-17
5416.42717934	3.05767e-17
5419.41827416	2.987576e-17
5422.40936899	2.950017e-17
5425.40046382	2.913013e-17
5428.39155865	2.859311e-17
5431.38265347	2.880566e-17
5434.3737483	2.869645e-17
5437.36484313	2.922522e-17
5440.35593796	2.82386e-17
5443.34703279	2.861169e-17
5446.33812761	2.989742e-17
5449.32922244	2.870818e-17
5452.32031727	2.890065e-17
5455.3114121	2.996211e-17
5458.30250692	2.993589e-17
5461.29360175	2.86182e-17
5464.28469658	2.856326e-17
5467.27579141	2.961631e-17
5470.26688623	3.112263e-17
5473.25798106	3.071079e-17
5476.24907589	3.052947e-17
5479.24017072	3.092464e-17
5482.23126554	3.159434e-17
5485.22236037	3.099668e-17
5488.2134552	3.094572e-17
5491.20455003	3.134992e-17
5494.19564486	3.208623e-17
5497.18673968	3.219533e-17
5500.17783451	3.134314e-17
5503.16892934	3.149171e-17
5506.16002417	3.142498e-17
5509.15111899	3.131547e-17
5512.14221382	3.282351e-17
5515.13330865	3.395411e-17
5518.12440348	3.409304e-17
5521.1154983	3.368948e-17
5524.10659313	3.318199e-17
5527.09768796	3.289677e-17
5530.08878279	3.34807e-17
5533.07987761	3.261881e-17
5536.07097244	3.283471e-17
5539.06206727	3.292028e-17
5542.0531621	3.62043e-17
5545.04425693	3.460572e-17
5548.03535175	3.462894e-17
5551.02644658	3.642884e-17
5554.01754141	3.58468e-17
5557.00863624	3.714578e-17
5559.99973106	3.516345e-17
5562.99082589	3.542331e-17
5565.98192072	3.568318e-17
5568.97301555	3.594304e-17
5571.96411037	3.620286e-17
5574.9552052	3.646272e-17
5577.94630003	3.672258e-17
5580.93739486	3.698245e-17
5583.92848969	3.724231e-17
5586.91958451	3.750213e-17
5589.91067934	3.7762e-17
5592.90177417	3.802186e-17
5595.892869	3.828172e-17
5598.88396382	3.854154e-17
5601.87505865	3.874422e-17
5604.86615348	3.742472e-17
5607.85724831	3.724858e-17
5610.84834313	3.743038e-17
5613.83943796	3.840992e-17
5616.83053279	3.818998e-17
5619.82162762	3.82983e-17
5622.81272244	3.902638e-17
5625.80381727	3.841539e-17
5628.7949121	3.780235e-17
5631.78600693	3.739603e-17
5634.77710176	3.831774e-17
5637.76819658	3.706141e-17
5640.75929141	3.528234e-17
5643.75038624	3.501127e-17
5646.74148107	3.587387e-17
5649.73257589	3.573929e-17
5652.72367072	3.576191e-17
5655.71476555	3.673002e-17
5658.70586038	3.693383e-17
5661.6969552	3.668794e-17
5664.68805003	3.542509e-17
5667.67914486	3.583265e-17
5670.67023969	3.660001e-17
5673.66133451	3.704956e-17
5676.65242934	3.642526e-17
5679.64352417	3.62037e-17
5682.634619	3.598707e-17
5685.62571383	3.559669e-17
5688.61680865	3.522519e-17
5691.60790348	3.53039e-17
5694.59899831	3.455695e-17
5697.59009314	3.331976e-17
5700.58118796	3.280111e-17
5703.57228279	3.37998e-17
5706.56337762	3.530428e-17
5709.55447245	3.547754e-17
5712.54556727	3.424831e-17
5715.5366621	3.418524e-17
5718.52775693	3.393641e-17
5721.51885176	3.457313e-17
5724.50994658	3.451063e-17
5727.50104141	3.311941e-17
5730.49213624	3.503547e-17
5733.48323107	3.566402e-17
5736.4743259	3.431809e-17
5739.46542072	3.431168e-17
5742.45651555	3.500119e-17
5745.44761038	3.434358e-17
5748.43870521	3.280667e-17
5751.42980003	3.31486e-17
5754.42089486	3.4308e-17
5757.41198969	3.44487e-17
5760.40308452	3.522773e-17
5763.39417934	3.421435e-17
5766.38527417	3.362637e-17
5769.376369	3.402008e-17
5772.36746383	3.480427e-17
5775.35855865	3.551773e-17
5778.34965348	3.490702e-17
5781.34074831	3.372134e-17
5784.33184314	3.344172e-17
5787.32293797	3.364564e-17
5790.31403279	3.310479e-17
5793.30512762	3.34486e-17
5796.29622245	3.336816e-17
5799.28731728	3.30835e-17
5802.2784121	3.312119e-17
5805.26950693	3.497604e-17
5808.26060176	3.416062e-17
5811.25169659	3.376113e-17
5814.24279141	3.400909e-17
5817.23388624	3.275726e-17
5820.22498107	3.270312e-17
5823.2160759	3.494297e-17
5826.20717072	3.333124e-17
5829.19826555	3.331321e-17
5832.18936038	3.321062e-17
5835.18045521	3.260499e-17
5838.17155004	3.097831e-17
5841.16264486	3.223258e-17
5844.15373969	3.313347e-17
5847.14483452	3.07679e-17
5850.13592935	3.189526e-17
5853.12702417	3.176819e-17
5856.118119	3.153643e-17
5859.10921383	2.975426e-17
5862.10030866	3.100419e-17
5865.09140348	3.135459e-17
5868.08249831	3.089468e-17
5871.07359314	3.052833e-17
5874.06468797	3.068761e-17
5877.05578279	3.018411e-17
5880.04687762	2.963807e-17
5883.03797245	2.846898e-17
5886.02906728	2.982962e-17
5889.02016211	2.916674e-17
5892.01125693	2.867993e-17
5895.00235176	3.010879e-17
5897.99344659	2.883075e-17
5900.98454142	2.991353e-17
5903.97563624	2.983855e-17
5906.96673107	3.041353e-17
5909.9578259	3.034776e-17
5912.94892073	3.109237e-17
5915.94001555	3.118939e-17
5918.93111038	3.117035e-17
5921.92220521	3.277263e-17
5924.91330004	3.192986e-17
5927.90439487	3.199862e-17
5930.89548969	3.1647e-17
5933.88658452	3.140305e-17
5936.87767935	3.133156e-17
5939.86877418	3.17233e-17
5942.859869	3.228992e-17
5945.85096383	3.246906e-17
5948.84205866	3.203713e-17
5951.83315349	3.243108e-17
5954.82424831	3.314185e-17
5957.81534314	3.337107e-17
5960.80643797	3.20971e-17
5963.7975328	3.197952e-17
5966.78862762	3.24181e-17
5969.77972245	3.244235e-17
5972.77081728	3.221569e-17
5975.76191211	3.125699e-17
5978.75300694	3.054689e-17
5981.74410176	3.194545e-17
5984.73519659	3.275379e-17
5987.72629142	3.105641e-17
5990.71738625	3.063202e-17
5993.70848107	3.201251e-17
5996.6995759	3.128627e-17
5999.69067073	3.114821e-17
6002.68176556	3.114343e-17
6005.67286038	3.105713e-17
6008.66395521	3.174367e-17
6011.65505004	3.24578e-17
6014.64614487	3.243934e-17
6017.63723969	3.235317e-17
6020.62833452	3.130791e-17
6023.61942935	3.068101e-17
6026.61052418	3.015391e-17
6029.60161901	3.056039e-17
6032.59271383	3.151262e-17
6035.58380866	3.229257e-17
6038.57490349	3.215226e-17
6041.56599832	3.111522e-17
6044.55709314	3.044483e-17
6047.54818797	3.00159e-17
6050.5392828	3.005161e-17
6053.53037763	3.017733e-17
6056.52147245	3.003413e-17
6059.51256728	3.024725e-17
6062.50366211	2.965937e-17
6065.49475694	2.910288e-17
6068.48585176	3.078737e-17
6071.47694659	3.160639e-17
6074.46804142	3.021178e-17
6077.45913625	2.953326e-17
6080.45023108	3.024638e-17
6083.4413259	3.055562e-17
6086.43242073	3.041664e-17
6089.42351556	3.0384e-17
6092.41461039	3.051715e-17
6095.40570521	2.95579e-17
6098.39680004	2.920457e-17
6101.38789487	2.864504e-17
6104.3789897	2.942936e-17
6107.37008452	3.006054e-17
6110.36117935	2.990333e-17
6113.35227418	2.951262e-17
6116.34336901	2.937977e-17
6119.33446383	2.947771e-17
6122.32555866	2.980571e-17
6125.31665349	2.940871e-17
6128.30774832	3.016535e-17
6131.29884315	3.030494e-17
6134.28993797	2.903029e-17
6137.2810328	2.89809e-17
6140.27212763	3.009086e-17
6143.26322246	3.001082e-17
6146.25431728	2.9879e-17
6149.24541211	2.997447e-17
6152.23650694	2.975172e-17
6155.22760177	2.969911e-17
6158.21869659	2.955898e-17
6161.20979142	2.898152e-17
6164.20088625	2.779615e-17
6167.19198108	2.810091e-17
6170.1830759	2.995545e-17
6173.17417073	2.993902e-17
6176.16526556	2.92273e-17
6179.15636039	2.898379e-17
6182.14745522	2.988944e-17
6185.13855004	3.071736e-17
6188.12964487	3.102522e-17
6191.1207397	3.063826e-17
6194.11183453	2.987787e-17
6197.10292935	2.959281e-17
6200.09402418	2.96634e-17
6203.08511901	3.001802e-17
6206.07621384	3.038219e-17
6209.06730866	3.105156e-17
6212.05840349	3.003987e-17
6215.04949832	2.904018e-17
6218.04059315	3.05536e-17
6221.03168797	3.133203e-17
6224.0227828	3.168033e-17
6227.01387763	3.210002e-17
6230.00497246	3.231704e-17
6232.99606729	3.264877e-17
6235.98716211	3.254991e-17
6238.97825694	3.218736e-17
6241.96935177	3.350563e-17
6244.9604466	3.369529e-17
6247.95154142	3.214578e-17
6250.94263625	3.233677e-17
6253.93373108	3.224945e-17
6256.92482591	3.262665e-17
6259.91592073	3.276629e-17
6262.90701556	3.32057e-17
6265.89811039	3.390286e-17
6268.88920522	3.332885e-17
6271.88030005	3.23386e-17
6274.87139487	3.104477e-17
6277.8624897	3.1579e-17
6280.85358453	3.259457e-17
6283.84467936	3.222869e-17
6286.83577418	3.236869e-17
6289.82686901	3.320219e-17
6292.81796384	3.362129e-17
6295.80905867	3.076012e-17
6298.80015349	2.831855e-17
6301.79124832	2.732273e-17
6304.78234315	3.062878e-17
6307.77343798	3.065597e-17
6310.7645328	3.097544e-17
6313.75562763	2.989803e-17
6316.74672246	3.085586e-17
6319.73781729	3.112139e-17
6322.72891212	3.108418e-17
6325.72000694	3.156859e-17
6328.71110177	3.225011e-17
6331.7021966	3.169093e-17
6334.69329143	3.038008e-17
6337.68438625	3.12711e-17
6340.67548108	3.069225e-17
6343.66657591	3.138556e-17
6346.65767074	3.039792e-17
6349.64876556	3.016423e-17
6352.63986039	3.093426e-17
6355.63095522	3.286732e-17
6358.62205005	3.120459e-17
6361.61314487	2.954573e-17
6364.6042397	3.177065e-17
6367.59533453	3.147897e-17
6370.58642936	3.071949e-17
6373.57752419	3.105068e-17
6376.56861901	3.017856e-17
6379.55971384	2.967667e-17
6382.55080867	3.00906e-17
6385.5419035	3.021197e-17
6388.53299832	2.98669e-17
6391.52409315	2.917818e-17
6394.51518798	2.904731e-17
6397.50628281	2.936978e-17
6400.49737763	2.881664e-17
6403.48847246	2.868842e-17
6406.47956729	2.908821e-17
6409.47066212	2.958498e-17
6412.46175694	2.95027e-17
6415.45285177	2.874961e-17
6418.4439466	2.953622e-17
6421.43504143	2.975855e-17
6424.42613626	2.901946e-17
6427.41723108	2.892869e-17
6430.40832591	2.881546e-17
6433.39942074	2.874711e-17
6436.39051557	2.792672e-17
6439.38161039	2.863458e-17
6442.37270522	2.918998e-17
6445.36380005	2.938468e-17
6448.35489488	2.915545e-17
6451.3459897	2.904703e-17
6454.33708453	2.829075e-17
6457.32817936	2.897468e-17
6460.31927419	2.822994e-17
6463.31036901	2.831712e-17
6466.30146384	2.874222e-17
6469.29255867	2.726669e-17
6472.2836535	2.792951e-17
6475.27474833	2.804805e-17
6478.26584315	2.767543e-17
6481.25693798	2.613306e-17
6484.24803281	2.531605e-17
6487.23912764	2.622272e-17
6490.23022246	2.607676e-17
6493.22131729	2.474005e-17
6496.21241212	2.473739e-17
6499.20350695	2.499922e-17
6502.19460177	2.399407e-17
6505.1856966	2.413821e-17
6508.17679143	2.37736e-17
6511.16788626	2.409038e-17
6514.15898108	2.388303e-17
6517.15007591	2.253002e-17
6520.14117074	2.332776e-17
6523.13226557	2.311513e-17
6526.1233604	2.207794e-17
6529.11445522	2.178639e-17
6532.10555005	2.252206e-17
6535.09664488	2.278123e-17
6538.08773971	2.202276e-17
6541.07883453	2.119694e-17
6544.06992936	2.085871e-17
6547.06102419	2.092258e-17
6550.05211902	2.153578e-17
6553.04321384	2.19098e-17
6556.03430867	2.13955e-17
6559.0254035	2.076307e-17
6562.01649833	2.054661e-17
6565.00759315	2.138774e-17
6567.99868798	2.069081e-17
6570.98978281	1.987803e-17
6573.98087764	2.13387e-17
6576.97197247	2.171824e-17
6579.96306729	2.096503e-17
6582.95416212	1.986598e-17
6585.94525695	2.053167e-17
6588.93635178	2.175675e-17
6591.9274466	2.093042e-17
6594.91854143	2.044243e-17
6597.90963626	2.150569e-17
6600.90073109	2.101877e-17
6603.89182591	2.060396e-17
6606.88292074	2.03463e-17
6609.87401557	2.135326e-17
6612.8651104	2.183458e-17
6615.85620522	2.157225e-17
6618.84730005	2.153418e-17
6621.83839488	2.143133e-17
6624.82948971	2.197331e-17
6627.82058454	2.240564e-17
6630.81167936	2.258254e-17
6633.80277419	2.366827e-17
6636.79386902	2.305005e-17
6639.78496385	2.20269e-17
6642.77605867	2.206865e-17
6645.7671535	2.267783e-17
6648.75824833	2.337122e-17
6651.74934316	2.376407e-17
6654.74043798	2.408004e-17
6657.73153281	2.345322e-17
6660.72262764	2.370423e-17
6663.71372247	2.324336e-17
6666.7048173	2.386705e-17
6669.69591212	2.43724e-17
6672.68700695	2.388126e-17
6675.67810178	2.394636e-17
6678.66919661	2.510507e-17
6681.66029143	2.558754e-17
6684.65138626	2.438944e-17
6687.64248109	2.427513e-17
6690.63357592	2.459827e-17
6693.62467074	2.521005e-17
6696.61576557	2.707213e-17
6699.6068604	2.624998e-17
6702.59795523	2.540154e-17
6705.58905005	2.676423e-17
6708.58014488	2.698015e-17
6711.57123971	2.641618e-17
6714.56233454	2.626964e-17
6717.55342937	2.758722e-17
6720.54452419	2.636156e-17
6723.53561902	2.622712e-17
6726.52671385	2.658205e-17
6729.51780868	2.629629e-17
6732.5089035	2.652271e-17
6735.49999833	2.623791e-17
6738.49109316	2.635767e-17
6741.48218799	2.607904e-17
6744.47328281	2.653951e-17
6747.46437764	2.595767e-17
6750.45547247	2.623753e-17
6753.4465673	2.561963e-17
6756.43766212	2.631101e-17
6759.42875695	2.758404e-17
6762.41985178	2.688068e-17
6765.41094661	2.622963e-17
6768.40204144	2.621748e-17
6771.39313626	2.737668e-17
6774.38423109	2.793778e-17
6777.37532592	2.778081e-17
6780.36642075	2.71653e-17
6783.35751557	2.716195e-17
6786.3486104	2.72194e-17
6789.33970523	2.681791e-17
6792.33080006	2.638625e-17
6795.32189488	2.569093e-17
6798.31298971	2.576939e-17
6801.30408454	2.630519e-17
6804.29517937	2.622139e-17
6807.28627419	2.654641e-17
6810.27736902	2.610367e-17
6813.26846385	2.685935e-17
6816.25955868	2.845385e-17
6819.25065351	2.856273e-17
6822.24174833	2.836082e-17
6825.23284316	2.80457e-17
6828.22393799	2.707068e-17
6831.21503282	2.713714e-17
6834.20612764	2.616314e-17
6837.19722247	2.651813e-17
6840.1883173	2.638715e-17
6843.17941213	2.631419e-17
6846.17050695	2.700938e-17
6849.16160178	2.639947e-17
6852.15269661	2.634287e-17
6855.14379144	2.668523e-17
6858.13488626	2.634641e-17
6861.12598109	2.494084e-17
6864.11707592	2.387844e-17
6867.10817075	2.31846e-17
6870.09926558	2.255039e-17
6873.0903604	2.230023e-17
6876.08145523	2.253721e-17
6879.07255006	2.17628e-17
6882.06364489	2.202944e-17
6885.05473971	2.241843e-17
6888.04583454	2.26985e-17
6891.03692937	2.345534e-17
6894.0280242	2.382211e-17
6897.01911902	2.360017e-17
6900.01021385	2.326789e-17
6903.00130868	2.424906e-17
6905.99240351	2.382555e-17
6908.98349833	2.310385e-17
6911.97459316	2.422187e-17
6914.96568799	2.445327e-17
6917.95678282	2.432249e-17
6920.94787765	2.47211e-17
6923.93897247	2.481972e-17
6926.9300673	2.466017e-17
6929.92116213	2.488293e-17
6932.91225696	2.531105e-17
6935.90335178	2.603297e-17
6938.89444661	2.530014e-17
6941.88554144	2.4095e-17
6944.87663627	2.462813e-17
6947.86773109	2.462004e-17
6950.85882592	2.461181e-17
6953.84992075	2.459972e-17
6956.84101558	2.391128e-17
6959.8321104	2.393035e-17
6962.82320523	2.472523e-17
6965.81430006	2.500446e-17
6968.80539489	2.481613e-17
6971.79648972	2.491089e-17
6974.78758454	2.527914e-17
6977.77867937	2.506063e-17
6980.7697742	2.534084e-17
6983.76086903	2.584903e-17
6986.75196385	2.547037e-17
6989.74305868	2.513011e-17
6992.73415351	2.390811e-17
6995.72524834	2.370496e-17
6998.71634316	2.382767e-17
7001.70743799	2.408555e-17
7004.69853282	2.405766e-17
7007.68962765	2.374771e-17
7010.68072248	2.44936e-17
7013.6718173	2.801923e-17
7016.66291213	2.897272e-17
7019.65400696	2.880786e-17
7022.64510179	2.906103e-17
7025.63619661	3.014301e-17
7028.62729144	2.972925e-17
7031.61838627	2.82937e-17
7034.6094811	2.646656e-17
7037.60057592	2.584118e-17
7040.59167075	2.499876e-17
7043.58276558	2.487354e-17
7046.57386041	2.604447e-17
7049.56495523	2.627657e-17
7052.55605006	2.633695e-17
7055.54714489	2.538172e-17
7058.53823972	2.320531e-17
7061.52933455	2.329478e-17
7064.52042937	2.246564e-17
7067.5115242	2.24183e-17
7070.50261903	2.2553e-17
7073.49371386	2.318075e-17
7076.48480868	2.301724e-17
7079.47590351	2.254839e-17
7082.46699834	2.290406e-17
7085.45809317	2.311872e-17
7088.44918799	2.349557e-17
7091.44028282	2.320056e-17
7094.43137765	2.261319e-17
7097.42247248	2.274069e-17
7100.4135673	2.17895e-17
7103.40466213	2.144522e-17
7106.39575696	2.235122e-17
7109.38685179	2.130754e-17
7112.37794662	2.040531e-17
7115.36904144	2.119989e-17
7118.36013627	2.168009e-17
7121.3512311	2.118079e-17
7124.34232593	2.168307e-17
7127.33342075	2.149279e-17
7130.32451558	2.179785e-17
7133.31561041	2.204473e-17
7136.30670524	2.156548e-17
7139.29780006	2.106534e-17
7142.28889489	2.123887e-17
7145.27998972	2.028149e-17
7148.27108455	1.994398e-17
7151.26217937	1.967258e-17
7154.2532742	2.026408e-17
7157.24436903	1.96925e-17
7160.23546386	2.027272e-17
7163.22655869	2.078336e-17
7166.21765351	1.967274e-17
7169.20874834	1.937863e-17
7172.19984317	1.907883e-17
7175.190938	1.93526e-17
7178.18203282	1.938889e-17
7181.17312765	1.903865e-17
7184.16422248	1.92035e-17
7187.15531731	1.907493e-17
7190.14641213	1.931051e-17
7193.13750696	1.906015e-17
7196.12860179	1.967798e-17
7199.11969662	1.955815e-17
7202.11079144	1.935697e-17
7205.10188627	1.942426e-17
7208.0929811	1.92797e-17
7211.08407593	1.960222e-17
7214.07517076	2.049911e-17
7217.06626558	1.923293e-17
7220.05736041	1.960937e-17
7223.04845524	1.936855e-17
7226.03955007	1.786927e-17
7229.03064489	1.791907e-17
7232.02173972	1.884034e-17
7235.01283455	1.926475e-17
7238.00392938	1.844316e-17
7240.9950242	1.626999e-17
7243.98611903	1.723614e-17
7246.97721386	1.800296e-17
7249.96830869	1.687013e-17
7252.95940351	1.852754e-17
7255.95049834	1.860508e-17
7258.94159317	1.753665e-17
7261.932688	1.720395e-17
7264.92378283	1.909673e-17
7267.91487765	2.013888e-17
7270.90597248	1.849271e-17
7273.89706731	1.906323e-17
7276.88816214	1.852153e-17
7279.87925696	1.746833e-17
7282.87035179	1.918855e-17
7285.86144662	1.840825e-17
7288.85254145	1.838343e-17
7291.84363627	1.935287e-17
7294.8347311	1.909383e-17
7297.82582593	1.876992e-17
7300.81692076	1.809756e-17
7303.80801558	1.942769e-17
7306.79911041	1.907102e-17
7309.79020524	1.767259e-17
7312.78130007	1.836549e-17
7315.7723949	2.013024e-17
7318.76348972	1.96266e-17
7321.75458455	1.933228e-17
7324.74567938	1.886822e-17
7327.73677421	2.011309e-17
7330.72786903	2.085299e-17
7333.71896386	1.885156e-17
7336.71005869	1.819816e-17
7339.70115352	1.732851e-17
7342.69224834	1.916396e-17
7345.68334317	2.020568e-17
7348.674438	2.006715e-17
7351.66553283	2.060475e-17
7354.65662766	2.055433e-17
7357.64772248	2.133922e-17
7360.63881731	1.991925e-17
7363.62991214	1.919549e-17
7366.62100697	1.931821e-17
7369.61210179	1.832388e-17
7372.60319662	1.766318e-17
7375.59429145	1.906439e-17
7378.58538628	1.990562e-17
7381.5764811	1.958945e-17
7384.56757593	1.902358e-17
7387.55867076	1.892545e-17
7390.54976559	1.930078e-17
7393.54086041	1.878774e-17
7396.53195524	1.906112e-17
7399.52305007	1.896947e-17
7402.5141449	1.911243e-17
7405.50523973	1.875702e-17
7408.49633455	1.834248e-17
7411.48742938	1.905731e-17
7414.47852421	1.880867e-17
7417.46961904	1.849472e-17
7420.46071386	1.854451e-17
7423.45180869	1.925427e-17
7426.44290352	1.718353e-17
7429.43399835	1.818491e-17
7432.42509317	1.803954e-17
7435.416188	1.792111e-17
7438.40728283	1.862698e-17
7441.39837766	1.81094e-17
7444.38947248	1.718678e-17
7447.38056731	1.727526e-17
7450.37166214	1.83707e-17
7453.36275697	1.800373e-17
7456.3538518	1.768654e-17
7459.34494662	1.702186e-17
7462.33604145	1.744877e-17
7465.32713628	1.740131e-17
7468.31823111	1.758662e-17
7471.30932593	1.76863e-17
7474.30042076	1.849812e-17
7477.29151559	1.815985e-17
7480.28261042	1.760775e-17
7483.27370524	1.86875e-17
7486.26480007	1.79009e-17
7489.2558949	1.666823e-17
7492.24698973	1.859374e-17
7495.23808455	1.939442e-17
7498.22917938	1.810027e-17
7501.22027421	1.75526e-17
7504.21136904	1.734857e-17
7507.20246387	1.740204e-17
7510.19355869	1.770412e-17
7513.18465352	1.712972e-17
7516.17574835	1.79764e-17
7519.16684318	1.774241e-17
7522.157938	1.712191e-17
7525.14903283	1.725724e-17
7528.14012766	1.642713e-17
7531.13122249	1.703596e-17
7534.12231731	1.75037e-17
7537.11341214	1.683946e-17
7540.10450697	1.691932e-17
7543.0956018	1.773852e-17
7546.08669662	1.755447e-17
7549.07779145	1.737348e-17
7552.06888628	1.758378e-17
7555.05998111	1.760545e-17
7558.05107594	1.683334e-17
7561.04217076	1.636949e-17
7564.03326559	9.255317e-18
7567.02436042	1.598988e-17
7570.01545525	1.619816e-17
7573.00655007	1.570522e-17
7575.9976449	1.536848e-17
7578.98873973	1.616901e-17
7581.97983456	1.523396e-17
7584.97092938	1.47044e-17
7587.96202421	1.373616e-17
7590.95311904	1.261526e-17
7593.94421387	1.177326e-17
7596.93530869	9.574681e-18
7599.92640352	7.880192e-18
7602.91749835	5.842911e-18
7605.90859318	6.068644e-18
7608.89968801	6.650984e-18
7611.89078283	7.248699e-18
7614.88187766	8.185349e-18
7617.87297249	8.58596e-18
7620.86406732	9.328007e-18
7623.85516214	1.007259e-17
7626.84625697	9.842918e-18
7629.8373518	9.076981e-18
7632.82844663	8.614156e-18
7635.81954145	8.795024e-18
7638.81063628	8.8394e-18
7641.80173111	9.67271e-18
7644.79282594	9.561392e-18
7647.78392076	1.018584e-17
7650.77501559	1.006459e-17
7653.76611042	1.10991e-17
7656.75720525	1.197677e-17
7659.74830008	1.111817e-17
7662.7393949	1.12992e-17
7665.73048973	1.282386e-17
7668.72158456	1.300948e-17
7671.71267939	1.254089e-17
7674.70377421	1.340943e-17
7677.69486904	1.396475e-17
7680.68596387	1.408254e-17
7683.6770587	1.379526e-17
7686.66815352	1.351883e-17
7689.65924835	1.374991e-17
7692.65034318	1.388073e-17
7695.64143801	1.344343e-17
7698.63253284	1.470348e-17
7701.62362766	1.458582e-17
7704.61472249	1.624893e-17
7707.60581732	1.700243e-17
7710.59691215	1.580854e-17
7713.58800697	1.332694e-17
7716.5791018	1.384747e-17
7719.57019663	1.397412e-17
7722.56129146	1.600049e-17
7725.55238628	1.609626e-17
7728.54348111	1.54833e-17
7731.53457594	1.403308e-17
7734.52567077	1.406138e-17
7737.51676559	1.503512e-17
7740.50786042	1.569962e-17
7743.49895525	1.860711e-17
7746.49005008	1.726877e-17
7749.48114491	1.588097e-17
7752.47223973	1.528605e-17
7755.46333456	1.555368e-17
7758.45442939	1.718033e-17
7761.44552422	1.581077e-17
7764.43661904	1.454737e-17
7767.42771387	1.617173e-17
7770.4188087	1.61197e-17
7773.40990353	1.518759e-17
7776.40099835	1.464062e-17
7779.39209318	1.494883e-17
7782.38318801	1.516803e-17
7785.37428284	1.600288e-17
7788.36537766	1.555669e-17
7791.35647249	1.457823e-17
7794.34756732	1.541945e-17
7797.33866215	1.295291e-17
7800.32975698	1.480909e-17
7803.3208518	1.540337e-17
7806.31194663	1.420933e-17
7809.30304146	1.327222e-17
7812.29413629	1.491269e-17
7815.28523111	1.677916e-17
7818.27632594	1.502973e-17
7821.26742077	1.418091e-17
7824.2585156	1.377066e-17
7827.24961042	1.427094e-17
7830.24070525	1.434486e-17
7833.23180008	1.567596e-17
7836.22289491	1.441066e-17
7839.21398973	1.345174e-17
7842.20508456	1.345288e-17
7845.19617939	1.557131e-17
7848.18727422	1.601789e-17
7851.17836905	1.636769e-17
7854.16946387	1.633064e-17
7857.1605587	1.524351e-17
7860.15165353	1.575791e-17
7863.14274836	1.859567e-17
7866.13384318	1.458369e-17
7869.12493801	1.525109e-17
7872.11603284	1.443046e-17
7875.10712767	1.449608e-17
7878.09822249	1.659202e-17
7881.08931732	1.520888e-17
7884.08041215	1.371948e-17
7887.07150698	1.37332e-17
7890.0626018	1.509987e-17
7893.05369663	1.477303e-17
7896.04479146	1.436112e-17
7899.03588629	1.499048e-17
7902.02698112	1.514299e-17
7905.01807594	1.542076e-17
7908.00917077	1.609619e-17
7911.0002656	1.431935e-17
7913.99136043	1.415134e-17
7916.98245525	1.355948e-17
7919.97355008	1.295161e-17
7922.96464491	1.635597e-17
7925.95573974	1.746297e-17
7928.94683456	1.743296e-17
7931.93792939	1.431667e-17
7934.92902422	1.308839e-17
7937.92011905	1.237614e-17
7940.91121387	1.476177e-17
7943.9023087	1.40521e-17
7946.89340353	1.264758e-17
7949.88449836	1.261035e-17
7952.87559319	1.322245e-17
7955.86668801	1.606443e-17
7958.85778284	1.589754e-17
7961.84887767	1.305417e-17
7964.8399725	1.304301e-17
7967.83106732	1.303185e-17
7970.82216215	1.302069e-17
7973.81325698	1.300953e-17
7976.80435181	1.299837e-17
7979.79544663	1.298721e-17
7982.78654146	1.297605e-17
7985.77763629	1.296489e-17
7988.76873112	1.295373e-17
7991.75982594	1.294257e-17
7994.75092077	1.293141e-17
7997.7420156	1.292025e-17
8000.73311043	1.290909e-17
8003.72420526	1.289793e-17
8006.71530008	1.288677e-17
8009.70639491	1.287561e-17
8012.69748974	1.286445e-17
8015.68858457	1.285329e-17
8018.67967939	1.284213e-17
8021.67077422	1.283097e-17
8024.66186905	1.281981e-17
8027.65296388	1.280865e-17
8030.6440587	1.279749e-17
8033.63515353	1.278633e-17
8036.62624836	1.277517e-17
8039.61734319	1.276401e-17
8042.60843801	1.275285e-17
8045.59953284	1.274169e-17
8048.59062767	1.273053e-17
8051.5817225	1.271937e-17
8054.57281733	1.270821e-17
8057.56391215	1.269705e-17
8060.55500698	1.268589e-17
8063.54610181	1.267473e-17
8066.53719664	1.266357e-17
8069.52829146	1.26524e-17
8072.51938629	1.264124e-17
8075.51048112	1.263009e-17
8078.50157595	1.261892e-17
8081.49267077	1.260776e-17
8084.4837656	1.25966e-17
8087.47486043	1.258544e-17
8090.46595526	1.257428e-17
8093.45705009	1.256312e-17
8096.44814491	1.255196e-17
8099.43923974	1.25408e-17
8102.43033457	1.252964e-17
8105.4214294	1.251848e-17
8108.41252422	1.250732e-17
8111.40361905	1.249616e-17
8114.39471388	1.2485e-17
8117.38580871	1.247384e-17
8120.37690353	1.246268e-17
8123.36799836	1.245152e-17
8126.35909319	1.244036e-17
8129.35018802	1.24292e-17
8132.34128284	1.241804e-17
8135.33237767	1.240688e-17
8138.3234725	1.239572e-17
8141.31456733	1.238456e-17
8144.30566216	1.23734e-17
8147.29675698	1.236224e-17
8150.28785181	1.235108e-17
8153.27894664	1.233992e-17
8156.27004147	1.232876e-17
8159.26113629	1.23176e-17
8162.25223112	1.230644e-17
8165.24332595	1.229528e-17
8168.23442078	1.228412e-17
8171.2255156	1.227296e-17
8174.21661043	1.22618e-17
8177.20770526	1.225064e-17
8180.19880009	1.223948e-17
8183.18989491	1.222832e-17
8186.18098974	1.228812e-17
8189.17208457	1.307286e-17
8192.1631794	1.321827e-17
8195.15427423	1.175946e-17
8198.14536905	1.32777e-17
8201.13646388	1.342451e-17
8204.12755871	1.280154e-17
8207.11865354	1.222757e-17
8210.10974836	1.38974e-17
8213.10084319	1.311343e-17
8216.09193802	1.187984e-17
8219.08303285	1.077547e-17
8222.07412767	1.132158e-17
8225.0652225	1.177903e-17
8228.05631733	1.292146e-17
8231.04741216	1.328411e-17
8234.03850698	1.196514e-17
8237.02960181	1.212997e-17
8240.02069664	1.128793e-17
8243.01179147	1.201441e-17
8246.0028863	1.371888e-17
8248.99398112	1.291951e-17
8251.98507595	1.319618e-17
8254.97617078	1.284596e-17
8257.96726561	1.273012e-17
8260.95836043	1.183985e-17
8263.94945526	1.318999e-17
8266.94055009	1.372662e-17
8269.93164492	1.441391e-17
8272.92273974	1.551492e-17
8275.91383457	1.462526e-17
8278.9049294	1.510806e-17
8281.89602423	1.516752e-17
8284.88711905	1.356278e-17
8287.87821388	1.450752e-17
8290.86930871	1.32831e-17
8293.86040354	1.357133e-17
8296.85149837	1.435766e-17
8299.84259319	1.300888e-17
8302.83368802	1.147287e-17
8305.82478285	1.138816e-17
8308.81587768	1.192405e-17
8311.8069725	1.37133e-17
8314.79806733	1.26344e-17
8317.78916216	1.301073e-17
8320.78025699	1.479685e-17
8323.77135181	1.522681e-17
8326.76244664	1.396455e-17
8329.75354147	1.138452e-17
8332.7446363	1.297869e-17
8335.73573112	1.289157e-17
8338.72682595	1.280441e-17
8341.71792078	1.271725e-17
8344.70901561	1.26301e-17
8347.70011044	1.254294e-17
8350.69120526	1.245578e-17
8353.68230009	1.236862e-17
8356.67339492	1.228147e-17
8359.66448975	1.219434e-17
8362.65558457	1.210718e-17
8365.6466794	1.202003e-17
8368.63777423	1.352167e-17
8371.62886906	1.364857e-17
8374.61996388	1.418375e-17
8377.61105871	1.604033e-17
8380.60215354	1.612962e-17
8383.59324837	1.520854e-17
8386.58434319	1.525935e-17
8389.57543802	1.531017e-17
8392.56653285	1.536099e-17
8395.55762768	1.541181e-17
8398.54872251	1.546262e-17
8401.53981733	1.551344e-17
8404.53091216	1.556426e-17
8407.52200699	1.561507e-17
8410.51310182	1.566587e-17
8413.50419664	1.571669e-17
8416.49529147	1.576751e-17
8419.4863863	1.581832e-17
8422.47748113	1.586914e-17
8425.46857595	1.591996e-17
8428.45967078	1.597077e-17
8431.45076561	1.602159e-17
8434.44186044	1.428734e-17
8437.43295527	1.375588e-17
8440.42405009	1.484877e-17
8443.41514492	1.567055e-17
8446.40623975	1.579079e-17
8449.39733458	1.511594e-17
8452.3884294	1.565158e-17
8455.37952423	1.668468e-17
8458.37061906	1.605587e-17
8461.36171389	1.563538e-17
8464.35280871	1.665397e-17
8467.34390354	1.374275e-17
8470.33499837	1.032392e-17
8473.3260932	1.059312e-17
8476.31718802	1.187248e-17
8479.30828285	1.379363e-17
8482.29937768	1.480037e-17
8485.29047251	1.515032e-17
8488.28156734	1.58477e-17
8491.27266216	1.683578e-17
8494.26375699	1.481301e-17
8497.25485182	1.194572e-17
8500.24594665	1.011814e-17
8503.23704147	9.660741e-18
8506.2281363	9.062003e-18
8509.21923113	9.053252e-18
8512.21032596	7.995189e-18
8515.20142078	1.032781e-17
8518.19251561	1.2505e-17
8521.18361044	1.392088e-17
8524.17470527	1.524729e-17
8527.16580009	1.471268e-17
8530.15689492	1.423205e-17
8533.14798975	1.512902e-17
8536.13908458	1.46719e-17
8539.13017941	1.364909e-17
8542.12127423	1.274606e-17
8545.11236906	1.200457e-17
8548.10346389	1.146061e-17
8551.09455872	1.257975e-17
8554.08565354	1.416199e-17
8557.07674837	1.416294e-17
8560.0678432	1.509923e-17
8563.05893803	1.564533e-17
8566.05003285	1.447845e-17
8569.04112768	1.359902e-17
8572.03222251	1.362955e-17
8575.02331734	1.390431e-17
8578.01441216	1.16911e-17
8581.00550699	1.510928e-17
8583.99660182	1.601283e-17
8586.98769665	1.546089e-17
8589.97879148	1.583151e-17
8592.9698863	1.629969e-17
8595.96098113	1.541326e-17
8598.95207596	1.626566e-17
8601.94317079	1.692704e-17
8604.93426561	1.619355e-17
8607.92536044	1.626268e-17
8610.91645527	1.683278e-17
8613.9075501	1.547538e-17
8616.89864492	1.29785e-17
8619.88973975	1.305543e-17
8622.88083458	1.294639e-17
8625.87192941	1.312056e-17
8628.86302423	1.329472e-17
8631.85411906	1.346889e-17
8634.84521389	1.3643e-17
8637.83630872	1.381716e-17
8640.82740355	1.399133e-17
8643.81849837	1.41655e-17
8646.8095932	1.433966e-17
8649.80068803	1.451383e-17
8652.79178286	1.468799e-17
8655.78287768	1.486216e-17
8658.77397251	1.503633e-17
8661.76506734	1.521044e-17
8664.75616217	1.53846e-17
8667.74725699	1.555877e-17
8670.73835182	1.573293e-17
8673.72944665	1.59071e-17
8676.72054148	1.555362e-17
8679.7116363	1.605236e-17
8682.70273113	1.766575e-17
8685.69382596	1.786383e-17
8688.68492079	1.619571e-17
8691.67601562	1.550664e-17
8694.66711044	1.6098e-17
8697.65820527	1.587084e-17
8700.6493001	1.585901e-17
8703.64039493	1.522297e-17
8706.63148975	1.44854e-17
8709.62258458	1.522988e-17
8712.61367941	1.515141e-17
8715.60477424	1.445086e-17
8718.59586906	1.371835e-17
8721.58696389	1.312227e-17
8724.57805872	1.415267e-17
8727.56915355	1.476963e-17
8730.56024837	1.367872e-17
8733.5513432	1.384406e-17
8736.54243803	1.383693e-17
8739.53353286	1.38298e-17
8742.52462769	1.382267e-17
8745.51572251	1.381554e-17
8748.50681734	1.380841e-17
8751.49791217	1.380128e-17
8754.489007	1.379415e-17
8757.48010182	1.378702e-17
8760.47119665	1.377989e-17
8763.46229148	1.377276e-17
8766.45338631	1.376563e-17
8769.44448113	1.37585e-17
8772.43557596	1.375137e-17
8775.42667079	1.374424e-17
8778.41776562	1.373711e-17
8781.40886045	1.372998e-17
8784.39995527	1.372285e-17
8787.3910501	1.371572e-17
8790.38214493	1.370859e-17
8793.37323976	1.370146e-17
8796.36433458	1.369433e-17
8799.35542941	1.36872e-17
8802.34652424	1.368007e-17
8805.33761907	1.367294e-17
8808.32871389	1.366581e-17
8811.31980872	1.365868e-17
8814.31090355	1.365155e-17
8817.30199838	1.364442e-17
8820.2930932	1.363729e-17
8823.28418803	1.363015e-17
8826.27528286	1.362302e-17
8829.26637769	1.361589e-17
8832.25747252	1.360876e-17
8835.24856734	1.360163e-17
8838.23966217	1.35945e-17
8841.230757	1.358737e-17
8844.22185183	1.358024e-17
8847.21294665	1.357311e-17
8850.20404148	1.356598e-17
8853.19513631	1.355885e-17
8856.18623114	1.355172e-17
8859.17732596	1.354459e-17
8862.16842079	1.353746e-17
8865.15951562	1.353033e-17
8868.15061045	1.35232e-17
8871.14170527	1.351607e-17
8874.1328001	1.350894e-17
8877.12389493	1.350181e-17
8880.11498976	1.349468e-17
8883.10608459	1.348755e-17
8886.09717941	1.348042e-17
8889.08827424	1.347329e-17
8892.07936907	1.346616e-17
8895.0704639	1.345903e-17
8898.06155872	1.34519e-17
8901.05265355	1.344477e-17
8904.04374838	1.343764e-17
8907.03484321	1.343051e-17
8910.02593803	1.342338e-17
8913.01703286	1.341625e-17
8916.00812769	1.340912e-17
8918.99922252	1.340199e-17
8921.99031734	1.339486e-17
8924.98141217	1.338773e-17
8927.972507	1.33806e-17
8930.96360183	1.337347e-17
8933.95469666	1.336634e-17
8936.94579148	1.335921e-17
8939.93688631	1.335208e-17
8942.92798114	1.334495e-17
8945.91907597	1.333782e-17
8948.91017079	1.333069e-17
8951.90126562	1.332356e-17
8954.89236045	1.331643e-17
8957.88345528	1.33093e-17
8960.8745501	1.330217e-17
8963.86564493	1.329504e-17
8966.85673976	1.328791e-17
8969.84783459	1.328078e-17
8972.83892941	1.327365e-17
8975.83002424	1.326651e-17
8978.82111907	1.325938e-17
8981.8122139	1.325225e-17
8984.80330873	1.324512e-17
8987.79440355	1.3238e-17
8990.78549838	1.323086e-17
8993.77659321	1.322373e-17
8996.76768804	1.32166e-17
8999.75878286	1.320947e-17
9002.74987769	1.320234e-17
9005.74097252	1.319521e-17
9008.73206735	1.318808e-17
9011.72316217	1.318095e-17
9014.714257	1.317382e-17
9017.70535183	1.316669e-17
9020.69644666	1.315956e-17
9023.68754148	1.315243e-17
9026.67863631	1.31453e-17
9029.66973114	1.313817e-17
9032.66082597	1.313104e-17
9035.6519208	1.312391e-17
9038.64301562	1.311678e-17
9041.63411045	1.310965e-17
9044.62520528	1.310252e-17
9047.61630011	1.309539e-17
9050.60739493	1.308826e-17
9053.59848976	1.308113e-17
9056.58958459	1.3074e-17
9059.58067942	1.306687e-17
9062.57177424	1.305974e-17
9065.56286907	1.305261e-17
9068.5539639	1.304548e-17
9071.54505873	1.303835e-17
9074.53615355	1.303122e-17
9077.52724838	1.302409e-17
9080.51834321	1.301696e-17
9083.50943804	1.300983e-17
9086.50053287	1.30027e-17
9089.49162769	1.299557e-17
9092.48272252	1.298844e-17
9095.47381735	1.298131e-17
9098.46491218	1.297418e-17
9101.456007	1.296705e-17
9104.44710183	1.295992e-17
9107.43819666	1.295279e-17
9110.42929149	1.294566e-17
9113.42038631	1.293853e-17
9116.41148114	1.29314e-17
9119.40257597	1.292427e-17
9122.3936708	1.291714e-17
9125.38476563	1.291001e-17
9128.37586045	1.290288e-17
9131.36695528	1.289574e-17
9134.35805011	1.288861e-17
9137.34914494	1.288148e-17
9140.34023976	1.287436e-17
9143.33133459	1.286722e-17
9146.32242942	1.286009e-17
9149.31352425	1.285296e-17
9152.30461907	1.284583e-17
9155.2957139	1.28387e-17
9158.28680873	1.283157e-17
9161.27790356	1.282444e-17
9164.26899838	1.281731e-17
9167.26009321	1.281018e-17
9170.25118804	1.280305e-17
9173.24228287	1.279592e-17
9176.2333777	1.278879e-17
9179.22447252	1.278166e-17
9182.21556735	1.277453e-17
9185.20666218	1.27674e-17
9188.19775701	1.276027e-17
9191.18885183	1.275314e-17
9194.17994666	1.274601e-17
9197.17104149	1.273888e-17
9200.16213632	1.273175e-17
9203.15323114	1.272462e-17
9206.14432597	1.271749e-17
9209.1354208	1.271036e-17
9212.12651563	1.270323e-17
9215.11761045	1.26961e-17
9218.10870528	1.268897e-17
9221.09980011	1.268184e-17
9224.09089494	1.267471e-17
9227.08198977	1.266758e-17
9230.07308459	1.266045e-17
9233.06417942	1.265332e-17
9236.05527425	1.264619e-17
9239.04636908	1.263906e-17
9242.0374639	1.263193e-17
9245.02855873	1.26248e-17
9248.01965356	1.261767e-17
9251.01074839	1.261054e-17
9254.00184321	1.260341e-17
9256.99293804	1.259628e-17
9259.98403287	1.258915e-17
9262.9751277	1.258202e-17
9265.96622252	1.257489e-17
9268.95731735	1.256776e-17
9271.94841218	1.256063e-17
9274.93950701	1.25535e-17
9277.93060184	1.254637e-17
9280.92169666	1.253924e-17
9283.91279149	1.25321e-17
9286.90388632	1.252497e-17
9289.89498115	1.251785e-17
9292.88607597	1.251072e-17
9295.8771708	1.250359e-17
9298.86826563	1.249645e-17
9301.85936046	1.248932e-17
9304.85045528	1.248219e-17
9307.84155011	1.247506e-17
9310.83264494	1.246793e-17
9313.82373977	1.24608e-17
9316.81483459	1.245367e-17
9319.80592942	1.244654e-17
9322.79702425	1.243941e-17
9325.78811908	1.243228e-17
9328.77921391	1.242515e-17
9331.77030873	1.241802e-17
9334.76140356	1.241089e-17
9337.75249839	1.240376e-17
9340.74359322	1.239663e-17
9343.73468804	1.23895e-17
9346.72578287	1.238237e-17
9349.7168777	1.237524e-17
9352.70797253	1.236811e-17
9355.69906735	1.236098e-17
9358.69016218	1.235385e-17
9361.68125701	1.234672e-17
9364.67235184	1.233959e-17
9367.66344666	1.233246e-17
9370.65454149	1.232533e-17
9373.64563632	1.23182e-17
9376.63673115	1.231107e-17
9379.62782598	1.230394e-17
9382.6189208	1.229681e-17
9385.61001563	1.228968e-17
9388.60111046	1.228255e-17
9391.59220529	1.227542e-17
9394.58330011	1.226829e-17
9397.57439494	1.226116e-17
9400.56548977	1.225403e-17
9403.5565846	1.22469e-17
9406.54767942	1.223977e-17
9409.53877425	1.223264e-17
9412.52986908	1.222551e-17
9415.52096391	1.221838e-17
9418.51205873	1.221125e-17
9421.50315356	1.220412e-17
9424.49424839	1.219699e-17
9427.48534322	1.218986e-17
9430.47643805	1.218273e-17
9433.46753287	1.217559e-17
9436.4586277	1.216846e-17
9439.44972253	1.216133e-17
9442.44081736	1.215421e-17
9445.43191218	1.214708e-17
9448.42300701	1.213995e-17
9451.41410184	1.213281e-17
9454.40519667	1.212568e-17
9457.39629149	1.211855e-17
9460.38738632	1.211142e-17
9463.37848115	1.210429e-17
9466.36957598	1.209716e-17
9469.3606708	1.209003e-17
9472.35176563	1.20829e-17
9475.34286046	1.207577e-17
9478.33395529	1.206864e-17
9481.32505012	1.206151e-17
9484.31614494	1.205438e-17
9487.30723977	1.204725e-17
9490.2983346	1.204012e-17
9493.28942943	1.203299e-17
9496.28052425	1.202586e-17
9499.27161908	1.201873e-17
9502.26271391	1.20116e-17
9505.25380874	1.200447e-17
9508.24490356	1.199734e-17
9511.23599839	1.199021e-17
9514.22709322	1.198308e-17
9517.21818805	1.197595e-17
9520.20928288	1.196882e-17
9523.2003777	1.196169e-17
9526.19147253	1.195456e-17
9529.18256736	1.194743e-17
9532.17366219	1.19403e-17
9535.16475701	1.193317e-17
9538.15585184	1.192604e-17
9541.14694667	1.191891e-17
9544.1380415	1.191178e-17
9547.12913632	1.190465e-17
9550.12023115	1.189752e-17
9553.11132598	1.189039e-17
9556.10242081	1.188326e-17
9559.09351563	1.187613e-17
9562.08461046	1.1869e-17
9565.07570529	1.186187e-17
9568.06680012	1.185474e-17
9571.05789495	1.184761e-17
9574.04898977	1.184048e-17
9577.0400846	1.183335e-17
9580.03117943	1.182622e-17
9583.02227426	1.181909e-17
9586.01336908	1.181195e-17
9589.00446391	1.180482e-17
9591.99555874	1.17977e-17
9594.98665357	1.179057e-17
9597.97774839	1.178344e-17
9600.96884322	1.17763e-17
9603.95993805	1.176917e-17
9606.95103288	1.176204e-17
9609.9421277	1.175491e-17
9612.93322253	1.174778e-17
9615.92431736	1.174065e-17
9618.91541219	1.173352e-17
9621.90650702	1.172639e-17
9624.89760184	1.171926e-17
9627.88869667	1.171213e-17
9630.8797915	1.1705e-17
9633.87088633	1.169787e-17
9636.86198115	1.169074e-17
9639.85307598	1.168361e-17
9642.84417081	1.167648e-17
9645.83526564	1.166935e-17
9648.82636046	1.166222e-17
9651.81745529	1.165509e-17
9654.80855012	1.164796e-17
9657.79964495	1.164083e-17
9660.79073977	1.16337e-17
9663.7818346	1.162657e-17
9666.77292943	1.161944e-17
9669.76402426	1.161231e-17
9672.75511909	1.160518e-17
9675.74621391	1.159805e-17
9678.73730874	1.159092e-17
9681.72840357	1.158379e-17
9684.7194984	1.157666e-17
9687.71059322	1.156953e-17
9690.70168805	1.15624e-17
9693.69278288	1.155527e-17
9696.68387771	1.154814e-17
9699.67497253	1.154101e-17
9702.66606736	1.153388e-17
9705.65716219	1.152675e-17
9708.64825702	1.151962e-17
9711.63935184	1.151249e-17
9714.63044667	1.150536e-17
9717.6215415	1.149823e-17
9720.61263633	1.14911e-17
9723.60373116	1.148397e-17
9726.59482598	1.147684e-17
9729.58592081	1.146971e-17
9732.57701564	1.146258e-17
9735.56811047	1.145545e-17
9738.55920529	1.144832e-17
9741.55030012	1.144118e-17
9744.54139495	1.143406e-17
9747.53248978	1.142693e-17
9750.5235846	1.14198e-17
9753.51467943	1.141266e-17
9756.50577426	1.140553e-17
9759.49686909	1.13984e-17
9762.48796391	1.139127e-17
9765.47905874	1.138414e-17
9768.47015357	1.137701e-17
9771.4612484	1.136988e-17
9774.45234323	1.136275e-17
9777.44343805	1.135562e-17
9780.43453288	1.134849e-17
9783.42562771	1.134136e-17
9786.41672254	1.133423e-17
9789.40781736	1.13271e-17
9792.39891219	1.131997e-17
9795.39000702	1.131284e-17
9798.38110185	1.130571e-17
9801.37219667	1.129858e-17
9804.3632915	1.129145e-17
9807.35438633	1.128432e-17
9810.34548116	1.127719e-17
9813.33657598	1.127006e-17
9816.32767081	1.126293e-17
9819.31876564	1.12558e-17
9822.30986047	1.124867e-17
9825.3009553	1.124154e-17
9828.29205012	1.123441e-17
9831.28314495	1.122728e-17
9834.27423978	1.122015e-17
9837.26533461	1.121302e-17
9840.25642943	1.120589e-17
9843.24752426	1.119876e-17
9846.23861909	1.119163e-17
9849.22971392	1.11845e-17
9852.22080874	1.117737e-17
9855.21190357	1.117024e-17
9858.2029984	1.116311e-17
9861.19409323	1.115598e-17
9864.18518806	1.114885e-17
9867.17628288	1.114172e-17
9870.16737771	1.113459e-17
9873.15847254	1.112746e-17
9876.14956737	1.112033e-17
9879.14066219	1.11132e-17
9882.13175702	1.110607e-17
9885.12285185	1.109894e-17
9888.11394668	1.109181e-17
9891.1050415	1.108468e-17
9894.09613633	1.107755e-17
9897.08723116	1.107042e-17
9900.07832599	1.106329e-17
9903.06942081	1.105616e-17
9906.06051564	1.104902e-17
9909.05161047	1.104189e-17
9912.0427053	1.103476e-17
9915.03380013	1.102763e-17
9918.02489495	1.10205e-17
9921.01598978	1.101337e-17
9924.00708461	1.100624e-17
9926.99817944	1.099911e-17
9929.98927426	1.099198e-17
9932.98036909	1.098485e-17
9935.97146392	1.097772e-17
9938.96255875	1.097059e-17
9941.95365357	1.096346e-17
9944.9447484	1.095633e-17
9947.93584323	1.09492e-17
9950.92693806	1.094207e-17
9953.91803288	1.093494e-17
9956.90912771	1.092781e-17
9959.90022254	1.092068e-17
9962.89131737	1.091355e-17
9965.8824122	1.090642e-17
9968.87350702	1.089929e-17
9971.86460185	1.089216e-17
9974.85569668	1.088503e-17
9977.84679151	1.08779e-17
9980.83788633	1.087077e-17
9983.82898116	1.086364e-17
9986.82007599	1.085651e-17
9989.81117082	1.084938e-17
9992.80226564	1.084225e-17
9995.79336047	1.083512e-17
9998.7844553	1.082799e-17
