#	 ps16ccn 
#	 UT date of observation: 20160608 
#	 Telescope/Instrument: KPNO4m/KOSMOS 
#	 Estimated Peak MJD: 57508.418 
#	 Estimated redshift: 0.024 
#	 Estimated Phase: 37.7 
#	 Published in Dettman et al. 2020 
#	 Observed barycentric wavelength (Angstroms)    F_lambda
4170.0	0.2229753
4171.0	0.1982541
4172.0	0.1802386
4173.0	0.2208261
4174.0	0.2532273
4175.0	0.2596263
4176.0	0.2350244
4177.0	0.1800355
4178.0	0.179809
4179.0	0.1960028
4180.0	0.2113589
4181.0	0.2302854
4182.0	0.2500253
4183.0	0.218612
4184.0	0.1934804
4185.0	0.1730734
4186.0	0.2210827
4187.0	0.2080332
4188.0	0.2195338
4189.0	0.2161209
4190.0	0.196602
4191.0	0.1872549
4192.0	0.1951191
4193.0	0.2392355
4194.0	0.2500093
4195.0	0.2674352
4196.0	0.178059
4197.0	0.2176613
4198.0	0.2393558
4199.0	0.2191328
4200.0	0.1883121
4201.0	0.2262576
4202.0	0.1997269
4203.0	0.2166527
4204.0	0.1704188
4205.0	0.2014236
4206.0	0.2558818
4207.0	0.2169543
4208.0	0.2042366
4209.0	0.2042355
4210.0	0.1942554
4211.0	0.2037042
4212.0	0.1960928
4213.0	0.2431176
4214.0	0.1977792
4215.0	0.1847809
4216.0	0.196392
4217.0	0.1784604
4218.0	0.2209474
4219.0	0.1968381
4220.0	0.1745662
4221.0	0.1839902
4222.0	0.1923548
4223.0	0.1836489
4224.0	0.1925072
4225.0	0.2076307
4226.0	0.1834156
4227.0	0.1747324
4228.0	0.146182
4229.0	0.1771336
4230.0	0.1688481
4231.0	0.1749499
4232.0	0.1851996
4233.0	0.15736
4234.0	0.1419716
4235.0	0.1849893
4236.0	0.2149242
4237.0	0.2010696
4238.0	0.1440129
4239.0	0.1780251
4240.0	0.1624269
4241.0	0.200552
4242.0	0.1823668
4243.0	0.1703293
4244.0	0.1991954
4245.0	0.1494812
4246.0	0.2016409
4247.0	0.1691233
4248.0	0.1539245
4249.0	0.1949355
4250.0	0.1912021
4251.0	0.1834972
4252.0	0.2028811
4253.0	0.1829311
4254.0	0.1717083
4255.0	0.1873079
4256.0	0.1468621
4257.0	0.1556589
4258.0	0.1762519
4259.0	0.1800355
4260.0	0.1901541
4261.0	0.1821978
4262.0	0.1721823
4263.0	0.1779614
4264.0	0.1730827
4265.0	0.1867261
4266.0	0.2072788
4267.0	0.1651361
4268.0	0.1624017
4269.0	0.194733
4270.0	0.1858213
4271.0	0.1598758
4272.0	0.2005278
4273.0	0.1836069
4274.0	0.2003178
4275.0	0.1926968
4276.0	0.1784129
4277.0	0.1925288
4278.0	0.1627732
4279.0	0.1516081
4280.0	0.1898987
4281.0	0.1746643
4282.0	0.2012223
4283.0	0.1708632
4284.0	0.1819599
4285.0	0.1697262
4286.0	0.1711348
4287.0	0.1940173
4288.0	0.1518112
4289.0	0.1785567
4290.0	0.1881267
4291.0	0.1908307
4292.0	0.180706
4293.0	0.2021406
4294.0	0.1874632
4295.0	0.1693053
4296.0	0.1753115
4297.0	0.2097087
4298.0	0.1820639
4299.0	0.1982538
4300.0	0.2452336
4301.0	0.2271893
4302.0	0.2060764
4303.0	0.2020871
4304.0	0.1936591
4305.0	0.1751429
4306.0	0.1972826
4307.0	0.1942482
4308.0	0.1945807
4309.0	0.1974108
4310.0	0.1796852
4311.0	0.2176693
4312.0	0.1891169
4313.0	0.2017147
4314.0	0.2321891
4315.0	0.1928984
4316.0	0.2093938
4317.0	0.212466
4318.0	0.1948424
4319.0	0.1857871
4320.0	0.189309
4321.0	0.1752509
4322.0	0.1943575
4323.0	0.2175448
4324.0	0.2244916
4325.0	0.2118203
4326.0	0.2465856
4327.0	0.1974836
4328.0	0.1918282
4329.0	0.1860727
4330.0	0.2204242
4331.0	0.1974662
4332.0	0.2235093
4333.0	0.2140991
4334.0	0.2119853
4335.0	0.1996689
4336.0	0.1853705
4337.0	0.1985749
4338.0	0.2098969
4339.0	0.2124552
4340.0	0.2053446
4341.0	0.1949371
4342.0	0.1883196
4343.0	0.2117738
4344.0	0.2162331
4345.0	0.2187613
4346.0	0.1970166
4347.0	0.1911975
4348.0	0.1965702
4349.0	0.2047599
4350.0	0.1930065
4351.0	0.1974984
4352.0	0.201005
4353.0	0.2114538
4354.0	0.1781432
4355.0	0.1687981
4356.0	0.2169224
4357.0	0.1833929
4358.0	0.1981283
4359.0	0.1957469
4360.0	0.1868714
4361.0	0.2020954
4362.0	0.2106526
4363.0	0.2138409
4364.0	0.2045162
4365.0	0.2035369
4366.0	0.2061294
4367.0	0.2035425
4368.0	0.1947016
4369.0	0.182451
4370.0	0.1970595
4371.0	0.1952119
4372.0	0.1877359
4373.0	0.1901665
4374.0	0.20671
4375.0	0.2025439
4376.0	0.1798982
4377.0	0.1981718
4378.0	0.2130738
4379.0	0.192072
4380.0	0.1863807
4381.0	0.1885843
4382.0	0.1935886
4383.0	0.1787296
4384.0	0.1781014
4385.0	0.2181204
4386.0	0.2005002
4387.0	0.1972213
4388.0	0.1884187
4389.0	0.1822406
4390.0	0.1987815
4391.0	0.1785629
4392.0	0.1734567
4393.0	0.1898729
4394.0	0.1911597
4395.0	0.1921075
4396.0	0.1806307
4397.0	0.2006495
4398.0	0.2060131
4399.0	0.1961171
4400.0	0.1930527
4401.0	0.2103752
4402.0	0.1875624
4403.0	0.2056367
4404.0	0.2100287
4405.0	0.2036493
4406.0	0.1928717
4407.0	0.2070633
4408.0	0.1844075
4409.0	0.1929734
4410.0	0.1943478
4411.0	0.2095241
4412.0	0.208336
4413.0	0.2086654
4414.0	0.2331543
4415.0	0.2248186
4416.0	0.1771552
4417.0	0.1980288
4418.0	0.2329525
4419.0	0.2126402
4420.0	0.229509
4421.0	0.2150349
4422.0	0.2204524
4423.0	0.2144828
4424.0	0.2432612
4425.0	0.1923895
4426.0	0.2150288
4427.0	0.1957799
4428.0	0.1885557
4429.0	0.2092961
4430.0	0.1904833
4431.0	0.2082232
4432.0	0.215032
4433.0	0.2234415
4434.0	0.2060571
4435.0	0.1931795
4436.0	0.1971554
4437.0	0.2015099
4438.0	0.1950834
4439.0	0.185648
4440.0	0.1863708
4441.0	0.2074491
4442.0	0.2120187
4443.0	0.2028366
4444.0	0.1824674
4445.0	0.1805176
4446.0	0.1957709
4447.0	0.2080327
4448.0	0.2030841
4449.0	0.2133534
4450.0	0.1946484
4451.0	0.1976059
4452.0	0.190879
4453.0	0.1687952
4454.0	0.1545717
4455.0	0.1760915
4456.0	0.1681237
4457.0	0.1755411
4458.0	0.1974481
4459.0	0.1890052
4460.0	0.1965012
4461.0	0.1792149
4462.0	0.1734342
4463.0	0.1703412
4464.0	0.1768198
4465.0	0.1858331
4466.0	0.1520452
4467.0	0.1644395
4468.0	0.162134
4469.0	0.1578024
4470.0	0.147671
4471.0	0.1581958
4472.0	0.1647799
4473.0	0.1747852
4474.0	0.1693948
4475.0	0.1497551
4476.0	0.1548185
4477.0	0.1579478
4478.0	0.1620217
4479.0	0.1508277
4480.0	0.1517337
4481.0	0.15404
4482.0	0.1616739
4483.0	0.1289098
4484.0	0.1240896
4485.0	0.1197186
4486.0	0.1560353
4487.0	0.1537896
4488.0	0.1288424
4489.0	0.1311608
4490.0	0.133057
4491.0	0.1260546
4492.0	0.152188
4493.0	0.1376234
4494.0	0.1494908
4495.0	0.1259144
4496.0	0.119293
4497.0	0.1513532
4498.0	0.1286868
4499.0	0.1264065
4500.0	0.1094636
4501.0	0.1011142
4502.0	0.09956488
4503.0	0.1163387
4504.0	0.1087477
4505.0	0.1193208
4506.0	0.109211
4507.0	0.09352539
4508.0	0.1056446
4509.0	0.1016759
4510.0	0.1063577
4511.0	0.1200572
4512.0	0.1201372
4513.0	0.1148764
4514.0	0.1165509
4515.0	0.09974577
4516.0	0.1336265
4517.0	0.1223913
4518.0	0.1146776
4519.0	0.1254104
4520.0	0.102299
4521.0	0.09411696
4522.0	0.09668025
4523.0	0.1025827
4524.0	0.1042697
4525.0	0.1082451
4526.0	0.1117131
4527.0	0.1164365
4528.0	0.1211066
4529.0	0.1141441
4530.0	0.1020195
4531.0	0.1070031
4532.0	0.1037713
4533.0	0.1143455
4534.0	0.1208631
4535.0	0.1159251
4536.0	0.1097664
4537.0	0.1015311
4538.0	0.09886383
4539.0	0.1113729
4540.0	0.1042283
4541.0	0.08089551
4542.0	0.09311349
4543.0	0.1067796
4544.0	0.1044248
4545.0	0.1139261
4546.0	0.1151675
4547.0	0.1070499
4548.0	0.1290459
4549.0	0.1233548
4550.0	0.1364782
4551.0	0.1113945
4552.0	0.1131784
4553.0	0.1104773
4554.0	0.1147502
4555.0	0.1229465
4556.0	0.1101937
4557.0	0.1195272
4558.0	0.1053801
4559.0	0.11369
4560.0	0.1127837
4561.0	0.1097289
4562.0	0.1132525
4563.0	0.1237519
4564.0	0.1187638
4565.0	0.1206027
4566.0	0.1242218
4567.0	0.1159847
4568.0	0.1169831
4569.0	0.1272797
4570.0	0.1052566
4571.0	0.09539614
4572.0	0.1130574
4573.0	0.1293326
4574.0	0.1384561
4575.0	0.1518244
4576.0	0.1284233
4577.0	0.1286178
4578.0	0.11475
4579.0	0.1394762
4580.0	0.1139151
4581.0	0.1162471
4582.0	0.1254767
4583.0	0.1056159
4584.0	0.1193029
4585.0	0.1326545
4586.0	0.1425839
4587.0	0.1449762
4588.0	0.1251183
4589.0	0.1154898
4590.0	0.1210865
4591.0	0.1242706
4592.0	0.1275207
4593.0	0.1341914
4594.0	0.1338517
4595.0	0.1502233
4596.0	0.1460959
4597.0	0.1348878
4598.0	0.1524261
4599.0	0.1571425
4600.0	0.146945
4601.0	0.1378591
4602.0	0.1354336
4603.0	0.1341399
4604.0	0.1455238
4605.0	0.1534268
4606.0	0.1419988
4607.0	0.1495384
4608.0	0.1531753
4609.0	0.1346637
4610.0	0.1381082
4611.0	0.1532675
4612.0	0.1672435
4613.0	0.1623874
4614.0	0.1694386
4615.0	0.1583001
4616.0	0.1515105
4617.0	0.1680464
4618.0	0.1545366
4619.0	0.1543518
4620.0	0.1595788
4621.0	0.1604726
4622.0	0.1620178
4623.0	0.1657066
4624.0	0.1760315
4625.0	0.1748506
4626.0	0.1972095
4627.0	0.1718886
4628.0	0.1637089
4629.0	0.185243
4630.0	0.1776675
4631.0	0.1795106
4632.0	0.1767759
4633.0	0.1746366
4634.0	0.1722789
4635.0	0.176908
4636.0	0.1859827
4637.0	0.1809164
4638.0	0.1870381
4639.0	0.1772611
4640.0	0.201404
4641.0	0.2099199
4642.0	0.1877768
4643.0	0.1973676
4644.0	0.1829094
4645.0	0.2020675
4646.0	0.1972689
4647.0	0.2041538
4648.0	0.1985085
4649.0	0.20878
4650.0	0.2188186
4651.0	0.1790808
4652.0	0.2117699
4653.0	0.2175519
4654.0	0.2006124
4655.0	0.2155408
4656.0	0.2120987
4657.0	0.2020122
4658.0	0.2015579
4659.0	0.220275
4660.0	0.2189126
4661.0	0.238072
4662.0	0.2360144
4663.0	0.2435798
4664.0	0.2399496
4665.0	0.2477134
4666.0	0.2416554
4667.0	0.2341204
4668.0	0.2474603
4669.0	0.2687399
4670.0	0.2573729
4671.0	0.27259
4672.0	0.2651106
4673.0	0.260495
4674.0	0.2459717
4675.0	0.2535313
4676.0	0.2712056
4677.0	0.2737184
4678.0	0.2657287
4679.0	0.2502668
4680.0	0.2766358
4681.0	0.2497601
4682.0	0.2674116
4683.0	0.3087472
4684.0	0.2899909
4685.0	0.2927204
4686.0	0.2888875
4687.0	0.2794692
4688.0	0.3090829
4689.0	0.3146996
4690.0	0.3143579
4691.0	0.3162394
4692.0	0.291998
4693.0	0.3237948
4694.0	0.3375961
4695.0	0.3120976
4696.0	0.3255235
4697.0	0.3314295
4698.0	0.3381062
4699.0	0.3458052
4700.0	0.3253814
4701.0	0.3416653
4702.0	0.3479627
4703.0	0.3418014
4704.0	0.3377312
4705.0	0.3404655
4706.0	0.3235433
4707.0	0.2901718
4708.0	0.3253516
4709.0	0.3491545
4710.0	0.3450258
4711.0	0.3481253
4712.0	0.3509153
4713.0	0.3491099
4714.0	0.3471058
4715.0	0.3491614
4716.0	0.344571
4717.0	0.351472
4718.0	0.37279
4719.0	0.3475917
4720.0	0.3339655
4721.0	0.3460423
4722.0	0.345304
4723.0	0.3162786
4724.0	0.3290865
4725.0	0.3455125
4726.0	0.3385963
4727.0	0.3412073
4728.0	0.3341372
4729.0	0.3328177
4730.0	0.3449059
4731.0	0.3414986
4732.0	0.3657186
4733.0	0.3328838
4734.0	0.3335492
4735.0	0.3223294
4736.0	0.3518135
4737.0	0.3263807
4738.0	0.3077899
4739.0	0.3363408
4740.0	0.3369454
4741.0	0.3347559
4742.0	0.3309763
4743.0	0.3429391
4744.0	0.3546231
4745.0	0.3536164
4746.0	0.3502112
4747.0	0.318152
4748.0	0.3502942
4749.0	0.3540326
4750.0	0.3417219
4751.0	0.3422099
4752.0	0.3358518
4753.0	0.3078476
4754.0	0.3275236
4755.0	0.3323764
4756.0	0.3240719
4757.0	0.3342851
4758.0	0.3495075
4759.0	0.3168251
4760.0	0.3093102
4761.0	0.3285472
4762.0	0.3299621
4763.0	0.3114763
4764.0	0.3160622
4765.0	0.3214725
4766.0	0.3169503
4767.0	0.3010692
4768.0	0.3134432
4769.0	0.3054527
4770.0	0.3111727
4771.0	0.3109246
4772.0	0.3092332
4773.0	0.2931195
4774.0	0.3054129
4775.0	0.2747912
4776.0	0.2769657
4777.0	0.2978358
4778.0	0.2689589
4779.0	0.2645321
4780.0	0.265429
4781.0	0.2664118
4782.0	0.2721389
4783.0	0.2554343
4784.0	0.2517902
4785.0	0.2611595
4786.0	0.2560074
4787.0	0.2494372
4788.0	0.2392598
4789.0	0.2496811
4790.0	0.2473909
4791.0	0.2525846
4792.0	0.2348721
4793.0	0.2469475
4794.0	0.2330595
4795.0	0.2302229
4796.0	0.2351954
4797.0	0.2199485
4798.0	0.2226809
4799.0	0.2279305
4800.0	0.2208897
4801.0	0.2312833
4802.0	0.2292039
4803.0	0.2106146
4804.0	0.2076672
4805.0	0.2099314
4806.0	0.2188392
4807.0	0.1869133
4808.0	0.1971921
4809.0	0.1991972
4810.0	0.2143588
4811.0	0.1935805
4812.0	0.1818378
4813.0	0.1947549
4814.0	0.1701852
4815.0	0.1495399
4816.0	0.1681006
4817.0	0.165582
4818.0	0.1659164
4819.0	0.1681822
4820.0	0.1670742
4821.0	0.1665579
4822.0	0.1654191
4823.0	0.1684054
4824.0	0.1563823
4825.0	0.1610382
4826.0	0.1573107
4827.0	0.1564707
4828.0	0.1406019
4829.0	0.1323891
4830.0	0.1345913
4831.0	0.1380882
4832.0	0.1559294
4833.0	0.1494143
4834.0	0.139012
4835.0	0.1434106
4836.0	0.1469479
4837.0	0.1448953
4838.0	0.1465093
4839.0	0.1353136
4840.0	0.1478435
4841.0	0.1411265
4842.0	0.1332242
4843.0	0.1357222
4844.0	0.1344982
4845.0	0.1383344
4846.0	0.1416445
4847.0	0.1287821
4848.0	0.1278741
4849.0	0.1380888
4850.0	0.1508505
4851.0	0.1384986
4852.0	0.145607
4853.0	0.1455739
4854.0	0.1434706
4855.0	0.1318138
4856.0	0.1397927
4857.0	0.1366776
4858.0	0.1420868
4859.0	0.1318941
4860.0	0.1238699
4861.0	0.1224817
4862.0	0.131214
4863.0	0.1309645
4864.0	0.1270573
4865.0	0.1314197
4866.0	0.1229036
4867.0	0.1233752
4868.0	0.1274171
4869.0	0.1226102
4870.0	0.1275751
4871.0	0.1214482
4872.0	0.1285791
4873.0	0.1237465
4874.0	0.1191211
4875.0	0.1253893
4876.0	0.110291
4877.0	0.1143911
4878.0	0.1303873
4879.0	0.1392386
4880.0	0.120855
4881.0	0.1292525
4882.0	0.1284774
4883.0	0.122201
4884.0	0.14035
4885.0	0.1333774
4886.0	0.1311989
4887.0	0.1324715
4888.0	0.1389939
4889.0	0.1360549
4890.0	0.1398402
4891.0	0.1407847
4892.0	0.1334129
4893.0	0.134147
4894.0	0.136534
4895.0	0.1386678
4896.0	0.1329148
4897.0	0.1380692
4898.0	0.1370834
4899.0	0.1501455
4900.0	0.1330547
4901.0	0.1379597
4902.0	0.1462002
4903.0	0.1401874
4904.0	0.1276984
4905.0	0.14505
4906.0	0.1422827
4907.0	0.1431397
4908.0	0.145603
4909.0	0.1529859
4910.0	0.1487082
4911.0	0.1486355
4912.0	0.145933
4913.0	0.1428014
4914.0	0.1440743
4915.0	0.158832
4916.0	0.1651041
4917.0	0.1559485
4918.0	0.1486506
4919.0	0.1636825
4920.0	0.163463
4921.0	0.1624809
4922.0	0.1762701
4923.0	0.1726798
4924.0	0.1756402
4925.0	0.1698236
4926.0	0.1618099
4927.0	0.1764994
4928.0	0.1601774
4929.0	0.1565172
4930.0	0.1727342
4931.0	0.1741767
4932.0	0.1752452
4933.0	0.168295
4934.0	0.1714727
4935.0	0.1708989
4936.0	0.1642973
4937.0	0.1686928
4938.0	0.1776071
4939.0	0.1766595
4940.0	0.1711877
4941.0	0.1764905
4942.0	0.1883395
4943.0	0.1832862
4944.0	0.1776141
4945.0	0.1681634
4946.0	0.1731241
4947.0	0.1781576
4948.0	0.1788797
4949.0	0.1699857
4950.0	0.1481371
4951.0	0.1433828
4952.0	0.1667569
4953.0	0.1826993
4954.0	0.1693327
4955.0	0.1615552
4956.0	0.1779477
4957.0	0.1808221
4958.0	0.1970465
4959.0	0.1783001
4960.0	0.1867031
4961.0	0.1705621
4962.0	0.1766101
4963.0	0.1615618
4964.0	0.1640623
4965.0	0.166246
4966.0	0.1583179
4967.0	0.1684047
4968.0	0.1830975
4969.0	0.1604145
4970.0	0.1458524
4971.0	0.1690734
4972.0	0.1648643
4973.0	0.1611264
4974.0	0.1656305
4975.0	0.1687771
4976.0	0.1561885
4977.0	0.1538547
4978.0	0.1590415
4979.0	0.1696309
4980.0	0.1666224
4981.0	0.1612947
4982.0	0.1583272
4983.0	0.1719372
4984.0	0.156175
4985.0	0.175643
4986.0	0.1651944
4987.0	0.1578769
4988.0	0.1560855
4989.0	0.1595829
4990.0	0.1633196
4991.0	0.1664774
4992.0	0.1705305
4993.0	0.167453
4994.0	0.1709734
4995.0	0.1438618
4996.0	0.1544398
4997.0	0.1505429
4998.0	0.1529183
4999.0	0.1662219
5000.0	0.1726456
5001.0	0.170169
5002.0	0.1684822
5003.0	0.151686
5004.0	0.1636629
5005.0	0.1846188
5006.0	0.1712026
5007.0	0.1713984
5008.0	0.1736956
5009.0	0.1746219
5010.0	0.175427
5011.0	0.1751187
5012.0	0.1670039
5013.0	0.1779792
5014.0	0.1746867
5015.0	0.1719906
5016.0	0.185834
5017.0	0.1999141
5018.0	0.1904703
5019.0	0.1854568
5020.0	0.1852224
5021.0	0.1944979
5022.0	0.1977711
5023.0	0.1984207
5024.0	0.1985443
5025.0	0.211091
5026.0	0.2026
5027.0	0.1883494
5028.0	0.1998042
5029.0	0.2049346
5030.0	0.2049502
5031.0	0.2056316
5032.0	0.2067912
5033.0	0.2045055
5034.0	0.2202215
5035.0	0.2222941
5036.0	0.238062
5037.0	0.2223271
5038.0	0.2271342
5039.0	0.2364487
5040.0	0.2264245
5041.0	0.239727
5042.0	0.2384686
5043.0	0.2315412
5044.0	0.2452063
5045.0	0.2682946
5046.0	0.2532005
5047.0	0.2487456
5048.0	0.2632864
5049.0	0.2497778
5050.0	0.2553881
5051.0	0.2651818
5052.0	0.2661444
5053.0	0.2589614
5054.0	0.2617023
5055.0	0.253257
5056.0	0.2600835
5057.0	0.2690594
5058.0	0.2645215
5059.0	0.2594875
5060.0	0.2806726
5061.0	0.2774528
5062.0	0.2690092
5063.0	0.2682002
5064.0	0.2696809
5065.0	0.2784542
5066.0	0.2650209
5067.0	0.2853778
5068.0	0.2800271
5069.0	0.2845463
5070.0	0.2832498
5071.0	0.2701219
5072.0	0.2882548
5073.0	0.2765287
5074.0	0.2701633
5075.0	0.2625922
5076.0	0.2740935
5077.0	0.2738183
5078.0	0.2851303
5079.0	0.2714483
5080.0	0.2556077
5081.0	0.2713476
5082.0	0.2785113
5083.0	0.2607836
5084.0	0.255216
5085.0	0.2566087
5086.0	0.2511033
5087.0	0.2544076
5088.0	0.2536697
5089.0	0.2495293
5090.0	0.2449486
5091.0	0.261352
5092.0	0.2586104
5093.0	0.237477
5094.0	0.2519965
5095.0	0.247453
5096.0	0.2285327
5097.0	0.2305326
5098.0	0.2349006
5099.0	0.2352833
5100.0	0.2227212
5101.0	0.2233354
5102.0	0.2371242
5103.0	0.2216815
5104.0	0.2179904
5105.0	0.2223444
5106.0	0.2107596
5107.0	0.20876
5108.0	0.2165683
5109.0	0.2075019
5110.0	0.2054668
5111.0	0.2014321
5112.0	0.2022693
5113.0	0.1943128
5114.0	0.1961767
5115.0	0.1931138
5116.0	0.1816904
5117.0	0.1993043
5118.0	0.1914762
5119.0	0.1797601
5120.0	0.1829897
5121.0	0.1776864
5122.0	0.1765894
5123.0	0.1842843
5124.0	0.1757389
5125.0	0.1679364
5126.0	0.1703413
5127.0	0.1739922
5128.0	0.1770323
5129.0	0.1935904
5130.0	0.1917689
5131.0	0.172368
5132.0	0.1643462
5133.0	0.1490984
5134.0	0.150438
5135.0	0.1562286
5136.0	0.1517699
5137.0	0.1402411
5138.0	0.1574811
5139.0	0.1558094
5140.0	0.1466483
5141.0	0.1518586
5142.0	0.1553078
5143.0	0.1447447
5144.0	0.1314591
5145.0	0.149207
5146.0	0.1515532
5147.0	0.1487693
5148.0	0.1605601
5149.0	0.1550999
5150.0	0.1446693
5151.0	0.1411629
5152.0	0.1328957
5153.0	0.1500679
5154.0	0.1421344
5155.0	0.1400107
5156.0	0.1544002
5157.0	0.1484059
5158.0	0.1360498
5159.0	0.152033
5160.0	0.1461716
5161.0	0.1372855
5162.0	0.1413448
5163.0	0.1449077
5164.0	0.1382249
5165.0	0.1403102
5166.0	0.137823
5167.0	0.141371
5168.0	0.1335595
5169.0	0.1362389
5170.0	0.1323004
5171.0	0.13974
5172.0	0.1405979
5173.0	0.1445888
5174.0	0.1347882
5175.0	0.1386805
5176.0	0.1433311
5177.0	0.1394065
5178.0	0.1360361
5179.0	0.1376677
5180.0	0.1419303
5181.0	0.1325428
5182.0	0.1310561
5183.0	0.1287531
5184.0	0.1279044
5185.0	0.1370967
5186.0	0.1329966
5187.0	0.1407579
5188.0	0.1360178
5189.0	0.1412741
5190.0	0.1462804
5191.0	0.1538662
5192.0	0.1460187
5193.0	0.144448
5194.0	0.1346611
5195.0	0.1372196
5196.0	0.1415357
5197.0	0.1409432
5198.0	0.1250159
5199.0	0.1363797
5200.0	0.1497365
5201.0	0.1407246
5202.0	0.1424014
5203.0	0.1386122
5204.0	0.1435418
5205.0	0.140767
5206.0	0.1293661
5207.0	0.137913
5208.0	0.1459355
5209.0	0.1434941
5210.0	0.1476515
5211.0	0.1360776
5212.0	0.1348949
5213.0	0.1447212
5214.0	0.1370672
5215.0	0.146099
5216.0	0.140777
5217.0	0.1329228
5218.0	0.1332069
5219.0	0.1494312
5220.0	0.141122
5221.0	0.1354223
5222.0	0.1465406
5223.0	0.1543685
5224.0	0.1374547
5225.0	0.1375486
5226.0	0.1355909
5227.0	0.1433882
5228.0	0.142167
5229.0	0.1357305
5230.0	0.1351416
5231.0	0.1470559
5232.0	0.1392141
5233.0	0.1463905
5234.0	0.1399617
5235.0	0.1276119
5236.0	0.1236577
5237.0	0.139307
5238.0	0.1399965
5239.0	0.1376495
5240.0	0.1272208
5241.0	0.1377801
5242.0	0.1353711
5243.0	0.1404231
5244.0	0.1284354
5245.0	0.1374616
5246.0	0.15478
5247.0	0.1311978
5248.0	0.1355564
5249.0	0.1242519
5250.0	0.1288235
5251.0	0.1327672
5252.0	0.1299961
5253.0	0.1471501
5254.0	0.1496018
5255.0	0.1453196
5256.0	0.1469435
5257.0	0.137094
5258.0	0.1335194
5259.0	0.1230959
5260.0	0.1387681
5261.0	0.1344404
5262.0	0.130449
5263.0	0.1418927
5264.0	0.1406947
5265.0	0.1265907
5266.0	0.1311541
5267.0	0.1411489
5268.0	0.1414775
5269.0	0.1419138
5270.0	0.1387516
5271.0	0.1461107
5272.0	0.133167
5273.0	0.1270433
5274.0	0.1316591
5275.0	0.1351041
5276.0	0.1410329
5277.0	0.1320723
5278.0	0.1346989
5279.0	0.1285796
5280.0	0.1307295
5281.0	0.147106
5282.0	0.1484982
5283.0	0.1413539
5284.0	0.1292916
5285.0	0.1373149
5286.0	0.1470219
5287.0	0.1416329
5288.0	0.1417108
5289.0	0.1492012
5290.0	0.1451706
5291.0	0.1343128
5292.0	0.136362
5293.0	0.1464117
5294.0	0.1468672
5295.0	0.142697
5296.0	0.1309234
5297.0	0.1465883
5298.0	0.1469651
5299.0	0.1453551
5300.0	0.1494757
5301.0	0.1339927
5302.0	0.1355693
5303.0	0.1346535
5304.0	0.1350868
5305.0	0.1458118
5306.0	0.1405097
5307.0	0.1372549
5308.0	0.1398986
5309.0	0.1527607
5310.0	0.1546359
5311.0	0.1474418
5312.0	0.14782
5313.0	0.1526409
5314.0	0.1551864
5315.0	0.1492811
5316.0	0.1557564
5317.0	0.1584735
5318.0	0.1600535
5319.0	0.1705195
5320.0	0.1491185
5321.0	0.1440874
5322.0	0.1626335
5323.0	0.1543358
5324.0	0.1623959
5325.0	0.156347
5326.0	0.1566657
5327.0	0.1565905
5328.0	0.1601329
5329.0	0.1565403
5330.0	0.1651522
5331.0	0.1600806
5332.0	0.1623724
5333.0	0.1709659
5334.0	0.1663479
5335.0	0.1682085
5336.0	0.1672143
5337.0	0.1657263
5338.0	0.1673507
5339.0	0.1676928
5340.0	0.1621745
5341.0	0.1805384
5342.0	0.1798484
5343.0	0.1660609
5344.0	0.1666099
5345.0	0.1685132
5346.0	0.1655381
5347.0	0.1782303
5348.0	0.1790805
5349.0	0.1873145
5350.0	0.1890493
5351.0	0.1866585
5352.0	0.1701191
5353.0	0.1831308
5354.0	0.1879305
5355.0	0.192713
5356.0	0.1829041
5357.0	0.190726
5358.0	0.1970271
5359.0	0.1945468
5360.0	0.1980043
5361.0	0.1933398
5362.0	0.1878046
5363.0	0.1987142
5364.0	0.198974
5365.0	0.192595
5366.0	0.1987841
5367.0	0.208245
5368.0	0.2015865
5369.0	0.1968014
5370.0	0.1937744
5371.0	0.2113276
5372.0	0.216405
5373.0	0.2020361
5374.0	0.2074447
5375.0	0.2167543
5376.0	0.2157378
5377.0	0.2040187
5378.0	0.2045911
5379.0	0.2216412
5380.0	0.2276159
5381.0	0.2173286
5382.0	0.2195106
5383.0	0.2192554
5384.0	0.2237544
5385.0	0.2226647
5386.0	0.2158923
5387.0	0.2162134
5388.0	0.2167666
5389.0	0.212743
5390.0	0.2236764
5391.0	0.2215136
5392.0	0.2290998
5393.0	0.2370027
5394.0	0.2231252
5395.0	0.2116948
5396.0	0.1993438
5397.0	0.2241789
5398.0	0.2272076
5399.0	0.2220236
5400.0	0.2167608
5401.0	0.2211581
5402.0	0.2265958
5403.0	0.2209483
5404.0	0.2211543
5405.0	0.2146827
5406.0	0.2160387
5407.0	0.2345835
5408.0	0.2344248
5409.0	0.2299616
5410.0	0.2333166
5411.0	0.2262802
5412.0	0.2272503
5413.0	0.2265759
5414.0	0.2280367
5415.0	0.2219161
5416.0	0.2237374
5417.0	0.229892
5418.0	0.2401111
5419.0	0.2309647
5420.0	0.2247561
5421.0	0.2231287
5422.0	0.2303863
5423.0	0.2296245
5424.0	0.2408429
5425.0	0.2416273
5426.0	0.22095
5427.0	0.2274396
5428.0	0.2395935
5429.0	0.2349164
5430.0	0.238262
5431.0	0.2399044
5432.0	0.2429049
5433.0	0.2410373
5434.0	0.2503589
5435.0	0.2403246
5436.0	0.2347598
5437.0	0.2554797
5438.0	0.2611852
5439.0	0.254841
5440.0	0.2647186
5441.0	0.2561101
5442.0	0.2522351
5443.0	0.2503755
5444.0	0.262315
5445.0	0.2600975
5446.0	0.2525399
5447.0	0.2616189
5448.0	0.2529585
5449.0	0.2445736
5450.0	0.2553367
5451.0	0.260595
5452.0	0.2418212
5453.0	0.2566012
5454.0	0.2427738
5455.0	0.2389147
5456.0	0.2453693
5457.0	0.2412838
5458.0	0.25466
5459.0	0.2450119
5460.0	0.2501642
5461.0	0.2371813
5462.0	0.2291309
5463.0	0.234002
5464.0	0.2323432
5465.0	0.2315496
5466.0	0.2416996
5467.0	0.2296808
5468.0	0.2341874
5469.0	0.240355
5470.0	0.247304
5471.0	0.2571199
5472.0	0.2499677
5473.0	0.2189942
5474.0	0.2386036
5475.0	0.2417577
5476.0	0.2371755
5477.0	0.2409349
5478.0	0.2353846
5479.0	0.2204012
5480.0	0.2329322
5481.0	0.236647
5482.0	0.2480637
5483.0	0.2276281
5484.0	0.2313988
5485.0	0.2352981
5486.0	0.2372874
5487.0	0.2351036
5488.0	0.2426099
5489.0	0.2340547
5490.0	0.2257934
5491.0	0.2342436
5492.0	0.2280468
5493.0	0.2294874
5494.0	0.223424
5495.0	0.2314308
5496.0	0.2186675
5497.0	0.2279146
5498.0	0.2286911
5499.0	0.2209936
5500.0	0.2279867
5501.0	0.2175813
5502.0	0.2203578
5503.0	0.2025405
5504.0	0.2205798
5505.0	0.2276803
5506.0	0.2221406
5507.0	0.2200035
5508.0	0.2267509
5509.0	0.2281837
5510.0	0.2451201
5511.0	0.2290687
5512.0	0.2277352
5513.0	0.2320514
5514.0	0.2383235
5515.0	0.2308474
5516.0	0.2381113
5517.0	0.2358104
5518.0	0.2278097
5519.0	0.2340215
5520.0	0.2201643
5521.0	0.2170676
5522.0	0.2337444
5523.0	0.2317495
5524.0	0.2328069
5525.0	0.2325432
5526.0	0.2406838
5527.0	0.2511252
5528.0	0.234374
5529.0	0.2476829
5530.0	0.2600331
5531.0	0.2471603
5532.0	0.247828
5533.0	0.2490481
5534.0	0.2469437
5535.0	0.2601559
5536.0	0.259861
5537.0	0.2557721
5538.0	0.2524294
5539.0	0.2524774
5540.0	0.2766419
5541.0	0.2812375
5542.0	0.2610099
5543.0	0.269958
5544.0	0.2682616
5545.0	0.2690425
5546.0	0.2614791
5547.0	0.267644
5548.0	0.2629169
5549.0	0.2558693
5550.0	0.2585723
5551.0	0.2919137
5552.0	0.2856785
5553.0	0.2725697
5554.0	0.2721572
5555.0	0.2712941
5556.0	0.2747293
5557.0	0.2708088
5558.0	0.2729324
5559.0	0.2778825
5560.0	0.2753996
5561.0	0.2683201
5562.0	0.2692164
5563.0	0.2730943
5564.0	0.2765026
5565.0	0.2690252
5566.0	0.2889712
5567.0	0.2839585
5568.0	0.3017887
5569.0	0.3049803
5570.0	0.2906407
5571.0	0.2972059
5572.0	0.2933172
5573.0	0.2361619
5574.0	0.2602599
5575.0	0.3397492
5576.0	0.3371304
5577.0	0.234068
5578.0	0.313119
5579.0	0.3422377
5580.0	0.2922809
5581.0	0.2954599
5582.0	0.2957584
5583.0	0.2933095
5584.0	0.3122441
5585.0	0.314764
5586.0	0.3177726
5587.0	0.3211659
5588.0	0.312478
5589.0	0.3139956
5590.0	0.317166
5591.0	0.3093732
5592.0	0.3218024
5593.0	0.3261063
5594.0	0.3190631
5595.0	0.3146319
5596.0	0.3380715
5597.0	0.3346262
5598.0	0.3369749
5599.0	0.33461
5600.0	0.3235243
5601.0	0.326714
5602.0	0.3542145
5603.0	0.3557094
5604.0	0.3567703
5605.0	0.3532844
5606.0	0.3416087
5607.0	0.3546481
5608.0	0.353219
5609.0	0.3528237
5610.0	0.3505906
5611.0	0.3493218
5612.0	0.3601751
5613.0	0.3830383
5614.0	0.3665584
5615.0	0.3636713
5616.0	0.3638971
5617.0	0.3591506
5618.0	0.3505783
5619.0	0.3696025
5620.0	0.3905468
5621.0	0.3761293
5622.0	0.3656996
5623.0	0.3626283
5624.0	0.3768132
5625.0	0.3688869
5626.0	0.383242
5627.0	0.3927197
5628.0	0.3847861
5629.0	0.403056
5630.0	0.3975575
5631.0	0.3840338
5632.0	0.3959991
5633.0	0.3918787
5634.0	0.3818821
5635.0	0.3980436
5636.0	0.4111251
5637.0	0.3924337
5638.0	0.4009733
5639.0	0.391274
5640.0	0.3921784
5641.0	0.4055036
5642.0	0.38676
5643.0	0.4014869
5644.0	0.4027692
5645.0	0.410111
5646.0	0.4011064
5647.0	0.4033483
5648.0	0.4012696
5649.0	0.404527
5650.0	0.4084953
5651.0	0.4032118
5652.0	0.4140998
5653.0	0.4149297
5654.0	0.3974754
5655.0	0.399643
5656.0	0.406988
5657.0	0.3984908
5658.0	0.3903144
5659.0	0.4115487
5660.0	0.4066058
5661.0	0.415783
5662.0	0.4095171
5663.0	0.4135624
5664.0	0.4108507
5665.0	0.3989209
5666.0	0.394678
5667.0	0.4034208
5668.0	0.4003565
5669.0	0.4094276
5670.0	0.3850975
5671.0	0.4063576
5672.0	0.4041589
5673.0	0.3863549
5674.0	0.3949207
5675.0	0.3909923
5676.0	0.3844511
5677.0	0.4134789
5678.0	0.3959509
5679.0	0.3702708
5680.0	0.3780865
5681.0	0.3891993
5682.0	0.3737429
5683.0	0.379916
5684.0	0.3905477
5685.0	0.3958262
5686.0	0.4010069
5687.0	0.3878971
5688.0	0.400577
5689.0	0.3816982
5690.0	0.3765298
5691.0	0.3916338
5692.0	0.3977925
5693.0	0.3748127
5694.0	0.3873918
5695.0	0.3630577
5696.0	0.3696093
5697.0	0.382651
5698.0	0.3869187
5699.0	0.3839063
5700.0	0.3766192
5701.0	0.3910538
5702.0	0.3797916
5703.0	0.3741896
5704.0	0.4029062
5705.0	0.3964825
5706.0	0.3732621
5707.0	0.3642195
5708.0	0.3658278
5709.0	0.3704933
5710.0	0.3747956
5711.0	0.3954588
5712.0	0.3733091
5713.0	0.379636
5714.0	0.3787895
5715.0	0.3781677
5716.0	0.3699978
5717.0	0.3753825
5718.0	0.3650479
5719.0	0.3616341
5720.0	0.3576822
5721.0	0.3653051
5722.0	0.3522785
5723.0	0.350618
5724.0	0.3644482
5725.0	0.3618453
5726.0	0.3605353
5727.0	0.3545445
5728.0	0.3446729
5729.0	0.3619176
5730.0	0.361753
5731.0	0.3452571
5732.0	0.3549938
5733.0	0.3654927
5734.0	0.3458717
5735.0	0.3396807
5736.0	0.3460811
5737.0	0.3479002
5738.0	0.332667
5739.0	0.312034
5740.0	0.3232372
5741.0	0.3254987
5742.0	0.3293657
5743.0	0.3356338
5744.0	0.3254793
5745.0	0.3104232
5746.0	0.321128
5747.0	0.3218689
5748.0	0.3303437
5749.0	0.3156982
5750.0	0.3228047
5751.0	0.3231122
5752.0	0.3184835
5753.0	0.3107887
5754.0	0.3014103
5755.0	0.3024445
5756.0	0.3058327
5757.0	0.3046446
5758.0	0.2964917
5759.0	0.2900158
5760.0	0.3017923
5761.0	0.3011791
5762.0	0.283779
5763.0	0.2851421
5764.0	0.2768733
5765.0	0.280028
5766.0	0.274882
5767.0	0.2742081
5768.0	0.2886767
5769.0	0.2797946
5770.0	0.2743364
5771.0	0.2779708
5772.0	0.2750331
5773.0	0.2755546
5774.0	0.2762591
5775.0	0.2737697
5776.0	0.2599503
5777.0	0.2593058
5778.0	0.2749371
5779.0	0.2613814
5780.0	0.2639462
5781.0	0.2635909
5782.0	0.2597146
5783.0	0.2569856
5784.0	0.2406063
5785.0	0.2354431
5786.0	0.2474931
5787.0	0.2320159
5788.0	0.2406171
5789.0	0.25494
5790.0	0.244536
5791.0	0.2344109
5792.0	0.2364515
5793.0	0.2147048
5794.0	0.2220985
5795.0	0.2274893
5796.0	0.227488
5797.0	0.2272872
5798.0	0.2240209
5799.0	0.2157884
5800.0	0.2355533
5801.0	0.2221718
5802.0	0.2273161
5803.0	0.2223875
5804.0	0.2240037
5805.0	0.2440743
5806.0	0.2282935
5807.0	0.213235
5808.0	0.2160764
5809.0	0.2107462
5810.0	0.212408
5811.0	0.2110826
5812.0	0.220761
5813.0	0.2247538
5814.0	0.2216077
5815.0	0.217727
5816.0	0.2140879
5817.0	0.2057191
5818.0	0.2094046
5819.0	0.205574
5820.0	0.1987443
5821.0	0.200377
5822.0	0.2072601
5823.0	0.2155718
5824.0	0.2034209
5825.0	0.2176718
5826.0	0.2050187
5827.0	0.2006491
5828.0	0.1997856
5829.0	0.1915068
5830.0	0.1909221
5831.0	0.1904914
5832.0	0.1977141
5833.0	0.1881599
5834.0	0.1943691
5835.0	0.2015876
5836.0	0.1981248
5837.0	0.1974617
5838.0	0.199507
5839.0	0.2000059
5840.0	0.1975182
5841.0	0.1857485
5842.0	0.1844556
5843.0	0.1951299
5844.0	0.201433
5845.0	0.1882751
5846.0	0.1807537
5847.0	0.1996515
5848.0	0.2001117
5849.0	0.2006041
5850.0	0.2054132
5851.0	0.1933718
5852.0	0.1882024
5853.0	0.1978728
5854.0	0.2040443
5855.0	0.1994066
5856.0	0.2008543
5857.0	0.1925033
5858.0	0.1983486
5859.0	0.1867316
5860.0	0.2018215
5861.0	0.2004613
5862.0	0.194291
5863.0	0.185377
5864.0	0.1926745
5865.0	0.1991286
5866.0	0.1851033
5867.0	0.1768575
5868.0	0.1940475
5869.0	0.2014878
5870.0	0.2072665
5871.0	0.213109
5872.0	0.1947701
5873.0	0.1979438
5874.0	0.2109446
5875.0	0.2090855
5876.0	0.1995463
5877.0	0.2028177
5878.0	0.200838
5879.0	0.2128244
5880.0	0.2039543
5881.0	0.187428
5882.0	0.2010418
5883.0	0.193059
5884.0	0.2022095
5885.0	0.2012447
5886.0	0.2009897
5887.0	0.1972013
5888.0	0.2002441
5889.0	0.1761563
5890.0	0.1892919
5891.0	0.185637
5892.0	0.2113531
5893.0	0.2184012
5894.0	0.2204387
5895.0	0.2249677
5896.0	0.2128302
5897.0	0.2102008
5898.0	0.2282937
5899.0	0.2177745
5900.0	0.215588
5901.0	0.2318092
5902.0	0.2349304
5903.0	0.2383987
5904.0	0.2466278
5905.0	0.2420232
5906.0	0.2602768
5907.0	0.2446856
5908.0	0.2564607
5909.0	0.2539687
5910.0	0.2427682
5911.0	0.2561691
5912.0	0.2600502
5913.0	0.2445239
5914.0	0.2455723
5915.0	0.2532625
5916.0	0.2448969
5917.0	0.2633803
5918.0	0.276385
5919.0	0.2704915
5920.0	0.2646442
5921.0	0.2727942
5922.0	0.2657858
5923.0	0.2605294
5924.0	0.2773023
5925.0	0.2861085
5926.0	0.2759342
5927.0	0.2731723
5928.0	0.2866965
5929.0	0.291254
5930.0	0.2962236
5931.0	0.2796476
5932.0	0.2839623
5933.0	0.2943718
5934.0	0.3045486
5935.0	0.2958833
5936.0	0.2941613
5937.0	0.2924572
5938.0	0.2898108
5939.0	0.2949803
5940.0	0.3043464
5941.0	0.2856003
5942.0	0.2847168
5943.0	0.312758
5944.0	0.3027333
5945.0	0.2984039
5946.0	0.3123033
5947.0	0.3002547
5948.0	0.3083162
5949.0	0.318848
5950.0	0.2950723
5951.0	0.3080348
5952.0	0.3257433
5953.0	0.327216
5954.0	0.3257626
5955.0	0.3186938
5956.0	0.3168029
5957.0	0.3038878
5958.0	0.3104115
5959.0	0.3010247
5960.0	0.315534
5961.0	0.3166268
5962.0	0.3032366
5963.0	0.3178715
5964.0	0.3233272
5965.0	0.3292341
5966.0	0.3210817
5967.0	0.3383878
5968.0	0.3238862
5969.0	0.3116844
5970.0	0.323931
5971.0	0.3089657
5972.0	0.3275193
5973.0	0.3069958
5974.0	0.3204303
5975.0	0.3262165
5976.0	0.3140321
5977.0	0.3204811
5978.0	0.3273415
5979.0	0.3314201
5980.0	0.3125274
5981.0	0.3192748
5982.0	0.3175374
5983.0	0.3297113
5984.0	0.3151813
5985.0	0.3246382
5986.0	0.318276
5987.0	0.3221965
5988.0	0.3126528
5989.0	0.3075615
5990.0	0.3120006
5991.0	0.3193249
5992.0	0.2908442
5993.0	0.3087602
5994.0	0.3173814
5995.0	0.3164811
5996.0	0.3115527
5997.0	0.3294253
5998.0	0.3177669
5999.0	0.3087821
6000.0	0.3106597
6001.0	0.3158666
6002.0	0.3178468
6003.0	0.3144757
6004.0	0.3047371
6005.0	0.3068253
6006.0	0.3066827
6007.0	0.3224918
6008.0	0.3095522
6009.0	0.3173073
6010.0	0.3050109
6011.0	0.3172344
6012.0	0.300171
6013.0	0.3055135
6014.0	0.312126
6015.0	0.2903107
6016.0	0.2855862
6017.0	0.2946612
6018.0	0.2997914
6019.0	0.2948401
6020.0	0.2787661
6021.0	0.2786506
6022.0	0.2964402
6023.0	0.2863296
6024.0	0.2866701
6025.0	0.2913331
6026.0	0.290749
6027.0	0.2864701
6028.0	0.2859444
6029.0	0.2916605
6030.0	0.2790664
6031.0	0.2641554
6032.0	0.2656681
6033.0	0.2887154
6034.0	0.2824519
6035.0	0.2886345
6036.0	0.2910178
6037.0	0.2701408
6038.0	0.2683737
6039.0	0.2823852
6040.0	0.2578885
6041.0	0.2717422
6042.0	0.2649721
6043.0	0.2721156
6044.0	0.2606889
6045.0	0.2710716
6046.0	0.2658638
6047.0	0.2716679
6048.0	0.261261
6049.0	0.2639774
6050.0	0.2568259
6051.0	0.2589128
6052.0	0.2713746
6053.0	0.2528172
6054.0	0.257255
6055.0	0.2754097
6056.0	0.2669352
6057.0	0.2621178
6058.0	0.244394
6059.0	0.2551147
6060.0	0.2508154
6061.0	0.2576401
6062.0	0.2508013
6063.0	0.2546968
6064.0	0.2559493
6065.0	0.232059
6066.0	0.2430775
6067.0	0.2457399
6068.0	0.2470697
6069.0	0.246737
6070.0	0.2464947
6071.0	0.2477006
6072.0	0.2592322
6073.0	0.2485993
6074.0	0.2528062
6075.0	0.2501037
6076.0	0.254092
6077.0	0.2417333
6078.0	0.2368401
6079.0	0.249539
6080.0	0.2511246
6081.0	0.2528858
6082.0	0.2472112
6083.0	0.2384429
6084.0	0.2326905
6085.0	0.2332171
6086.0	0.2320443
6087.0	0.23446
6088.0	0.2410188
6089.0	0.2465944
6090.0	0.2460943
6091.0	0.2329073
6092.0	0.2327943
6093.0	0.2399568
6094.0	0.2372485
6095.0	0.2494445
6096.0	0.241558
6097.0	0.2296502
6098.0	0.2312441
6099.0	0.2206218
6100.0	0.2364692
6101.0	0.232106
6102.0	0.233606
6103.0	0.2280373
6104.0	0.2262544
6105.0	0.2320269
6106.0	0.2313109
6107.0	0.2309832
6108.0	0.2251552
6109.0	0.2018054
6110.0	0.2158666
6111.0	0.2167152
6112.0	0.2197922
6113.0	0.2009597
6114.0	0.2129131
6115.0	0.2111008
6116.0	0.2139917
6117.0	0.2077055
6118.0	0.1992703
6119.0	0.2020435
6120.0	0.211605
6121.0	0.1973135
6122.0	0.1967147
6123.0	0.200666
6124.0	0.2003232
6125.0	0.1984461
6126.0	0.1922006
6127.0	0.2008798
6128.0	0.1965141
6129.0	0.1910622
6130.0	0.1826747
6131.0	0.1836277
6132.0	0.1952412
6133.0	0.1833851
6134.0	0.1734392
6135.0	0.1859827
6136.0	0.1862861
6137.0	0.1818835
6138.0	0.180892
6139.0	0.1833867
6140.0	0.186936
6141.0	0.1723353
6142.0	0.1720732
6143.0	0.1850701
6144.0	0.1839058
6145.0	0.181223
6146.0	0.1791743
6147.0	0.1717132
6148.0	0.1713158
6149.0	0.1785623
6150.0	0.1797704
6151.0	0.1801401
6152.0	0.1727704
6153.0	0.1722814
6154.0	0.1705724
6155.0	0.1689032
6156.0	0.1615573
6157.0	0.1585149
6158.0	0.1630292
6159.0	0.1624853
6160.0	0.1777301
6161.0	0.1728266
6162.0	0.172515
6163.0	0.1714697
6164.0	0.1600299
6165.0	0.1603388
6166.0	0.160309
6167.0	0.1684089
6168.0	0.1793742
6169.0	0.1785215
6170.0	0.1751899
6171.0	0.1859314
6172.0	0.1750259
6173.0	0.1771746
6174.0	0.1740065
6175.0	0.175585
6176.0	0.1796236
6177.0	0.1675857
6178.0	0.1668616
6179.0	0.1786175
6180.0	0.1722896
6181.0	0.1722806
6182.0	0.1723611
6183.0	0.1743649
6184.0	0.1852077
6185.0	0.186989
6186.0	0.1778193
6187.0	0.1786465
6188.0	0.173139
6189.0	0.1806416
6190.0	0.1851819
6191.0	0.1702577
6192.0	0.1631025
6193.0	0.1676541
6194.0	0.1736788
6195.0	0.1731207
6196.0	0.1676402
6197.0	0.184788
6198.0	0.1895671
6199.0	0.177387
6200.0	0.1789518
6201.0	0.1721514
6202.0	0.1651984
6203.0	0.1788681
6204.0	0.1804866
6205.0	0.1739123
6206.0	0.1683347
6207.0	0.1684691
6208.0	0.1741389
6209.0	0.1774964
6210.0	0.1835258
6211.0	0.1869066
6212.0	0.1832334
6213.0	0.1889175
6214.0	0.1778419
6215.0	0.1735211
6216.0	0.1830107
6217.0	0.1744826
6218.0	0.180056
6219.0	0.1789531
6220.0	0.1642343
6221.0	0.164913
6222.0	0.1769261
6223.0	0.1769273
6224.0	0.1763998
6225.0	0.1819557
6226.0	0.1895195
6227.0	0.1877356
6228.0	0.1756819
6229.0	0.1728687
6230.0	0.1705168
6231.0	0.1704426
6232.0	0.1665819
6233.0	0.1585381
6234.0	0.1757315
6235.0	0.1801864
6236.0	0.177112
6237.0	0.1693175
6238.0	0.1696322
6239.0	0.1733986
6240.0	0.169324
6241.0	0.1689089
6242.0	0.1743586
6243.0	0.1673759
6244.0	0.1641059
6245.0	0.163239
6246.0	0.170761
6247.0	0.1697448
6248.0	0.1732433
6249.0	0.1727661
6250.0	0.1712092
6251.0	0.1579375
6252.0	0.1610545
6253.0	0.1764021
6254.0	0.1783692
6255.0	0.1731838
6256.0	0.16195
6257.0	0.1687841
6258.0	0.1660114
6259.0	0.172041
6260.0	0.1775384
6261.0	0.1745378
6262.0	0.1705653
6263.0	0.1679642
6264.0	0.173482
6265.0	0.1693983
6266.0	0.1762844
6267.0	0.175124
6268.0	0.1717023
6269.0	0.1674328
6270.0	0.1711003
6271.0	0.1741566
6272.0	0.1695986
6273.0	0.1690898
6274.0	0.1728646
6275.0	0.178725
6276.0	0.1719527
6277.0	0.1625663
6278.0	0.1716384
6279.0	0.1790254
6280.0	0.1810559
6281.0	0.1760363
6282.0	0.1721869
6283.0	0.1629269
6284.0	0.1712043
6285.0	0.1709574
6286.0	0.1718805
6287.0	0.1710628
6288.0	0.1774527
6289.0	0.1719333
6290.0	0.1703395
6291.0	0.165595
6292.0	0.1615065
6293.0	0.1590753
6294.0	0.1648899
6295.0	0.1613313
6296.0	0.1567764
6297.0	0.1648326
6298.0	0.146498
6299.0	0.1470007
6300.0	0.1380352
6301.0	0.1640424
6302.0	0.1612566
6303.0	0.1504341
6304.0	0.1565396
6305.0	0.1554225
6306.0	0.1530693
6307.0	0.1563363
6308.0	0.150441
6309.0	0.1481013
6310.0	0.1418383
6311.0	0.1367999
6312.0	0.1468603
6313.0	0.1492345
6314.0	0.1477079
6315.0	0.1539546
6316.0	0.129283
6317.0	0.1365037
6318.0	0.1408695
6319.0	0.1487489
6320.0	0.1483213
6321.0	0.1396529
6322.0	0.1371331
6323.0	0.1421982
6324.0	0.1482041
6325.0	0.1351532
6326.0	0.1353447
6327.0	0.1402315
6328.0	0.1436767
6329.0	0.1399751
6330.0	0.1392085
6331.0	0.1412816
6332.0	0.1408823
6333.0	0.146744
6334.0	0.1359505
6335.0	0.1349735
6336.0	0.1335115
6337.0	0.148481
6338.0	0.1410797
6339.0	0.1383439
6340.0	0.1336091
6341.0	0.1392567
6342.0	0.1384508
6343.0	0.1449496
6344.0	0.1445407
6345.0	0.1534856
6346.0	0.1405497
6347.0	0.1439101
6348.0	0.150034
6349.0	0.1477133
6350.0	0.1481607
6351.0	0.1502049
6352.0	0.1477762
6353.0	0.1507469
6354.0	0.1443238
6355.0	0.1539298
6356.0	0.1745133
6357.0	0.1646634
6358.0	0.1504073
6359.0	0.1600157
6360.0	0.1544613
6361.0	0.1579596
6362.0	0.1625758
6363.0	0.1486991
6364.0	0.1628758
6365.0	0.1784434
6366.0	0.1704219
6367.0	0.1684425
6368.0	0.1794181
6369.0	0.1778672
6370.0	0.1808713
6371.0	0.1756094
6372.0	0.1826275
6373.0	0.1850789
6374.0	0.1919715
6375.0	0.1951777
6376.0	0.1942544
6377.0	0.1923354
6378.0	0.2040991
6379.0	0.2047386
6380.0	0.2018906
6381.0	0.1873333
6382.0	0.1967965
6383.0	0.2001059
6384.0	0.2061983
6385.0	0.2034527
6386.0	0.2034515
6387.0	0.1998904
6388.0	0.1991072
6389.0	0.2044811
6390.0	0.2140145
6391.0	0.2095699
6392.0	0.2050522
6393.0	0.202658
6394.0	0.2033291
6395.0	0.2022329
6396.0	0.2002528
6397.0	0.209578
6398.0	0.2047212
6399.0	0.2056313
6400.0	0.2006378
6401.0	0.2066175
6402.0	0.1920724
6403.0	0.1981471
6404.0	0.1993525
6405.0	0.2020632
6406.0	0.2014172
6407.0	0.1946615
6408.0	0.1945171
6409.0	0.2076359
6410.0	0.1882494
6411.0	0.1788032
6412.0	0.1818852
6413.0	0.1959428
6414.0	0.2060283
6415.0	0.1930678
6416.0	0.1920405
6417.0	0.1935162
6418.0	0.1936213
6419.0	0.1838667
6420.0	0.1812275
6421.0	0.1730748
6422.0	0.1772812
6423.0	0.1870839
6424.0	0.1898331
6425.0	0.1765532
6426.0	0.1691446
6427.0	0.1747733
6428.0	0.1711473
6429.0	0.1735188
6430.0	0.183004
6431.0	0.1807147
6432.0	0.1875352
6433.0	0.1801674
6434.0	0.1594675
6435.0	0.1771882
6436.0	0.179809
6437.0	0.1799011
6438.0	0.1745153
6439.0	0.1691905
6440.0	0.1725066
6441.0	0.1826602
6442.0	0.1787845
6443.0	0.1813634
6444.0	0.1720607
6445.0	0.1736619
6446.0	0.1715123
6447.0	0.1656291
6448.0	0.1743215
6449.0	0.1765352
6450.0	0.1736311
6451.0	0.1631469
6452.0	0.1705055
6453.0	0.185869
6454.0	0.185042
6455.0	0.1722911
6456.0	0.1740428
6457.0	0.1650866
6458.0	0.1764086
6459.0	0.1688976
6460.0	0.1670865
6461.0	0.1728337
6462.0	0.1776136
6463.0	0.1717554
6464.0	0.1696578
6465.0	0.1682469
6466.0	0.1814491
6467.0	0.1779989
6468.0	0.1757263
6469.0	0.1788331
6470.0	0.1814128
6471.0	0.1761649
6472.0	0.1787799
6473.0	0.1850882
6474.0	0.1844492
6475.0	0.1811773
6476.0	0.1812825
6477.0	0.182617
6478.0	0.172659
6479.0	0.172139
6480.0	0.1738842
6481.0	0.1804457
6482.0	0.1847453
6483.0	0.1896584
6484.0	0.1754344
6485.0	0.1932101
6486.0	0.1850038
6487.0	0.1886142
6488.0	0.1968633
6489.0	0.179174
6490.0	0.1784484
6491.0	0.1784833
6492.0	0.1797194
6493.0	0.1772527
6494.0	0.1873039
6495.0	0.1913407
6496.0	0.1914289
6497.0	0.1905429
6498.0	0.1881969
6499.0	0.1845846
6500.0	0.2015525
6501.0	0.2048788
6502.0	0.2076848
6503.0	0.1905136
6504.0	0.1880974
6505.0	0.1976013
6506.0	0.2057644
6507.0	0.2032505
6508.0	0.209581
6509.0	0.1981299
6510.0	0.2024747
6511.0	0.2056125
6512.0	0.2012545
6513.0	0.196091
6514.0	0.1990312
6515.0	0.2010517
6516.0	0.202669
6517.0	0.2029271
6518.0	0.2052779
6519.0	0.2116216
6520.0	0.2109962
6521.0	0.2021301
6522.0	0.2085647
6523.0	0.2199383
6524.0	0.2163744
6525.0	0.2176864
6526.0	0.2168996
6527.0	0.2194591
6528.0	0.2224104
6529.0	0.2139558
6530.0	0.2165827
6531.0	0.2275117
6532.0	0.2211189
6533.0	0.2193647
6534.0	0.2233309
6535.0	0.2133176
6536.0	0.224568
6537.0	0.2323412
6538.0	0.2243048
6539.0	0.2258058
6540.0	0.2324573
6541.0	0.2296854
6542.0	0.2300203
6543.0	0.22998
6544.0	0.2443531
6545.0	0.2297398
6546.0	0.2434199
6547.0	0.2342123
6548.0	0.224757
6549.0	0.2221208
6550.0	0.2415911
6551.0	0.2470258
6552.0	0.2388867
6553.0	0.229762
6554.0	0.2399787
6555.0	0.2392391
6556.0	0.2345429
6557.0	0.2425245
6558.0	0.250179
6559.0	0.2491198
6560.0	0.2529402
6561.0	0.2532651
6562.0	0.2445583
6563.0	0.2441481
6564.0	0.2459234
6565.0	0.2426953
6566.0	0.2495053
6567.0	0.2465567
6568.0	0.2494695
6569.0	0.2492726
6570.0	0.2589099
6571.0	0.2560643
6572.0	0.2570912
6573.0	0.2525412
6574.0	0.2711457
6575.0	0.2717893
6576.0	0.263614
6577.0	0.2620298
6578.0	0.2831417
6579.0	0.2804173
6580.0	0.2672637
6581.0	0.2769118
6582.0	0.2797062
6583.0	0.2907442
6584.0	0.2863965
6585.0	0.2895729
6586.0	0.2890221
6587.0	0.2823336
6588.0	0.2734093
6589.0	0.285621
6590.0	0.296395
6591.0	0.2893782
6592.0	0.2940536
6593.0	0.2910254
6594.0	0.2882386
6595.0	0.2946943
6596.0	0.2946408
6597.0	0.2937257
6598.0	0.2942867
6599.0	0.2984574
6600.0	0.2953842
6601.0	0.2910746
6602.0	0.2941403
6603.0	0.2902264
6604.0	0.2907654
6605.0	0.3006425
6606.0	0.310558
6607.0	0.3240072
6608.0	0.3190433
6609.0	0.3108606
6610.0	0.2981195
6611.0	0.3055285
6612.0	0.3102768
6613.0	0.3027448
6614.0	0.3099367
6615.0	0.3261183
6616.0	0.3486698
6617.0	0.3234552
6618.0	0.3241291
6619.0	0.3126877
6620.0	0.3374586
6621.0	0.3334729
6622.0	0.3303783
6623.0	0.3374324
6624.0	0.330296
6625.0	0.3229811
6626.0	0.336167
6627.0	0.3321383
6628.0	0.3396717
6629.0	0.3325386
6630.0	0.3290094
6631.0	0.3350047
6632.0	0.3293437
6633.0	0.3303122
6634.0	0.3266219
6635.0	0.337979
6636.0	0.3435721
6637.0	0.3296223
6638.0	0.331728
6639.0	0.343122
6640.0	0.353888
6641.0	0.3390778
6642.0	0.3375218
6643.0	0.3387766
6644.0	0.3286251
6645.0	0.3332228
6646.0	0.3509087
6647.0	0.3442936
6648.0	0.3518915
6649.0	0.3572183
6650.0	0.3444792
6651.0	0.3519537
6652.0	0.3606074
6653.0	0.3574634
6654.0	0.3519172
6655.0	0.3477439
6656.0	0.3455061
6657.0	0.3428089
6658.0	0.3528979
6659.0	0.3539647
6660.0	0.3658573
6661.0	0.3553653
6662.0	0.3367321
6663.0	0.3354912
6664.0	0.3485231
6665.0	0.3364071
6666.0	0.3472668
6667.0	0.3445781
6668.0	0.3409254
6669.0	0.3413078
6670.0	0.3477341
6671.0	0.3505162
6672.0	0.3377463
6673.0	0.3373179
6674.0	0.3658821
6675.0	0.345272
6676.0	0.3496461
6677.0	0.3622638
6678.0	0.3428103
6679.0	0.3478103
6680.0	0.3567409
6681.0	0.3465594
6682.0	0.3625532
6683.0	0.3472847
6684.0	0.3453785
6685.0	0.3541383
6686.0	0.3560986
6687.0	0.3527566
6688.0	0.3576038
6689.0	0.3431623
6690.0	0.3319777
6691.0	0.338129
6692.0	0.3431752
6693.0	0.350275
6694.0	0.34606
6695.0	0.358056
6696.0	0.3556843
6697.0	0.3447835
6698.0	0.3483125
6699.0	0.3482466
6700.0	0.3325591
6701.0	0.3337827
6702.0	0.3367079
6703.0	0.3478258
6704.0	0.3394891
6705.0	0.3339161
6706.0	0.3423673
6707.0	0.3494816
6708.0	0.3366303
6709.0	0.3344956
6710.0	0.3451145
6711.0	0.3317654
6712.0	0.3388138
6713.0	0.3350316
6714.0	0.3404215
6715.0	0.3302676
6716.0	0.3275191
6717.0	0.3387718
6718.0	0.3429178
6719.0	0.3340431
6720.0	0.3363829
6721.0	0.3220173
6722.0	0.3387164
6723.0	0.3519723
6724.0	0.3614529
6725.0	0.3708455
6726.0	0.3397372
6727.0	0.3106558
6728.0	0.3179476
6729.0	0.3319556
6730.0	0.3394324
6731.0	0.3351621
6732.0	0.3278758
6733.0	0.3264949
6734.0	0.3165573
6735.0	0.3169792
6736.0	0.3236152
6737.0	0.3218143
6738.0	0.3358714
6739.0	0.3247878
6740.0	0.312902
6741.0	0.3136742
6742.0	0.3181462
6743.0	0.3112408
6744.0	0.2993112
6745.0	0.3101047
6746.0	0.3224044
6747.0	0.3116298
6748.0	0.3136137
6749.0	0.3167388
6750.0	0.3120393
6751.0	0.3096581
6752.0	0.2983746
6753.0	0.3038345
6754.0	0.2943958
6755.0	0.2841842
6756.0	0.2973782
6757.0	0.3012662
6758.0	0.2995187
6759.0	0.3057039
6760.0	0.3047752
6761.0	0.2963642
6762.0	0.2993454
6763.0	0.3017304
6764.0	0.3014182
6765.0	0.2959853
6766.0	0.2914766
6767.0	0.2946442
6768.0	0.290566
6769.0	0.2791832
6770.0	0.2882254
6771.0	0.2890122
6772.0	0.2909881
6773.0	0.2944436
6774.0	0.2833374
6775.0	0.2796988
6776.0	0.2756267
6777.0	0.2757295
6778.0	0.2847913
6779.0	0.2770214
6780.0	0.2811036
6781.0	0.2756198
6782.0	0.2710785
6783.0	0.2691244
6784.0	0.2831738
6785.0	0.2682872
6786.0	0.2699977
6787.0	0.2633456
6788.0	0.2748846
6789.0	0.2801831
6790.0	0.2775108
6791.0	0.2628637
6792.0	0.2584919
6793.0	0.2594605
6794.0	0.2644002
6795.0	0.251104
6796.0	0.2533158
6797.0	0.2674339
6798.0	0.2610321
6799.0	0.2564904
6800.0	0.2577683
6801.0	0.2478168
6802.0	0.2510132
6803.0	0.2469214
6804.0	0.2521653
6805.0	0.2457346
6806.0	0.2406531
6807.0	0.2352813
6808.0	0.2363401
6809.0	0.243869
6810.0	0.2388018
6811.0	0.2370437
6812.0	0.2318146
6813.0	0.2219247
6814.0	0.2207782
6815.0	0.2169659
6816.0	0.2232357
6817.0	0.2219069
6818.0	0.223958
6819.0	0.2259416
6820.0	0.219492
6821.0	0.21412
6822.0	0.2098167
6823.0	0.2149451
6824.0	0.2194972
6825.0	0.2211527
6826.0	0.2192077
6827.0	0.1988146
6828.0	0.1937976
6829.0	0.1935187
6830.0	0.2095147
6831.0	0.2284917
6832.0	0.2124316
6833.0	0.2139205
6834.0	0.204229
6835.0	0.2081081
6836.0	0.1950535
6837.0	0.1967127
6838.0	0.1953824
6839.0	0.1994329
6840.0	0.1913819
6841.0	0.1791319
6842.0	0.1741713
6843.0	0.1941295
6844.0	0.1978608
6845.0	0.1867409
6846.0	0.1796099
6847.0	0.1935266
6848.0	0.1904873
6849.0	0.1802922
6850.0	0.1749178
6851.0	0.1800298
6852.0	0.1685665
6853.0	0.1750336
6854.0	0.1780837
6855.0	0.1762571
6856.0	0.1762093
6857.0	0.1745738
6858.0	0.1769527
6859.0	0.1617687
6860.0	0.1628315
6861.0	0.1615089
6862.0	0.1650677
6863.0	0.1593782
6864.0	0.1633478
6865.0	0.1621137
6866.0	0.1579056
6867.0	0.1692686
6868.0	0.1823508
6869.0	0.1632661
6870.0	0.155436
6871.0	0.1490114
6872.0	0.149062
6873.0	0.1528486
6874.0	0.1388707
6875.0	0.1480014
6876.0	0.1533264
6877.0	0.1623007
6878.0	0.1627547
6879.0	0.1657164
6880.0	0.1463733
6881.0	0.1503128
6882.0	0.1650956
6883.0	0.1572416
6884.0	0.169682
6885.0	0.1395219
6886.0	0.1591319
6887.0	0.16059
6888.0	0.1540905
6889.0	0.1431927
6890.0	0.1483639
6891.0	0.1443912
6892.0	0.1510309
6893.0	0.1467396
6894.0	0.1486661
6895.0	0.1515433
6896.0	0.1461358
6897.0	0.148405
6898.0	0.1563017
6899.0	0.1529879
6900.0	0.1365341
6901.0	0.1425509
6902.0	0.1506852
6903.0	0.1520585
6904.0	0.1460409
6905.0	0.1387314
6906.0	0.1392755
6907.0	0.1436238
6908.0	0.1319881
6909.0	0.1384473
6910.0	0.1510327
6911.0	0.1502325
6912.0	0.1515299
6913.0	0.1438686
6914.0	0.1543252
6915.0	0.1494844
6916.0	0.1475342
6917.0	0.1461695
6918.0	0.1461444
6919.0	0.1535505
6920.0	0.1545915
6921.0	0.1382437
6922.0	0.1384282
6923.0	0.1490176
6924.0	0.1487003
6925.0	0.1433163
6926.0	0.1429786
6927.0	0.1418487
6928.0	0.1540132
6929.0	0.1553013
6930.0	0.1431729
6931.0	0.1442961
6932.0	0.1396101
6933.0	0.1510434
6934.0	0.1521989
6935.0	0.1465652
6936.0	0.1571053
6937.0	0.1453438
6938.0	0.1442437
6939.0	0.1473996
6940.0	0.1364879
6941.0	0.1425336
6942.0	0.1506378
6943.0	0.1512718
6944.0	0.1418328
6945.0	0.1473425
6946.0	0.1397033
6947.0	0.1382982
6948.0	0.1426634
6949.0	0.1445458
6950.0	0.1653944
6951.0	0.15418
6952.0	0.1351423
6953.0	0.1414126
6954.0	0.1525569
6955.0	0.1467485
6956.0	0.1481247
6957.0	0.1561325
6958.0	0.1415235
6959.0	0.1438078
6960.0	0.1490313
6961.0	0.145948
6962.0	0.1515821
6963.0	0.1431854
6964.0	0.1499379
6965.0	0.1524575
6966.0	0.150308
6967.0	0.1518273
6968.0	0.1522022
6969.0	0.1515722
6970.0	0.1599493
6971.0	0.1632387
6972.0	0.1530112
6973.0	0.152463
6974.0	0.149824
6975.0	0.138198
6976.0	0.1396727
6977.0	0.1530585
6978.0	0.1473116
6979.0	0.1592667
6980.0	0.1501154
6981.0	0.1506047
6982.0	0.1513262
6983.0	0.1401275
6984.0	0.1504308
6985.0	0.1527704
6986.0	0.1539984
6987.0	0.1481514
6988.0	0.1436304
6989.0	0.1436075
6990.0	0.1462105
6991.0	0.1555737
6992.0	0.1512145
6993.0	0.1436109
6994.0	0.1541082
6995.0	0.145537
6996.0	0.1463693
6997.0	0.1522162
6998.0	0.1442959
6999.0	0.1430289
7000.0	0.1369638
7001.0	0.144529
7002.0	0.1456176
7003.0	0.1449873
7004.0	0.1503683
7005.0	0.1530645
7006.0	0.1483539
7007.0	0.1487464
7008.0	0.1537779
7009.0	0.1360444
7010.0	0.1476299
7011.0	0.1515903
7012.0	0.1575431
7013.0	0.1468563
7014.0	0.1450072
7015.0	0.1431542
7016.0	0.1368463
7017.0	0.1456396
7018.0	0.1578974
7019.0	0.1438613
7020.0	0.1445057
7021.0	0.1432733
7022.0	0.1471479
7023.0	0.1420249
7024.0	0.1518362
7025.0	0.1423269
7026.0	0.148469
7027.0	0.1434565
7028.0	0.1526684
7029.0	0.1543088
7030.0	0.1400571
7031.0	0.1450939
7032.0	0.1522069
7033.0	0.1528648
7034.0	0.1506127
7035.0	0.1505052
7036.0	0.1443183
7037.0	0.1506449
7038.0	0.1539845
7039.0	0.1513888
7040.0	0.1475118
7041.0	0.1491342
7042.0	0.1391463
7043.0	0.1339419
7044.0	0.1411195
7045.0	0.1366655
7046.0	0.1456184
7047.0	0.1513843
7048.0	0.1422016
7049.0	0.1447335
7050.0	0.1486831
7051.0	0.1462254
7052.0	0.1485017
7053.0	0.141285
7054.0	0.1420818
7055.0	0.1507838
7056.0	0.1448493
7057.0	0.1337494
7058.0	0.1356307
7059.0	0.1399944
7060.0	0.1402377
