#	 PS16ayd 
#	 UT date of observation: 20160406 
#	 Telescope/Instrument: KPNO4m/KOSMOS 
#	 Estimated Peak MJD: 57460.449 
#	 Estimated redshift: 0.054 
#	 Estimated Phase: 22.3 
#	 Published in Dettman et al. 2020 
#	 Observed barycentric wavelength (Angstroms)    F_lambda
4165.0	7.3177e-17
4166.0	2.703741e-16
4167.0	2.250226e-16
4168.0	1.156589e-16
4169.0	2.276983e-17
4170.0	1.005663e-16
4171.0	1.129124e-16
4172.0	7.713093e-17
4173.0	3.054874e-16
4174.0	3.392088e-16
4175.0	1.984828e-16
4176.0	2.031666e-16
4177.0	2.843172e-16
4178.0	2.112018e-16
4179.0	1.81224e-16
4180.0	2.901862e-16
4181.0	2.86621e-16
4182.0	2.610207e-16
4183.0	2.637045e-16
4184.0	2.078849e-16
4185.0	2.319204e-16
4186.0	2.004934e-16
4187.0	1.57752e-16
4188.0	1.188947e-16
4189.0	1.409783e-16
4190.0	2.150514e-17
4191.0	2.505534e-17
4192.0	1.64796e-16
4193.0	1.645113e-16
4194.0	2.380064e-16
4195.0	2.239568e-16
4196.0	1.593409e-16
4197.0	7.285666e-17
4198.0	1.089332e-16
4199.0	1.932616e-16
4200.0	1.293299e-16
4201.0	6.488919e-17
4202.0	1.253078e-16
4203.0	1.570153e-16
4204.0	9.444625e-17
4205.0	9.197757e-17
4206.0	6.286335e-17
4207.0	5.589776e-17
4208.0	2.2554e-17
4209.0	7.65283e-17
4210.0	2.577721e-17
4211.0	1.308537e-16
4212.0	1.431374e-16
4213.0	2.308704e-16
4214.0	1.999472e-16
4215.0	1.76185e-16
4216.0	7.422693e-17
4217.0	3.501537e-17
4218.0	2.937411e-17
4219.0	2.647385e-17
4220.0	4.079865e-17
4221.0	6.886905e-17
4222.0	1.595718e-16
4223.0	1.237091e-16
4224.0	7.889676e-17
4225.0	8.142164e-17
4226.0	6.536395e-17
4227.0	3.661716e-17
4228.0	-1.215573e-17
4229.0	3.02944e-18
4230.0	4.912619e-17
4231.0	2.036717e-16
4232.0	1.239757e-16
4233.0	6.567241e-17
4234.0	8.792944e-17
4235.0	5.48693e-17
4236.0	6.435357e-17
4237.0	1.065036e-16
4238.0	1.843045e-16
4239.0	1.361705e-16
4240.0	1.198473e-16
4241.0	1.929976e-17
4242.0	5.857586e-17
4243.0	1.081543e-16
4244.0	1.328495e-16
4245.0	1.543755e-16
4246.0	1.21644e-16
4247.0	1.346149e-16
4248.0	8.116218e-17
4249.0	9.207324e-17
4250.0	3.61052e-17
4251.0	7.371046e-17
4252.0	9.503355e-17
4253.0	8.932715e-17
4254.0	3.847569e-17
4255.0	8.438111e-17
4256.0	1.284317e-16
4257.0	2.005539e-16
4258.0	1.249004e-16
4259.0	7.262948e-17
4260.0	4.305907e-17
4261.0	8.517018e-17
4262.0	1.016662e-16
4263.0	1.111819e-16
4264.0	6.321012e-17
4265.0	4.814307e-17
4266.0	7.05354e-17
4267.0	6.321401e-17
4268.0	4.507567e-17
4269.0	1.117323e-17
4270.0	4.041133e-17
4271.0	1.523071e-16
4272.0	1.08639e-16
4273.0	8.073703e-17
4274.0	5.977004e-17
4275.0	7.07016e-17
4276.0	1.007191e-16
4277.0	5.226748e-17
4278.0	7.455805e-17
4279.0	6.902527e-17
4280.0	1.736739e-16
4281.0	1.207576e-16
4282.0	5.723951e-17
4283.0	7.46731e-17
4284.0	8.214023e-17
4285.0	1.777127e-16
4286.0	1.501098e-16
4287.0	1.614019e-17
4288.0	7.433242e-17
4289.0	8.506731e-17
4290.0	1.129016e-16
4291.0	6.26787e-17
4292.0	5.00963e-17
4293.0	7.495491e-17
4294.0	6.522503e-17
4295.0	4.049907e-17
4296.0	1.00359e-16
4297.0	8.265647e-17
4298.0	1.202254e-16
4299.0	6.018554e-17
4300.0	1.166606e-16
4301.0	9.257205e-17
4302.0	1.19085e-16
4303.0	6.051619e-17
4304.0	1.440314e-16
4305.0	4.517086e-17
4306.0	1.490408e-16
4307.0	1.041321e-16
4308.0	2.789349e-17
4309.0	6.920992e-17
4310.0	5.804398e-17
4311.0	2.019539e-17
4312.0	5.486052e-17
4313.0	9.575925e-17
4314.0	9.200959e-17
4315.0	5.341084e-17
4316.0	4.73646e-17
4317.0	1.205445e-16
4318.0	1.175616e-16
4319.0	4.57555e-17
4320.0	1.02341e-16
4321.0	6.439283e-17
4322.0	8.533125e-17
4323.0	1.176365e-16
4324.0	9.939143e-17
4325.0	1.048162e-16
4326.0	8.676456e-17
4327.0	6.873735e-17
4328.0	1.109538e-16
4329.0	2.44821e-17
4330.0	2.959913e-17
4331.0	9.535956e-17
4332.0	8.103366e-17
4333.0	5.1595e-17
4334.0	5.672774e-17
4335.0	8.336138e-17
4336.0	8.286131e-17
4337.0	5.32009e-17
4338.0	4.217339e-17
4339.0	7.038573e-17
4340.0	1.022597e-16
4341.0	4.442094e-17
4342.0	1.110454e-16
4343.0	3.862592e-17
4344.0	7.535439e-17
4345.0	7.307388e-17
4346.0	3.236609e-17
4347.0	3.796575e-18
4348.0	5.123586e-17
4349.0	1.211096e-16
4350.0	7.684652e-17
4351.0	1.915918e-17
4352.0	7.005927e-17
4353.0	5.158379e-17
4354.0	9.824576e-17
4355.0	1.047598e-16
4356.0	7.311373e-17
4357.0	1.563848e-17
4358.0	1.387449e-16
4359.0	9.593037e-17
4360.0	4.309827e-17
4361.0	7.639947e-17
4362.0	9.678208e-17
4363.0	1.120634e-16
4364.0	4.693468e-17
4365.0	5.515836e-17
4366.0	1.043336e-16
4367.0	8.899426e-17
4368.0	5.171387e-17
4369.0	4.693499e-17
4370.0	1.02894e-16
4371.0	5.862656e-17
4372.0	3.541023e-17
4373.0	1.072755e-16
4374.0	1.340409e-16
4375.0	6.321277e-17
4376.0	8.031142e-17
4377.0	1.191049e-16
4378.0	7.4294e-17
4379.0	9.740183e-17
4380.0	1.232966e-16
4381.0	9.271721e-17
4382.0	6.916894e-17
4383.0	1.358451e-16
4384.0	7.597555e-17
4385.0	4.411914e-17
4386.0	1.150865e-16
4387.0	1.069326e-16
4388.0	4.476307e-17
4389.0	1.250989e-16
4390.0	1.748303e-16
4391.0	1.05783e-16
4392.0	5.125066e-17
4393.0	6.549505e-17
4394.0	3.611444e-17
4395.0	3.913822e-17
4396.0	8.055723e-17
4397.0	9.656695e-17
4398.0	4.992702e-17
4399.0	1.062573e-16
4400.0	5.186831e-17
4401.0	7.228475e-17
4402.0	1.252325e-16
4403.0	9.914751e-17
4404.0	4.788222e-17
4405.0	6.88441e-17
4406.0	1.446334e-16
4407.0	9.659881e-17
4408.0	9.973143e-17
4409.0	7.363709e-17
4410.0	1.053408e-16
4411.0	1.024943e-16
4412.0	8.054781e-17
4413.0	7.211299e-17
4414.0	1.475678e-16
4415.0	1.179066e-16
4416.0	4.638102e-17
4417.0	1.089913e-16
4418.0	1.055375e-16
4419.0	4.482989e-17
4420.0	7.988836e-17
4421.0	1.040931e-16
4422.0	4.748016e-17
4423.0	5.608972e-17
4424.0	1.122457e-16
4425.0	1.10894e-16
4426.0	9.909929e-17
4427.0	1.049489e-16
4428.0	7.285955e-17
4429.0	8.8065e-17
4430.0	9.044239e-17
4431.0	1.017394e-16
4432.0	5.954407e-17
4433.0	5.677952e-17
4434.0	1.097662e-16
4435.0	7.51797e-17
4436.0	5.88284e-17
4437.0	1.048746e-16
4438.0	8.216037e-17
4439.0	5.202816e-17
4440.0	8.901023e-17
4441.0	9.909799e-17
4442.0	8.3708e-17
4443.0	6.681994e-17
4444.0	8.429068e-17
4445.0	1.034992e-16
4446.0	9.21979e-17
4447.0	7.327199e-17
4448.0	9.119334e-17
4449.0	7.828472e-17
4450.0	6.139338e-17
4451.0	9.167031e-17
4452.0	7.920814e-17
4453.0	6.599461e-17
4454.0	1.143736e-16
4455.0	1.065978e-16
4456.0	7.272567e-17
4457.0	4.345529e-17
4458.0	1.077982e-16
4459.0	9.434708e-17
4460.0	7.677344e-17
4461.0	4.998443e-17
4462.0	1.323325e-16
4463.0	9.824688e-17
4464.0	1.107051e-16
4465.0	8.434612e-17
4466.0	9.03074e-17
4467.0	8.949344e-17
4468.0	7.410417e-17
4469.0	1.101271e-16
4470.0	8.470349e-17
4471.0	1.039374e-16
4472.0	9.378835e-17
4473.0	7.927967e-17
4474.0	7.632643e-17
4475.0	1.393569e-16
4476.0	1.071318e-16
4477.0	7.047846e-17
4478.0	1.142811e-16
4479.0	9.80317e-17
4480.0	6.510118e-17
4481.0	7.663689e-17
4482.0	1.176361e-16
4483.0	1.08778e-16
4484.0	7.281723e-17
4485.0	8.399381e-17
4486.0	9.85551e-17
4487.0	9.920471e-17
4488.0	6.293842e-17
4489.0	5.120098e-17
4490.0	5.38185e-17
4491.0	1.015998e-16
4492.0	7.833813e-17
4493.0	6.282808e-17
4494.0	4.003196e-17
4495.0	1.056688e-16
4496.0	1.002766e-16
4497.0	7.65057e-17
4498.0	1.10785e-16
4499.0	1.218106e-16
4500.0	6.604593e-17
4501.0	6.030659e-17
4502.0	8.406985e-17
4503.0	1.140692e-16
4504.0	1.035876e-16
4505.0	8.947964e-17
4506.0	1.507361e-16
4507.0	1.077227e-16
4508.0	7.53319e-17
4509.0	1.22413e-16
4510.0	1.355071e-16
4511.0	9.643681e-17
4512.0	8.925497e-17
4513.0	1.026414e-16
4514.0	1.528634e-16
4515.0	9.062207e-17
4516.0	1.109614e-16
4517.0	1.071915e-16
4518.0	9.388135e-17
4519.0	9.352021e-17
4520.0	9.414101e-17
4521.0	1.197012e-16
4522.0	1.082342e-16
4523.0	6.580078e-17
4524.0	1.32121e-16
4525.0	1.162519e-16
4526.0	9.866698e-17
4527.0	8.979549e-17
4528.0	1.301558e-16
4529.0	1.255645e-16
4530.0	1.174344e-16
4531.0	1.287984e-16
4532.0	1.369919e-16
4533.0	1.1906e-16
4534.0	1.3127e-16
4535.0	1.277212e-16
4536.0	1.187479e-16
4537.0	1.575826e-16
4538.0	1.526422e-16
4539.0	1.202362e-16
4540.0	7.679747e-17
4541.0	7.85161e-17
4542.0	1.189942e-16
4543.0	1.273831e-16
4544.0	8.085265e-17
4545.0	8.501918e-17
4546.0	1.481243e-16
4547.0	1.209533e-16
4548.0	7.938518e-17
4549.0	1.096657e-16
4550.0	1.35596e-16
4551.0	8.974824e-17
4552.0	9.566287e-17
4553.0	9.355341e-17
4554.0	1.141752e-16
4555.0	9.015029e-17
4556.0	8.767484e-17
4557.0	1.138498e-16
4558.0	1.26889e-16
4559.0	1.151265e-16
4560.0	1.006639e-16
4561.0	7.26952e-17
4562.0	1.132395e-16
4563.0	1.048047e-16
4564.0	7.723998e-17
4565.0	7.626821e-17
4566.0	1.252708e-16
4567.0	1.017572e-16
4568.0	4.929171e-17
4569.0	1.038856e-16
4570.0	1.176879e-16
4571.0	9.196975e-17
4572.0	8.435528e-17
4573.0	8.742894e-17
4574.0	1.100406e-16
4575.0	9.009088e-17
4576.0	1.094653e-16
4577.0	8.746744e-17
4578.0	8.507783e-17
4579.0	5.206069e-17
4580.0	1.145513e-16
4581.0	1.161196e-16
4582.0	8.650845e-17
4583.0	6.635519e-17
4584.0	9.11854e-17
4585.0	1.067428e-16
4586.0	7.223103e-17
4587.0	5.0426e-17
4588.0	6.336617e-17
4589.0	9.96795e-17
4590.0	8.160327e-17
4591.0	7.466369e-17
4592.0	4.889472e-17
4593.0	8.734444e-17
4594.0	8.331656e-17
4595.0	7.733674e-17
4596.0	7.988327e-17
4597.0	6.455046e-17
4598.0	3.407393e-17
4599.0	7.760685e-17
4600.0	9.062525e-17
4601.0	6.034102e-17
4602.0	7.314749e-17
4603.0	8.717895e-17
4604.0	7.271288e-17
4605.0	5.124219e-17
4606.0	6.405584e-17
4607.0	9.288041e-17
4608.0	8.785493e-17
4609.0	5.991086e-17
4610.0	3.463323e-17
4611.0	6.26439e-17
4612.0	9.204254e-17
4613.0	6.080611e-17
4614.0	6.501884e-17
4615.0	1.020649e-16
4616.0	8.702201e-17
4617.0	6.397918e-17
4618.0	4.690131e-17
4619.0	8.32607e-17
4620.0	7.102254e-17
4621.0	8.503054e-17
4622.0	5.215267e-17
4623.0	4.44544e-17
4624.0	5.378372e-17
4625.0	6.28574e-17
4626.0	4.336647e-17
4627.0	1.30396e-17
4628.0	5.93374e-17
4629.0	7.219525e-17
4630.0	5.267773e-17
4631.0	4.800524e-17
4632.0	6.770299e-17
4633.0	5.554309e-17
4634.0	7.758216e-17
4635.0	8.158162e-17
4636.0	4.590191e-17
4637.0	3.156219e-17
4638.0	4.168581e-17
4639.0	7.025048e-17
4640.0	7.354012e-17
4641.0	8.955314e-17
4642.0	3.697653e-17
4643.0	5.380738e-17
4644.0	1.040677e-16
4645.0	7.339949e-17
4646.0	6.047517e-17
4647.0	5.010409e-17
4648.0	7.015738e-17
4649.0	8.376471e-17
4650.0	6.170108e-17
4651.0	8.048552e-17
4652.0	6.400701e-17
4653.0	3.78658e-17
4654.0	7.533177e-17
4655.0	6.030313e-17
4656.0	5.055819e-17
4657.0	5.127146e-17
4658.0	5.103197e-17
4659.0	6.656832e-17
4660.0	9.244351e-17
4661.0	6.87647e-17
4662.0	3.840663e-17
4663.0	6.167583e-17
4664.0	6.408061e-17
4665.0	9.816283e-17
4666.0	7.156686e-17
4667.0	4.540689e-17
4668.0	5.361105e-17
4669.0	7.636531e-17
4670.0	8.155862e-17
4671.0	5.233671e-17
4672.0	5.880796e-17
4673.0	5.677886e-17
4674.0	8.603015e-17
4675.0	7.280035e-17
4676.0	5.990766e-17
4677.0	5.997447e-17
4678.0	7.293703e-17
4679.0	8.365123e-17
4680.0	1.047329e-16
4681.0	8.076827e-17
4682.0	6.478904e-17
4683.0	6.410661e-17
4684.0	6.446754e-17
4685.0	4.768518e-17
4686.0	8.86482e-17
4687.0	8.196889e-17
4688.0	8.420135e-17
4689.0	7.394629e-17
4690.0	6.399049e-17
4691.0	6.382352e-17
4692.0	2.136709e-17
4693.0	3.961501e-17
4694.0	7.891297e-17
4695.0	5.444982e-17
4696.0	5.286778e-17
4697.0	5.760533e-17
4698.0	8.919917e-17
4699.0	7.807116e-17
4700.0	8.720295e-17
4701.0	6.582145e-17
4702.0	6.740182e-17
4703.0	9.541348e-17
4704.0	6.554045e-17
4705.0	9.163991e-17
4706.0	8.766468e-17
4707.0	5.235779e-17
4708.0	6.896397e-17
4709.0	9.68826e-17
4710.0	8.520086e-17
4711.0	7.364431e-17
4712.0	7.587699e-17
4713.0	8.114007e-17
4714.0	6.880523e-17
4715.0	8.131821e-17
4716.0	7.007224e-17
4717.0	9.717996e-17
4718.0	1.186856e-16
4719.0	8.673283e-17
4720.0	7.934228e-17
4721.0	7.816869e-17
4722.0	1.06067e-16
4723.0	9.31409e-17
4724.0	8.258145e-17
4725.0	5.77875e-17
4726.0	5.710238e-17
4727.0	7.674764e-17
4728.0	8.819852e-17
4729.0	8.33227e-17
4730.0	1.037388e-16
4731.0	1.023684e-16
4732.0	8.656269e-17
4733.0	9.416623e-17
4734.0	9.373732e-17
4735.0	1.052791e-16
4736.0	1.156995e-16
4737.0	1.045174e-16
4738.0	8.121347e-17
4739.0	1.007336e-16
4740.0	1.164517e-16
4741.0	8.967104e-17
4742.0	9.515808e-17
4743.0	7.687831e-17
4744.0	7.520432e-17
4745.0	7.445892e-17
4746.0	9.81365e-17
4747.0	1.083779e-16
4748.0	1.101229e-16
4749.0	1.061331e-16
4750.0	9.519701e-17
4751.0	9.323295e-17
4752.0	1.118664e-16
4753.0	9.708263e-17
4754.0	1.039373e-16
4755.0	1.11092e-16
4756.0	1.25727e-16
4757.0	1.101085e-16
4758.0	9.969245e-17
4759.0	9.258717e-17
4760.0	8.480696e-17
4761.0	1.457628e-16
4762.0	1.433682e-16
4763.0	1.24459e-16
4764.0	1.228539e-16
4765.0	1.284651e-16
4766.0	1.559335e-16
4767.0	1.393216e-16
4768.0	1.300269e-16
4769.0	1.459041e-16
4770.0	1.429288e-16
4771.0	1.317768e-16
4772.0	1.557672e-16
4773.0	1.375511e-16
4774.0	1.200121e-16
4775.0	1.310098e-16
4776.0	1.493164e-16
4777.0	1.490296e-16
4778.0	1.492578e-16
4779.0	1.558122e-16
4780.0	1.592738e-16
4781.0	1.438239e-16
4782.0	1.587158e-16
4783.0	1.327245e-16
4784.0	1.524142e-16
4785.0	1.853794e-16
4786.0	1.81935e-16
4787.0	1.605978e-16
4788.0	1.792557e-16
4789.0	1.606141e-16
4790.0	1.503968e-16
4791.0	1.643096e-16
4792.0	1.765054e-16
4793.0	1.68597e-16
4794.0	1.738687e-16
4795.0	1.713803e-16
4796.0	1.753551e-16
4797.0	1.76308e-16
4798.0	2.073251e-16
4799.0	1.958937e-16
4800.0	1.781307e-16
4801.0	1.870057e-16
4802.0	1.685854e-16
4803.0	1.901146e-16
4804.0	1.893103e-16
4805.0	1.702663e-16
4806.0	1.82002e-16
4807.0	1.807901e-16
4808.0	1.715734e-16
4809.0	1.719516e-16
4810.0	1.935547e-16
4811.0	1.729751e-16
4812.0	1.870204e-16
4813.0	1.928492e-16
4814.0	1.756143e-16
4815.0	1.844269e-16
4816.0	1.92139e-16
4817.0	1.998823e-16
4818.0	1.891314e-16
4819.0	1.997558e-16
4820.0	1.802105e-16
4821.0	1.797974e-16
4822.0	2.096075e-16
4823.0	2.207077e-16
4824.0	2.321111e-16
4825.0	2.086219e-16
4826.0	1.813056e-16
4827.0	1.637715e-16
4828.0	1.987121e-16
4829.0	2.012281e-16
4830.0	2.286405e-16
4831.0	2.061876e-16
4832.0	1.849588e-16
4833.0	1.889931e-16
4834.0	1.975147e-16
4835.0	2.284916e-16
4836.0	2.127941e-16
4837.0	2.235742e-16
4838.0	2.304803e-16
4839.0	2.149583e-16
4840.0	2.189632e-16
4841.0	2.269661e-16
4842.0	2.167333e-16
4843.0	2.361396e-16
4844.0	2.27709e-16
4845.0	2.19553e-16
4846.0	2.24598e-16
4847.0	2.329531e-16
4848.0	2.470117e-16
4849.0	2.487752e-16
4850.0	2.2151e-16
4851.0	2.356709e-16
4852.0	2.652681e-16
4853.0	2.251201e-16
4854.0	2.176812e-16
4855.0	2.177191e-16
4856.0	2.264153e-16
4857.0	2.583683e-16
4858.0	2.443916e-16
4859.0	2.491871e-16
4860.0	2.775446e-16
4861.0	2.480479e-16
4862.0	2.318121e-16
4863.0	2.651111e-16
4864.0	2.705656e-16
4865.0	2.357317e-16
4866.0	2.351037e-16
4867.0	2.240605e-16
4868.0	2.386713e-16
4869.0	2.523148e-16
4870.0	2.658076e-16
4871.0	2.353449e-16
4872.0	2.573154e-16
4873.0	2.08017e-16
4874.0	2.214056e-16
4875.0	2.509837e-16
4876.0	2.502259e-16
4877.0	2.408803e-16
4878.0	2.574e-16
4879.0	2.194522e-16
4880.0	2.069638e-16
4881.0	2.106156e-16
4882.0	2.420039e-16
4883.0	2.146066e-16
4884.0	2.061354e-16
4885.0	2.010223e-16
4886.0	2.11081e-16
4887.0	1.996177e-16
4888.0	1.903382e-16
4889.0	2.255365e-16
4890.0	2.145204e-16
4891.0	2.086172e-16
4892.0	1.810575e-16
4893.0	2.005796e-16
4894.0	1.69318e-16
4895.0	1.524738e-16
4896.0	1.654489e-16
4897.0	1.859774e-16
4898.0	1.911859e-16
4899.0	1.869621e-16
4900.0	1.849683e-16
4901.0	1.871027e-16
4902.0	1.93066e-16
4903.0	1.83576e-16
4904.0	1.600554e-16
4905.0	1.609752e-16
4906.0	1.436865e-16
4907.0	1.834168e-16
4908.0	1.57349e-16
4909.0	1.695705e-16
4910.0	1.663335e-16
4911.0	1.445418e-16
4912.0	1.328072e-16
4913.0	1.278571e-16
4914.0	1.378208e-16
4915.0	1.289078e-16
4916.0	1.574224e-16
4917.0	1.6646e-16
4918.0	1.49117e-16
4919.0	1.309044e-16
4920.0	1.232172e-16
4921.0	1.348853e-16
4922.0	1.162345e-16
4923.0	1.334445e-16
4924.0	1.358126e-16
4925.0	1.420944e-16
4926.0	1.63953e-16
4927.0	1.480658e-16
4928.0	1.321154e-16
4929.0	1.393344e-16
4930.0	1.338857e-16
4931.0	1.150706e-16
4932.0	1.328345e-16
4933.0	1.278454e-16
4934.0	1.154776e-16
4935.0	1.057699e-16
4936.0	1.212349e-16
4937.0	1.310528e-16
4938.0	9.514621e-17
4939.0	8.818549e-17
4940.0	1.022418e-16
4941.0	1.284168e-16
4942.0	1.202906e-16
4943.0	1.07563e-16
4944.0	9.799226e-17
4945.0	1.216144e-16
4946.0	1.082043e-16
4947.0	1.116508e-16
4948.0	1.313464e-16
4949.0	1.110054e-16
4950.0	1.353669e-16
4951.0	1.521157e-16
4952.0	1.104999e-16
4953.0	1.06338e-16
4954.0	1.34843e-16
4955.0	1.219248e-16
4956.0	1.075226e-16
4957.0	1.028663e-16
4958.0	8.158925e-17
4959.0	1.113106e-16
4960.0	1.334246e-16
4961.0	1.306792e-16
4962.0	1.287249e-16
4963.0	1.017194e-16
4964.0	7.97954e-17
4965.0	8.951587e-17
4966.0	1.009937e-16
4967.0	1.019507e-16
4968.0	1.217062e-16
4969.0	1.220052e-16
4970.0	9.10624e-17
4971.0	9.801852e-17
4972.0	1.083928e-16
4973.0	1.067736e-16
4974.0	9.086582e-17
4975.0	1.083302e-16
4976.0	1.001832e-16
4977.0	1.058856e-16
4978.0	1.204052e-16
4979.0	1.112334e-16
4980.0	1.016471e-16
4981.0	8.589809e-17
4982.0	7.772243e-17
4983.0	1.016368e-16
4984.0	1.099498e-16
4985.0	1.068587e-16
4986.0	1.017248e-16
4987.0	7.76616e-17
4988.0	7.566539e-17
4989.0	7.00666e-17
4990.0	8.067701e-17
4991.0	7.942873e-17
4992.0	8.340204e-17
4993.0	1.045322e-16
4994.0	1.023679e-16
4995.0	1.042064e-16
4996.0	9.362174e-17
4997.0	1.030933e-16
4998.0	1.201383e-16
4999.0	9.713144e-17
5000.0	8.807291e-17
5001.0	8.156012e-17
5002.0	1.069866e-16
5003.0	1.062136e-16
5004.0	7.346918e-17
5005.0	9.991943e-17
5006.0	9.583398e-17
5007.0	1.010474e-16
5008.0	9.761548e-17
5009.0	1.080672e-16
5010.0	1.011911e-16
5011.0	6.472661e-17
5012.0	7.825447e-17
5013.0	7.056735e-17
5014.0	7.145728e-17
5015.0	8.838127e-17
5016.0	9.234851e-17
5017.0	8.529223e-17
5018.0	1.059216e-16
5019.0	1.116604e-16
5020.0	1.102902e-16
5021.0	1.064454e-16
5022.0	9.125488e-17
5023.0	7.516153e-17
5024.0	9.115408e-17
5025.0	9.038693e-17
5026.0	9.125343e-17
5027.0	1.018118e-16
5028.0	9.721451e-17
5029.0	9.026805e-17
5030.0	9.999618e-17
5031.0	1.111476e-16
5032.0	1.100146e-16
5033.0	1.162728e-16
5034.0	9.317742e-17
5035.0	1.025685e-16
5036.0	1.216886e-16
5037.0	1.232059e-16
5038.0	1.326455e-16
5039.0	1.267434e-16
5040.0	1.351888e-16
5041.0	1.191829e-16
5042.0	1.175096e-16
5043.0	1.04306e-16
5044.0	1.196803e-16
5045.0	1.0484e-16
5046.0	1.292404e-16
5047.0	1.208991e-16
5048.0	1.2598e-16
5049.0	1.203457e-16
5050.0	1.038628e-16
5051.0	1.111076e-16
5052.0	1.274692e-16
5053.0	1.185597e-16
5054.0	1.263328e-16
5055.0	1.236023e-16
5056.0	1.19815e-16
5057.0	1.073173e-16
5058.0	1.396015e-16
5059.0	1.391913e-16
5060.0	1.213232e-16
5061.0	1.31182e-16
5062.0	1.293426e-16
5063.0	1.234608e-16
5064.0	1.232571e-16
5065.0	1.392432e-16
5066.0	1.294854e-16
5067.0	1.29778e-16
5068.0	1.15787e-16
5069.0	1.007048e-16
5070.0	9.28024e-17
5071.0	1.084666e-16
5072.0	1.202354e-16
5073.0	1.163044e-16
5074.0	9.900444e-17
5075.0	1.210104e-16
5076.0	1.253298e-16
5077.0	1.242595e-16
5078.0	9.804926e-17
5079.0	9.131002e-17
5080.0	1.071247e-16
5081.0	1.150939e-16
5082.0	1.168352e-16
5083.0	1.220223e-16
5084.0	8.246339e-17
5085.0	9.788694e-17
5086.0	1.207464e-16
5087.0	1.191666e-16
5088.0	1.197179e-16
5089.0	1.045923e-16
5090.0	1.051529e-16
5091.0	1.109491e-16
5092.0	1.081258e-16
5093.0	9.621641e-17
5094.0	1.149539e-16
5095.0	1.230499e-16
5096.0	1.322337e-16
5097.0	1.249023e-16
5098.0	1.110251e-16
5099.0	1.162897e-16
5100.0	1.074386e-16
5101.0	9.812181e-17
5102.0	9.598759e-17
5103.0	1.094205e-16
5104.0	1.02921e-16
5105.0	1.141043e-16
5106.0	1.194192e-16
5107.0	1.360471e-16
5108.0	1.373748e-16
5109.0	1.171458e-16
5110.0	1.234441e-16
5111.0	1.223467e-16
5112.0	1.073979e-16
5113.0	1.150487e-16
5114.0	1.424094e-16
5115.0	1.301011e-16
5116.0	1.088315e-16
5117.0	1.141677e-16
5118.0	1.172844e-16
5119.0	1.00267e-16
5120.0	1.087533e-16
5121.0	9.782615e-17
5122.0	1.240022e-16
5123.0	1.311778e-16
5124.0	1.195371e-16
5125.0	1.187452e-16
5126.0	1.313414e-16
5127.0	1.225382e-16
5128.0	1.260275e-16
5129.0	1.433328e-16
5130.0	1.343308e-16
5131.0	1.480945e-16
5132.0	1.424417e-16
5133.0	1.31675e-16
5134.0	1.127542e-16
5135.0	1.22212e-16
5136.0	1.237707e-16
5137.0	1.332708e-16
5138.0	1.392021e-16
5139.0	1.221815e-16
5140.0	1.145052e-16
5141.0	1.205439e-16
5142.0	1.209328e-16
5143.0	1.366883e-16
5144.0	1.436995e-16
5145.0	1.502285e-16
5146.0	1.460549e-16
5147.0	1.562424e-16
5148.0	1.513107e-16
5149.0	1.602902e-16
5150.0	1.665058e-16
5151.0	1.501143e-16
5152.0	1.639969e-16
5153.0	1.518607e-16
5154.0	1.514904e-16
5155.0	1.575806e-16
5156.0	1.509076e-16
5157.0	1.592483e-16
5158.0	1.79734e-16
5159.0	1.755211e-16
5160.0	1.715234e-16
5161.0	1.860079e-16
5162.0	1.764968e-16
5163.0	1.752836e-16
5164.0	1.768457e-16
5165.0	1.662837e-16
5166.0	1.510919e-16
5167.0	1.28676e-16
5168.0	1.33373e-16
5169.0	1.474433e-16
5170.0	1.773311e-16
5171.0	1.875477e-16
5172.0	1.796858e-16
5173.0	1.615583e-16
5174.0	1.6916e-16
5175.0	1.746148e-16
5176.0	1.625098e-16
5177.0	1.65594e-16
5178.0	1.767882e-16
5179.0	1.933785e-16
5180.0	2.042236e-16
5181.0	2.025716e-16
5182.0	2.013053e-16
5183.0	1.982598e-16
5184.0	2.151023e-16
5185.0	2.091361e-16
5186.0	1.717176e-16
5187.0	1.824219e-16
5188.0	1.847285e-16
5189.0	1.730546e-16
5190.0	1.753371e-16
5191.0	2.080501e-16
5192.0	2.219875e-16
5193.0	1.98098e-16
5194.0	1.769741e-16
5195.0	1.954832e-16
5196.0	1.99437e-16
5197.0	1.942103e-16
5198.0	1.952598e-16
5199.0	2.029217e-16
5200.0	1.759427e-16
5201.0	1.850644e-16
5202.0	1.860639e-16
5203.0	1.844366e-16
5204.0	1.987489e-16
5205.0	1.892579e-16
5206.0	1.752657e-16
5207.0	1.639377e-16
5208.0	1.537649e-16
5209.0	1.474731e-16
5210.0	1.471578e-16
5211.0	1.438926e-16
5212.0	1.659943e-16
5213.0	1.722967e-16
5214.0	1.509351e-16
5215.0	1.622617e-16
5216.0	1.584566e-16
5217.0	1.558243e-16
5218.0	1.502666e-16
5219.0	1.382076e-16
5220.0	1.562116e-16
5221.0	1.473908e-16
5222.0	1.485837e-16
5223.0	1.507749e-16
5224.0	1.720271e-16
5225.0	1.750265e-16
5226.0	1.667148e-16
5227.0	1.607684e-16
5228.0	1.535113e-16
5229.0	1.458552e-16
5230.0	1.339226e-16
5231.0	1.310261e-16
5232.0	1.244155e-16
5233.0	1.302607e-16
5234.0	1.301563e-16
5235.0	1.295016e-16
5236.0	1.424989e-16
5237.0	1.498459e-16
5238.0	1.379174e-16
5239.0	1.268639e-16
5240.0	1.317436e-16
5241.0	1.255795e-16
5242.0	1.379265e-16
5243.0	1.410848e-16
5244.0	1.199531e-16
5245.0	1.230653e-16
5246.0	1.245666e-16
5247.0	1.412018e-16
5248.0	1.317262e-16
5249.0	1.214455e-16
5250.0	1.123391e-16
5251.0	1.045796e-16
5252.0	1.170677e-16
5253.0	1.05536e-16
5254.0	9.382902e-17
5255.0	1.141412e-16
5256.0	1.126226e-16
5257.0	1.061142e-16
5258.0	1.175761e-16
5259.0	1.223086e-16
5260.0	1.342286e-16
5261.0	1.327552e-16
5262.0	1.146434e-16
5263.0	1.277864e-16
5264.0	1.35236e-16
5265.0	1.14987e-16
5266.0	1.114668e-16
5267.0	1.31273e-16
5268.0	1.29614e-16
5269.0	1.034386e-16
5270.0	1.225332e-16
5271.0	1.385766e-16
5272.0	1.362543e-16
5273.0	1.258671e-16
5274.0	1.283744e-16
5275.0	1.129438e-16
5276.0	1.045001e-16
5277.0	9.29327e-17
5278.0	8.893226e-17
5279.0	9.320998e-17
5280.0	9.921408e-17
5281.0	1.152757e-16
5282.0	1.080627e-16
5283.0	1.140743e-16
5284.0	1.077372e-16
5285.0	1.093016e-16
5286.0	7.822231e-17
5287.0	8.117711e-17
5288.0	1.018898e-16
5289.0	1.024359e-16
5290.0	1.025644e-16
5291.0	1.089496e-16
5292.0	1.118868e-16
5293.0	8.675883e-17
5294.0	1.060751e-16
5295.0	1.039049e-16
5296.0	9.412986e-17
5297.0	1.154014e-16
5298.0	9.633799e-17
5299.0	9.418971e-17
5300.0	9.884718e-17
5301.0	9.237247e-17
5302.0	1.11528e-16
5303.0	1.160408e-16
5304.0	1.191411e-16
5305.0	1.297802e-16
5306.0	1.221532e-16
5307.0	9.90429e-17
5308.0	1.116824e-16
5309.0	1.061684e-16
5310.0	9.603534e-17
5311.0	8.692467e-17
5312.0	1.117259e-16
5313.0	1.018665e-16
5314.0	1.01348e-16
5315.0	1.024164e-16
5316.0	1.183404e-16
5317.0	1.12933e-16
5318.0	9.810049e-17
5319.0	9.079027e-17
5320.0	1.012685e-16
5321.0	9.848114e-17
5322.0	1.074038e-16
5323.0	9.299428e-17
5324.0	1.007071e-16
5325.0	1.164536e-16
5326.0	1.031471e-16
5327.0	1.039928e-16
5328.0	1.193452e-16
5329.0	1.125778e-16
5330.0	1.175323e-16
5331.0	1.090444e-16
5332.0	1.040846e-16
5333.0	1.029015e-16
5334.0	9.826396e-17
5335.0	8.771425e-17
5336.0	8.599824e-17
5337.0	9.876515e-17
5338.0	9.288735e-17
5339.0	9.544169e-17
5340.0	8.015354e-17
5341.0	7.752257e-17
5342.0	1.032435e-16
5343.0	1.22741e-16
5344.0	1.123206e-16
5345.0	7.998197e-17
5346.0	8.341694e-17
5347.0	1.009179e-16
5348.0	9.971832e-17
5349.0	7.912103e-17
5350.0	8.500409e-17
5351.0	9.109456e-17
5352.0	1.006635e-16
5353.0	8.884104e-17
5354.0	8.735532e-17
5355.0	9.397119e-17
5356.0	9.140151e-17
5357.0	7.973019e-17
5358.0	7.694283e-17
5359.0	8.32349e-17
5360.0	8.994558e-17
5361.0	8.924087e-17
5362.0	8.525931e-17
5363.0	8.177186e-17
5364.0	9.164429e-17
5365.0	8.616013e-17
5366.0	9.469609e-17
5367.0	8.349229e-17
5368.0	7.759202e-17
5369.0	1.026586e-16
5370.0	1.01472e-16
5371.0	9.52305e-17
5372.0	8.376253e-17
5373.0	8.501242e-17
5374.0	8.854743e-17
5375.0	8.849212e-17
5376.0	9.730351e-17
5377.0	1.017265e-16
5378.0	1.159714e-16
5379.0	1.245741e-16
5380.0	1.173041e-16
5381.0	1.19472e-16
5382.0	1.090912e-16
5383.0	8.678899e-17
5384.0	8.685413e-17
5385.0	8.641977e-17
5386.0	8.228331e-17
5387.0	8.824914e-17
5388.0	1.027704e-16
5389.0	9.323524e-17
5390.0	9.115456e-17
5391.0	1.002801e-16
5392.0	1.047315e-16
5393.0	1.000174e-16
5394.0	1.032889e-16
5395.0	9.195036e-17
5396.0	1.027185e-16
5397.0	1.109227e-16
5398.0	1.057876e-16
5399.0	9.944392e-17
5400.0	9.569584e-17
5401.0	1.087745e-16
5402.0	9.809905e-17
5403.0	1.100948e-16
5404.0	8.353991e-17
5405.0	7.134323e-17
5406.0	8.293356e-17
5407.0	8.751194e-17
5408.0	1.142501e-16
5409.0	1.204077e-16
5410.0	1.320927e-16
5411.0	1.179542e-16
5412.0	1.147827e-16
5413.0	1.141092e-16
5414.0	1.015769e-16
5415.0	1.061725e-16
5416.0	1.187387e-16
5417.0	1.032524e-16
5418.0	9.474339e-17
5419.0	1.170255e-16
5420.0	1.15645e-16
5421.0	1.027046e-16
5422.0	1.051735e-16
5423.0	1.27687e-16
5424.0	1.181243e-16
5425.0	1.123223e-16
5426.0	1.001426e-16
5427.0	1.151739e-16
5428.0	1.061768e-16
5429.0	9.800953e-17
5430.0	1.23863e-16
5431.0	1.124415e-16
5432.0	9.39166e-17
5433.0	1.068087e-16
5434.0	1.207396e-16
5435.0	1.184218e-16
5436.0	1.228268e-16
5437.0	1.112164e-16
5438.0	1.203474e-16
5439.0	1.100008e-16
5440.0	1.215072e-16
5441.0	1.238985e-16
5442.0	1.33105e-16
5443.0	1.238007e-16
5444.0	1.366346e-16
5445.0	1.328479e-16
5446.0	1.267283e-16
5447.0	1.296459e-16
5448.0	1.353044e-16
5449.0	1.278903e-16
5450.0	1.37696e-16
5451.0	1.450771e-16
5452.0	1.130512e-16
5453.0	1.054323e-16
5454.0	1.290148e-16
5455.0	1.309285e-16
5456.0	1.402632e-16
5457.0	1.566482e-16
5458.0	1.227617e-16
5459.0	1.071814e-16
5460.0	1.200246e-16
5461.0	1.281941e-16
5462.0	1.372993e-16
5463.0	1.24825e-16
5464.0	1.374278e-16
5465.0	1.517323e-16
5466.0	1.414384e-16
5467.0	1.527679e-16
5468.0	1.424081e-16
5469.0	1.457494e-16
5470.0	1.369034e-16
5471.0	1.437319e-16
5472.0	1.578535e-16
5473.0	1.40777e-16
5474.0	1.53953e-16
5475.0	1.557806e-16
5476.0	1.728463e-16
5477.0	1.609812e-16
5478.0	1.551217e-16
5479.0	1.445272e-16
5480.0	1.420834e-16
5481.0	1.36761e-16
5482.0	1.720984e-16
5483.0	1.894279e-16
5484.0	1.644781e-16
5485.0	1.711955e-16
5486.0	1.520716e-16
5487.0	1.686235e-16
5488.0	1.646481e-16
5489.0	1.614213e-16
5490.0	1.522942e-16
5491.0	1.612935e-16
5492.0	1.79378e-16
5493.0	1.893117e-16
5494.0	1.802153e-16
5495.0	1.800195e-16
5496.0	1.846399e-16
5497.0	1.844655e-16
5498.0	1.681417e-16
5499.0	1.758937e-16
5500.0	1.736046e-16
5501.0	1.704985e-16
5502.0	1.74058e-16
5503.0	1.724355e-16
5504.0	1.944664e-16
5505.0	1.711648e-16
5506.0	1.728336e-16
5507.0	1.61355e-16
5508.0	1.673907e-16
5509.0	1.876424e-16
5510.0	1.844609e-16
5511.0	1.673848e-16
5512.0	1.784057e-16
5513.0	1.896631e-16
5514.0	1.879687e-16
5515.0	1.88319e-16
5516.0	1.926984e-16
5517.0	1.953143e-16
5518.0	2.035323e-16
5519.0	1.914283e-16
5520.0	1.770205e-16
5521.0	1.691247e-16
5522.0	1.945624e-16
5523.0	1.845383e-16
5524.0	1.852463e-16
5525.0	1.909895e-16
5526.0	1.969467e-16
5527.0	1.985149e-16
5528.0	2.01525e-16
5529.0	2.120926e-16
5530.0	2.073436e-16
5531.0	2.005479e-16
5532.0	2.027657e-16
5533.0	2.136359e-16
5534.0	2.159358e-16
5535.0	2.09744e-16
5536.0	2.071781e-16
5537.0	2.04036e-16
5538.0	1.916459e-16
5539.0	2.039468e-16
5540.0	2.06189e-16
5541.0	2.08575e-16
5542.0	2.0562e-16
5543.0	2.319536e-16
5544.0	2.148051e-16
5545.0	2.150937e-16
5546.0	2.273701e-16
5547.0	1.981441e-16
5548.0	2.099373e-16
5549.0	2.168931e-16
5550.0	2.402866e-16
5551.0	2.164597e-16
5552.0	2.112568e-16
5553.0	2.299809e-16
5554.0	2.357931e-16
5555.0	2.541324e-16
5556.0	2.229435e-16
5557.0	2.239858e-16
5558.0	2.242329e-16
5559.0	2.2802e-16
5560.0	2.314647e-16
5561.0	2.201921e-16
5562.0	2.253529e-16
5563.0	2.333379e-16
5564.0	2.230145e-16
5565.0	2.106053e-16
5566.0	2.076367e-16
5567.0	2.307691e-16
5568.0	2.21137e-16
5569.0	2.368909e-16
5570.0	2.182007e-16
5571.0	2.194582e-16
5572.0	2.389545e-16
5573.0	2.35101e-16
5574.0	2.40607e-16
5575.0	2.928097e-16
5576.0	2.067383e-16
5577.0	2.408552e-16
5578.0	2.454874e-16
5579.0	2.179823e-16
5580.0	2.247747e-16
5581.0	2.339442e-16
5582.0	2.422021e-16
5583.0	2.42566e-16
5584.0	2.26772e-16
5585.0	2.161831e-16
5586.0	2.279092e-16
5587.0	2.388086e-16
5588.0	2.304992e-16
5589.0	2.268421e-16
5590.0	1.984428e-16
5591.0	2.121342e-16
5592.0	2.014861e-16
5593.0	2.084211e-16
5594.0	2.229483e-16
5595.0	2.154168e-16
5596.0	1.947595e-16
5597.0	2.030551e-16
5598.0	2.221586e-16
5599.0	2.061395e-16
5600.0	2.125537e-16
5601.0	2.331511e-16
5602.0	2.114602e-16
5603.0	2.170746e-16
5604.0	2.127211e-16
5605.0	2.047664e-16
5606.0	2.161196e-16
5607.0	2.151611e-16
5608.0	2.148895e-16
5609.0	2.187685e-16
5610.0	2.131553e-16
5611.0	1.9408e-16
5612.0	1.904322e-16
5613.0	1.950125e-16
5614.0	2.060848e-16
5615.0	2.009609e-16
5616.0	2.05259e-16
5617.0	1.949147e-16
5618.0	2.024706e-16
5619.0	2.092895e-16
5620.0	2.056082e-16
5621.0	2.059675e-16
5622.0	2.224249e-16
5623.0	2.039327e-16
5624.0	1.981154e-16
5625.0	2.09518e-16
5626.0	2.282603e-16
5627.0	2.213982e-16
5628.0	1.927409e-16
5629.0	2.210636e-16
5630.0	2.200703e-16
5631.0	2.013758e-16
5632.0	2.037983e-16
5633.0	2.214444e-16
5634.0	2.237419e-16
5635.0	2.0422e-16
5636.0	2.001742e-16
5637.0	2.181958e-16
5638.0	2.359317e-16
5639.0	2.182932e-16
5640.0	2.186963e-16
5641.0	2.082233e-16
5642.0	2.03551e-16
5643.0	2.249081e-16
5644.0	2.18217e-16
5645.0	1.989861e-16
5646.0	1.99498e-16
5647.0	2.065997e-16
5648.0	2.049924e-16
5649.0	1.85666e-16
5650.0	2.167865e-16
5651.0	2.134689e-16
5652.0	2.281828e-16
5653.0	2.205404e-16
5654.0	1.995128e-16
5655.0	2.209103e-16
5656.0	2.066271e-16
5657.0	2.277523e-16
5658.0	2.429512e-16
5659.0	2.278771e-16
5660.0	1.97201e-16
5661.0	2.073299e-16
5662.0	2.184607e-16
5663.0	2.165218e-16
5664.0	1.998493e-16
5665.0	2.097039e-16
5666.0	2.388355e-16
5667.0	2.111097e-16
5668.0	2.102033e-16
5669.0	2.245138e-16
5670.0	1.91458e-16
5671.0	2.036555e-16
5672.0	2.260307e-16
5673.0	2.281171e-16
5674.0	2.292856e-16
5675.0	2.195012e-16
5676.0	2.362808e-16
5677.0	2.418355e-16
5678.0	2.272147e-16
5679.0	2.190498e-16
5680.0	2.046077e-16
5681.0	2.446483e-16
5682.0	2.236886e-16
5683.0	2.168044e-16
5684.0	2.318725e-16
5685.0	2.158895e-16
5686.0	2.025097e-16
5687.0	2.189456e-16
5688.0	2.470569e-16
5689.0	2.422758e-16
5690.0	2.168426e-16
5691.0	2.062757e-16
5692.0	2.302902e-16
5693.0	2.319516e-16
5694.0	2.378104e-16
5695.0	2.42812e-16
5696.0	2.4305e-16
5697.0	2.39172e-16
5698.0	2.337089e-16
5699.0	2.293914e-16
5700.0	2.254544e-16
5701.0	2.451138e-16
5702.0	2.460548e-16
5703.0	2.280965e-16
5704.0	2.300378e-16
5705.0	2.303298e-16
5706.0	2.255485e-16
5707.0	2.234598e-16
5708.0	2.299082e-16
5709.0	2.354088e-16
5710.0	2.340723e-16
5711.0	2.296044e-16
5712.0	2.338511e-16
5713.0	2.405271e-16
5714.0	2.413749e-16
5715.0	2.250777e-16
5716.0	2.076062e-16
5717.0	2.1658e-16
5718.0	2.250452e-16
5719.0	2.069141e-16
5720.0	2.163769e-16
5721.0	2.196371e-16
5722.0	2.179292e-16
5723.0	2.236821e-16
5724.0	2.118619e-16
5725.0	2.226332e-16
5726.0	2.245056e-16
5727.0	2.200468e-16
5728.0	2.326752e-16
5729.0	2.385369e-16
5730.0	2.444594e-16
5731.0	2.326332e-16
5732.0	2.120451e-16
5733.0	2.272946e-16
5734.0	2.120548e-16
5735.0	2.106818e-16
5736.0	2.237549e-16
5737.0	2.37238e-16
5738.0	2.360779e-16
5739.0	2.393473e-16
5740.0	2.319002e-16
5741.0	1.99115e-16
5742.0	1.884187e-16
5743.0	1.941554e-16
5744.0	2.099373e-16
5745.0	2.428315e-16
5746.0	2.412882e-16
5747.0	2.270182e-16
5748.0	2.092374e-16
5749.0	2.19605e-16
5750.0	2.449797e-16
5751.0	2.295874e-16
5752.0	2.269451e-16
5753.0	2.182531e-16
5754.0	2.197695e-16
5755.0	2.24102e-16
5756.0	2.296893e-16
5757.0	2.188162e-16
5758.0	2.080879e-16
5759.0	2.023888e-16
5760.0	2.08573e-16
5761.0	2.078903e-16
5762.0	2.030388e-16
5763.0	2.001753e-16
5764.0	2.259986e-16
5765.0	2.286218e-16
5766.0	1.96129e-16
5767.0	1.923148e-16
5768.0	2.113147e-16
5769.0	2.129915e-16
5770.0	2.029463e-16
5771.0	1.969488e-16
5772.0	1.993707e-16
5773.0	2.060454e-16
5774.0	2.082247e-16
5775.0	1.986708e-16
5776.0	2.116301e-16
5777.0	2.03931e-16
5778.0	2.079497e-16
5779.0	2.128335e-16
5780.0	2.069191e-16
5781.0	2.247666e-16
5782.0	1.862114e-16
5783.0	1.8686e-16
5784.0	2.010722e-16
5785.0	1.798034e-16
5786.0	1.957757e-16
5787.0	1.888281e-16
5788.0	1.96622e-16
5789.0	1.951882e-16
5790.0	1.970431e-16
5791.0	1.778783e-16
5792.0	1.883048e-16
5793.0	1.839555e-16
5794.0	1.733156e-16
5795.0	2.029489e-16
5796.0	2.071395e-16
5797.0	2.233321e-16
5798.0	1.929509e-16
5799.0	1.802072e-16
5800.0	2.02177e-16
5801.0	2.180416e-16
5802.0	1.908013e-16
5803.0	2.01385e-16
5804.0	2.028775e-16
5805.0	2.019649e-16
5806.0	2.102358e-16
5807.0	2.101423e-16
5808.0	1.905999e-16
5809.0	1.947562e-16
5810.0	1.758315e-16
5811.0	1.800683e-16
5812.0	2.017231e-16
5813.0	1.91864e-16
5814.0	1.934076e-16
5815.0	1.834577e-16
5816.0	1.668781e-16
5817.0	1.63462e-16
5818.0	1.688997e-16
5819.0	1.730273e-16
5820.0	1.728216e-16
5821.0	1.741041e-16
5822.0	1.820962e-16
5823.0	1.670089e-16
5824.0	1.889283e-16
5825.0	1.760643e-16
5826.0	1.933658e-16
5827.0	1.799643e-16
5828.0	1.849164e-16
5829.0	1.793621e-16
5830.0	1.781904e-16
5831.0	1.803406e-16
5832.0	1.682893e-16
5833.0	1.813224e-16
5834.0	1.675865e-16
5835.0	1.653883e-16
5836.0	1.771432e-16
5837.0	1.674747e-16
5838.0	1.52724e-16
5839.0	1.580517e-16
5840.0	1.704958e-16
5841.0	1.458365e-16
5842.0	1.491269e-16
5843.0	1.709789e-16
5844.0	1.580696e-16
5845.0	1.477399e-16
5846.0	1.575376e-16
5847.0	1.512873e-16
5848.0	1.510234e-16
5849.0	1.605779e-16
5850.0	1.551565e-16
5851.0	1.435077e-16
5852.0	1.489963e-16
5853.0	1.536637e-16
5854.0	1.625269e-16
5855.0	1.579598e-16
5856.0	1.515196e-16
5857.0	1.512573e-16
5858.0	1.684074e-16
5859.0	1.572526e-16
5860.0	1.683567e-16
5861.0	1.724792e-16
5862.0	1.687053e-16
5863.0	1.596029e-16
5864.0	1.563941e-16
5865.0	1.51881e-16
5866.0	1.39559e-16
5867.0	1.439357e-16
5868.0	1.501028e-16
5869.0	1.774501e-16
5870.0	1.544142e-16
5871.0	1.484403e-16
5872.0	1.517463e-16
5873.0	1.427321e-16
5874.0	1.432962e-16
5875.0	1.572189e-16
5876.0	1.415467e-16
5877.0	1.466908e-16
5878.0	1.427058e-16
5879.0	1.424507e-16
5880.0	1.352106e-16
5881.0	1.586703e-16
5882.0	1.569598e-16
5883.0	1.764437e-16
5884.0	1.738714e-16
5885.0	1.651231e-16
5886.0	1.719125e-16
5887.0	1.32601e-16
5888.0	1.202301e-16
5889.0	1.126659e-16
5890.0	1.328862e-16
5891.0	1.386479e-16
5892.0	1.344982e-16
5893.0	1.34694e-16
5894.0	1.410475e-16
5895.0	1.37162e-16
5896.0	1.530988e-16
5897.0	1.432531e-16
5898.0	1.578354e-16
5899.0	1.259376e-16
5900.0	1.35927e-16
5901.0	1.380296e-16
5902.0	1.302785e-16
5903.0	1.297267e-16
5904.0	1.350704e-16
5905.0	1.510238e-16
5906.0	1.412176e-16
5907.0	1.320078e-16
5908.0	1.162082e-16
5909.0	1.324153e-16
5910.0	1.411822e-16
5911.0	1.299846e-16
5912.0	1.393494e-16
5913.0	1.228249e-16
5914.0	1.343038e-16
5915.0	1.439503e-16
5916.0	1.445389e-16
5917.0	1.302892e-16
5918.0	1.070821e-16
5919.0	1.296703e-16
5920.0	1.257239e-16
5921.0	1.293642e-16
5922.0	1.337308e-16
5923.0	1.259888e-16
5924.0	1.19123e-16
5925.0	1.113766e-16
5926.0	1.08287e-16
5927.0	1.156005e-16
5928.0	1.263586e-16
5929.0	1.091023e-16
5930.0	1.317858e-16
5931.0	1.407727e-16
5932.0	1.408969e-16
5933.0	1.326502e-16
5934.0	1.211804e-16
5935.0	1.22705e-16
5936.0	1.361124e-16
5937.0	1.1977e-16
5938.0	1.11969e-16
5939.0	1.241197e-16
5940.0	1.092329e-16
5941.0	1.114466e-16
5942.0	1.130452e-16
5943.0	1.207271e-16
5944.0	1.174519e-16
5945.0	1.09459e-16
5946.0	1.262047e-16
5947.0	1.172941e-16
5948.0	1.122307e-16
5949.0	1.014005e-16
5950.0	1.134895e-16
5951.0	1.042394e-16
5952.0	1.044745e-16
5953.0	1.16073e-16
5954.0	1.116966e-16
5955.0	1.06627e-16
5956.0	1.194179e-16
5957.0	1.160435e-16
5958.0	1.19817e-16
5959.0	1.253212e-16
5960.0	1.083012e-16
5961.0	9.353023e-17
5962.0	9.39149e-17
5963.0	8.094731e-17
5964.0	1.223064e-16
5965.0	8.958001e-17
5966.0	1.06244e-16
5967.0	9.280443e-17
5968.0	8.801797e-17
5969.0	1.077869e-16
5970.0	1.126679e-16
5971.0	1.11696e-16
5972.0	1.082309e-16
5973.0	9.148295e-17
5974.0	9.63624e-17
5975.0	9.263347e-17
5976.0	8.798606e-17
5977.0	7.993419e-17
5978.0	9.607445e-17
5979.0	1.084251e-16
5980.0	1.068404e-16
5981.0	1.038976e-16
5982.0	9.841333e-17
5983.0	1.067807e-16
5984.0	1.166e-16
5985.0	1.089322e-16
5986.0	1.055978e-16
5987.0	9.022222e-17
5988.0	1.002614e-16
5989.0	9.559173e-17
5990.0	8.811636e-17
5991.0	8.388632e-17
5992.0	7.427359e-17
5993.0	7.457276e-17
5994.0	9.07287e-17
5995.0	8.837665e-17
5996.0	9.988492e-17
5997.0	9.933628e-17
5998.0	8.830703e-17
5999.0	9.803551e-17
6000.0	8.824808e-17
6001.0	8.537502e-17
6002.0	8.591916e-17
6003.0	9.371191e-17
6004.0	9.500317e-17
6005.0	1.086502e-16
6006.0	1.020357e-16
6007.0	9.710982e-17
6008.0	8.971525e-17
6009.0	1.012747e-16
6010.0	1.10928e-16
6011.0	1.125029e-16
6012.0	8.481725e-17
6013.0	7.41614e-17
6014.0	9.608153e-17
6015.0	7.816926e-17
6016.0	7.708177e-17
6017.0	8.584817e-17
6018.0	9.809867e-17
6019.0	1.273214e-16
6020.0	1.033757e-16
6021.0	1.083737e-16
6022.0	1.216617e-16
6023.0	1.093477e-16
6024.0	1.076283e-16
6025.0	1.100687e-16
6026.0	9.128916e-17
6027.0	9.048341e-17
6028.0	8.928024e-17
6029.0	9.772676e-17
6030.0	1.212885e-16
6031.0	1.242546e-16
6032.0	1.161546e-16
6033.0	9.691674e-17
6034.0	8.88132e-17
6035.0	9.761761e-17
6036.0	1.011738e-16
6037.0	8.884492e-17
6038.0	1.07016e-16
6039.0	1.208868e-16
6040.0	1.043195e-16
6041.0	1.105914e-16
6042.0	1.242677e-16
6043.0	1.234308e-16
6044.0	1.09158e-16
6045.0	1.081133e-16
6046.0	1.046806e-16
6047.0	1.09075e-16
6048.0	1.073893e-16
6049.0	9.490809e-17
6050.0	1.112983e-16
6051.0	1.108944e-16
6052.0	1.183781e-16
6053.0	1.23072e-16
6054.0	1.131755e-16
6055.0	1.125396e-16
6056.0	1.234057e-16
6057.0	1.246901e-16
6058.0	1.372738e-16
6059.0	1.459132e-16
6060.0	1.279632e-16
6061.0	1.251385e-16
6062.0	1.151183e-16
6063.0	1.186072e-16
6064.0	1.344592e-16
6065.0	1.360229e-16
6066.0	1.423709e-16
6067.0	1.410693e-16
6068.0	1.297767e-16
6069.0	1.251882e-16
6070.0	1.316164e-16
6071.0	1.225853e-16
6072.0	1.210414e-16
6073.0	1.27981e-16
6074.0	1.361031e-16
6075.0	1.403011e-16
6076.0	1.513077e-16
6077.0	1.467117e-16
6078.0	1.389123e-16
6079.0	1.504929e-16
6080.0	1.508206e-16
6081.0	1.52993e-16
6082.0	1.487313e-16
6083.0	1.571236e-16
6084.0	1.515628e-16
6085.0	1.518676e-16
6086.0	1.633053e-16
6087.0	1.599762e-16
6088.0	1.628749e-16
6089.0	1.617883e-16
6090.0	1.649211e-16
6091.0	1.657104e-16
6092.0	1.408663e-16
6093.0	1.448413e-16
6094.0	1.52983e-16
6095.0	1.404157e-16
6096.0	1.465246e-16
6097.0	1.600591e-16
6098.0	1.572654e-16
6099.0	1.559571e-16
6100.0	1.537657e-16
6101.0	1.413437e-16
6102.0	1.441462e-16
6103.0	1.625033e-16
6104.0	1.904798e-16
6105.0	1.69899e-16
6106.0	1.696131e-16
6107.0	1.544377e-16
6108.0	1.661333e-16
6109.0	1.643877e-16
6110.0	1.81028e-16
6111.0	1.828181e-16
6112.0	1.499251e-16
6113.0	1.502392e-16
6114.0	1.759025e-16
6115.0	1.595318e-16
6116.0	1.650045e-16
6117.0	1.859934e-16
6118.0	1.9987e-16
6119.0	1.900275e-16
6120.0	1.938854e-16
6121.0	1.916576e-16
6122.0	1.814165e-16
6123.0	1.730923e-16
6124.0	1.787632e-16
6125.0	1.832187e-16
6126.0	1.873634e-16
6127.0	1.81163e-16
6128.0	1.913016e-16
6129.0	2.178116e-16
6130.0	2.141787e-16
6131.0	1.748345e-16
6132.0	1.864207e-16
6133.0	1.892169e-16
6134.0	1.91476e-16
6135.0	2.011589e-16
6136.0	1.881694e-16
6137.0	1.853128e-16
6138.0	1.818561e-16
6139.0	1.934216e-16
6140.0	1.969423e-16
6141.0	2.010418e-16
6142.0	2.118495e-16
6143.0	2.093442e-16
6144.0	2.023107e-16
6145.0	1.80374e-16
6146.0	1.845525e-16
6147.0	1.630777e-16
6148.0	1.69648e-16
6149.0	1.942543e-16
6150.0	1.949216e-16
6151.0	1.877813e-16
6152.0	1.99905e-16
6153.0	2.068257e-16
6154.0	2.009139e-16
6155.0	2.006321e-16
6156.0	1.874222e-16
6157.0	2.129526e-16
6158.0	2.140283e-16
6159.0	2.043476e-16
6160.0	2.059052e-16
6161.0	2.123843e-16
6162.0	2.118986e-16
6163.0	2.223041e-16
6164.0	2.311368e-16
6165.0	2.111677e-16
6166.0	2.152441e-16
6167.0	2.190393e-16
6168.0	2.141132e-16
6169.0	2.137746e-16
6170.0	2.090682e-16
6171.0	2.149185e-16
6172.0	2.220762e-16
6173.0	2.35583e-16
6174.0	2.190001e-16
6175.0	2.098294e-16
6176.0	2.114295e-16
6177.0	2.105208e-16
6178.0	2.245765e-16
6179.0	2.222862e-16
6180.0	1.995214e-16
6181.0	2.105323e-16
6182.0	2.220992e-16
6183.0	2.403748e-16
6184.0	2.253598e-16
6185.0	2.21668e-16
6186.0	2.015044e-16
6187.0	1.881118e-16
6188.0	2.248752e-16
6189.0	2.174874e-16
6190.0	2.280312e-16
6191.0	2.050041e-16
6192.0	2.134301e-16
6193.0	2.107361e-16
6194.0	2.04104e-16
6195.0	1.879874e-16
6196.0	2.106539e-16
6197.0	2.079547e-16
6198.0	2.041286e-16
6199.0	2.179874e-16
6200.0	2.07831e-16
6201.0	1.936438e-16
6202.0	1.903461e-16
6203.0	1.951963e-16
6204.0	2.023513e-16
6205.0	1.886629e-16
6206.0	1.842272e-16
6207.0	1.971792e-16
6208.0	2.011718e-16
6209.0	1.985755e-16
6210.0	1.993764e-16
6211.0	1.931448e-16
6212.0	2.199576e-16
6213.0	2.118065e-16
6214.0	1.920927e-16
6215.0	1.866797e-16
6216.0	2.04675e-16
6217.0	1.994688e-16
6218.0	1.836642e-16
6219.0	1.891996e-16
6220.0	2.05288e-16
6221.0	2.073377e-16
6222.0	2.050303e-16
6223.0	2.011293e-16
6224.0	1.854526e-16
6225.0	1.76119e-16
6226.0	1.83377e-16
6227.0	1.844591e-16
6228.0	1.926354e-16
6229.0	1.850849e-16
6230.0	1.714194e-16
6231.0	1.584749e-16
6232.0	1.672191e-16
6233.0	2.000236e-16
6234.0	1.895884e-16
6235.0	1.749949e-16
6236.0	1.884536e-16
6237.0	1.832104e-16
6238.0	1.805223e-16
6239.0	1.645619e-16
6240.0	1.650386e-16
6241.0	1.545405e-16
6242.0	1.576269e-16
6243.0	1.658774e-16
6244.0	1.684637e-16
6245.0	1.676366e-16
6246.0	1.810542e-16
6247.0	1.692143e-16
6248.0	1.624307e-16
6249.0	1.633123e-16
6250.0	1.541024e-16
6251.0	1.440651e-16
6252.0	1.457527e-16
6253.0	1.528863e-16
6254.0	1.658423e-16
6255.0	1.626837e-16
6256.0	1.412487e-16
6257.0	1.469097e-16
6258.0	1.399461e-16
6259.0	1.456773e-16
6260.0	1.477474e-16
6261.0	1.428754e-16
6262.0	1.496121e-16
6263.0	1.654076e-16
6264.0	1.392136e-16
6265.0	1.269524e-16
6266.0	1.35298e-16
6267.0	1.45947e-16
6268.0	1.344842e-16
6269.0	1.571955e-16
6270.0	1.554629e-16
6271.0	1.390732e-16
6272.0	1.432166e-16
6273.0	1.455504e-16
6274.0	1.569833e-16
6275.0	1.502103e-16
6276.0	1.436006e-16
6277.0	1.369055e-16
6278.0	1.206355e-16
6279.0	1.340582e-16
6280.0	1.405022e-16
6281.0	1.461127e-16
6282.0	1.44093e-16
6283.0	1.32619e-16
6284.0	1.213773e-16
6285.0	1.207852e-16
6286.0	1.219335e-16
6287.0	1.205381e-16
6288.0	1.155082e-16
6289.0	1.175247e-16
6290.0	1.306949e-16
6291.0	1.468325e-16
6292.0	1.417314e-16
6293.0	1.365602e-16
6294.0	1.267791e-16
6295.0	1.088113e-16
6296.0	1.255444e-16
6297.0	1.428901e-16
6298.0	1.470801e-16
6299.0	1.272514e-16
6300.0	1.256297e-16
6301.0	1.38148e-16
6302.0	1.387012e-16
6303.0	1.325396e-16
6304.0	1.520503e-16
6305.0	1.509896e-16
6306.0	1.379252e-16
6307.0	1.365887e-16
6308.0	1.331285e-16
6309.0	1.320037e-16
6310.0	1.457019e-16
6311.0	1.331986e-16
6312.0	1.245188e-16
6313.0	1.214692e-16
6314.0	1.265029e-16
6315.0	1.28727e-16
6316.0	1.322291e-16
6317.0	1.400547e-16
6318.0	1.376639e-16
6319.0	1.255912e-16
6320.0	1.221582e-16
6321.0	1.190187e-16
6322.0	1.205249e-16
6323.0	1.307794e-16
6324.0	1.231392e-16
6325.0	1.246354e-16
6326.0	1.316425e-16
6327.0	1.246856e-16
6328.0	1.202328e-16
6329.0	1.165153e-16
6330.0	1.104684e-16
6331.0	1.049116e-16
6332.0	1.213989e-16
6333.0	1.139734e-16
6334.0	1.101931e-16
6335.0	1.365266e-16
6336.0	1.466813e-16
6337.0	1.282089e-16
6338.0	1.097594e-16
6339.0	1.036041e-16
6340.0	1.159089e-16
6341.0	1.173611e-16
6342.0	1.132711e-16
6343.0	1.185787e-16
6344.0	1.184637e-16
6345.0	1.187629e-16
6346.0	1.275914e-16
6347.0	1.285616e-16
6348.0	1.324578e-16
6349.0	1.170064e-16
6350.0	1.139964e-16
6351.0	1.075447e-16
6352.0	1.060961e-16
6353.0	1.271428e-16
6354.0	1.216572e-16
6355.0	1.11542e-16
6356.0	1.127804e-16
6357.0	1.052249e-16
6358.0	1.09153e-16
6359.0	1.042783e-16
6360.0	1.136789e-16
6361.0	1.218942e-16
6362.0	1.284083e-16
6363.0	1.280479e-16
6364.0	1.047569e-16
6365.0	9.063174e-17
6366.0	1.065647e-16
6367.0	1.138002e-16
6368.0	1.09304e-16
6369.0	1.106183e-16
6370.0	1.10815e-16
6371.0	1.06114e-16
6372.0	1.056054e-16
6373.0	1.174448e-16
6374.0	1.077782e-16
6375.0	1.060079e-16
6376.0	1.02463e-16
6377.0	1.010249e-16
6378.0	1.109897e-16
6379.0	1.296271e-16
6380.0	1.272551e-16
6381.0	1.28074e-16
6382.0	1.199409e-16
6383.0	1.077741e-16
6384.0	1.151463e-16
6385.0	1.043408e-16
6386.0	1.045848e-16
6387.0	1.212865e-16
6388.0	1.184266e-16
6389.0	1.121787e-16
6390.0	1.164159e-16
6391.0	1.100721e-16
6392.0	1.016242e-16
6393.0	1.144565e-16
6394.0	1.124841e-16
6395.0	1.194042e-16
6396.0	1.230437e-16
6397.0	1.185931e-16
6398.0	9.74521e-17
6399.0	9.610607e-17
6400.0	1.092809e-16
6401.0	1.203976e-16
6402.0	1.239914e-16
6403.0	1.286164e-16
6404.0	1.24826e-16
6405.0	1.185829e-16
6406.0	1.133361e-16
6407.0	1.106145e-16
6408.0	1.045567e-16
6409.0	9.627996e-17
6410.0	1.087241e-16
6411.0	1.143898e-16
6412.0	1.014453e-16
6413.0	1.027363e-16
6414.0	1.041149e-16
6415.0	1.002549e-16
6416.0	9.945992e-17
6417.0	1.090998e-16
6418.0	1.082655e-16
6419.0	8.801824e-17
6420.0	8.112561e-17
6421.0	9.813961e-17
6422.0	9.872866e-17
6423.0	1.090154e-16
6424.0	1.193926e-16
6425.0	1.1468e-16
6426.0	9.152892e-17
6427.0	8.271807e-17
6428.0	1.042769e-16
6429.0	1.056222e-16
6430.0	9.38297e-17
6431.0	9.848347e-17
6432.0	9.888602e-17
6433.0	9.566575e-17
6434.0	8.047176e-17
6435.0	7.438631e-17
6436.0	7.449235e-17
6437.0	8.220158e-17
6438.0	7.958538e-17
6439.0	8.010542e-17
6440.0	8.160067e-17
6441.0	8.764478e-17
6442.0	7.519309e-17
6443.0	6.947401e-17
6444.0	7.592788e-17
6445.0	7.642516e-17
6446.0	9.12845e-17
6447.0	8.803826e-17
6448.0	6.175453e-17
6449.0	6.522812e-17
6450.0	7.146156e-17
6451.0	7.911176e-17
6452.0	9.115256e-17
6453.0	8.499815e-17
6454.0	7.847003e-17
6455.0	8.631999e-17
6456.0	8.341639e-17
6457.0	8.612339e-17
6458.0	9.192256e-17
6459.0	7.313253e-17
6460.0	7.395071e-17
6461.0	7.946903e-17
6462.0	8.216497e-17
6463.0	8.84382e-17
6464.0	8.3025e-17
6465.0	7.521415e-17
6466.0	6.503899e-17
6467.0	8.235006e-17
6468.0	8.347743e-17
6469.0	6.718593e-17
6470.0	7.883793e-17
6471.0	6.80832e-17
6472.0	6.056233e-17
6473.0	6.641242e-17
6474.0	7.303497e-17
6475.0	8.683747e-17
6476.0	8.427545e-17
6477.0	8.046878e-17
6478.0	6.162591e-17
6479.0	7.03016e-17
6480.0	8.717496e-17
6481.0	8.54763e-17
6482.0	9.104256e-17
6483.0	9.150804e-17
6484.0	8.122806e-17
6485.0	7.484043e-17
6486.0	8.785727e-17
6487.0	9.024479e-17
6488.0	1.040952e-16
6489.0	1.056827e-16
6490.0	8.1782e-17
6491.0	7.382582e-17
6492.0	9.138897e-17
6493.0	1.014097e-16
6494.0	8.945381e-17
6495.0	8.828339e-17
6496.0	9.255214e-17
6497.0	9.060175e-17
6498.0	9.216575e-17
6499.0	9.497202e-17
6500.0	8.777618e-17
6501.0	8.113695e-17
6502.0	8.919775e-17
6503.0	9.551839e-17
6504.0	1.073204e-16
6505.0	1.110137e-16
6506.0	1.149197e-16
6507.0	1.047873e-16
6508.0	8.992016e-17
6509.0	7.852671e-17
6510.0	9.131681e-17
6511.0	9.918531e-17
6512.0	1.026723e-16
6513.0	1.168999e-16
6514.0	1.096159e-16
6515.0	1.035589e-16
6516.0	1.114553e-16
6517.0	1.138215e-16
6518.0	1.107439e-16
6519.0	1.13038e-16
6520.0	1.086593e-16
6521.0	9.999066e-17
6522.0	9.769025e-17
6523.0	1.013477e-16
6524.0	9.297239e-17
6525.0	1.060658e-16
6526.0	1.058372e-16
6527.0	1.029016e-16
6528.0	9.5826e-17
6529.0	1.10868e-16
6530.0	1.186136e-16
6531.0	1.203622e-16
6532.0	1.313636e-16
6533.0	1.195933e-16
6534.0	1.157239e-16
6535.0	9.743635e-17
6536.0	9.714328e-17
6537.0	1.045459e-16
6538.0	1.026458e-16
6539.0	1.162534e-16
6540.0	1.235974e-16
6541.0	1.110917e-16
6542.0	1.041551e-16
6543.0	1.117126e-16
6544.0	1.043457e-16
6545.0	8.80639e-17
6546.0	8.734423e-17
6547.0	1.017583e-16
6548.0	1.1009e-16
6549.0	1.097541e-16
6550.0	1.03109e-16
6551.0	1.058101e-16
6552.0	1.020682e-16
6553.0	9.047926e-17
6554.0	9.128903e-17
6555.0	9.417219e-17
6556.0	9.016791e-17
6557.0	1.03882e-16
6558.0	1.127182e-16
6559.0	9.534112e-17
6560.0	1.026987e-16
6561.0	1.062676e-16
6562.0	9.918859e-17
6563.0	9.759692e-17
6564.0	1.075437e-16
6565.0	1.074576e-16
6566.0	1.057939e-16
6567.0	1.030399e-16
6568.0	9.257335e-17
6569.0	1.033957e-16
6570.0	1.130182e-16
6571.0	9.391578e-17
6572.0	9.337966e-17
6573.0	1.127851e-16
6574.0	1.082807e-16
6575.0	1.017416e-16
6576.0	1.119727e-16
6577.0	1.017871e-16
6578.0	9.081416e-17
6579.0	1.015076e-16
6580.0	1.130883e-16
6581.0	1.090957e-16
6582.0	1.137944e-16
6583.0	9.844319e-17
6584.0	1.065295e-16
6585.0	9.384789e-17
6586.0	9.904557e-17
6587.0	1.05173e-16
6588.0	9.60667e-17
6589.0	9.697096e-17
6590.0	1.096539e-16
6591.0	1.139393e-16
6592.0	1.108613e-16
6593.0	9.920531e-17
6594.0	1.097186e-16
6595.0	1.065786e-16
6596.0	1.059944e-16
6597.0	1.223565e-16
6598.0	1.254622e-16
6599.0	1.103752e-16
6600.0	1.07963e-16
6601.0	1.017056e-16
6602.0	1.120324e-16
6603.0	1.070579e-16
6604.0	1.258135e-16
6605.0	1.244957e-16
6606.0	1.104465e-16
6607.0	1.015939e-16
6608.0	1.063862e-16
6609.0	9.652207e-17
6610.0	1.08842e-16
6611.0	1.110523e-16
6612.0	1.103984e-16
6613.0	1.159147e-16
6614.0	1.3551e-16
6615.0	1.315876e-16
6616.0	1.040517e-16
6617.0	9.757829e-17
6618.0	1.030771e-16
6619.0	1.263963e-16
6620.0	1.238699e-16
6621.0	1.256055e-16
6622.0	1.169751e-16
6623.0	1.178998e-16
6624.0	1.23975e-16
6625.0	1.125055e-16
6626.0	1.05951e-16
6627.0	1.088551e-16
6628.0	1.212307e-16
6629.0	1.329651e-16
6630.0	1.243285e-16
6631.0	1.110003e-16
6632.0	1.119094e-16
6633.0	1.036411e-16
6634.0	1.192988e-16
6635.0	1.236925e-16
6636.0	1.331032e-16
6637.0	1.381129e-16
6638.0	1.422518e-16
6639.0	1.345689e-16
6640.0	1.250792e-16
6641.0	1.301607e-16
6642.0	1.483681e-16
6643.0	1.194325e-16
6644.0	1.153672e-16
6645.0	1.182041e-16
6646.0	1.233909e-16
6647.0	1.278038e-16
6648.0	1.260332e-16
6649.0	1.254343e-16
6650.0	1.347721e-16
6651.0	1.351078e-16
6652.0	1.359497e-16
6653.0	1.359743e-16
6654.0	1.320464e-16
6655.0	1.341689e-16
6656.0	1.231349e-16
6657.0	1.326093e-16
6658.0	1.375432e-16
6659.0	1.361724e-16
6660.0	1.443544e-16
6661.0	1.314145e-16
6662.0	1.245309e-16
6663.0	1.14807e-16
6664.0	1.249252e-16
6665.0	1.339566e-16
6666.0	1.379683e-16
6667.0	1.332486e-16
6668.0	1.474446e-16
6669.0	1.433374e-16
6670.0	1.193908e-16
6671.0	1.410594e-16
6672.0	1.469535e-16
6673.0	1.454569e-16
6674.0	1.531453e-16
6675.0	1.584312e-16
6676.0	1.342956e-16
6677.0	1.403874e-16
6678.0	1.393196e-16
6679.0	1.385318e-16
6680.0	1.412095e-16
6681.0	1.373808e-16
6682.0	1.349039e-16
6683.0	1.334762e-16
6684.0	1.5886e-16
6685.0	1.57235e-16
6686.0	1.564692e-16
6687.0	1.530114e-16
6688.0	1.332785e-16
6689.0	1.304838e-16
6690.0	1.419187e-16
6691.0	1.543928e-16
6692.0	1.509498e-16
6693.0	1.382054e-16
6694.0	1.56688e-16
6695.0	1.432911e-16
6696.0	1.531352e-16
6697.0	1.557472e-16
6698.0	1.358595e-16
6699.0	1.40471e-16
6700.0	1.435021e-16
6701.0	1.511107e-16
6702.0	1.498185e-16
6703.0	1.681134e-16
6704.0	1.555821e-16
6705.0	1.421993e-16
6706.0	1.560726e-16
6707.0	1.663866e-16
6708.0	1.619851e-16
6709.0	1.666243e-16
6710.0	1.705801e-16
6711.0	1.682117e-16
6712.0	1.633675e-16
6713.0	1.506786e-16
6714.0	1.521063e-16
6715.0	1.442013e-16
6716.0	1.374434e-16
6717.0	1.483933e-16
6718.0	1.56662e-16
6719.0	1.515882e-16
6720.0	1.548434e-16
6721.0	1.367136e-16
6722.0	1.348658e-16
6723.0	1.443827e-16
6724.0	1.49595e-16
6725.0	1.602589e-16
6726.0	1.51944e-16
6727.0	1.715277e-16
6728.0	1.57485e-16
6729.0	1.347396e-16
6730.0	1.440207e-16
6731.0	1.642771e-16
6732.0	1.497219e-16
6733.0	1.500272e-16
6734.0	1.620476e-16
6735.0	1.553321e-16
6736.0	1.512136e-16
6737.0	1.611563e-16
6738.0	1.615071e-16
6739.0	1.473685e-16
6740.0	1.450871e-16
6741.0	1.501777e-16
6742.0	1.483699e-16
6743.0	1.32888e-16
6744.0	1.537495e-16
6745.0	1.506857e-16
6746.0	1.427364e-16
6747.0	1.501844e-16
6748.0	1.419132e-16
6749.0	1.326974e-16
6750.0	1.4334e-16
6751.0	1.455857e-16
6752.0	1.45919e-16
6753.0	1.698312e-16
6754.0	1.515559e-16
6755.0	1.602571e-16
6756.0	1.515363e-16
6757.0	1.494229e-16
6758.0	1.635135e-16
6759.0	1.57186e-16
6760.0	1.451578e-16
6761.0	1.353745e-16
6762.0	1.443533e-16
6763.0	1.359365e-16
6764.0	1.498678e-16
6765.0	1.67718e-16
6766.0	1.496103e-16
6767.0	1.385208e-16
6768.0	1.455049e-16
6769.0	1.397647e-16
6770.0	1.404874e-16
6771.0	1.436108e-16
6772.0	1.482004e-16
6773.0	1.565622e-16
6774.0	1.566278e-16
6775.0	1.568802e-16
6776.0	1.585321e-16
6777.0	1.511657e-16
6778.0	1.632011e-16
6779.0	1.526833e-16
6780.0	1.687489e-16
6781.0	1.754662e-16
6782.0	1.606772e-16
6783.0	1.498788e-16
6784.0	1.434282e-16
6785.0	1.5068e-16
6786.0	1.558474e-16
6787.0	1.695993e-16
6788.0	1.649861e-16
6789.0	1.668639e-16
6790.0	1.6061e-16
6791.0	1.798695e-16
6792.0	1.761944e-16
6793.0	1.524931e-16
6794.0	1.568486e-16
6795.0	1.593563e-16
6796.0	1.540439e-16
6797.0	1.603432e-16
6798.0	1.521606e-16
6799.0	1.463536e-16
6800.0	1.453709e-16
6801.0	1.347567e-16
6802.0	1.478737e-16
6803.0	1.621007e-16
6804.0	1.525825e-16
6805.0	1.572557e-16
6806.0	1.56208e-16
6807.0	1.68533e-16
6808.0	1.846865e-16
6809.0	1.659716e-16
6810.0	1.502038e-16
6811.0	1.307872e-16
6812.0	1.536421e-16
6813.0	1.701572e-16
6814.0	1.721265e-16
6815.0	1.568027e-16
6816.0	1.607786e-16
6817.0	1.687273e-16
6818.0	1.440708e-16
6819.0	1.594675e-16
6820.0	1.665092e-16
6821.0	1.491463e-16
6822.0	1.427956e-16
6823.0	1.491131e-16
6824.0	1.570156e-16
6825.0	1.611782e-16
6826.0	1.653537e-16
6827.0	1.720434e-16
6828.0	1.421095e-16
6829.0	1.312417e-16
6830.0	1.637643e-16
6831.0	1.579539e-16
6832.0	1.643736e-16
6833.0	1.711052e-16
6834.0	1.554056e-16
6835.0	1.509814e-16
6836.0	1.440936e-16
6837.0	1.40573e-16
6838.0	1.48756e-16
6839.0	1.558144e-16
6840.0	1.540696e-16
6841.0	1.474723e-16
6842.0	1.395728e-16
6843.0	1.433821e-16
6844.0	1.562816e-16
6845.0	1.535881e-16
6846.0	1.429266e-16
6847.0	1.492948e-16
6848.0	1.704487e-16
6849.0	1.664619e-16
6850.0	1.588519e-16
6851.0	1.560035e-16
6852.0	1.506412e-16
6853.0	1.476453e-16
6854.0	1.702693e-16
6855.0	1.657917e-16
6856.0	1.499123e-16
6857.0	1.458829e-16
6858.0	1.515129e-16
6859.0	1.610747e-16
6860.0	1.6608e-16
6861.0	1.554678e-16
6862.0	1.559985e-16
6863.0	1.535999e-16
6864.0	1.448913e-16
6865.0	1.429748e-16
6866.0	1.503962e-16
6867.0	1.749704e-16
6868.0	1.627689e-16
6869.0	1.385814e-16
6870.0	1.503418e-16
6871.0	1.544437e-16
6872.0	1.438735e-16
6873.0	1.562143e-16
6874.0	1.68368e-16
6875.0	1.430518e-16
6876.0	1.409421e-16
6877.0	1.429439e-16
6878.0	1.504295e-16
6879.0	1.717774e-16
6880.0	1.707688e-16
6881.0	1.728255e-16
6882.0	1.501343e-16
6883.0	1.218402e-16
6884.0	1.430798e-16
6885.0	1.48793e-16
6886.0	1.697442e-16
6887.0	1.781857e-16
6888.0	1.38194e-16
6889.0	1.485368e-16
6890.0	1.497342e-16
6891.0	1.545805e-16
6892.0	1.583679e-16
6893.0	1.470268e-16
6894.0	1.205459e-16
6895.0	1.411488e-16
6896.0	1.453453e-16
6897.0	1.204546e-16
6898.0	1.372725e-16
6899.0	1.334085e-16
6900.0	1.393349e-16
6901.0	1.595373e-16
6902.0	1.768324e-16
6903.0	1.446431e-16
6904.0	1.321497e-16
6905.0	1.476597e-16
6906.0	1.372085e-16
6907.0	1.342358e-16
6908.0	1.497072e-16
6909.0	1.261425e-16
6910.0	1.47682e-16
6911.0	1.482987e-16
6912.0	1.48034e-16
6913.0	1.432162e-16
6914.0	1.439318e-16
6915.0	1.384497e-16
6916.0	1.451784e-16
6917.0	1.452651e-16
6918.0	1.376221e-16
6919.0	1.275985e-16
6920.0	1.286848e-16
6921.0	1.290063e-16
6922.0	1.090886e-16
6923.0	1.235478e-16
6924.0	1.278532e-16
6925.0	1.210133e-16
6926.0	1.373964e-16
6927.0	1.275111e-16
6928.0	1.459135e-16
6929.0	1.21683e-16
6930.0	1.413033e-16
6931.0	1.478777e-16
6932.0	1.587514e-16
6933.0	1.470284e-16
6934.0	1.271825e-16
6935.0	1.290645e-16
6936.0	1.33166e-16
6937.0	1.425111e-16
6938.0	1.366678e-16
6939.0	1.445221e-16
6940.0	1.415057e-16
6941.0	1.49039e-16
6942.0	1.510693e-16
6943.0	1.452545e-16
6944.0	1.180838e-16
6945.0	1.220021e-16
6946.0	1.309055e-16
6947.0	1.18623e-16
6948.0	1.123271e-16
6949.0	1.174047e-16
6950.0	1.15813e-16
6951.0	1.378412e-16
6952.0	1.329289e-16
6953.0	1.186845e-16
6954.0	1.135314e-16
6955.0	1.265671e-16
6956.0	1.313785e-16
6957.0	1.284446e-16
6958.0	1.151987e-16
6959.0	1.102898e-16
6960.0	1.408213e-16
6961.0	1.286457e-16
6962.0	1.100163e-16
6963.0	1.197465e-16
6964.0	1.266532e-16
6965.0	1.343871e-16
6966.0	1.212674e-16
6967.0	1.238743e-16
6968.0	1.16111e-16
6969.0	1.032189e-16
6970.0	1.106678e-16
6971.0	1.310653e-16
6972.0	1.106339e-16
6973.0	1.158316e-16
6974.0	1.016696e-16
6975.0	1.187579e-16
6976.0	1.31778e-16
6977.0	1.170624e-16
6978.0	1.13182e-16
6979.0	1.149857e-16
6980.0	9.018632e-17
6981.0	1.016898e-16
6982.0	9.377013e-17
6983.0	1.075968e-16
6984.0	1.085487e-16
6985.0	1.022775e-16
6986.0	1.071501e-16
6987.0	1.072326e-16
6988.0	1.116022e-16
6989.0	1.084516e-16
6990.0	1.086124e-16
6991.0	1.136614e-16
6992.0	1.056365e-16
6993.0	1.111976e-16
6994.0	1.006879e-16
6995.0	1.058537e-16
6996.0	1.234011e-16
6997.0	1.084054e-16
6998.0	1.063722e-16
6999.0	8.936128e-17
7000.0	9.42862e-17
7001.0	9.693507e-17
7002.0	1.009016e-16
7003.0	1.13606e-16
7004.0	1.051697e-16
7005.0	1.065172e-16
7006.0	9.417624e-17
7007.0	8.640578e-17
7008.0	9.065918e-17
7009.0	9.641464e-17
7010.0	9.385664e-17
7011.0	9.318326e-17
7012.0	8.617973e-17
7013.0	8.991069e-17
7014.0	8.049651e-17
7015.0	9.234076e-17
7016.0	9.135354e-17
7017.0	8.630362e-17
7018.0	9.505644e-17
7019.0	9.635998e-17
7020.0	1.020024e-16
7021.0	1.095661e-16
7022.0	8.339753e-17
7023.0	7.726005e-17
7024.0	7.718434e-17
7025.0	9.119478e-17
7026.0	1.05162e-16
7027.0	9.168659e-17
7028.0	7.822246e-17
7029.0	7.739865e-17
7030.0	8.608801e-17
7031.0	9.467316e-17
7032.0	9.256712e-17
7033.0	9.204497e-17
7034.0	1.042118e-16
7035.0	9.932662e-17
7036.0	7.218973e-17
7037.0	7.779693e-17
7038.0	8.003704e-17
7039.0	7.156964e-17
7040.0	8.627532e-17
7041.0	6.913533e-17
7042.0	5.711028e-17
7043.0	7.973107e-17
7044.0	9.547389e-17
7045.0	9.589977e-17
7046.0	7.436211e-17
7047.0	7.521003e-17
7048.0	6.832675e-17
7049.0	8.623128e-17
7050.0	9.615482e-17
7051.0	8.620107e-17
7052.0	9.213565e-17
7053.0	8.603173e-17
7054.0	9.350829e-17
7055.0	9.026306e-17
7056.0	7.601927e-17
7057.0	8.199096e-17
7058.0	8.786197e-17
7059.0	9.886725e-17
7060.0	9.517725e-17
7061.0	7.648915e-17
7062.0	6.071148e-17
7063.0	7.972298e-17
7064.0	1.006404e-16
