#	 psnj2043 
#	 UT date of observation: 20150724 
#	 Telescope/Instrument: SOAR/Goodman 
#	 Estimated Peak MJD: 57226.031 
#	 Estimated redshift: 0.015 
#	 Estimated Phase: 1.0 
#	 Published in Dettman et al. 2020 
#	 Observed barycentric wavelength (Angstroms)    F_lambda
3500.0	6.816228e-16
3502.0	6.825165e-16
3504.0	7.008182e-16
3506.0	6.929125e-16
3508.0	6.8215e-16
3510.0	6.663759e-16
3512.0	6.962552e-16
3514.0	7.339474e-16
3516.0	7.508878e-16
3518.0	7.413279e-16
3520.0	7.464303e-16
3522.0	7.897931e-16
3524.0	7.946169e-16
3526.0	7.728323e-16
3528.0	7.445152e-16
3530.0	7.390227e-16
3532.0	7.680916e-16
3534.0	7.735961e-16
3536.0	7.757366e-16
3538.0	7.723482e-16
3540.0	8.403388e-16
3542.0	8.780803e-16
3544.0	8.266499e-16
3546.0	7.870616e-16
3548.0	8.164911e-16
3550.0	8.421484e-16
3552.0	8.317432e-16
3554.0	8.570088e-16
3556.0	9.093044e-16
3558.0	8.94196e-16
3560.0	8.978614e-16
3562.0	8.993487e-16
3564.0	9.422418e-16
3566.0	9.793969e-16
3568.0	9.343978e-16
3570.0	9.146421e-16
3572.0	9.603015e-16
3574.0	1.000886e-15
3576.0	9.924155e-16
3578.0	9.740353e-16
3580.0	9.442945e-16
3582.0	9.380611e-16
3584.0	9.594489e-16
3586.0	9.600909e-16
3588.0	9.620489e-16
3590.0	9.880383e-16
3592.0	1.018598e-15
3594.0	1.024533e-15
3596.0	1.006081e-15
3598.0	1.001847e-15
3600.0	1.01245e-15
3602.0	1.053151e-15
3604.0	1.053435e-15
3606.0	1.019804e-15
3608.0	1.01168e-15
3610.0	1.028042e-15
3612.0	1.047579e-15
3614.0	1.041767e-15
3616.0	1.01682e-15
3618.0	9.996723e-16
3620.0	1.022482e-15
3622.0	9.787487e-16
3624.0	9.986406e-16
3626.0	1.025801e-15
3628.0	1.001951e-15
3630.0	1.026653e-15
3632.0	1.01488e-15
3634.0	1.006096e-15
3636.0	9.904297e-16
3638.0	9.939329e-16
3640.0	9.481978e-16
3642.0	9.471948e-16
3644.0	9.577301e-16
3646.0	9.915765e-16
3648.0	9.608771e-16
3650.0	9.199081e-16
3652.0	9.173639e-16
3654.0	9.426206e-16
3656.0	9.523277e-16
3658.0	9.255822e-16
3660.0	9.553498e-16
3662.0	9.782946e-16
3664.0	9.791558e-16
3666.0	1.008125e-15
3668.0	9.840091e-16
3670.0	9.658144e-16
3672.0	9.840086e-16
3674.0	9.824227e-16
3676.0	9.922799e-16
3678.0	1.072005e-15
3680.0	1.071425e-15
3682.0	1.062491e-15
3684.0	1.064058e-15
3686.0	1.083674e-15
3688.0	1.154249e-15
3690.0	1.179365e-15
3692.0	1.194721e-15
3694.0	1.227883e-15
3696.0	1.23715e-15
3698.0	1.232772e-15
3700.0	1.241726e-15
3702.0	1.276788e-15
3704.0	1.297154e-15
3706.0	1.317888e-15
3708.0	1.307229e-15
3710.0	1.270431e-15
3712.0	1.250675e-15
3714.0	1.200227e-15
3716.0	1.177195e-15
3718.0	1.15091e-15
3720.0	1.162946e-15
3722.0	1.161863e-15
3724.0	1.139852e-15
3726.0	1.16883e-15
3728.0	1.202964e-15
3730.0	1.192183e-15
3732.0	1.187844e-15
3734.0	1.164821e-15
3736.0	1.14354e-15
3738.0	1.138519e-15
3740.0	1.119039e-15
3742.0	1.120479e-15
3744.0	1.118993e-15
3746.0	1.09171e-15
3748.0	1.058663e-15
3750.0	1.035434e-15
3752.0	1.040653e-15
3754.0	1.043483e-15
3756.0	1.021495e-15
3758.0	9.816358e-16
3760.0	9.994182e-16
3762.0	1.020632e-15
3764.0	1.035597e-15
3766.0	1.038447e-15
3768.0	1.049691e-15
3770.0	1.008278e-15
3772.0	9.876103e-16
3774.0	9.955296e-16
3776.0	9.909158e-16
3778.0	9.918052e-16
3780.0	9.731682e-16
3782.0	9.6457e-16
3784.0	9.646547e-16
3786.0	9.509151e-16
3788.0	9.498727e-16
3790.0	9.474445e-16
3792.0	9.279291e-16
3794.0	9.324239e-16
3796.0	9.126058e-16
3798.0	9.035382e-16
3800.0	8.975916e-16
3802.0	8.876733e-16
3804.0	8.950898e-16
3806.0	8.963384e-16
3808.0	8.84878e-16
3810.0	8.608136e-16
3812.0	8.752478e-16
3814.0	8.612375e-16
3816.0	8.499897e-16
3818.0	8.380545e-16
3820.0	8.191384e-16
3822.0	8.161872e-16
3824.0	8.063132e-16
3826.0	7.887064e-16
3828.0	7.957342e-16
3830.0	8.064998e-16
3832.0	8.050792e-16
3834.0	8.080469e-16
3836.0	7.931058e-16
3838.0	7.941657e-16
3840.0	7.940975e-16
3842.0	7.890448e-16
3844.0	7.770448e-16
3846.0	7.997856e-16
3848.0	8.220692e-16
3850.0	8.286641e-16
3852.0	8.422833e-16
3854.0	8.547466e-16
3856.0	8.511043e-16
3858.0	8.628158e-16
3860.0	8.878996e-16
3862.0	9.054698e-16
3864.0	9.229715e-16
3866.0	9.334397e-16
3868.0	9.518429e-16
3870.0	9.830031e-16
3872.0	1.004854e-15
3874.0	1.001417e-15
3876.0	1.031736e-15
3878.0	1.073915e-15
3880.0	1.116932e-15
3882.0	1.133542e-15
3884.0	1.13722e-15
3886.0	1.146548e-15
3888.0	1.200672e-15
3890.0	1.246134e-15
3892.0	1.236408e-15
3894.0	1.250564e-15
3896.0	1.294648e-15
3898.0	1.318531e-15
3900.0	1.340144e-15
3902.0	1.37976e-15
3904.0	1.405203e-15
3906.0	1.423096e-15
3908.0	1.467493e-15
3910.0	1.508447e-15
3912.0	1.534192e-15
3914.0	1.573579e-15
3916.0	1.597531e-15
3918.0	1.630812e-15
3920.0	1.669263e-15
3922.0	1.655534e-15
3924.0	1.662678e-15
3926.0	1.671197e-15
3928.0	1.682927e-15
3930.0	1.785844e-15
3932.0	1.849385e-15
3934.0	1.8891e-15
3936.0	1.918517e-15
3938.0	1.935558e-15
3940.0	1.964546e-15
3942.0	1.989429e-15
3944.0	1.998443e-15
3946.0	2.020372e-15
3948.0	2.047062e-15
3950.0	2.066207e-15
3952.0	2.06868e-15
3954.0	2.073773e-15
3956.0	2.07638e-15
3958.0	2.055787e-15
3960.0	2.052981e-15
3962.0	2.059768e-15
3964.0	2.076219e-15
3966.0	2.138083e-15
3968.0	2.188795e-15
3970.0	2.170328e-15
3972.0	2.172286e-15
3974.0	2.197491e-15
3976.0	2.211944e-15
3978.0	2.237272e-15
3980.0	2.251498e-15
3982.0	2.232781e-15
3984.0	2.17821e-15
3986.0	2.108839e-15
3988.0	2.095915e-15
3990.0	2.120314e-15
3992.0	2.145158e-15
3994.0	2.143936e-15
3996.0	2.106124e-15
3998.0	2.074743e-15
4000.0	2.043102e-15
4002.0	2.004716e-15
4004.0	1.954322e-15
4006.0	1.907868e-15
4008.0	1.887833e-15
4010.0	1.874217e-15
4012.0	1.846324e-15
4014.0	1.812662e-15
4016.0	1.779029e-15
4018.0	1.751552e-15
4020.0	1.728288e-15
4022.0	1.667097e-15
4024.0	1.624894e-15
4026.0	1.607981e-15
4028.0	1.627781e-15
4030.0	1.614273e-15
4032.0	1.618642e-15
4034.0	1.587376e-15
4036.0	1.560325e-15
4038.0	1.562106e-15
4040.0	1.563566e-15
4042.0	1.554758e-15
4044.0	1.536003e-15
4046.0	1.497249e-15
4048.0	1.486086e-15
4050.0	1.499865e-15
4052.0	1.50698e-15
4054.0	1.493211e-15
4056.0	1.486059e-15
4058.0	1.492084e-15
4060.0	1.486558e-15
4062.0	1.479426e-15
4064.0	1.456784e-15
4066.0	1.476535e-15
4068.0	1.505881e-15
4070.0	1.489625e-15
4072.0	1.486596e-15
4074.0	1.509422e-15
4076.0	1.495548e-15
4078.0	1.506841e-15
4080.0	1.517821e-15
4082.0	1.533309e-15
4084.0	1.548454e-15
4086.0	1.545404e-15
4088.0	1.547124e-15
4090.0	1.551932e-15
4092.0	1.574331e-15
4094.0	1.60728e-15
4096.0	1.614618e-15
4098.0	1.636175e-15
4100.0	1.664305e-15
4102.0	1.664806e-15
4104.0	1.637302e-15
4106.0	1.656816e-15
4108.0	1.679459e-15
4110.0	1.684604e-15
4112.0	1.684915e-15
4114.0	1.693581e-15
4116.0	1.679435e-15
4118.0	1.675982e-15
4120.0	1.686409e-15
4122.0	1.690262e-15
4124.0	1.720437e-15
4126.0	1.735456e-15
4128.0	1.743071e-15
4130.0	1.766653e-15
4132.0	1.766726e-15
4134.0	1.753236e-15
4136.0	1.774207e-15
4138.0	1.796494e-15
4140.0	1.796027e-15
4142.0	1.806041e-15
4144.0	1.814231e-15
4146.0	1.827739e-15
4148.0	1.837057e-15
4150.0	1.828016e-15
4152.0	1.824741e-15
4154.0	1.815789e-15
4156.0	1.812857e-15
4158.0	1.80399e-15
4160.0	1.78514e-15
4162.0	1.785413e-15
4164.0	1.775213e-15
4166.0	1.787856e-15
4168.0	1.778809e-15
4170.0	1.791299e-15
4172.0	1.76829e-15
4174.0	1.775681e-15
4176.0	1.777745e-15
4178.0	1.793712e-15
4180.0	1.796139e-15
4182.0	1.786692e-15
4184.0	1.802441e-15
4186.0	1.797529e-15
4188.0	1.799506e-15
4190.0	1.81279e-15
4192.0	1.817116e-15
4194.0	1.833093e-15
4196.0	1.846956e-15
4198.0	1.847608e-15
4200.0	1.854358e-15
4202.0	1.852365e-15
4204.0	1.86832e-15
4206.0	1.894708e-15
4208.0	1.894389e-15
4210.0	1.895419e-15
4212.0	1.890834e-15
4214.0	1.90497e-15
4216.0	1.929098e-15
4218.0	1.890077e-15
4220.0	1.867424e-15
4222.0	1.871191e-15
4224.0	1.879302e-15
4226.0	1.874531e-15
4228.0	1.853385e-15
4230.0	1.835524e-15
4232.0	1.819136e-15
4234.0	1.792262e-15
4236.0	1.763633e-15
4238.0	1.763816e-15
4240.0	1.775938e-15
4242.0	1.811419e-15
4244.0	1.81991e-15
4246.0	1.826975e-15
4248.0	1.834087e-15
4250.0	1.83265e-15
4252.0	1.818163e-15
4254.0	1.808868e-15
4256.0	1.8187e-15
4258.0	1.827861e-15
4260.0	1.840719e-15
4262.0	1.852042e-15
4264.0	1.841308e-15
4266.0	1.837755e-15
4268.0	1.834353e-15
4270.0	1.832568e-15
4272.0	1.853985e-15
4274.0	1.83531e-15
4276.0	1.813735e-15
4278.0	1.825749e-15
4280.0	1.833745e-15
4282.0	1.825748e-15
4284.0	1.81764e-15
4286.0	1.815308e-15
4288.0	1.814748e-15
4290.0	1.802552e-15
4292.0	1.804335e-15
4294.0	1.806676e-15
4296.0	1.790588e-15
4298.0	1.748692e-15
4300.0	1.747114e-15
4302.0	1.729158e-15
4304.0	1.705126e-15
4306.0	1.706933e-15
4308.0	1.694376e-15
4310.0	1.672148e-15
4312.0	1.641808e-15
4314.0	1.620607e-15
4316.0	1.614193e-15
4318.0	1.626565e-15
4320.0	1.608335e-15
4322.0	1.572578e-15
4324.0	1.549541e-15
4326.0	1.505865e-15
4328.0	1.485638e-15
4330.0	1.467396e-15
4332.0	1.45993e-15
4334.0	1.442856e-15
4336.0	1.411362e-15
4338.0	1.386813e-15
4340.0	1.353222e-15
4342.0	1.326331e-15
4344.0	1.297787e-15
4346.0	1.270276e-15
4348.0	1.259961e-15
4350.0	1.254789e-15
4352.0	1.250006e-15
4354.0	1.226967e-15
4356.0	1.202969e-15
4358.0	1.198474e-15
4360.0	1.192665e-15
4362.0	1.202298e-15
4364.0	1.19954e-15
4366.0	1.184628e-15
4368.0	1.184637e-15
4370.0	1.181207e-15
4372.0	1.171014e-15
4374.0	1.166748e-15
4376.0	1.156077e-15
4378.0	1.144863e-15
4380.0	1.139174e-15
4382.0	1.128786e-15
4384.0	1.127506e-15
4386.0	1.127578e-15
4388.0	1.119145e-15
4390.0	1.108998e-15
4392.0	1.103344e-15
4394.0	1.110309e-15
4396.0	1.097498e-15
4398.0	1.082917e-15
4400.0	1.093012e-15
4402.0	1.121825e-15
4404.0	1.138088e-15
4406.0	1.134903e-15
4408.0	1.138386e-15
4410.0	1.150445e-15
4412.0	1.153022e-15
4414.0	1.173513e-15
4416.0	1.167185e-15
4418.0	1.154248e-15
4420.0	1.164742e-15
4422.0	1.162892e-15
4424.0	1.172594e-15
4426.0	1.183603e-15
4428.0	1.17516e-15
4430.0	1.188085e-15
4432.0	1.192468e-15
4434.0	1.199194e-15
4436.0	1.190565e-15
4438.0	1.190081e-15
4440.0	1.200347e-15
4442.0	1.195354e-15
4444.0	1.180211e-15
4446.0	1.181259e-15
4448.0	1.189972e-15
4450.0	1.172436e-15
4452.0	1.173638e-15
4454.0	1.200444e-15
4456.0	1.195575e-15
4458.0	1.204283e-15
4460.0	1.204786e-15
4462.0	1.208991e-15
4464.0	1.214349e-15
4466.0	1.238128e-15
4468.0	1.230714e-15
4470.0	1.220254e-15
4472.0	1.220728e-15
4474.0	1.244317e-15
4476.0	1.257714e-15
4478.0	1.252455e-15
4480.0	1.259515e-15
4482.0	1.274911e-15
4484.0	1.289488e-15
4486.0	1.293757e-15
4488.0	1.308625e-15
4490.0	1.334497e-15
4492.0	1.329874e-15
4494.0	1.350622e-15
4496.0	1.354311e-15
4498.0	1.360611e-15
4500.0	1.378486e-15
4502.0	1.393473e-15
4504.0	1.408197e-15
4506.0	1.402222e-15
4508.0	1.404276e-15
4510.0	1.437067e-15
4512.0	1.448591e-15
4514.0	1.455986e-15
4516.0	1.47684e-15
4518.0	1.499028e-15
4520.0	1.521819e-15
4522.0	1.533121e-15
4524.0	1.549535e-15
4526.0	1.558154e-15
4528.0	1.589228e-15
4530.0	1.605729e-15
4532.0	1.612683e-15
4534.0	1.620491e-15
4536.0	1.62691e-15
4538.0	1.63779e-15
4540.0	1.654776e-15
4542.0	1.668919e-15
4544.0	1.672767e-15
4546.0	1.68285e-15
4548.0	1.713122e-15
4550.0	1.734303e-15
4552.0	1.745702e-15
4554.0	1.784006e-15
4556.0	1.823485e-15
4558.0	1.84544e-15
4560.0	1.87492e-15
4562.0	1.895756e-15
4564.0	1.948733e-15
4566.0	1.983409e-15
4568.0	2.018174e-15
4570.0	2.022686e-15
4572.0	2.058128e-15
4574.0	2.091878e-15
4576.0	2.132218e-15
4578.0	2.13985e-15
4580.0	2.175862e-15
4582.0	2.191473e-15
4584.0	2.191714e-15
4586.0	2.231645e-15
4588.0	2.254731e-15
4590.0	2.264482e-15
4592.0	2.284585e-15
4594.0	2.3049e-15
4596.0	2.315014e-15
4598.0	2.323414e-15
4600.0	2.337262e-15
4602.0	2.334555e-15
4604.0	2.34065e-15
4606.0	2.351535e-15
4608.0	2.367894e-15
4610.0	2.391992e-15
4612.0	2.370508e-15
4614.0	2.365665e-15
4616.0	2.400866e-15
4618.0	2.421442e-15
4620.0	2.430861e-15
4622.0	2.452719e-15
4624.0	2.439831e-15
4626.0	2.429447e-15
4628.0	2.417365e-15
4630.0	2.412232e-15
4632.0	2.430139e-15
4634.0	2.442361e-15
4636.0	2.44876e-15
4638.0	2.446566e-15
4640.0	2.430957e-15
4642.0	2.416314e-15
4644.0	2.393935e-15
4646.0	2.396104e-15
4648.0	2.405854e-15
4650.0	2.408038e-15
4652.0	2.399007e-15
4654.0	2.366554e-15
4656.0	2.350527e-15
4658.0	2.353072e-15
4660.0	2.354842e-15
4662.0	2.360684e-15
4664.0	2.317181e-15
4666.0	2.288416e-15
4668.0	2.289821e-15
4670.0	2.279145e-15
4672.0	2.267355e-15
4674.0	2.26246e-15
4676.0	2.245843e-15
4678.0	2.219847e-15
4680.0	2.222133e-15
4682.0	2.225229e-15
4684.0	2.197929e-15
4686.0	2.175399e-15
4688.0	2.145958e-15
4690.0	2.131812e-15
4692.0	2.114845e-15
4694.0	2.08777e-15
4696.0	2.061963e-15
4698.0	2.043435e-15
4700.0	2.021236e-15
4702.0	2.016973e-15
4704.0	2.003976e-15
4706.0	1.966669e-15
4708.0	1.932695e-15
4710.0	1.908213e-15
4712.0	1.885659e-15
4714.0	1.864341e-15
4716.0	1.838333e-15
4718.0	1.815602e-15
4720.0	1.807551e-15
4722.0	1.78363e-15
4724.0	1.750322e-15
4726.0	1.734971e-15
4728.0	1.708097e-15
4730.0	1.679348e-15
4732.0	1.674196e-15
4734.0	1.672226e-15
4736.0	1.650259e-15
4738.0	1.628315e-15
4740.0	1.603567e-15
4742.0	1.575716e-15
4744.0	1.577289e-15
4746.0	1.547874e-15
4748.0	1.502162e-15
4750.0	1.491728e-15
4752.0	1.491638e-15
4754.0	1.496432e-15
4756.0	1.495177e-15
4758.0	1.475415e-15
4760.0	1.483091e-15
4762.0	1.473108e-15
4764.0	1.46701e-15
4766.0	1.450591e-15
4768.0	1.482766e-15
4770.0	1.463941e-15
4772.0	1.463811e-15
4774.0	1.467617e-15
4776.0	1.474658e-15
4778.0	1.479192e-15
4780.0	1.477841e-15
4782.0	1.473388e-15
4784.0	1.471976e-15
4786.0	1.458984e-15
4788.0	1.433842e-15
4790.0	1.410605e-15
4792.0	1.39898e-15
4794.0	1.393253e-15
4796.0	1.371557e-15
4798.0	1.35734e-15
4800.0	1.367605e-15
4802.0	1.361608e-15
4804.0	1.346463e-15
4806.0	1.35001e-15
4808.0	1.337287e-15
4810.0	1.319556e-15
4812.0	1.311043e-15
4814.0	1.339685e-15
4816.0	1.33252e-15
4818.0	1.320722e-15
4820.0	1.333433e-15
4822.0	1.33214e-15
4824.0	1.320263e-15
4826.0	1.31821e-15
4828.0	1.338173e-15
4830.0	1.351307e-15
4832.0	1.347383e-15
4834.0	1.347416e-15
4836.0	1.3348e-15
4838.0	1.327166e-15
4840.0	1.345716e-15
4842.0	1.347111e-15
4844.0	1.325565e-15
4846.0	1.319754e-15
4848.0	1.3185e-15
4850.0	1.307558e-15
4852.0	1.309145e-15
4854.0	1.315716e-15
4856.0	1.317488e-15
4858.0	1.309083e-15
4860.0	1.32964e-15
4862.0	1.345299e-15
4864.0	1.323908e-15
4866.0	1.326625e-15
4868.0	1.331833e-15
4870.0	1.343586e-15
4872.0	1.336151e-15
4874.0	1.326102e-15
4876.0	1.329004e-15
4878.0	1.323728e-15
4880.0	1.309495e-15
4882.0	1.297699e-15
4884.0	1.284655e-15
4886.0	1.27467e-15
4888.0	1.267028e-15
4890.0	1.246207e-15
4892.0	1.256426e-15
4894.0	1.256678e-15
4896.0	1.221069e-15
4898.0	1.196554e-15
4900.0	1.187296e-15
4902.0	1.191566e-15
4904.0	1.18063e-15
4906.0	1.161886e-15
4908.0	1.133972e-15
4910.0	1.137193e-15
4912.0	1.140593e-15
4914.0	1.126965e-15
4916.0	1.115224e-15
4918.0	1.090477e-15
4920.0	1.07472e-15
4922.0	1.069974e-15
4924.0	1.058954e-15
4926.0	1.042675e-15
4928.0	1.029235e-15
4930.0	1.016892e-15
4932.0	1.013576e-15
4934.0	1.00744e-15
4936.0	1.001315e-15
4938.0	9.888874e-16
4940.0	9.732223e-16
4942.0	9.717282e-16
4944.0	9.695728e-16
4946.0	9.803306e-16
4948.0	9.830959e-16
4950.0	9.766393e-16
4952.0	9.734003e-16
4954.0	9.72682e-16
4956.0	9.753297e-16
4958.0	9.884956e-16
4960.0	9.979052e-16
4962.0	9.938124e-16
4964.0	9.995529e-16
4966.0	1.010385e-15
4968.0	1.021935e-15
4970.0	1.027346e-15
4972.0	1.035314e-15
4974.0	1.053196e-15
4976.0	1.073597e-15
4978.0	1.078962e-15
4980.0	1.079439e-15
4982.0	1.09902e-15
4984.0	1.121628e-15
4986.0	1.131022e-15
4988.0	1.136292e-15
4990.0	1.146915e-15
4992.0	1.165258e-15
4994.0	1.169315e-15
4996.0	1.18576e-15
4998.0	1.220367e-15
5000.0	1.223864e-15
5002.0	1.221896e-15
5004.0	1.2347e-15
5006.0	1.250487e-15
5008.0	1.270379e-15
5010.0	1.282886e-15
5012.0	1.278101e-15
5014.0	1.282699e-15
5016.0	1.30287e-15
5018.0	1.297285e-15
5020.0	1.290739e-15
5022.0	1.297501e-15
5024.0	1.291169e-15
5026.0	1.26805e-15
5028.0	1.252806e-15
5030.0	1.251606e-15
5032.0	1.242049e-15
5034.0	1.22999e-15
5036.0	1.225092e-15
5038.0	1.220614e-15
5040.0	1.205929e-15
5042.0	1.197629e-15
5044.0	1.197971e-15
5046.0	1.174213e-15
5048.0	1.172433e-15
5050.0	1.164961e-15
5052.0	1.174062e-15
5054.0	1.175245e-15
5056.0	1.164646e-15
5058.0	1.166865e-15
5060.0	1.173677e-15
5062.0	1.152574e-15
5064.0	1.147123e-15
5066.0	1.148294e-15
5068.0	1.145715e-15
5070.0	1.157201e-15
5072.0	1.163458e-15
5074.0	1.155264e-15
5076.0	1.146081e-15
5078.0	1.137754e-15
5080.0	1.128755e-15
5082.0	1.130398e-15
5084.0	1.127727e-15
5086.0	1.105323e-15
5088.0	1.103181e-15
5090.0	1.116185e-15
5092.0	1.122778e-15
5094.0	1.121508e-15
5096.0	1.125111e-15
5098.0	1.122456e-15
5100.0	1.13164e-15
5102.0	1.138521e-15
5104.0	1.13855e-15
5106.0	1.142063e-15
5108.0	1.14699e-15
5110.0	1.154894e-15
5112.0	1.151479e-15
5114.0	1.151672e-15
5116.0	1.160639e-15
5118.0	1.174038e-15
5120.0	1.188211e-15
5122.0	1.193872e-15
5124.0	1.195177e-15
5126.0	1.196859e-15
5128.0	1.197312e-15
5130.0	1.197922e-15
5132.0	1.197529e-15
5134.0	1.209043e-15
5136.0	1.210528e-15
5138.0	1.202756e-15
5140.0	1.19414e-15
5142.0	1.198204e-15
5144.0	1.210268e-15
5146.0	1.221475e-15
5148.0	1.235087e-15
5150.0	1.230539e-15
5152.0	1.23966e-15
5154.0	1.250987e-15
5156.0	1.259728e-15
5158.0	1.258216e-15
5160.0	1.252759e-15
5162.0	1.260973e-15
5164.0	1.272176e-15
5166.0	1.282858e-15
5168.0	1.292938e-15
5170.0	1.283207e-15
5172.0	1.282802e-15
5174.0	1.294141e-15
5176.0	1.297827e-15
5178.0	1.305322e-15
5180.0	1.312036e-15
5182.0	1.311619e-15
5184.0	1.310719e-15
5186.0	1.30722e-15
5188.0	1.30163e-15
5190.0	1.321176e-15
5192.0	1.328411e-15
5194.0	1.317651e-15
5196.0	1.335323e-15
5198.0	1.364813e-15
5200.0	1.374333e-15
5202.0	1.404828e-15
5204.0	1.416689e-15
5206.0	1.421901e-15
5208.0	1.440682e-15
5210.0	1.465583e-15
5212.0	1.479062e-15
5214.0	1.492687e-15
5216.0	1.497115e-15
5218.0	1.51038e-15
5220.0	1.51475e-15
5222.0	1.507278e-15
5224.0	1.510904e-15
5226.0	1.515428e-15
5228.0	1.517782e-15
5230.0	1.528708e-15
5232.0	1.535745e-15
5234.0	1.531584e-15
5236.0	1.527875e-15
5238.0	1.53634e-15
5240.0	1.560313e-15
5242.0	1.573692e-15
5244.0	1.567428e-15
5246.0	1.56584e-15
5248.0	1.571679e-15
5250.0	1.586638e-15
5252.0	1.565551e-15
5254.0	1.586664e-15
5256.0	1.596153e-15
5258.0	1.598723e-15
5260.0	1.600956e-15
5262.0	1.584646e-15
5264.0	1.581902e-15
5266.0	1.579126e-15
5268.0	1.584414e-15
5270.0	1.572498e-15
5272.0	1.566002e-15
5274.0	1.558415e-15
5276.0	1.573864e-15
5278.0	1.587912e-15
5280.0	1.59079e-15
5282.0	1.593344e-15
5284.0	1.600628e-15
5286.0	1.618687e-15
5288.0	1.632586e-15
5290.0	1.636573e-15
5292.0	1.648543e-15
5294.0	1.661365e-15
5296.0	1.664899e-15
5298.0	1.671581e-15
5300.0	1.680683e-15
5302.0	1.688811e-15
5304.0	1.702788e-15
5306.0	1.705282e-15
5308.0	1.698681e-15
5310.0	1.70576e-15
5312.0	1.704273e-15
5314.0	1.69939e-15
5316.0	1.700106e-15
5318.0	1.687615e-15
5320.0	1.67888e-15
5322.0	1.669488e-15
5324.0	1.650779e-15
5326.0	1.630977e-15
5328.0	1.608667e-15
5330.0	1.592971e-15
5332.0	1.578925e-15
5334.0	1.54849e-15
5336.0	1.535924e-15
5338.0	1.515187e-15
5340.0	1.504888e-15
5342.0	1.482527e-15
5344.0	1.454985e-15
5346.0	1.447418e-15
5348.0	1.420986e-15
5350.0	1.406173e-15
5352.0	1.396246e-15
5354.0	1.378752e-15
5356.0	1.358379e-15
5358.0	1.351819e-15
5360.0	1.337193e-15
5362.0	1.305383e-15
5364.0	1.298126e-15
5366.0	1.29579e-15
5368.0	1.272418e-15
5370.0	1.255808e-15
5372.0	1.253619e-15
5374.0	1.250315e-15
5376.0	1.240417e-15
5378.0	1.234578e-15
5380.0	1.225771e-15
5382.0	1.224449e-15
5384.0	1.220454e-15
5386.0	1.213711e-15
5388.0	1.209731e-15
5390.0	1.218987e-15
5392.0	1.225656e-15
5394.0	1.198441e-15
5396.0	1.195763e-15
5398.0	1.202404e-15
5400.0	1.204494e-15
5402.0	1.203614e-15
5404.0	1.215418e-15
5406.0	1.208663e-15
5408.0	1.212802e-15
5410.0	1.220941e-15
5412.0	1.227362e-15
5414.0	1.227206e-15
5416.0	1.232293e-15
5418.0	1.236442e-15
5420.0	1.233848e-15
5422.0	1.227862e-15
5424.0	1.228902e-15
5426.0	1.238281e-15
5428.0	1.242818e-15
5430.0	1.244332e-15
5432.0	1.247067e-15
5434.0	1.245927e-15
5436.0	1.24778e-15
5438.0	1.253099e-15
5440.0	1.257686e-15
5442.0	1.263602e-15
5444.0	1.257626e-15
5446.0	1.265355e-15
5448.0	1.279716e-15
5450.0	1.271514e-15
5452.0	1.277891e-15
5454.0	1.284563e-15
5456.0	1.29457e-15
5458.0	1.30544e-15
5460.0	1.291775e-15
5462.0	1.291207e-15
5464.0	1.308747e-15
5466.0	1.304657e-15
5468.0	1.289859e-15
5470.0	1.299664e-15
5472.0	1.30445e-15
5474.0	1.311401e-15
5476.0	1.312078e-15
5478.0	1.299396e-15
5480.0	1.299102e-15
5482.0	1.298761e-15
5484.0	1.29446e-15
5486.0	1.288075e-15
5488.0	1.280563e-15
5490.0	1.270008e-15
5492.0	1.267279e-15
5494.0	1.252772e-15
5496.0	1.240765e-15
5498.0	1.242493e-15
5500.0	1.231602e-15
5502.0	1.230682e-15
5504.0	1.229973e-15
5506.0	1.214381e-15
5508.0	1.195906e-15
5510.0	1.186533e-15
5512.0	1.180178e-15
5514.0	1.162644e-15
5516.0	1.157581e-15
5518.0	1.147202e-15
5520.0	1.131659e-15
5522.0	1.129481e-15
5524.0	1.117537e-15
5526.0	1.096263e-15
5528.0	1.078488e-15
5530.0	1.07772e-15
5532.0	1.068645e-15
5534.0	1.051319e-15
5536.0	1.03356e-15
5538.0	1.038557e-15
5540.0	1.025963e-15
5542.0	1.000568e-15
5544.0	1.000075e-15
5546.0	9.887208e-16
5548.0	9.892135e-16
5550.0	9.817309e-16
5552.0	9.650565e-16
5554.0	9.592775e-16
5556.0	9.675578e-16
5558.0	9.680275e-16
5560.0	9.564955e-16
5562.0	9.524366e-16
5564.0	9.513343e-16
5566.0	9.473753e-16
5568.0	9.386938e-16
5570.0	9.315392e-16
5572.0	9.310763e-16
5574.0	9.274413e-16
5576.0	9.300835e-16
5578.0	9.386275e-16
5580.0	9.376966e-16
5582.0	9.367039e-16
5584.0	9.455595e-16
5586.0	9.557903e-16
5588.0	9.584039e-16
5590.0	9.72257e-16
5592.0	9.814847e-16
5594.0	9.798471e-16
5596.0	1.008919e-15
5598.0	1.008746e-15
5600.0	1.037533e-15
5602.0	1.048111e-15
5604.0	1.053365e-15
5606.0	1.072839e-15
5608.0	1.088868e-15
5610.0	1.09715e-15
5612.0	1.116244e-15
5614.0	1.143995e-15
5616.0	1.160412e-15
5618.0	1.183623e-15
5620.0	1.197243e-15
5622.0	1.203287e-15
5624.0	1.222435e-15
5626.0	1.244915e-15
5628.0	1.261568e-15
5630.0	1.277829e-15
5632.0	1.299882e-15
5634.0	1.306396e-15
5636.0	1.32134e-15
5638.0	1.350818e-15
5640.0	1.355065e-15
5642.0	1.361194e-15
5644.0	1.373758e-15
5646.0	1.384417e-15
5648.0	1.414372e-15
5650.0	1.42657e-15
5652.0	1.431226e-15
5654.0	1.442199e-15
5656.0	1.44159e-15
5658.0	1.443834e-15
5660.0	1.455521e-15
5662.0	1.47018e-15
5664.0	1.474398e-15
5666.0	1.471858e-15
5668.0	1.47733e-15
5670.0	1.475574e-15
5672.0	1.487146e-15
5674.0	1.497151e-15
5676.0	1.477806e-15
5678.0	1.479825e-15
5680.0	1.488037e-15
5682.0	1.48186e-15
5684.0	1.477815e-15
5686.0	1.48201e-15
5688.0	1.466384e-15
5690.0	1.456544e-15
5692.0	1.458608e-15
5694.0	1.451009e-15
5696.0	1.443076e-15
5698.0	1.445523e-15
5700.0	1.429384e-15
5702.0	1.425823e-15
5704.0	1.42286e-15
5706.0	1.413824e-15
5708.0	1.417978e-15
5710.0	1.412307e-15
5712.0	1.408144e-15
5714.0	1.405517e-15
5716.0	1.398332e-15
5718.0	1.398883e-15
5720.0	1.406853e-15
5722.0	1.404393e-15
5724.0	1.394591e-15
5726.0	1.388511e-15
5728.0	1.375198e-15
5730.0	1.370373e-15
5732.0	1.371296e-15
5734.0	1.374865e-15
5736.0	1.386634e-15
5738.0	1.373937e-15
5740.0	1.367458e-15
5742.0	1.360865e-15
5744.0	1.359972e-15
5746.0	1.368523e-15
5748.0	1.363361e-15
5750.0	1.368788e-15
5752.0	1.370494e-15
5754.0	1.350869e-15
5756.0	1.346575e-15
5758.0	1.34415e-15
5760.0	1.345339e-15
5762.0	1.348396e-15
5764.0	1.339568e-15
5766.0	1.32778e-15
5768.0	1.330115e-15
5770.0	1.326616e-15
5772.0	1.315166e-15
5774.0	1.295491e-15
5776.0	1.280536e-15
5778.0	1.2687e-15
5780.0	1.266368e-15
5782.0	1.256906e-15
5784.0	1.239403e-15
5786.0	1.228096e-15
5788.0	1.2305e-15
5790.0	1.229648e-15
5792.0	1.205491e-15
5794.0	1.183215e-15
5796.0	1.166009e-15
5798.0	1.152125e-15
5800.0	1.136194e-15
5802.0	1.115946e-15
5804.0	1.08838e-15
5806.0	1.077777e-15
5808.0	1.065141e-15
5810.0	1.048585e-15
5812.0	1.026607e-15
5814.0	1.00998e-15
5816.0	9.956078e-16
5818.0	9.785766e-16
5820.0	9.667605e-16
5822.0	9.649185e-16
5824.0	9.559659e-16
5826.0	9.373285e-16
5828.0	9.282709e-16
5830.0	9.201381e-16
5832.0	9.063142e-16
5834.0	9.016922e-16
5836.0	8.972283e-16
5838.0	9.002652e-16
5840.0	8.928671e-16
5842.0	8.839823e-16
5844.0	8.881531e-16
5846.0	8.804785e-16
5848.0	8.736197e-16
5850.0	8.804468e-16
5852.0	8.72402e-16
5854.0	8.739062e-16
5856.0	8.707174e-16
5858.0	8.693728e-16
5860.0	8.810323e-16
5862.0	8.835431e-16
5864.0	8.863152e-16
5866.0	9.025461e-16
5868.0	9.14307e-16
5870.0	9.069862e-16
5872.0	9.105044e-16
5874.0	9.277987e-16
5876.0	9.280484e-16
5878.0	9.294169e-16
5880.0	9.353494e-16
5882.0	9.355608e-16
5884.0	9.362526e-16
5886.0	9.164006e-16
5888.0	9.212073e-16
5890.0	9.434327e-16
5892.0	9.651254e-16
5894.0	9.720915e-16
5896.0	9.882834e-16
5898.0	1.013519e-15
5900.0	1.022113e-15
5902.0	1.032269e-15
5904.0	1.04481e-15
5906.0	1.059508e-15
5908.0	1.07439e-15
5910.0	1.083825e-15
5912.0	1.0901e-15
5914.0	1.108795e-15
5916.0	1.123566e-15
5918.0	1.121732e-15
5920.0	1.127399e-15
5922.0	1.155462e-15
5924.0	1.167743e-15
5926.0	1.166367e-15
5928.0	1.183475e-15
5930.0	1.199838e-15
5932.0	1.212232e-15
5934.0	1.224122e-15
5936.0	1.227969e-15
5938.0	1.243658e-15
5940.0	1.247473e-15
5942.0	1.247362e-15
5944.0	1.259762e-15
5946.0	1.271389e-15
5948.0	1.270639e-15
5950.0	1.283533e-15
5952.0	1.283263e-15
5954.0	1.288041e-15
5956.0	1.302394e-15
5958.0	1.314587e-15
5960.0	1.317896e-15
5962.0	1.311507e-15
5964.0	1.3095e-15
5966.0	1.316119e-15
5968.0	1.32198e-15
5970.0	1.318894e-15
5972.0	1.311535e-15
5974.0	1.274953e-15
5976.0	1.229223e-15
5978.0	1.218518e-15
5980.0	1.236121e-15
5982.0	1.245723e-15
5984.0	1.266551e-15
5986.0	1.294882e-15
5988.0	1.317193e-15
5990.0	1.325735e-15
5992.0	1.323876e-15
5994.0	1.330981e-15
5996.0	1.34107e-15
5998.0	1.342854e-15
6000.0	1.343697e-15
6002.0	1.342457e-15
6004.0	1.341963e-15
6006.0	1.342525e-15
6008.0	1.345515e-15
6010.0	1.354273e-15
6012.0	1.361596e-15
6014.0	1.370488e-15
6016.0	1.368482e-15
6018.0	1.360076e-15
6020.0	1.358749e-15
6022.0	1.374741e-15
6024.0	1.383937e-15
6026.0	1.379777e-15
6028.0	1.372606e-15
6030.0	1.383342e-15
6032.0	1.385894e-15
6034.0	1.373464e-15
6036.0	1.380993e-15
6038.0	1.373716e-15
6040.0	1.37481e-15
6042.0	1.371723e-15
6044.0	1.381823e-15
6046.0	1.382582e-15
6048.0	1.380268e-15
6050.0	1.373846e-15
6052.0	1.382526e-15
6054.0	1.36895e-15
6056.0	1.358218e-15
6058.0	1.361384e-15
6060.0	1.35648e-15
6062.0	1.347739e-15
6064.0	1.336529e-15
6066.0	1.326087e-15
6068.0	1.315619e-15
6070.0	1.317453e-15
6072.0	1.305139e-15
6074.0	1.285211e-15
6076.0	1.278386e-15
6078.0	1.28936e-15
6080.0	1.292706e-15
6082.0	1.277981e-15
6084.0	1.28522e-15
6086.0	1.27347e-15
6088.0	1.26694e-15
6090.0	1.266581e-15
6092.0	1.259935e-15
6094.0	1.234568e-15
6096.0	1.236994e-15
6098.0	1.230949e-15
6100.0	1.204429e-15
6102.0	1.1909e-15
6104.0	1.176561e-15
6106.0	1.15684e-15
6108.0	1.132444e-15
6110.0	1.103549e-15
6112.0	1.077824e-15
6114.0	1.063197e-15
6116.0	1.038437e-15
6118.0	1.006783e-15
6120.0	9.842037e-16
6122.0	9.717591e-16
6124.0	9.509049e-16
6126.0	9.203384e-16
6128.0	8.988322e-16
6130.0	8.833132e-16
6132.0	8.62987e-16
6134.0	8.417623e-16
6136.0	8.182813e-16
6138.0	7.935537e-16
6140.0	7.713965e-16
6142.0	7.490095e-16
6144.0	7.271789e-16
6146.0	7.105614e-16
6148.0	6.920824e-16
6150.0	6.762695e-16
6152.0	6.601645e-16
6154.0	6.401762e-16
6156.0	6.281252e-16
6158.0	6.188583e-16
6160.0	6.010744e-16
6162.0	5.810506e-16
6164.0	5.634377e-16
6166.0	5.450018e-16
6168.0	5.339354e-16
6170.0	5.232441e-16
6172.0	5.136066e-16
6174.0	5.03723e-16
6176.0	5.151325e-16
6178.0	5.210442e-16
6180.0	5.119968e-16
6182.0	4.849837e-16
6184.0	4.576911e-16
6186.0	4.530203e-16
6188.0	4.470263e-16
6190.0	4.620972e-16
6192.0	5.091017e-16
6194.0	5.409861e-16
6196.0	5.418844e-16
6198.0	5.367361e-16
6200.0	5.361656e-16
6202.0	5.330726e-16
6204.0	5.33674e-16
6206.0	5.370605e-16
6208.0	5.384973e-16
6210.0	5.367064e-16
6212.0	5.359327e-16
6214.0	5.384392e-16
6216.0	5.405207e-16
6218.0	5.024711e-16
6220.0	5.064275e-16
6222.0	5.274753e-16
6224.0	4.932684e-16
6226.0	4.804062e-16
6228.0	4.782615e-16
6230.0	5.053171e-16
6232.0	5.259011e-16
6234.0	5.418973e-16
6236.0	5.247191e-16
6238.0	5.378461e-16
6240.0	5.563075e-16
6242.0	5.607279e-16
6244.0	5.421279e-16
6246.0	5.177048e-16
6248.0	5.14405e-16
6250.0	4.972591e-16
6252.0	4.91029e-16
6254.0	5.035726e-16
6256.0	5.090121e-16
6258.0	5.146333e-16
6260.0	5.175968e-16
6262.0	5.240668e-16
6264.0	5.397069e-16
6266.0	5.506991e-16
6268.0	5.795703e-16
6270.0	5.930929e-16
6272.0	5.948929e-16
6274.0	5.877414e-16
6276.0	5.79229e-16
6278.0	5.965195e-16
6280.0	6.118051e-16
6282.0	6.1626e-16
6284.0	6.136905e-16
6286.0	6.274067e-16
6288.0	6.488742e-16
6290.0	6.523248e-16
6292.0	6.572799e-16
6294.0	6.742435e-16
6296.0	7.023713e-16
6298.0	7.104982e-16
6300.0	7.176371e-16
6302.0	7.298465e-16
6304.0	7.310974e-16
6306.0	7.346595e-16
6308.0	7.505742e-16
6310.0	7.712443e-16
6312.0	7.813926e-16
6314.0	7.952104e-16
6316.0	8.174383e-16
6318.0	8.234246e-16
6320.0	8.223217e-16
6322.0	8.334151e-16
6324.0	8.695676e-16
6326.0	8.788004e-16
6328.0	8.914117e-16
6330.0	9.005323e-16
6332.0	9.112294e-16
6334.0	9.323246e-16
6336.0	9.402173e-16
6338.0	9.509121e-16
6340.0	9.677977e-16
6342.0	9.858314e-16
6344.0	9.972043e-16
6346.0	1.004019e-15
6348.0	1.012893e-15
6350.0	1.031104e-15
6352.0	1.048592e-15
6354.0	1.052961e-15
6356.0	1.066553e-15
6358.0	1.085847e-15
6360.0	1.100869e-15
6362.0	1.110314e-15
6364.0	1.118419e-15
6366.0	1.133618e-15
6368.0	1.138769e-15
6370.0	1.153171e-15
6372.0	1.172973e-15
6374.0	1.190837e-15
6376.0	1.185576e-15
6378.0	1.191014e-15
6380.0	1.201445e-15
6382.0	1.219276e-15
6384.0	1.224576e-15
6386.0	1.22675e-15
6388.0	1.227421e-15
6390.0	1.245486e-15
6392.0	1.256277e-15
6394.0	1.260475e-15
6396.0	1.258071e-15
6398.0	1.268966e-15
6400.0	1.282707e-15
6402.0	1.285821e-15
6404.0	1.293576e-15
6406.0	1.303992e-15
6408.0	1.31493e-15
6410.0	1.31613e-15
6412.0	1.310874e-15
6414.0	1.312329e-15
6416.0	1.320719e-15
6418.0	1.334872e-15
6420.0	1.342192e-15
6422.0	1.343935e-15
6424.0	1.34482e-15
6426.0	1.345451e-15
6428.0	1.354878e-15
6430.0	1.338954e-15
6432.0	1.337673e-15
6434.0	1.325756e-15
6436.0	1.336275e-15
6438.0	1.345393e-15
6440.0	1.356206e-15
6442.0	1.349915e-15
6444.0	1.361538e-15
6446.0	1.371615e-15
6448.0	1.359429e-15
6450.0	1.364747e-15
6452.0	1.361498e-15
6454.0	1.353333e-15
6456.0	1.34833e-15
6458.0	1.351398e-15
6460.0	1.354263e-15
6462.0	1.351354e-15
6464.0	1.344495e-15
6466.0	1.340832e-15
6468.0	1.341067e-15
6470.0	1.342971e-15
6472.0	1.338766e-15
6474.0	1.332549e-15
6476.0	1.335533e-15
6478.0	1.340548e-15
6480.0	1.335194e-15
6482.0	1.334721e-15
6484.0	1.32409e-15
6486.0	1.320393e-15
6488.0	1.320698e-15
6490.0	1.31645e-15
6492.0	1.323456e-15
6494.0	1.331511e-15
6496.0	1.325998e-15
6498.0	1.311476e-15
6500.0	1.304403e-15
6502.0	1.310773e-15
6504.0	1.303284e-15
6506.0	1.296227e-15
6508.0	1.298361e-15
6510.0	1.294335e-15
6512.0	1.288778e-15
6514.0	1.280316e-15
6516.0	1.279178e-15
6518.0	1.27193e-15
6520.0	1.264851e-15
6522.0	1.266368e-15
6524.0	1.25487e-15
6526.0	1.251698e-15
6528.0	1.253671e-15
6530.0	1.243695e-15
6532.0	1.245346e-15
6534.0	1.251077e-15
6536.0	1.249837e-15
6538.0	1.246258e-15
6540.0	1.244732e-15
6542.0	1.24058e-15
6544.0	1.228859e-15
6546.0	1.213548e-15
6548.0	1.198113e-15
6550.0	1.202421e-15
6552.0	1.207089e-15
6554.0	1.19698e-15
6556.0	1.200274e-15
6558.0	1.204325e-15
6560.0	1.197082e-15
6562.0	1.178103e-15
6564.0	1.175089e-15
6566.0	1.167509e-15
6568.0	1.154308e-15
6570.0	1.147652e-15
6572.0	1.146059e-15
6574.0	1.15422e-15
6576.0	1.152803e-15
6578.0	1.138176e-15
6580.0	1.136878e-15
6582.0	1.13791e-15
6584.0	1.128325e-15
6586.0	1.108942e-15
6588.0	1.102927e-15
6590.0	1.109216e-15
6592.0	1.100637e-15
6594.0	1.099322e-15
6596.0	1.098494e-15
6598.0	1.08644e-15
6600.0	1.084052e-15
6602.0	1.082574e-15
6604.0	1.083243e-15
6606.0	1.076898e-15
6608.0	1.071624e-15
6610.0	1.064181e-15
6612.0	1.05334e-15
6614.0	1.046198e-15
6616.0	1.036541e-15
6618.0	1.041079e-15
6620.0	1.040991e-15
6622.0	1.043752e-15
6624.0	1.043253e-15
6626.0	1.039155e-15
6628.0	1.03311e-15
6630.0	1.028098e-15
6632.0	1.016025e-15
6634.0	1.023348e-15
6636.0	1.014593e-15
6638.0	1.008942e-15
6640.0	1.014255e-15
6642.0	1.01052e-15
6644.0	1.006566e-15
6646.0	1.001247e-15
6648.0	1.002951e-15
6650.0	1.009531e-15
6652.0	1.006023e-15
6654.0	9.956105e-16
6656.0	9.784921e-16
6658.0	9.577112e-16
6660.0	9.530718e-16
6662.0	9.619816e-16
6664.0	9.659739e-16
6666.0	9.697081e-16
6668.0	9.77687e-16
6670.0	9.803066e-16
6672.0	9.759956e-16
6674.0	9.726726e-16
6676.0	9.664057e-16
6678.0	9.54698e-16
6680.0	9.34602e-16
6682.0	9.352933e-16
6684.0	9.375853e-16
6686.0	9.422649e-16
6688.0	9.52215e-16
6690.0	9.604434e-16
6692.0	9.603988e-16
6694.0	9.499193e-16
6696.0	9.419246e-16
6698.0	9.389859e-16
6700.0	9.323071e-16
6702.0	9.3331e-16
6704.0	9.319942e-16
6706.0	9.290016e-16
6708.0	9.308232e-16
6710.0	9.316456e-16
6712.0	9.320236e-16
6714.0	9.321346e-16
6716.0	9.279571e-16
6718.0	9.252245e-16
6720.0	9.145714e-16
6722.0	9.046457e-16
6724.0	8.978058e-16
6726.0	9.021994e-16
6728.0	9.068729e-16
6730.0	9.104132e-16
6732.0	9.054526e-16
6734.0	9.087937e-16
6736.0	9.093444e-16
6738.0	9.022103e-16
6740.0	8.95747e-16
6742.0	8.839702e-16
6744.0	8.843077e-16
6746.0	8.881102e-16
6748.0	8.894601e-16
6750.0	8.89765e-16
6752.0	8.923988e-16
6754.0	8.890839e-16
6756.0	8.809575e-16
6758.0	8.790442e-16
6760.0	8.703152e-16
6762.0	8.616726e-16
6764.0	8.6775e-16
6766.0	8.736577e-16
6768.0	8.668875e-16
6770.0	8.621884e-16
6772.0	8.70212e-16
6774.0	8.62627e-16
6776.0	8.498467e-16
6778.0	8.480727e-16
6780.0	8.508427e-16
6782.0	8.51208e-16
6784.0	8.492563e-16
6786.0	8.493535e-16
6788.0	8.458397e-16
6790.0	8.485696e-16
6792.0	8.493558e-16
6794.0	8.486246e-16
6796.0	8.385795e-16
6798.0	8.26566e-16
6800.0	8.256642e-16
6802.0	8.274471e-16
6804.0	8.31063e-16
6806.0	8.390362e-16
6808.0	8.467442e-16
6810.0	8.425297e-16
6812.0	8.331957e-16
6814.0	8.291392e-16
6816.0	8.256051e-16
6818.0	8.204087e-16
6820.0	8.210905e-16
6822.0	8.031628e-16
6824.0	8.107269e-16
6826.0	8.158624e-16
6828.0	8.205753e-16
6830.0	8.204836e-16
6832.0	8.14225e-16
6834.0	8.077468e-16
6836.0	7.958943e-16
6838.0	7.928997e-16
6840.0	7.944539e-16
6842.0	7.918481e-16
6844.0	7.902032e-16
6846.0	7.964942e-16
6848.0	8.002274e-16
6850.0	7.971837e-16
6852.0	7.824657e-16
6854.0	7.750223e-16
6856.0	7.806462e-16
6858.0	7.707252e-16
6860.0	7.600652e-16
6862.0	7.614361e-16
6864.0	7.53147e-16
6866.0	7.522632e-16
6868.0	7.545687e-16
6870.0	7.573238e-16
6872.0	7.551477e-16
6874.0	7.537829e-16
6876.0	7.619685e-16
6878.0	7.519609e-16
6880.0	7.387102e-16
6882.0	7.372073e-16
6884.0	7.36181e-16
6886.0	7.453934e-16
6888.0	7.401521e-16
6890.0	7.354339e-16
6892.0	7.288951e-16
6894.0	7.149784e-16
6896.0	7.050125e-16
6898.0	7.188354e-16
6900.0	7.207016e-16
6902.0	7.106838e-16
6904.0	7.132796e-16
6906.0	7.146864e-16
6908.0	7.170018e-16
6910.0	7.006747e-16
6912.0	6.986277e-16
6914.0	7.099232e-16
6916.0	7.111352e-16
6918.0	7.139439e-16
6920.0	7.026056e-16
6922.0	7.06725e-16
6924.0	7.138614e-16
6926.0	7.03843e-16
6928.0	6.989975e-16
6930.0	6.985353e-16
6932.0	6.999169e-16
6934.0	7.065571e-16
6936.0	7.231405e-16
6938.0	7.597437e-16
6940.0	7.723696e-16
6942.0	7.394574e-16
6944.0	7.08794e-16
6946.0	7.024747e-16
6948.0	7.027323e-16
6950.0	7.047886e-16
6952.0	7.047657e-16
6954.0	6.958935e-16
6956.0	6.895891e-16
6958.0	6.939591e-16
6960.0	7.064551e-16
6962.0	7.173307e-16
6964.0	7.184817e-16
6966.0	7.211696e-16
6968.0	7.159791e-16
6970.0	7.158914e-16
6972.0	7.117932e-16
6974.0	7.062527e-16
6976.0	7.106936e-16
6978.0	7.167135e-16
6980.0	7.164475e-16
6982.0	7.168185e-16
6984.0	7.013804e-16
6986.0	6.968721e-16
6988.0	7.110317e-16
6990.0	7.192281e-16
6992.0	7.194156e-16
6994.0	7.098218e-16
6996.0	6.943403e-16
6998.0	6.939835e-16
7000.0	6.92964e-16
7002.0	6.835521e-16
7004.0	6.97233e-16
7006.0	7.213045e-16
7008.0	7.119843e-16
7010.0	6.965133e-16
7012.0	6.958546e-16
7014.0	6.864671e-16
7016.0	6.813957e-16
7018.0	6.816895e-16
7020.0	6.774315e-16
7022.0	6.823848e-16
7024.0	6.822112e-16
7026.0	6.775495e-16
7028.0	6.709218e-16
7030.0	6.714284e-16
7032.0	6.793153e-16
7034.0	6.803043e-16
7036.0	6.759967e-16
7038.0	6.788241e-16
7040.0	6.734e-16
7042.0	6.544739e-16
7044.0	6.549478e-16
7046.0	6.696009e-16
7048.0	6.721813e-16
7050.0	6.640827e-16
