#	 psnj1204 
#	 UT date of observation: 20150616 
#	 Telescope/Instrument: SOAR/Goodman 
#	 Estimated Peak MJD: 57170.316 
#	 Estimated redshift: 0.044 
#	 Estimated Phase: 17.9 
#	 Published in Dettman et al. 2020 
#	 Observed barycentric wavelength (Angstroms)    F_lambda
3600.0	2.871426e-17
3602.0	2.146322e-17
3604.0	2.118803e-17
3606.0	2.542452e-17
3608.0	2.409137e-17
3610.0	2.812997e-17
3612.0	3.411123e-17
3614.0	3.388312e-17
3616.0	4.314916e-17
3618.0	3.771875e-17
3620.0	2.647081e-17
3622.0	2.813148e-17
3624.0	3.043453e-17
3626.0	3.9407e-17
3628.0	3.095325e-17
3630.0	3.077262e-17
3632.0	3.076906e-17
3634.0	3.375527e-17
3636.0	3.723971e-17
3638.0	3.2059e-17
3640.0	3.289487e-17
3642.0	3.634547e-17
3644.0	4.508178e-17
3646.0	4.310451e-17
3648.0	5.083435e-17
3650.0	5.11882e-17
3652.0	4.259277e-17
3654.0	4.066308e-17
3656.0	3.416031e-17
3658.0	3.313802e-17
3660.0	3.741457e-17
3662.0	3.977977e-17
3664.0	4.123842e-17
3666.0	4.499622e-17
3668.0	5.050615e-17
3670.0	4.687939e-17
3672.0	4.686834e-17
3674.0	4.81392e-17
3676.0	5.006371e-17
3678.0	4.604579e-17
3680.0	5.446631e-17
3682.0	5.326189e-17
3684.0	5.552546e-17
3686.0	5.105238e-17
3688.0	4.776837e-17
3690.0	5.205999e-17
3692.0	5.625806e-17
3694.0	5.084684e-17
3696.0	4.2998e-17
3698.0	4.965258e-17
3700.0	4.884383e-17
3702.0	4.503087e-17
3704.0	5.098038e-17
3706.0	6.280366e-17
3708.0	5.570014e-17
3710.0	4.773436e-17
3712.0	4.278604e-17
3714.0	5.688915e-17
3716.0	6.600844e-17
3718.0	5.039036e-17
3720.0	4.470285e-17
3722.0	4.696652e-17
3724.0	5.147434e-17
3726.0	3.967377e-17
3728.0	3.287941e-17
3730.0	3.943507e-17
3732.0	5.825135e-17
3734.0	5.026482e-17
3736.0	4.871113e-17
3738.0	4.334867e-17
3740.0	4.513866e-17
3742.0	4.657374e-17
3744.0	5.039157e-17
3746.0	5.579506e-17
3748.0	5.257932e-17
3750.0	4.832415e-17
3752.0	5.282772e-17
3754.0	5.822571e-17
3756.0	6.489407e-17
3758.0	6.486451e-17
3760.0	5.008796e-17
3762.0	4.364821e-17
3764.0	5.868276e-17
3766.0	6.338359e-17
3768.0	5.462895e-17
3770.0	5.271629e-17
3772.0	5.440149e-17
3774.0	5.440756e-17
3776.0	5.698609e-17
3778.0	5.8454e-17
3780.0	6.142632e-17
3782.0	7.124075e-17
3784.0	7.504682e-17
3786.0	7.048493e-17
3788.0	6.659524e-17
3790.0	7.110279e-17
3792.0	7.178866e-17
3794.0	7.148061e-17
3796.0	7.260929e-17
3798.0	7.355721e-17
3800.0	7.610562e-17
3802.0	7.969709e-17
3804.0	8.393591e-17
3806.0	8.097328e-17
3808.0	7.797375e-17
3810.0	7.867336e-17
3812.0	7.686845e-17
3814.0	7.841853e-17
3816.0	8.541496e-17
3818.0	8.776703e-17
3820.0	8.285711e-17
3822.0	8.542239e-17
3824.0	8.619316e-17
3826.0	7.967102e-17
3828.0	8.492552e-17
3830.0	8.636421e-17
3832.0	7.932851e-17
3834.0	7.282761e-17
3836.0	7.554228e-17
3838.0	8.501119e-17
3840.0	7.786514e-17
3842.0	7.513802e-17
3844.0	7.728101e-17
3846.0	7.26534e-17
3848.0	7.150898e-17
3850.0	7.416421e-17
3852.0	7.594025e-17
3854.0	8.265527e-17
3856.0	8.110405e-17
3858.0	7.201354e-17
3860.0	7.003949e-17
3862.0	6.99914e-17
3864.0	6.390021e-17
3866.0	6.612199e-17
3868.0	6.921104e-17
3870.0	7.346758e-17
3872.0	7.044377e-17
3874.0	7.550439e-17
3876.0	7.35501e-17
3878.0	6.579569e-17
3880.0	6.52342e-17
3882.0	6.571554e-17
3884.0	7.281273e-17
3886.0	6.566234e-17
3888.0	6.725587e-17
3890.0	6.740199e-17
3892.0	6.532498e-17
3894.0	6.85993e-17
3896.0	6.232783e-17
3898.0	5.794523e-17
3900.0	5.505416e-17
3902.0	5.481543e-17
3904.0	5.421017e-17
3906.0	5.211907e-17
3908.0	5.361e-17
3910.0	5.636988e-17
3912.0	5.326544e-17
3914.0	4.861291e-17
3916.0	4.707577e-17
3918.0	4.672137e-17
3920.0	4.755381e-17
3922.0	4.643093e-17
3924.0	4.938879e-17
3926.0	4.425378e-17
3928.0	3.840384e-17
3930.0	4.755233e-17
3932.0	4.501091e-17
3934.0	4.276034e-17
3936.0	4.190759e-17
3938.0	4.438337e-17
3940.0	4.659959e-17
3942.0	4.367758e-17
3944.0	4.428584e-17
3946.0	4.524169e-17
3948.0	4.450169e-17
3950.0	4.418565e-17
3952.0	4.38489e-17
3954.0	4.50437e-17
3956.0	4.852575e-17
3958.0	5.362869e-17
3960.0	5.355123e-17
3962.0	4.751376e-17
3964.0	4.425788e-17
3966.0	4.871808e-17
3968.0	5.971695e-17
3970.0	6.056579e-17
3972.0	5.620592e-17
3974.0	5.956932e-17
3976.0	5.874496e-17
3978.0	5.747545e-17
3980.0	6.3379e-17
3982.0	6.655332e-17
3984.0	6.483938e-17
3986.0	6.434888e-17
3988.0	6.717121e-17
3990.0	7.164617e-17
3992.0	7.240772e-17
3994.0	7.247639e-17
3996.0	7.58782e-17
3998.0	8.423753e-17
4000.0	8.189188e-17
4002.0	8.258183e-17
4004.0	8.555272e-17
4006.0	9.286818e-17
4008.0	9.355303e-17
4010.0	9.130653e-17
4012.0	9.551666e-17
4014.0	1.043325e-16
4016.0	1.100748e-16
4018.0	1.089948e-16
4020.0	1.054765e-16
4022.0	9.748341e-17
4024.0	1.020961e-16
4026.0	1.066766e-16
4028.0	1.074031e-16
4030.0	1.141919e-16
4032.0	1.171229e-16
4034.0	1.164338e-16
4036.0	1.123685e-16
4038.0	1.122837e-16
4040.0	1.192239e-16
4042.0	1.229113e-16
4044.0	1.253949e-16
4046.0	1.221376e-16
4048.0	1.178073e-16
4050.0	1.221267e-16
4052.0	1.265769e-16
4054.0	1.243411e-16
4056.0	1.265396e-16
4058.0	1.271855e-16
4060.0	1.292599e-16
4062.0	1.361256e-16
4064.0	1.266725e-16
4066.0	1.257729e-16
4068.0	1.275044e-16
4070.0	1.279589e-16
4072.0	1.324282e-16
4074.0	1.306765e-16
4076.0	1.348033e-16
4078.0	1.366156e-16
4080.0	1.355627e-16
4082.0	1.406145e-16
4084.0	1.441409e-16
4086.0	1.453667e-16
4088.0	1.463425e-16
4090.0	1.432848e-16
4092.0	1.410326e-16
4094.0	1.403239e-16
4096.0	1.388127e-16
4098.0	1.404298e-16
4100.0	1.3918e-16
4102.0	1.37448e-16
4104.0	1.33468e-16
4106.0	1.321458e-16
4108.0	1.35034e-16
4110.0	1.33815e-16
4112.0	1.380583e-16
4114.0	1.380399e-16
4116.0	1.377137e-16
4118.0	1.353374e-16
4120.0	1.33446e-16
4122.0	1.33848e-16
4124.0	1.308825e-16
4126.0	1.338931e-16
4128.0	1.346213e-16
4130.0	1.232156e-16
4132.0	1.204122e-16
4134.0	1.263082e-16
4136.0	1.192671e-16
4138.0	1.135786e-16
4140.0	1.064283e-16
4142.0	1.074425e-16
4144.0	1.155955e-16
4146.0	1.165953e-16
4148.0	1.134607e-16
4150.0	1.134266e-16
4152.0	1.112231e-16
4154.0	1.076572e-16
4156.0	1.046184e-16
4158.0	1.028248e-16
4160.0	1.005643e-16
4162.0	1.016653e-16
4164.0	9.470178e-17
4166.0	9.237776e-17
4168.0	9.315591e-17
4170.0	9.092328e-17
4172.0	9.495069e-17
4174.0	9.117357e-17
4176.0	8.799341e-17
4178.0	9.0828e-17
4180.0	8.988413e-17
4182.0	9.04154e-17
4184.0	9.12335e-17
4186.0	8.352084e-17
4188.0	8.296927e-17
4190.0	8.881559e-17
4192.0	8.836054e-17
4194.0	8.493542e-17
4196.0	9.178313e-17
4198.0	9.29964e-17
4200.0	8.45532e-17
4202.0	8.301304e-17
4204.0	8.836002e-17
4206.0	9.343088e-17
4208.0	8.991926e-17
4210.0	8.95009e-17
4212.0	8.457188e-17
4214.0	8.898047e-17
4216.0	8.996012e-17
4218.0	8.393348e-17
4220.0	8.092305e-17
4222.0	7.563074e-17
4224.0	7.40819e-17
4226.0	7.999105e-17
4228.0	8.401366e-17
4230.0	8.426057e-17
4232.0	8.548981e-17
4234.0	8.170928e-17
4236.0	7.840895e-17
4238.0	7.887589e-17
4240.0	7.533223e-17
4242.0	7.852137e-17
4244.0	7.815858e-17
4246.0	7.786379e-17
4248.0	7.615147e-17
4250.0	7.762346e-17
4252.0	7.923478e-17
4254.0	8.097726e-17
4256.0	8.082826e-17
4258.0	7.980619e-17
4260.0	8.101069e-17
4262.0	8.161988e-17
4264.0	8.097683e-17
4266.0	8.306565e-17
4268.0	8.251389e-17
4270.0	7.450141e-17
4272.0	7.535345e-17
4274.0	7.899353e-17
4276.0	7.986026e-17
4278.0	8.152759e-17
4280.0	7.805321e-17
4282.0	7.88775e-17
4284.0	8.609765e-17
4286.0	8.060928e-17
4288.0	8.135407e-17
4290.0	8.316756e-17
4292.0	8.262658e-17
4294.0	8.651321e-17
4296.0	8.713705e-17
4298.0	8.472765e-17
4300.0	8.61273e-17
4302.0	8.846658e-17
4304.0	8.968395e-17
4306.0	8.611308e-17
4308.0	8.78212e-17
4310.0	9.181371e-17
4312.0	9.7781e-17
4314.0	9.449932e-17
4316.0	9.885686e-17
4318.0	9.717815e-17
4320.0	1.024625e-16
4322.0	1.042221e-16
4324.0	1.025868e-16
4326.0	9.571213e-17
4328.0	9.522191e-17
4330.0	9.610816e-17
4332.0	9.453452e-17
4334.0	9.508236e-17
4336.0	9.807393e-17
4338.0	9.668221e-17
4340.0	9.257445e-17
4342.0	9.486422e-17
4344.0	9.966006e-17
4346.0	9.62449e-17
4348.0	9.676052e-17
4350.0	9.576545e-17
4352.0	9.614505e-17
4354.0	9.79492e-17
4356.0	9.455173e-17
4358.0	1.000704e-16
4360.0	9.98969e-17
4362.0	9.804263e-17
4364.0	1.082218e-16
4366.0	1.039083e-16
4368.0	9.585605e-17
4370.0	9.540532e-17
4372.0	9.751292e-17
4374.0	1.0482e-16
4376.0	1.050713e-16
4378.0	1.059517e-16
4380.0	1.032335e-16
4382.0	1.018531e-16
4384.0	1.005346e-16
4386.0	9.827141e-17
4388.0	1.016785e-16
4390.0	1.068984e-16
4392.0	1.058485e-16
4394.0	1.01735e-16
4396.0	9.792907e-17
4398.0	9.972196e-17
4400.0	9.901006e-17
4402.0	1.017401e-16
4404.0	1.030985e-16
4406.0	9.825937e-17
4408.0	9.954047e-17
4410.0	9.945487e-17
4412.0	9.858195e-17
4414.0	9.822159e-17
4416.0	9.857262e-17
4418.0	1.017603e-16
4420.0	9.953682e-17
4422.0	9.057744e-17
4424.0	9.691007e-17
4426.0	1.045401e-16
4428.0	1.01048e-16
4430.0	9.474656e-17
4432.0	9.795776e-17
4434.0	9.969806e-17
4436.0	1.022085e-16
4438.0	1.087045e-16
4440.0	1.053228e-16
4442.0	9.882838e-17
4444.0	9.982999e-17
4446.0	1.034694e-16
4448.0	1.034013e-16
4450.0	1.024668e-16
4452.0	1.05228e-16
4454.0	1.074927e-16
4456.0	1.05528e-16
4458.0	1.041297e-16
4460.0	1.056354e-16
4462.0	1.0932e-16
4464.0	1.139152e-16
4466.0	1.06094e-16
4468.0	1.01771e-16
4470.0	1.018383e-16
4472.0	1.081613e-16
4474.0	1.060209e-16
4476.0	1.007565e-16
4478.0	9.603981e-17
4480.0	1.006232e-16
4482.0	1.017018e-16
4484.0	9.598847e-17
4486.0	9.68945e-17
4488.0	9.943859e-17
4490.0	9.682192e-17
4492.0	9.453721e-17
4494.0	9.413353e-17
4496.0	9.602012e-17
4498.0	9.288558e-17
4500.0	8.934027e-17
4502.0	9.080618e-17
4504.0	9.172066e-17
4506.0	9.075314e-17
4508.0	8.865202e-17
4510.0	8.367193e-17
4512.0	8.18062e-17
4514.0	8.37744e-17
4516.0	8.145028e-17
4518.0	7.82545e-17
4520.0	7.732375e-17
4522.0	7.62457e-17
4524.0	7.65824e-17
4526.0	7.528694e-17
4528.0	7.471246e-17
4530.0	7.11515e-17
4532.0	6.99816e-17
4534.0	6.789136e-17
4536.0	6.770348e-17
4538.0	6.863716e-17
4540.0	6.378154e-17
4542.0	6.573289e-17
4544.0	6.611731e-17
4546.0	6.241447e-17
4548.0	6.30006e-17
4550.0	6.237402e-17
4552.0	6.26896e-17
4554.0	6.411231e-17
4556.0	5.877069e-17
4558.0	5.122961e-17
4560.0	5.102435e-17
4562.0	5.494068e-17
4564.0	5.738974e-17
4566.0	5.57541e-17
4568.0	5.532043e-17
4570.0	5.676322e-17
4572.0	5.801972e-17
4574.0	5.678618e-17
4576.0	5.068598e-17
4578.0	5.386718e-17
4580.0	5.606391e-17
4582.0	5.537107e-17
4584.0	4.896298e-17
4586.0	4.851184e-17
4588.0	5.103595e-17
4590.0	5.490077e-17
4592.0	5.303359e-17
4594.0	5.124775e-17
4596.0	5.421052e-17
4598.0	5.371576e-17
4600.0	5.130948e-17
4602.0	4.81237e-17
4604.0	4.989859e-17
4606.0	4.908224e-17
4608.0	5.076733e-17
4610.0	5.124386e-17
4612.0	5.391565e-17
4614.0	5.402798e-17
4616.0	5.491297e-17
4618.0	5.358233e-17
4620.0	5.332449e-17
4622.0	5.490214e-17
4624.0	5.372486e-17
4626.0	5.582731e-17
4628.0	5.375168e-17
4630.0	5.160138e-17
4632.0	5.505092e-17
4634.0	5.978351e-17
4636.0	6.131236e-17
4638.0	5.71077e-17
4640.0	5.633664e-17
4642.0	6.232065e-17
4644.0	6.332555e-17
4646.0	6.173719e-17
4648.0	6.425918e-17
4650.0	6.074576e-17
4652.0	5.720287e-17
4654.0	5.917477e-17
4656.0	6.407354e-17
4658.0	6.812595e-17
4660.0	6.938156e-17
4662.0	6.647515e-17
4664.0	6.773231e-17
4666.0	7.03233e-17
4668.0	7.0387e-17
4670.0	7.184125e-17
4672.0	7.448774e-17
4674.0	7.413876e-17
4676.0	7.541938e-17
4678.0	7.890713e-17
4680.0	8.119324e-17
4682.0	8.523105e-17
4684.0	8.265565e-17
4686.0	8.281623e-17
4688.0	8.596766e-17
4690.0	8.376885e-17
4692.0	8.663706e-17
4694.0	9.452282e-17
4696.0	9.758245e-17
4698.0	1.000597e-16
4700.0	1.008804e-16
4702.0	1.010788e-16
4704.0	1.0055e-16
4706.0	1.0753e-16
4708.0	1.125744e-16
4710.0	1.107039e-16
4712.0	1.085184e-16
4714.0	1.099179e-16
4716.0	1.164495e-16
4718.0	1.196639e-16
4720.0	1.173982e-16
4722.0	1.190915e-16
4724.0	1.255562e-16
4726.0	1.244578e-16
4728.0	1.288565e-16
4730.0	1.298434e-16
4732.0	1.316824e-16
4734.0	1.32742e-16
4736.0	1.317633e-16
4738.0	1.367604e-16
4740.0	1.397367e-16
4742.0	1.385964e-16
4744.0	1.371864e-16
4746.0	1.403647e-16
4748.0	1.456247e-16
4750.0	1.469718e-16
4752.0	1.474545e-16
4754.0	1.51512e-16
4756.0	1.553459e-16
4758.0	1.555158e-16
4760.0	1.597627e-16
4762.0	1.63788e-16
4764.0	1.60702e-16
4766.0	1.589734e-16
4768.0	1.68244e-16
4770.0	1.679325e-16
4772.0	1.674437e-16
4774.0	1.748694e-16
4776.0	1.78685e-16
4778.0	1.805127e-16
4780.0	1.780306e-16
4782.0	1.773357e-16
4784.0	1.789326e-16
4786.0	1.772959e-16
4788.0	1.790497e-16
4790.0	1.839686e-16
4792.0	1.840552e-16
4794.0	1.849076e-16
4796.0	1.842799e-16
4798.0	1.822131e-16
4800.0	1.856561e-16
4802.0	1.900921e-16
4804.0	1.856323e-16
4806.0	1.85067e-16
4808.0	1.899255e-16
4810.0	1.807604e-16
4812.0	1.766691e-16
4814.0	1.787374e-16
4816.0	1.774213e-16
4818.0	1.720424e-16
4820.0	1.718209e-16
4822.0	1.678602e-16
4824.0	1.65165e-16
4826.0	1.649859e-16
4828.0	1.618173e-16
4830.0	1.568558e-16
4832.0	1.578846e-16
4834.0	1.567823e-16
4836.0	1.521225e-16
4838.0	1.520256e-16
4840.0	1.531296e-16
4842.0	1.458441e-16
4844.0	1.397736e-16
4846.0	1.405497e-16
4848.0	1.41148e-16
4850.0	1.439535e-16
4852.0	1.370467e-16
4854.0	1.359487e-16
4856.0	1.348839e-16
4858.0	1.312587e-16
4860.0	1.278859e-16
4862.0	1.224145e-16
4864.0	1.188211e-16
4866.0	1.150924e-16
4868.0	1.196454e-16
4870.0	1.17554e-16
4872.0	1.167463e-16
4874.0	1.179335e-16
4876.0	1.168754e-16
4878.0	1.123529e-16
4880.0	1.12371e-16
4882.0	1.149145e-16
4884.0	1.117559e-16
4886.0	1.061602e-16
4888.0	1.070119e-16
4890.0	1.091649e-16
4892.0	1.048014e-16
4894.0	1.013357e-16
4896.0	9.834467e-17
4898.0	1.008547e-16
4900.0	9.887756e-17
4902.0	9.836754e-17
4904.0	8.772449e-17
4906.0	8.949063e-17
4908.0	8.772769e-17
4910.0	8.725673e-17
4912.0	8.331075e-17
4914.0	8.193112e-17
4916.0	8.30855e-17
4918.0	7.825195e-17
4920.0	7.440558e-17
4922.0	7.500284e-17
4924.0	7.290227e-17
4926.0	7.075473e-17
4928.0	7.264012e-17
4930.0	7.233879e-17
4932.0	6.94375e-17
4934.0	6.761004e-17
4936.0	6.501407e-17
4938.0	6.252565e-17
4940.0	6.39531e-17
4942.0	6.689851e-17
4944.0	6.688144e-17
4946.0	6.556371e-17
4948.0	6.209749e-17
4950.0	6.263628e-17
4952.0	6.812575e-17
4954.0	7.052616e-17
4956.0	6.959898e-17
4958.0	6.59968e-17
4960.0	7.058679e-17
4962.0	6.890663e-17
4964.0	6.660687e-17
4966.0	6.910213e-17
4968.0	6.837498e-17
4970.0	7.206274e-17
4972.0	7.31044e-17
4974.0	6.970705e-17
4976.0	6.95787e-17
4978.0	6.953264e-17
4980.0	7.29095e-17
4982.0	7.384132e-17
4984.0	7.194926e-17
4986.0	7.355172e-17
4988.0	7.168853e-17
4990.0	7.087041e-17
4992.0	7.203937e-17
4994.0	7.119769e-17
4996.0	6.835232e-17
4998.0	6.621256e-17
5000.0	6.521194e-17
5002.0	6.318965e-17
5004.0	6.906329e-17
5006.0	7.035591e-17
5008.0	6.802693e-17
5010.0	7.066634e-17
5012.0	6.809563e-17
5014.0	6.584374e-17
5016.0	6.608069e-17
5018.0	6.571268e-17
5020.0	6.739377e-17
5022.0	6.747425e-17
5024.0	6.595433e-17
5026.0	6.531533e-17
5028.0	6.577928e-17
5030.0	6.632409e-17
5032.0	6.573604e-17
5034.0	6.360909e-17
5036.0	6.080175e-17
5038.0	6.355994e-17
5040.0	6.583477e-17
5042.0	6.689232e-17
5044.0	6.918528e-17
5046.0	6.538511e-17
5048.0	6.957001e-17
5050.0	6.727736e-17
5052.0	6.592792e-17
5054.0	6.998823e-17
5056.0	6.913534e-17
5058.0	6.597614e-17
5060.0	7.035349e-17
5062.0	7.457755e-17
5064.0	7.555466e-17
5066.0	7.304458e-17
5068.0	7.159207e-17
5070.0	7.461925e-17
5072.0	7.941262e-17
5074.0	7.950348e-17
5076.0	7.898972e-17
5078.0	8.203301e-17
5080.0	8.51731e-17
5082.0	8.368254e-17
5084.0	8.309417e-17
5086.0	8.363668e-17
5088.0	8.396385e-17
5090.0	9.087583e-17
5092.0	9.099098e-17
5094.0	8.645553e-17
5096.0	8.720273e-17
5098.0	8.52499e-17
5100.0	8.728698e-17
5102.0	9.009817e-17
5104.0	8.952151e-17
5106.0	9.686556e-17
5108.0	9.471598e-17
5110.0	9.802811e-17
5112.0	9.640721e-17
5114.0	9.338401e-17
5116.0	9.47041e-17
5118.0	9.624483e-17
5120.0	9.677109e-17
5122.0	9.767893e-17
5124.0	9.73649e-17
5126.0	9.392796e-17
5128.0	9.539553e-17
5130.0	9.550184e-17
5132.0	9.43864e-17
5134.0	9.744189e-17
5136.0	9.619191e-17
5138.0	9.631743e-17
5140.0	9.521582e-17
5142.0	9.468586e-17
5144.0	9.064428e-17
5146.0	8.624306e-17
5148.0	8.857967e-17
5150.0	9.266816e-17
5152.0	9.230792e-17
5154.0	8.784425e-17
5156.0	8.552192e-17
5158.0	8.518731e-17
5160.0	8.637231e-17
5162.0	8.168391e-17
5164.0	8.047906e-17
5166.0	8.143286e-17
5168.0	8.304645e-17
5170.0	8.201058e-17
5172.0	7.930185e-17
5174.0	7.749772e-17
5176.0	7.985237e-17
5178.0	8.128476e-17
5180.0	7.908976e-17
5182.0	7.642514e-17
5184.0	7.493976e-17
5186.0	7.286619e-17
5188.0	7.428871e-17
5190.0	7.656502e-17
5192.0	7.412599e-17
5194.0	7.60475e-17
5196.0	7.411788e-17
5198.0	7.280829e-17
5200.0	7.086801e-17
5202.0	7.167818e-17
5204.0	6.858941e-17
5206.0	6.709972e-17
5208.0	6.931916e-17
5210.0	6.808454e-17
5212.0	7.120573e-17
5214.0	7.513191e-17
5216.0	7.253266e-17
5218.0	6.912072e-17
5220.0	6.810356e-17
5222.0	6.82944e-17
5224.0	6.750156e-17
5226.0	6.690947e-17
5228.0	6.769868e-17
5230.0	6.688805e-17
5232.0	6.603292e-17
5234.0	6.95306e-17
5236.0	7.00121e-17
5238.0	6.535901e-17
5240.0	6.310528e-17
5242.0	6.496702e-17
5244.0	6.74275e-17
5246.0	6.624011e-17
5248.0	6.392393e-17
5250.0	6.647931e-17
5252.0	6.345946e-17
5254.0	6.516169e-17
5256.0	6.655328e-17
5258.0	6.639884e-17
5260.0	6.377659e-17
5262.0	6.407391e-17
5264.0	6.592657e-17
5266.0	6.817288e-17
5268.0	6.603853e-17
5270.0	6.467032e-17
5272.0	6.429541e-17
5274.0	6.444321e-17
5276.0	6.813316e-17
5278.0	6.600809e-17
5280.0	6.59306e-17
5282.0	6.799527e-17
5284.0	6.760528e-17
5286.0	6.757879e-17
5288.0	6.903217e-17
5290.0	6.912214e-17
5292.0	6.694792e-17
5294.0	6.765589e-17
5296.0	6.788336e-17
5298.0	6.597236e-17
5300.0	6.42036e-17
5302.0	6.511791e-17
5304.0	6.775484e-17
5306.0	6.710622e-17
5308.0	6.764105e-17
5310.0	6.95348e-17
5312.0	7.127889e-17
5314.0	6.878909e-17
5316.0	7.009661e-17
5318.0	6.734731e-17
5320.0	6.739974e-17
5322.0	7.114357e-17
5324.0	6.905632e-17
5326.0	6.967421e-17
5328.0	7.207526e-17
5330.0	7.094836e-17
5332.0	7.000749e-17
5334.0	6.976839e-17
5336.0	6.975688e-17
5338.0	7.262879e-17
5340.0	7.426077e-17
5342.0	7.393962e-17
5344.0	7.509152e-17
5346.0	7.642973e-17
5348.0	7.6648e-17
5350.0	7.892e-17
5352.0	8.197809e-17
5354.0	8.182248e-17
5356.0	8.419069e-17
5358.0	8.647248e-17
5360.0	8.766489e-17
5362.0	8.946561e-17
5364.0	9.003159e-17
5366.0	9.001777e-17
5368.0	8.985761e-17
5370.0	9.010556e-17
5372.0	9.267524e-17
5374.0	9.59106e-17
5376.0	9.413004e-17
5378.0	9.471395e-17
5380.0	1.004122e-16
5382.0	1.049508e-16
5384.0	1.03053e-16
5386.0	1.002584e-16
5388.0	1.034267e-16
5390.0	1.08021e-16
5392.0	1.118789e-16
5394.0	1.110689e-16
5396.0	1.088455e-16
5398.0	1.075359e-16
5400.0	1.115801e-16
5402.0	1.123634e-16
5404.0	1.169658e-16
5406.0	1.165485e-16
5408.0	1.174244e-16
5410.0	1.215941e-16
5412.0	1.232254e-16
5414.0	1.236776e-16
5416.0	1.254112e-16
5418.0	1.279941e-16
5420.0	1.277329e-16
5422.0	1.273243e-16
5424.0	1.289507e-16
5426.0	1.320527e-16
5428.0	1.367762e-16
5430.0	1.395111e-16
5432.0	1.399555e-16
5434.0	1.420084e-16
5436.0	1.42549e-16
5438.0	1.440816e-16
5440.0	1.399661e-16
5442.0	1.410936e-16
5444.0	1.480337e-16
5446.0	1.474833e-16
5448.0	1.473545e-16
5450.0	1.462666e-16
5452.0	1.488878e-16
5454.0	1.51237e-16
5456.0	1.518004e-16
5458.0	1.50915e-16
5460.0	1.523198e-16
5462.0	1.470649e-16
5464.0	1.476925e-16
5466.0	1.508311e-16
5468.0	1.532921e-16
5470.0	1.533273e-16
5472.0	1.563453e-16
5474.0	1.58371e-16
5476.0	1.597839e-16
5478.0	1.601116e-16
5480.0	1.566449e-16
5482.0	1.551154e-16
5484.0	1.590236e-16
5486.0	1.630674e-16
5488.0	1.571116e-16
5490.0	1.542237e-16
5492.0	1.536169e-16
5494.0	1.560523e-16
5496.0	1.606884e-16
5498.0	1.595258e-16
5500.0	1.618874e-16
5502.0	1.633058e-16
5504.0	1.620159e-16
5506.0	1.647745e-16
5508.0	1.648278e-16
5510.0	1.621354e-16
5512.0	1.606386e-16
5514.0	1.635608e-16
5516.0	1.60663e-16
5518.0	1.569663e-16
5520.0	1.576016e-16
5522.0	1.541387e-16
5524.0	1.552146e-16
5526.0	1.569459e-16
5528.0	1.598711e-16
5530.0	1.574894e-16
5532.0	1.542674e-16
5534.0	1.557895e-16
5536.0	1.605975e-16
5538.0	1.603804e-16
5540.0	1.564204e-16
5542.0	1.537237e-16
5544.0	1.550557e-16
5546.0	1.542535e-16
5548.0	1.557206e-16
5550.0	1.55374e-16
5552.0	1.533832e-16
5554.0	1.573498e-16
5556.0	1.585487e-16
5558.0	1.566262e-16
5560.0	1.560149e-16
5562.0	1.575108e-16
5564.0	1.555475e-16
5566.0	1.545834e-16
5568.0	1.539345e-16
5570.0	1.536344e-16
5572.0	1.502348e-16
5574.0	1.454688e-16
5576.0	1.481811e-16
5578.0	1.567071e-16
5580.0	1.593055e-16
5582.0	1.525149e-16
5584.0	1.490623e-16
5586.0	1.54836e-16
5588.0	1.499096e-16
5590.0	1.506832e-16
5592.0	1.530524e-16
5594.0	1.509724e-16
5596.0	1.505942e-16
5598.0	1.512461e-16
5600.0	1.51262e-16
5602.0	1.490796e-16
5604.0	1.470493e-16
5606.0	1.456791e-16
5608.0	1.410536e-16
5610.0	1.386065e-16
5612.0	1.44815e-16
5614.0	1.455064e-16
5616.0	1.44226e-16
5618.0	1.393502e-16
5620.0	1.388592e-16
5622.0	1.40903e-16
5624.0	1.405223e-16
5626.0	1.413287e-16
5628.0	1.399264e-16
5630.0	1.371669e-16
5632.0	1.366939e-16
5634.0	1.382819e-16
5636.0	1.356932e-16
5638.0	1.343804e-16
5640.0	1.390869e-16
5642.0	1.412205e-16
5644.0	1.380069e-16
5646.0	1.341131e-16
5648.0	1.331959e-16
5650.0	1.336334e-16
5652.0	1.316736e-16
5654.0	1.31087e-16
5656.0	1.30662e-16
5658.0	1.288487e-16
5660.0	1.317793e-16
5662.0	1.315946e-16
5664.0	1.302487e-16
5666.0	1.30327e-16
5668.0	1.310486e-16
5670.0	1.28848e-16
5672.0	1.266648e-16
5674.0	1.264501e-16
5676.0	1.264171e-16
5678.0	1.253453e-16
5680.0	1.241681e-16
5682.0	1.245682e-16
5684.0	1.195301e-16
5686.0	1.197575e-16
5688.0	1.205895e-16
5690.0	1.17387e-16
5692.0	1.215639e-16
5694.0	1.193993e-16
5696.0	1.182226e-16
5698.0	1.157262e-16
5700.0	1.179168e-16
5702.0	1.196315e-16
5704.0	1.187436e-16
5706.0	1.157519e-16
5708.0	1.115433e-16
5710.0	1.110809e-16
5712.0	1.133194e-16
5714.0	1.138156e-16
5716.0	1.108965e-16
5718.0	1.076399e-16
5720.0	1.06098e-16
5722.0	1.074559e-16
5724.0	1.106647e-16
5726.0	1.106912e-16
5728.0	1.059924e-16
5730.0	1.059445e-16
5732.0	1.054211e-16
5734.0	1.033958e-16
5736.0	1.024959e-16
5738.0	1.026289e-16
5740.0	1.010106e-16
5742.0	9.839268e-17
5744.0	9.82341e-17
5746.0	9.958001e-17
5748.0	9.735854e-17
5750.0	9.796998e-17
5752.0	1.004464e-16
5754.0	9.928503e-17
5756.0	9.904533e-17
5758.0	1.00529e-16
5760.0	9.61122e-17
5762.0	9.624529e-17
5764.0	9.692551e-17
5766.0	9.151014e-17
5768.0	8.853245e-17
5770.0	8.976555e-17
5772.0	9.009237e-17
5774.0	9.064299e-17
5776.0	9.051716e-17
5778.0	8.734997e-17
5780.0	8.587376e-17
5782.0	8.611357e-17
5784.0	8.379447e-17
5786.0	8.434166e-17
5788.0	8.680169e-17
5790.0	8.602036e-17
5792.0	8.335841e-17
5794.0	7.957145e-17
5796.0	7.991369e-17
5798.0	8.184355e-17
5800.0	7.832009e-17
5802.0	7.908188e-17
5804.0	7.741268e-17
5806.0	7.499249e-17
5808.0	7.801207e-17
5810.0	8.002585e-17
5812.0	7.716724e-17
5814.0	7.510102e-17
5816.0	7.844168e-17
5818.0	7.751868e-17
5820.0	7.437359e-17
5822.0	7.457072e-17
5824.0	7.293215e-17
5826.0	7.008713e-17
5828.0	6.8923e-17
5830.0	7.253023e-17
5832.0	7.069489e-17
5834.0	6.910213e-17
5836.0	6.814735e-17
5838.0	6.828764e-17
5840.0	6.911866e-17
5842.0	6.922128e-17
5844.0	6.781565e-17
5846.0	6.868809e-17
5848.0	6.479406e-17
5850.0	6.239357e-17
5852.0	6.339391e-17
5854.0	6.631615e-17
5856.0	6.620325e-17
5858.0	6.518169e-17
5860.0	6.533452e-17
5862.0	6.232852e-17
5864.0	6.15578e-17
5866.0	6.251351e-17
5868.0	6.025239e-17
5870.0	5.945909e-17
5872.0	5.92705e-17
5874.0	5.867697e-17
5876.0	6.022502e-17
5878.0	6.035497e-17
5880.0	5.693203e-17
5882.0	5.819004e-17
5884.0	6.187069e-17
5886.0	5.640832e-17
5888.0	5.48971e-17
5890.0	5.68892e-17
5892.0	5.469646e-17
5894.0	5.441139e-17
5896.0	5.400553e-17
5898.0	5.481297e-17
5900.0	5.451544e-17
5902.0	5.541504e-17
5904.0	5.655328e-17
5906.0	5.434651e-17
5908.0	5.276019e-17
5910.0	5.457202e-17
5912.0	5.496692e-17
5914.0	5.127757e-17
5916.0	4.868716e-17
5918.0	5.113771e-17
5920.0	5.505024e-17
5922.0	5.713962e-17
5924.0	5.633367e-17
5926.0	5.579885e-17
5928.0	5.350433e-17
5930.0	4.931379e-17
5932.0	5.108477e-17
5934.0	5.419909e-17
5936.0	5.119578e-17
5938.0	5.025473e-17
5940.0	5.144496e-17
5942.0	5.424668e-17
5944.0	5.422356e-17
5946.0	5.341573e-17
5948.0	5.253134e-17
5950.0	5.054494e-17
5952.0	5.064965e-17
5954.0	5.241624e-17
5956.0	5.444987e-17
5958.0	5.625082e-17
5960.0	5.498707e-17
5962.0	5.403733e-17
5964.0	5.382358e-17
5966.0	5.070368e-17
5968.0	5.115754e-17
5970.0	5.50069e-17
5972.0	5.492138e-17
5974.0	5.515097e-17
5976.0	5.68716e-17
5978.0	5.824275e-17
5980.0	5.680595e-17
5982.0	5.715334e-17
5984.0	5.912541e-17
5986.0	6.189986e-17
5988.0	6.347148e-17
5990.0	6.255262e-17
5992.0	6.258061e-17
5994.0	6.180426e-17
5996.0	6.205101e-17
5998.0	6.317329e-17
6000.0	6.609286e-17
6002.0	6.842531e-17
6004.0	6.777844e-17
6006.0	6.705962e-17
6008.0	6.53954e-17
6010.0	6.659593e-17
6012.0	7.100514e-17
6014.0	7.149787e-17
6016.0	7.01871e-17
6018.0	7.458346e-17
6020.0	7.524544e-17
6022.0	7.476444e-17
6024.0	7.565314e-17
6026.0	7.802526e-17
6028.0	7.753294e-17
6030.0	7.843831e-17
6032.0	8.027622e-17
6034.0	8.487422e-17
6036.0	8.329845e-17
6038.0	8.312247e-17
6040.0	8.728936e-17
6042.0	8.310284e-17
6044.0	8.680479e-17
6046.0	9.477973e-17
6048.0	9.348972e-17
6050.0	9.175898e-17
6052.0	9.372113e-17
6054.0	9.620388e-17
6056.0	9.771888e-17
6058.0	9.9812e-17
6060.0	1.015214e-16
6062.0	9.909812e-17
6064.0	9.994424e-17
6066.0	1.045805e-16
6068.0	1.078595e-16
6070.0	1.082498e-16
6072.0	1.064407e-16
6074.0	1.093179e-16
6076.0	1.080401e-16
6078.0	1.080253e-16
6080.0	1.085412e-16
6082.0	1.150939e-16
6084.0	1.138577e-16
6086.0	1.151029e-16
6088.0	1.1609e-16
6090.0	1.153575e-16
6092.0	1.194832e-16
6094.0	1.19322e-16
6096.0	1.194217e-16
6098.0	1.184702e-16
6100.0	1.208915e-16
6102.0	1.225005e-16
6104.0	1.22306e-16
6106.0	1.239826e-16
6108.0	1.251481e-16
6110.0	1.271954e-16
6112.0	1.289173e-16
6114.0	1.278059e-16
6116.0	1.250105e-16
6118.0	1.231391e-16
6120.0	1.223956e-16
6122.0	1.226722e-16
6124.0	1.249882e-16
6126.0	1.285488e-16
6128.0	1.306079e-16
6130.0	1.287529e-16
6132.0	1.283044e-16
6134.0	1.283224e-16
6136.0	1.269712e-16
6138.0	1.282434e-16
6140.0	1.318153e-16
6142.0	1.267685e-16
6144.0	1.253055e-16
6146.0	1.261737e-16
6148.0	1.261005e-16
6150.0	1.27994e-16
6152.0	1.284149e-16
6154.0	1.245917e-16
6156.0	1.201382e-16
6158.0	1.225506e-16
6160.0	1.245313e-16
6162.0	1.240167e-16
6164.0	1.228658e-16
6166.0	1.235773e-16
6168.0	1.223583e-16
6170.0	1.235392e-16
6172.0	1.246944e-16
6174.0	1.240962e-16
6176.0	1.207483e-16
6178.0	1.2322e-16
6180.0	1.247244e-16
6182.0	1.2099e-16
6184.0	1.19076e-16
6186.0	1.189541e-16
6188.0	1.210173e-16
6190.0	1.206066e-16
6192.0	1.167877e-16
6194.0	1.179406e-16
6196.0	1.175322e-16
6198.0	1.131327e-16
6200.0	1.145222e-16
6202.0	1.173029e-16
6204.0	1.173067e-16
6206.0	1.141745e-16
6208.0	1.111028e-16
6210.0	1.085194e-16
6212.0	1.096876e-16
6214.0	1.086235e-16
6216.0	1.032799e-16
6218.0	1.052628e-16
6220.0	1.071345e-16
6222.0	1.061063e-16
6224.0	1.063348e-16
6226.0	1.059883e-16
6228.0	1.019494e-16
6230.0	9.925763e-17
6232.0	1.009262e-16
6234.0	1.01449e-16
6236.0	9.59612e-17
6238.0	9.410371e-17
6240.0	9.380087e-17
6242.0	9.183419e-17
6244.0	9.347735e-17
6246.0	9.721932e-17
6248.0	9.350613e-17
6250.0	8.881305e-17
6252.0	9.197407e-17
6254.0	9.460487e-17
6256.0	9.377234e-17
6258.0	8.99856e-17
6260.0	8.694061e-17
6262.0	8.785413e-17
6264.0	8.947059e-17
6266.0	9.010212e-17
6268.0	8.627662e-17
6270.0	8.404999e-17
6272.0	8.045793e-17
6274.0	7.802695e-17
6276.0	7.860523e-17
6278.0	8.03498e-17
6280.0	8.115949e-17
6282.0	8.389721e-17
6284.0	8.212932e-17
6286.0	7.883496e-17
6288.0	7.893932e-17
6290.0	7.670686e-17
6292.0	7.286684e-17
6294.0	7.80561e-17
6296.0	8.128032e-17
6298.0	7.22538e-17
6300.0	6.480881e-17
6302.0	6.754026e-17
6304.0	6.479216e-17
6306.0	6.330095e-17
6308.0	6.508947e-17
6310.0	6.041894e-17
6312.0	5.925814e-17
6314.0	6.173095e-17
6316.0	5.998317e-17
6318.0	5.535915e-17
6320.0	5.422732e-17
6322.0	5.123399e-17
6324.0	4.924114e-17
6326.0	4.995048e-17
6328.0	5.128796e-17
6330.0	4.888232e-17
6332.0	5.158698e-17
6334.0	4.85699e-17
6336.0	4.591046e-17
6338.0	4.594096e-17
6340.0	4.620227e-17
6342.0	4.337169e-17
6344.0	4.401425e-17
6346.0	4.070565e-17
6348.0	4.016129e-17
6350.0	4.373673e-17
6352.0	4.308959e-17
6354.0	4.216991e-17
6356.0	4.241112e-17
6358.0	4.231347e-17
6360.0	4.291119e-17
6362.0	4.194133e-17
6364.0	3.888445e-17
6366.0	3.846512e-17
6368.0	3.808972e-17
6370.0	3.779881e-17
6372.0	3.807977e-17
6374.0	3.821439e-17
6376.0	3.662318e-17
6378.0	3.831349e-17
6380.0	3.979732e-17
6382.0	3.968219e-17
6384.0	3.887302e-17
6386.0	4.248505e-17
6388.0	4.06477e-17
6390.0	3.893613e-17
6392.0	3.994004e-17
6394.0	4.021894e-17
6396.0	4.18338e-17
6398.0	4.347043e-17
6400.0	4.386731e-17
6402.0	4.559989e-17
6404.0	4.577893e-17
6406.0	4.520857e-17
6408.0	4.509232e-17
6410.0	4.536027e-17
6412.0	4.780568e-17
6414.0	5.041207e-17
6416.0	5.333684e-17
6418.0	5.387168e-17
6420.0	5.234381e-17
6422.0	5.318737e-17
6424.0	5.353589e-17
6426.0	5.517367e-17
6428.0	5.687905e-17
6430.0	5.47819e-17
6432.0	5.762081e-17
6434.0	5.528205e-17
6436.0	5.8125e-17
6438.0	5.621036e-17
6440.0	5.696252e-17
6442.0	5.902597e-17
6444.0	6.223889e-17
6446.0	6.221119e-17
6448.0	6.203121e-17
6450.0	6.117408e-17
6452.0	6.178546e-17
6454.0	6.207889e-17
6456.0	6.299283e-17
6458.0	6.241587e-17
6460.0	6.294291e-17
6462.0	6.30872e-17
6464.0	6.393781e-17
6466.0	6.457119e-17
6468.0	6.600736e-17
6470.0	6.750186e-17
6472.0	6.754522e-17
6474.0	6.527675e-17
6476.0	6.372395e-17
6478.0	6.541645e-17
6480.0	6.492304e-17
6482.0	6.755606e-17
6484.0	6.774534e-17
6486.0	6.629332e-17
6488.0	6.779077e-17
6490.0	7.20433e-17
6492.0	7.218681e-17
6494.0	6.965071e-17
6496.0	7.09903e-17
6498.0	7.086839e-17
6500.0	7.337886e-17
6502.0	7.47627e-17
6504.0	7.377407e-17
6506.0	7.18664e-17
6508.0	7.095344e-17
6510.0	7.355604e-17
6512.0	7.569292e-17
6514.0	7.61841e-17
6516.0	7.527324e-17
6518.0	7.805777e-17
6520.0	7.783275e-17
6522.0	7.869227e-17
6524.0	8.096868e-17
6526.0	7.923149e-17
6528.0	7.738547e-17
6530.0	7.615949e-17
6532.0	7.354432e-17
6534.0	7.390654e-17
6536.0	7.718775e-17
6538.0	7.814974e-17
6540.0	7.842533e-17
6542.0	7.857489e-17
6544.0	7.852021e-17
6546.0	7.844766e-17
6548.0	7.70177e-17
6550.0	7.767162e-17
6552.0	8.023213e-17
6554.0	7.625226e-17
6556.0	7.777261e-17
6558.0	7.993039e-17
6560.0	7.681155e-17
6562.0	7.829002e-17
6564.0	7.890147e-17
6566.0	7.804257e-17
6568.0	7.563012e-17
6570.0	7.862383e-17
6572.0	7.91193e-17
6574.0	8.104311e-17
6576.0	8.030662e-17
6578.0	7.99156e-17
6580.0	7.950067e-17
6582.0	7.757019e-17
6584.0	7.8947e-17
6586.0	7.942026e-17
6588.0	7.879299e-17
6590.0	7.878263e-17
6592.0	7.668076e-17
6594.0	7.761699e-17
6596.0	7.947473e-17
6598.0	7.655891e-17
6600.0	7.781363e-17
6602.0	8.10714e-17
6604.0	8.104791e-17
6606.0	7.959875e-17
6608.0	8.027409e-17
6610.0	8.188101e-17
6612.0	8.042006e-17
6614.0	8.033993e-17
6616.0	7.908798e-17
6618.0	7.854543e-17
6620.0	7.780553e-17
6622.0	7.758249e-17
6624.0	7.92898e-17
6626.0	7.997741e-17
6628.0	7.872069e-17
6630.0	7.767224e-17
6632.0	7.74218e-17
6634.0	7.903758e-17
6636.0	7.949004e-17
6638.0	8.011375e-17
6640.0	7.820836e-17
6642.0	7.879238e-17
6644.0	7.904329e-17
6646.0	8.15739e-17
6648.0	8.093195e-17
6650.0	8.005696e-17
6652.0	8.056575e-17
6654.0	7.654751e-17
6656.0	7.431569e-17
6658.0	7.86592e-17
6660.0	7.859664e-17
6662.0	7.711378e-17
6664.0	7.666108e-17
6666.0	7.795719e-17
6668.0	7.889652e-17
6670.0	8.084508e-17
6672.0	8.012921e-17
6674.0	7.863471e-17
6676.0	7.785748e-17
6678.0	8.009602e-17
6680.0	7.930634e-17
6682.0	7.869147e-17
6684.0	7.693529e-17
6686.0	7.409115e-17
6688.0	7.69342e-17
6690.0	7.997341e-17
6692.0	7.894406e-17
6694.0	7.774803e-17
6696.0	8.041287e-17
6698.0	7.992126e-17
6700.0	7.82656e-17
6702.0	7.613326e-17
6704.0	7.756696e-17
6706.0	7.929369e-17
6708.0	7.949689e-17
6710.0	7.816061e-17
6712.0	7.608236e-17
6714.0	7.802898e-17
6716.0	8.174963e-17
6718.0	8.01016e-17
6720.0	7.831264e-17
6722.0	7.804928e-17
6724.0	7.611163e-17
6726.0	7.475456e-17
6728.0	7.965622e-17
6730.0	8.109505e-17
6732.0	7.74415e-17
6734.0	7.821112e-17
6736.0	8.128414e-17
6738.0	8.117211e-17
6740.0	7.907028e-17
6742.0	7.738735e-17
6744.0	7.423325e-17
6746.0	7.642058e-17
6748.0	7.797763e-17
6750.0	7.854982e-17
6752.0	8.110684e-17
6754.0	7.941874e-17
6756.0	7.969189e-17
6758.0	8.225916e-17
6760.0	7.991086e-17
6762.0	7.805642e-17
6764.0	7.850929e-17
6766.0	7.621967e-17
6768.0	7.79216e-17
6770.0	8.099755e-17
6772.0	7.873793e-17
6774.0	8.048013e-17
6776.0	8.111489e-17
6778.0	7.879069e-17
6780.0	7.96526e-17
6782.0	7.85164e-17
6784.0	7.869494e-17
6786.0	8.188842e-17
6788.0	8.0908e-17
6790.0	7.930935e-17
6792.0	8.107318e-17
6794.0	8.243971e-17
6796.0	8.073732e-17
6798.0	7.989461e-17
6800.0	8.021092e-17
6802.0	8.022414e-17
6804.0	7.890569e-17
6806.0	7.7997e-17
6808.0	7.824468e-17
6810.0	7.755966e-17
6812.0	7.822107e-17
6814.0	8.143662e-17
6816.0	7.928177e-17
6818.0	7.821553e-17
6820.0	7.591384e-17
6822.0	7.704205e-17
6824.0	7.597395e-17
6826.0	7.391657e-17
6828.0	7.669263e-17
6830.0	7.609328e-17
6832.0	7.881417e-17
6834.0	7.944078e-17
6836.0	7.918639e-17
6838.0	7.777068e-17
6840.0	7.66281e-17
6842.0	7.344339e-17
6844.0	7.053574e-17
6846.0	7.390339e-17
6848.0	7.615591e-17
6850.0	7.353474e-17
6852.0	7.06361e-17
6854.0	7.218578e-17
6856.0	7.380696e-17
6858.0	7.235029e-17
6860.0	7.28569e-17
6862.0	7.220738e-17
6864.0	6.939685e-17
6866.0	6.896362e-17
6868.0	6.780173e-17
6870.0	6.77862e-17
6872.0	6.910496e-17
6874.0	6.84196e-17
6876.0	7.121913e-17
6878.0	7.397296e-17
6880.0	6.944912e-17
6882.0	6.35131e-17
6884.0	6.330767e-17
6886.0	6.400006e-17
6888.0	6.567315e-17
6890.0	6.532691e-17
6892.0	6.247672e-17
6894.0	6.106258e-17
6896.0	6.197231e-17
6898.0	6.271099e-17
6900.0	6.239002e-17
6902.0	6.256532e-17
6904.0	6.074761e-17
6906.0	6.126673e-17
6908.0	6.236604e-17
6910.0	6.091631e-17
6912.0	5.914261e-17
6914.0	5.835486e-17
6916.0	6.057912e-17
6918.0	5.981588e-17
6920.0	5.733287e-17
6922.0	5.78011e-17
6924.0	5.91016e-17
6926.0	5.602269e-17
6928.0	5.641869e-17
6930.0	5.485213e-17
6932.0	5.5277e-17
6934.0	5.698455e-17
6936.0	5.606649e-17
6938.0	5.53568e-17
6940.0	5.233254e-17
6942.0	4.994092e-17
6944.0	5.134957e-17
6946.0	5.488554e-17
6948.0	5.554167e-17
6950.0	5.207042e-17
6952.0	5.231881e-17
6954.0	5.272403e-17
6956.0	4.928096e-17
6958.0	4.811282e-17
6960.0	4.692692e-17
6962.0	4.92489e-17
6964.0	4.847665e-17
6966.0	5.16681e-17
6968.0	5.148655e-17
6970.0	4.813907e-17
6972.0	4.414761e-17
6974.0	4.338623e-17
6976.0	4.550291e-17
6978.0	4.708024e-17
6980.0	4.537885e-17
6982.0	4.637596e-17
6984.0	4.497167e-17
6986.0	4.395743e-17
6988.0	4.203378e-17
6990.0	4.062033e-17
6992.0	4.282888e-17
6994.0	4.488532e-17
6996.0	4.294813e-17
6998.0	4.157787e-17
7000.0	4.358958e-17
7002.0	4.144486e-17
7004.0	4.168658e-17
7006.0	4.137406e-17
7008.0	4.061624e-17
7010.0	3.944232e-17
7012.0	3.866839e-17
7014.0	3.928788e-17
7016.0	3.945095e-17
7018.0	3.98341e-17
7020.0	4.120134e-17
7022.0	4.103018e-17
7024.0	3.908112e-17
7026.0	3.728939e-17
7028.0	3.865081e-17
7030.0	3.739542e-17
7032.0	3.588333e-17
7034.0	3.65519e-17
7036.0	3.849824e-17
7038.0	4.08638e-17
7040.0	3.913323e-17
7042.0	3.649035e-17
7044.0	3.482877e-17
7046.0	3.450026e-17
7048.0	3.592343e-17
7050.0	3.720204e-17
