#	 psnj2310 
#	 UT date of observation: 20150915 
#	 Telescope/Instrument: KPNO4m/KOSMOS 
#	 Estimated Peak MJD: 57281.195 
#	 Estimated redshift: 0.039 
#	 Estimated Phase: -1.2 
#	 Published in Dettman et al. 2020 
#	 Observed barycentric wavelength (Angstroms)    F_lambda
4201.07587481	9.350358e-17
4202.4062469	6.321827e-17
4203.736619	9.295897e-17
4205.06699109	3.486736e-17
4206.39736319	8.486843e-18
4207.72773528	3.760201e-17
4209.05810738	7.557618e-17
4210.38847947	6.709818e-17
4211.71885157	-3.482064e-17
4213.04922366	5.834078e-17
4214.37959576	1.111061e-16
4215.70996785	5.209498e-17
4217.04033995	2.375416e-17
4218.37071204	-2.206981e-18
4219.70108414	1.377012e-16
4221.03145623	9.748881e-17
4222.36182833	1.823387e-16
4223.69220042	9.553252e-17
4225.02257252	8.556907e-17
4226.35294461	1.534228e-16
4227.68331671	5.451275e-17
4229.0136888	3.260669e-17
4230.3440609	1.32074e-16
4231.67443299	2.662437e-17
4233.00480509	5.768179e-18
4234.33517718	1.410075e-16
4235.66554928	1.132327e-16
4236.99592137	2.276114e-16
4238.32629347	7.692878e-17
4239.65666556	2.259497e-16
4240.98703766	7.290458e-17
4242.31740975	5.033845e-17
4243.64778185	4.036251e-17
4244.97815394	9.216355e-17
4246.30852604	1.214838e-16
4247.63889813	1.31087e-16
4248.96927023	8.553712e-17
4250.29964232	1.093257e-16
4251.63001442	7.606601e-17
4252.96038651	6.498287e-17
4254.29075861	-6.188353e-17
4255.6211307	1.95178e-16
4256.9515028	6.295875e-17
4258.2818749	3.259956e-17
4259.61224699	1.149095e-16
4260.94261909	4.21259e-17
4262.27299118	-1.366594e-17
4263.60336328	7.814858e-17
4264.93373537	1.585158e-17
4266.26410747	7.240129e-17
4267.59447956	4.611983e-17
4268.92485166	1.114406e-16
4270.25522375	1.31545e-16
4271.58559585	1.828247e-16
4272.91596794	1.077331e-16
4274.24634004	9.943653e-17
4275.57671213	1.033907e-16
4276.90708423	5.22463e-17
4278.23745632	6.908217e-17
4279.56782842	5.628381e-17
4280.89820051	1.52863e-16
4282.22857261	4.413965e-17
4283.5589447	4.209343e-17
4284.8893168	7.556622e-17
4286.21968889	9.244203e-17
4287.55006099	1.332067e-16
4288.88043308	3.833738e-17
4290.21080518	6.190959e-17
4291.54117727	1.303014e-16
4292.87154937	3.545636e-17
4294.20192146	1.620179e-16
4295.53229356	6.914386e-17
4296.86266565	3.415203e-17
4298.19303775	2.125813e-16
4299.52340984	1.014079e-16
4300.85378194	-8.9839e-18
4302.18415403	1.148716e-16
4303.51452613	1.365065e-16
4304.84489822	1.342228e-17
4306.17527032	8.694869e-17
4307.50564241	9.284389e-17
4308.83601451	5.271386e-17
4310.1663866	7.501674e-17
4311.4967587	1.119539e-16
4312.82713079	7.252651e-17
4314.15750289	1.048533e-16
4315.48787498	6.000846e-17
4316.81824708	3.724167e-17
4318.14861917	9.236478e-17
4319.47899127	9.656525e-17
4320.80936337	8.432593e-17
4322.13973546	8.129161e-17
4323.47010756	1.668977e-16
4324.80047965	2.619472e-17
4326.13085175	9.175944e-17
4327.46122384	1.576333e-16
4328.79159594	4.754003e-17
4330.12196803	2.171486e-16
4331.45234013	8.559418e-17
4332.78271222	1.756543e-16
4334.11308432	1.535861e-16
4335.44345641	9.766265e-17
4336.77382851	1.231812e-16
4338.1042006	5.766473e-17
4339.4345727	1.428488e-16
4340.76494479	5.008692e-17
4342.09531689	9.953044e-17
4343.42568898	2.207984e-16
4344.75606108	9.230257e-17
4346.08643317	1.39274e-16
4347.41680527	5.477524e-17
4348.74717736	8.370014e-17
4350.07754946	1.647839e-16
4351.40792155	-1.025856e-16
4352.73829365	1.50827e-16
4354.06866574	2.732529e-16
4355.39903784	2.298123e-16
4356.72940993	-1.712138e-18
4358.05978203	-3.320221e-17
4359.39015412	9.424999e-17
4360.72052622	8.767064e-17
4362.05089831	1.277534e-16
4363.38127041	3.07123e-17
4364.7116425	3.361826e-17
4366.0420146	1.09504e-16
4367.37238669	1.517759e-17
4368.70275879	1.472849e-16
4370.03313088	9.049266e-17
4371.36350298	2.334736e-17
4372.69387507	2.487279e-16
4374.02424717	2.981827e-17
4375.35461926	3.046575e-17
4376.68499136	1.665355e-16
4378.01536345	2.656328e-17
4379.34573555	6.163167e-17
4380.67610765	1.37591e-16
4382.00647974	1.534105e-17
4383.33685184	1.255174e-16
4384.66722393	6.33571e-17
4385.99759603	-7.741573e-17
4387.32796812	2.01353e-16
4388.65834022	4.263795e-17
4389.98871231	-3.039422e-17
4391.31908441	1.939355e-16
4392.6494565	8.092242e-17
4393.9798286	2.646353e-17
4395.31020069	1.339426e-16
4396.64057279	9.738893e-17
4397.97094488	4.980503e-17
4399.30131698	1.341985e-16
4400.63168907	1.389891e-16
4401.96206117	7.291814e-17
4403.29243326	6.490211e-17
4404.62280536	3.23792e-17
4405.95317745	1.477985e-16
4407.28354955	1.285715e-16
4408.61392164	2.399115e-17
4409.94429374	6.098369e-17
4411.27466583	8.012302e-17
4412.60503793	3.977709e-17
4413.93541002	6.829528e-17
4415.26578212	1.000492e-16
4416.59615421	5.496927e-17
4417.92652631	6.065803e-17
4419.2568984	1.129259e-16
4420.5872705	6.582523e-17
4421.91764259	5.243726e-17
4423.24801469	1.072726e-16
4424.57838678	6.124248e-17
4425.90875888	8.374496e-17
4427.23913097	9.660879e-17
4428.56950307	6.500044e-17
4429.89987516	-2.69728e-17
4431.23024726	1.10829e-18
4432.56061935	1.552092e-16
4433.89099145	1.25606e-16
4435.22136354	8.737404e-17
4436.55173564	1.116817e-16
4437.88210773	1.442899e-17
4439.21247983	7.31079e-17
4440.54285192	1.665717e-17
4441.87322402	1.342345e-16
4443.20359612	2.572662e-17
4444.53396821	1.503983e-16
4445.86434031	6.234339e-17
4447.1947124	1.334054e-16
4448.5250845	1.238733e-16
4449.85545659	4.720577e-17
4451.18582869	8.319801e-17
4452.51620078	6.302539e-17
4453.84657288	4.927234e-17
4455.17694497	9.788133e-17
4456.50731707	8.093204e-17
4457.83768916	6.706771e-17
4459.16806126	7.112505e-17
4460.49843335	3.431266e-17
4461.82880545	5.102446e-17
4463.15917754	7.654871e-17
4464.48954964	8.548795e-17
4465.81992173	1.109742e-16
4467.15029383	-1.501905e-17
4468.48066592	7.091044e-17
4469.81103802	1.159201e-16
4471.14141011	7.722376e-17
4472.47178221	9.268178e-17
4473.8021543	3.209933e-17
4475.1325264	1.18235e-16
4476.46289849	4.218777e-17
4477.79327059	9.510687e-17
4479.12364268	7.049823e-17
4480.45401478	6.498796e-17
4481.78438687	1.314948e-16
4483.11475897	6.35427e-17
4484.44513106	-1.224016e-17
4485.77550316	1.53327e-16
4487.10587525	4.633046e-17
4488.43624735	8.309833e-17
4489.76661944	2.236721e-17
4491.09699154	1.29814e-17
4492.42736363	1.473624e-16
4493.75773573	-6.560675e-17
4495.08810782	1.814277e-16
4496.41847992	4.304487e-17
4497.74885201	6.027205e-17
4499.07922411	1.956198e-16
4500.4095962	-3.685713e-17
4501.7399683	1.497447e-16
4503.07034039	7.958182e-17
4504.40071249	-2.531645e-17
4505.73108459	1.153519e-16
4507.06145668	4.340423e-17
4508.39182878	-3.761579e-17
4509.72220087	1.999986e-16
4511.05257297	5.758467e-17
4512.38294506	-2.228425e-17
4513.71331716	1.339052e-16
4515.04368925	1.060614e-16
4516.37406135	1.500878e-17
4517.70443344	1.248924e-16
4519.03480554	1.087911e-16
4520.36517763	1.414847e-17
4521.69554973	1.417209e-16
4523.02592182	5.561248e-17
4524.35629392	1.239211e-16
4525.68666601	8.90297e-17
4527.01703811	7.117917e-18
4528.3474102	1.261784e-16
4529.6777823	2.728615e-17
4531.00815439	6.718632e-17
4532.33852649	1.009819e-16
4533.66889858	6.60577e-17
4534.99927068	1.404772e-16
4536.32964277	7.021552e-17
4537.66001487	6.476458e-17
4538.99038696	9.813649e-17
4540.32075906	6.190706e-17
4541.65113115	6.678597e-17
4542.98150325	8.031993e-17
4544.31187534	2.952623e-17
4545.64224744	1.025644e-16
4546.97261953	9.039757e-17
4548.30299163	6.167857e-17
4549.63336372	6.721679e-17
4550.96373582	4.839101e-17
4552.29410791	4.218334e-17
4553.62448001	3.729403e-17
4554.9548521	7.156617e-17
4556.2852242	1.383737e-16
4557.61559629	1.129526e-16
4558.94596839	1.155134e-16
4560.27634048	7.148969e-17
4561.60671258	5.301266e-17
4562.93708467	5.865205e-17
4564.26745677	8.262128e-17
4565.59782887	1.323027e-17
4566.92820096	2.548603e-17
4568.25857306	4.419276e-17
4569.58894515	6.643713e-17
4570.91931725	7.77678e-17
4572.24968934	5.898951e-17
4573.58006144	1.218762e-16
4574.91043353	9.665157e-17
4576.24080563	6.306897e-17
4577.57117772	8.428972e-17
4578.90154982	5.831921e-17
4580.23192191	3.963982e-17
4581.56229401	1.098104e-16
4582.8926661	4.44459e-17
4584.2230382	6.660037e-17
4585.55341029	5.822116e-17
4586.88378239	5.00238e-17
4588.21415448	8.726297e-17
4589.54452658	2.925749e-17
4590.87489867	1.124353e-16
4592.20527077	5.58046e-17
4593.53564286	4.189892e-17
4594.86601496	5.27417e-17
4596.19638705	6.902937e-17
4597.52675915	6.152535e-17
4598.85713124	8.624948e-17
4600.18750334	7.788309e-17
4601.51787543	6.267189e-17
4602.84824753	7.522168e-17
4604.17861962	5.914999e-17
4605.50899172	4.75341e-17
4606.83936381	9.975359e-17
4608.16973591	5.100322e-17
4609.500108	9.767954e-17
4610.8304801	6.443431e-17
4612.16085219	1.032562e-16
4613.49122429	8.062903e-17
4614.82159638	6.609704e-17
4616.15196848	1.100669e-16
4617.48234057	6.504766e-17
4618.81271267	1.471001e-16
4620.14308476	3.930677e-17
4621.47345686	7.84899e-17
4622.80382895	1.249255e-16
4624.13420105	1.047632e-16
4625.46457314	7.595313e-17
4626.79494524	1.072379e-16
4628.12531734	9.808482e-17
4629.45568943	5.275696e-17
4630.78606153	1.027292e-16
4632.11643362	5.784614e-17
4633.44680572	7.772754e-17
4634.77717781	1.232656e-16
4636.10754991	1.026958e-16
4637.437922	9.436691e-17
4638.7682941	7.185751e-17
4640.09866619	8.805886e-17
4641.42903829	1.009857e-16
4642.75941038	9.873866e-17
4644.08978248	5.928264e-17
4645.42015457	1.024052e-16
4646.75052667	7.469733e-17
4648.08089876	1.108616e-16
4649.41127086	1.159869e-16
4650.74164295	1.093229e-16
4652.07201505	1.096103e-16
4653.40238714	7.416339e-17
4654.73275924	8.68597e-17
4656.06313133	1.080123e-16
4657.39350343	6.666847e-17
4658.72387552	7.301703e-17
4660.05424762	1.360715e-16
4661.38461971	7.934728e-17
4662.71499181	1.021242e-16
4664.0453639	1.199571e-16
4665.375736	1.441891e-16
4666.70610809	9.077598e-17
4668.03648019	3.883552e-17
4669.36685228	1.287965e-16
4670.69722438	1.110535e-16
4672.02759647	6.229802e-17
4673.35796857	1.168173e-16
4674.68834066	8.469885e-17
4676.01871276	5.872333e-17
4677.34908485	7.726301e-17
4678.67945695	9.84117e-17
4680.00982904	7.909594e-17
4681.34020114	8.418578e-17
4682.67057323	7.234116e-17
4684.00094533	1.124807e-16
4685.33131742	9.40024e-17
4686.66168952	1.12179e-16
4687.99206161	1.270369e-16
4689.32243371	5.720818e-17
4690.65280581	1.242776e-16
4691.9831779	1.217416e-16
4693.31355	6.196565e-17
4694.64392209	1.218859e-16
4695.97429419	7.761991e-17
4697.30466628	8.871889e-17
4698.63503838	1.60194e-16
4699.96541047	8.316125e-17
4701.29578257	7.321783e-17
4702.62615466	1.440971e-16
4703.95652676	1.112052e-16
4705.28689885	1.345773e-16
4706.61727095	6.929833e-17
4707.94764304	8.89505e-17
4709.27801514	1.030137e-16
4710.60838723	1.564017e-16
4711.93875933	8.932036e-17
4713.26913142	1.177041e-16
4714.59950352	1.014019e-16
4715.92987561	1.640193e-16
4717.26024771	8.326761e-17
4718.5906198	1.278957e-16
4719.9209919	1.117471e-16
4721.25136399	1.006347e-16
4722.58173609	9.586232e-17
4723.91210818	1.353323e-16
4725.24248028	1.015913e-16
4726.57285237	8.448395e-17
4727.90322447	1.951785e-16
4729.23359656	9.394495e-17
4730.56396866	8.709641e-17
4731.89434075	1.617851e-16
4733.22471285	6.286778e-17
4734.55508494	1.292831e-16
4735.88545704	1.411713e-16
4737.21582913	1.394999e-16
4738.54620123	1.084456e-16
4739.87657332	1.532925e-16
4741.20694542	1.158062e-16
4742.53731751	9.590599e-17
4743.86768961	1.272665e-16
4745.1980617	1.347951e-16
4746.5284338	1.337955e-16
4747.85880589	1.358937e-16
4749.18917799	1.501857e-16
4750.51955009	1.226506e-16
4751.84992218	1.349843e-16
4753.18029428	1.215403e-16
4754.51066637	1.148712e-16
4755.84103847	8.325918e-17
4757.17141056	1.124945e-16
4758.50178266	1.439915e-16
4759.83215475	8.44736e-17
4761.16252685	1.22072e-16
4762.49289894	8.900817e-17
4763.82327104	1.014914e-16
4765.15364313	1.120625e-16
4766.48401523	1.064366e-16
4767.81438732	1.355889e-16
4769.14475942	1.160997e-16
4770.47513151	1.430573e-16
4771.80550361	1.635166e-16
4773.1358757	1.097402e-16
4774.4662478	9.508576e-17
4775.79661989	1.410063e-16
4777.12699199	1.371574e-16
4778.45736408	8.524768e-17
4779.78773618	1.051845e-16
4781.11810827	1.69396e-16
4782.44848037	7.950022e-17
4783.77885246	1.341157e-16
4785.10922456	1.319346e-16
4786.43959665	1.142846e-16
4787.76996875	8.86772e-17
4789.10034084	1.170253e-16
4790.43071294	1.02094e-16
4791.76108503	1.242386e-16
4793.09145713	9.430065e-17
4794.42182922	1.04983e-16
4795.75220132	1.0627e-16
4797.08257341	1.489482e-16
4798.41294551	1.215207e-16
4799.7433176	1.409783e-16
4801.0736897	7.717982e-17
4802.40406179	1.139928e-16
4803.73443389	1.619753e-16
4805.06480598	8.902568e-17
4806.39517808	1.22212e-16
4807.72555017	1.144298e-16
4809.05592227	1.315195e-16
4810.38629436	1.383801e-16
4811.71666646	1.35474e-16
4813.04703856	9.43621e-17
4814.37741065	9.251345e-17
4815.70778275	7.334392e-17
4817.03815484	1.184029e-16
4818.36852694	1.204009e-16
4819.69889903	1.861079e-16
4821.02927113	1.206519e-16
4822.35964322	1.058411e-16
4823.69001532	1.610935e-16
4825.02038741	1.022406e-16
4826.35075951	1.34929e-16
4827.6811316	7.522256e-17
4829.0115037	1.858617e-16
4830.34187579	1.285696e-16
4831.67224789	1.482238e-16
4833.00261998	1.013726e-16
4834.33299208	9.789975e-17
4835.66336417	1.454182e-16
4836.99373627	1.30926e-16
4838.32410836	1.242339e-16
4839.65448046	1.015134e-16
4840.98485255	1.082017e-16
4842.31522465	1.292224e-16
4843.64559674	1.418821e-16
4844.97596884	1.345082e-16
4846.30634093	1.139583e-16
4847.63671303	1.442283e-16
4848.96708512	1.346053e-16
4850.29745722	1.930868e-16
4851.62782931	1.370009e-16
4852.95820141	1.462839e-16
4854.2885735	9.441114e-17
4855.6189456	1.108664e-16
4856.94931769	1.799485e-16
4858.27968979	1.3789e-16
4859.61006188	9.426681e-17
4860.94043398	1.746031e-16
4862.27080607	1.752774e-16
4863.60117817	1.527782e-16
4864.93155026	1.833165e-16
4866.26192236	2.000093e-16
4867.59229445	1.379387e-16
4868.92266655	1.399289e-16
4870.25303864	1.405474e-16
4871.58341074	1.699307e-16
4872.91378284	1.229562e-16
4874.24415493	1.28941e-16
4875.57452703	8.885989e-17
4876.90489912	1.027505e-16
4878.23527122	1.101017e-16
4879.56564331	1.024294e-16
4880.89601541	1.076755e-16
4882.2263875	1.704838e-16
4883.5567596	1.333835e-16
4884.88713169	1.202153e-16
4886.21750379	9.147845e-17
4887.54787588	1.049255e-16
4888.87824798	1.69955e-16
4890.20862007	9.948569e-17
4891.53899217	9.853194e-17
4892.86936426	1.23452e-16
4894.19973636	1.406228e-16
4895.53010845	1.159016e-16
4896.86048055	1.152905e-16
4898.19085264	1.222247e-16
4899.52122474	8.804193e-17
4900.85159683	1.185247e-16
4902.18196893	1.425876e-16
4903.51234102	8.568987e-17
4904.84271312	1.293238e-16
4906.17308521	7.604679e-17
4907.50345731	1.207734e-16
4908.8338294	1.084053e-16
4910.1642015	1.237986e-16
4911.49457359	6.789029e-17
4912.82494569	1.045323e-16
4914.15531778	8.38657e-17
4915.48568988	8.785176e-17
4916.81606197	1.237144e-16
4918.14643407	1.071131e-16
4919.47680616	1.147966e-16
4920.80717826	9.406789e-17
4922.13755035	1.218169e-16
4923.46792245	1.002719e-16
4924.79829454	1.092962e-16
4926.12866664	1.15759e-16
4927.45903873	1.156607e-16
4928.78941083	9.406448e-17
4930.11978292	1.290471e-16
4931.45015502	1.165834e-16
4932.78052711	1.228081e-16
4934.11089921	9.62326e-17
4935.44127131	1.100414e-16
4936.7716434	9.62483e-17
4938.1020155	1.003918e-16
4939.43238759	1.176129e-16
4940.76275969	1.189958e-16
4942.09313178	1.29287e-16
4943.42350388	8.635735e-17
4944.75387597	1.089795e-16
4946.08424807	1.033884e-16
4947.41462016	1.257411e-16
4948.74499226	1.30116e-16
4950.07536435	8.290137e-17
4951.40573645	7.770232e-17
4952.73610854	1.241182e-16
4954.06648064	1.155569e-16
4955.39685273	1.130665e-16
4956.72722483	9.537353e-17
4958.05759692	7.733595e-17
4959.38796902	1.401824e-16
4960.71834111	9.764871e-17
4962.04871321	1.149001e-16
4963.3790853	1.287333e-16
4964.7094574	1.355058e-16
4966.03982949	7.132404e-17
4967.37020159	8.113878e-17
4968.70057368	7.755803e-17
4970.03094578	1.079573e-16
4971.36131787	8.750281e-17
4972.69168997	9.401613e-17
4974.02206206	1.21252e-16
4975.35243416	8.841386e-17
4976.68280625	7.787344e-17
4978.01317835	6.768254e-17
4979.34355044	8.889795e-17
4980.67392254	1.080461e-16
4982.00429463	8.635506e-17
4983.33466673	1.147059e-16
4984.66503882	1.116433e-16
4985.99541092	7.940766e-17
4987.32578301	7.210155e-17
4988.65615511	1.134003e-16
4989.9865272	1.235928e-16
4991.3168993	1.107924e-16
4992.64727139	1.185035e-16
4993.97764349	1.395135e-16
4995.30801558	1.029297e-16
4996.63838768	1.179851e-16
4997.96875978	9.913768e-17
4999.29913187	1.290458e-16
5000.62950397	1.032162e-16
5001.95987606	8.671023e-17
5003.29024816	7.696451e-17
5004.62062025	8.749644e-17
5005.95099235	1.105954e-16
5007.28136444	1.110909e-16
5008.61173654	8.716517e-17
5009.94210863	1.049982e-16
5011.27248073	1.183264e-16
5012.60285282	1.132932e-16
5013.93322492	1.275004e-16
5015.26359701	1.303685e-16
5016.59396911	1.108472e-16
5017.9243412	1.282005e-16
5019.2547133	1.173787e-16
5020.58508539	1.225673e-16
5021.91545749	1.111634e-16
5023.24582958	9.617342e-17
5024.57620168	8.564715e-17
5025.90657377	1.049022e-16
5027.23694587	9.798823e-17
5028.56731796	1.243348e-16
5029.89769006	1.336933e-16
5031.22806215	8.956616e-17
5032.55843425	1.205844e-16
5033.88880634	1.192903e-16
5035.21917844	1.23591e-16
5036.54955053	6.095837e-17
5037.87992263	1.245542e-16
5039.21029472	1.371057e-16
5040.54066682	7.986393e-17
5041.87103891	8.010248e-17
5043.20141101	1.220904e-16
5044.5317831	9.623796e-17
5045.8621552	1.031928e-16
5047.19252729	1.168355e-16
5048.52289939	1.169599e-16
5049.85327148	1.138483e-16
5051.18364358	8.685842e-17
5052.51401567	1.06972e-16
5053.84438777	1.05122e-16
5055.17475986	1.084271e-16
5056.50513196	1.208278e-16
5057.83550406	8.331951e-17
5059.16587615	1.161448e-16
5060.49624825	1.069831e-16
5061.82662034	9.807809e-17
5063.15699244	7.426514e-17
5064.48736453	1.054638e-16
5065.81773663	9.727667e-17
5067.14810872	8.086629e-17
5068.47848082	7.156755e-17
5069.80885291	1.007224e-16
5071.13922501	1.086575e-16
5072.4695971	1.081156e-16
5073.7999692	9.591818e-17
5075.13034129	5.817456e-17
5076.46071339	1.053338e-16
5077.79108548	8.657096e-17
5079.12145758	1.069921e-16
5080.45182967	9.708088e-17
5081.78220177	8.911645e-17
5083.11257386	9.086526e-17
5084.44294596	1.075433e-16
5085.77331805	1.1652e-16
5087.10369015	8.07802e-17
5088.43406224	1.063715e-16
5089.76443434	9.962792e-17
5091.09480643	8.126949e-17
5092.42517853	7.468972e-17
5093.75555062	1.00903e-16
5095.08592272	1.146056e-16
5096.41629481	5.441373e-17
5097.74666691	1.270885e-16
5099.077039	1.245651e-16
5100.4074111	1.110286e-16
5101.73778319	1.080813e-16
5103.06815529	5.837152e-17
5104.39852738	8.625781e-17
5105.72889948	1.224777e-16
5107.05927157	1.053137e-16
5108.38964367	1.297598e-16
5109.72001576	1.169925e-16
5111.05038786	1.377238e-16
5112.38075995	6.884614e-17
5113.71113205	8.44899e-17
5115.04150414	9.776498e-17
5116.37187624	1.451548e-16
5117.70224833	1.053934e-16
5119.03262043	7.687625e-17
5120.36299253	9.351978e-17
5121.69336462	1.09114e-16
5123.02373672	1.098095e-16
5124.35410881	1.235792e-16
5125.68448091	1.0075e-16
5127.014853	1.044153e-16
5128.3452251	1.254863e-16
5129.67559719	9.107804e-17
5131.00596929	1.110178e-16
5132.33634138	9.270631e-17
5133.66671348	9.432658e-17
5134.99708557	1.096561e-16
5136.32745767	8.721049e-17
5137.65782976	8.557682e-17
5138.98820186	6.049808e-17
5140.31857395	1.368305e-16
5141.64894605	1.086968e-16
5142.97931814	1.055027e-16
5144.30969024	9.526539e-17
5145.64006233	1.021997e-16
5146.97043443	1.375287e-16
5148.30080652	1.238193e-16
5149.63117862	1.266402e-16
5150.96155071	7.517117e-17
5152.29192281	9.107423e-17
5153.6222949	1.191351e-16
5154.952667	1.045268e-16
5156.28303909	1.315173e-16
5157.61341119	1.136567e-16
5158.94378328	8.3944e-17
5160.27415538	8.828416e-17
5161.60452747	8.631098e-17
5162.93489957	9.83972e-17
5164.26527166	9.741793e-17
5165.59564376	8.368295e-17
5166.92601585	1.226863e-16
5168.25638795	9.619826e-17
5169.58676004	1.145395e-16
5170.91713214	1.189644e-16
5172.24750423	8.956565e-17
5173.57787633	9.081032e-17
5174.90824842	7.985029e-17
5176.23862052	1.176035e-16
5177.56899261	8.033327e-17
5178.89936471	1.052565e-16
5180.2297368	1.203053e-16
5181.5601089	1.052306e-16
5182.890481	7.159261e-17
5184.22085309	1.202178e-16
5185.55122519	1.020875e-16
5186.88159728	1.051303e-16
5188.21196938	7.569859e-17
5189.54234147	7.110493e-17
5190.87271357	1.178218e-16
5192.20308566	1.108433e-16
5193.53345776	6.965495e-17
5194.86382985	9.522061e-17
5196.19420195	9.842455e-17
5197.52457404	8.242846e-17
5198.85494614	1.061694e-16
5200.18531823	1.0981e-16
5201.51569033	8.824052e-17
5202.84606242	1.227261e-16
5204.17643452	9.679273e-17
5205.50680661	1.09491e-16
5206.83717871	1.059026e-16
5208.1675508	1.086545e-16
5209.4979229	8.024945e-17
5210.82829499	7.439533e-17
5212.15866709	1.114591e-16
5213.48903918	1.150325e-16
5214.81941128	1.141273e-16
5216.14978337	1.028755e-16
5217.48015547	1.099083e-16
5218.81052756	1.041757e-16
5220.14089966	9.837506e-17
5221.47127175	1.140218e-16
5222.80164385	8.799396e-17
5224.13201594	1.197547e-16
5225.46238804	9.120482e-17
5226.79276013	8.174104e-17
5228.12313223	1.239474e-16
5229.45350432	1.04035e-16
5230.78387642	8.075941e-17
5232.11424851	8.995788e-17
5233.44462061	1.217867e-16
5234.7749927	1.343125e-16
5236.1053648	1.228515e-16
5237.43573689	1.120536e-16
5238.76610899	8.093434e-17
5240.09648108	9.335289e-17
5241.42685318	1.241531e-16
5242.75722528	1.185407e-16
5244.08759737	1.018079e-16
5245.41796947	1.110063e-16
5246.74834156	8.553216e-17
5248.07871366	1.353799e-16
5249.40908575	1.164203e-16
5250.73945785	1.016421e-16
5252.06982994	1.022727e-16
5253.40020204	1.257643e-16
5254.73057413	1.203328e-16
5256.06094623	1.220141e-16
5257.39131832	1.423371e-16
5258.72169042	7.817691e-17
5260.05206251	1.33434e-16
5261.38243461	1.020812e-16
5262.7128067	1.258326e-16
5264.0431788	1.195501e-16
5265.37355089	8.123352e-17
5266.70392299	1.330888e-16
5268.03429508	1.343827e-16
5269.36466718	1.268698e-16
5270.69503927	1.141167e-16
5272.02541137	1.114351e-16
5273.35578346	9.949618e-17
5274.68615556	1.352627e-16
5276.01652765	1.259162e-16
5277.34689975	1.036132e-16
5278.67727184	9.815377e-17
5280.00764394	1.015569e-16
5281.33801603	1.052617e-16
5282.66838813	1.443043e-16
5283.99876022	1.010187e-16
5285.32913232	1.217055e-16
5286.65950441	9.139405e-17
5287.98987651	1.327634e-16
5289.3202486	1.058199e-16
5290.6506207	1.140788e-16
5291.98099279	1.160445e-16
5293.31136489	1.091336e-16
5294.64173698	1.335914e-16
5295.97210908	1.208356e-16
5297.30248117	9.944498e-17
5298.63285327	1.355391e-16
5299.96322536	7.95845e-17
5301.29359746	1.621131e-16
5302.62396955	1.257225e-16
5303.95434165	9.623298e-17
5305.28471375	1.304988e-16
5306.61508584	9.885918e-17
5307.94545794	1.144705e-16
5309.27583003	1.235914e-16
5310.60620213	1.180908e-16
5311.93657422	7.350038e-17
5313.26694632	9.989626e-17
5314.59731841	9.716036e-17
5315.92769051	1.036945e-16
5317.2580626	1.344765e-16
5318.5884347	1.107037e-16
5319.91880679	1.232643e-16
5321.24917889	1.228077e-16
5322.57955098	8.361714e-17
5323.90992308	1.502033e-16
5325.24029517	7.191818e-17
5326.57066727	9.95766e-17
5327.90103936	1.166433e-16
5329.23141146	1.332104e-16
5330.56178355	1.372311e-16
5331.89215565	1.104337e-16
5333.22252774	4.548451e-17
5334.55289984	9.346337e-17
5335.88327193	9.162709e-17
5337.21364403	1.29497e-16
5338.54401612	1.089793e-16
5339.87438822	9.700061e-17
5341.20476031	1.062786e-16
5342.53513241	1.115855e-16
5343.8655045	1.142948e-16
5345.1958766	1.265314e-16
5346.52624869	1.368325e-16
5347.85662079	1.044521e-16
5349.18699288	9.489079e-17
5350.51736498	9.635307e-17
5351.84773707	1.056427e-16
5353.17810917	1.478008e-16
5354.50848126	1.261269e-16
5355.83885336	1.133767e-16
5357.16922545	1.015841e-16
5358.49959755	1.339032e-16
5359.82996964	1.435314e-16
5361.16034174	1.249356e-16
5362.49071383	1.316362e-16
5363.82108593	1.091648e-16
5365.15145802	1.242315e-16
5366.48183012	9.338587e-17
5367.81220222	1.336091e-16
5369.14257431	1.22118e-16
5370.47294641	1.322534e-16
5371.8033185	1.323787e-16
5373.1336906	1.199111e-16
5374.46406269	9.604686e-17
5375.79443479	1.342349e-16
5377.12480688	1.345336e-16
5378.45517898	9.469176e-17
5379.78555107	1.341088e-16
5381.11592317	1.101294e-16
5382.44629526	1.311739e-16
5383.77666736	1.194693e-16
5385.10703945	1.003539e-16
5386.43741155	1.134028e-16
5387.76778364	1.580628e-16
5389.09815574	1.234107e-16
5390.42852783	1.286175e-16
5391.75889993	1.330662e-16
5393.08927202	1.190732e-16
5394.41964412	1.076775e-16
5395.75001621	1.316569e-16
5397.08038831	1.198151e-16
5398.4107604	1.134007e-16
5399.7411325	1.182075e-16
5401.07150459	1.42076e-16
5402.40187669	1.395554e-16
5403.73224878	1.325426e-16
5405.06262088	9.31665e-17
5406.39299297	1.107896e-16
5407.72336507	1.33617e-16
5409.05373716	1.142482e-16
5410.38410926	1.575252e-16
5411.71448135	9.827631e-17
5413.04485345	1.456336e-16
5414.37522554	1.172112e-16
5415.70559764	1.265807e-16
5417.03596973	1.456809e-16
5418.36634183	1.319306e-16
5419.69671392	1.293092e-16
5421.02708602	1.097037e-16
5422.35745811	1.161652e-16
5423.68783021	1.216506e-16
5425.0182023	1.49006e-16
5426.3485744	1.085963e-16
5427.6789465	1.314185e-16
5429.00931859	1.292363e-16
5430.33969069	1.354064e-16
5431.67006278	1.294889e-16
5433.00043488	1.211062e-16
5434.33080697	1.240071e-16
5435.66117907	1.066951e-16
5436.99155116	1.511476e-16
5438.32192326	1.08536e-16
5439.65229535	1.355147e-16
5440.98266745	1.398416e-16
5442.31303954	1.109667e-16
5443.64341164	1.22421e-16
5444.97378373	1.070207e-16
5446.30415583	1.415851e-16
5447.63452792	1.293447e-16
5448.96490002	9.874945e-17
5450.29527211	1.115105e-16
5451.62564421	1.362743e-16
5452.9560163	1.355079e-16
5454.2863884	1.198396e-16
5455.61676049	1.470303e-16
5456.94713259	1.075278e-16
5458.27750468	9.831363e-17
5459.60787678	1.381428e-16
5460.93824887	1.653047e-16
5462.26862097	1.183e-16
5463.59899306	1.428992e-16
5464.92936516	1.048851e-16
5466.25973725	1.452168e-16
5467.59010935	1.405588e-16
5468.92048144	1.330175e-16
5470.25085354	1.400613e-16
5471.58122563	1.458813e-16
5472.91159773	1.137876e-16
5474.24196982	1.451066e-16
5475.57234192	8.662877e-17
5476.90271401	1.267839e-16
5478.23308611	1.640518e-16
5479.5634582	1.298247e-16
5480.8938303	1.36586e-16
5482.22420239	1.073349e-16
5483.55457449	1.498032e-16
5484.88494658	1.558706e-16
5486.21531868	1.112776e-16
5487.54569077	1.50571e-16
5488.87606287	1.427396e-16
5490.20643497	1.570487e-16
5491.53680706	1.583045e-16
5492.86717916	1.310485e-16
5494.19755125	1.515954e-16
5495.52792335	1.007565e-16
5496.85829544	9.372171e-17
5498.18866754	1.24592e-16
5499.51903963	1.066587e-16
5500.84941173	1.289699e-16
5502.17978382	1.020932e-16
5503.51015592	1.149318e-16
5504.84052801	1.456104e-16
5506.17090011	9.576249e-17
5507.5012722	1.455564e-16
5508.8316443	1.056027e-16
5510.16201639	1.045402e-16
5511.49238849	1.12243e-16
5512.82276058	1.03826e-16
5514.15313268	1.045667e-16
5515.48350477	1.206971e-16
5516.81387687	1.164591e-16
5518.14424896	1.474227e-16
5519.47462106	1.293081e-16
5520.80499315	9.77272e-17
5522.13536525	1.359579e-16
5523.46573734	1.445546e-16
5524.79610944	1.555074e-16
5526.12648153	1.192598e-16
5527.45685363	1.114284e-16
5528.78722572	8.624124e-17
5530.11759782	1.104455e-16
5531.44796991	1.179992e-16
5532.77834201	9.322041e-17
5534.1087141	9.632467e-17
5535.4390862	9.402386e-17
5536.76945829	1.143648e-16
5538.09983039	1.236112e-16
5539.43020248	1.308708e-16
5540.76057458	8.90135e-17
5542.09094667	9.919498e-17
5543.42131877	1.247327e-16
5544.75169086	1.353231e-16
5546.08206296	1.017902e-16
5547.41243505	1.265409e-16
5548.74280715	1.436936e-16
5550.07317924	1.185516e-16
5551.40355134	1.021697e-16
5552.73392344	1.145214e-16
5554.06429553	1.630467e-16
5555.39466763	9.671164e-17
5556.72503972	9.217248e-17
5558.05541182	1.005007e-16
5559.38578391	1.253123e-16
5560.71615601	9.665265e-17
5562.0465281	1.432475e-16
5563.3769002	1.06355e-16
5564.70727229	1.422727e-16
5566.03764439	1.248028e-16
5567.36801648	1.337791e-16
5568.69838858	1.017487e-16
5570.02876067	1.217696e-16
5571.35913277	1.238063e-16
5572.68950486	1.113411e-16
5574.01987696	2.236494e-16
5575.35024905	1.612296e-16
5576.68062115	4.200484e-17
5578.01099324	6.614982e-17
5579.34136534	3.601496e-17
5580.67173743	1.176173e-16
5582.00210953	1.164509e-16
5583.33248162	1.181942e-16
5584.66285372	1.274028e-16
5585.99322581	1.571045e-16
5587.32359791	9.639512e-17
5588.65397	1.42304e-16
5589.9843421	8.955718e-17
5591.31471419	7.503929e-17
5592.64508629	1.059424e-16
5593.97545838	5.975265e-17
5595.30583048	9.579436e-17
5596.63620257	1.430807e-16
5597.96657467	1.142493e-16
5599.29694676	1.174175e-16
5600.62731886	1.166147e-16
5601.95769095	8.82803e-17
5603.28806305	9.980426e-17
5604.61843514	1.125705e-16
5605.94880724	9.10305e-17
5607.27917933	1.060319e-16
5608.60955143	1.432927e-16
5609.93992352	1.396942e-16
5611.27029562	1.261837e-16
5612.60066772	1.054475e-16
5613.93103981	9.527628e-17
5615.26141191	8.021329e-17
5616.591784	1.03282e-16
5617.9221561	8.674514e-17
5619.25252819	1.308243e-16
5620.58290029	1.204021e-16
5621.91327238	9.551705e-17
5623.24364448	1.11572e-16
5624.57401657	1.177412e-16
5625.90438867	1.081202e-16
5627.23476076	1.258685e-16
5628.56513286	1.064729e-16
5629.89550495	1.206717e-16
5631.22587705	9.853272e-17
5632.55624914	1.260008e-16
5633.88662124	9.095335e-17
5635.21699333	9.043619e-17
5636.54736543	1.170581e-16
5637.87773752	9.269671e-17
5639.20810962	1.200771e-16
5640.53848171	1.424784e-16
5641.86885381	1.262207e-16
5643.1992259	1.229001e-16
5644.529598	9.724401e-17
5645.85997009	1.204969e-16
5647.19034219	1.169338e-16
5648.52071428	1.40578e-16
5649.85108638	1.018941e-16
5651.18145847	1.158999e-16
5652.51183057	9.988491e-17
5653.84220266	7.791609e-17
5655.17257476	1.036316e-16
5656.50294685	8.670944e-17
5657.83331895	1.462009e-16
5659.16369104	1.355732e-16
5660.49406314	1.125683e-16
5661.82443523	9.954751e-17
5663.15480733	1.455433e-16
5664.48517942	1.168041e-16
5665.81555152	1.23918e-16
5667.14592361	9.965906e-17
5668.47629571	1.169511e-16
5669.8066678	1.007347e-16
5671.1370399	9.896382e-17
5672.46741199	1.181561e-16
5673.79778409	1.599594e-16
5675.12815619	1.137304e-16
5676.45852828	1.030575e-16
5677.78890038	7.759014e-17
5679.11927247	1.012329e-16
5680.44964457	6.745751e-17
5681.78001666	7.573909e-17
5683.11038876	1.386526e-16
5684.44076085	1.395997e-16
5685.77113295	1.270584e-16
5687.10150504	1.085677e-16
5688.43187714	1.128686e-16
5689.76224923	6.805165e-17
5691.09262133	1.039825e-16
5692.42299342	1.469769e-16
5693.75336552	1.173345e-16
5695.08373761	1.064174e-16
5696.41410971	1.452472e-16
5697.7444818	7.098533e-17
5699.0748539	6.844879e-17
5700.40522599	9.428393e-17
5701.73559809	1.168964e-16
5703.06597018	1.16756e-16
5704.39634228	1.092105e-16
5705.72671437	1.411493e-16
5707.05708647	1.09175e-16
5708.38745856	1.135559e-16
5709.71783066	1.426697e-16
5711.04820275	9.694583e-17
5712.37857485	7.674403e-17
5713.70894694	9.3585e-17
5715.03931904	1.21461e-16
5716.36969113	9.111103e-17
5717.70006323	1.37654e-16
5719.03043532	1.25698e-16
5720.36080742	1.104563e-16
5721.69117951	1.040846e-16
5723.02155161	7.332855e-17
5724.3519237	7.641277e-17
5725.6822958	1.16305e-16
5727.01266789	8.0712e-17
5728.34303999	1.391995e-16
5729.67341208	1.130548e-16
5731.00378418	1.159948e-16
5732.33415627	9.435019e-17
5733.66452837	6.585189e-17
5734.99490047	1.274864e-16
5736.32527256	1.128166e-16
5737.65564466	1.177726e-16
5738.98601675	9.312914e-17
5740.31638885	6.925846e-17
5741.64676094	1.079223e-16
5742.97713304	1.475275e-16
5744.30750513	9.518395e-17
5745.63787723	1.375907e-16
5746.96824932	1.395585e-16
5748.29862142	1.181214e-16
5749.62899351	6.326021e-17
5750.95936561	8.18509e-17
5752.2897377	6.068342e-17
5753.6201098	1.065838e-16
5754.95048189	1.187804e-16
5756.28085399	1.204223e-16
5757.61122608	1.014912e-16
5758.94159818	1.004765e-16
5760.27197027	5.162481e-17
5761.60234237	1.095545e-16
5762.93271446	1.111522e-16
5764.26308656	9.632225e-17
5765.59345865	1.206091e-16
5766.92383075	8.162217e-17
5768.25420284	8.871988e-17
5769.58457494	1.099499e-16
5770.91494703	9.118821e-17
5772.24531913	1.426527e-16
5773.57569122	9.660149e-17
5774.90606332	8.458182e-17
5776.23643541	1.151316e-16
5777.56680751	9.210176e-17
5778.8971796	1.072075e-16
5780.2275517	8.634026e-17
5781.55792379	1.464301e-16
5782.88829589	1.591993e-16
5784.21866798	1.627777e-16
5785.54904008	1.205173e-16
5786.87941217	9.883477e-17
5788.20978427	7.762143e-17
5789.54015636	1.37872e-16
5790.87052846	1.174874e-16
5792.20090055	1.177352e-16
5793.53127265	1.128796e-16
5794.86164474	1.418135e-16
5796.19201684	1.720992e-16
5797.52238894	1.109554e-16
5798.85276103	1.075943e-16
5800.18313313	1.043028e-16
5801.51350522	8.303805e-17
5802.84387732	8.190854e-17
5804.17424941	1.109363e-16
5805.50462151	1.282281e-16
5806.8349936	1.439708e-16
5808.1653657	9.694633e-17
5809.49573779	7.546387e-17
5810.82610989	1.145844e-16
5812.15648198	1.37995e-16
5813.48685408	1.370823e-16
5814.81722617	1.402539e-16
5816.14759827	1.011627e-16
5817.47797036	9.278768e-17
5818.80834246	1.204888e-16
5820.13871455	1.123283e-16
5821.46908665	1.291496e-16
5822.79945874	1.26723e-16
5824.12983084	1.006365e-16
5825.46020293	1.509459e-16
5826.79057503	9.83948e-17
5828.12094712	1.127943e-16
5829.45131922	9.213987e-17
5830.78169131	8.824035e-17
5832.11206341	9.93232e-17
5833.4424355	1.47966e-16
5834.7728076	1.228634e-16
5836.10317969	1.329657e-16
5837.43355179	1.464941e-16
5838.76392388	1.11637e-16
5840.09429598	1.282476e-16
5841.42466807	1.012016e-16
5842.75504017	1.376553e-16
5844.08541226	1.217526e-16
5845.41578436	1.483514e-16
5846.74615645	1.32247e-16
5848.07652855	1.22167e-16
5849.40690064	6.987798e-17
5850.73727274	1.224402e-16
5852.06764483	1.15621e-16
5853.39801693	1.129154e-16
5854.72838902	1.357321e-16
5856.05876112	1.201841e-16
5857.38913321	1.219145e-16
5858.71950531	1.214798e-16
5860.04987741	9.616769e-17
5861.3802495	1.373825e-16
5862.7106216	1.2255e-16
5864.04099369	1.260312e-16
5865.37136579	8.955892e-17
5866.70173788	1.272711e-16
5868.03210998	1.312641e-16
5869.36248207	1.20399e-16
5870.69285417	1.303819e-16
5872.02322626	1.368094e-16
5873.35359836	1.50313e-16
5874.68397045	1.101828e-16
5876.01434255	1.557952e-16
5877.34471464	1.283926e-16
5878.67508674	1.042217e-16
5880.00545883	1.314214e-16
5881.33583093	1.528042e-16
5882.66620302	1.621805e-16
5883.99657512	1.279784e-16
5885.32694721	1.133136e-16
5886.65731931	9.985086e-17
5887.9876914	1.45639e-16
5889.3180635	5.926795e-17
5890.64843559	1.733844e-16
5891.97880769	9.07861e-17
5893.30917978	1.080663e-16
5894.63955188	7.866039e-17
5895.96992397	6.95719e-17
5897.30029607	1.673318e-16
5898.63066816	1.348146e-16
5899.96104026	1.452954e-16
5901.29141235	1.084843e-16
5902.62178445	1.279966e-16
5903.95215654	1.170002e-16
5905.28252864	1.141521e-16
5906.61290073	1.33732e-16
5907.94327283	1.437025e-16
5909.27364492	8.94366e-17
5910.60401702	9.889785e-17
5911.93438911	1.199649e-16
5913.26476121	1.625231e-16
5914.5951333	1.304783e-16
5915.9255054	9.149687e-17
5917.25587749	8.854962e-17
5918.58624959	1.231682e-16
5919.91662169	1.434062e-16
5921.24699378	1.213833e-16
5922.57736588	1.62204e-16
5923.90773797	1.215867e-16
5925.23811007	9.752832e-17
5926.56848216	9.658451e-17
5927.89885426	9.469368e-17
5929.22922635	1.186213e-16
5930.55959845	1.117518e-16
5931.88997054	1.370948e-16
5933.22034264	1.292628e-16
5934.55071473	8.544262e-17
5935.88108683	1.15427e-16
5937.21145892	1.160433e-16
5938.54183102	1.248031e-16
5939.87220311	1.226205e-16
5941.20257521	1.335253e-16
5942.5329473	9.853368e-17
5943.8633194	1.278561e-16
5945.19369149	1.087442e-16
5946.52406359	1.243259e-16
5947.85443568	1.081086e-16
5949.18480778	1.175965e-16
5950.51517987	7.589045e-17
5951.84555197	1.231058e-16
5953.17592406	1.220227e-16
5954.50629616	1.041338e-16
5955.83666825	1.343296e-16
5957.16704035	1.13581e-16
5958.49741244	1.509364e-16
5959.82778454	9.259839e-17
5961.15815663	1.604335e-16
5962.48852873	1.16039e-16
5963.81890082	1.015032e-16
5965.14927292	1.099649e-16
5966.47964501	1.258793e-16
5967.81001711	1.117566e-16
5969.1403892	1.372973e-16
5970.4707613	1.024746e-16
5971.80113339	1.253413e-16
5973.13150549	1.380687e-16
5974.46187758	1.162439e-16
5975.79224968	1.081555e-16
5977.12262177	9.466888e-17
5978.45299387	9.387341e-17
5979.78336596	9.36073e-17
5981.11373806	1.511689e-16
5982.44411016	7.534181e-17
5983.77448225	1.139202e-16
5985.10485435	1.192954e-16
5986.43522644	1.10565e-16
5987.76559854	7.59904e-17
5989.09597063	9.967384e-17
5990.42634273	1.200744e-16
5991.75671482	8.958322e-17
5993.08708692	1.192971e-16
5994.41745901	1.004062e-16
5995.74783111	9.139008e-17
5997.0782032	1.35661e-16
5998.4085753	1.059765e-16
5999.73894739	9.31102e-17
6001.06931949	6.380153e-17
6002.39969158	1.301832e-16
6003.73006368	1.229967e-16
6005.06043577	1.365092e-16
6006.39080787	6.847714e-17
6007.72117996	1.088139e-16
6009.05155206	9.430788e-17
6010.38192415	1.262614e-16
6011.71229625	1.036475e-16
6013.04266834	1.158767e-16
6014.37304044	6.696158e-17
6015.70341253	7.648783e-17
6017.03378463	8.591957e-17
6018.36415672	9.747901e-17
6019.69452882	7.862139e-17
6021.02490091	1.043916e-16
6022.35527301	1.154113e-16
6023.6856451	9.656745e-17
6025.0160172	7.902647e-17
6026.34638929	8.538027e-17
6027.67676139	1.044233e-16
6029.00713348	9.066183e-17
6030.33750558	1.265658e-16
6031.66787767	1.308138e-16
6032.99824977	1.070888e-16
6034.32862186	8.016152e-17
6035.65899396	9.23386e-17
6036.98936605	1.120289e-16
6038.31973815	1.255686e-16
6039.65011024	7.388113e-17
6040.98048234	7.305919e-17
6042.31085443	8.038135e-17
6043.64122653	9.710706e-17
6044.97159863	1.305568e-16
6046.30197072	7.704631e-17
6047.63234282	9.113718e-17
6048.96271491	7.473838e-17
6050.29308701	1.237601e-16
6051.6234591	9.187618e-17
6052.9538312	1.144039e-16
6054.28420329	6.974262e-17
6055.61457539	1.095888e-16
6056.94494748	9.793325e-17
6058.27531958	8.072228e-17
6059.60569167	1.099219e-16
6060.93606377	9.779163e-17
6062.26643586	9.74626e-17
6063.59680796	9.358044e-17
6064.92718005	1.05272e-16
6066.25755215	8.061381e-17
6067.58792424	1.216468e-16
6068.91829634	1.41659e-16
6070.24866843	1.035398e-16
6071.57904053	7.837778e-17
6072.90941262	1.157365e-16
6074.23978472	1.202012e-16
6075.57015681	9.952901e-17
6076.90052891	9.261587e-17
6078.230901	1.353504e-16
6079.5612731	7.636628e-17
6080.89164519	8.919642e-17
6082.22201729	1.364715e-16
6083.55238938	1.079797e-16
6084.88276148	1.130519e-16
6086.21313357	1.284367e-16
6087.54350567	1.280861e-16
6088.87387776	1.114966e-16
6090.20424986	1.393848e-16
6091.53462195	9.840888e-17
6092.86499405	9.142365e-17
6094.19536614	1.034462e-16
6095.52573824	1.326426e-16
6096.85611033	1.045522e-16
6098.18648243	1.013561e-16
6099.51685452	1.1633e-16
6100.84722662	1.264971e-16
6102.17759871	1.213353e-16
6103.50797081	1.091574e-16
6104.83834291	1.139603e-16
6106.168715	1.288887e-16
6107.4990871	1.143049e-16
6108.82945919	1.279104e-16
6110.15983129	1.046324e-16
6111.49020338	9.124431e-17
6112.82057548	1.36127e-16
6114.15094757	1.2238e-16
6115.48131967	1.190661e-16
6116.81169176	1.032856e-16
6118.14206386	1.246849e-16
6119.47243595	1.383141e-16
6120.80280805	1.212891e-16
6122.13318014	1.033067e-16
6123.46355224	1.22353e-16
6124.79392433	1.146894e-16
6126.12429643	1.318783e-16
6127.45466852	9.581133e-17
6128.78504062	1.173848e-16
6130.11541271	9.637199e-17
6131.44578481	1.208078e-16
6132.7761569	1.440103e-16
6134.106529	1.256767e-16
6135.43690109	8.047072e-17
6136.76727319	9.667307e-17
6138.09764528	1.25297e-16
6139.42801738	1.355284e-16
6140.75838947	1.157984e-16
6142.08876157	1.191214e-16
6143.41913366	1.259316e-16
6144.74950576	1.382094e-16
6146.07987785	1.456967e-16
6147.41024995	1.203095e-16
6148.74062204	1.336021e-16
6150.07099414	8.307554e-17
6151.40136623	1.077443e-16
6152.73173833	1.207077e-16
6154.06211042	1.006948e-16
6155.39248252	1.336332e-16
6156.72285461	1.307798e-16
6158.05322671	1.037961e-16
6159.3835988	1.284672e-16
6160.7139709	7.901769e-17
6162.04434299	1.044974e-16
6163.37471509	1.32847e-16
6164.70508718	1.227274e-16
6166.03545928	1.354318e-16
6167.36583138	1.265032e-16
6168.69620347	1.171854e-16
6170.02657557	1.401116e-16
6171.35694766	1.404973e-16
6172.68731976	9.156918e-17
6174.01769185	1.319573e-16
6175.34806395	1.412784e-16
6176.67843604	1.303909e-16
6178.00880814	1.252006e-16
6179.33918023	1.282372e-16
6180.66955233	1.204716e-16
6181.99992442	1.192976e-16
6183.33029652	1.443272e-16
6184.66066861	1.125431e-16
6185.99104071	1.15409e-16
6187.3214128	1.157957e-16
6188.6517849	1.033393e-16
6189.98215699	1.334793e-16
6191.31252909	1.109545e-16
6192.64290118	1.112852e-16
6193.97327328	1.20744e-16
6195.30364537	1.035505e-16
6196.63401747	1.238071e-16
6197.96438956	1.386784e-16
6199.29476166	1.042113e-16
6200.62513375	1.030265e-16
6201.95550585	1.349955e-16
6203.28587794	1.461188e-16
6204.61625004	1.095113e-16
6205.94662213	1.303426e-16
6207.27699423	1.221093e-16
6208.60736632	1.363631e-16
6209.93773842	1.585092e-16
6211.26811051	1.364779e-16
6212.59848261	1.124932e-16
6213.9288547	1.19544e-16
6215.2592268	1.467214e-16
6216.58959889	1.386719e-16
6217.91997099	9.624311e-17
6219.25034308	1.245237e-16
6220.58071518	1.519247e-16
6221.91108727	1.437121e-16
6223.24145937	1.247396e-16
6224.57183146	1.303385e-16
6225.90220356	1.109807e-16
6227.23257565	1.426191e-16
6228.56294775	1.398764e-16
6229.89331985	1.363738e-16
6231.22369194	1.079381e-16
6232.55406404	1.232799e-16
6233.88443613	1.290477e-16
6235.21480823	1.376756e-16
6236.54518032	1.42035e-16
6237.87555242	1.150967e-16
6239.20592451	1.35706e-16
6240.53629661	1.357414e-16
6241.8666687	1.300872e-16
6243.1970408	1.350177e-16
6244.52741289	1.302499e-16
6245.85778499	1.082195e-16
6247.18815708	1.452743e-16
6248.51852918	1.37204e-16
6249.84890127	1.328594e-16
6251.17927337	1.019416e-16
6252.50964546	9.641643e-17
6253.84001756	1.251631e-16
6255.17038965	1.165519e-16
6256.50076175	1.194995e-16
6257.83113384	1.257477e-16
6259.16150594	1.253739e-16
6260.49187803	1.137388e-16
6261.82225013	1.276929e-16
6263.15262222	8.274471e-17
6264.48299432	1.24722e-16
6265.81336641	1.284027e-16
6267.14373851	1.344408e-16
6268.4741106	9.487817e-17
6269.8044827	1.169995e-16
6271.13485479	1.38389e-16
6272.46522689	1.168413e-16
6273.79559898	1.368771e-16
6275.12597108	1.547209e-16
6276.45634317	1.097688e-16
6277.78671527	1.095585e-16
6279.11708736	7.766472e-17
6280.44745946	1.219612e-16
6281.77783155	8.393114e-17
6283.10820365	1.263641e-16
6284.43857574	1.141111e-16
6285.76894784	1.255036e-16
6287.09931993	1.395232e-16
6288.42969203	9.63136e-17
6289.76006413	7.925945e-17
6291.09043622	1.339643e-16
6292.42080832	1.30409e-16
6293.75118041	9.282172e-17
6295.08155251	1.087921e-16
6296.4119246	1.089952e-16
6297.7422967	9.41966e-17
6299.07266879	2.094378e-16
6300.40304089	3.472423e-17
6301.73341298	8.79692e-17
6303.06378508	7.892057e-17
6304.39415717	1.378358e-16
6305.72452927	1.036388e-16
6307.05490136	1.309198e-16
6308.38527346	9.451416e-17
6309.71564555	1.038795e-16
6311.04601765	1.03231e-16
6312.37638974	1.047594e-16
6313.70676184	8.569214e-17
6315.03713393	1.274113e-16
6316.36750603	1.139457e-16
6317.69787812	8.048963e-17
6319.02825022	8.243075e-17
6320.35862231	1.219937e-16
6321.68899441	9.107961e-17
6323.0193665	9.576437e-17
6324.3497386	1.018635e-16
6325.68011069	8.071503e-17
6327.01048279	9.677414e-17
6328.34085488	8.998905e-17
6329.67122698	1.085415e-16
6331.00159907	8.677377e-17
6332.33197117	1.048485e-16
6333.66234326	9.039872e-17
6334.99271536	9.213286e-17
6336.32308745	6.594111e-17
6337.65345955	6.106422e-17
6338.98383164	1.123151e-16
6340.31420374	8.617534e-17
6341.64457583	8.274143e-17
6342.97494793	1.033605e-16
6344.30532002	5.493356e-17
6345.63569212	6.978344e-17
6346.96606421	9.483156e-17
6348.29643631	9.355666e-17
6349.6268084	8.157041e-17
6350.9571805	9.073142e-17
6352.2875526	8.918561e-17
6353.61792469	6.697675e-17
6354.94829679	6.488338e-17
6356.27866888	9.382518e-17
6357.60904098	7.752316e-17
6358.93941307	8.689512e-17
6360.26978517	7.780414e-17
6361.60015726	6.44626e-17
6362.93052936	9.201709e-17
6364.26090145	8.290355e-17
6365.59127355	7.704465e-17
6366.92164564	8.809e-17
6368.25201774	7.295396e-17
6369.58238983	8.332079e-17
6370.91276193	8.726814e-17
6372.24313402	8.613925e-17
6373.57350612	6.002281e-17
6374.90387821	1.032874e-16
6376.23425031	8.47129e-17
6377.5646224	7.436446e-17
6378.8949945	7.602486e-17
6380.22536659	8.515315e-17
6381.55573869	5.93529e-17
6382.88611078	6.094084e-17
6384.21648288	8.47682e-17
6385.54685497	9.419417e-17
6386.87722707	6.966413e-17
6388.20759916	7.479607e-17
6389.53797126	5.687633e-17
6390.86834335	7.323222e-17
6392.19871545	7.777605e-17
6393.52908754	7.589464e-17
6394.85945964	8.71494e-17
6396.18983173	6.439262e-17
6397.52020383	6.785475e-17
6398.85057592	7.063686e-17
6400.18094802	7.003461e-17
6401.51132011	6.414195e-17
6402.84169221	8.105328e-17
6404.1720643	5.775764e-17
6405.5024364	6.237039e-17
6406.83280849	1.04539e-16
6408.16318059	9.40271e-17
6409.49355268	7.315435e-17
6410.82392478	7.437015e-17
6412.15429688	7.324849e-17
6413.48466897	9.397455e-17
6414.81504107	8.051983e-17
6416.14541316	6.754151e-17
6417.47578526	6.730184e-17
6418.80615735	6.005912e-17
6420.13652945	8.524981e-17
6421.46690154	7.383482e-17
6422.79727364	8.901783e-17
6424.12764573	7.611397e-17
6425.45801783	7.126893e-17
6426.78838992	5.342277e-17
6428.11876202	8.651577e-17
6429.44913411	7.973178e-17
6430.77950621	7.66104e-17
6432.1098783	6.948338e-17
6433.4402504	1.046017e-16
6434.77062249	7.97867e-17
6436.10099459	7.966211e-17
6437.43136668	7.637805e-17
6438.76173878	8.274101e-17
6440.09211087	9.342548e-17
6441.42248297	6.024642e-17
6442.75285506	8.869287e-17
6444.08322716	7.627525e-17
6445.41359925	7.801154e-17
6446.74397135	7.183506e-17
6448.07434344	7.637463e-17
6449.40471554	8.684819e-17
6450.73508763	5.338301e-17
6452.06545973	9.874651e-17
6453.39583182	4.443049e-17
6454.72620392	7.922436e-17
6456.05657601	6.788008e-17
6457.38694811	6.961174e-17
6458.7173202	7.163891e-17
6460.0476923	8.198517e-17
6461.37806439	5.999487e-17
6462.70843649	7.067012e-17
6464.03880858	5.833285e-17
6465.36918068	5.944208e-17
6466.69955277	8.51169e-17
6468.02992487	1.070135e-16
6469.36029696	3.961596e-17
6470.69066906	7.132717e-17
6472.02104115	8.090271e-17
6473.35141325	7.129988e-17
6474.68178535	8.074436e-17
6476.01215744	4.600611e-17
6477.34252954	8.203155e-17
6478.67290163	8.290076e-17
6480.00327373	5.784908e-17
6481.33364582	5.698241e-17
6482.66401792	1.026313e-16
6483.99439001	1.041661e-16
6485.32476211	8.769483e-17
6486.6551342	8.582794e-17
6487.9855063	8.685756e-17
6489.31587839	8.715846e-17
6490.64625049	8.494288e-17
6491.97662258	8.898675e-17
6493.30699468	8.357701e-17
6494.63736677	8.641229e-17
6495.96773887	7.429573e-17
6497.29811096	1.164882e-16
6498.62848306	8.339979e-17
6499.95885515	1.128647e-16
6501.28922725	8.77394e-17
6502.61959934	7.045936e-17
6503.94997144	9.284425e-17
6505.28034353	9.28188e-17
6506.61071563	7.863668e-17
6507.94108772	8.846603e-17
6509.27145982	8.863137e-17
6510.60183191	8.468418e-17
6511.93220401	1.020385e-16
6513.2625761	8.22444e-17
6514.5929482	8.369508e-17
6515.92332029	8.369797e-17
6517.25369239	8.625063e-17
6518.58406448	7.483874e-17
6519.91443658	1.072134e-16
6521.24480867	7.291784e-17
6522.57518077	7.931274e-17
6523.90555286	7.307361e-17
6525.23592496	1.004527e-16
6526.56629705	8.776879e-17
6527.89666915	1.13892e-16
6529.22704124	1.147927e-16
6530.55741334	7.732465e-17
6531.88778543	8.632623e-17
6533.21815753	7.543411e-17
6534.54852962	9.154806e-17
6535.87890172	7.785207e-17
6537.20927382	8.007073e-17
6538.53964591	1.078894e-16
6539.87001801	7.655809e-17
6541.2003901	1.024051e-16
6542.5307622	9.63198e-17
6543.86113429	9.836457e-17
6545.19150639	1.02138e-16
6546.52187848	1.220425e-16
6547.85225058	1.513522e-16
6549.18262267	9.807188e-17
6550.51299477	1.005917e-16
6551.84336686	1.367814e-16
6553.17373896	1.193748e-16
6554.50411105	1.174125e-16
6555.83448315	1.15092e-16
6557.16485524	9.546031e-17
6558.49522734	1.257381e-16
6559.82559943	1.263881e-16
6561.15597153	1.630987e-16
6562.48634362	1.455236e-16
6563.81671572	1.466307e-16
6565.14708781	1.144039e-16
6566.47745991	1.275485e-16
6567.807832	1.113875e-16
6569.1382041	1.346252e-16
6570.46857619	1.383729e-16
6571.79894829	1.147093e-16
6573.12932038	9.685094e-17
6574.45969248	1.335103e-16
6575.79006457	1.270054e-16
6577.12043667	1.338581e-16
6578.45080876	1.276689e-16
6579.78118086	9.944662e-17
6581.11155295	1.442972e-16
6582.44192505	1.35618e-16
6583.77229714	1.309229e-16
6585.10266924	1.314189e-16
6586.43304133	9.685106e-17
6587.76341343	9.210514e-17
6589.09378552	1.109161e-16
6590.42415762	1.323112e-16
6591.75452971	1.344922e-16
6593.08490181	1.410649e-16
6594.4152739	7.041544e-17
6595.745646	1.422197e-16
6597.0760181	1.247169e-16
6598.40639019	1.310054e-16
6599.73676229	1.266982e-16
6601.06713438	1.038146e-16
6602.39750648	8.852025e-17
6603.72787857	1.333987e-16
6605.05825067	1.320958e-16
6606.38862276	1.179478e-16
6607.71899486	1.599873e-16
6609.04936695	1.245894e-16
6610.37973905	1.4704e-16
6611.71011114	1.310044e-16
6613.04048324	1.25908e-16
6614.37085533	1.4503e-16
6615.70122743	1.181842e-16
6617.03159952	1.368567e-16
6618.36197162	1.207274e-16
6619.69234371	1.289051e-16
6621.02271581	1.18982e-16
6622.3530879	1.257787e-16
6623.68346	1.258418e-16
6625.01383209	1.25262e-16
6626.34420419	1.276341e-16
6627.67457628	1.12861e-16
6629.00494838	1.272645e-16
6630.33532047	1.008293e-16
6631.66569257	1.415502e-16
6632.99606466	1.430031e-16
6634.32643676	1.300107e-16
6635.65680885	1.098429e-16
6636.98718095	1.284265e-16
6638.31755304	1.042326e-16
6639.64792514	1.194241e-16
6640.97829723	1.267698e-16
6642.30866933	1.433575e-16
6643.63904142	1.049614e-16
6644.96941352	1.354856e-16
6646.29978561	1.421137e-16
6647.63015771	1.164113e-16
6648.9605298	1.216413e-16
6650.2909019	1.286406e-16
6651.62127399	1.149333e-16
6652.95164609	1.179773e-16
6654.28201818	1.25844e-16
6655.61239028	1.14669e-16
6656.94276237	9.427194e-17
6658.27313447	1.188794e-16
6659.60350657	1.255133e-16
6660.93387866	1.240581e-16
6662.26425076	8.781894e-17
6663.59462285	9.990591e-17
6664.92499495	1.264214e-16
6666.25536704	1.145245e-16
6667.58573914	1.069214e-16
6668.91611123	1.513073e-16
6670.24648333	1.064228e-16
6671.57685542	1.120491e-16
6672.90722752	1.272525e-16
6674.23759961	1.257001e-16
6675.56797171	1.160892e-16
6676.8983438	1.185328e-16
6678.2287159	1.234506e-16
6679.55908799	1.275582e-16
6680.88946009	1.034268e-16
6682.21983218	1.060167e-16
6683.55020428	1.240251e-16
6684.88057637	1.029711e-16
6686.21094847	1.136787e-16
6687.54132056	1.148356e-16
6688.87169266	1.107173e-16
6690.20206475	1.330025e-16
6691.53243685	1.179135e-16
6692.86280894	1.231116e-16
6694.19318104	1.204869e-16
6695.52355313	1.111375e-16
6696.85392523	1.070703e-16
6698.18429732	8.897709e-17
6699.51466942	1.125833e-16
6700.84504151	1.015597e-16
6702.17541361	1.051616e-16
6703.5057857	1.255969e-16
6704.8361578	1.283785e-16
6706.16652989	1.087288e-16
6707.49690199	1.064252e-16
6708.82727408	1.04313e-16
6710.15764618	1.057171e-16
6711.48801827	1.003636e-16
6712.81839037	1.057413e-16
6714.14876246	1.057959e-16
6715.47913456	1.151587e-16
6716.80950665	1.170505e-16
6718.13987875	1.067517e-16
6719.47025084	1.290599e-16
6720.80062294	8.659569e-17
6722.13099504	9.557968e-17
6723.46136713	1.179677e-16
6724.79173923	1.216154e-16
6726.12211132	1.158269e-16
6727.45248342	1.182918e-16
6728.78285551	1.014333e-16
6730.11322761	1.067594e-16
6731.4435997	1.00885e-16
6732.7739718	1.168764e-16
6734.10434389	8.963464e-17
6735.43471599	1.097228e-16
6736.76508808	1.1276e-16
6738.09546018	1.193737e-16
6739.42583227	1.260998e-16
6740.75620437	1.161706e-16
6742.08657646	1.237662e-16
6743.41694856	1.137639e-16
6744.74732065	1.082548e-16
6746.07769275	1.141152e-16
6747.40806484	9.955336e-17
6748.73843694	9.670778e-17
6750.06880903	1.055909e-16
6751.39918113	9.33181e-17
6752.72955322	1.080664e-16
6754.05992532	1.209939e-16
6755.39029741	1.11046e-16
6756.72066951	9.674151e-17
6758.0510416	1.018889e-16
6759.3814137	1.310922e-16
6760.71178579	8.460707e-17
6762.04215789	9.168932e-17
6763.37252998	1.201186e-16
6764.70290208	1.09713e-16
6766.03327417	9.640652e-17
6767.36364627	1.085752e-16
6768.69401836	9.719652e-17
6770.02439046	9.229594e-17
6771.35476255	9.962857e-17
6772.68513465	9.298497e-17
6774.01550674	9.127773e-17
6775.34587884	1.209218e-16
6776.67625093	1.026789e-16
6778.00662303	9.96786e-17
6779.33699512	9.454369e-17
6780.66736722	1.119557e-16
6781.99773932	1.095351e-16
6783.32811141	1.088022e-16
6784.65848351	8.477149e-17
6785.9888556	1.090272e-16
6787.3192277	1.257182e-16
6788.64959979	1.251541e-16
6789.97997189	1.268347e-16
6791.31034398	1.102697e-16
6792.64071608	9.484493e-17
6793.97108817	1.407419e-16
6795.30146027	1.033569e-16
6796.63183236	1.325415e-16
6797.96220446	1.037091e-16
6799.29257655	1.139518e-16
6800.62294865	1.026982e-16
6801.95332074	9.568291e-17
6803.28369284	1.217447e-16
6804.61406493	1.194243e-16
6805.94443703	1.079118e-16
6807.27480912	1.272307e-16
6808.60518122	1.0336e-16
6809.93555331	1.151031e-16
6811.26592541	1.068656e-16
6812.5962975	1.058411e-16
6813.9266696	8.223967e-17
6815.25704169	1.206335e-16
6816.58741379	8.456189e-17
6817.91778588	9.341396e-17
6819.24815798	1.088287e-16
6820.57853007	8.871679e-17
6821.90890217	1.205738e-16
6823.23927426	1.100194e-16
6824.56964636	1.03201e-16
6825.90001845	1.061434e-16
6827.23039055	1.226232e-16
6828.56076264	1.067642e-16
6829.89113474	1.119152e-16
6831.22150683	1.114102e-16
6832.55187893	1.092754e-16
6833.88225102	7.010409e-17
6835.21262312	1.206994e-16
6836.54299521	1.059441e-16
6837.87336731	8.15821e-17
6839.2037394	1.019655e-16
6840.5341115	1.183674e-16
6841.86448359	9.811749e-17
6843.19485569	1.016106e-16
6844.52522779	6.863135e-17
6845.85559988	1.114457e-16
6847.18597198	8.327571e-17
6848.51634407	1.272729e-16
6849.84671617	1.270528e-16
6851.17708826	8.21856e-17
6852.50746036	1.140357e-16
6853.83783245	1.001305e-16
6855.16820455	1.187452e-16
6856.49857664	1.137659e-16
6857.82894874	9.733285e-17
6859.15932083	1.006526e-16
6860.48969293	8.769458e-17
6861.82006502	9.379494e-17
6863.15043712	8.461575e-17
6864.48080921	1.070065e-16
6865.81118131	1.137357e-16
6867.1415534	6.847589e-17
6868.4719255	8.201303e-17
6869.80229759	1.271427e-16
6871.13266969	1.007826e-16
6872.46304178	7.923605e-17
6873.79341388	8.182628e-17
6875.12378597	1.005466e-16
6876.45415807	1.090549e-16
6877.78453016	1.039213e-16
6879.11490226	1.177584e-16
6880.44527435	9.532042e-17
6881.77564645	1.104228e-16
6883.10601854	7.678959e-17
6884.43639064	6.800255e-17
6885.76676273	1.031778e-16
6887.09713483	9.393365e-17
6888.42750692	1.02418e-16
6889.75787902	1.036757e-16
6891.08825111	8.338088e-17
6892.41862321	6.168905e-17
6893.7489953	1.023357e-16
6895.0793674	8.049717e-17
6896.40973949	1.031331e-16
6897.74011159	9.305979e-17
6899.07048368	1.244112e-16
6900.40085578	6.687625e-17
6901.73122787	1.035589e-16
6903.06159997	9.515996e-17
6904.39197206	8.340362e-17
6905.72234416	1.014773e-16
6907.05271626	1.188836e-16
6908.38308835	1.003161e-16
6909.71346045	9.192067e-17
6911.04383254	8.545308e-17
6912.37420464	1.103429e-16
6913.70457673	1.097169e-16
6915.03494883	6.020694e-17
6916.36532092	9.296649e-17
6917.69569302	7.988108e-17
6919.02606511	7.696202e-17
6920.35643721	9.49053e-17
6921.6868093	9.287485e-17
6923.0171814	1.21836e-16
6924.34755349	1.233981e-16
6925.67792559	6.952461e-17
6927.00829768	1.1696e-16
6928.33866978	7.470021e-17
6929.66904187	1.293772e-16
6930.99941397	7.353719e-17
6932.32978606	8.792637e-17
6933.66015816	7.771632e-17
6934.99053025	7.206085e-17
6936.32090235	9.317691e-17
6937.65127444	9.626032e-17
6938.98164654	1.087956e-16
6940.31201863	8.886529e-17
6941.64239073	6.267559e-17
6942.97276282	9.479742e-17
6944.30313492	1.028302e-16
6945.63350701	8.666707e-17
6946.96387911	7.462662e-17
6948.2942512	9.409919e-17
6949.6246233	8.337773e-17
6950.95499539	8.90739e-17
6952.28536749	1.06756e-16
6953.61573958	1.062899e-16
6954.94611168	7.635802e-17
6956.27648377	1.157246e-16
6957.60685587	8.02138e-17
6958.93722796	7.965225e-17
6960.26760006	7.549227e-17
6961.59797215	9.75845e-17
6962.92834425	7.121146e-17
6964.25871634	8.944133e-17
6965.58908844	8.811663e-17
6966.91946054	8.136532e-17
6968.24983263	9.78445e-17
6969.58020473	7.253601e-17
6970.91057682	1.02221e-16
6972.24094892	9.278511e-17
6973.57132101	9.882433e-17
6974.90169311	9.185673e-17
6976.2320652	7.488321e-17
6977.5624373	1.025716e-16
6978.89280939	9.077453e-17
6980.22318149	6.519098e-17
6981.55355358	1.185609e-16
6982.88392568	6.850529e-17
6984.21429777	1.135705e-16
6985.54466987	9.3954e-17
6986.87504196	7.209357e-17
6988.20541406	7.256604e-17
6989.53578615	8.991932e-17
6990.86615825	7.770163e-17
6992.19653034	7.726946e-17
6993.52690244	1.058882e-16
6994.85727453	8.238219e-17
6996.18764663	7.518197e-17
6997.51801872	8.011889e-17
6998.84839082	7.208841e-17
7000.17876291	7.125513e-17
7001.50913501	7.948525e-17
7002.8395071	6.781087e-17
7004.1698792	6.698965e-17
7005.50025129	9.766172e-17
7006.83062339	9.843281e-17
7008.16099548	5.09768e-17
7009.49136758	1.042343e-16
7010.82173967	7.333839e-17
7012.15211177	6.184101e-17
7013.48248386	7.663764e-17
7014.81285596	9.204779e-17
7016.14322805	7.842211e-17
7017.47360015	8.959996e-17
7018.80397224	1.021458e-16
7020.13434434	8.099451e-17
7021.46471643	6.877555e-17
7022.79508853	9.50722e-17
7024.12546062	7.700838e-17
7025.45583272	5.698462e-17
7026.78620481	6.099471e-17
7028.11657691	6.959648e-17
7029.44694901	1.013274e-16
7030.7773211	9.382902e-17
7032.1076932	5.698304e-17
7033.43806529	8.255199e-17
7034.76843739	8.621921e-17
7036.09880948	8.199293e-17
7037.42918158	5.971257e-17
7038.75955367	7.048122e-17
7040.08992577	5.321418e-17
7041.42029786	7.216214e-17
7042.75066996	9.829823e-17
7044.08104205	5.020203e-17
7045.41141415	6.648268e-17
7046.74178624	7.095394e-17
7048.07215834	8.732643e-17
7049.40253043	8.847544e-17
7050.73290253	7.992055e-17
7052.06327462	5.988837e-17
7053.39364672	7.278252e-17
7054.72401881	8.365092e-17
7056.05439091	6.254885e-17
7057.384763	9.41058e-17
7058.7151351	1.030786e-16
7060.04550719	3.829828e-17
