#	 psnj1602 
#	 UT date of observation: 20150724 
#	 Telescope/Instrument: SOAR/Goodman 
#	 Estimated Peak MJD: 57172.422 
#	 Estimated redshift: 0.020 
#	 Estimated Phase: 53.5 
#	 Published in Dettman et al. 2020 
#	 Observed barycentric wavelength (Angstroms)    F_lambda
3800.0	0.01530113
3802.0	0.01674148
3804.0	0.01834664
3806.0	0.02645255
3808.0	0.02352612
3810.0	0.0201344
3812.0	0.02417209
3814.0	0.01997297
3816.0	0.01282413
3818.0	0.008564292
3820.0	0.01163066
3822.0	0.01459156
3824.0	0.01933319
3826.0	0.01250429
3828.0	0.004468391
3830.0	0.007483253
3832.0	0.01036644
3834.0	0.01238309
3836.0	0.01503141
3838.0	0.01275095
3840.0	0.01564373
3842.0	0.02602293
3844.0	0.02391132
3846.0	0.0289432
3848.0	0.02022829
3850.0	0.01957819
3852.0	0.02431843
3854.0	0.01871716
3856.0	0.01605044
3858.0	0.01932134
3860.0	0.01805829
3862.0	0.01797419
3864.0	0.0159681
3866.0	0.01615857
3868.0	0.01877018
3870.0	0.02101298
3872.0	0.01942152
3874.0	0.02750211
3876.0	0.02604262
3878.0	0.03096281
3880.0	0.02814542
3882.0	0.03145087
3884.0	0.02727402
3886.0	0.02067142
3888.0	0.01887751
3890.0	0.0187314
3892.0	0.01954902
3894.0	0.02618139
3896.0	0.02501688
3898.0	0.02476947
3900.0	0.02409063
3902.0	0.03080641
3904.0	0.03629306
3906.0	0.02527855
3908.0	0.02275349
3910.0	0.0303899
3912.0	0.02870784
3914.0	0.01295093
3916.0	0.009799971
3918.0	0.01274198
3920.0	0.01698965
3922.0	0.01995137
3924.0	0.02037789
3926.0	0.02081253
3928.0	0.01544806
3930.0	0.01572109
3932.0	0.007158345
3934.0	0.0102681
3936.0	0.01734554
3938.0	0.02247704
3940.0	0.02032909
3942.0	0.01538018
3944.0	0.01919002
3946.0	0.01701771
3948.0	0.01308129
3950.0	0.01868654
3952.0	0.02358554
3954.0	0.01444524
3956.0	0.01912817
3958.0	0.02091012
3960.0	0.01459799
3962.0	0.01711783
3964.0	0.01386855
3966.0	0.01003853
3968.0	0.01050124
3970.0	0.007089423
3972.0	0.014346
3974.0	0.01191828
3976.0	0.01684599
3978.0	0.00669432
3980.0	0.01519462
3982.0	0.007003291
3984.0	0.005371383
3986.0	0.01432153
3988.0	0.006594548
3990.0	0.01114715
3992.0	0.004331893
3994.0	0.003425321
3996.0	0.0140586
3998.0	0.006775472
4000.0	0.007130295
4002.0	0.01636627
4004.0	0.007907821
4006.0	0.0153099
4008.0	0.01783116
4010.0	0.009836739
4012.0	0.005081781
4014.0	0.006157035
4016.0	0.0113234
4018.0	0.01435126
4020.0	0.004408953
4022.0	0.007605373
4024.0	0.01827103
4026.0	0.01358177
4028.0	0.010373
4030.0	0.0157341
4032.0	0.009116034
4034.0	0.008085481
4036.0	0.01726297
4038.0	0.01971254
4040.0	0.01621127
4042.0	0.01982186
4044.0	0.02822321
4046.0	0.029252
4048.0	0.02502672
4050.0	0.02060892
4052.0	0.0189171
4054.0	0.01921633
4056.0	0.02916401
4058.0	0.03476134
4060.0	0.02560323
4062.0	0.02165061
4064.0	0.02364378
4066.0	0.02672688
4068.0	0.02738402
4070.0	0.01467742
4072.0	0.01925119
4074.0	0.03360968
4076.0	0.0327738
4078.0	0.03309659
4080.0	0.03684
4082.0	0.03486819
4084.0	0.03646959
4086.0	0.02672859
4088.0	0.02433636
4090.0	0.03070217
4092.0	0.02750103
4094.0	0.02406918
4096.0	0.02230902
4098.0	0.02929548
4100.0	0.03780063
4102.0	0.03372315
4104.0	0.02631165
4106.0	0.02453659
4108.0	0.02733932
4110.0	0.03118667
4112.0	0.03215318
4114.0	0.02344117
4116.0	0.02419895
4118.0	0.02777649
4120.0	0.02919572
4122.0	0.02535629
4124.0	0.0229072
4126.0	0.02394927
4128.0	0.02212274
4130.0	0.0303901
4132.0	0.03636767
4134.0	0.03350078
4136.0	0.02943584
4138.0	0.02906929
4140.0	0.03000133
4142.0	0.02916241
4144.0	0.02558328
4146.0	0.02753753
4148.0	0.02848236
4150.0	0.0319403
4152.0	0.0364335
4154.0	0.02822663
4156.0	0.02044642
4158.0	0.0242255
4160.0	0.02965201
4162.0	0.03479906
4164.0	0.03667317
4166.0	0.03170369
4168.0	0.03077081
4170.0	0.02736618
4172.0	0.02264853
4174.0	0.02621523
4176.0	0.02921862
4178.0	0.02721679
4180.0	0.02425565
4182.0	0.0237056
4184.0	0.02762386
4186.0	0.0269322
4188.0	0.0239129
4190.0	0.03081414
4192.0	0.03150751
4194.0	0.02631631
4196.0	0.02426546
4198.0	0.02485315
4200.0	0.02554768
4202.0	0.02245429
4204.0	0.02178603
4206.0	0.0251433
4208.0	0.02885462
4210.0	0.02638923
4212.0	0.02319916
4214.0	0.02570921
4216.0	0.02537923
4218.0	0.02411748
4220.0	0.02697629
4222.0	0.02693371
4224.0	0.02499774
4226.0	0.02392508
4228.0	0.02384554
4230.0	0.02539578
4232.0	0.02430686
4234.0	0.02539573
4236.0	0.02451896
4238.0	0.01898107
4240.0	0.02064732
4242.0	0.02670929
4244.0	0.0287757
4246.0	0.02897639
4248.0	0.03032097
4250.0	0.02854386
4252.0	0.02722733
4254.0	0.0302238
4256.0	0.03283959
4258.0	0.03161789
4260.0	0.02892334
4262.0	0.03044711
4264.0	0.03313171
4266.0	0.03061172
4268.0	0.03158331
4270.0	0.03521805
4272.0	0.0321351
4274.0	0.03357379
4276.0	0.03165047
4278.0	0.02604675
4280.0	0.0242627
4282.0	0.0276931
4284.0	0.03366484
4286.0	0.03004283
4288.0	0.02763861
4290.0	0.03170914
4292.0	0.02724752
4294.0	0.02455838
4296.0	0.03003772
4298.0	0.03081433
4300.0	0.02983289
4302.0	0.02879133
4304.0	0.02943645
4306.0	0.0297533
4308.0	0.03452133
4310.0	0.03556374
4312.0	0.03433456
4314.0	0.029146
4316.0	0.02335769
4318.0	0.02395919
4320.0	0.02493169
4322.0	0.02451058
4324.0	0.02639927
4326.0	0.03242596
4328.0	0.0260893
4330.0	0.0243243
4332.0	0.02809739
4334.0	0.02527688
4336.0	0.01950768
4338.0	0.01957439
4340.0	0.02041134
4342.0	0.02306443
4344.0	0.02431423
4346.0	0.02771891
4348.0	0.02090297
4350.0	0.01646755
4352.0	0.02001116
4354.0	0.0215502
4356.0	0.02430765
4358.0	0.01720419
4360.0	0.02056892
4362.0	0.02138526
4364.0	0.02780578
4366.0	0.01924791
4368.0	0.02193889
4370.0	0.02694745
4372.0	0.02476111
4374.0	0.02434355
4376.0	0.01893048
4378.0	0.02386118
4380.0	0.02693679
4382.0	0.02274884
4384.0	0.02814638
4386.0	0.02988518
4388.0	0.01986159
4390.0	0.01738499
4392.0	0.02028538
4394.0	0.02063132
4396.0	0.02307689
4398.0	0.02145988
4400.0	0.02365196
4402.0	0.02144067
4404.0	0.02605629
4406.0	0.02427491
4408.0	0.01754725
4410.0	0.02357414
4412.0	0.02260882
4414.0	0.02220709
4416.0	0.01963892
4418.0	0.02073197
4420.0	0.01985476
4422.0	0.02221563
4424.0	0.02336319
4426.0	0.02523153
4428.0	0.02745155
4430.0	0.02193094
4432.0	0.0177244
4434.0	0.0203099
4436.0	0.02425656
4438.0	0.02387262
4440.0	0.0205006
4442.0	0.0204052
4444.0	0.02883133
4446.0	0.03230855
4448.0	0.02672492
4450.0	0.01947873
4452.0	0.02084541
4454.0	0.02443832
4456.0	0.02299959
4458.0	0.02941968
4460.0	0.03324308
4462.0	0.02990991
4464.0	0.0286887
4466.0	0.02262766
4468.0	0.02203408
4470.0	0.02483851
4472.0	0.03076755
4474.0	0.02806927
4476.0	0.02802846
4478.0	0.02974939
4480.0	0.02897045
4482.0	0.02902614
4484.0	0.02554128
4486.0	0.02064782
4488.0	0.02465721
4490.0	0.02501863
4492.0	0.0230007
4494.0	0.0273074
4496.0	0.03602758
4498.0	0.03711516
4500.0	0.03160838
4502.0	0.03572294
4504.0	0.03515385
4506.0	0.02906203
4508.0	0.02912699
4510.0	0.02657408
4512.0	0.02516531
4514.0	0.0301154
4516.0	0.02945166
4518.0	0.02782484
4520.0	0.02862918
4522.0	0.02864374
4524.0	0.03255207
4526.0	0.03492499
4528.0	0.03176707
4530.0	0.03373894
4532.0	0.03871827
4534.0	0.03394134
4536.0	0.02876128
4538.0	0.0312543
4540.0	0.02960279
4542.0	0.02919752
4544.0	0.03157119
4546.0	0.02917278
4548.0	0.03270455
4550.0	0.02913154
4552.0	0.02143485
4554.0	0.02287504
4556.0	0.02537226
4558.0	0.02748397
4560.0	0.02576442
4562.0	0.03141614
4564.0	0.0313679
4566.0	0.02858002
4568.0	0.03153938
4570.0	0.02526223
4572.0	0.02394418
4574.0	0.03121581
4576.0	0.02734314
4578.0	0.02397537
4580.0	0.02360386
4582.0	0.02543651
4584.0	0.02387606
4586.0	0.02725036
4588.0	0.02492234
4590.0	0.02435123
4592.0	0.02764574
4594.0	0.02347626
4596.0	0.02090251
4598.0	0.02182462
4600.0	0.02750448
4602.0	0.0284421
4604.0	0.02679127
4606.0	0.02697937
4608.0	0.02486139
4610.0	0.02058061
4612.0	0.01522061
4614.0	0.01297348
4616.0	0.01918942
4618.0	0.02162512
4620.0	0.0190086
4622.0	0.01940636
4624.0	0.02308008
4626.0	0.0201155
4628.0	0.02093313
4630.0	0.01737052
4632.0	0.01712998
4634.0	0.02258891
4636.0	0.02391441
4638.0	0.02276976
4640.0	0.02393352
4642.0	0.02508153
4644.0	0.02903039
4646.0	0.02437041
4648.0	0.02048277
4650.0	0.02324617
4652.0	0.02802299
4654.0	0.03001373
4656.0	0.02992551
4658.0	0.02848075
4660.0	0.02585096
4662.0	0.02682632
4664.0	0.03053254
4666.0	0.02994779
4668.0	0.02659722
4670.0	0.02613423
4672.0	0.02540998
4674.0	0.02751287
4676.0	0.03167695
4678.0	0.03197153
4680.0	0.02989627
4682.0	0.03646448
4684.0	0.03573168
4686.0	0.03243959
4688.0	0.03020873
4690.0	0.0276156
4692.0	0.02901938
4694.0	0.0321893
4696.0	0.03595275
4698.0	0.03561581
4700.0	0.03798965
4702.0	0.04037719
4704.0	0.03958561
4706.0	0.03938636
4708.0	0.03828014
4710.0	0.03337875
4712.0	0.03436249
4714.0	0.03889102
4716.0	0.03786629
4718.0	0.03660545
4720.0	0.03633791
4722.0	0.03465582
4724.0	0.03097496
4726.0	0.02878192
4728.0	0.03156928
4730.0	0.03557157
4732.0	0.03692795
4734.0	0.03486917
4736.0	0.03447349
4738.0	0.03537996
4740.0	0.03651072
4742.0	0.03957921
4744.0	0.04005729
4746.0	0.03802727
4748.0	0.03474583
4750.0	0.0364215
4752.0	0.03399196
4754.0	0.03149256
4756.0	0.03813037
4758.0	0.03896594
4760.0	0.03634539
4762.0	0.03911606
4764.0	0.04241439
4766.0	0.03902185
4768.0	0.03655012
4770.0	0.04233009
4772.0	0.04275905
4774.0	0.03966613
4776.0	0.04578411
4778.0	0.04602108
4780.0	0.04264629
4782.0	0.04440202
4784.0	0.0441879
4786.0	0.03643804
4788.0	0.03317171
4790.0	0.04176362
4792.0	0.04645693
4794.0	0.04063997
4796.0	0.04248043
4798.0	0.04224484
4800.0	0.04378875
4802.0	0.04668773
4804.0	0.04432419
4806.0	0.03721941
4808.0	0.03565661
4810.0	0.03956199
4812.0	0.03942109
4814.0	0.03950432
4816.0	0.04044837
4818.0	0.03872186
4820.0	0.043635
4822.0	0.04460788
4824.0	0.0376501
4826.0	0.03873919
4828.0	0.03926972
4830.0	0.04054765
4832.0	0.04333649
4834.0	0.04058998
4836.0	0.03944451
4838.0	0.03961586
4840.0	0.03979194
4842.0	0.03738831
4844.0	0.03436603
4846.0	0.0344977
4848.0	0.03919816
4850.0	0.03730352
4852.0	0.03949411
4854.0	0.04017747
4856.0	0.03662115
4858.0	0.03458021
4860.0	0.03652437
4862.0	0.03694886
4864.0	0.03467083
4866.0	0.03119495
4868.0	0.02955233
4870.0	0.03101245
4872.0	0.03153154
4874.0	0.03357135
4876.0	0.03106871
4878.0	0.02885977
4880.0	0.03306994
4882.0	0.03213431
4884.0	0.02947426
4886.0	0.0289606
4888.0	0.02828485
4890.0	0.02865861
4892.0	0.02993921
4894.0	0.02962544
4896.0	0.02704499
4898.0	0.0261097
4900.0	0.02878903
4902.0	0.03086475
4904.0	0.03039644
4906.0	0.02806404
4908.0	0.02466288
4910.0	0.02599183
4912.0	0.02787693
4914.0	0.02961069
4916.0	0.02295062
4918.0	0.01789649
4920.0	0.02535754
4922.0	0.02892735
4924.0	0.0279941
4926.0	0.02369389
4928.0	0.02349587
4930.0	0.02296533
4932.0	0.02332244
4934.0	0.02849955
4936.0	0.02849824
4938.0	0.02728134
4940.0	0.02788548
4942.0	0.02837426
4944.0	0.02785278
4946.0	0.02816746
4948.0	0.03401544
4950.0	0.03498939
4952.0	0.03581384
4954.0	0.02845936
4956.0	0.03314938
4958.0	0.03405979
4960.0	0.03464229
4962.0	0.03773471
4964.0	0.03801518
4966.0	0.03389854
4968.0	0.03264145
4970.0	0.02930985
4972.0	0.03751898
4974.0	0.03556729
4976.0	0.03403762
4978.0	0.03227359
4980.0	0.03169178
4982.0	0.03268576
4984.0	0.03707855
4986.0	0.0367243
4988.0	0.03202242
4990.0	0.03102156
4992.0	0.0296764
4994.0	0.03221333
4996.0	0.03112898
4998.0	0.03108195
5000.0	0.03959176
5002.0	0.03765379
5004.0	0.03600302
5006.0	0.04043775
5008.0	0.03754092
5010.0	0.03725703
5012.0	0.03320284
5014.0	0.03371475
5016.0	0.03391754
5018.0	0.03684175
5020.0	0.04267358
5022.0	0.03653034
5024.0	0.04021052
5026.0	0.04301158
5028.0	0.04530851
5030.0	0.041974
5032.0	0.03952745
5034.0	0.03714705
5036.0	0.0427355
5038.0	0.04258
5040.0	0.04064242
5042.0	0.0400846
5044.0	0.04182966
5046.0	0.03933437
5048.0	0.03875412
5050.0	0.03688204
5052.0	0.03889672
5054.0	0.04327562
5056.0	0.04491997
5058.0	0.04595777
5060.0	0.04315939
5062.0	0.04166806
5064.0	0.04132588
5066.0	0.04079941
5068.0	0.04524649
5070.0	0.04451376
5072.0	0.04509218
5074.0	0.04171486
5076.0	0.03523301
5078.0	0.03621917
5080.0	0.03942924
5082.0	0.03930208
5084.0	0.03657209
5086.0	0.03444562
5088.0	0.03357842
5090.0	0.03519423
5092.0	0.03830721
5094.0	0.03977904
5096.0	0.03845851
5098.0	0.03578127
5100.0	0.03461468
5102.0	0.03535845
5104.0	0.03697952
5106.0	0.03721936
5108.0	0.03597225
5110.0	0.03633046
5112.0	0.03596914
5114.0	0.03727388
5116.0	0.040298
5118.0	0.0376985
5120.0	0.03300112
5122.0	0.03227042
5124.0	0.03704001
5126.0	0.03794099
5128.0	0.03880936
5130.0	0.03542271
5132.0	0.03233046
5134.0	0.03720814
5136.0	0.03965088
5138.0	0.03810453
5140.0	0.03984577
5142.0	0.04210338
5144.0	0.04290684
5146.0	0.04438721
5148.0	0.04329836
5150.0	0.04282492
5152.0	0.04327517
5154.0	0.04193558
5156.0	0.03977324
5158.0	0.03910736
5160.0	0.04178513
5162.0	0.0419573
5164.0	0.03908703
5166.0	0.03774005
5168.0	0.04141473
5170.0	0.04442668
5172.0	0.04350844
5174.0	0.04367315
5176.0	0.04621286
5178.0	0.04595117
5180.0	0.04431086
5182.0	0.0425031
5184.0	0.04203272
5186.0	0.0394866
5188.0	0.03807484
5190.0	0.03922424
5192.0	0.03831956
5194.0	0.03648381
5196.0	0.03338994
5198.0	0.03760075
5200.0	0.04085589
5202.0	0.0394767
5204.0	0.03869724
5206.0	0.03531871
5208.0	0.03479283
5210.0	0.03451715
5212.0	0.03252782
5214.0	0.03089093
5216.0	0.03204943
5218.0	0.03423197
5220.0	0.03269468
5222.0	0.03199249
5224.0	0.03204165
5226.0	0.03339443
5228.0	0.03274109
5230.0	0.03323457
5232.0	0.03349139
5234.0	0.03133575
5236.0	0.03220721
5238.0	0.03331937
5240.0	0.03208859
5242.0	0.03097051
5244.0	0.03128953
5246.0	0.0322251
5248.0	0.03490267
5250.0	0.03665933
5252.0	0.03322396
5254.0	0.03118175
5256.0	0.03060705
5258.0	0.0330253
5260.0	0.03412916
5262.0	0.03164537
5264.0	0.03030237
5266.0	0.0311954
5268.0	0.03258432
5270.0	0.03022135
5272.0	0.02938805
5274.0	0.02839761
5276.0	0.03018759
5278.0	0.03167061
5280.0	0.03283276
5282.0	0.03306687
5284.0	0.0300973
5286.0	0.03123072
5288.0	0.03048986
5290.0	0.03145758
5292.0	0.03314216
5294.0	0.03384842
5296.0	0.03284466
5298.0	0.03296546
5300.0	0.03466344
5302.0	0.03493905
5304.0	0.03574862
5306.0	0.03570453
5308.0	0.03490363
5310.0	0.03321936
5312.0	0.0311038
5314.0	0.03611002
5316.0	0.03842052
5318.0	0.0344633
5320.0	0.03463754
5322.0	0.03622322
5324.0	0.03533325
5326.0	0.0366845
5328.0	0.03740238
5330.0	0.035852
5332.0	0.03327199
5334.0	0.03370233
5336.0	0.03480313
5338.0	0.03323197
5340.0	0.03455672
5342.0	0.03373243
5344.0	0.03311967
5346.0	0.03381139
5348.0	0.03493087
5350.0	0.03922797
5352.0	0.03952042
5354.0	0.04048672
5356.0	0.04116127
5358.0	0.03732818
5360.0	0.03609494
5362.0	0.03414846
5364.0	0.03501226
5366.0	0.03703785
5368.0	0.03593655
5370.0	0.03679466
5372.0	0.03851653
5374.0	0.0356304
5376.0	0.03313198
5378.0	0.03880162
5380.0	0.03853256
5382.0	0.03460554
5384.0	0.03608308
5386.0	0.04130439
5388.0	0.04187253
5390.0	0.04035892
5392.0	0.03907042
5394.0	0.03640625
5396.0	0.0358509
5398.0	0.03412824
5400.0	0.03484181
5402.0	0.03841088
5404.0	0.03810329
5406.0	0.03800512
5408.0	0.0389567
5410.0	0.03912579
5412.0	0.03943108
5414.0	0.03943059
5416.0	0.03918817
5418.0	0.03785228
5420.0	0.03720944
5422.0	0.03827457
5424.0	0.04025306
5426.0	0.03925568
5428.0	0.03859305
5430.0	0.03884102
5432.0	0.04000504
5434.0	0.04265944
5436.0	0.04103972
5438.0	0.03974342
5440.0	0.04137675
5442.0	0.04235143
5444.0	0.03948939
5446.0	0.04544452
5448.0	0.04754391
5450.0	0.0432181
5452.0	0.04370688
5454.0	0.04400022
5456.0	0.04413481
5458.0	0.04470415
5460.0	0.04281252
5462.0	0.03816127
5464.0	0.03855124
5466.0	0.04241586
5468.0	0.03994745
5470.0	0.04209508
5472.0	0.04716664
5474.0	0.04661039
5476.0	0.04457953
5478.0	0.0421
5480.0	0.04219497
5482.0	0.03880296
5484.0	0.04193115
5486.0	0.04506318
5488.0	0.04698982
5490.0	0.05000772
5492.0	0.04701483
5494.0	0.04220721
5496.0	0.04519595
5498.0	0.04476711
5500.0	0.04403297
5502.0	0.04267385
5504.0	0.04107977
5506.0	0.0417304
5508.0	0.04436321
5510.0	0.04615981
5512.0	0.04428555
5514.0	0.04342635
5516.0	0.04369767
5518.0	0.04621851
5520.0	0.0469922
5522.0	0.03935552
5524.0	0.03941042
5526.0	0.04452977
5528.0	0.04491561
5530.0	0.04349865
5532.0	0.0440578
5534.0	0.04264889
5536.0	0.04364643
5538.0	0.04509672
5540.0	0.0440375
5542.0	0.04536911
5544.0	0.04492847
5546.0	0.04184027
5548.0	0.0434285
5550.0	0.04199159
5552.0	0.04009696
5554.0	0.04496944
5556.0	0.04366666
5558.0	0.04080901
5560.0	0.0396276
5562.0	0.04062605
5564.0	0.04185395
5566.0	0.04014528
5568.0	0.04059067
5570.0	0.03814179
5572.0	0.04168
5574.0	0.05007205
5576.0	0.04601448
5578.0	0.03823154
5580.0	0.03732726
5582.0	0.0418157
5584.0	0.04193412
5586.0	0.04049663
5588.0	0.0440696
5590.0	0.04428742
5592.0	0.03925326
5594.0	0.03683195
5596.0	0.04087089
5598.0	0.04025955
5600.0	0.03604631
5602.0	0.04133546
5604.0	0.04097033
5606.0	0.03784844
5608.0	0.04038396
5610.0	0.04202998
5612.0	0.03961477
5614.0	0.03942992
5616.0	0.03960608
5618.0	0.03901475
5620.0	0.03908733
5622.0	0.03945826
5624.0	0.04172829
5626.0	0.04208719
5628.0	0.04145849
5630.0	0.0409168
5632.0	0.0405563
5634.0	0.04169596
5636.0	0.04231538
5638.0	0.04057839
5640.0	0.04142902
5642.0	0.04028151
5644.0	0.04106228
5646.0	0.04040981
5648.0	0.03973244
5650.0	0.04177989
5652.0	0.04116566
5654.0	0.04105242
5656.0	0.04188287
5658.0	0.04161613
5660.0	0.04095044
5662.0	0.04038596
5664.0	0.0383869
5666.0	0.03859243
5668.0	0.04074958
5670.0	0.04093409
5672.0	0.041249
5674.0	0.04053909
5676.0	0.03883665
5678.0	0.04028379
5680.0	0.04145652
5682.0	0.03797939
5684.0	0.03809233
5686.0	0.03705028
5688.0	0.03662523
5690.0	0.04088984
5692.0	0.03983007
5694.0	0.04107548
5696.0	0.04058461
5698.0	0.03933562
5700.0	0.04351217
5702.0	0.0402685
5704.0	0.03696429
5706.0	0.03836872
5708.0	0.04132928
5710.0	0.04367608
5712.0	0.04318755
5714.0	0.03985728
5716.0	0.04185165
5718.0	0.04135361
5720.0	0.04247319
5722.0	0.04434073
5724.0	0.04472265
5726.0	0.04149229
5728.0	0.03657966
5730.0	0.03735561
5732.0	0.04255361
5734.0	0.04150992
5736.0	0.03839497
5738.0	0.0405669
5740.0	0.04125622
5742.0	0.04101303
5744.0	0.04255727
5746.0	0.04138453
5748.0	0.03913065
5750.0	0.03611569
5752.0	0.03850798
5754.0	0.03974961
5756.0	0.03893639
5758.0	0.03890207
5760.0	0.03878734
5762.0	0.03623472
5764.0	0.03698688
5766.0	0.03920172
5768.0	0.03761138
5770.0	0.03810186
5772.0	0.0368483
5774.0	0.04012242
5776.0	0.03931559
5778.0	0.03622327
5780.0	0.03778542
5782.0	0.04007279
5784.0	0.03740856
5786.0	0.03912356
5788.0	0.03789085
5790.0	0.03753485
5792.0	0.04105095
5794.0	0.04338057
5796.0	0.03963736
5798.0	0.03891577
5800.0	0.03812686
5802.0	0.03879266
5804.0	0.03793569
5806.0	0.03984503
5808.0	0.03842613
5810.0	0.03668666
5812.0	0.03930625
5814.0	0.03823117
5816.0	0.03622833
5818.0	0.04043181
5820.0	0.03839026
5822.0	0.0341101
5824.0	0.03528257
5826.0	0.04211468
5828.0	0.04104068
5830.0	0.03827002
5832.0	0.03628073
5834.0	0.03627334
5836.0	0.03791482
5838.0	0.03918196
5840.0	0.03965835
5842.0	0.04063778
5844.0	0.041632
5846.0	0.03920685
5848.0	0.04136131
5850.0	0.03930295
5852.0	0.04225987
5854.0	0.0390396
5856.0	0.03468708
5858.0	0.03404362
5860.0	0.03616985
5862.0	0.03918911
5864.0	0.03784636
5866.0	0.03513683
5868.0	0.03823443
5870.0	0.03805235
5872.0	0.03283782
5874.0	0.03746508
5876.0	0.03703778
5878.0	0.0345465
5880.0	0.03386346
5882.0	0.03503599
5884.0	0.03698355
5886.0	0.03850996
5888.0	0.03578037
5890.0	0.0331338
5892.0	0.03761613
5894.0	0.03925721
5896.0	0.03347732
5898.0	0.03339625
5900.0	0.03463736
5902.0	0.03788345
5904.0	0.03566796
5906.0	0.03573003
5908.0	0.03368263
5910.0	0.03641868
5912.0	0.03899899
5914.0	0.03421629
5916.0	0.0364009
5918.0	0.03538039
5920.0	0.03487952
5922.0	0.03553046
5924.0	0.03390082
5926.0	0.03903221
5928.0	0.03994156
5930.0	0.03666607
5932.0	0.03369746
5934.0	0.03327145
5936.0	0.03285471
5938.0	0.03388375
5940.0	0.03510086
5942.0	0.03694361
5944.0	0.04030491
5946.0	0.03882395
5948.0	0.03633689
5950.0	0.03532894
5952.0	0.03495894
5954.0	0.03678998
5956.0	0.03689938
5958.0	0.03299178
5960.0	0.03245897
5962.0	0.03805235
5964.0	0.03970077
5966.0	0.03612637
5968.0	0.03967458
5970.0	0.03542213
5972.0	0.03462216
5974.0	0.03774513
5976.0	0.03680697
5978.0	0.03735689
5980.0	0.03528074
5982.0	0.0330634
5984.0	0.03866637
5986.0	0.03780545
5988.0	0.03460069
5990.0	0.03606395
5992.0	0.03867528
5994.0	0.03593526
5996.0	0.03416507
5998.0	0.03043538
6000.0	0.0328734
6002.0	0.03421147
6004.0	0.0333754
6006.0	0.03715027
6008.0	0.03637215
6010.0	0.0336677
6012.0	0.03598988
6014.0	0.03855625
6016.0	0.03980355
6018.0	0.036733
6020.0	0.03706571
6022.0	0.03852775
6024.0	0.03742049
6026.0	0.03900887
6028.0	0.03708059
6030.0	0.03757337
6032.0	0.03833609
6034.0	0.03800016
6036.0	0.0385928
6038.0	0.034418
6040.0	0.03259107
6042.0	0.03536748
6044.0	0.03909749
6046.0	0.03763632
6048.0	0.03985226
6050.0	0.03862895
6052.0	0.03521581
6054.0	0.0331098
6056.0	0.03573661
6058.0	0.04083106
6060.0	0.03907257
6062.0	0.03788289
6064.0	0.03835779
6066.0	0.03764227
6068.0	0.03743957
6070.0	0.03741012
6072.0	0.03748
6074.0	0.03485394
6076.0	0.0364181
6078.0	0.03610808
6080.0	0.03833619
6082.0	0.03934431
6084.0	0.03793737
6086.0	0.03475054
6088.0	0.03342057
6090.0	0.03512368
6092.0	0.03804531
6094.0	0.03910707
6096.0	0.03861243
6098.0	0.03796394
6100.0	0.03691396
6102.0	0.03482255
6104.0	0.03672375
6106.0	0.03994045
6108.0	0.04262422
6110.0	0.04128914
6112.0	0.03981031
6114.0	0.0374221
6116.0	0.03604147
6118.0	0.03730707
6120.0	0.03635818
6122.0	0.03651047
6124.0	0.03625158
6126.0	0.03837536
6128.0	0.04046489
6130.0	0.03775485
6132.0	0.03682261
6134.0	0.03804665
6136.0	0.03727278
6138.0	0.03552322
6140.0	0.03477523
6142.0	0.03726469
6144.0	0.03750457
6146.0	0.03710673
6148.0	0.03911069
6150.0	0.03832415
6152.0	0.0344816
6154.0	0.03134572
6156.0	0.03213772
6158.0	0.03262593
6160.0	0.03115287
6162.0	0.03241494
6164.0	0.03293848
6166.0	0.03427789
6168.0	0.03875073
6170.0	0.04073402
6172.0	0.04022297
6174.0	0.03949058
6176.0	0.03769239
6178.0	0.03629477
6180.0	0.03512229
6182.0	0.03520435
6184.0	0.0374963
6186.0	0.03861605
6188.0	0.03979727
6190.0	0.03923129
6192.0	0.03629328
6194.0	0.03653325
6196.0	0.03784462
6198.0	0.03751896
6200.0	0.03631251
6202.0	0.03680294
6204.0	0.03819624
6206.0	0.03820436
6208.0	0.03818292
6210.0	0.03899497
6212.0	0.04011039
6214.0	0.03855289
6216.0	0.03652292
6218.0	0.03563665
6220.0	0.03479725
6222.0	0.03503827
6224.0	0.03574127
6226.0	0.03612108
6228.0	0.03503754
6230.0	0.0345057
6232.0	0.03371638
6234.0	0.03271685
6236.0	0.03410494
6238.0	0.03634764
6240.0	0.03611302
6242.0	0.03287224
6244.0	0.03225698
6246.0	0.03457927
6248.0	0.03654966
6250.0	0.03756864
6252.0	0.03818978
6254.0	0.03850915
6256.0	0.03870464
6258.0	0.03890394
6260.0	0.03863318
6262.0	0.03790111
6264.0	0.03774434
6266.0	0.03825875
6268.0	0.03723256
6270.0	0.03629411
6272.0	0.03501305
6274.0	0.03588506
6276.0	0.03755965
6278.0	0.03624299
6280.0	0.03711428
6282.0	0.03727117
6284.0	0.03794689
6286.0	0.03839693
6288.0	0.0345349
6290.0	0.03520282
6292.0	0.03871471
6294.0	0.03614159
6296.0	0.03749806
6298.0	0.03823153
6300.0	0.03965928
6302.0	0.04261631
6304.0	0.04121138
6306.0	0.03535312
6308.0	0.03241833
6310.0	0.03419701
6312.0	0.03560394
6314.0	0.03705337
6316.0	0.03810838
6318.0	0.03965408
6320.0	0.03765494
6322.0	0.03655
6324.0	0.03626123
6326.0	0.03596477
6328.0	0.03647788
6330.0	0.03690171
6332.0	0.03608295
6334.0	0.03579514
6336.0	0.03870215
6338.0	0.03673704
6340.0	0.03921951
6342.0	0.03872376
6344.0	0.03668701
6346.0	0.03593167
6348.0	0.03453934
6350.0	0.03639527
6352.0	0.03834272
6354.0	0.03936473
6356.0	0.03501604
6358.0	0.03274853
6360.0	0.03529782
6362.0	0.03737714
6364.0	0.03588951
6366.0	0.0408799
6368.0	0.03863195
6370.0	0.03280476
6372.0	0.03536948
6374.0	0.03581186
6376.0	0.0358973
6378.0	0.0388832
6380.0	0.03990521
6382.0	0.03818434
6384.0	0.03974559
6386.0	0.03687867
6388.0	0.0366471
6390.0	0.03766055
6392.0	0.04001142
6394.0	0.04027749
6396.0	0.03845589
6398.0	0.03698175
6400.0	0.03865643
6402.0	0.03623727
6404.0	0.03959683
6406.0	0.04025629
6408.0	0.03798909
6410.0	0.04081488
6412.0	0.03512889
6414.0	0.03353248
6416.0	0.03644373
6418.0	0.03659879
6420.0	0.03522724
6422.0	0.03603447
6424.0	0.03597671
6426.0	0.03476531
6428.0	0.03318508
6430.0	0.0315726
6432.0	0.03111885
6434.0	0.03314815
6436.0	0.03418133
6438.0	0.03285802
6440.0	0.03066554
6442.0	0.03059715
6444.0	0.02868415
6446.0	0.03040996
6448.0	0.03231645
6450.0	0.03412876
6452.0	0.02937239
6454.0	0.02662499
6456.0	0.02709874
6458.0	0.03042143
6460.0	0.03106032
6462.0	0.0301524
6464.0	0.02859821
6466.0	0.03098847
6468.0	0.03041314
6470.0	0.02915739
6472.0	0.02772539
6474.0	0.0262113
6476.0	0.02798024
6478.0	0.02722903
6480.0	0.0280639
6482.0	0.02651134
6484.0	0.02971625
6486.0	0.0313013
6488.0	0.03043383
6490.0	0.02986181
6492.0	0.02924007
6494.0	0.03022271
6496.0	0.03282946
6498.0	0.03386941
6500.0	0.03299494
6502.0	0.03202938
6504.0	0.03001895
6506.0	0.03024744
6508.0	0.03204523
6510.0	0.03256077
6512.0	0.03236168
6514.0	0.03251973
6516.0	0.03242399
6518.0	0.03291207
6520.0	0.03247156
6522.0	0.03433448
6524.0	0.03351709
6526.0	0.03445781
6528.0	0.03550343
6530.0	0.03299605
6532.0	0.03111232
6534.0	0.03432687
6536.0	0.03702285
6538.0	0.03757133
6540.0	0.03536208
6542.0	0.03297028
6544.0	0.03235282
6546.0	0.03315367
6548.0	0.03471418
6550.0	0.03280074
6552.0	0.03155658
6554.0	0.03336846
6556.0	0.03395719
6558.0	0.03326129
6560.0	0.03439108
6562.0	0.03451993
6564.0	0.03177226
6566.0	0.0293212
6568.0	0.02983856
6570.0	0.02982619
6572.0	0.03165737
6574.0	0.03307739
6576.0	0.02985546
6578.0	0.03023567
6580.0	0.03330566
6582.0	0.03396697
6584.0	0.03197952
6586.0	0.03102852
6588.0	0.03253414
6590.0	0.03239223
6592.0	0.03230237
6594.0	0.03274587
6596.0	0.03141137
6598.0	0.02773265
6600.0	0.02624556
6602.0	0.02961693
6604.0	0.03090098
6606.0	0.0301379
6608.0	0.02810354
6610.0	0.02783165
6612.0	0.02868679
6614.0	0.02870934
6616.0	0.02794045
6618.0	0.02523946
6620.0	0.02516293
6622.0	0.02578235
6624.0	0.02752424
6626.0	0.02992892
6628.0	0.02894333
6630.0	0.02832125
6632.0	0.02833532
6634.0	0.02651923
6636.0	0.02393213
6638.0	0.02338639
6640.0	0.02534399
6642.0	0.02741691
6644.0	0.02925021
6646.0	0.03000415
6648.0	0.02788733
6650.0	0.02742354
6652.0	0.02717258
6654.0	0.02891287
6656.0	0.02928431
6658.0	0.02795184
6660.0	0.03053714
6662.0	0.03208024
6664.0	0.03208917
6666.0	0.03245656
6668.0	0.03347063
6670.0	0.03515297
6672.0	0.03661721
6674.0	0.03821191
6676.0	0.038773
6678.0	0.03846482
6680.0	0.03770965
6682.0	0.03623207
6684.0	0.03819484
6686.0	0.0411563
6688.0	0.04083103
6690.0	0.04249414
6692.0	0.04674395
6694.0	0.0456274
6696.0	0.04313259
6698.0	0.04295497
6700.0	0.04251025
6702.0	0.04289934
6704.0	0.04610202
6706.0	0.05142906
6708.0	0.05348569
6710.0	0.05242301
6712.0	0.05246503
6714.0	0.05168019
6716.0	0.05290228
6718.0	0.0546392
6720.0	0.05500166
6722.0	0.05378893
6724.0	0.0538686
6726.0	0.05675131
6728.0	0.05873312
6730.0	0.05801166
6732.0	0.05806873
6734.0	0.06057678
6736.0	0.05831287
6738.0	0.05695548
6740.0	0.05854556
6742.0	0.05865948
6744.0	0.05869358
6746.0	0.05866691
6748.0	0.05836251
6750.0	0.06085877
6752.0	0.06177401
6754.0	0.06196019
6756.0	0.06239593
6758.0	0.06292885
6760.0	0.06109879
6762.0	0.06123065
6764.0	0.06493644
6766.0	0.0665366
6768.0	0.06525077
6770.0	0.0634357
6772.0	0.06171845
6774.0	0.06163353
6776.0	0.0625564
6778.0	0.06383181
6780.0	0.06517218
6782.0	0.06431182
6784.0	0.06229644
6786.0	0.06126163
6788.0	0.06247755
6790.0	0.06557257
6792.0	0.0645228
6794.0	0.05960501
6796.0	0.06059426
6798.0	0.06404295
6800.0	0.06247313
6802.0	0.06137732
6804.0	0.06058202
6806.0	0.06133743
6808.0	0.06252131
6810.0	0.06602552
6812.0	0.06167438
6814.0	0.06369253
6816.0	0.06421967
6818.0	0.06108895
6820.0	0.06054962
6822.0	0.06084041
6824.0	0.06030055
6826.0	0.06329398
6828.0	0.06197183
6830.0	0.05945066
6832.0	0.05934006
6834.0	0.062214
6836.0	0.06628231
6838.0	0.06282748
6840.0	0.06149462
6842.0	0.06274116
6844.0	0.06095157
6846.0	0.0586204
6848.0	0.06122968
6850.0	0.06094966
6852.0	0.06293973
6854.0	0.06106431
6856.0	0.0577148
6858.0	0.06134515
6860.0	0.05615976
6862.0	0.05320742
6864.0	0.05524055
6866.0	0.05842131
6868.0	0.05602344
6870.0	0.05529013
6872.0	0.06027418
6874.0	0.06189533
6876.0	0.05344849
6878.0	0.05677078
6880.0	0.0568248
6882.0	0.05521968
6884.0	0.05719649
6886.0	0.05843557
6888.0	0.0547946
6890.0	0.0552997
6892.0	0.05474064
6894.0	0.05405937
6896.0	0.05198886
6898.0	0.05225001
6900.0	0.05350363
6902.0	0.05810563
6904.0	0.0541444
6906.0	0.05076248
6908.0	0.0503867
6910.0	0.04847416
6912.0	0.05196481
6914.0	0.05238708
6916.0	0.05360081
6918.0	0.05382679
6920.0	0.05088218
6922.0	0.05092467
6924.0	0.04852221
6926.0	0.04916829
6928.0	0.05331371
6930.0	0.05186747
6932.0	0.04823425
6934.0	0.04609292
6936.0	0.04840953
6938.0	0.04958694
6940.0	0.0503346
6942.0	0.05202696
6944.0	0.05269108
6946.0	0.04850554
6948.0	0.04851571
6950.0	0.04847113
6952.0	0.05266352
6954.0	0.05155087
6956.0	0.04674923
6958.0	0.04813471
6960.0	0.04785296
6962.0	0.04802039
6964.0	0.04678918
6966.0	0.04383633
6968.0	0.04794401
6970.0	0.04675069
6972.0	0.0479763
6974.0	0.05070637
6976.0	0.04754586
6978.0	0.0486242
6980.0	0.04958865
6982.0	0.04804977
6984.0	0.04436212
6986.0	0.04301545
6988.0	0.04547266
6990.0	0.04554231
6992.0	0.04629108
6994.0	0.04567226
6996.0	0.04337665
6998.0	0.04733275
7000.0	0.04506623
7002.0	0.04297977
7004.0	0.0447005
7006.0	0.04624859
7008.0	0.04505807
7010.0	0.04295145
7012.0	0.04241794
7014.0	0.04158386
7016.0	0.04130844
7018.0	0.04330894
7020.0	0.0443649
7022.0	0.04423728
7024.0	0.04282521
7026.0	0.04312756
7028.0	0.04464302
7030.0	0.04355974
7032.0	0.0428693
7034.0	0.0422428
7036.0	0.04140265
7038.0	0.04130339
7040.0	0.0411763
7042.0	0.04120485
7044.0	0.03993944
7046.0	0.03978973
7048.0	0.04060571
7050.0	0.04155896
