# k-corrections: SUBTRACT these numbers from observed data
#    z    k_(B-V) k_(g-r) k_(r-i)
   0.000   0.000   0.000   0.000
   0.002  -0.000   0.001   0.002
   0.004  -0.001   0.002   0.005
   0.006  -0.001   0.003   0.007
   0.008  -0.001   0.004   0.010
   0.010  -0.000   0.005   0.013
   0.012  -0.000   0.005   0.017
   0.014   0.000   0.006   0.020
   0.016   0.001   0.007   0.024
   0.018   0.002   0.007   0.028
   0.020   0.003   0.007   0.032
   0.022   0.004   0.008   0.036
   0.024   0.005   0.008   0.040
   0.026   0.007   0.009   0.045
   0.028   0.008   0.009   0.049
   0.030   0.010   0.010   0.054
   0.032   0.012   0.010   0.059
   0.034   0.014   0.011   0.064
   0.036   0.016   0.011   0.069
   0.038   0.018   0.012   0.075
   0.040   0.021   0.012   0.081
   0.042   0.023   0.013   0.087
   0.044   0.025   0.013   0.093
   0.046   0.028   0.013   0.099
   0.048   0.030   0.013   0.106
   0.050   0.033   0.013   0.113
   0.052   0.036   0.013   0.120
   0.054   0.038   0.013   0.128
   0.056   0.041   0.013   0.136
   0.058   0.044   0.012   0.144
   0.060   0.047   0.012   0.152
   0.062   0.050   0.012   0.160
   0.064   0.053   0.011   0.168
   0.066   0.056   0.011   0.177
   0.068   0.059   0.011   0.185
   0.070   0.063   0.011   0.193
   0.072   0.066   0.011   0.201
   0.074   0.070   0.011   0.210
   0.076   0.074   0.012   0.218
   0.078   0.078   0.012   0.225
   0.080   0.082   0.013   0.233
   0.082   0.086   0.015   0.240
   0.084   0.091   0.016   0.247
   0.086   0.095   0.018   0.253
   0.088   0.100   0.020   0.259
   0.090   0.105   0.023   0.265
   0.092   0.111   0.025   0.270
   0.094   0.116   0.028   0.275
   0.096   0.122   0.031   0.279
   0.098   0.128   0.034   0.283
   0.100   0.134   0.037   0.287
   0.102   0.140   0.040   0.290
   0.104   0.146   0.043   0.293
   0.106   0.153   0.046   0.295
   0.108   0.159   0.048   0.297
   0.110   0.166   0.051   0.299
   0.112   0.173   0.053   0.301
   0.114   0.180   0.055   0.302
   0.116   0.187   0.056   0.304
   0.118   0.194   0.057   0.305
   0.120   0.201   0.058   0.306
   0.122   0.208   0.058   0.308
   0.124   0.215   0.059   0.309
   0.126   0.223   0.058   0.311
   0.128   0.230   0.058   0.313
   0.130   0.237   0.058   0.315
   0.132   0.244   0.057   0.318
   0.134   0.252   0.056   0.320
   0.136   0.259   0.055   0.323
   0.138   0.266   0.055   0.327
   0.140   0.274   0.054   0.330
   0.142   0.281   0.053   0.334
   0.144   0.289   0.053   0.339
   0.146   0.296   0.052   0.343
   0.148   0.303   0.052   0.349
   0.150   0.311   0.052   0.354
   0.152   0.318   0.053   0.360
   0.154   0.326   0.054   0.366
   0.156   0.333   0.054   0.373
   0.158   0.341   0.056   0.379
   0.160   0.348   0.057   0.386
   0.162   0.356   0.059   0.393
   0.164   0.364   0.061   0.400
   0.166   0.371   0.063   0.407
   0.168   0.379   0.065   0.414
   0.170   0.387   0.068   0.421
   0.172   0.395   0.071   0.428
   0.174   0.404   0.074   0.435
   0.176   0.412   0.077   0.441
   0.178   0.420   0.080   0.447
   0.180   0.429   0.083   0.453
   0.182   0.437   0.087   0.459
   0.184   0.446   0.090   0.464
   0.186   0.455   0.094   0.469
   0.188   0.464   0.097   0.474
   0.190   0.473   0.101   0.478
   0.192   0.482   0.104   0.482
   0.194   0.491   0.108   0.487
   0.196   0.500   0.112   0.491
   0.198   0.510   0.116   0.494
   0.200   0.519   0.120   0.498
