#	 2016glz 
#	 UT date of observation: 20161030 
#	 Telescope/Instrument: SOAR/Goodman 
#	 Estimated Peak MJD: 57664.344 
#	 Estimated redshift: 0.041 
#	 Estimated Phase: 25.6 
#	 Published in Dettman et al. 2020 
#	 Observed barycentric wavelength (Angstroms)    F_lambda
3600.0	0.09266561
3602.0	0.0951499
3604.0	0.08149698
3606.0	0.08032296
3608.0	0.07219052
3610.0	0.06184287
3612.0	0.08516719
3614.0	0.0913117
3616.0	0.09062894
3618.0	0.07732271
3620.0	0.07741245
3622.0	0.07220852
3624.0	0.08501375
3626.0	0.09974455
3628.0	0.07505935
3630.0	0.07771689
3632.0	0.1247864
3634.0	0.1233057
3636.0	0.1222116
3638.0	0.1370821
3640.0	0.1201619
3642.0	0.1070382
3644.0	0.1077586
3646.0	0.1178629
3648.0	0.1266216
3650.0	0.1239678
3652.0	0.1090438
3654.0	0.1165238
3656.0	0.1202341
3658.0	0.1179774
3660.0	0.1189665
3662.0	0.1262009
3664.0	0.1272295
3666.0	0.1309693
3668.0	0.1289872
3670.0	0.1015308
3672.0	0.1034382
3674.0	0.1354416
3676.0	0.1340879
3678.0	0.1293962
3680.0	0.1344586
3682.0	0.1366868
3684.0	0.1401981
3686.0	0.1440665
3688.0	0.1383556
3690.0	0.1358426
3692.0	0.1269201
3694.0	0.1305843
3696.0	0.1426994
3698.0	0.1520195
3700.0	0.1769969
3702.0	0.1695075
3704.0	0.133641
3706.0	0.1405742
3708.0	0.1522285
3710.0	0.1519647
3712.0	0.1609692
3714.0	0.1601803
3716.0	0.1608878
3718.0	0.1564379
3720.0	0.1515826
3722.0	0.1601416
3724.0	0.1598575
3726.0	0.144649
3728.0	0.1485522
3730.0	0.1592922
3732.0	0.1684214
3734.0	0.1635257
3736.0	0.152785
3738.0	0.1624307
3740.0	0.1654778
3742.0	0.1633411
3744.0	0.1770123
3746.0	0.1896578
3748.0	0.1704359
3750.0	0.1596092
3752.0	0.1726891
3754.0	0.187722
3756.0	0.1988788
3758.0	0.2002312
3760.0	0.2071895
3762.0	0.2045479
3764.0	0.2065214
3766.0	0.2190616
3768.0	0.2119438
3770.0	0.206586
3772.0	0.225929
3774.0	0.2367678
3776.0	0.2320811
3778.0	0.2410335
3780.0	0.2353745
3782.0	0.2456504
3784.0	0.2499367
3786.0	0.2428554
3788.0	0.2450694
3790.0	0.2538893
3792.0	0.270037
3794.0	0.2559877
3796.0	0.2459188
3798.0	0.2602429
3800.0	0.2552866
3802.0	0.2555502
3804.0	0.2695338
3806.0	0.2618017
3808.0	0.2635422
3810.0	0.2637532
3812.0	0.2566106
3814.0	0.2766274
3816.0	0.2833862
3818.0	0.2634098
3820.0	0.2538212
3822.0	0.2519656
3824.0	0.2574536
3826.0	0.2709729
3828.0	0.2629471
3830.0	0.2566016
3832.0	0.2632522
3834.0	0.2549269
3836.0	0.2402052
3838.0	0.2364902
3840.0	0.2307283
3842.0	0.223271
3844.0	0.223814
3846.0	0.2162023
3848.0	0.2090523
3850.0	0.2011156
3852.0	0.1877271
3854.0	0.1741764
3856.0	0.1792132
3858.0	0.1878024
3860.0	0.1832455
3862.0	0.1664829
3864.0	0.1657834
3866.0	0.1594126
3868.0	0.1555787
3870.0	0.1566633
3872.0	0.1651268
3874.0	0.1595336
3876.0	0.1510803
3878.0	0.161123
3880.0	0.1588334
3882.0	0.1465455
3884.0	0.1463685
3886.0	0.1373918
3888.0	0.1421067
3890.0	0.1437433
3892.0	0.1313996
3894.0	0.1252255
3896.0	0.1340081
3898.0	0.1277724
3900.0	0.1285505
3902.0	0.126019
3904.0	0.1293951
3906.0	0.1369802
3908.0	0.1207478
3910.0	0.1340876
3912.0	0.1300523
3914.0	0.1319532
3916.0	0.1227561
3918.0	0.1149037
3920.0	0.1282784
3922.0	0.141165
3924.0	0.1294767
3926.0	0.1266475
3928.0	0.1346118
3930.0	0.1451278
3932.0	0.1325679
3934.0	0.1300091
3936.0	0.1505234
3938.0	0.1585557
3940.0	0.1614227
3942.0	0.1599531
3944.0	0.1597719
3946.0	0.169643
3948.0	0.1829127
3950.0	0.1729662
3952.0	0.1839514
3954.0	0.1923754
3956.0	0.2056042
3958.0	0.1961184
3960.0	0.1995253
3962.0	0.2141262
3964.0	0.2187584
3966.0	0.2280779
3968.0	0.2321817
3970.0	0.2400308
3972.0	0.2490563
3974.0	0.2586457
3976.0	0.2717586
3978.0	0.2755426
3980.0	0.2836163
3982.0	0.2897051
3984.0	0.3098978
3986.0	0.3513469
3988.0	0.3397902
3990.0	0.3587734
3992.0	0.391161
3994.0	0.4017789
3996.0	0.428627
3998.0	0.4298934
4000.0	0.4263597
4002.0	0.4126621
4004.0	0.4133556
4006.0	0.4476629
4008.0	0.4630948
4010.0	0.4704651
4012.0	0.465299
4014.0	0.4861966
4016.0	0.5062965
4018.0	0.4929552
4020.0	0.4622142
4022.0	0.4841619
4024.0	0.5103989
4026.0	0.515304
4028.0	0.5059696
4030.0	0.5256894
4032.0	0.5271516
4034.0	0.5158079
4036.0	0.534561
4038.0	0.5357647
4040.0	0.5458442
4042.0	0.5357078
4044.0	0.5375086
4046.0	0.5506052
4048.0	0.5524284
4050.0	0.5600598
4052.0	0.5585965
4054.0	0.572401
4056.0	0.5888422
4058.0	0.5723019
4060.0	0.5764682
4062.0	0.5979226
4064.0	0.6154579
4066.0	0.5959184
4068.0	0.605601
4070.0	0.6134549
4072.0	0.6093032
4074.0	0.6142856
4076.0	0.6004192
4078.0	0.6065451
4080.0	0.6126285
4082.0	0.604959
4084.0	0.6074669
4086.0	0.6162281
4088.0	0.6156525
4090.0	0.6157943
4092.0	0.6146885
4094.0	0.5973334
4096.0	0.5923375
4098.0	0.5824645
4100.0	0.5890768
4102.0	0.6052603
4104.0	0.5888743
4106.0	0.5805424
4108.0	0.5884738
4110.0	0.580404
4112.0	0.5792595
4114.0	0.5761161
4116.0	0.5839406
4118.0	0.5783074
4120.0	0.5494548
4122.0	0.5427576
4124.0	0.5395983
4126.0	0.5260431
4128.0	0.5112619
4130.0	0.4945653
4132.0	0.4747391
4134.0	0.4756875
4136.0	0.4957293
4138.0	0.4894982
4140.0	0.4677246
4142.0	0.468213
4144.0	0.4704964
4146.0	0.460954
4148.0	0.4508807
4150.0	0.4411679
4152.0	0.4417147
4154.0	0.441847
4156.0	0.4262404
4158.0	0.4177688
4160.0	0.4177898
4162.0	0.4034273
4164.0	0.4054206
4166.0	0.4194839
4168.0	0.4165182
4170.0	0.4107578
4172.0	0.3986124
4174.0	0.402761
4176.0	0.4091438
4178.0	0.3959489
4180.0	0.3853118
4182.0	0.3904715
4184.0	0.3919212
4186.0	0.3807108
4188.0	0.3729027
4190.0	0.3760159
4192.0	0.3767198
4194.0	0.3749847
4196.0	0.3738708
4198.0	0.3775566
4200.0	0.3748926
4202.0	0.3682609
4204.0	0.3713018
4206.0	0.3706518
4208.0	0.3531846
4210.0	0.34115
4212.0	0.3458381
4214.0	0.3407469
4216.0	0.3366919
4218.0	0.3395078
4220.0	0.3441692
4222.0	0.3451113
4224.0	0.3339945
4226.0	0.3350433
4228.0	0.3321008
4230.0	0.3262129
4232.0	0.3269953
4234.0	0.3363393
4236.0	0.342757
4238.0	0.3371844
4240.0	0.3302572
4242.0	0.3368881
4244.0	0.3391608
4246.0	0.3367472
4248.0	0.3412244
4250.0	0.3520851
4252.0	0.3644334
4254.0	0.3525393
4256.0	0.3288137
4258.0	0.3208712
4260.0	0.3388086
4262.0	0.3485419
4264.0	0.3462828
4266.0	0.3587523
4268.0	0.3548807
4270.0	0.3453349
4272.0	0.3502072
4274.0	0.3587188
4276.0	0.3577983
4278.0	0.3608547
4280.0	0.3678417
4282.0	0.3726566
4284.0	0.3691376
4286.0	0.3676144
4288.0	0.3655175
4290.0	0.3659748
4292.0	0.3700462
4294.0	0.3823547
4296.0	0.3909265
4298.0	0.3845348
4300.0	0.3886155
4302.0	0.3990142
4304.0	0.4007111
4306.0	0.4028141
4308.0	0.4047159
4310.0	0.4075042
4312.0	0.4140428
4314.0	0.4197106
4316.0	0.4126878
4318.0	0.4048625
4320.0	0.4093856
4322.0	0.4272476
4324.0	0.4215552
4326.0	0.4081694
4328.0	0.4134249
4330.0	0.4143117
4332.0	0.4213069
4334.0	0.4234428
4336.0	0.4157492
4338.0	0.4196844
4340.0	0.4271644
4342.0	0.422237
4344.0	0.423546
4346.0	0.4350435
4348.0	0.4359583
4350.0	0.4377501
4352.0	0.4410808
4354.0	0.4381724
4356.0	0.4356107
4358.0	0.4433945
4360.0	0.4538953
4362.0	0.442536
4364.0	0.4406104
4366.0	0.4508335
4368.0	0.4552858
4370.0	0.4573537
4372.0	0.4661934
4374.0	0.4647826
4376.0	0.4567525
4378.0	0.446808
4380.0	0.4551139
4382.0	0.4651242
4384.0	0.4591632
4386.0	0.4562183
4388.0	0.4468925
4390.0	0.4424827
4392.0	0.4520113
4394.0	0.4547754
4396.0	0.4528885
4398.0	0.4533173
4400.0	0.4419431
4402.0	0.438645
4404.0	0.4472674
4406.0	0.4503753
4408.0	0.4624068
4410.0	0.4637162
4412.0	0.4543555
4414.0	0.4475674
4416.0	0.4408298
4418.0	0.4415592
4420.0	0.4420078
4422.0	0.4501119
4424.0	0.4532146
4426.0	0.4582359
4428.0	0.4595307
4430.0	0.4577553
4432.0	0.4598357
4434.0	0.4653361
4436.0	0.4749659
4438.0	0.4669874
4440.0	0.4707415
4442.0	0.4704975
4444.0	0.4531057
4446.0	0.4581809
4448.0	0.4685765
4450.0	0.4638591
4452.0	0.4493124
4454.0	0.4470253
4456.0	0.4508566
4458.0	0.4531672
4460.0	0.4612207
4462.0	0.447006
4464.0	0.4337388
4466.0	0.4461043
4468.0	0.453015
4470.0	0.4473124
4472.0	0.4248929
4474.0	0.4168347
4476.0	0.4306601
4478.0	0.4267075
4480.0	0.4172406
4482.0	0.4218317
4484.0	0.4287054
4486.0	0.4192636
4488.0	0.4085456
4490.0	0.40385
4492.0	0.3879688
4494.0	0.3737851
4496.0	0.3776766
4498.0	0.3790015
4500.0	0.373224
4502.0	0.3646427
4504.0	0.358403
4506.0	0.3688042
4508.0	0.3673075
4510.0	0.3474882
4512.0	0.3327507
4514.0	0.3293428
4516.0	0.3329684
4518.0	0.3231186
4520.0	0.3191603
4522.0	0.3076265
4524.0	0.2968726
4526.0	0.3028272
4528.0	0.3072757
4530.0	0.299121
4532.0	0.2877506
4534.0	0.2783382
4536.0	0.2625774
4538.0	0.2764688
4540.0	0.2795575
4542.0	0.2670435
4544.0	0.2597832
4546.0	0.2592232
4548.0	0.2583754
4550.0	0.2423389
4552.0	0.2444461
4554.0	0.2554221
4556.0	0.2473328
4558.0	0.2476113
4560.0	0.2474278
4562.0	0.2437981
4564.0	0.2495658
4566.0	0.2461743
4568.0	0.2467841
4570.0	0.2360497
4572.0	0.2477452
4574.0	0.2413592
4576.0	0.2455233
4578.0	0.2583413
4580.0	0.2490345
4582.0	0.2462895
4584.0	0.2462119
4586.0	0.2423334
4588.0	0.235701
4590.0	0.2431676
4592.0	0.2500643
4594.0	0.2498129
4596.0	0.2529134
4598.0	0.2559882
4600.0	0.2495607
4602.0	0.2534365
4604.0	0.2652267
4606.0	0.2693993
4608.0	0.2777396
4610.0	0.2855017
4612.0	0.2728456
4614.0	0.283724
4616.0	0.2731315
4618.0	0.2851963
4620.0	0.2937362
4622.0	0.2898039
4624.0	0.2795095
4626.0	0.2954843
4628.0	0.2902023
4630.0	0.2954275
4632.0	0.3061215
4634.0	0.3144759
4636.0	0.3112908
4638.0	0.3162158
4640.0	0.32972
4642.0	0.328409
4644.0	0.3317993
4646.0	0.3466211
4648.0	0.3584536
4650.0	0.3602208
4652.0	0.3463
4654.0	0.3615824
4656.0	0.3819284
4658.0	0.3822913
4660.0	0.3829201
4662.0	0.3976237
4664.0	0.4087448
4666.0	0.3915223
4668.0	0.4093225
4670.0	0.4292121
4672.0	0.438033
4674.0	0.4192869
4676.0	0.4430941
4678.0	0.4490074
4680.0	0.4629588
4682.0	0.4626212
4684.0	0.469266
4686.0	0.4782304
4688.0	0.4741439
4690.0	0.4945046
4692.0	0.4948418
4694.0	0.5007463
4696.0	0.5080299
4698.0	0.5145968
4700.0	0.5283653
4702.0	0.5258886
4704.0	0.5213985
4706.0	0.5244099
4708.0	0.5499039
4710.0	0.5446305
4712.0	0.5601207
4714.0	0.5648493
4716.0	0.5878574
4718.0	0.5869305
4720.0	0.5813853
4722.0	0.5843757
4724.0	0.599978
4726.0	0.6081797
4728.0	0.6131276
4730.0	0.6077039
4732.0	0.635172
4734.0	0.6476476
4736.0	0.6569842
4738.0	0.6689197
4740.0	0.6694936
4742.0	0.6723637
4744.0	0.6973401
4746.0	0.6864225
4748.0	0.7053804
4750.0	0.7325603
4752.0	0.735288
4754.0	0.7605529
4756.0	0.7763062
4758.0	0.7774502
4760.0	0.7870368
4762.0	0.7939516
4764.0	0.8110853
4766.0	0.8209911
4768.0	0.8118306
4770.0	0.8231477
4772.0	0.8338211
4774.0	0.8365135
4776.0	0.8378595
4778.0	0.8486254
4780.0	0.8401112
4782.0	0.841776
4784.0	0.8460063
4786.0	0.8597847
4788.0	0.8550512
4790.0	0.8544124
4792.0	0.8461001
4794.0	0.830337
4796.0	0.8237978
4798.0	0.8246599
4800.0	0.8256766
4802.0	0.809988
4804.0	0.7994355
4806.0	0.7947895
4808.0	0.7910805
4810.0	0.7830192
4812.0	0.7994593
4814.0	0.7903739
4816.0	0.7607239
4818.0	0.7492613
4820.0	0.7412059
4822.0	0.7405939
4824.0	0.7317068
4826.0	0.7196733
4828.0	0.7129988
4830.0	0.6990202
4832.0	0.7026398
4834.0	0.6968232
4836.0	0.673035
4838.0	0.6617948
4840.0	0.6425081
4842.0	0.6284186
4844.0	0.6319621
4846.0	0.6309317
4848.0	0.6263344
4850.0	0.6169579
4852.0	0.6158387
4854.0	0.6030366
4856.0	0.590292
4858.0	0.5733031
4860.0	0.5630856
4862.0	0.5469825
4864.0	0.5377202
4866.0	0.5355834
4868.0	0.5197887
4870.0	0.4993688
4872.0	0.4960937
4874.0	0.4893084
4876.0	0.4651539
4878.0	0.4520348
4880.0	0.4428861
4882.0	0.4267575
4884.0	0.4192075
4886.0	0.4164867
4888.0	0.3919038
4890.0	0.3723697
4892.0	0.3777116
4894.0	0.3761933
4896.0	0.363565
4898.0	0.356541
4900.0	0.3489613
4902.0	0.3464442
4904.0	0.3432541
4906.0	0.331705
4908.0	0.3340735
4910.0	0.3296531
4912.0	0.3261077
4914.0	0.33052
4916.0	0.324761
4918.0	0.319627
4920.0	0.3171866
4922.0	0.3238971
4924.0	0.3233186
4926.0	0.3212272
4928.0	0.3266575
4930.0	0.3253328
4932.0	0.3300915
4934.0	0.3344523
4936.0	0.327003
4938.0	0.3233188
4940.0	0.3223317
4942.0	0.3187867
4944.0	0.3278641
4946.0	0.3334378
4948.0	0.3241352
4950.0	0.3196711
4952.0	0.3255994
4954.0	0.3294289
4956.0	0.3190391
4958.0	0.3117259
4960.0	0.3165642
4962.0	0.3209575
4964.0	0.3106326
4966.0	0.2967518
4968.0	0.3009865
4970.0	0.306949
4972.0	0.3057138
4974.0	0.3076731
4976.0	0.3133684
4978.0	0.3091846
4980.0	0.3057612
4982.0	0.3124494
4984.0	0.3174396
4986.0	0.312796
4988.0	0.303178
4990.0	0.305151
4992.0	0.3123372
4994.0	0.3051121
4996.0	0.2970732
4998.0	0.3003696
5000.0	0.3031874
5002.0	0.3074194
5004.0	0.3128278
5006.0	0.3149676
5008.0	0.3177955
5010.0	0.3151508
5012.0	0.3182913
5014.0	0.3227063
5016.0	0.3175131
5018.0	0.317454
5020.0	0.3188344
5022.0	0.3235981
5024.0	0.3293439
5026.0	0.3330947
5028.0	0.3357996
5030.0	0.333182
5032.0	0.3375676
5034.0	0.3387448
5036.0	0.3413082
5038.0	0.3561228
5040.0	0.3639194
5042.0	0.3576972
5044.0	0.351287
5046.0	0.3565333
5048.0	0.3628814
5050.0	0.3667332
5052.0	0.3698379
5054.0	0.3700423
5056.0	0.3666517
5058.0	0.3707089
5060.0	0.3793408
5062.0	0.385445
5064.0	0.3902464
5066.0	0.3923297
5068.0	0.3901233
5070.0	0.3897738
5072.0	0.4010302
5074.0	0.4065954
5076.0	0.4175317
5078.0	0.4298861
5080.0	0.4323164
5082.0	0.4274085
5084.0	0.43076
5086.0	0.4391757
5088.0	0.4369205
5090.0	0.4395731
5092.0	0.4486054
5094.0	0.4462392
5096.0	0.4434972
5098.0	0.4548396
5100.0	0.469714
5102.0	0.4651835
5104.0	0.4569717
5106.0	0.4626421
5108.0	0.4654245
5110.0	0.4554617
5112.0	0.4616136
5114.0	0.4648087
5116.0	0.4604836
5118.0	0.4679308
5120.0	0.4543469
5122.0	0.4423563
5124.0	0.4468203
5126.0	0.4398593
5128.0	0.4345901
5130.0	0.4413716
5132.0	0.4357497
5134.0	0.4251032
5136.0	0.4256034
5138.0	0.4263861
5140.0	0.4280337
5142.0	0.4247143
5144.0	0.4076041
5146.0	0.4052478
5148.0	0.4004131
5150.0	0.4020127
5152.0	0.4000901
5154.0	0.3868278
5156.0	0.3801535
5158.0	0.3818761
5160.0	0.3848172
5162.0	0.3987477
5164.0	0.3936228
5166.0	0.3879585
5168.0	0.3723775
5170.0	0.3618841
5172.0	0.3638034
5174.0	0.371575
5176.0	0.3574432
5178.0	0.3513479
5180.0	0.3482933
5182.0	0.346799
5184.0	0.3493049
5186.0	0.3520237
5188.0	0.3470486
5190.0	0.3361509
5192.0	0.3397474
5194.0	0.3360581
5196.0	0.3262666
5198.0	0.3230963
5200.0	0.3240302
5202.0	0.3263928
5204.0	0.323091
5206.0	0.3124172
5208.0	0.3246256
5210.0	0.3434984
5212.0	0.352462
5214.0	0.3451904
5216.0	0.3342356
5218.0	0.3311987
5220.0	0.3234441
5222.0	0.3156946
5224.0	0.3194206
5226.0	0.309677
5228.0	0.3173245
5230.0	0.3186499
5232.0	0.3104524
5234.0	0.301864
5236.0	0.3152919
5238.0	0.3146714
5240.0	0.3134703
5242.0	0.3115048
5244.0	0.3182898
5246.0	0.3234783
5248.0	0.3272362
5250.0	0.3191271
5252.0	0.3288128
5254.0	0.3204727
5256.0	0.3200186
5258.0	0.3078562
5260.0	0.3218697
5262.0	0.3307863
5264.0	0.3178683
5266.0	0.3105081
5268.0	0.3122383
5270.0	0.3174486
5272.0	0.3138311
5274.0	0.3252015
5276.0	0.3151395
5278.0	0.3163465
5280.0	0.2961055
5282.0	0.3043447
5284.0	0.3132518
5286.0	0.3097622
5288.0	0.3121348
5290.0	0.3146733
5292.0	0.3217546
5294.0	0.3247519
5296.0	0.3134787
5298.0	0.3242489
5300.0	0.3229443
5302.0	0.3131146
5304.0	0.3187923
5306.0	0.3188006
5308.0	0.3264343
5310.0	0.3335858
5312.0	0.3376038
5314.0	0.3387018
5316.0	0.3329538
5318.0	0.3435816
5320.0	0.333914
5322.0	0.344647
5324.0	0.3467007
5326.0	0.3462054
5328.0	0.3543093
5330.0	0.3698729
5332.0	0.3634896
5334.0	0.352848
5336.0	0.3572402
5338.0	0.377743
5340.0	0.3730842
5342.0	0.3697348
5344.0	0.3705036
5346.0	0.3686275
5348.0	0.3700052
5350.0	0.3704345
5352.0	0.3755353
5354.0	0.3876519
5356.0	0.4020743
5358.0	0.3906267
5360.0	0.392067
5362.0	0.3893756
5364.0	0.405195
5366.0	0.4093246
5368.0	0.4173576
5370.0	0.409659
5372.0	0.4162695
5374.0	0.4236304
5376.0	0.4209975
5378.0	0.4167775
5380.0	0.4304501
5382.0	0.4308771
5384.0	0.4284971
5386.0	0.4436539
5388.0	0.457203
5390.0	0.4636933
5392.0	0.4607462
5394.0	0.4671666
5396.0	0.4735216
5398.0	0.4767041
5400.0	0.4836836
5402.0	0.4932507
5404.0	0.4987187
5406.0	0.4977399
5408.0	0.5084973
5410.0	0.513164
5412.0	0.5135835
5414.0	0.5226207
5416.0	0.5360618
5418.0	0.5381948
5420.0	0.5388479
5422.0	0.5455683
5424.0	0.5429462
5426.0	0.5561509
5428.0	0.5590569
5430.0	0.5741953
5432.0	0.579501
5434.0	0.5851633
5436.0	0.5897733
5438.0	0.5983005
5440.0	0.599078
5442.0	0.6176688
5444.0	0.6143271
5446.0	0.609067
5448.0	0.6338081
5450.0	0.6349453
5452.0	0.6320863
5454.0	0.6540334
5456.0	0.6662865
5458.0	0.6687795
5460.0	0.6633869
5462.0	0.6725611
5464.0	0.678524
5466.0	0.6760967
5468.0	0.6862283
5470.0	0.6851072
5472.0	0.6866344
5474.0	0.6858354
5476.0	0.6955364
5478.0	0.7095264
5480.0	0.7139254
5482.0	0.7279299
5484.0	0.743279
5486.0	0.7448041
5488.0	0.7477845
5490.0	0.7474735
5492.0	0.7397593
5494.0	0.7528718
5496.0	0.7598265
5498.0	0.7552466
5500.0	0.7599308
5502.0	0.7614117
5504.0	0.7754707
5506.0	0.7798828
5508.0	0.7882714
5510.0	0.7916379
5512.0	0.7857726
5514.0	0.788103
5516.0	0.7994752
5518.0	0.8046278
5520.0	0.8061656
5522.0	0.8164589
5524.0	0.8108817
5526.0	0.8080434
5528.0	0.8192947
5530.0	0.8310765
5532.0	0.8368844
5534.0	0.8387087
5536.0	0.8372921
5538.0	0.8267339
5540.0	0.8423897
5542.0	0.8486921
5544.0	0.8437083
5546.0	0.8452556
5548.0	0.8482163
5550.0	0.8553761
5552.0	0.8603626
5554.0	0.8535556
5556.0	0.8579335
5558.0	0.8668637
5560.0	0.8604301
5562.0	0.861694
5564.0	0.8671703
5566.0	0.8641735
5568.0	0.8637104
5570.0	0.8715898
5572.0	0.8687104
5574.0	0.8631528
5576.0	0.8695455
5578.0	0.8614977
5580.0	0.8628494
5582.0	0.8502999
5584.0	0.8503796
5586.0	0.8659816
5588.0	0.8673519
5590.0	0.8571513
5592.0	0.8525556
5594.0	0.8606759
5596.0	0.8577091
5598.0	0.8588461
5600.0	0.857088
5602.0	0.8495947
5604.0	0.8378598
5606.0	0.8337929
5608.0	0.8330468
5610.0	0.8263574
5612.0	0.8246052
5614.0	0.8252239
5616.0	0.8353737
5618.0	0.8328375
5620.0	0.8281363
5622.0	0.8242005
5624.0	0.8130815
5626.0	0.7972071
5628.0	0.8118987
5630.0	0.8161247
5632.0	0.8086123
5634.0	0.8161904
5636.0	0.824576
5638.0	0.8169007
5640.0	0.7980967
5642.0	0.7984085
5644.0	0.7933697
5646.0	0.7882091
5648.0	0.7999366
5650.0	0.7998209
5652.0	0.7995664
5654.0	0.7945493
5656.0	0.784676
5658.0	0.7912746
5660.0	0.7956645
5662.0	0.7962822
5664.0	0.7892336
5666.0	0.7815884
5668.0	0.7813442
5670.0	0.7763246
5672.0	0.7773456
5674.0	0.7685242
5676.0	0.7686913
5678.0	0.7769027
5680.0	0.7722154
5682.0	0.77003
5684.0	0.7642179
5686.0	0.7575229
5688.0	0.7629676
5690.0	0.7696511
5692.0	0.7599811
5694.0	0.7439174
5696.0	0.7494729
5698.0	0.7479995
5700.0	0.7360038
5702.0	0.7428896
5704.0	0.7457034
5706.0	0.737963
5708.0	0.7252179
5710.0	0.7248475
5712.0	0.7340277
5714.0	0.7263916
5716.0	0.7155592
5718.0	0.7066645
5720.0	0.7114253
5722.0	0.7178729
5724.0	0.710496
5726.0	0.7198228
5728.0	0.7224283
5730.0	0.7179684
5732.0	0.7099831
5734.0	0.6976903
5736.0	0.6898101
5738.0	0.6861535
5740.0	0.6876989
5742.0	0.688996
5744.0	0.6887645
5746.0	0.6797439
5748.0	0.6701745
5750.0	0.6623659
5752.0	0.6586123
5754.0	0.6510315
5756.0	0.647673
5758.0	0.6460387
5760.0	0.6542287
5762.0	0.6542555
5764.0	0.6460744
5766.0	0.6525947
5768.0	0.6418324
5770.0	0.6238334
5772.0	0.6212777
5774.0	0.6283187
5776.0	0.6150259
5778.0	0.5972359
5780.0	0.5869779
5782.0	0.6069827
5784.0	0.6034487
5786.0	0.6053115
5788.0	0.5974075
5790.0	0.5946774
5792.0	0.5929978
5794.0	0.5784519
5796.0	0.5784785
5798.0	0.5729318
5800.0	0.5691419
5802.0	0.5632067
5804.0	0.5548036
5806.0	0.5600694
5808.0	0.5525094
5810.0	0.5520664
5812.0	0.5467356
5814.0	0.5404046
5816.0	0.5323597
5818.0	0.5201908
5820.0	0.5243723
5822.0	0.5289909
5824.0	0.5282584
5826.0	0.5272318
5828.0	0.5206969
5830.0	0.5065762
5832.0	0.5091884
5834.0	0.5072437
5836.0	0.4962696
5838.0	0.5069106
5840.0	0.506475
5842.0	0.4977915
5844.0	0.4805759
5846.0	0.4747613
5848.0	0.4746088
5850.0	0.4783559
5852.0	0.4691132
5854.0	0.4547705
5856.0	0.4530722
5858.0	0.4612907
5860.0	0.4534461
5862.0	0.4471977
5864.0	0.4451228
5866.0	0.4410435
5868.0	0.4392213
5870.0	0.4452281
5872.0	0.4391603
5874.0	0.4285293
5876.0	0.4264998
5878.0	0.4261205
5880.0	0.4309071
5882.0	0.4160706
5884.0	0.4109153
5886.0	0.3918551
5888.0	0.3953645
5890.0	0.3902245
5892.0	0.3889864
5894.0	0.3766589
5896.0	0.3717076
5898.0	0.3890132
5900.0	0.3954105
5902.0	0.3869743
5904.0	0.3803628
5906.0	0.387763
5908.0	0.3785106
5910.0	0.3724838
5912.0	0.3645544
5914.0	0.3728753
5916.0	0.3633523
5918.0	0.3526011
5920.0	0.3492036
5922.0	0.3562301
5924.0	0.3487062
5926.0	0.3548482
5928.0	0.3512873
5930.0	0.3521306
5932.0	0.3548496
5934.0	0.3661787
5936.0	0.3529291
5938.0	0.3323831
5940.0	0.3310743
5942.0	0.3401552
5944.0	0.344822
5946.0	0.3472405
5948.0	0.3380683
5950.0	0.3428559
5952.0	0.3378938
5954.0	0.3452134
5956.0	0.3507516
5958.0	0.3435878
5960.0	0.3365354
5962.0	0.331765
5964.0	0.3327664
5966.0	0.3346106
5968.0	0.346141
5970.0	0.341296
5972.0	0.3390474
5974.0	0.3446994
5976.0	0.3393039
5978.0	0.3451147
5980.0	0.3582812
5982.0	0.3615626
5984.0	0.358782
5986.0	0.3614324
5988.0	0.3647366
5990.0	0.3697334
5992.0	0.3713234
5994.0	0.3669505
5996.0	0.3718773
5998.0	0.3805574
6000.0	0.3879876
6002.0	0.3921134
6004.0	0.3919789
6006.0	0.391718
6008.0	0.3977792
6010.0	0.3944051
6012.0	0.4072433
6014.0	0.4188393
6016.0	0.4121464
6018.0	0.411159
6020.0	0.4196254
6022.0	0.427275
6024.0	0.4290569
6026.0	0.4324585
6028.0	0.4326413
6030.0	0.4430761
6032.0	0.4605896
6034.0	0.4638053
6036.0	0.4690048
6038.0	0.4747541
6040.0	0.4767389
6042.0	0.4729995
6044.0	0.4709803
6046.0	0.4849111
6048.0	0.4982267
6050.0	0.491866
6052.0	0.4917567
6054.0	0.5043757
6056.0	0.5147459
6058.0	0.5201865
6060.0	0.5226372
6062.0	0.5267596
6064.0	0.5303291
6066.0	0.549391
6068.0	0.5475404
6070.0	0.5450761
6072.0	0.5589427
6074.0	0.5513048
6076.0	0.5566131
6078.0	0.5646893
6080.0	0.5681326
6082.0	0.5724748
6084.0	0.5665913
6086.0	0.5763119
6088.0	0.5911968
6090.0	0.5822521
6092.0	0.5796744
6094.0	0.5882241
6096.0	0.5965255
6098.0	0.5971201
6100.0	0.6033767
6102.0	0.6068166
6104.0	0.6084085
6106.0	0.6089816
6108.0	0.6083244
6110.0	0.6133125
6112.0	0.6151507
6114.0	0.6257338
6116.0	0.6254391
6118.0	0.6175116
6120.0	0.6117505
6122.0	0.6082152
6124.0	0.6045704
6126.0	0.6045668
6128.0	0.6046422
6130.0	0.6117832
6132.0	0.6253889
6134.0	0.6229613
6136.0	0.6152093
6138.0	0.6090985
6140.0	0.6102211
6142.0	0.6108853
6144.0	0.6095625
6146.0	0.5991439
6148.0	0.6056285
6150.0	0.6111317
6152.0	0.5957227
6154.0	0.5982755
6156.0	0.606369
6158.0	0.6047028
6160.0	0.6004299
6162.0	0.6063138
6164.0	0.5927325
6166.0	0.579188
6168.0	0.5905129
6170.0	0.5841279
6172.0	0.5785088
6174.0	0.5717132
6176.0	0.569895
6178.0	0.5718569
6180.0	0.5543011
6182.0	0.5474628
6184.0	0.5485281
6186.0	0.5493392
6188.0	0.5374282
6190.0	0.5176244
6192.0	0.5168336
6194.0	0.5175332
6196.0	0.5082619
6198.0	0.4988651
6200.0	0.4956944
6202.0	0.4865911
6204.0	0.485274
6206.0	0.4854699
6208.0	0.4743899
6210.0	0.4634076
6212.0	0.4554126
6214.0	0.465012
6216.0	0.4601913
6218.0	0.4459192
6220.0	0.4373797
6222.0	0.4317886
6224.0	0.4260189
6226.0	0.417157
6228.0	0.4119316
6230.0	0.4069231
6232.0	0.4038326
6234.0	0.4009498
6236.0	0.4021178
6238.0	0.4011078
6240.0	0.395854
6242.0	0.3875052
6244.0	0.3799801
6246.0	0.379816
6248.0	0.3713864
6250.0	0.3645599
6252.0	0.3699831
6254.0	0.3693073
6256.0	0.3643175
6258.0	0.3618269
6260.0	0.3561192
6262.0	0.3528529
6264.0	0.3565768
6266.0	0.3472148
6268.0	0.3414044
6270.0	0.3374927
6272.0	0.3276688
6274.0	0.3343158
6276.0	0.3353317
6278.0	0.327902
6280.0	0.3234556
6282.0	0.317605
6284.0	0.3084346
6286.0	0.3108711
6288.0	0.3124857
6290.0	0.3073384
6292.0	0.3016714
6294.0	0.2989534
6296.0	0.2996867
6298.0	0.2954454
6300.0	0.2823805
6302.0	0.2778045
6304.0	0.2665963
6306.0	0.2499542
6308.0	0.2631872
6310.0	0.2773023
6312.0	0.2739531
6314.0	0.2678832
6316.0	0.2627951
6318.0	0.259168
6320.0	0.263536
6322.0	0.2618296
6324.0	0.2522953
6326.0	0.257373
6328.0	0.2609111
6330.0	0.2537059
6332.0	0.255391
6334.0	0.2575771
6336.0	0.2575158
6338.0	0.2578607
6340.0	0.2549338
6342.0	0.2527489
6344.0	0.25124
6346.0	0.2493673
6348.0	0.260678
6350.0	0.2635322
6352.0	0.2484482
6354.0	0.2484354
6356.0	0.2566934
6358.0	0.2590957
6360.0	0.265623
6362.0	0.2613558
6364.0	0.2529319
6366.0	0.2553489
6368.0	0.2591458
6370.0	0.2651764
6372.0	0.2678248
6374.0	0.2692561
6376.0	0.2757243
6378.0	0.2757306
6380.0	0.2803386
6382.0	0.285255
6384.0	0.283307
6386.0	0.2855016
6388.0	0.2908327
6390.0	0.2871265
6392.0	0.2782238
6394.0	0.2824361
6396.0	0.2946811
6398.0	0.3008349
6400.0	0.3045593
6402.0	0.3000262
6404.0	0.2990038
6406.0	0.3087871
6408.0	0.3159844
6410.0	0.3100904
6412.0	0.3022188
6414.0	0.3049074
6416.0	0.3053723
6418.0	0.3074852
6420.0	0.3068643
6422.0	0.3116415
6424.0	0.31975
6426.0	0.3264604
6428.0	0.3262043
6430.0	0.319907
6432.0	0.3282926
6434.0	0.3377238
6436.0	0.3312837
6438.0	0.3279662
6440.0	0.3349133
6442.0	0.3384498
6444.0	0.3423017
6446.0	0.3483629
6448.0	0.3374708
6450.0	0.3330655
6452.0	0.3320645
6454.0	0.3370405
6456.0	0.3442325
6458.0	0.3486192
6460.0	0.3483092
6462.0	0.3473096
6464.0	0.3432775
6466.0	0.3389489
6468.0	0.3437232
6470.0	0.3431352
6472.0	0.3371528
6474.0	0.3422503
6476.0	0.3462456
6478.0	0.3581112
6480.0	0.3531323
6482.0	0.3440189
6484.0	0.3459473
6486.0	0.3473738
6488.0	0.3494416
6490.0	0.3543989
6492.0	0.342767
6494.0	0.3481821
6496.0	0.3432548
6498.0	0.3287026
6500.0	0.3401131
6502.0	0.3497575
6504.0	0.3507108
6506.0	0.3478013
6508.0	0.3402295
6510.0	0.332834
6512.0	0.3338494
6514.0	0.3394185
6516.0	0.3353292
6518.0	0.3331334
6520.0	0.3342586
6522.0	0.3294809
6524.0	0.3301336
6526.0	0.3397808
6528.0	0.3282188
6530.0	0.3263564
6532.0	0.3336093
6534.0	0.3245237
6536.0	0.3373693
6538.0	0.3401687
6540.0	0.3373791
6542.0	0.3337268
6544.0	0.335147
6546.0	0.3419614
6548.0	0.3308184
6550.0	0.3267771
6552.0	0.3356505
6554.0	0.3395067
6556.0	0.3301302
6558.0	0.3282382
6560.0	0.3315275
6562.0	0.3417099
6564.0	0.3435506
6566.0	0.3359354
6568.0	0.3409432
6570.0	0.3364154
6572.0	0.3335859
6574.0	0.3391536
6576.0	0.3312815
6578.0	0.3384655
6580.0	0.349328
6582.0	0.3455429
6584.0	0.3448029
6586.0	0.3478301
6588.0	0.3464759
6590.0	0.3483144
6592.0	0.3424706
6594.0	0.336798
6596.0	0.3473195
6598.0	0.3587921
6600.0	0.3673306
6602.0	0.3668867
6604.0	0.3567545
6606.0	0.3497472
6608.0	0.3509819
6610.0	0.3521426
6612.0	0.3616546
6614.0	0.3562419
6616.0	0.3464785
6618.0	0.3543847
6620.0	0.359392
6622.0	0.3679199
6624.0	0.369355
6626.0	0.366544
6628.0	0.3683393
6630.0	0.3717467
6632.0	0.3678173
6634.0	0.381865
6636.0	0.3738872
6638.0	0.3686981
6640.0	0.3721443
6642.0	0.3821762
6644.0	0.3892118
6646.0	0.3887155
6648.0	0.3919496
6650.0	0.3918382
6652.0	0.3892481
6654.0	0.3845139
6656.0	0.3848285
6658.0	0.3991846
6660.0	0.3873518
6662.0	0.4008824
6664.0	0.3990906
6666.0	0.3982925
6668.0	0.4078025
6670.0	0.4080659
6672.0	0.4026301
6674.0	0.4007164
6676.0	0.4048001
6678.0	0.4040726
6680.0	0.4112931
6682.0	0.4145502
6684.0	0.41968
6686.0	0.4188102
6688.0	0.4136452
6690.0	0.4074695
6692.0	0.4154297
6694.0	0.4077698
6696.0	0.4119023
6698.0	0.4039095
6700.0	0.4062293
6702.0	0.4083854
6704.0	0.4146292
6706.0	0.411207
6708.0	0.4111443
6710.0	0.41493
6712.0	0.417122
6714.0	0.4083871
6716.0	0.4136866
6718.0	0.4183772
6720.0	0.4080018
6722.0	0.4031095
6724.0	0.4105062
6726.0	0.4112226
6728.0	0.4119685
6730.0	0.4084467
6732.0	0.407434
6734.0	0.4125618
6736.0	0.4120305
6738.0	0.4091787
6740.0	0.4137875
6742.0	0.4100671
6744.0	0.3962368
6746.0	0.396008
6748.0	0.3995652
6750.0	0.407735
6752.0	0.4125264
6754.0	0.4118675
6756.0	0.4063357
6758.0	0.4022933
6760.0	0.397759
6762.0	0.3942445
6764.0	0.4035833
6766.0	0.3962162
6768.0	0.397386
6770.0	0.4043623
6772.0	0.3979799
6774.0	0.4019433
6776.0	0.4071817
6778.0	0.4011109
6780.0	0.394643
6782.0	0.3921381
6784.0	0.3946016
6786.0	0.3928542
6788.0	0.3964058
6790.0	0.4009603
6792.0	0.3964182
6794.0	0.3945323
6796.0	0.3963984
6798.0	0.3920044
6800.0	0.3979497
6802.0	0.3998539
6804.0	0.393072
6806.0	0.3915273
6808.0	0.3899324
6810.0	0.3982242
6812.0	0.3938029
6814.0	0.3924834
6816.0	0.3891636
6818.0	0.387288
6820.0	0.3821478
6822.0	0.3795349
6824.0	0.3771601
6826.0	0.375562
6828.0	0.3859265
6830.0	0.4134041
6832.0	0.4173191
6834.0	0.3989396
6836.0	0.3856244
6838.0	0.3732513
6840.0	0.3749782
6842.0	0.3712251
6844.0	0.3602363
6846.0	0.3538415
6848.0	0.3660124
6850.0	0.3679996
6852.0	0.3658001
6854.0	0.3615117
6856.0	0.3469937
6858.0	0.3536825
6860.0	0.3578461
6862.0	0.3371162
6864.0	0.3188227
6866.0	0.3259391
6868.0	0.3388714
6870.0	0.3488301
6872.0	0.3444223
6874.0	0.3319597
6876.0	0.3317207
6878.0	0.3386289
6880.0	0.3274137
6882.0	0.3136967
6884.0	0.3174621
6886.0	0.3100546
6888.0	0.3095974
6890.0	0.3158342
6892.0	0.3120143
6894.0	0.308053
6896.0	0.3046698
6898.0	0.3081621
6900.0	0.3077566
6902.0	0.2993127
6904.0	0.2967496
6906.0	0.2937939
6908.0	0.2940596
6910.0	0.2878047
6912.0	0.284925
6914.0	0.2826968
6916.0	0.2839578
6918.0	0.2775925
6920.0	0.268656
6922.0	0.2721653
6924.0	0.2746972
6926.0	0.2644825
6928.0	0.2613608
6930.0	0.26059
6932.0	0.2479661
6934.0	0.2466402
6936.0	0.249152
6938.0	0.2437361
6940.0	0.2438827
6942.0	0.2412934
6944.0	0.2325845
6946.0	0.2312059
6948.0	0.2394865
6950.0	0.2433086
6952.0	0.2388766
6954.0	0.2247802
6956.0	0.2115594
6958.0	0.2192221
6960.0	0.2203769
6962.0	0.2212732
6964.0	0.2248944
6966.0	0.2175998
6968.0	0.2153224
6970.0	0.214564
6972.0	0.2114716
6974.0	0.2125055
6976.0	0.2039326
6978.0	0.1960385
6980.0	0.2037584
6982.0	0.2066825
6984.0	0.2029389
6986.0	0.2007076
6988.0	0.1981091
6990.0	0.1933363
6992.0	0.196691
6994.0	0.1968796
6996.0	0.1847243
6998.0	0.1841193
7000.0	0.1906942
7002.0	0.1862113
7004.0	0.1843658
7006.0	0.1830215
7008.0	0.1789056
7010.0	0.1809403
7012.0	0.1777621
7014.0	0.1707347
7016.0	0.1693923
7018.0	0.1746077
7020.0	0.1693213
7022.0	0.1576506
7024.0	0.161459
7026.0	0.1681451
7028.0	0.1676487
7030.0	0.171199
7032.0	0.1714466
7034.0	0.1643774
7036.0	0.1644623
7038.0	0.1639162
7040.0	0.1632943
7042.0	0.1643297
7044.0	0.1642654
7046.0	0.1613414
7048.0	0.1606406
7050.0	0.1582342
7052.0	0.1588987
7054.0	0.1574913
7056.0	0.1561363
7058.0	0.1529556
7060.0	0.1466774
7062.0	0.1515141
7064.0	0.1574419
7066.0	0.1535955
7068.0	0.1455151
7070.0	0.1443135
7072.0	0.1478685
7074.0	0.1514912
7076.0	0.1501179
7078.0	0.1496124
7080.0	0.15069
7082.0	0.1433525
7084.0	0.1420473
7086.0	0.1427734
7088.0	0.1436568
7090.0	0.148822
7092.0	0.1407851
7094.0	0.1420298
7096.0	0.1417719
7098.0	0.1353738
7100.0	0.1334871
