#	 2017cpu 
#	 UT date of observation: 20170403 
#	 Telescope/Instrument: FLWO1.5m/FAST 
#	 Estimated Peak MJD: 57847.363 
#	 Estimated redshift: 0.054 
#	 Estimated Phase: -1.3 
#	 Published in Dettman et al. 2020 
#	 Observed barycentric wavelength (Angstroms)    F_lambda
3481.89257812	2.977983e-16
3483.36297369	8.071083e-16
3484.83336926	-9.249994e-17
3486.30376482	7.801642e-17
3487.77416039	2.887733e-16
3489.24455595	3.996986e-16
3490.71495152	6.299404e-16
3492.18534708	-3.50899e-16
3493.65574265	8.689384e-16
3495.12613821	4.412885e-16
3496.59653378	2.35055e-16
3498.06692934	7.512211e-16
3499.53732491	6.846595e-16
3501.00772047	3.491708e-16
3502.47811604	2.822068e-16
3503.9485116	3.20356e-16
3505.41890717	2.156055e-16
3506.88930273	5.042691e-16
3508.3596983	4.614431e-16
3509.83009386	2.38672e-16
3511.30048943	4.183341e-16
3512.77088499	7.336822e-16
3514.24128056	8.279807e-16
3515.71167612	1.080403e-16
3517.18207169	3.830651e-16
3518.65246725	4.395992e-16
3520.12286282	3.655732e-16
3521.59325838	7.612302e-16
3523.06365395	5.805914e-16
3524.53404951	8.300542e-17
3526.00444508	2.899357e-16
3527.47484064	3.908428e-16
3528.94523621	3.127507e-16
3530.41563177	5.721005e-16
3531.88602734	4.5018e-16
3533.3564229	-1.53853e-17
3534.82681847	1.321999e-16
3536.29721403	5.742952e-16
3537.7676096	-1.972421e-17
3539.23800516	4.776571e-16
3540.70840073	7.073631e-16
3542.17879629	8.223964e-16
3543.64919186	5.736646e-16
3545.11958742	-2.201316e-17
3546.58998299	3.021058e-16
3548.06037855	3.183327e-16
3549.53077412	7.659601e-16
3551.00116968	4.143587e-16
3552.47156525	2.192268e-16
3553.94196081	7.439779e-16
3555.41235638	4.548706e-16
3556.88275194	6.716865e-16
3558.35314751	6.534914e-16
3559.82354307	5.78968e-16
3561.29393864	5.048503e-16
3562.7643342	4.542086e-16
3564.23472977	3.382589e-16
3565.70512533	4.589556e-16
3567.1755209	6.043488e-16
3568.64591646	4.288661e-16
3570.11631203	5.061613e-16
3571.58670759	7.089493e-16
3573.05710316	5.799732e-16
3574.52749872	1.318547e-16
3575.99789429	1.92757e-16
3577.46828985	4.07315e-16
3578.93868542	5.010244e-16
3580.40908098	6.836324e-16
3581.87947655	3.092535e-16
3583.34987211	2.492362e-16
3584.82026768	7.747812e-16
3586.29066324	7.14995e-16
3587.76105881	3.585817e-16
3589.23145437	1.205198e-16
3590.70184994	6.231186e-16
3592.1722455	4.493798e-16
3593.64264107	5.569658e-16
3595.11303663	7.28899e-16
3596.5834322	3.725883e-16
3598.05382776	7.703151e-16
3599.52422333	5.623189e-16
3600.99461889	3.623279e-16
3602.46501446	5.792786e-16
3603.93541002	3.682545e-16
3605.40580559	4.792978e-16
3606.87620115	4.164116e-16
3608.34659672	2.909619e-16
3609.81699228	2.047953e-16
3611.28738785	4.651496e-16
3612.75778341	6.823165e-16
3614.22817898	4.590684e-16
3615.69857454	5.774856e-16
3617.16897011	6.901126e-16
3618.63936567	7.16001e-16
3620.10976124	5.400282e-16
3621.5801568	4.691281e-16
3623.05055237	8.175663e-16
3624.52094793	6.852053e-16
3625.9913435	5.742903e-16
3627.46173906	7.740455e-16
3628.93213463	4.844072e-16
3630.40253019	5.889037e-16
3631.87292576	5.295491e-16
3633.34332132	7.337881e-16
3634.81371689	6.976304e-16
3636.28411245	2.028077e-16
3637.75450802	5.144688e-16
3639.22490358	4.413235e-16
3640.69529915	5.983027e-16
3642.16569471	4.666711e-16
3643.63609028	5.964098e-16
3645.10648584	6.841584e-16
3646.57688141	3.120606e-16
3648.04727697	6.786936e-16
3649.51767254	5.777026e-16
3650.9880681	5.3242e-16
3652.45846367	1.281238e-17
3653.92885923	5.984358e-16
3655.3992548	5.135355e-16
3656.86965036	4.692205e-16
3658.34004593	7.640024e-16
3659.81044149	9.583518e-16
3661.28083706	4.32595e-16
3662.75123262	5.677937e-16
3664.22162819	5.409e-16
3665.69202375	5.667186e-16
3667.16241932	6.05892e-16
3668.63281488	4.52457e-16
3670.10321045	5.898855e-16
3671.57360601	5.865015e-16
3673.04400158	3.601371e-16
3674.51439714	3.364943e-16
3675.98479271	6.132063e-16
3677.45518827	6.693925e-16
3678.92558384	4.971375e-16
3680.3959794	3.440713e-16
3681.86637497	5.249279e-16
3683.33677053	5.143754e-16
3684.8071661	5.269686e-16
3686.27756166	5.651223e-16
3687.74795723	9.571307e-16
3689.21835279	5.900711e-16
3690.68874836	5.807424e-16
3692.15914392	6.978288e-16
3693.62953949	7.251676e-16
3695.09993505	5.968777e-16
3696.57033062	6.611983e-16
3698.04072618	6.743694e-16
3699.51112175	5.728479e-16
3700.98151731	5.516026e-16
3702.45191288	6.162473e-16
3703.92230844	6.702876e-16
3705.39270401	7.21567e-16
3706.86309958	5.134315e-16
3708.33349514	6.410556e-16
3709.80389071	6.329035e-16
3711.27428627	4.806172e-16
3712.74468184	6.505805e-16
3714.2150774	7.197749e-16
3715.68547297	5.422313e-16
3717.15586853	5.87568e-16
3718.6262641	4.706067e-16
3720.09665966	5.916566e-16
3721.56705523	6.624721e-16
3723.03745079	5.299166e-16
3724.50784636	6.121584e-16
3725.97824192	5.019631e-16
3727.44863749	6.669237e-16
3728.91903305	6.983392e-16
3730.38942862	7.004318e-16
3731.85982418	6.662423e-16
3733.33021975	5.49754e-16
3734.80061531	6.143032e-16
3736.27101088	6.940975e-16
3737.74140644	5.845308e-16
3739.21180201	5.697593e-16
3740.68219757	6.717741e-16
3742.15259314	6.179958e-16
3743.6229887	6.683731e-16
3745.09338427	5.571475e-16
3746.56377983	5.795439e-16
3748.0341754	5.119107e-16
3749.50457096	7.300883e-16
3750.97496653	4.773405e-16
3752.44536209	6.578522e-16
3753.91575766	7.042559e-16
3755.38615322	5.236393e-16
3756.85654879	5.442066e-16
3758.32694435	6.229094e-16
3759.79733992	4.791153e-16
3761.26773548	6.739295e-16
3762.73813105	6.277891e-16
3764.20852661	6.179995e-16
3765.67892218	6.371675e-16
3767.14931774	5.355745e-16
3768.61971331	5.841731e-16
3770.09010887	5.506551e-16
3771.56050444	7.37772e-16
3773.0309	6.778413e-16
3774.50129557	6.384095e-16
3775.97169113	5.235733e-16
3777.4420867	5.267858e-16
3778.91248226	6.163327e-16
3780.38287783	7.102438e-16
3781.85327339	7.432801e-16
3783.32366896	5.970423e-16
3784.79406452	6.323787e-16
3786.26446009	6.854558e-16
3787.73485565	5.436358e-16
3789.20525122	5.525299e-16
3790.67564678	6.444963e-16
3792.14604235	7.306661e-16
3793.61643791	6.721317e-16
3795.08683348	6.889904e-16
3796.55722904	5.744122e-16
3798.02762461	6.988735e-16
3799.49802017	4.856383e-16
3800.96841574	6.902639e-16
3802.4388113	6.511403e-16
3803.90920687	6.671954e-16
3805.37960243	6.413543e-16
3806.849998	6.408819e-16
3808.32039356	7.023485e-16
3809.79078913	5.723663e-16
3811.26118469	7.650863e-16
3812.73158026	6.126448e-16
3814.20197582	5.848875e-16
3815.67237139	4.641746e-16
3817.14276695	5.752304e-16
3818.61316252	6.914906e-16
3820.08355808	5.44451e-16
3821.55395365	5.444936e-16
3823.02434921	5.792768e-16
3824.49474478	5.788681e-16
3825.96514034	6.022087e-16
3827.43553591	5.52574e-16
3828.90593147	4.117095e-16
3830.37632704	4.864785e-16
3831.8467226	6.981934e-16
3833.31711817	4.28939e-16
3834.78751373	7.216642e-16
3836.2579093	5.331412e-16
3837.72830486	5.655787e-16
3839.19870043	5.211551e-16
3840.66909599	4.867139e-16
3842.13949156	5.262498e-16
3843.60988712	5.59226e-16
3845.08028269	4.76837e-16
3846.55067825	4.993189e-16
3848.02107382	5.623007e-16
3849.49146938	3.94998e-16
3850.96186495	4.091755e-16
3852.43226051	4.383435e-16
3853.90265608	3.876967e-16
3855.37305164	3.254449e-16
3856.84344721	3.462382e-16
3858.31384277	4.209869e-16
3859.78423834	5.155175e-16
3861.2546339	4.674354e-16
3862.72502947	3.500232e-16
3864.19542503	3.770625e-16
3865.6658206	4.71486e-16
3867.13621616	4.410441e-16
3868.60661173	4.159644e-16
3870.07700729	4.130133e-16
3871.54740286	3.66536e-16
3873.01779842	3.309195e-16
3874.48819399	3.481414e-16
3875.95858955	3.714364e-16
3877.42898512	3.639523e-16
3878.89938068	4.75484e-16
3880.36977625	4.400392e-16
3881.84017181	3.384213e-16
3883.31056738	3.984627e-16
3884.78096294	3.687668e-16
3886.25135851	3.842139e-16
3887.72175407	2.432817e-16
3889.19214964	3.561064e-16
3890.6625452	3.966624e-16
3892.13294077	3.733564e-16
3893.60333633	2.575252e-16
3895.0737319	3.013652e-16
3896.54412746	3.464969e-16
3898.01452303	3.604344e-16
3899.48491859	3.40752e-16
3900.95531416	2.957413e-16
3902.42570972	2.80627e-16
3903.89610529	3.564677e-16
3905.36650085	3.267274e-16
3906.83689642	3.313425e-16
3908.30729198	2.258021e-16
3909.77768755	3.080078e-16
3911.24808311	1.509058e-16
3912.71847868	4.07511e-16
3914.18887424	4.104111e-16
3915.65926981	4.06259e-16
3917.12966537	3.681882e-16
3918.60006094	3.504877e-16
3920.0704565	4.496976e-16
3921.54085207	2.800576e-16
3923.01124763	3.630283e-16
3924.4816432	3.594866e-16
3925.95203876	3.652926e-16
3927.42243433	3.562983e-16
3928.8928299	3.428823e-16
3930.36322546	3.67409e-16
3931.83362103	3.680315e-16
3933.30401659	3.421351e-16
3934.77441216	4.144023e-16
3936.24480772	4.168729e-16
3937.71520329	3.525386e-16
3939.18559885	3.940325e-16
3940.65599442	3.982953e-16
3942.12638998	3.637557e-16
3943.59678555	3.095837e-16
3945.06718111	4.031966e-16
3946.53757668	3.899523e-16
3948.00797224	3.154354e-16
3949.47836781	4.113282e-16
3950.94876337	3.870393e-16
3952.41915894	4.421588e-16
3953.8895545	3.033419e-16
3955.35995007	3.902732e-16
3956.83034563	3.96379e-16
3958.3007412	3.836717e-16
3959.77113676	3.833498e-16
3961.24153233	3.655725e-16
3962.71192789	3.484149e-16
3964.18232346	3.674545e-16
3965.65271902	3.598055e-16
3967.12311459	3.046804e-16
3968.59351015	3.280949e-16
3970.06390572	4.61568e-16
3971.53430128	3.78108e-16
3973.00469685	3.892544e-16
3974.47509241	3.875165e-16
3975.94548798	3.435561e-16
3977.41588354	3.412672e-16
3978.88627911	2.994894e-16
3980.35667467	2.95585e-16
3981.82707024	2.904868e-16
3983.2974658	3.215774e-16
3984.76786137	3.475595e-16
3986.23825693	3.718827e-16
3987.7086525	3.293445e-16
3989.17904806	2.641568e-16
3990.64944363	3.06465e-16
3992.11983919	3.761005e-16
3993.59023476	2.568743e-16
3995.06063032	2.604877e-16
3996.53102589	3.308983e-16
3998.00142145	3.477668e-16
3999.47181702	3.329525e-16
4000.94221258	3.447678e-16
4002.41260815	3.334031e-16
4003.88300371	3.445949e-16
4005.35339928	3.729321e-16
4006.82379484	3.495838e-16
4008.29419041	3.47728e-16
4009.76458597	3.33037e-16
4011.23498154	2.77403e-16
4012.7053771	3.316767e-16
4014.17577267	3.498988e-16
4015.64616823	3.495854e-16
4017.1165638	2.76147e-16
4018.58695936	3.710574e-16
4020.05735493	3.813125e-16
4021.52775049	3.798896e-16
4022.99814606	3.697649e-16
4024.46854162	3.647728e-16
4025.93893719	3.910205e-16
4027.40933275	4.126058e-16
4028.87972832	2.963812e-16
4030.35012388	3.383297e-16
4031.82051945	3.381863e-16
4033.29091501	4.004637e-16
4034.76131058	4.228412e-16
4036.23170614	4.248896e-16
4037.70210171	4.211144e-16
4039.17249727	4.113801e-16
4040.64289284	5.470256e-16
4042.1132884	5.088201e-16
4043.58368397	4.9718e-16
4045.05407953	4.378276e-16
4046.5244751	4.850593e-16
4047.99487066	4.872838e-16
4049.46526623	5.359785e-16
4050.93566179	4.532362e-16
4052.40605736	5.196036e-16
4053.87645292	4.699701e-16
4055.34684849	5.804629e-16
4056.81724405	5.123137e-16
4058.28763962	5.440368e-16
4059.75803518	5.612815e-16
4061.22843075	5.548581e-16
4062.69882631	5.0206e-16
4064.16922188	6.133459e-16
4065.63961744	5.772845e-16
4067.11001301	6.376287e-16
4068.58040857	6.236287e-16
4070.05080414	5.88431e-16
4071.5211997	6.087891e-16
4072.99159527	5.36599e-16
4074.46199083	6.147958e-16
4075.9323864	7.034723e-16
4077.40278196	5.972989e-16
4078.87317753	6.247891e-16
4080.34357309	6.258961e-16
4081.81396866	6.740178e-16
4083.28436422	5.778944e-16
4084.75475979	6.309641e-16
4086.22515535	6.467186e-16
4087.69555092	6.970402e-16
4089.16594648	7.159517e-16
4090.63634205	6.232442e-16
4092.10673761	5.88015e-16
4093.57713318	6.359773e-16
4095.04752874	5.333007e-16
4096.51792431	6.511744e-16
4097.98831987	6.575729e-16
4099.45871544	7.056017e-16
4100.929111	6.594398e-16
4102.39950657	6.120129e-16
4103.86990213	5.646009e-16
4105.3402977	6.096056e-16
4106.81069326	6.821617e-16
4108.28108883	6.537183e-16
4109.75148439	6.747574e-16
4111.22187996	6.879407e-16
4112.69227552	6.614312e-16
4114.16267109	7.14641e-16
4115.63306665	6.133852e-16
4117.10346222	6.30871e-16
4118.57385778	6.727415e-16
4120.04425335	6.913505e-16
4121.51464891	6.339977e-16
4122.98504448	6.650841e-16
4124.45544004	7.307985e-16
4125.92583561	6.383446e-16
4127.39623117	6.368285e-16
4128.86662674	6.909992e-16
4130.3370223	6.534852e-16
4131.80741787	6.3295e-16
4133.27781343	6.679391e-16
4134.748209	6.86911e-16
4136.21860456	7.459638e-16
4137.68900013	6.64793e-16
4139.15939569	7.115186e-16
4140.62979126	6.977939e-16
4142.10018682	6.993538e-16
4143.57058239	7.358686e-16
4145.04097795	7.114645e-16
4146.51137352	6.942691e-16
4147.98176908	7.103893e-16
4149.45216465	6.66502e-16
4150.92256021	6.75568e-16
4152.39295578	7.510802e-16
4153.86335135	7.350098e-16
4155.33374691	6.786295e-16
4156.80414248	6.577396e-16
4158.27453804	7.024473e-16
4159.74493361	6.905023e-16
4161.21532917	6.965427e-16
4162.68572474	7.287e-16
4164.1561203	6.660873e-16
4165.62651587	6.56895e-16
4167.09691143	6.114834e-16
4168.567307	6.925442e-16
4170.03770256	7.056445e-16
4171.50809813	6.967001e-16
4172.97849369	6.238185e-16
4174.44888926	6.573026e-16
4175.91928482	7.166001e-16
4177.38968039	7.111622e-16
4178.86007595	6.554522e-16
4180.33047152	6.817518e-16
4181.80086708	7.129223e-16
4183.27126265	6.734824e-16
4184.74165821	6.932298e-16
4186.21205378	6.605546e-16
4187.68244934	6.324736e-16
4189.15284491	7.143366e-16
4190.62324047	6.415987e-16
4192.09363604	7.314167e-16
4193.5640316	7.254152e-16
4195.03442717	6.402053e-16
4196.50482273	7.376846e-16
4197.9752183	6.81159e-16
4199.44561386	7.445255e-16
4200.91600943	7.178597e-16
4202.38640499	7.425949e-16
4203.85680056	7.110525e-16
4205.32719612	7.271588e-16
4206.79759169	6.589161e-16
4208.26798725	4.488124e-16
4209.73838282	7.032822e-16
4211.20877838	7.746676e-16
4212.67917395	7.373514e-16
4214.14956951	7.936443e-16
4215.61996508	6.979113e-16
4217.09036064	7.148187e-16
4218.56075621	7.370729e-16
4220.03115177	7.81512e-16
4221.50154734	7.440885e-16
4222.9719429	8.132156e-16
4224.44233847	7.534722e-16
4225.91273403	7.67698e-16
4227.3831296	7.720571e-16
4228.85352516	7.296464e-16
4230.32392073	8.449921e-16
4231.79431629	7.743321e-16
4233.26471186	7.563118e-16
4234.73510742	8.030323e-16
4236.20550299	8.380548e-16
4237.67589855	8.244948e-16
4239.14629412	8.523912e-16
4240.61668968	8.07366e-16
4242.08708525	8.043412e-16
4243.55748081	7.821761e-16
4245.02787638	7.589834e-16
4246.49827194	8.511147e-16
4247.96866751	8.803334e-16
4249.43906307	7.841457e-16
4250.90945864	7.745403e-16
4252.3798542	8.510562e-16
4253.85024977	7.150154e-16
4255.32064533	5.556082e-16
4256.7910409	8.973443e-16
4258.26143646	7.526693e-16
4259.73183203	7.196821e-16
4261.20222759	8.558536e-16
4262.67262316	8.077435e-16
4264.14301872	7.248308e-16
4265.61341429	7.606877e-16
4267.08380985	8.507361e-16
4268.55420542	8.214217e-16
4270.02460098	7.637342e-16
4271.49499655	7.666649e-16
4272.96539211	8.153161e-16
4274.43578768	7.959106e-16
4275.90618324	7.775545e-16
4277.37657881	8.12634e-16
4278.84697437	7.829582e-16
4280.31736994	7.493337e-16
4281.7877655	7.593124e-16
4283.25816107	7.782689e-16
4284.72855663	7.846077e-16
4286.1989522	7.639068e-16
4287.66934776	7.986069e-16
4289.13974333	7.62491e-16
4290.61013889	7.305318e-16
4292.08053446	7.39843e-16
4293.55093002	7.559461e-16
4295.02132559	7.676176e-16
4296.49172115	7.565016e-16
4297.96211672	7.388211e-16
4299.43251228	7.410133e-16
4300.90290785	7.582807e-16
4302.37330341	7.213126e-16
4303.84369898	6.946556e-16
4305.31409454	7.26603e-16
4306.78449011	7.807805e-16
4308.25488567	7.932464e-16
4309.72528124	7.476848e-16
4311.1956768	7.420168e-16
4312.66607237	7.32881e-16
4314.13646793	6.983642e-16
4315.6068635	7.317612e-16
4317.07725906	6.913413e-16
4318.54765463	7.8586e-16
4320.01805019	7.705395e-16
4321.48844576	6.840359e-16
4322.95884132	6.415674e-16
4324.42923689	6.693394e-16
4325.89963245	6.604076e-16
4327.37002802	6.598792e-16
4328.84042358	6.832952e-16
4330.31081915	6.784206e-16
4331.78121471	7.316426e-16
4333.25161028	6.289955e-16
4334.72200584	7.057236e-16
4336.19240141	7.342028e-16
4337.66279697	6.501853e-16
4339.13319254	6.648044e-16
4340.6035881	6.719871e-16
4342.07398367	6.849196e-16
4343.54437923	6.638726e-16
4345.0147748	6.861147e-16
4346.48517036	6.608309e-16
4347.95556593	6.727004e-16
4349.42596149	5.811333e-16
4350.89635706	6.175654e-16
4352.36675262	6.601123e-16
4353.83714819	6.79684e-16
4355.30754375	6.626169e-16
4356.77793932	6.892263e-16
4358.24833488	6.005699e-16
4359.71873045	6.387436e-16
4361.18912601	6.762836e-16
4362.65952158	5.923719e-16
4364.12991714	6.09158e-16
4365.60031271	7.025995e-16
4367.07070827	7.033471e-16
4368.54110384	7.080906e-16
4370.0114994	6.483668e-16
4371.48189497	6.606943e-16
4372.95229053	7.594321e-16
4374.4226861	6.66554e-16
4375.89308167	6.89978e-16
4377.36347723	6.6468e-16
4378.8338728	6.34447e-16
4380.30426836	7.555723e-16
4381.77466393	6.412506e-16
4383.24505949	6.435563e-16
4384.71545506	6.672208e-16
4386.18585062	6.793487e-16
4387.65624619	6.970542e-16
4389.12664175	6.283768e-16
4390.59703732	6.830564e-16
4392.06743288	7.088486e-16
4393.53782845	7.0403e-16
4395.00822401	6.503175e-16
4396.47861958	6.763853e-16
4397.94901514	6.628063e-16
4399.41941071	6.676603e-16
4400.88980627	6.608805e-16
4402.36020184	6.065698e-16
4403.8305974	6.378427e-16
4405.30099297	6.065936e-16
4406.77138853	6.33956e-16
4408.2417841	5.970741e-16
4409.71217966	6.241164e-16
4411.18257523	6.497113e-16
4412.65297079	5.789175e-16
4414.12336636	5.938735e-16
4415.59376192	5.904566e-16
4417.06415749	6.453889e-16
4418.53455305	5.936289e-16
4420.00494862	6.095212e-16
4421.47534418	5.945959e-16
4422.94573975	5.300672e-16
4424.41613531	6.201678e-16
4425.88653088	5.656025e-16
4427.35692644	5.308388e-16
4428.82732201	5.423782e-16
4430.29771757	5.607646e-16
4431.76811314	5.782049e-16
4433.2385087	5.742866e-16
4434.70890427	5.491026e-16
4436.17929983	5.702477e-16
4437.6496954	5.792284e-16
4439.12009096	5.370449e-16
4440.59048653	5.856676e-16
4442.06088209	5.382961e-16
4443.53127766	5.297981e-16
4445.00167322	5.383699e-16
4446.47206879	5.746955e-16
4447.94246435	5.111918e-16
4449.41285992	5.026377e-16
4450.88325548	5.598443e-16
4452.35365105	5.471117e-16
4453.82404661	5.541743e-16
4455.29444218	5.275807e-16
4456.76483774	5.070266e-16
4458.23523331	4.530786e-16
4459.70562887	4.742791e-16
4461.17602444	4.890053e-16
4462.64642	5.104497e-16
4464.11681557	4.92169e-16
4465.58721113	4.771396e-16
4467.0576067	4.696737e-16
4468.52800226	4.890568e-16
4469.99839783	4.393448e-16
4471.46879339	4.780742e-16
4472.93918896	4.739801e-16
4474.40958452	4.870403e-16
4475.87998009	4.35368e-16
4477.35037565	4.752674e-16
4478.82077122	4.69379e-16
4480.29116678	4.501532e-16
4481.76156235	4.102508e-16
4483.23195791	4.767734e-16
4484.70235348	4.251193e-16
4486.17274904	4.058623e-16
4487.64314461	4.295824e-16
4489.11354017	4.659879e-16
4490.58393574	4.591084e-16
4492.0543313	4.357199e-16
4493.52472687	3.952113e-16
4494.99512243	3.869774e-16
4496.465518	4.07985e-16
4497.93591356	3.991403e-16
4499.40630913	4.207499e-16
4500.87670469	4.076015e-16
4502.34710026	4.603845e-16
4503.81749582	4.297741e-16
4505.28789139	3.989293e-16
4506.75828695	4.273043e-16
4508.22868252	4.152763e-16
4509.69907808	4.240786e-16
4511.16947365	4.257405e-16
4512.63986921	4.597767e-16
4514.11026478	3.850981e-16
4515.58066034	4.022548e-16
4517.05105591	4.658019e-16
4518.52145147	4.147244e-16
4519.99184704	4.49268e-16
4521.4622426	4.462326e-16
4522.93263817	4.163068e-16
4524.40303373	4.241794e-16
4525.8734293	4.238887e-16
4527.34382486	4.434935e-16
4528.81422043	4.307844e-16
4530.28461599	4.540479e-16
4531.75501156	4.443393e-16
4533.22540712	3.988654e-16
4534.69580269	4.104096e-16
4536.16619825	4.061068e-16
4537.63659382	4.081475e-16
4539.10698938	4.235461e-16
4540.57738495	4.574581e-16
4542.04778051	4.558088e-16
4543.51817608	4.416005e-16
4544.98857164	4.310337e-16
4546.45896721	4.594025e-16
4547.92936277	4.918112e-16
4549.39975834	4.486177e-16
4550.8701539	5.156508e-16
4552.34054947	4.697279e-16
4553.81094503	4.910167e-16
4555.2813406	4.630905e-16
4556.75173616	4.676792e-16
4558.22213173	5.338167e-16
4559.69252729	5.037138e-16
4561.16292286	4.609975e-16
4562.63331842	4.698837e-16
4564.10371399	5.013564e-16
4565.57410955	4.592868e-16
4567.04450512	4.791273e-16
4568.51490068	5.196047e-16
4569.98529625	4.943013e-16
4571.45569181	5.432819e-16
4572.92608738	4.854656e-16
4574.39648294	4.883618e-16
4575.86687851	5.481838e-16
4577.33727407	4.948236e-16
4578.80766964	4.922478e-16
4580.2780652	4.79193e-16
4581.74846077	5.078117e-16
4583.21885633	5.063026e-16
4584.6892519	5.384152e-16
4586.15964746	5.381459e-16
4587.63004303	5.156753e-16
4589.10043859	5.289271e-16
4590.57083416	4.956429e-16
4592.04122972	5.498056e-16
4593.51162529	5.545943e-16
4594.98202085	5.761338e-16
4596.45241642	5.925853e-16
4597.92281199	5.606136e-16
4599.39320755	5.609095e-16
4600.86360312	4.901337e-16
4602.33399868	5.251437e-16
4603.80439425	6.148036e-16
4605.27478981	5.732718e-16
4606.74518538	5.466516e-16
4608.21558094	5.77176e-16
4609.68597651	5.861656e-16
4611.15637207	5.861813e-16
4612.62676764	5.63564e-16
4614.0971632	5.826446e-16
4615.56755877	5.694649e-16
4617.03795433	5.562837e-16
4618.5083499	5.940717e-16
4619.97874546	5.896077e-16
4621.44914103	5.524493e-16
4622.91953659	5.860033e-16
4624.38993216	5.626596e-16
4625.86032772	5.699909e-16
4627.33072329	6.108595e-16
4628.80111885	6.140256e-16
4630.27151442	6.025104e-16
4631.74190998	5.821942e-16
4633.21230555	5.892167e-16
4634.68270111	5.798921e-16
4636.15309668	6.001216e-16
4637.62349224	6.307554e-16
4639.09388781	5.700728e-16
4640.56428337	5.829557e-16
4642.03467894	6.04e-16
4643.5050745	6.100816e-16
4644.97547007	5.735212e-16
4646.44586563	5.450492e-16
4647.9162612	5.441523e-16
4649.38665676	5.623911e-16
4650.85705233	5.898785e-16
4652.32744789	5.760413e-16
4653.79784346	6.196416e-16
4655.26823902	5.844838e-16
4656.73863459	6.23481e-16
4658.20903015	5.783052e-16
4659.67942572	5.805232e-16
4661.14982128	5.901858e-16
4662.62021685	5.696865e-16
4664.09061241	5.416527e-16
4665.56100798	6.0058e-16
4667.03140354	6.160167e-16
4668.50179911	6.331011e-16
4669.97219467	6.304111e-16
4671.44259024	5.907578e-16
4672.9129858	5.879744e-16
4674.38338137	5.917866e-16
4675.85377693	5.706507e-16
4677.3241725	6.302822e-16
4678.79456806	6.410324e-16
4680.26496363	6.249729e-16
4681.73535919	6.541843e-16
4683.20575476	6.008311e-16
4684.67615032	6.676333e-16
4686.14654589	6.151466e-16
4687.61694145	6.577216e-16
4689.08733702	7.365633e-16
4690.55773258	6.456586e-16
4692.02812815	6.622581e-16
4693.49852371	6.76338e-16
4694.96891928	6.812e-16
4696.43931484	6.517879e-16
4697.90971041	6.592788e-16
4699.38010597	6.626629e-16
4700.85050154	6.278585e-16
4702.3208971	6.333056e-16
4703.79129267	7.092325e-16
4705.26168823	6.359575e-16
4706.7320838	6.516863e-16
4708.20247936	6.481665e-16
4709.67287493	6.574052e-16
4711.14327049	6.568629e-16
4712.61366606	6.411853e-16
4714.08406162	6.279608e-16
4715.55445719	6.720808e-16
4717.02485275	6.769969e-16
4718.49524832	6.707005e-16
4719.96564388	6.7475e-16
4721.43603945	7.514003e-16
4722.90643501	6.669739e-16
4724.37683058	6.936655e-16
4725.84722614	6.740268e-16
4727.31762171	6.488895e-16
4728.78801727	6.546663e-16
4730.25841284	6.613943e-16
4731.7288084	7.059633e-16
4733.19920397	6.457861e-16
4734.66959953	6.845614e-16
4736.1399951	6.564631e-16
4737.61039066	6.742016e-16
4739.08078623	6.59436e-16
4740.55118179	6.637851e-16
4742.02157736	6.559245e-16
4743.49197292	6.556339e-16
4744.96236849	7.156457e-16
4746.43276405	6.564259e-16
4747.90315962	6.43263e-16
4749.37355518	6.694931e-16
4750.84395075	6.428891e-16
4752.31434631	6.917566e-16
4753.78474188	6.442653e-16
4755.25513744	6.577459e-16
4756.72553301	6.845606e-16
4758.19592857	6.561941e-16
4759.66632414	6.90881e-16
4761.1367197	6.876964e-16
4762.60711527	6.430229e-16
4764.07751083	6.450412e-16
4765.5479064	6.79385e-16
4767.01830196	6.078199e-16
4768.48869753	6.262584e-16
4769.95909309	6.250719e-16
4771.42948866	6.110574e-16
4772.89988422	6.104124e-16
4774.37027979	6.071562e-16
4775.84067535	6.375403e-16
4777.31107092	6.449442e-16
4778.78146648	6.691099e-16
4780.25186205	6.360353e-16
4781.72225761	6.494072e-16
4783.19265318	6.090014e-16
4784.66304874	6.485407e-16
4786.13344431	6.375079e-16
4787.60383987	6.35232e-16
4789.07423544	6.690352e-16
4790.544631	6.137984e-16
4792.01502657	6.3177e-16
4793.48542213	6.574769e-16
4794.9558177	6.590527e-16
4796.42621326	6.503909e-16
4797.89660883	6.793969e-16
4799.36700439	6.275106e-16
4800.83739996	6.935636e-16
4802.30779552	6.805268e-16
4803.77819109	6.149185e-16
4805.24858665	5.786228e-16
4806.71898222	6.472211e-16
4808.18937778	6.696106e-16
4809.65977335	6.474734e-16
4811.13016891	6.655939e-16
4812.60056448	6.682147e-16
4814.07096004	6.751303e-16
4815.54135561	6.321636e-16
4817.01175117	6.702689e-16
4818.48214674	6.740495e-16
4819.9525423	6.604626e-16
4821.42293787	7.096933e-16
4822.89333344	6.634328e-16
4824.363729	6.57103e-16
4825.83412457	6.874834e-16
4827.30452013	6.735143e-16
4828.7749157	6.940204e-16
4830.24531126	6.920479e-16
4831.71570683	6.719627e-16
4833.18610239	6.709236e-16
4834.65649796	6.888258e-16
4836.12689352	6.49199e-16
4837.59728909	6.446349e-16
4839.06768465	6.849577e-16
4840.53808022	6.840996e-16
4842.00847578	7.142314e-16
4843.47887135	6.692348e-16
4844.94926691	6.992394e-16
4846.41966248	6.386955e-16
4847.89005804	6.778863e-16
4849.36045361	6.618844e-16
4850.83084917	6.741987e-16
4852.30124474	6.330731e-16
4853.7716403	6.601155e-16
4855.24203587	6.386447e-16
4856.71243143	6.817917e-16
4858.182827	6.535731e-16
4859.65322256	4.802276e-16
4861.12361813	6.718788e-16
4862.59401369	6.565195e-16
4864.06440926	6.580695e-16
4865.53480482	6.72525e-16
4867.00520039	6.251003e-16
4868.47559595	6.744793e-16
4869.94599152	6.409251e-16
4871.41638708	6.797077e-16
4872.88678265	6.161294e-16
4874.35717821	6.1513e-16
4875.82757378	6.587898e-16
4877.29796934	6.259616e-16
4878.76836491	5.84171e-16
4880.23876047	6.227066e-16
4881.70915604	5.830281e-16
4883.1795516	5.854566e-16
4884.64994717	6.643483e-16
4886.12034273	6.141042e-16
4887.5907383	5.963395e-16
4889.06113386	6.140423e-16
4890.53152943	6.425136e-16
4892.00192499	6.174121e-16
4893.47232056	6.199324e-16
4894.94271612	6.161586e-16
4896.41311169	5.356206e-16
4897.88350725	6.112824e-16
4899.35390282	6.352657e-16
4900.82429838	6.207985e-16
4902.29469395	6.566468e-16
4903.76508951	6.399864e-16
4905.23548508	5.915683e-16
4906.70588064	5.834569e-16
4908.17627621	5.919016e-16
4909.64667177	5.687429e-16
4911.11706734	5.68491e-16
4912.5874629	5.704986e-16
4914.05785847	6.176543e-16
4915.52825403	6.186221e-16
4916.9986496	6.22966e-16
4918.46904516	5.672134e-16
4919.93944073	5.746994e-16
4921.40983629	5.665153e-16
4922.88023186	5.298211e-16
4924.35062742	5.799433e-16
4925.82102299	5.489496e-16
4927.29141855	5.512118e-16
4928.76181412	6.001942e-16
4930.23220968	6.333722e-16
4931.70260525	5.71186e-16
4933.17300081	5.592978e-16
4934.64339638	6.032288e-16
4936.11379194	5.152084e-16
4937.58418751	5.911571e-16
4939.05458307	5.477399e-16
4940.52497864	5.756806e-16
4941.9953742	6.314761e-16
4943.46576977	5.476513e-16
4944.93616533	5.519132e-16
4946.4065609	5.872186e-16
4947.87695646	5.709566e-16
4949.34735203	5.597287e-16
4950.81774759	5.645451e-16
4952.28814316	5.700539e-16
4953.75853872	5.543654e-16
4955.22893429	5.597128e-16
4956.69932985	5.526681e-16
4958.16972542	5.768355e-16
4959.64012098	5.324363e-16
4961.11051655	5.587242e-16
4962.58091211	5.43645e-16
4964.05130768	5.54014e-16
4965.52170324	5.631402e-16
4966.99209881	5.132673e-16
4968.46249437	5.144205e-16
4969.93288994	5.884438e-16
4971.4032855	5.740867e-16
4972.87368107	5.725982e-16
4974.34407663	5.369589e-16
4975.8144722	5.722893e-16
4977.28486776	5.539246e-16
4978.75526333	5.087177e-16
4980.22565889	5.447085e-16
4981.69605446	5.322167e-16
4983.16645002	5.525464e-16
4984.63684559	5.490654e-16
4986.10724115	5.287618e-16
4987.57763672	5.482694e-16
4989.04803228	5.207085e-16
4990.51842785	5.010986e-16
4991.98882341	5.464546e-16
4993.45921898	5.386403e-16
4994.92961454	5.361252e-16
4996.40001011	5.336836e-16
4997.87040567	5.437535e-16
4999.34080124	5.135548e-16
5000.8111968	5.342677e-16
5002.28159237	5.378851e-16
5003.75198793	5.357425e-16
5005.2223835	5.694121e-16
5006.69277906	5.512206e-16
5008.16317463	5.603357e-16
5009.63357019	5.335508e-16
5011.10396576	5.11043e-16
5012.57436132	5.424134e-16
5014.04475689	5.448641e-16
5015.51515245	5.149906e-16
5016.98554802	5.544379e-16
5018.45594358	5.778721e-16
5019.92633915	5.544434e-16
5021.39673471	5.540729e-16
5022.86713028	5.450647e-16
5024.33752584	4.983196e-16
5025.80792141	5.504229e-16
5027.27831697	4.999484e-16
5028.74871254	5.27007e-16
5030.2191081	5.346044e-16
5031.68950367	5.00304e-16
5033.15989923	4.747212e-16
5034.6302948	5.337843e-16
5036.10069036	5.097848e-16
5037.57108593	5.16214e-16
5039.04148149	5.365995e-16
5040.51187706	5.233921e-16
5041.98227262	5.848985e-16
5043.45266819	5.414693e-16
5044.92306376	5.251633e-16
5046.39345932	5.222138e-16
5047.86385489	5.283765e-16
5049.33425045	5.119549e-16
5050.80464602	4.908846e-16
5052.27504158	5.14159e-16
5053.74543715	5.488474e-16
5055.21583271	5.221833e-16
5056.68622828	5.163821e-16
5058.15662384	5.414002e-16
5059.62701941	5.820847e-16
5061.09741497	5.090757e-16
5062.56781054	4.842323e-16
5064.0382061	5.177361e-16
5065.50860167	5.595591e-16
5066.97899723	5.069963e-16
5068.4493928	4.845149e-16
5069.91978836	4.84362e-16
5071.39018393	5.043116e-16
5072.86057949	4.868479e-16
5074.33097506	4.842323e-16
5075.80137062	5.182571e-16
5077.27176619	4.734686e-16
5078.74216175	5.08439e-16
5080.21255732	4.633184e-16
5081.68295288	4.585313e-16
5083.15334845	4.731121e-16
5084.62374401	4.743868e-16
5086.09413958	4.857926e-16
5087.56453514	4.705416e-16
5089.03493071	5.120129e-16
5090.50532627	4.950331e-16
5091.97572184	4.753441e-16
5093.4461174	4.84634e-16
5094.91651297	4.630785e-16
5096.38690853	4.601616e-16
5097.8573041	5.089103e-16
5099.32769966	4.575938e-16
5100.79809523	4.831487e-16
5102.26849079	4.854969e-16
5103.73888636	4.573786e-16
5105.20928192	4.868636e-16
5106.67967749	4.958662e-16
5108.15007305	4.919336e-16
5109.62046862	4.499383e-16
5111.09086418	4.747091e-16
5112.56125975	4.529008e-16
5114.03165531	4.709019e-16
5115.50205088	4.745995e-16
5116.97244644	4.53396e-16
5118.44284201	4.736893e-16
5119.91323757	4.404927e-16
5121.38363314	4.485993e-16
5122.8540287	4.902825e-16
5124.32442427	4.645214e-16
5125.79481983	4.697114e-16
5127.2652154	4.618142e-16
5128.73561096	4.452697e-16
5130.20600653	4.419304e-16
5131.67640209	4.549001e-16
5133.14679766	4.4957e-16
5134.61719322	4.731246e-16
5136.08758879	5.07693e-16
5137.55798435	4.657294e-16
5139.02837992	4.127058e-16
5140.49877548	4.711739e-16
5141.96917105	4.863927e-16
5143.43956661	5.011796e-16
5144.90996218	4.836012e-16
5146.38035774	4.815845e-16
5147.85075331	4.931132e-16
5149.32114887	4.851453e-16
5150.79154444	4.498518e-16
5152.26194	4.878946e-16
5153.73233557	4.561926e-16
5155.20273113	4.596921e-16
5156.6731267	4.929924e-16
5158.14352226	4.272917e-16
5159.61391783	4.451443e-16
5161.08431339	4.511858e-16
5162.55470896	4.563022e-16
5164.02510452	4.420618e-16
5165.49550009	4.546989e-16
5166.96589565	4.602931e-16
5168.43629122	4.453169e-16
5169.90668678	4.231349e-16
5171.37708235	4.457105e-16
5172.84747791	4.625133e-16
5174.31787348	4.624922e-16
5175.78826904	4.353057e-16
5177.25866461	4.477862e-16
5178.72906017	4.698698e-16
5180.19945574	4.313389e-16
5181.6698513	4.5728e-16
5183.14024687	4.218476e-16
5184.61064243	4.120016e-16
5186.081038	4.702283e-16
5187.55143356	4.443559e-16
5189.02182913	4.027944e-16
5190.49222469	4.028216e-16
5191.96262026	3.941772e-16
5193.43301582	4.044794e-16
5194.90341139	3.699301e-16
5196.37380695	4.141327e-16
5197.84420252	4.452089e-16
5199.31459808	4.114356e-16
5200.78499365	4.093841e-16
5202.25538921	4.207469e-16
5203.72578478	4.432244e-16
5205.19618034	4.309758e-16
5206.66657591	4.113723e-16
5208.13697147	4.200142e-16
5209.60736704	4.18977e-16
5211.0777626	3.835696e-16
5212.54815817	4.041873e-16
5214.01855373	4.299593e-16
5215.4889493	3.963907e-16
5216.95934486	4.16283e-16
5218.42974043	4.646682e-16
5219.90013599	4.290125e-16
5221.37053156	4.088796e-16
5222.84092712	4.353234e-16
5224.31132269	4.141869e-16
5225.78171825	4.051664e-16
5227.25211382	3.921254e-16
5228.72250938	4.154768e-16
5230.19290495	4.124877e-16
5231.66330051	3.778671e-16
5233.13369608	4.215879e-16
5234.60409164	4.372209e-16
5236.07448721	4.305948e-16
5237.54488277	4.322087e-16
5239.01527834	4.024922e-16
5240.4856739	4.087608e-16
5241.95606947	4.199384e-16
5243.42646503	3.797229e-16
5244.8968606	4.050277e-16
5246.36725616	4.328349e-16
5247.83765173	4.116932e-16
5249.30804729	4.30023e-16
5250.77844286	4.396365e-16
5252.24883842	3.919182e-16
5253.71923399	3.520406e-16
5255.18962955	3.97387e-16
5256.66002512	4.064717e-16
5258.13042068	4.226528e-16
5259.60081625	4.295407e-16
5261.07121181	4.137889e-16
5262.54160738	4.151012e-16
5264.01200294	4.256792e-16
5265.48239851	4.109238e-16
5266.95279408	4.314725e-16
5268.42318964	4.574435e-16
5269.89358521	4.179484e-16
5271.36398077	4.494289e-16
5272.83437634	4.231095e-16
5274.3047719	4.107415e-16
5275.77516747	4.252955e-16
5277.24556303	4.423896e-16
5278.7159586	4.181126e-16
5280.18635416	4.251603e-16
5281.65674973	4.2887e-16
5283.12714529	4.122255e-16
5284.59754086	4.246945e-16
5286.06793642	4.337112e-16
5287.53833199	4.297588e-16
5289.00872755	4.042501e-16
5290.47912312	4.198342e-16
5291.94951868	4.133323e-16
5293.41991425	4.412085e-16
5294.89030981	4.211223e-16
5296.36070538	4.45787e-16
5297.83110094	4.742063e-16
5299.30149651	4.301647e-16
5300.77189207	4.489122e-16
5302.24228764	4.677109e-16
5303.7126832	4.656558e-16
5305.18307877	4.547071e-16
5306.65347433	4.780045e-16
5308.1238699	4.758003e-16
5309.59426546	4.510995e-16
5311.06466103	4.541899e-16
5312.53505659	4.509942e-16
5314.00545216	4.457084e-16
5315.47584772	4.337184e-16
5316.94624329	4.308923e-16
5318.41663885	4.792829e-16
5319.88703442	4.58452e-16
5321.35742998	4.726455e-16
5322.82782555	4.609366e-16
5324.29822111	4.908997e-16
5325.76861668	4.856891e-16
5327.23901224	4.8442e-16
5328.70940781	4.95716e-16
5330.17980337	4.704639e-16
5331.65019894	4.973602e-16
5333.1205945	4.952939e-16
5334.59099007	5.376641e-16
5336.06138563	4.735304e-16
5337.5317812	5.289156e-16
5339.00217676	5.11551e-16
5340.47257233	5.306561e-16
5341.94296789	5.292401e-16
5343.41336346	4.736719e-16
5344.88375902	4.959492e-16
5346.35415459	5.116842e-16
5347.82455015	5.311059e-16
5349.29494572	4.728442e-16
5350.76534128	5.341306e-16
5352.23573685	5.173662e-16
5353.70613241	5.307954e-16
5355.17652798	5.063711e-16
5356.64692354	5.310232e-16
5358.11731911	5.057965e-16
5359.58771467	4.735487e-16
5361.05811024	5.147779e-16
5362.5285058	5.235506e-16
5363.99890137	4.98148e-16
5365.46929693	5.155031e-16
5366.9396925	5.698132e-16
5368.41008806	5.370037e-16
5369.88048363	5.51071e-16
5371.35087919	4.758931e-16
5372.82127476	5.790195e-16
5374.29167032	5.475627e-16
5375.76206589	5.195838e-16
5377.23246145	4.991562e-16
5378.70285702	5.269056e-16
5380.17325258	5.163218e-16
5381.64364815	5.608052e-16
5383.11404371	5.197558e-16
5384.58443928	5.392e-16
5386.05483484	4.82584e-16
5387.52523041	5.236128e-16
5388.99562597	5.538781e-16
5390.46602154	5.090433e-16
5391.9364171	5.043426e-16
5393.40681267	5.18826e-16
5394.87720823	5.196629e-16
5396.3476038	5.112787e-16
5397.81799936	4.977604e-16
5399.28839493	5.22459e-16
5400.75879049	5.566857e-16
5402.22918606	5.35025e-16
5403.69958162	4.899193e-16
5405.16997719	4.951049e-16
5406.64037275	4.936251e-16
5408.11076832	4.91908e-16
5409.58116388	4.726803e-16
5411.05155945	4.930411e-16
5412.52195501	5.034682e-16
5413.99235058	4.893695e-16
5415.46274614	4.871472e-16
5416.93314171	5.226447e-16
5418.40353727	5.348014e-16
5419.87393284	5.274092e-16
5421.3443284	5.522045e-16
5422.81472397	5.275971e-16
5424.28511953	5.242056e-16
5425.7555151	4.796661e-16
5427.22591066	4.832857e-16
5428.69630623	4.952888e-16
5430.16670179	5.32785e-16
5431.63709736	4.986995e-16
5433.10749292	5.003747e-16
5434.57788849	4.969394e-16
5436.04828405	4.953224e-16
5437.51867962	4.703922e-16
5438.98907518	5.239025e-16
5440.45947075	5.009114e-16
5441.92986631	5.279468e-16
5443.40026188	5.299648e-16
5444.87065744	5.100901e-16
5446.34105301	5.325048e-16
5447.81144857	5.158672e-16
5449.28184414	5.1536e-16
5450.7522397	4.853353e-16
5452.22263527	4.537993e-16
5453.69303083	4.687441e-16
5455.1634264	4.813244e-16
5456.63382196	4.779851e-16
5458.10421753	5.18705e-16
5459.57461309	5.276276e-16
5461.04500866	5.5226e-16
5462.51540422	4.828006e-16
5463.98579979	5.204476e-16
5465.45619535	5.255145e-16
5466.92659092	4.94171e-16
5468.39698648	4.524333e-16
5469.86738205	4.436025e-16
5471.33777761	4.851018e-16
5472.80817318	4.895778e-16
5474.27856874	5.109141e-16
5475.74896431	5.103995e-16
5477.21935987	5.241921e-16
5478.68975544	5.042285e-16
5480.160151	5.032711e-16
5481.63054657	5.053044e-16
5483.10094213	4.813041e-16
5484.5713377	4.909104e-16
5486.04173326	4.777588e-16
5487.51212883	5.01713e-16
5488.98252439	4.788958e-16
5490.45291996	4.72509e-16
5491.92331553	4.743856e-16
5493.39371109	4.536206e-16
5494.86410666	4.944485e-16
5496.33450222	4.571727e-16
5497.80489779	4.612153e-16
5499.27529335	4.807188e-16
5500.74568892	4.604515e-16
5502.21608448	4.163324e-16
5503.68648005	4.698326e-16
5505.15687561	4.466586e-16
5506.62727118	4.398662e-16
5508.09766674	4.793981e-16
5509.56806231	4.52303e-16
5511.03845787	4.107935e-16
5512.50885344	4.233641e-16
5513.979249	4.145704e-16
5515.44964457	4.226565e-16
5516.92004013	4.257623e-16
5518.3904357	4.260054e-16
5519.86083126	4.158229e-16
5521.33122683	4.161562e-16
5522.80162239	4.326248e-16
5524.27201796	4.391884e-16
5525.74241352	4.308083e-16
5527.21280909	4.287456e-16
5528.68320465	4.351056e-16
5530.15360022	4.095011e-16
5531.62399578	4.052988e-16
5533.09439135	4.140936e-16
5534.56478691	4.224808e-16
5536.03518248	5.77842e-16
5537.50557804	5.020435e-16
5538.97597361	4.577328e-16
5540.44636917	3.935876e-16
5541.91676474	3.989146e-16
5543.3871603	4.116827e-16
5544.85755587	4.427061e-16
5546.32795143	4.294669e-16
5547.798347	4.123227e-16
5549.26874256	4.198876e-16
5550.73913813	3.85215e-16
5552.20953369	3.994531e-16
5553.67992926	4.182598e-16
5555.15032482	4.154157e-16
5556.62072039	3.880721e-16
5558.09111595	3.695796e-16
5559.56151152	3.8045e-16
5561.03190708	3.83093e-16
5562.50230265	4.054203e-16
5563.97269821	4.030937e-16
5565.44309378	4.044565e-16
5566.91348934	4.338863e-16
5568.38388491	4.063363e-16
5569.85428047	4.054397e-16
5571.32467604	4.482633e-16
5572.7950716	4.336832e-16
5574.26546717	4.149228e-16
5575.73586273	3.654457e-16
5577.2062583	3.928325e-16
5578.67665386	4.769737e-16
5580.14704943	4.667908e-16
5581.61744499	4.726566e-16
5583.08784056	4.001515e-16
5584.55823612	3.999193e-16
5586.02863169	4.100629e-16
5587.49902725	4.084384e-16
5588.96942282	4.248431e-16
5590.43981838	4.184171e-16
5591.91021395	4.426186e-16
5593.38060951	4.024664e-16
5594.85100508	4.31598e-16
5596.32140064	4.097527e-16
5597.79179621	4.551563e-16
5599.26219177	4.377977e-16
5600.73258734	4.689443e-16
5602.2029829	4.324832e-16
5603.67337847	4.236663e-16
5605.14377403	4.325962e-16
5606.6141696	4.109382e-16
5608.08456516	4.217927e-16
5609.55496073	4.393905e-16
5611.02535629	4.153856e-16
5612.49575186	4.430811e-16
5613.96614742	4.023312e-16
5615.43654299	4.062909e-16
5616.90693855	4.159405e-16
5618.37733412	4.18709e-16
5619.84772968	4.373275e-16
5621.31812525	4.151903e-16
5622.78852081	4.278799e-16
5624.25891638	4.522348e-16
5625.72931194	4.239491e-16
5627.19970751	4.602667e-16
5628.67010307	4.979546e-16
5630.14049864	4.437064e-16
5631.6108942	4.645032e-16
5633.08128977	4.749286e-16
5634.55168533	4.387385e-16
5636.0220809	4.450131e-16
5637.49247646	4.834735e-16
5638.96287203	4.271046e-16
5640.43326759	4.394411e-16
5641.90366316	4.242176e-16
5643.37405872	4.36528e-16
5644.84445429	4.48003e-16
5646.31484985	4.514987e-16
5647.78524542	4.998717e-16
5649.25564098	4.578871e-16
5650.72603655	4.886757e-16
5652.19643211	4.543123e-16
5653.66682768	4.431253e-16
5655.13722324	4.62953e-16
5656.60761881	4.523854e-16
5658.07801437	4.506301e-16
5659.54840994	4.375391e-16
5661.0188055	4.114001e-16
5662.48920107	4.666185e-16
5663.95959663	4.558665e-16
5665.4299922	4.186771e-16
5666.90038776	4.222543e-16
5668.37078333	4.656678e-16
5669.84117889	4.10526e-16
5671.31157446	4.497668e-16
5672.78197002	4.1847e-16
5674.25236559	4.295206e-16
5675.72276115	4.248966e-16
5677.19315672	4.31321e-16
5678.66355228	4.781164e-16
5680.13394785	4.517472e-16
5681.60434341	4.025523e-16
5683.07473898	4.549367e-16
5684.54513454	3.880938e-16
5686.01553011	4.340604e-16
5687.48592567	4.263874e-16
5688.95632124	4.090942e-16
5690.4267168	4.158443e-16
5691.89711237	4.166775e-16
5693.36750793	4.150315e-16
5694.8379035	4.264938e-16
5696.30829906	4.172297e-16
5697.77869463	3.87705e-16
5699.24909019	4.347529e-16
5700.71948576	4.108634e-16
5702.18988132	4.060583e-16
5703.66027689	3.799973e-16
5705.13067245	3.634509e-16
5706.60106802	4.428367e-16
5708.07146358	4.31001e-16
5709.54185915	3.782965e-16
5711.01225471	4.113993e-16
5712.48265028	3.92453e-16
5713.95304585	3.974246e-16
5715.42344141	3.915598e-16
5716.89383698	4.239022e-16
5718.36423254	4.128223e-16
5719.83462811	4.111675e-16
5721.30502367	4.054496e-16
5722.77541924	3.577015e-16
5724.2458148	3.903271e-16
5725.71621037	4.137228e-16
5727.18660593	3.786221e-16
5728.6570015	3.977432e-16
5730.12739706	3.677978e-16
5731.59779263	3.959913e-16
5733.06818819	4.206683e-16
5734.53858376	4.124442e-16
5736.00897932	4.217174e-16
5737.47937489	3.974509e-16
5738.94977045	3.718187e-16
5740.42016602	4.328767e-16
5741.89056158	4.197817e-16
5743.36095715	4.010073e-16
5744.83135271	4.057499e-16
5746.30174828	4.253834e-16
5747.77214384	4.301307e-16
5749.24253941	4.337016e-16
5750.71293497	4.691533e-16
5752.18333054	4.373362e-16
5753.6537261	3.885498e-16
5755.12412167	3.956968e-16
5756.59451723	4.256257e-16
5758.0649128	4.194596e-16
5759.53530836	4.391074e-16
5761.00570393	4.340617e-16
5762.47609949	4.357453e-16
5763.94649506	4.582928e-16
5765.41689062	4.226369e-16
5766.88728619	4.133033e-16
5768.35768175	4.244017e-16
5769.82807732	4.101502e-16
5771.29847288	4.327829e-16
5772.76886845	4.260477e-16
5774.23926401	4.136698e-16
5775.70965958	4.172929e-16
5777.18005514	4.089894e-16
5778.65045071	4.004583e-16
5780.12084627	4.149415e-16
5781.59124184	4.39919e-16
5783.0616374	4.453623e-16
5784.53203297	4.450538e-16
5786.00242853	4.560476e-16
5787.4728241	4.719108e-16
5788.94321966	4.613449e-16
5790.41361523	4.611006e-16
5791.88401079	4.627519e-16
5793.35440636	4.89352e-16
5794.82480192	4.827066e-16
5796.29519749	4.72387e-16
5797.76559305	4.904551e-16
5799.23598862	4.694305e-16
5800.70638418	4.287519e-16
5802.17677975	4.322442e-16
5803.64717531	4.798021e-16
5805.11757088	4.672106e-16
5806.58796644	4.560259e-16
5808.05836201	4.449287e-16
5809.52875757	4.453232e-16
5810.99915314	4.962123e-16
5812.4695487	4.850635e-16
5813.93994427	4.808448e-16
5815.41033983	4.924435e-16
5816.8807354	4.460525e-16
5818.35113096	4.877902e-16
5819.82152653	4.312692e-16
5821.29192209	4.63714e-16
5822.76231766	5.009398e-16
5824.23271322	5.040247e-16
5825.70310879	5.066842e-16
5827.17350435	4.82778e-16
5828.64389992	4.435148e-16
5830.11429548	4.880102e-16
5831.58469105	4.467145e-16
5833.05508661	4.720385e-16
5834.52548218	4.866879e-16
5835.99587774	5.08526e-16
5837.46627331	4.748294e-16
5838.93666887	4.855956e-16
5840.40706444	5.026965e-16
5841.87746	4.705582e-16
5843.34785557	4.976513e-16
5844.81825113	5.145087e-16
5846.2886467	5.164169e-16
5847.75904226	4.657046e-16
5849.22943783	4.913556e-16
5850.69983339	5.155399e-16
5852.17022896	4.817656e-16
5853.64062452	4.765051e-16
5855.11102009	4.805571e-16
5856.58141565	5.152666e-16
5858.05181122	4.925057e-16
5859.52220678	5.020794e-16
5860.99260235	5.377921e-16
5862.46299791	5.162254e-16
5863.93339348	5.470371e-16
5865.40378904	5.204918e-16
5866.87418461	4.864584e-16
5868.34458017	5.087622e-16
5869.81497574	4.899138e-16
5871.2853713	5.314325e-16
5872.75576687	5.054657e-16
5874.22616243	4.84159e-16
5875.696558	4.980753e-16
5877.16695356	5.396415e-16
5878.63734913	4.694085e-16
5880.10774469	5.28088e-16
5881.57814026	4.556127e-16
5883.04853582	4.826054e-16
5884.51893139	5.014201e-16
5885.98932695	4.554951e-16
5887.45972252	5.133486e-16
5888.93011808	4.91965e-16
5890.40051365	4.810764e-16
5891.87090921	5.074624e-16
5893.34130478	4.531783e-16
5894.81170034	5.108791e-16
5896.28209591	4.962851e-16
5897.75249147	5.014129e-16
5899.22288704	5.248382e-16
5900.6932826	4.622555e-16
5902.16367817	3.954351e-16
5903.63407373	4.865544e-16
5905.1044693	5.140278e-16
5906.57486486	5.003137e-16
5908.04526043	4.669451e-16
5909.51565599	4.97315e-16
5910.98605156	4.847748e-16
5912.45644712	5.065098e-16
5913.92684269	4.821449e-16
5915.39723825	4.684918e-16
5916.86763382	5.071216e-16
5918.33802938	4.623133e-16
5919.80842495	5.107691e-16
5921.27882051	4.880398e-16
5922.74921608	4.696794e-16
5924.21961164	4.666198e-16
5925.69000721	4.814871e-16
5927.16040277	4.976261e-16
5928.63079834	4.511664e-16
5930.1011939	4.716059e-16
5931.57158947	4.926542e-16
5933.04198503	4.607404e-16
5934.5123806	4.467088e-16
5935.98277617	4.863393e-16
5937.45317173	4.754925e-16
5938.9235673	5.005184e-16
5940.39396286	5.080414e-16
5941.86435843	4.740763e-16
5943.33475399	4.661893e-16
5944.80514956	4.730591e-16
5946.27554512	4.330496e-16
5947.74594069	4.92247e-16
5949.21633625	4.857526e-16
5950.68673182	4.567881e-16
5952.15712738	4.687695e-16
5953.62752295	4.790643e-16
5955.09791851	4.771455e-16
5956.56831408	4.884172e-16
5958.03870964	4.600246e-16
5959.50910521	5.038654e-16
5960.97950077	4.557956e-16
5962.44989634	4.487549e-16
5963.9202919	4.560798e-16
5965.39068747	4.625037e-16
5966.86108303	4.423621e-16
5968.3314786	4.618886e-16
5969.80187416	4.613348e-16
5971.27226973	4.642189e-16
5972.74266529	4.747384e-16
5974.21306086	4.362297e-16
5975.68345642	4.223618e-16
5977.15385199	4.288528e-16
5978.62424755	4.867952e-16
5980.09464312	4.768215e-16
5981.56503868	4.624078e-16
5983.03543425	4.749963e-16
5984.50582981	4.663869e-16
5985.97622538	4.797421e-16
5987.44662094	4.549503e-16
5988.91701651	4.588888e-16
5990.38741207	4.758139e-16
5991.85780764	4.628995e-16
5993.3282032	4.663436e-16
5994.79859877	4.385589e-16
5996.26899433	4.620037e-16
5997.7393899	4.736258e-16
5999.20978546	4.519241e-16
6000.68018103	4.632354e-16
6002.15057659	4.654548e-16
6003.62097216	4.93148e-16
6005.09136772	5.138003e-16
6006.56176329	4.644526e-16
6008.03215885	4.474249e-16
6009.50255442	4.757845e-16
6010.97294998	4.608879e-16
6012.44334555	4.791328e-16
6013.91374111	4.656194e-16
6015.38413668	5.058492e-16
6016.85453224	4.924161e-16
6018.32492781	4.382546e-16
6019.79532337	4.80269e-16
6021.26571894	4.761724e-16
6022.7361145	4.194633e-16
6024.20651007	4.585644e-16
6025.67690563	4.766641e-16
6027.1473012	4.596139e-16
6028.61769676	4.838648e-16
6030.08809233	4.734855e-16
6031.55848789	4.55876e-16
6033.02888346	4.622819e-16
6034.49927902	4.98929e-16
6035.96967459	4.844553e-16
6037.44007015	4.91424e-16
6038.91046572	4.569682e-16
6040.38086128	4.920562e-16
6041.85125685	4.716386e-16
6043.32165241	4.901997e-16
6044.79204798	4.88149e-16
6046.26244354	4.580566e-16
6047.73283911	4.716592e-16
6049.20323467	4.536909e-16
6050.67363024	4.748798e-16
6052.1440258	4.564006e-16
6053.61442137	4.480823e-16
6055.08481693	4.453019e-16
6056.5552125	4.90899e-16
6058.02560806	4.435889e-16
6059.49600363	4.598268e-16
6060.96639919	4.682623e-16
6062.43679476	4.598492e-16
6063.90719032	4.548769e-16
6065.37758589	4.81145e-16
6066.84798145	4.686753e-16
6068.31837702	4.577961e-16
6069.78877258	4.091076e-16
6071.25916815	4.223663e-16
6072.72956371	4.517721e-16
6074.19995928	4.708642e-16
6075.67035484	4.387363e-16
6077.14075041	4.875652e-16
6078.61114597	4.558831e-16
6080.08154154	4.229494e-16
6081.5519371	4.41866e-16
6083.02233267	4.995738e-16
6084.49272823	4.795044e-16
6085.9631238	4.828202e-16
6087.43351936	4.325671e-16
6088.90391493	4.568745e-16
6090.37431049	4.572203e-16
6091.84470606	4.580056e-16
6093.31510162	4.651571e-16
6094.78549719	4.405005e-16
6096.25589275	4.587367e-16
6097.72628832	4.774995e-16
6099.19668388	4.65981e-16
6100.66707945	4.588878e-16
6102.13747501	4.467254e-16
6103.60787058	4.36158e-16
6105.07826614	4.405525e-16
6106.54866171	4.781615e-16
6108.01905727	4.252535e-16
6109.48945284	4.462521e-16
6110.9598484	4.568449e-16
6112.43024397	4.822906e-16
6113.90063953	4.615379e-16
6115.3710351	4.844264e-16
6116.84143066	4.667887e-16
6118.31182623	4.918456e-16
6119.78222179	4.837622e-16
6121.25261736	4.589419e-16
6122.72301292	4.717833e-16
6124.19340849	4.531899e-16
6125.66380405	4.48313e-16
6127.13419962	4.808682e-16
6128.60459518	4.453441e-16
6130.07499075	4.967283e-16
6131.54538631	4.891923e-16
6133.01578188	4.714459e-16
6134.48617744	4.810953e-16
6135.95657301	5.101659e-16
6137.42696857	4.640126e-16
6138.89736414	4.468507e-16
6140.3677597	4.668026e-16
6141.83815527	4.265316e-16
6143.30855083	5.079981e-16
6144.7789464	5.175577e-16
6146.24934196	4.751385e-16
6147.71973753	4.758167e-16
6149.19013309	4.63529e-16
6150.66052866	4.949671e-16
6152.13092422	4.816243e-16
6153.60131979	4.633132e-16
6155.07171535	4.692894e-16
6156.54211092	4.593624e-16
6158.01250648	4.428629e-16
6159.48290205	5.171242e-16
6160.95329762	4.989028e-16
6162.42369318	5.024594e-16
6163.89408875	4.813274e-16
6165.36448431	4.703037e-16
6166.83487988	4.633935e-16
6168.30527544	4.684671e-16
6169.77567101	4.245301e-16
6171.24606657	4.384355e-16
6172.71646214	4.544596e-16
6174.1868577	4.40784e-16
6175.65725327	4.649616e-16
6177.12764883	4.593674e-16
6178.5980444	4.577671e-16
6180.06843996	4.840671e-16
6181.53883553	4.811459e-16
6183.00923109	4.301482e-16
6184.47962666	4.412495e-16
6185.95002222	4.833861e-16
6187.42041779	4.674561e-16
6188.89081335	4.416691e-16
6190.36120892	4.377471e-16
6191.83160448	4.384646e-16
6193.30200005	4.878199e-16
6194.77239561	4.835839e-16
6196.24279118	4.490239e-16
6197.71318674	4.610657e-16
6199.18358231	4.433815e-16
6200.65397787	4.95551e-16
6202.12437344	4.89015e-16
6203.594769	4.552733e-16
6205.06516457	4.596606e-16
6206.53556013	4.165555e-16
6208.0059557	4.446731e-16
6209.47635126	5.079843e-16
6210.94674683	4.412447e-16
6212.41714239	4.067352e-16
6213.88753796	4.032392e-16
6215.35793352	4.205995e-16
6216.82832909	4.279988e-16
6218.29872465	4.371375e-16
6219.76912022	4.069562e-16
6221.23951578	4.125718e-16
6222.70991135	4.242727e-16
6224.18030691	4.20539e-16
6225.65070248	4.076933e-16
6227.12109804	4.485772e-16
6228.59149361	4.728533e-16
6230.06188917	4.592514e-16
6231.53228474	4.756965e-16
6233.0026803	4.342474e-16
6234.47307587	4.630841e-16
6235.94347143	4.812202e-16
6237.413867	4.061883e-16
6238.88426256	4.874687e-16
6240.35465813	4.323753e-16
6241.82505369	4.870689e-16
6243.29544926	4.171407e-16
6244.76584482	4.550721e-16
6246.23624039	4.926446e-16
6247.70663595	4.521252e-16
6249.17703152	4.427558e-16
6250.64742708	5.044134e-16
6252.11782265	5.200276e-16
6253.58821821	4.420667e-16
6255.05861378	4.89239e-16
6256.52900934	4.252126e-16
6257.99940491	4.386273e-16
6259.46980047	4.704207e-16
6260.94019604	4.674347e-16
6262.4105916	4.588141e-16
6263.88098717	4.370609e-16
6265.35138273	3.761204e-16
6266.8217783	4.727892e-16
6268.29217386	4.423252e-16
6269.76256943	5.022137e-16
6271.23296499	4.490682e-16
6272.70336056	4.527922e-16
6274.17375612	4.234296e-16
6275.64415169	4.492618e-16
6277.11454725	4.379162e-16
6278.58494282	4.576206e-16
6280.05533838	4.780409e-16
6281.52573395	4.473997e-16
6282.99612951	4.284558e-16
6284.46652508	4.635268e-16
6285.93692064	4.506899e-16
6287.40731621	4.233811e-16
6288.87771177	4.513241e-16
6290.34810734	4.079832e-16
6291.8185029	4.276482e-16
6293.28889847	4.47615e-16
6294.75929403	4.659489e-16
6296.2296896	4.689612e-16
6297.70008516	4.195367e-16
6299.17048073	3.640415e-16
6300.64087629	4.39295e-16
6302.11127186	3.978118e-16
6303.58166742	4.29951e-16
6305.05206299	4.109807e-16
6306.52245855	3.884413e-16
6307.99285412	4.243825e-16
6309.46324968	4.750733e-16
6310.93364525	4.365349e-16
6312.40404081	4.525285e-16
6313.87443638	4.399336e-16
6315.34483194	4.02531e-16
6316.81522751	4.40533e-16
6318.28562307	4.571712e-16
6319.75601864	4.724819e-16
6321.2264142	4.466479e-16
6322.69680977	4.598498e-16
6324.16720533	4.689665e-16
6325.6376009	4.143911e-16
6327.10799646	4.339081e-16
6328.57839203	4.416845e-16
6330.04878759	4.393214e-16
6331.51918316	4.335276e-16
6332.98957872	4.570991e-16
6334.45997429	4.155608e-16
6335.93036985	4.467029e-16
6337.40076542	3.919175e-16
6338.87116098	4.281361e-16
6340.34155655	4.38374e-16
6341.81195211	3.695751e-16
6343.28234768	4.353229e-16
6344.75274324	4.11854e-16
6346.22313881	4.070895e-16
6347.69353437	4.087911e-16
6349.16392994	4.077261e-16
6350.6343255	3.824094e-16
6352.10472107	4.229458e-16
6353.57511663	3.839866e-16
6355.0455122	3.767333e-16
6356.51590776	4.014392e-16
6357.98630333	4.047795e-16
6359.45669889	3.716355e-16
6360.92709446	3.883498e-16
6362.39749002	3.837477e-16
6363.86788559	3.721631e-16
6365.33828115	4.194298e-16
6366.80867672	3.900929e-16
6368.27907228	4.122287e-16
6369.74946785	3.686243e-16
6371.21986341	3.440447e-16
6372.69025898	3.856848e-16
6374.16065454	3.644233e-16
6375.63105011	3.647049e-16
6377.10144567	3.711881e-16
6378.57184124	3.493133e-16
6380.0422368	3.75592e-16
6381.51263237	3.622672e-16
6382.98302794	3.591507e-16
6384.4534235	3.727932e-16
6385.92381907	3.20247e-16
6387.39421463	3.332354e-16
6388.8646102	3.503204e-16
6390.33500576	3.298135e-16
6391.80540133	3.453474e-16
6393.27579689	3.272035e-16
6394.74619246	3.216906e-16
6396.21658802	3.572455e-16
6397.68698359	3.47503e-16
6399.15737915	3.419213e-16
6400.62777472	3.317635e-16
6402.09817028	3.044389e-16
6403.56856585	3.092211e-16
6405.03896141	3.220898e-16
6406.50935698	3.254428e-16
6407.97975254	3.380959e-16
6409.45014811	3.432264e-16
6410.92054367	3.83045e-16
6412.39093924	3.272914e-16
6413.8613348	3.019544e-16
6415.33173037	2.957098e-16
6416.80212593	2.89832e-16
6418.2725215	2.933652e-16
6419.74291706	2.773811e-16
6421.21331263	2.886313e-16
6422.68370819	2.829356e-16
6424.15410376	2.950103e-16
6425.62449932	3.004425e-16
6427.09489489	2.714479e-16
6428.56529045	3.09194e-16
6430.03568602	2.746325e-16
6431.50608158	2.696332e-16
6432.97647715	2.674003e-16
6434.44687271	2.961274e-16
6435.91726828	2.987086e-16
6437.38766384	2.661331e-16
6438.85805941	2.526429e-16
6440.32845497	2.990266e-16
6441.79885054	2.640867e-16
6443.2692461	2.90951e-16
6444.73964167	2.564908e-16
6446.21003723	2.69994e-16
6447.6804328	2.96006e-16
6449.15082836	2.882963e-16
6450.62122393	2.530229e-16
6452.09161949	2.8503e-16
6453.56201506	2.951158e-16
6455.03241062	2.591567e-16
6456.50280619	2.873859e-16
6457.97320175	3.087299e-16
6459.44359732	2.905624e-16
6460.91399288	2.72134e-16
6462.38438845	2.966608e-16
6463.85478401	2.944017e-16
6465.32517958	3.091228e-16
6466.79557514	3.125954e-16
6468.26597071	3.548918e-16
6469.73636627	2.872496e-16
6471.20676184	3.176761e-16
6472.6771574	3.016469e-16
6474.14755297	2.756734e-16
6475.61794853	3.308368e-16
6477.0883441	2.712662e-16
6478.55873966	2.786751e-16
6480.02913523	3.191444e-16
6481.49953079	3.333882e-16
6482.96992636	2.843059e-16
6484.44032192	3.444994e-16
6485.91071749	2.9934e-16
6487.38111305	3.339271e-16
6488.85150862	3.119217e-16
6490.32190418	3.244113e-16
6491.79229975	3.281296e-16
6493.26269531	3.167847e-16
6494.73309088	3.088446e-16
6496.20348644	3.432985e-16
6497.67388201	3.635603e-16
6499.14427757	3.193207e-16
6500.61467314	2.815424e-16
6502.0850687	3.471885e-16
6503.55546427	3.071265e-16
6505.02585983	3.423121e-16
6506.4962554	3.401248e-16
6507.96665096	3.363886e-16
6509.43704653	3.530566e-16
6510.90744209	3.452143e-16
6512.37783766	3.272346e-16
6513.84823322	3.643583e-16
6515.31862879	3.193367e-16
6516.78902435	3.68403e-16
6518.25941992	3.708254e-16
6519.72981548	3.703546e-16
6521.20021105	3.221177e-16
6522.67060661	3.888257e-16
6524.14100218	3.4582e-16
6525.61139774	3.428811e-16
6527.08179331	3.618653e-16
6528.55218887	3.540877e-16
6530.02258444	3.355805e-16
6531.49298	3.789226e-16
6532.96337557	3.223624e-16
6534.43377113	3.236132e-16
6535.9041667	3.768096e-16
6537.37456226	3.809949e-16
6538.84495783	3.518659e-16
6540.31535339	3.294634e-16
6541.78574896	3.611174e-16
6543.25614452	3.240859e-16
6544.72654009	3.79923e-16
6546.19693565	3.829623e-16
6547.66733122	3.57922e-16
6549.13772678	3.949089e-16
6550.60812235	3.912745e-16
6552.07851791	3.652395e-16
6553.54891348	3.209935e-16
6555.01930904	3.466175e-16
6556.48970461	3.872881e-16
6557.96010017	3.701595e-16
6559.43049574	3.654211e-16
6560.9008913	3.697876e-16
6562.37128687	3.780796e-16
6563.84168243	3.645417e-16
6565.312078	3.504792e-16
6566.78247356	3.63245e-16
6568.25286913	3.264209e-16
6569.72326469	3.329417e-16
6571.19366026	3.727965e-16
6572.66405582	3.261141e-16
6574.13445139	3.684738e-16
6575.60484695	4.011886e-16
6577.07524252	4.054134e-16
6578.54563808	4.257612e-16
6580.01603365	3.366106e-16
6581.48642921	3.519753e-16
6582.95682478	3.756155e-16
6584.42722034	3.699564e-16
6585.89761591	3.902851e-16
6587.36801147	3.696147e-16
6588.83840704	3.571659e-16
6590.3088026	3.676179e-16
6591.77919817	3.847483e-16
6593.24959373	4.08663e-16
6594.7199893	3.837994e-16
6596.19038486	3.794716e-16
6597.66078043	3.865662e-16
6599.13117599	3.789645e-16
6600.60157156	3.719101e-16
6602.07196712	3.641705e-16
6603.54236269	3.656064e-16
6605.01275826	3.466488e-16
6606.48315382	3.685981e-16
6607.95354939	3.568287e-16
6609.42394495	3.586253e-16
6610.89434052	4.297199e-16
6612.36473608	4.066964e-16
6613.83513165	3.561741e-16
6615.30552721	3.856381e-16
6616.77592278	3.933329e-16
6618.24631834	3.95358e-16
6619.71671391	3.829974e-16
6621.18710947	3.687679e-16
6622.65750504	3.762779e-16
6624.1279006	3.816693e-16
6625.59829617	3.717122e-16
6627.06869173	3.622527e-16
6628.5390873	3.638675e-16
6630.00948286	3.697702e-16
6631.47987843	4.033898e-16
6632.95027399	4.295118e-16
6634.42066956	3.903416e-16
6635.89106512	3.698156e-16
6637.36146069	3.805013e-16
6638.83185625	3.808274e-16
6640.30225182	3.809868e-16
6641.77264738	3.744857e-16
6643.24304295	3.719023e-16
6644.71343851	3.832414e-16
6646.18383408	3.567945e-16
6647.65422964	3.580887e-16
6649.12462521	3.672039e-16
6650.59502077	3.259434e-16
6652.06541634	3.626576e-16
6653.5358119	3.603152e-16
6655.00620747	3.505432e-16
6656.47660303	3.628739e-16
6657.9469986	3.816273e-16
6659.41739416	3.610339e-16
6660.88778973	3.687285e-16
6662.35818529	3.973036e-16
6663.82858086	4.01419e-16
6665.29897642	3.91622e-16
6666.76937199	3.296269e-16
6668.23976755	3.519586e-16
6669.71016312	3.535036e-16
6671.18055868	3.749306e-16
6672.65095425	3.895237e-16
6674.12134981	3.564615e-16
6675.59174538	3.505645e-16
6677.06214094	3.922926e-16
6678.53253651	4.013769e-16
6680.00293207	3.887741e-16
6681.47332764	3.75887e-16
6682.9437232	3.877992e-16
6684.41411877	3.715567e-16
6685.88451433	3.862983e-16
6687.3549099	3.780581e-16
6688.82530546	3.806316e-16
6690.29570103	3.495243e-16
6691.76609659	4.221412e-16
6693.23649216	4.074983e-16
6694.70688772	3.647831e-16
6696.17728329	3.618103e-16
6697.64767885	3.684093e-16
6699.11807442	3.745219e-16
6700.58846998	3.742167e-16
6702.05886555	3.610104e-16
6703.52926111	3.882841e-16
6704.99965668	3.827341e-16
6706.47005224	3.674496e-16
6707.94044781	3.766744e-16
6709.41084337	3.948974e-16
6710.88123894	3.744966e-16
6712.3516345	3.497216e-16
6713.82203007	3.504865e-16
6715.29242563	3.61533e-16
6716.7628212	3.886871e-16
6718.23321676	3.834374e-16
6719.70361233	4.098736e-16
6721.17400789	3.619309e-16
6722.64440346	3.510999e-16
6724.11479902	3.635082e-16
6725.58519459	3.758507e-16
6727.05559015	3.303421e-16
6728.52598572	3.986752e-16
6729.99638128	3.904121e-16
6731.46677685	3.415658e-16
6732.93717241	3.920884e-16
6734.40756798	3.579724e-16
6735.87796354	3.418672e-16
6737.34835911	3.903882e-16
6738.81875467	3.922396e-16
6740.28915024	3.966054e-16
6741.7595458	4.123378e-16
6743.22994137	3.582556e-16
6744.70033693	3.620302e-16
6746.1707325	3.376666e-16
6747.64112806	3.561425e-16
6749.11152363	3.221769e-16
6750.58191919	3.460742e-16
6752.05231476	3.701023e-16
6753.52271032	3.714738e-16
6754.99310589	3.81809e-16
6756.46350145	3.6952e-16
6757.93389702	3.816725e-16
6759.40429258	3.488544e-16
6760.87468815	3.67667e-16
6762.34508371	3.522978e-16
6763.81547928	3.477214e-16
6765.28587484	3.612488e-16
6766.75627041	3.787067e-16
6768.22666597	3.422779e-16
6769.69706154	3.744952e-16
6771.1674571	3.52334e-16
6772.63785267	3.611718e-16
6774.10824823	3.280636e-16
6775.5786438	3.689697e-16
6777.04903936	3.941991e-16
6778.51943493	3.668025e-16
6779.98983049	3.536531e-16
6781.46022606	3.611696e-16
6782.93062162	3.669274e-16
6784.40101719	3.299657e-16
6785.87141275	3.521739e-16
6787.34180832	3.046191e-16
6788.81220388	3.363821e-16
6790.28259945	3.418152e-16
6791.75299501	3.435844e-16
6793.22339058	3.619798e-16
6794.69378614	3.354647e-16
6796.16418171	3.148115e-16
6797.63457727	3.423109e-16
6799.10497284	3.363804e-16
6800.5753684	3.407211e-16
6802.04576397	3.761834e-16
6803.51615953	3.526765e-16
6804.9865551	3.396603e-16
6806.45695066	3.433895e-16
6807.92734623	3.343294e-16
6809.39774179	4.052586e-16
6810.86813736	3.669209e-16
6812.33853292	3.35937e-16
6813.80892849	3.962123e-16
6815.27932405	4.152073e-16
6816.74971962	3.723057e-16
6818.22011518	3.657176e-16
6819.69051075	3.303482e-16
6821.16090631	3.58068e-16
6822.63130188	3.672243e-16
6824.10169744	3.408801e-16
6825.57209301	3.549786e-16
6827.04248857	3.389695e-16
6828.51288414	3.562713e-16
6829.98327971	3.750545e-16
6831.45367527	3.650615e-16
6832.92407084	3.381494e-16
6834.3944664	3.345738e-16
6835.86486197	3.23574e-16
6837.33525753	3.406783e-16
6838.8056531	3.248001e-16
6840.27604866	3.005853e-16
6841.74644423	3.293185e-16
6843.21683979	3.503389e-16
6844.68723536	3.613314e-16
6846.15763092	3.152643e-16
6847.62802649	3.232576e-16
6849.09842205	3.319091e-16
6850.56881762	3.326116e-16
6852.03921318	3.38278e-16
6853.50960875	2.758769e-16
6854.98000431	3.016638e-16
6856.45039988	3.370159e-16
6857.92079544	3.418168e-16
6859.39119101	3.689061e-16
6860.86158657	3.535148e-16
6862.33198214	3.508891e-16
6863.8023777	3.285342e-16
6865.27277327	3.205982e-16
6866.74316883	3.17509e-16
6868.2135644	2.553522e-16
6869.68395996	2.364312e-16
6871.15435553	2.687515e-16
6872.62475109	2.618954e-16
6874.09514666	2.380321e-16
6875.56554222	2.73661e-16
6877.03593779	2.416893e-16
6878.50633335	2.585368e-16
6879.97672892	3.337853e-16
6881.44712448	3.185422e-16
6882.91752005	2.89818e-16
6884.38791561	3.044393e-16
6885.85831118	3.281717e-16
6887.32870674	3.122363e-16
6888.79910231	3.110446e-16
6890.26949787	3.291613e-16
6891.73989344	2.91329e-16
6893.210289	2.691896e-16
6894.68068457	2.806433e-16
6896.15108013	2.789634e-16
6897.6214757	3.068415e-16
6899.09187126	2.929515e-16
6900.56226683	3.27758e-16
6902.03266239	3.18734e-16
6903.50305796	3.177507e-16
6904.97345352	3.297018e-16
6906.44384909	3.151909e-16
6907.91424465	3.588074e-16
6909.38464022	2.724878e-16
6910.85503578	2.660146e-16
6912.32543135	3.145389e-16
6913.79582691	2.868837e-16
6915.26622248	3.012611e-16
6916.73661804	3.255514e-16
6918.20701361	2.782886e-16
6919.67740917	2.788458e-16
6921.14780474	3.098982e-16
6922.6182003	3.27529e-16
6924.08859587	3.562534e-16
6925.55899143	3.993986e-16
6927.029387	3.588749e-16
6928.49978256	3.603222e-16
6929.97017813	3.142416e-16
6931.44057369	3.10234e-16
6932.91096926	3.320335e-16
6934.38136482	3.182803e-16
6935.85176039	3.107499e-16
6937.32215595	3.413594e-16
6938.79255152	3.458113e-16
6940.26294708	3.21936e-16
6941.73334265	3.159294e-16
6943.20373821	3.550965e-16
6944.67413378	3.93821e-16
6946.14452934	3.268022e-16
6947.61492491	3.192151e-16
6949.08532047	3.296595e-16
6950.55571604	2.45814e-16
6952.0261116	3.682064e-16
6953.49650717	3.12566e-16
6954.96690273	3.074725e-16
6956.4372983	3.270551e-16
6957.90769386	3.072783e-16
6959.37808943	2.970213e-16
6960.84848499	2.872031e-16
6962.31888056	2.977487e-16
6963.78927612	3.112482e-16
6965.25967169	3.137891e-16
6966.73006725	3.096452e-16
6968.20046282	3.221586e-16
6969.67085838	3.201709e-16
6971.14125395	2.74928e-16
6972.61164951	3.126655e-16
6974.08204508	3.05157e-16
6975.55244064	3.521424e-16
6977.02283621	3.333003e-16
6978.49323177	3.554793e-16
6979.96362734	3.661785e-16
6981.4340229	3.651933e-16
6982.90441847	3.209887e-16
6984.37481403	3.419315e-16
6985.8452096	2.66867e-16
6987.31560516	2.767098e-16
6988.78600073	3.046783e-16
6990.25639629	2.705629e-16
6991.72679186	2.625459e-16
6993.19718742	3.032074e-16
6994.66758299	2.760099e-16
6996.13797855	2.853414e-16
6997.60837412	3.148072e-16
6999.07876968	3.23277e-16
7000.54916525	3.518119e-16
7002.01956081	3.219191e-16
7003.48995638	2.994162e-16
7004.96035194	3.032162e-16
7006.43074751	3.019342e-16
7007.90114307	2.881826e-16
7009.37153864	3.260786e-16
7010.8419342	3.10309e-16
7012.31232977	2.784475e-16
7013.78272533	2.837247e-16
7015.2531209	2.929155e-16
7016.72351646	2.982897e-16
7018.19391203	3.142655e-16
7019.66430759	2.678736e-16
7021.13470316	3.139492e-16
7022.60509872	2.754534e-16
7024.07549429	3.444903e-16
7025.54588985	2.892324e-16
7027.01628542	3.332432e-16
7028.48668098	2.825089e-16
7029.95707655	3.146995e-16
7031.42747211	2.918412e-16
7032.89786768	2.969222e-16
7034.36826324	2.587704e-16
7035.83865881	2.91938e-16
7037.30905437	3.56268e-16
7038.77944994	3.20508e-16
7040.2498455	3.508405e-16
7041.72024107	3.170247e-16
7043.19063663	3.084799e-16
7044.6610322	2.95594e-16
7046.13142776	3.087874e-16
7047.60182333	2.879283e-16
7049.07221889	2.738544e-16
7050.54261446	3.028782e-16
7052.01301003	2.950436e-16
7053.48340559	2.966776e-16
7054.95380116	2.936843e-16
7056.42419672	2.472209e-16
7057.89459229	3.036087e-16
7059.36498785	3.012785e-16
7060.83538342	3.326634e-16
7062.30577898	2.691623e-16
7063.77617455	2.76798e-16
7065.24657011	2.872809e-16
7066.71696568	3.061457e-16
7068.18736124	3.080961e-16
7069.65775681	2.662657e-16
7071.12815237	3.251835e-16
7072.59854794	2.664179e-16
7074.0689435	2.961729e-16
7075.53933907	3.204462e-16
7077.00973463	3.033664e-16
7078.4801302	3.136481e-16
7079.95052576	3.138636e-16
7081.42092133	2.757092e-16
7082.89131689	2.728096e-16
7084.36171246	3.453212e-16
7085.83210802	3.506223e-16
7087.30250359	3.200161e-16
7088.77289915	3.233833e-16
7090.24329472	3.025283e-16
7091.71369028	2.734158e-16
7093.18408585	2.823812e-16
7094.65448141	3.057186e-16
7096.12487698	3.131809e-16
7097.59527254	3.287114e-16
7099.06566811	3.078013e-16
7100.53606367	2.880265e-16
7102.00645924	3.071321e-16
7103.4768548	3.142705e-16
7104.94725037	3.035155e-16
7106.41764593	3.053788e-16
7107.8880415	3.09062e-16
7109.35843706	2.907515e-16
7110.82883263	3.162698e-16
7112.29922819	3.294042e-16
7113.76962376	3.142007e-16
7115.24001932	2.906322e-16
7116.71041489	2.698892e-16
7118.18081045	2.912362e-16
7119.65120602	3.080548e-16
7121.12160158	2.795963e-16
7122.59199715	2.918422e-16
7124.06239271	2.834022e-16
7125.53278828	2.994241e-16
7127.00318384	3.225479e-16
7128.47357941	2.924434e-16
7129.94397497	2.746588e-16
7131.41437054	2.750927e-16
7132.8847661	3.117723e-16
7134.35516167	3.070332e-16
7135.82555723	3.061095e-16
7137.2959528	3.154321e-16
7138.76634836	3.006792e-16
7140.23674393	2.797207e-16
7141.70713949	3.204739e-16
7143.17753506	3.037711e-16
7144.64793062	2.483464e-16
7146.11832619	2.606229e-16
7147.58872175	2.746787e-16
7149.05911732	3.223027e-16
7150.52951288	3.226636e-16
7151.99990845	3.203899e-16
7153.47030401	2.774876e-16
7154.94069958	2.646211e-16
7156.41109514	2.976159e-16
7157.88149071	2.937086e-16
7159.35188627	3.204695e-16
7160.82228184	2.907312e-16
7162.2926774	2.767271e-16
7163.76307297	2.825444e-16
7165.23346853	2.708906e-16
7166.7038641	2.627396e-16
7168.17425966	2.796094e-16
7169.64465523	3.170873e-16
7171.11505079	2.927573e-16
7172.58544636	2.648557e-16
7174.05584192	2.756884e-16
7175.52623749	2.826678e-16
7176.99663305	2.68695e-16
7178.46702862	2.773983e-16
7179.93742418	2.908891e-16
7181.40781975	2.733255e-16
7182.87821531	2.607432e-16
7184.34861088	2.680403e-16
7185.81900644	2.420001e-16
7187.28940201	2.429961e-16
7188.75979757	2.500702e-16
7190.23019314	2.34466e-16
7191.7005887	2.760009e-16
7193.17098427	2.144342e-16
7194.64137983	2.233062e-16
7196.1117754	2.686893e-16
7197.58217096	2.924444e-16
7199.05256653	2.876694e-16
7200.52296209	2.548514e-16
7201.99335766	2.517693e-16
7203.46375322	2.274214e-16
7204.93414879	2.406077e-16
7206.40454435	2.921835e-16
7207.87493992	2.830262e-16
7209.34533548	2.793411e-16
7210.81573105	2.944375e-16
7212.28612661	2.790231e-16
7213.75652218	3.09363e-16
7215.22691774	3.234635e-16
7216.69731331	2.802106e-16
7218.16770887	2.915997e-16
7219.63810444	3.286599e-16
7221.1085	3.073281e-16
7222.57889557	2.584476e-16
7224.04929113	2.954806e-16
7225.5196867	3.101671e-16
7226.99008226	2.785446e-16
7228.46047783	2.689004e-16
7229.93087339	2.894962e-16
7231.40126896	2.25323e-16
7232.87166452	2.331332e-16
7234.34206009	2.6162e-16
7235.81245565	2.935055e-16
7237.28285122	2.708281e-16
7238.75324678	2.720603e-16
7240.22364235	2.881969e-16
7241.69403791	2.85245e-16
7243.16443348	2.597505e-16
7244.63482904	3.009353e-16
7246.10522461	2.879919e-16
7247.57562017	2.247442e-16
7249.04601574	3.648726e-16
7250.5164113	2.588674e-16
7251.98680687	2.256114e-16
7253.45720243	2.416651e-16
7254.927598	2.782068e-16
7256.39799356	2.372366e-16
7257.86838913	3.174322e-16
7259.33878469	2.735417e-16
7260.80918026	2.443203e-16
7262.27957582	2.745138e-16
7263.74997139	2.627289e-16
7265.22036695	2.627291e-16
7266.69076252	2.616142e-16
7268.16115808	2.475891e-16
7269.63155365	2.793922e-16
7271.10194921	2.877518e-16
7272.57234478	2.677697e-16
7274.04274035	2.518685e-16
7275.51313591	2.883002e-16
7276.98353148	2.418441e-16
7278.45392704	2.683323e-16
7279.92432261	3.027308e-16
7281.39471817	3.050849e-16
7282.86511374	2.506757e-16
7284.3355093	3.263469e-16
7285.80590487	3.062798e-16
7287.27630043	2.521197e-16
7288.746696	2.919419e-16
7290.21709156	2.43762e-16
7291.68748713	2.586295e-16
7293.15788269	2.903512e-16
7294.62827826	2.713774e-16
7296.09867382	2.783702e-16
7297.56906939	2.80726e-16
7299.03946495	2.832134e-16
7300.50986052	2.806434e-16
7301.98025608	2.449949e-16
7303.45065165	2.512007e-16
7304.92104721	2.560968e-16
7306.39144278	2.587874e-16
7307.86183834	2.286078e-16
7309.33223391	2.787103e-16
7310.80262947	2.683631e-16
7312.27302504	2.615623e-16
7313.7434206	2.400706e-16
7315.21381617	2.154887e-16
7316.68421173	3.125857e-16
7318.1546073	2.593149e-16
7319.62500286	2.851795e-16
7321.09539843	3.005237e-16
7322.56579399	3.063609e-16
7324.03618956	2.967838e-16
7325.50658512	2.958613e-16
7326.97698069	2.739302e-16
7328.44737625	2.601965e-16
7329.91777182	2.92235e-16
7331.38816738	2.698443e-16
7332.85856295	2.633207e-16
7334.32895851	3.287367e-16
7335.79935408	2.999477e-16
7337.26974964	2.437154e-16
7338.74014521	2.746383e-16
7340.21054077	3.2841e-16
7341.68093634	3.080427e-16
7343.1513319	2.4254e-16
7344.62172747	2.958519e-16
7346.09212303	2.849731e-16
7347.5625186	2.881085e-16
7349.03291416	2.685725e-16
7350.50330973	1.995413e-16
7351.97370529	2.721031e-16
7353.44410086	2.265946e-16
7354.91449642	3.258859e-16
7356.38489199	2.939713e-16
7357.85528755	2.650963e-16
7359.32568312	2.60007e-16
7360.79607868	2.525557e-16
7362.26647425	2.605734e-16
7363.73686981	2.351119e-16
7365.20726538	2.420392e-16
7366.67766094	2.02723e-16
7368.14805651	3.040679e-16
7369.61845207	2.557961e-16
7371.08884764	2.937594e-16
7372.5592432	2.412677e-16
7374.02963877	2.726782e-16
7375.50003433	2.938889e-16
7376.9704299	2.545508e-16
7378.44082546	2.523141e-16
7379.91122103	2.776271e-16
7381.38161659	3.045577e-16
7382.85201216	2.997937e-16
7384.32240772	2.576003e-16
7385.79280329	2.282315e-16
7387.26319885	2.605095e-16
7388.73359442	2.566092e-16
7390.20398998	2.85841e-16
7391.67438555	2.853722e-16
7393.14478111	2.61186e-16
7394.61517668	2.660952e-16
7396.08557224	2.866084e-16
7397.55596781	2.497016e-16
7399.02636337	2.995105e-16
7400.49675894	2.693409e-16
7401.9671545	2.956953e-16
7403.43755007	2.183432e-16
7404.90794563	2.093419e-16
7406.3783412	2.927886e-16
7407.84873676	2.875901e-16
7409.31913233	2.361815e-16
7410.78952789	2.565927e-16
7412.25992346	2.470718e-16
7413.73031902	2.769429e-16
7415.20071459	2.767366e-16
7416.67111015	2.783794e-16
7418.14150572	3.112722e-16
7419.61190128	2.306874e-16
7421.08229685	2.757472e-16
7422.55269241	2.81645e-16
