#	 2017ya 
#	 UT date of observation: 20170131 
#	 Telescope/Instrument: KPNO4m/KOSMOS 
#	 Estimated Peak MJD: 57782.684 
#	 Estimated redshift: 0.070 
#	 Estimated Phase: 1.2 
#	 Published in Dettman et al. 2020 
#	 Observed barycentric wavelength (Angstroms)    F_lambda
4180.0	0.6507162
4181.0	0.6952056
4182.0	0.6398754
4183.0	0.5866373
4184.0	0.6737604
4185.0	0.6474194
4186.0	0.6489778
4187.0	0.6870168
4188.0	0.5891563
4189.0	0.6174029
4190.0	0.6151637
4191.0	0.5574137
4192.0	0.6352817
4193.0	0.7008085
4194.0	0.6747656
4195.0	0.5823308
4196.0	0.6135922
4197.0	0.6348149
4198.0	0.6272095
4199.0	0.583259
4200.0	0.5588126
4201.0	0.5433534
4202.0	0.5252573
4203.0	0.4922744
4204.0	0.5121066
4205.0	0.5124155
4206.0	0.5551745
4207.0	0.5443133
4208.0	0.5655093
4209.0	0.5808036
4210.0	0.5861048
4211.0	0.5966726
4212.0	0.5201735
4213.0	0.5955643
4214.0	0.5397689
4215.0	0.598625
4216.0	0.6366401
4217.0	0.6403461
4218.0	0.6087378
4219.0	0.5606431
4220.0	0.6116892
4221.0	0.5614014
4222.0	0.6087628
4223.0	0.5848477
4224.0	0.5923266
4225.0	0.6228886
4226.0	0.565917
4227.0	0.638307
4228.0	0.6064824
4229.0	0.5624982
4230.0	0.6382325
4231.0	0.613505
4232.0	0.5707849
4233.0	0.5339819
4234.0	0.5481926
4235.0	0.5984604
4236.0	0.563888
4237.0	0.5604674
4238.0	0.5271153
4239.0	0.5347807
4240.0	0.4803166
4241.0	0.4519922
4242.0	0.4911302
4243.0	0.505159
4244.0	0.537306
4245.0	0.5693204
4246.0	0.5559539
4247.0	0.6045323
4248.0	0.5799282
4249.0	0.6456008
4250.0	0.6123418
4251.0	0.6438898
4252.0	0.6096133
4253.0	0.6356497
4254.0	0.6186624
4255.0	0.6112746
4256.0	0.6499688
4257.0	0.67302
4258.0	0.6597152
4259.0	0.6476468
4260.0	0.6352535
4261.0	0.6614978
4262.0	0.5846763
4263.0	0.6216602
4264.0	0.6294018
4265.0	0.6492928
4266.0	0.6744111
4267.0	0.6777097
4268.0	0.6527972
4269.0	0.666401
4270.0	0.6639755
4271.0	0.6431222
4272.0	0.6713216
4273.0	0.6301708
4274.0	0.6284347
4275.0	0.5953314
4276.0	0.5986283
4277.0	0.716494
4278.0	0.7303707
4279.0	0.7113437
4280.0	0.7419639
4281.0	0.7010306
4282.0	0.6950344
4283.0	0.6376216
4284.0	0.7409497
4285.0	0.6761662
4286.0	0.6919973
4287.0	0.6500697
4288.0	0.7193735
4289.0	0.7120609
4290.0	0.7239461
4291.0	0.6910219
4292.0	0.7293432
4293.0	0.7187611
4294.0	0.708103
4295.0	0.6927149
4296.0	0.6622268
4297.0	0.7476891
4298.0	0.7336098
4299.0	0.6739455
4300.0	0.747137
4301.0	0.7482025
4302.0	0.7178642
4303.0	0.6886396
4304.0	0.638833
4305.0	0.6578763
4306.0	0.7108639
4307.0	0.6385564
4308.0	0.6687216
4309.0	0.6145651
4310.0	0.6152717
4311.0	0.6856413
4312.0	0.6799613
4313.0	0.6536635
4314.0	0.699409
4315.0	0.6739576
4316.0	0.6773623
4317.0	0.7004083
4318.0	0.7044719
4319.0	0.7043963
4320.0	0.7267702
4321.0	0.7976822
4322.0	0.7537352
4323.0	0.7357485
4324.0	0.715196
4325.0	0.6521312
4326.0	0.625264
4327.0	0.6271496
4328.0	0.6246737
4329.0	0.7144598
4330.0	0.710269
4331.0	0.7028983
4332.0	0.6749998
4333.0	0.6580215
4334.0	0.6722584
4335.0	0.7033605
4336.0	0.6914183
4337.0	0.6875634
4338.0	0.724663
4339.0	0.656621
4340.0	0.6463177
4341.0	0.6967825
4342.0	0.6741361
4343.0	0.6004319
4344.0	0.6259171
4345.0	0.6721475
4346.0	0.629554
4347.0	0.6287448
4348.0	0.6681818
4349.0	0.6565189
4350.0	0.6650782
4351.0	0.650086
4352.0	0.6733587
4353.0	0.689872
4354.0	0.6639848
4355.0	0.6858235
4356.0	0.6968544
4357.0	0.6018776
4358.0	0.6459341
4359.0	0.646583
4360.0	0.592802
4361.0	0.5673792
4362.0	0.6280796
4363.0	0.606423
4364.0	0.6608658
4365.0	0.6492387
4366.0	0.6306123
4367.0	0.5976214
4368.0	0.6591747
4369.0	0.621502
4370.0	0.619318
4371.0	0.6017926
4372.0	0.6086071
4373.0	0.6400035
4374.0	0.6431003
4375.0	0.6690779
4376.0	0.6454045
4377.0	0.6393516
4378.0	0.6379859
4379.0	0.6235306
4380.0	0.6301543
4381.0	0.6084217
4382.0	0.5454099
4383.0	0.6187862
4384.0	0.6152671
4385.0	0.5497771
4386.0	0.5245563
4387.0	0.5485702
4388.0	0.610738
4389.0	0.6192583
4390.0	0.5981579
4391.0	0.5734902
4392.0	0.5977175
4393.0	0.6128159
4394.0	0.594587
4395.0	0.631333
4396.0	0.6071964
4397.0	0.5424681
4398.0	0.6220039
4399.0	0.5909811
4400.0	0.5930392
4401.0	0.5791468
4402.0	0.6112623
4403.0	0.636762
4404.0	0.6018426
4405.0	0.5900694
4406.0	0.5915309
4407.0	0.5776516
4408.0	0.5690098
4409.0	0.5604867
4410.0	0.5719388
4411.0	0.6471876
4412.0	0.6279495
4413.0	0.6170708
4414.0	0.5766511
4415.0	0.6233313
4416.0	0.5629038
4417.0	0.6011573
4418.0	0.5949177
4419.0	0.6053634
4420.0	0.6067544
4421.0	0.632217
4422.0	0.6256971
4423.0	0.6373622
4424.0	0.6371288
4425.0	0.6222471
4426.0	0.5884007
4427.0	0.6009971
4428.0	0.6347643
4429.0	0.6426085
4430.0	0.6163321
4431.0	0.5495987
4432.0	0.5931106
4433.0	0.6209857
4434.0	0.5852903
4435.0	0.5807953
4436.0	0.5383572
4437.0	0.5682646
4438.0	0.567984
4439.0	0.5441204
4440.0	0.542822
4441.0	0.5907124
4442.0	0.5662577
4443.0	0.5896927
4444.0	0.6029732
4445.0	0.5374603
4446.0	0.5465052
4447.0	0.5381044
4448.0	0.5657937
4449.0	0.5689993
4450.0	0.5382197
4451.0	0.5247013
4452.0	0.5204163
4453.0	0.5610855
4454.0	0.5675914
4455.0	0.587573
4456.0	0.5630275
4457.0	0.5368813
4458.0	0.530584
4459.0	0.5396457
4460.0	0.5402601
4461.0	0.4619231
4462.0	0.5072007
4463.0	0.5199989
4464.0	0.570504
4465.0	0.5689842
4466.0	0.6072184
4467.0	0.5285797
4468.0	0.5098885
4469.0	0.533201
4470.0	0.5282875
4471.0	0.5704108
4472.0	0.528297
4473.0	0.5301426
4474.0	0.4866039
4475.0	0.5395503
4476.0	0.4944083
4477.0	0.5246
4478.0	0.5464227
4479.0	0.5509943
4480.0	0.5516642
4481.0	0.4946192
4482.0	0.5142176
4483.0	0.499839
4484.0	0.5415936
4485.0	0.541765
4486.0	0.5924535
4487.0	0.5348998
4488.0	0.48965
4489.0	0.5381038
4490.0	0.4572712
4491.0	0.4324621
4492.0	0.4775808
4493.0	0.5061192
4494.0	0.4900938
4495.0	0.496319
4496.0	0.5039148
4497.0	0.5108061
4498.0	0.5229927
4499.0	0.5056058
4500.0	0.4693804
4501.0	0.4895642
4502.0	0.5022995
4503.0	0.4947423
4504.0	0.5222597
4505.0	0.5281432
4506.0	0.5134698
4507.0	0.5108886
4508.0	0.5345329
4509.0	0.5279891
4510.0	0.4701309
4511.0	0.4865662
4512.0	0.5129738
4513.0	0.549476
4514.0	0.549066
4515.0	0.5220751
4516.0	0.4973035
4517.0	0.5011256
4518.0	0.5335748
4519.0	0.4859979
4520.0	0.5002105
4521.0	0.4540766
4522.0	0.4416579
4523.0	0.4495001
4524.0	0.4242917
4525.0	0.4753173
4526.0	0.4664764
4527.0	0.5056584
4528.0	0.4330988
4529.0	0.4567659
4530.0	0.4367864
4531.0	0.5069429
4532.0	0.4769263
4533.0	0.4636601
4534.0	0.5286592
4535.0	0.4824391
4536.0	0.4641364
4537.0	0.4674138
4538.0	0.5011802
4539.0	0.4548677
4540.0	0.4505613
4541.0	0.4625445
4542.0	0.4493807
4543.0	0.4266004
4544.0	0.4379229
4545.0	0.4515846
4546.0	0.4479544
4547.0	0.3960809
4548.0	0.4013445
4549.0	0.4426036
4550.0	0.4470906
4551.0	0.4572859
4552.0	0.4216348
4553.0	0.4540233
4554.0	0.4795087
4555.0	0.4516161
4556.0	0.4367998
4557.0	0.4828471
4558.0	0.4526662
4559.0	0.4461509
4560.0	0.4759251
4561.0	0.4095482
4562.0	0.4239645
4563.0	0.4765371
4564.0	0.4957442
4565.0	0.4561202
4566.0	0.4367725
4567.0	0.4563192
4568.0	0.4424046
4569.0	0.4643268
4570.0	0.4092392
4571.0	0.4425632
4572.0	0.4489369
4573.0	0.3984013
4574.0	0.4212129
4575.0	0.4179764
4576.0	0.4564814
4577.0	0.4691048
4578.0	0.4730133
4579.0	0.444091
4580.0	0.4585319
4581.0	0.46478
4582.0	0.5098678
4583.0	0.5039969
4584.0	0.4756261
4585.0	0.4522033
4586.0	0.4353604
4587.0	0.4528093
4588.0	0.4489048
4589.0	0.4574686
4590.0	0.4402497
4591.0	0.4600107
4592.0	0.4896382
4593.0	0.4413077
4594.0	0.4611108
4595.0	0.4852935
4596.0	0.507038
4597.0	0.484652
4598.0	0.4626534
4599.0	0.4793732
4600.0	0.4619951
4601.0	0.4339058
4602.0	0.4631033
4603.0	0.4623539
4604.0	0.4686163
4605.0	0.4479119
4606.0	0.4335317
4607.0	0.4540964
4608.0	0.4130258
4609.0	0.427508
4610.0	0.4271687
4611.0	0.4222989
4612.0	0.4612706
4613.0	0.4457499
4614.0	0.4399654
4615.0	0.4729548
4616.0	0.5151376
4617.0	0.4927283
4618.0	0.5169163
4619.0	0.5043725
4620.0	0.529639
4621.0	0.5492576
4622.0	0.5363699
4623.0	0.4817085
4624.0	0.5027364
4625.0	0.5139579
4626.0	0.5258153
4627.0	0.4688168
4628.0	0.5127772
4629.0	0.4858494
4630.0	0.5271451
4631.0	0.5282062
4632.0	0.5437638
4633.0	0.574361
4634.0	0.5735983
4635.0	0.5126137
4636.0	0.5588392
4637.0	0.5587597
4638.0	0.5470503
4639.0	0.5584288
4640.0	0.5416128
4641.0	0.5392021
4642.0	0.485243
4643.0	0.5099816
4644.0	0.4996445
4645.0	0.5143568
4646.0	0.4919522
4647.0	0.5266216
4648.0	0.5448169
4649.0	0.5353978
4650.0	0.5694021
4651.0	0.5356959
4652.0	0.5373729
4653.0	0.5159301
4654.0	0.5605409
4655.0	0.5489715
4656.0	0.5432228
4657.0	0.5254111
4658.0	0.5177173
4659.0	0.5238251
4660.0	0.5180685
4661.0	0.5029081
4662.0	0.5189166
4663.0	0.5286149
4664.0	0.5078797
4665.0	0.5034196
4666.0	0.5190307
4667.0	0.5167701
4668.0	0.5145515
4669.0	0.5245927
4670.0	0.4899257
4671.0	0.4845032
4672.0	0.5449401
4673.0	0.5020108
4674.0	0.5071773
4675.0	0.48134
4676.0	0.4713767
4677.0	0.4384052
4678.0	0.5015735
4679.0	0.4974927
4680.0	0.4566523
4681.0	0.4993594
4682.0	0.4878523
4683.0	0.4773026
4684.0	0.4675962
4685.0	0.4588404
4686.0	0.4458449
4687.0	0.4551717
4688.0	0.4841057
4689.0	0.4539578
4690.0	0.4301929
4691.0	0.4362496
4692.0	0.4255444
4693.0	0.4643408
4694.0	0.4808564
4695.0	0.4709889
4696.0	0.4506542
4697.0	0.4616291
4698.0	0.4598334
4699.0	0.4682815
4700.0	0.4959286
4701.0	0.4629969
4702.0	0.4589015
4703.0	0.4655255
4704.0	0.5100616
4705.0	0.4931594
4706.0	0.4682196
4707.0	0.4775263
4708.0	0.4915604
4709.0	0.4783201
4710.0	0.4746689
4711.0	0.49766
4712.0	0.4918714
4713.0	0.4670846
4714.0	0.4891398
4715.0	0.5051237
4716.0	0.5083387
4717.0	0.4744426
4718.0	0.4875511
4719.0	0.4992235
4720.0	0.5350766
4721.0	0.5257878
4722.0	0.5086334
4723.0	0.5205063
4724.0	0.5243833
4725.0	0.5127712
4726.0	0.5060167
4727.0	0.5189083
4728.0	0.5384383
4729.0	0.5437737
4730.0	0.5280929
4731.0	0.5234575
4732.0	0.5347466
4733.0	0.5648864
4734.0	0.5542637
4735.0	0.5266203
4736.0	0.5331199
4737.0	0.5292255
4738.0	0.515587
4739.0	0.5332335
4740.0	0.5546429
4741.0	0.5551385
4742.0	0.5293986
4743.0	0.5629976
4744.0	0.5729709
4745.0	0.5235163
4746.0	0.5460147
4747.0	0.5278276
4748.0	0.5509505
4749.0	0.5634229
4750.0	0.5959834
4751.0	0.5381685
4752.0	0.5197867
4753.0	0.5040492
4754.0	0.5508156
4755.0	0.5468291
4756.0	0.5392991
4757.0	0.5418473
4758.0	0.547479
4759.0	0.5474119
4760.0	0.5703565
4761.0	0.5622039
4762.0	0.5522605
4763.0	0.576264
4764.0	0.5372733
4765.0	0.5667673
4766.0	0.5634421
4767.0	0.5141441
4768.0	0.5252453
4769.0	0.5663372
4770.0	0.5611879
4771.0	0.5673038
4772.0	0.5622472
4773.0	0.5087613
4774.0	0.5274193
4775.0	0.5451495
4776.0	0.5591039
4777.0	0.5293643
4778.0	0.5588988
4779.0	0.5642377
4780.0	0.5630159
4781.0	0.5845619
4782.0	0.5727525
4783.0	0.5406767
4784.0	0.5410475
4785.0	0.5591946
4786.0	0.5560348
4787.0	0.5959476
4788.0	0.581749
4789.0	0.5569071
4790.0	0.6212217
4791.0	0.5737648
4792.0	0.5825034
4793.0	0.586477
4794.0	0.5752175
4795.0	0.526865
4796.0	0.5566512
4797.0	0.5648735
4798.0	0.5735275
4799.0	0.5809374
4800.0	0.6032952
4801.0	0.6000681
4802.0	0.6022103
4803.0	0.5556566
4804.0	0.5721428
4805.0	0.5478514
4806.0	0.5652869
4807.0	0.5680445
4808.0	0.5626929
4809.0	0.5343248
4810.0	0.542502
4811.0	0.5691036
4812.0	0.5740161
4813.0	0.5582044
4814.0	0.5904206
4815.0	0.5730104
4816.0	0.5759795
4817.0	0.5293832
4818.0	0.5543422
4819.0	0.601601
4820.0	0.6148965
4821.0	0.5735943
4822.0	0.570075
4823.0	0.5554678
4824.0	0.5930161
4825.0	0.6505874
4826.0	0.6218099
4827.0	0.5920385
4828.0	0.5765691
4829.0	0.572423
4830.0	0.580295
4831.0	0.5450547
4832.0	0.5480957
4833.0	0.5439582
4834.0	0.5338005
4835.0	0.5619541
4836.0	0.5720903
4837.0	0.5609139
4838.0	0.573718
4839.0	0.5636444
4840.0	0.5770161
4841.0	0.5937712
4842.0	0.5551569
4843.0	0.5708757
4844.0	0.5557109
4845.0	0.5183099
4846.0	0.5335437
4847.0	0.5403879
4848.0	0.5814002
4849.0	0.5792297
4850.0	0.5563721
4851.0	0.5353494
4852.0	0.5384241
4853.0	0.5172451
4854.0	0.5782866
4855.0	0.6006148
4856.0	0.5888993
4857.0	0.5816361
4858.0	0.5767847
4859.0	0.5829536
4860.0	0.5829375
4861.0	0.5941104
4862.0	0.578999
4863.0	0.5862529
4864.0	0.6143224
4865.0	0.5933456
4866.0	0.567342
4867.0	0.5800291
4868.0	0.5690457
4869.0	0.5496253
4870.0	0.5734041
4871.0	0.567289
4872.0	0.5873965
4873.0	0.5794488
4874.0	0.6130083
4875.0	0.5887534
4876.0	0.556522
4877.0	0.5834721
4878.0	0.6167721
4879.0	0.6103883
4880.0	0.5555168
4881.0	0.5337577
4882.0	0.5577415
4883.0	0.5625597
4884.0	0.5745826
4885.0	0.5782709
4886.0	0.5746647
4887.0	0.601123
4888.0	0.5977956
4889.0	0.6020015
4890.0	0.6032755
4891.0	0.5764798
4892.0	0.5706307
4893.0	0.5841881
4894.0	0.5963473
4895.0	0.5814123
4896.0	0.5846376
4897.0	0.5782608
4898.0	0.5805943
4899.0	0.5746258
4900.0	0.5657795
4901.0	0.5801619
4902.0	0.5578935
4903.0	0.555294
4904.0	0.5124154
4905.0	0.5542998
4906.0	0.5733345
4907.0	0.5582594
4908.0	0.5583325
4909.0	0.534588
4910.0	0.5424879
4911.0	0.5869727
4912.0	0.564092
4913.0	0.561687
4914.0	0.5749062
4915.0	0.5502149
4916.0	0.5332071
4917.0	0.5576329
4918.0	0.5351723
4919.0	0.5000479
4920.0	0.5285397
4921.0	0.5528849
4922.0	0.520418
4923.0	0.5111009
4924.0	0.5193425
4925.0	0.5420861
4926.0	0.5239114
4927.0	0.5529695
4928.0	0.5501286
4929.0	0.521182
4930.0	0.5393962
4931.0	0.5485992
4932.0	0.5651497
4933.0	0.5468444
4934.0	0.5421591
4935.0	0.5315896
4936.0	0.5118919
4937.0	0.5144551
4938.0	0.541721
4939.0	0.5323367
4940.0	0.5163712
4941.0	0.5121778
4942.0	0.5291436
4943.0	0.5127499
4944.0	0.5399295
4945.0	0.5435154
4946.0	0.5233648
4947.0	0.5415178
4948.0	0.5188152
4949.0	0.5323765
4950.0	0.4898747
4951.0	0.5162103
4952.0	0.5199813
4953.0	0.5125344
4954.0	0.5254077
4955.0	0.5247155
4956.0	0.5246819
4957.0	0.4997037
4958.0	0.5128451
4959.0	0.5315226
4960.0	0.5119638
4961.0	0.4810968
4962.0	0.4741131
4963.0	0.4719867
4964.0	0.5152519
4965.0	0.5184091
4966.0	0.5060845
4967.0	0.4933006
4968.0	0.4936228
4969.0	0.484726
4970.0	0.4878363
4971.0	0.4919404
4972.0	0.4831711
4973.0	0.5127686
4974.0	0.5072975
4975.0	0.5241923
4976.0	0.517437
4977.0	0.5319434
4978.0	0.4922788
4979.0	0.5282261
4980.0	0.5077311
4981.0	0.503935
4982.0	0.5028307
4983.0	0.5267209
4984.0	0.5596367
4985.0	0.5364978
4986.0	0.5301879
4987.0	0.5019215
4988.0	0.5129306
4989.0	0.5268103
4990.0	0.5077025
4991.0	0.5044967
4992.0	0.5265782
4993.0	0.4790651
4994.0	0.4789509
4995.0	0.4679031
4996.0	0.5014853
4997.0	0.4733252
4998.0	0.4971109
4999.0	0.5061021
5000.0	0.5172796
5001.0	0.5010101
5002.0	0.4891435
5003.0	0.4883979
5004.0	0.514957
5005.0	0.5020066
5006.0	0.5081718
5007.0	0.4874964
5008.0	0.5108494
5009.0	0.5160988
5010.0	0.503162
5011.0	0.5058876
5012.0	0.515903
5013.0	0.5008712
5014.0	0.5016863
5015.0	0.4930783
5016.0	0.5132164
5017.0	0.5012354
5018.0	0.4809062
5019.0	0.4849982
5020.0	0.4818682
5021.0	0.4716768
5022.0	0.4970247
5023.0	0.4753413
5024.0	0.4686649
5025.0	0.5061259
5026.0	0.4811095
5027.0	0.4712314
5028.0	0.4612654
5029.0	0.4444581
5030.0	0.4317393
5031.0	0.4496502
5032.0	0.4402745
5033.0	0.4600491
5034.0	0.4584827
5035.0	0.4534382
5036.0	0.4532217
5037.0	0.470181
5038.0	0.4746092
5039.0	0.4660389
5040.0	0.4817953
5041.0	0.4939109
5042.0	0.4607544
5043.0	0.4688004
5044.0	0.4445701
5045.0	0.4629396
5046.0	0.499489
5047.0	0.4841918
5048.0	0.4763921
5049.0	0.4873597
5050.0	0.5172246
5051.0	0.4874688
5052.0	0.4710703
5053.0	0.501991
5054.0	0.5015785
5055.0	0.4960532
5056.0	0.4917133
5057.0	0.5019566
5058.0	0.4849264
5059.0	0.4776936
5060.0	0.4844646
5061.0	0.4626596
5062.0	0.4619858
5063.0	0.4741748
5064.0	0.5030617
5065.0	0.4721581
5066.0	0.5123168
5067.0	0.5003319
5068.0	0.4979888
5069.0	0.4782536
5070.0	0.5136172
5071.0	0.4873902
5072.0	0.4928887
5073.0	0.4945635
5074.0	0.4900221
5075.0	0.5027723
5076.0	0.4801042
5077.0	0.4851742
5078.0	0.4860741
5079.0	0.5062816
5080.0	0.5212489
5081.0	0.4993422
5082.0	0.4954807
5083.0	0.4743325
5084.0	0.4953964
5085.0	0.4958104
5086.0	0.4968631
5087.0	0.5049379
5088.0	0.4690139
5089.0	0.452917
5090.0	0.4967588
5091.0	0.5110216
5092.0	0.4903283
5093.0	0.5162041
5094.0	0.5047072
5095.0	0.4789357
5096.0	0.4619957
5097.0	0.492535
5098.0	0.4731364
5099.0	0.4446135
5100.0	0.467111
5101.0	0.5131101
5102.0	0.4807431
5103.0	0.4669501
5104.0	0.4942051
5105.0	0.4751685
5106.0	0.4577561
5107.0	0.4742439
5108.0	0.5022425
5109.0	0.4922189
5110.0	0.4890194
5111.0	0.490886
5112.0	0.4666632
5113.0	0.467306
5114.0	0.4773141
5115.0	0.4736285
5116.0	0.4562057
5117.0	0.4506574
5118.0	0.4695635
5119.0	0.4827546
5120.0	0.4665926
5121.0	0.4523461
5122.0	0.4385924
5123.0	0.4540139
5124.0	0.4347956
5125.0	0.4519618
5126.0	0.4566394
5127.0	0.4498751
5128.0	0.4274515
5129.0	0.4512004
5130.0	0.4732122
5131.0	0.4824516
5132.0	0.4495239
5133.0	0.4161836
5134.0	0.417798
5135.0	0.418909
5136.0	0.4148353
5137.0	0.4425073
5138.0	0.4533755
5139.0	0.4643469
5140.0	0.431441
5141.0	0.4300698
5142.0	0.4219333
5143.0	0.4163943
5144.0	0.4131491
5145.0	0.4032991
5146.0	0.4295676
5147.0	0.4138856
5148.0	0.4028073
5149.0	0.4073862
5150.0	0.402322
5151.0	0.4146512
5152.0	0.4393714
5153.0	0.4300101
5154.0	0.4228059
5155.0	0.4388075
5156.0	0.431021
5157.0	0.4131089
5158.0	0.4338059
5159.0	0.4499077
5160.0	0.4218701
5161.0	0.4075523
5162.0	0.4207392
5163.0	0.4206336
5164.0	0.4074277
5165.0	0.4312659
5166.0	0.4214385
5167.0	0.4320505
5168.0	0.4209463
5169.0	0.4179988
5170.0	0.4091471
5171.0	0.3995018
5172.0	0.4112331
5173.0	0.4301082
5174.0	0.4234556
5175.0	0.4507007
5176.0	0.4336914
5177.0	0.4014102
5178.0	0.407716
5179.0	0.4333441
5180.0	0.4429862
5181.0	0.4257113
5182.0	0.4403749
5183.0	0.4331596
5184.0	0.4516129
5185.0	0.4513183
5186.0	0.4199138
5187.0	0.4150428
5188.0	0.4428516
5189.0	0.4126252
5190.0	0.4105061
5191.0	0.4299814
5192.0	0.4278723
5193.0	0.4298081
5194.0	0.4269497
5195.0	0.4075085
5196.0	0.4116368
5197.0	0.4018254
5198.0	0.404849
5199.0	0.4101623
5200.0	0.3859978
5201.0	0.3900444
5202.0	0.3750924
5203.0	0.4004202
5204.0	0.413939
5205.0	0.4181558
5206.0	0.4143395
5207.0	0.4410922
5208.0	0.4189931
5209.0	0.4166488
5210.0	0.4123983
5211.0	0.4074022
5212.0	0.4107185
5213.0	0.3798351
5214.0	0.4076515
5215.0	0.4099646
5216.0	0.425131
5217.0	0.4257934
5218.0	0.4247045
5219.0	0.4008859
5220.0	0.4297513
5221.0	0.42944
5222.0	0.4301947
5223.0	0.4447709
5224.0	0.4358201
5225.0	0.4201146
5226.0	0.4584615
5227.0	0.4145505
5228.0	0.4171268
5229.0	0.4315589
5230.0	0.4234716
5231.0	0.424022
5232.0	0.4272126
5233.0	0.4337363
5234.0	0.4262252
5235.0	0.4446499
5236.0	0.4497552
5237.0	0.4383841
5238.0	0.4705308
5239.0	0.4743633
5240.0	0.4667588
5241.0	0.4715764
5242.0	0.4592655
5243.0	0.462485
5244.0	0.4352044
5245.0	0.4316717
5246.0	0.4248753
5247.0	0.434001
5248.0	0.4530624
5249.0	0.4548298
5250.0	0.4538763
5251.0	0.4499579
5252.0	0.452695
5253.0	0.4250451
5254.0	0.4358361
5255.0	0.4240946
5256.0	0.4516944
5257.0	0.4221025
5258.0	0.454913
5259.0	0.4551708
5260.0	0.4229639
5261.0	0.411484
5262.0	0.4117172
5263.0	0.3927718
5264.0	0.3857693
5265.0	0.3944598
5266.0	0.4166871
5267.0	0.428099
5268.0	0.4255814
5269.0	0.4275185
5270.0	0.4219876
5271.0	0.4187393
5272.0	0.431297
5273.0	0.4351093
5274.0	0.4437228
5275.0	0.4522394
5276.0	0.4339727
5277.0	0.4377822
5278.0	0.4257319
5279.0	0.4392723
5280.0	0.436928
5281.0	0.4259757
5282.0	0.4355153
5283.0	0.4005006
5284.0	0.4069966
5285.0	0.4052411
5286.0	0.4160187
5287.0	0.4432395
5288.0	0.4507989
5289.0	0.4515713
5290.0	0.4479152
5291.0	0.4313037
5292.0	0.4483576
5293.0	0.4416741
5294.0	0.4534604
5295.0	0.4427439
5296.0	0.4382907
5297.0	0.4364053
5298.0	0.4336041
5299.0	0.4501552
5300.0	0.4313779
5301.0	0.4327322
5302.0	0.4277804
5303.0	0.3963037
5304.0	0.409016
5305.0	0.4250506
5306.0	0.4485222
5307.0	0.4670091
5308.0	0.4503637
5309.0	0.4449318
5310.0	0.4220612
5311.0	0.425523
5312.0	0.4253733
5313.0	0.4299919
5314.0	0.4295999
5315.0	0.4207131
5316.0	0.4256449
5317.0	0.4206854
5318.0	0.4186208
5319.0	0.4302379
5320.0	0.447124
5321.0	0.4436143
5322.0	0.449518
5323.0	0.4573718
5324.0	0.4615893
5325.0	0.4402263
5326.0	0.4234406
5327.0	0.4468601
5328.0	0.4368009
5329.0	0.4109531
5330.0	0.4135759
5331.0	0.4164269
5332.0	0.428165
5333.0	0.428655
5334.0	0.4283627
5335.0	0.4211586
5336.0	0.4358291
5337.0	0.4397268
5338.0	0.4324071
5339.0	0.4249211
5340.0	0.4179873
5341.0	0.4582884
5342.0	0.4475307
5343.0	0.4333095
5344.0	0.422234
5345.0	0.4409251
5346.0	0.4307753
5347.0	0.4412001
5348.0	0.4250763
5349.0	0.4174984
5350.0	0.4143287
5351.0	0.4358184
5352.0	0.4324673
5353.0	0.4391168
5354.0	0.4270471
5355.0	0.4525042
5356.0	0.4649663
5357.0	0.461802
5358.0	0.4792467
5359.0	0.478094
5360.0	0.4728683
5361.0	0.4649809
5362.0	0.4369
5363.0	0.4398437
5364.0	0.4532631
5365.0	0.429949
5366.0	0.420614
5367.0	0.4272718
5368.0	0.424268
5369.0	0.4321247
5370.0	0.4464227
5371.0	0.459761
5372.0	0.4344614
5373.0	0.438204
5374.0	0.4565766
5375.0	0.4535668
5376.0	0.4686604
5377.0	0.4543072
5378.0	0.4469673
5379.0	0.4612676
5380.0	0.4639376
5381.0	0.4606871
5382.0	0.4653134
5383.0	0.4494218
5384.0	0.463179
5385.0	0.4756487
5386.0	0.4801652
5387.0	0.4657471
5388.0	0.4587863
5389.0	0.4610284
5390.0	0.4447422
5391.0	0.4478215
5392.0	0.4604408
5393.0	0.4402323
5394.0	0.4617249
5395.0	0.4796833
5396.0	0.4764939
5397.0	0.4880511
5398.0	0.4962176
5399.0	0.4774364
5400.0	0.4604589
5401.0	0.4636222
5402.0	0.484095
5403.0	0.4675943
5404.0	0.4691112
5405.0	0.4616016
5406.0	0.4657483
5407.0	0.4795168
5408.0	0.4781187
5409.0	0.4866352
5410.0	0.4857834
5411.0	0.4795803
5412.0	0.4990655
5413.0	0.4920686
5414.0	0.4872034
5415.0	0.471187
5416.0	0.4471403
5417.0	0.4750538
5418.0	0.4669873
5419.0	0.477241
5420.0	0.4916602
5421.0	0.4770744
5422.0	0.4791245
5423.0	0.4814557
5424.0	0.477343
5425.0	0.4469417
5426.0	0.4787098
5427.0	0.4815588
5428.0	0.4575044
5429.0	0.4537859
5430.0	0.4641769
5431.0	0.4721624
5432.0	0.4531999
5433.0	0.4756567
5434.0	0.4457141
5435.0	0.439831
5436.0	0.4498155
5437.0	0.4568963
5438.0	0.4496331
5439.0	0.4550016
5440.0	0.4519705
5441.0	0.456406
5442.0	0.4728375
5443.0	0.4937973
5444.0	0.4902515
5445.0	0.4867513
5446.0	0.449843
5447.0	0.4506533
5448.0	0.4438443
5449.0	0.4665282
5450.0	0.4792475
5451.0	0.467642
5452.0	0.4681935
5453.0	0.4711313
5454.0	0.4575688
5455.0	0.4585018
5456.0	0.4677964
5457.0	0.4833833
5458.0	0.4700851
5459.0	0.4616887
5460.0	0.4694257
5461.0	0.4530207
5462.0	0.4676942
5463.0	0.4622986
5464.0	0.4670697
5465.0	0.4753008
5466.0	0.4563517
5467.0	0.4534402
5468.0	0.4451547
5469.0	0.471381
5470.0	0.4616525
5471.0	0.4622865
5472.0	0.4929389
5473.0	0.4921567
5474.0	0.4553789
5475.0	0.4760096
5476.0	0.4575947
5477.0	0.4939269
5478.0	0.4682377
5479.0	0.4580228
5480.0	0.4650962
5481.0	0.4705028
5482.0	0.467795
5483.0	0.4609131
5484.0	0.4458007
5485.0	0.4402547
5486.0	0.4510185
5487.0	0.4549498
5488.0	0.4587111
5489.0	0.4526279
5490.0	0.4725993
5491.0	0.4788339
5492.0	0.4727908
5493.0	0.4644971
5494.0	0.4658214
5495.0	0.4635968
5496.0	0.4420922
5497.0	0.4745066
5498.0	0.4543483
5499.0	0.4546758
5500.0	0.4665936
5501.0	0.466864
5502.0	0.4659319
5503.0	0.4412648
5504.0	0.4546934
5505.0	0.483458
5506.0	0.4623954
5507.0	0.4652899
5508.0	0.4480775
5509.0	0.4661274
5510.0	0.4821324
5511.0	0.4547711
5512.0	0.4484065
5513.0	0.4667749
5514.0	0.4343106
5515.0	0.4502865
5516.0	0.4650473
5517.0	0.4716209
5518.0	0.474945
5519.0	0.4836099
5520.0	0.4688886
5521.0	0.4747003
5522.0	0.4688855
5523.0	0.4524213
5524.0	0.4536053
5525.0	0.444187
5526.0	0.4314592
5527.0	0.4208161
5528.0	0.3894381
5529.0	0.364834
5530.0	0.3659994
5531.0	0.3971266
5532.0	0.4030295
5533.0	0.4079422
5534.0	0.4202293
5535.0	0.4209463
5536.0	0.4255072
5537.0	0.4318677
5538.0	0.4254726
5539.0	0.4227816
5540.0	0.4281312
5541.0	0.4098327
5542.0	0.4113045
5543.0	0.3908228
5544.0	0.3774354
5545.0	0.3723374
5546.0	0.3864145
5547.0	0.3844742
5548.0	0.3987401
5549.0	0.400718
5550.0	0.4282474
5551.0	0.4146999
5552.0	0.4230608
5553.0	0.4143227
5554.0	0.4095491
5555.0	0.4092527
5556.0	0.4120381
5557.0	0.3885275
5558.0	0.3873807
5559.0	0.3836193
5560.0	0.390725
5561.0	0.4081109
5562.0	0.3997578
5563.0	0.393207
5564.0	0.433355
5565.0	0.4202258
5566.0	0.4168718
5567.0	0.3889383
5568.0	0.382809
5569.0	0.3815229
5570.0	0.3820252
5571.0	0.3714417
5572.0	0.3615539
5573.0	0.3665068
5574.0	0.3890642
5575.0	0.3509404
5576.0	0.3570392
5577.0	0.3551267
5578.0	0.409394
5579.0	0.4024963
5580.0	0.4116243
5581.0	0.3846064
5582.0	0.3763522
5583.0	0.3936035
5584.0	0.4044327
5585.0	0.4058213
5586.0	0.4100865
5587.0	0.3994223
5588.0	0.3957667
5589.0	0.4048181
5590.0	0.3708413
5591.0	0.371029
5592.0	0.3739667
5593.0	0.3729243
5594.0	0.3898258
5595.0	0.3933334
5596.0	0.390927
5597.0	0.406963
5598.0	0.4034939
5599.0	0.400345
5600.0	0.3805155
5601.0	0.3756499
5602.0	0.386121
5603.0	0.408749
5604.0	0.4131857
5605.0	0.3926927
5606.0	0.3929986
5607.0	0.3955615
5608.0	0.3887089
5609.0	0.3978401
5610.0	0.4142081
5611.0	0.4094044
5612.0	0.4070955
5613.0	0.3992127
5614.0	0.3949625
5615.0	0.3992968
5616.0	0.3900591
5617.0	0.4002753
5618.0	0.4113353
5619.0	0.4140813
5620.0	0.4109967
5621.0	0.3998838
5622.0	0.3595823
5623.0	0.3685085
5624.0	0.3884681
5625.0	0.3975456
5626.0	0.3976325
5627.0	0.4084694
5628.0	0.3775209
5629.0	0.3879779
5630.0	0.3917575
5631.0	0.3850125
5632.0	0.3599494
5633.0	0.3572789
5634.0	0.3723615
5635.0	0.3571352
5636.0	0.346752
5637.0	0.3539246
5638.0	0.3574942
5639.0	0.367218
5640.0	0.3725486
5641.0	0.3623278
5642.0	0.3709086
5643.0	0.364805
5644.0	0.3875209
5645.0	0.3941143
5646.0	0.3906676
5647.0	0.3949738
5648.0	0.3995248
5649.0	0.3995221
5650.0	0.412543
5651.0	0.3794347
5652.0	0.3928098
5653.0	0.3982886
5654.0	0.3792806
5655.0	0.3882886
5656.0	0.4039382
5657.0	0.4162958
5658.0	0.4122248
5659.0	0.4142236
5660.0	0.4194173
5661.0	0.4364301
5662.0	0.4363562
5663.0	0.3958517
5664.0	0.4076777
5665.0	0.4036104
5666.0	0.4090933
5667.0	0.3977068
5668.0	0.3876405
5669.0	0.3917929
5670.0	0.3805085
5671.0	0.383701
5672.0	0.3898855
5673.0	0.4025283
5674.0	0.4029823
5675.0	0.431224
5676.0	0.4277073
5677.0	0.4306342
5678.0	0.4134766
5679.0	0.4247012
5680.0	0.4465155
5681.0	0.4360389
5682.0	0.4167235
5683.0	0.4406995
5684.0	0.4152427
5685.0	0.4302506
5686.0	0.4343033
5687.0	0.413324
5688.0	0.4150538
5689.0	0.4126539
5690.0	0.4071718
5691.0	0.4609476
5692.0	0.4338918
5693.0	0.4037676
5694.0	0.4280117
5695.0	0.4268426
5696.0	0.4146729
5697.0	0.4065128
5698.0	0.4120192
5699.0	0.3827896
5700.0	0.3944465
5701.0	0.3780198
5702.0	0.376325
5703.0	0.3930602
5704.0	0.4092101
5705.0	0.4197997
5706.0	0.4142039
5707.0	0.413696
5708.0	0.3988698
5709.0	0.410072
5710.0	0.442173
5711.0	0.4224971
5712.0	0.4228126
5713.0	0.4086665
5714.0	0.3932424
5715.0	0.4133267
5716.0	0.4021084
5717.0	0.4212761
5718.0	0.4097237
5719.0	0.4210213
5720.0	0.4128947
5721.0	0.4234363
5722.0	0.4113742
5723.0	0.4155587
5724.0	0.4277697
5725.0	0.4240983
5726.0	0.4056872
5727.0	0.4228615
5728.0	0.423666
5729.0	0.4283269
5730.0	0.4463302
5731.0	0.439556
5732.0	0.4423851
5733.0	0.4308521
5734.0	0.4307616
5735.0	0.4170693
5736.0	0.3984139
5737.0	0.4057404
5738.0	0.3995129
5739.0	0.4180104
5740.0	0.4270583
5741.0	0.4081587
5742.0	0.4011387
5743.0	0.3983649
5744.0	0.391099
5745.0	0.3634733
5746.0	0.3511461
5747.0	0.3676735
5748.0	0.3825559
5749.0	0.3664264
5750.0	0.3980033
5751.0	0.4051673
5752.0	0.4340133
5753.0	0.4290293
5754.0	0.395086
5755.0	0.4076059
5756.0	0.4110708
5757.0	0.4021216
5758.0	0.4094321
5759.0	0.3894471
5760.0	0.3948262
5761.0	0.4013869
5762.0	0.3888142
5763.0	0.4017639
5764.0	0.4206502
5765.0	0.3833548
5766.0	0.365211
5767.0	0.3811292
5768.0	0.4033252
5769.0	0.3757063
5770.0	0.3910932
5771.0	0.3982507
5772.0	0.3828534
5773.0	0.3852991
5774.0	0.3706378
5775.0	0.3746541
5776.0	0.3779141
5777.0	0.3826661
5778.0	0.3781883
5779.0	0.3703165
5780.0	0.353101
5781.0	0.3521577
5782.0	0.3683914
5783.0	0.3915122
5784.0	0.3672058
5785.0	0.3627726
5786.0	0.3704958
5787.0	0.3652442
5788.0	0.3649897
5789.0	0.3921874
5790.0	0.3979729
5791.0	0.3902287
5792.0	0.3824298
5793.0	0.3793485
5794.0	0.3911548
5795.0	0.4114577
5796.0	0.3958345
5797.0	0.3777633
5798.0	0.4037844
5799.0	0.4124273
5800.0	0.4080168
5801.0	0.4149083
5802.0	0.387859
5803.0	0.3746929
5804.0	0.4056672
5805.0	0.3964127
5806.0	0.3967112
5807.0	0.4132009
5808.0	0.4237317
5809.0	0.4013591
5810.0	0.4018325
5811.0	0.3988543
5812.0	0.392726
5813.0	0.3910974
5814.0	0.3983593
5815.0	0.3998458
5816.0	0.3946474
5817.0	0.402085
5818.0	0.4293683
5819.0	0.434032
5820.0	0.440879
5821.0	0.4163613
5822.0	0.4385265
5823.0	0.4613232
5824.0	0.4494683
5825.0	0.4136392
5826.0	0.4074542
5827.0	0.4085028
5828.0	0.4028937
5829.0	0.3899035
5830.0	0.4131424
5831.0	0.415189
5832.0	0.4150091
5833.0	0.4144261
5834.0	0.4281498
5835.0	0.4209226
5836.0	0.4187589
5837.0	0.4198698
5838.0	0.4365839
5839.0	0.4470476
5840.0	0.4388329
5841.0	0.434562
5842.0	0.4382949
5843.0	0.4480799
5844.0	0.4370668
5845.0	0.4097532
5846.0	0.4183044
5847.0	0.4160284
5848.0	0.4197288
5849.0	0.4384915
5850.0	0.4363586
5851.0	0.4493615
5852.0	0.4349164
5853.0	0.4409922
5854.0	0.4277712
5855.0	0.4381835
5856.0	0.4586407
5857.0	0.4125778
5858.0	0.4186937
5859.0	0.4356756
5860.0	0.4419273
5861.0	0.4187166
5862.0	0.4266416
5863.0	0.4401351
5864.0	0.4466227
5865.0	0.420875
5866.0	0.4334434
5867.0	0.4220865
5868.0	0.435308
5869.0	0.4689343
5870.0	0.4624233
5871.0	0.4594864
5872.0	0.4586491
5873.0	0.4464878
5874.0	0.4538794
5875.0	0.4269855
5876.0	0.4537574
5877.0	0.4511617
5878.0	0.4525467
5879.0	0.4204868
5880.0	0.44039
5881.0	0.4433072
5882.0	0.4311496
5883.0	0.4248974
5884.0	0.446438
5885.0	0.4348514
5886.0	0.4153991
5887.0	0.4144176
5888.0	0.4399341
5889.0	0.3464236
5890.0	0.3835806
5891.0	0.36712
5892.0	0.4261552
5893.0	0.4342519
5894.0	0.414899
5895.0	0.3891071
5896.0	0.3908018
5897.0	0.3925913
5898.0	0.4078983
5899.0	0.4187195
5900.0	0.4231445
5901.0	0.4370057
5902.0	0.4445112
5903.0	0.4551831
5904.0	0.4520306
5905.0	0.4455237
5906.0	0.4579113
5907.0	0.4627508
5908.0	0.4687138
5909.0	0.4580343
5910.0	0.4388184
5911.0	0.4601671
5912.0	0.455151
5913.0	0.4317118
5914.0	0.4315597
5915.0	0.4287254
5916.0	0.4485263
5917.0	0.4412279
5918.0	0.4602334
5919.0	0.4494195
5920.0	0.4389864
5921.0	0.46583
5922.0	0.44898
5923.0	0.444001
5924.0	0.4554102
5925.0	0.4556142
5926.0	0.4582106
5927.0	0.4689772
5928.0	0.4717847
5929.0	0.4676466
5930.0	0.4439763
5931.0	0.4434004
5932.0	0.4698691
5933.0	0.449161
5934.0	0.4409869
5935.0	0.4541159
5936.0	0.4618097
5937.0	0.4662885
5938.0	0.4668324
5939.0	0.5018914
5940.0	0.4812433
5941.0	0.4534521
5942.0	0.4626384
5943.0	0.4650047
5944.0	0.4718834
5945.0	0.4678062
5946.0	0.4594315
5947.0	0.4618853
5948.0	0.4653064
5949.0	0.4794344
5950.0	0.4826928
5951.0	0.4735958
5952.0	0.4752888
5953.0	0.4767344
5954.0	0.4624935
5955.0	0.4623724
5956.0	0.442122
5957.0	0.4676187
5958.0	0.4854389
5959.0	0.4534826
5960.0	0.4451052
5961.0	0.488033
5962.0	0.4759486
5963.0	0.4706765
5964.0	0.4381059
5965.0	0.4374564
5966.0	0.4498
5967.0	0.4870699
5968.0	0.455995
5969.0	0.4672064
5970.0	0.4647186
5971.0	0.4638156
5972.0	0.4513786
5973.0	0.4624641
5974.0	0.4562006
5975.0	0.4675089
5976.0	0.4708273
5977.0	0.4456883
5978.0	0.4573511
5979.0	0.4260473
5980.0	0.4184023
5981.0	0.4390225
5982.0	0.4672861
5983.0	0.4545703
5984.0	0.4552082
5985.0	0.4548886
5986.0	0.4630863
5987.0	0.4556971
5988.0	0.4727101
5989.0	0.4706734
5990.0	0.4408631
5991.0	0.4531262
5992.0	0.4541985
5993.0	0.4508221
5994.0	0.4587866
5995.0	0.4426187
5996.0	0.4400716
5997.0	0.4810881
5998.0	0.483806
5999.0	0.4653134
6000.0	0.4959017
6001.0	0.5007468
6002.0	0.4815603
6003.0	0.4843149
6004.0	0.4819559
6005.0	0.4722076
6006.0	0.4615677
6007.0	0.4641344
6008.0	0.4645334
6009.0	0.4493017
6010.0	0.4380457
6011.0	0.452387
6012.0	0.4845551
6013.0	0.4776501
6014.0	0.473486
6015.0	0.4555571
6016.0	0.4703147
6017.0	0.4786813
6018.0	0.4435088
6019.0	0.4615194
6020.0	0.4720963
6021.0	0.4530104
6022.0	0.4681111
6023.0	0.4638415
6024.0	0.4667503
6025.0	0.4774188
6026.0	0.465179
6027.0	0.4526066
6028.0	0.4842678
6029.0	0.4766069
6030.0	0.4483032
6031.0	0.4356433
6032.0	0.4388528
6033.0	0.4480159
6034.0	0.461641
6035.0	0.4605408
6036.0	0.4648913
6037.0	0.4490919
6038.0	0.4728529
6039.0	0.460253
6040.0	0.4522932
6041.0	0.4671862
6042.0	0.4576798
6043.0	0.4656517
6044.0	0.4759558
6045.0	0.4589616
6046.0	0.4809265
6047.0	0.4569747
6048.0	0.45757
6049.0	0.4670683
6050.0	0.4808462
6051.0	0.4803424
6052.0	0.4677421
6053.0	0.4594708
6054.0	0.460447
6055.0	0.4549906
6056.0	0.43033
6057.0	0.4394429
6058.0	0.4495316
6059.0	0.4337677
6060.0	0.4482882
6061.0	0.4444681
6062.0	0.4485888
6063.0	0.456482
6064.0	0.4650863
6065.0	0.4678175
6066.0	0.4600032
6067.0	0.4396863
6068.0	0.441271
6069.0	0.4473419
6070.0	0.4635879
6071.0	0.4807777
6072.0	0.4741006
6073.0	0.4831382
6074.0	0.4925009
6075.0	0.4476063
6076.0	0.4450573
6077.0	0.4564826
6078.0	0.4545977
6079.0	0.4440165
6080.0	0.4575467
6081.0	0.4401964
6082.0	0.4405331
6083.0	0.4306407
6084.0	0.4701362
6085.0	0.476635
6086.0	0.4347917
6087.0	0.4453377
6088.0	0.4629143
6089.0	0.4698196
6090.0	0.4725779
6091.0	0.4448642
6092.0	0.4637803
6093.0	0.4752646
6094.0	0.4659343
6095.0	0.4710378
6096.0	0.4649568
6097.0	0.4765645
6098.0	0.467777
6099.0	0.4632646
6100.0	0.4711504
6101.0	0.4726987
6102.0	0.4511313
6103.0	0.4637108
6104.0	0.4717415
6105.0	0.4476714
6106.0	0.4300458
6107.0	0.461135
6108.0	0.4372644
6109.0	0.4422251
6110.0	0.4499797
6111.0	0.4229209
6112.0	0.442888
6113.0	0.4375098
6114.0	0.4410593
6115.0	0.4479121
6116.0	0.435168
6117.0	0.4457408
6118.0	0.4577496
6119.0	0.474237
6120.0	0.4707246
6121.0	0.465237
6122.0	0.4593424
6123.0	0.4536635
6124.0	0.477857
6125.0	0.4663477
6126.0	0.4659321
6127.0	0.4669323
6128.0	0.4632243
6129.0	0.462681
6130.0	0.4547825
6131.0	0.4369265
6132.0	0.445723
6133.0	0.4654405
6134.0	0.4562822
6135.0	0.4500544
6136.0	0.4733218
6137.0	0.4636353
6138.0	0.4606191
6139.0	0.4780269
6140.0	0.4737231
6141.0	0.4496967
6142.0	0.4709039
6143.0	0.464604
6144.0	0.4726748
6145.0	0.4455547
6146.0	0.4550145
6147.0	0.4682955
6148.0	0.4745322
6149.0	0.4688155
6150.0	0.4649239
6151.0	0.4733096
6152.0	0.4879005
6153.0	0.4776807
6154.0	0.4533178
6155.0	0.4370376
6156.0	0.4595574
6157.0	0.4467164
6158.0	0.467016
6159.0	0.4646909
6160.0	0.4397401
6161.0	0.4628416
6162.0	0.4691201
6163.0	0.4567768
6164.0	0.4554902
6165.0	0.4663919
6166.0	0.4408275
6167.0	0.4520521
6168.0	0.4564099
6169.0	0.4649897
6170.0	0.4868649
6171.0	0.4654835
6172.0	0.4536923
6173.0	0.4572506
6174.0	0.4563573
6175.0	0.4581261
6176.0	0.4583042
6177.0	0.4702524
6178.0	0.4560611
6179.0	0.447785
6180.0	0.4680081
6181.0	0.4471994
6182.0	0.4641669
6183.0	0.4529887
6184.0	0.4745707
6185.0	0.4717077
6186.0	0.4505075
6187.0	0.4526983
6188.0	0.4334598
6189.0	0.4188936
6190.0	0.4367848
6191.0	0.4508119
6192.0	0.4564785
6193.0	0.4701575
6194.0	0.4516398
6195.0	0.4578685
6196.0	0.4740851
6197.0	0.4724423
6198.0	0.4571221
6199.0	0.451732
6200.0	0.4504415
6201.0	0.4865325
6202.0	0.5028282
6203.0	0.4655398
6204.0	0.46296
6205.0	0.4673584
6206.0	0.474766
6207.0	0.4734721
6208.0	0.455259
6209.0	0.4925027
6210.0	0.4951288
6211.0	0.4771925
6212.0	0.4529979
6213.0	0.4487109
6214.0	0.4622824
6215.0	0.4604827
6216.0	0.4456039
6217.0	0.4529098
6218.0	0.4632531
6219.0	0.4556347
6220.0	0.4722151
6221.0	0.471225
6222.0	0.4556544
6223.0	0.4668013
6224.0	0.4678712
6225.0	0.4513465
6226.0	0.4514562
6227.0	0.47822
6228.0	0.473923
6229.0	0.4912383
6230.0	0.4916434
6231.0	0.4818473
6232.0	0.4742746
6233.0	0.4566673
6234.0	0.4648293
6235.0	0.4675529
6236.0	0.4668079
6237.0	0.4747402
6238.0	0.4747764
6239.0	0.4821947
6240.0	0.4787709
6241.0	0.486748
6242.0	0.4829956
6243.0	0.4697061
6244.0	0.4619258
6245.0	0.4809265
6246.0	0.4916588
6247.0	0.4656838
6248.0	0.4511644
6249.0	0.469232
6250.0	0.4653899
6251.0	0.446757
6252.0	0.479559
6253.0	0.5049403
6254.0	0.4927691
6255.0	0.4602652
6256.0	0.4445502
6257.0	0.4695378
6258.0	0.4816602
6259.0	0.4709544
6260.0	0.477327
6261.0	0.4772776
6262.0	0.4832735
6263.0	0.4440555
6264.0	0.4486462
6265.0	0.451055
6266.0	0.4491447
6267.0	0.477687
6268.0	0.4685844
6269.0	0.4565144
6270.0	0.4667045
6271.0	0.4561132
6272.0	0.4345875
6273.0	0.4576654
6274.0	0.4607227
6275.0	0.4682524
6276.0	0.4490661
6277.0	0.4388212
6278.0	0.4541343
6279.0	0.4434945
6280.0	0.4434046
6281.0	0.4440806
6282.0	0.4562167
6283.0	0.4610867
6284.0	0.4687041
6285.0	0.476208
6286.0	0.4552742
6287.0	0.4670326
6288.0	0.4795166
6289.0	0.4590755
6290.0	0.4428604
6291.0	0.4470403
6292.0	0.4389972
6293.0	0.4554695
6294.0	0.4513795
6295.0	0.4353057
6296.0	0.4652239
6297.0	0.4563961
6298.0	0.4558959
6299.0	0.4197767
6300.0	0.4453181
6301.0	0.4183885
6302.0	0.3940153
6303.0	0.4035321
6304.0	0.3885129
6305.0	0.3850926
6306.0	0.419827
6307.0	0.4296225
6308.0	0.4055872
6309.0	0.3843637
6310.0	0.3774913
6311.0	0.4059008
6312.0	0.427939
6313.0	0.4329188
6314.0	0.4518439
6315.0	0.4602255
6316.0	0.4580157
6317.0	0.436316
6318.0	0.4418547
6319.0	0.4202265
6320.0	0.4251417
6321.0	0.4692129
6322.0	0.4804157
6323.0	0.455243
6324.0	0.4605121
6325.0	0.4586075
6326.0	0.4568142
6327.0	0.4500704
6328.0	0.4410792
6329.0	0.4701995
6330.0	0.4625646
6331.0	0.4483925
6332.0	0.4547153
6333.0	0.458141
6334.0	0.4526919
6335.0	0.4594636
6336.0	0.4396625
6337.0	0.4513628
6338.0	0.4636986
6339.0	0.4827455
6340.0	0.4682815
6341.0	0.4590873
6342.0	0.4619752
6343.0	0.4530753
6344.0	0.4606514
6345.0	0.4507191
6346.0	0.4714941
6347.0	0.4770781
6348.0	0.4774476
6349.0	0.4589283
6350.0	0.4570934
6351.0	0.4403996
6352.0	0.4669152
6353.0	0.470461
6354.0	0.4783659
6355.0	0.4853186
6356.0	0.4591644
6357.0	0.4818712
6358.0	0.4707373
6359.0	0.4723786
6360.0	0.4474981
6361.0	0.4645456
6362.0	0.4690821
6363.0	0.4738756
6364.0	0.4633614
6365.0	0.4257222
6366.0	0.4684245
6367.0	0.4451878
6368.0	0.4391875
6369.0	0.4491442
6370.0	0.4746609
6371.0	0.4638821
6372.0	0.4534117
6373.0	0.4517558
6374.0	0.4437128
6375.0	0.4263096
6376.0	0.444597
6377.0	0.4342072
6378.0	0.4614559
6379.0	0.4636166
6380.0	0.4726744
6381.0	0.4717842
6382.0	0.4518579
6383.0	0.4629253
6384.0	0.4690229
6385.0	0.4456699
6386.0	0.4525634
6387.0	0.4751046
6388.0	0.4616297
6389.0	0.4519439
6390.0	0.475933
6391.0	0.4798077
6392.0	0.4737556
6393.0	0.4683553
6394.0	0.4634587
6395.0	0.461429
6396.0	0.4498289
6397.0	0.4526477
6398.0	0.478203
6399.0	0.4692498
6400.0	0.4455594
6401.0	0.4374854
6402.0	0.4328877
6403.0	0.4310855
6404.0	0.4438897
6405.0	0.451395
6406.0	0.4439644
6407.0	0.4528666
6408.0	0.4603672
6409.0	0.4571195
6410.0	0.4503787
6411.0	0.441883
6412.0	0.4357823
6413.0	0.4723541
6414.0	0.4459514
6415.0	0.4352346
6416.0	0.4290764
6417.0	0.4218227
6418.0	0.4105804
6419.0	0.4321713
6420.0	0.4295419
6421.0	0.4233573
6422.0	0.4310504
6423.0	0.4049173
6424.0	0.4081597
6425.0	0.4261997
6426.0	0.4032291
6427.0	0.4031323
6428.0	0.4083497
6429.0	0.4049332
6430.0	0.3852665
6431.0	0.3857828
6432.0	0.38296
6433.0	0.3932152
6434.0	0.4177299
6435.0	0.3851544
6436.0	0.399028
6437.0	0.3767708
6438.0	0.4014778
6439.0	0.3802398
6440.0	0.3818116
6441.0	0.3894627
6442.0	0.3881209
6443.0	0.3710211
6444.0	0.3744414
6445.0	0.3708754
6446.0	0.3812588
6447.0	0.3763294
6448.0	0.3628362
6449.0	0.370447
6450.0	0.3523249
6451.0	0.3627885
6452.0	0.3654317
6453.0	0.3724399
6454.0	0.3608495
6455.0	0.3734287
6456.0	0.3835633
6457.0	0.3517076
6458.0	0.3564343
6459.0	0.3629305
6460.0	0.3606069
6461.0	0.3674419
6462.0	0.3605051
6463.0	0.3624859
6464.0	0.3496
6465.0	0.335135
6466.0	0.3415323
6467.0	0.3505363
6468.0	0.3579101
6469.0	0.3541693
6470.0	0.3468041
6471.0	0.3460338
6472.0	0.3591843
6473.0	0.3610892
6474.0	0.3608633
6475.0	0.3364599
6476.0	0.347627
6477.0	0.3167508
6478.0	0.3367225
6479.0	0.352167
6480.0	0.360863
6481.0	0.3588759
6482.0	0.3485009
6483.0	0.3278127
6484.0	0.3296942
6485.0	0.3358719
6486.0	0.3404893
6487.0	0.358077
6488.0	0.3431571
6489.0	0.3401708
6490.0	0.3346342
6491.0	0.3431831
6492.0	0.3449775
6493.0	0.3407999
6494.0	0.3436724
6495.0	0.3603352
6496.0	0.3383731
6497.0	0.3503753
6498.0	0.3466741
6499.0	0.3482134
6500.0	0.3501426
6501.0	0.3395026
6502.0	0.3324094
6503.0	0.3488191
6504.0	0.3384221
6505.0	0.351713
6506.0	0.3553906
6507.0	0.3466197
6508.0	0.339176
6509.0	0.3128823
6510.0	0.3168979
6511.0	0.3346105
6512.0	0.3418117
6513.0	0.3384462
6514.0	0.3328351
6515.0	0.3278864
6516.0	0.3426848
6517.0	0.3353896
6518.0	0.3338111
6519.0	0.3262719
6520.0	0.3320035
6521.0	0.3496523
6522.0	0.3604859
6523.0	0.3651843
6524.0	0.3439445
6525.0	0.3491569
6526.0	0.3451076
6527.0	0.3530884
6528.0	0.3561664
6529.0	0.3277049
6530.0	0.3240972
6531.0	0.33
6532.0	0.3424741
6533.0	0.3231505
6534.0	0.3519691
6535.0	0.3706344
6536.0	0.3486751
6537.0	0.3425632
6538.0	0.3407444
6539.0	0.3572698
6540.0	0.3442051
6541.0	0.3479056
6542.0	0.3579946
6543.0	0.3658777
6544.0	0.3464839
6545.0	0.3700302
6546.0	0.3570732
6547.0	0.3647964
6548.0	0.3768716
6549.0	0.3684414
6550.0	0.3369068
6551.0	0.3377656
6552.0	0.3394246
6553.0	0.3537156
6554.0	0.3574762
6555.0	0.3514171
6556.0	0.3690057
6557.0	0.3542577
6558.0	0.3887039
6559.0	0.3910975
6560.0	0.3651996
6561.0	0.3778519
6562.0	0.3756809
6563.0	0.3715391
6564.0	0.3773468
6565.0	0.370618
6566.0	0.3602636
6567.0	0.3558109
6568.0	0.3694324
6569.0	0.3878182
6570.0	0.3800964
6571.0	0.3763252
6572.0	0.3730077
6573.0	0.3923641
6574.0	0.389945
6575.0	0.3826039
6576.0	0.3974364
6577.0	0.3927385
6578.0	0.3752895
6579.0	0.3776162
6580.0	0.4024422
6581.0	0.3838808
6582.0	0.3871326
6583.0	0.3778673
6584.0	0.3772947
6585.0	0.3964497
6586.0	0.3952482
6587.0	0.3692246
6588.0	0.3743937
6589.0	0.3988836
6590.0	0.3907927
6591.0	0.4101784
6592.0	0.3870398
6593.0	0.3745521
6594.0	0.3805882
6595.0	0.3645323
6596.0	0.3701868
6597.0	0.3774208
6598.0	0.3823709
6599.0	0.3849245
6600.0	0.402024
6601.0	0.3762403
6602.0	0.3868351
6603.0	0.4012734
6604.0	0.4048236
6605.0	0.4169353
6606.0	0.401689
6607.0	0.3926873
6608.0	0.3991052
6609.0	0.4184286
6610.0	0.3960351
6611.0	0.4111787
6612.0	0.4222618
6613.0	0.4006826
6614.0	0.4143445
6615.0	0.4061684
6616.0	0.4191771
6617.0	0.4069265
6618.0	0.4108416
6619.0	0.399464
6620.0	0.413061
6621.0	0.4011427
6622.0	0.4126875
6623.0	0.4076615
6624.0	0.3978685
6625.0	0.4162842
6626.0	0.4106307
6627.0	0.3977866
6628.0	0.4103094
6629.0	0.4212731
6630.0	0.4016455
6631.0	0.4115804
6632.0	0.4275714
6633.0	0.4151416
6634.0	0.414907
6635.0	0.413422
6636.0	0.412993
6637.0	0.4165924
6638.0	0.4058913
6639.0	0.3917699
6640.0	0.4061511
6641.0	0.430654
6642.0	0.4380953
6643.0	0.4204014
6644.0	0.435034
6645.0	0.4499855
6646.0	0.432076
6647.0	0.4249397
6648.0	0.430305
6649.0	0.4068563
6650.0	0.4226258
6651.0	0.408016
6652.0	0.4294111
6653.0	0.4144666
6654.0	0.4183262
6655.0	0.399131
6656.0	0.3734983
6657.0	0.3974177
6658.0	0.4243026
6659.0	0.3976839
6660.0	0.4230973
6661.0	0.4574814
6662.0	0.4355589
6663.0	0.4115552
6664.0	0.431325
6665.0	0.417681
6666.0	0.4042806
6667.0	0.4092297
6668.0	0.4070343
6669.0	0.3999396
6670.0	0.4118941
6671.0	0.4214974
6672.0	0.4215801
6673.0	0.4111955
6674.0	0.4140305
6675.0	0.4358167
6676.0	0.4070863
6677.0	0.4035085
6678.0	0.4087876
6679.0	0.4041446
6680.0	0.4150225
6681.0	0.4349206
6682.0	0.4217301
6683.0	0.4099953
6684.0	0.4018082
6685.0	0.4268322
6686.0	0.4222932
6687.0	0.4152978
6688.0	0.4436999
6689.0	0.431756
6690.0	0.4015327
6691.0	0.4205329
6692.0	0.4213659
6693.0	0.423823
6694.0	0.4130472
6695.0	0.4178772
6696.0	0.4229566
6697.0	0.4379807
6698.0	0.4378197
6699.0	0.414553
6700.0	0.4080186
6701.0	0.4157425
6702.0	0.4515297
6703.0	0.4394305
6704.0	0.4197526
6705.0	0.4220603
6706.0	0.4181926
6707.0	0.4283568
6708.0	0.4244719
6709.0	0.4373013
6710.0	0.4266718
6711.0	0.4148159
6712.0	0.4340347
6713.0	0.4406841
6714.0	0.4428453
6715.0	0.4464425
6716.0	0.4671643
6717.0	0.4562378
6718.0	0.4458778
6719.0	0.4163801
6720.0	0.4345706
6721.0	0.4528552
6722.0	0.4361012
6723.0	0.4437835
6724.0	0.4463459
6725.0	0.4209877
6726.0	0.4214871
6727.0	0.4476292
6728.0	0.4365201
6729.0	0.4400303
6730.0	0.4244602
6731.0	0.4478937
6732.0	0.4589358
6733.0	0.4434062
6734.0	0.4212935
6735.0	0.4403409
6736.0	0.4409081
6737.0	0.4354432
6738.0	0.4419767
6739.0	0.4434485
6740.0	0.45162
6741.0	0.4525332
6742.0	0.4452032
6743.0	0.4529769
6744.0	0.4470007
6745.0	0.4420109
6746.0	0.4413401
6747.0	0.4305937
6748.0	0.4213931
6749.0	0.4291894
6750.0	0.4286727
6751.0	0.4337415
6752.0	0.4503512
6753.0	0.4333267
6754.0	0.4340788
6755.0	0.4403144
6756.0	0.4362399
6757.0	0.4144061
6758.0	0.4159623
6759.0	0.4150232
6760.0	0.4206938
6761.0	0.4399485
6762.0	0.4307822
6763.0	0.4042686
6764.0	0.4332959
6765.0	0.4505082
6766.0	0.4340561
6767.0	0.4386677
6768.0	0.4200438
6769.0	0.4249953
6770.0	0.4363007
6771.0	0.4288147
6772.0	0.4326472
6773.0	0.4284587
6774.0	0.4223157
6775.0	0.4233533
6776.0	0.4336151
6777.0	0.401043
6778.0	0.4105834
6779.0	0.4371098
6780.0	0.4336544
6781.0	0.4168313
6782.0	0.4241775
6783.0	0.4393468
6784.0	0.4383844
6785.0	0.4235819
6786.0	0.4186926
6787.0	0.4270331
6788.0	0.4320599
6789.0	0.3899645
6790.0	0.4066962
6791.0	0.4449581
6792.0	0.4316329
6793.0	0.4378103
6794.0	0.4236481
6795.0	0.4465865
6796.0	0.4684639
6797.0	0.4430975
6798.0	0.4192561
6799.0	0.4145078
6800.0	0.4339577
6801.0	0.4209284
6802.0	0.4080454
6803.0	0.4235638
6804.0	0.4173541
6805.0	0.4093511
6806.0	0.4115797
6807.0	0.4162309
6808.0	0.399844
6809.0	0.3933463
6810.0	0.4003021
6811.0	0.4198099
6812.0	0.4373304
6813.0	0.4168145
6814.0	0.419627
6815.0	0.4229607
6816.0	0.4321068
6817.0	0.4383849
6818.0	0.4193889
6819.0	0.4243414
6820.0	0.4522685
6821.0	0.4582492
6822.0	0.4383193
6823.0	0.4499916
6824.0	0.441852
6825.0	0.4393798
6826.0	0.4374487
6827.0	0.4427106
6828.0	0.4266511
6829.0	0.4429619
6830.0	0.4376401
6831.0	0.4213892
6832.0	0.4599057
6833.0	0.442382
6834.0	0.4395397
6835.0	0.4323095
6836.0	0.4288722
6837.0	0.4479972
6838.0	0.4369698
6839.0	0.4320456
6840.0	0.4261902
6841.0	0.424721
6842.0	0.4268193
6843.0	0.4135303
6844.0	0.4345188
6845.0	0.418656
6846.0	0.4201567
6847.0	0.4472645
6848.0	0.4488742
6849.0	0.4419583
6850.0	0.4367622
6851.0	0.4425205
6852.0	0.4149805
6853.0	0.4418671
6854.0	0.4437478
6855.0	0.4618269
6856.0	0.423369
6857.0	0.420279
6858.0	0.4293319
6859.0	0.436072
6860.0	0.4196334
6861.0	0.4295884
6862.0	0.4284002
6863.0	0.4127325
6864.0	0.3942094
6865.0	0.3931974
6866.0	0.4224165
6867.0	0.4516677
6868.0	0.43401
6869.0	0.4104522
6870.0	0.4040669
6871.0	0.4010543
6872.0	0.4006071
6873.0	0.3854404
6874.0	0.4499379
6875.0	0.4434985
6876.0	0.3938531
6877.0	0.4136367
6878.0	0.4261356
6879.0	0.4223979
6880.0	0.4193172
6881.0	0.4473425
6882.0	0.4341053
6883.0	0.4275435
6884.0	0.4210891
6885.0	0.4143389
6886.0	0.4181349
6887.0	0.4188705
6888.0	0.4156039
6889.0	0.4046932
6890.0	0.4362689
6891.0	0.4490244
6892.0	0.425055
6893.0	0.4114335
6894.0	0.4408996
6895.0	0.4442903
6896.0	0.4305528
6897.0	0.4113853
6898.0	0.4374764
6899.0	0.4201044
6900.0	0.4224556
6901.0	0.4278643
6902.0	0.3995212
6903.0	0.397665
6904.0	0.4060303
6905.0	0.3807795
6906.0	0.4121219
6907.0	0.415076
6908.0	0.4137636
6909.0	0.411661
6910.0	0.4313751
6911.0	0.4225024
6912.0	0.4130117
6913.0	0.427178
6914.0	0.4339428
6915.0	0.4218988
6916.0	0.4114885
6917.0	0.4059862
6918.0	0.4354163
6919.0	0.4237416
6920.0	0.419702
6921.0	0.413537
6922.0	0.4211318
6923.0	0.416447
6924.0	0.4267595
6925.0	0.41956
6926.0	0.4208115
6927.0	0.4307699
6928.0	0.4351862
6929.0	0.393068
6930.0	0.4092956
6931.0	0.4210827
6932.0	0.4251786
6933.0	0.435086
6934.0	0.4263013
6935.0	0.4408429
6936.0	0.4205475
6937.0	0.4286015
6938.0	0.4145584
6939.0	0.3962566
6940.0	0.4278698
6941.0	0.4262999
6942.0	0.4102221
6943.0	0.3997727
6944.0	0.4353541
6945.0	0.4258337
6946.0	0.3996316
6947.0	0.413328
6948.0	0.4171126
6949.0	0.3982108
6950.0	0.3868242
6951.0	0.3982054
6952.0	0.3912002
6953.0	0.4068119
6954.0	0.386091
6955.0	0.3965925
6956.0	0.4039199
6957.0	0.4204354
6958.0	0.4196125
6959.0	0.4186495
6960.0	0.4062565
6961.0	0.4122048
6962.0	0.4128533
6963.0	0.4095688
6964.0	0.4127387
6965.0	0.4222649
6966.0	0.3997052
6967.0	0.4095672
6968.0	0.411135
6969.0	0.4212588
6970.0	0.4360705
6971.0	0.4146279
6972.0	0.4211214
6973.0	0.4326806
6974.0	0.3903676
6975.0	0.3845045
6976.0	0.3921473
6977.0	0.3966112
6978.0	0.3874671
6979.0	0.4265763
6980.0	0.4016088
6981.0	0.418384
6982.0	0.4072649
6983.0	0.4232385
6984.0	0.4192165
6985.0	0.4158178
6986.0	0.4228912
6987.0	0.4014543
6988.0	0.4185381
6989.0	0.4002829
6990.0	0.4110421
6991.0	0.3871598
6992.0	0.397394
6993.0	0.3993464
6994.0	0.391638
6995.0	0.4205083
6996.0	0.417474
6997.0	0.4118001
6998.0	0.4133974
6999.0	0.4391936
7000.0	0.4199404
7001.0	0.4139061
7002.0	0.4283175
7003.0	0.4125606
7004.0	0.4188916
7005.0	0.4230753
7006.0	0.4382524
7007.0	0.4273975
7008.0	0.423983
7009.0	0.4399101
7010.0	0.4229349
7011.0	0.4333262
7012.0	0.4260912
7013.0	0.4027242
7014.0	0.403984
7015.0	0.4025869
7016.0	0.3763284
7017.0	0.3826809
7018.0	0.3866705
7019.0	0.3815108
7020.0	0.4128259
7021.0	0.3855373
7022.0	0.3752773
7023.0	0.3939736
7024.0	0.3928555
7025.0	0.3916219
7026.0	0.3889046
7027.0	0.4021517
7028.0	0.3819855
7029.0	0.4070976
7030.0	0.389829
7031.0	0.3972595
7032.0	0.3931282
7033.0	0.409402
7034.0	0.3905647
7035.0	0.3943925
7036.0	0.3892078
7037.0	0.3868911
7038.0	0.4023351
7039.0	0.3987564
7040.0	0.4064345
7041.0	0.4062252
7042.0	0.3854934
7043.0	0.4065538
7044.0	0.4345416
7045.0	0.4087854
7046.0	0.4114856
7047.0	0.4501282
7048.0	0.431669
7049.0	0.4136197
7050.0	0.412541
7051.0	0.3949955
7052.0	0.3943893
7053.0	0.3971326
7054.0	0.4143025
7055.0	0.3872674
7056.0	0.3775496
7057.0	0.3947414
7058.0	0.3772417
7059.0	0.393669
7060.0	0.400608
