#	 2017fms 
#	 UT date of observation: 20170718 
#	 Telescope/Instrument: SOAR/Goodman 
#	 Estimated Peak MJD: 57960.312 
#	 Estimated redshift: 0.030 
#	 Estimated Phase: -8.0 
#	 Published in Dettman et al. 2020 
#	 Observed barycentric wavelength (Angstroms)    F_lambda
3600.0	2.176768e-15
3602.0	2.150495e-15
3604.0	2.07177e-15
3606.0	1.988668e-15
3608.0	2.078617e-15
3610.0	2.139438e-15
3612.0	2.129087e-15
3614.0	2.104201e-15
3616.0	2.084897e-15
3618.0	2.073403e-15
3620.0	2.03432e-15
3622.0	2.027117e-15
3624.0	2.083939e-15
3626.0	2.066525e-15
3628.0	2.021784e-15
3630.0	2.171492e-15
3632.0	2.193095e-15
3634.0	2.133434e-15
3636.0	2.168753e-15
3638.0	2.061404e-15
3640.0	2.079154e-15
3642.0	2.04529e-15
3644.0	2.047154e-15
3646.0	2.059083e-15
3648.0	2.077185e-15
3650.0	2.096857e-15
3652.0	2.103851e-15
3654.0	2.073986e-15
3656.0	2.119111e-15
3658.0	2.130701e-15
3660.0	2.111622e-15
3662.0	2.126037e-15
3664.0	2.175882e-15
3666.0	2.209513e-15
3668.0	2.140363e-15
3670.0	2.079349e-15
3672.0	2.098661e-15
3674.0	2.003698e-15
3676.0	2.017687e-15
3678.0	1.960441e-15
3680.0	2.005463e-15
3682.0	2.051744e-15
3684.0	1.996272e-15
3686.0	2.004584e-15
3688.0	1.983702e-15
3690.0	1.915293e-15
3692.0	1.89547e-15
3694.0	1.945472e-15
3696.0	1.899789e-15
3698.0	1.893484e-15
3700.0	1.908855e-15
3702.0	1.913054e-15
3704.0	1.945607e-15
3706.0	1.851225e-15
3708.0	1.811597e-15
3710.0	1.832612e-15
3712.0	1.907938e-15
3714.0	1.845353e-15
3716.0	1.823895e-15
3718.0	1.861864e-15
3720.0	1.841103e-15
3722.0	1.739084e-15
3724.0	1.784565e-15
3726.0	1.719424e-15
3728.0	1.723088e-15
3730.0	1.73773e-15
3732.0	1.785029e-15
3734.0	1.725847e-15
3736.0	1.685895e-15
3738.0	1.660751e-15
3740.0	1.696749e-15
3742.0	1.653353e-15
3744.0	1.665754e-15
3746.0	1.657254e-15
3748.0	1.623373e-15
3750.0	1.589287e-15
3752.0	1.538635e-15
3754.0	1.547336e-15
3756.0	1.460296e-15
3758.0	1.492561e-15
3760.0	1.406959e-15
3762.0	1.38783e-15
3764.0	1.310585e-15
3766.0	1.298204e-15
3768.0	1.278926e-15
3770.0	1.25253e-15
3772.0	1.216721e-15
3774.0	1.188535e-15
3776.0	1.190111e-15
3778.0	1.162047e-15
3780.0	1.102516e-15
3782.0	1.095795e-15
3784.0	1.045765e-15
3786.0	1.009058e-15
3788.0	1.009294e-15
3790.0	9.229274e-16
3792.0	9.094036e-16
3794.0	9.00422e-16
3796.0	8.681299e-16
3798.0	9.021801e-16
3800.0	8.824091e-16
3802.0	9.113072e-16
3804.0	9.128729e-16
3806.0	8.716182e-16
3808.0	9.016869e-16
3810.0	8.540524e-16
3812.0	8.664301e-16
3814.0	8.878715e-16
3816.0	8.803745e-16
3818.0	9.152881e-16
3820.0	9.103182e-16
3822.0	9.154897e-16
3824.0	9.383518e-16
3826.0	9.562668e-16
3828.0	9.938062e-16
3830.0	1.04879e-15
3832.0	1.061659e-15
3834.0	1.070235e-15
3836.0	1.047308e-15
3838.0	1.045282e-15
3840.0	1.048642e-15
3842.0	1.064255e-15
3844.0	1.121031e-15
3846.0	1.109693e-15
3848.0	1.099991e-15
3850.0	1.139155e-15
3852.0	1.127237e-15
3854.0	1.124644e-15
3856.0	1.119153e-15
3858.0	1.101786e-15
3860.0	1.093376e-15
3862.0	1.073247e-15
3864.0	1.056615e-15
3866.0	1.043342e-15
3868.0	1.043124e-15
3870.0	1.022452e-15
3872.0	1.056349e-15
3874.0	1.053372e-15
3876.0	1.03298e-15
3878.0	1.072085e-15
3880.0	1.059549e-15
3882.0	1.057481e-15
3884.0	1.069831e-15
3886.0	1.079013e-15
3888.0	1.109984e-15
3890.0	1.123316e-15
3892.0	1.103444e-15
3894.0	1.09951e-15
3896.0	1.105194e-15
3898.0	1.089812e-15
3900.0	1.095961e-15
3902.0	1.096673e-15
3904.0	1.131558e-15
3906.0	1.184655e-15
3908.0	1.179482e-15
3910.0	1.194172e-15
3912.0	1.218139e-15
3914.0	1.217524e-15
3916.0	1.244811e-15
3918.0	1.266358e-15
3920.0	1.279173e-15
3922.0	1.305216e-15
3924.0	1.345965e-15
3926.0	1.390201e-15
3928.0	1.405887e-15
3930.0	1.429118e-15
3932.0	1.435851e-15
3934.0	1.434006e-15
3936.0	1.464116e-15
3938.0	1.555666e-15
3940.0	1.598645e-15
3942.0	1.622062e-15
3944.0	1.672355e-15
3946.0	1.736795e-15
3948.0	1.801551e-15
3950.0	1.815782e-15
3952.0	1.79572e-15
3954.0	1.810296e-15
3956.0	1.861986e-15
3958.0	1.907722e-15
3960.0	1.879846e-15
3962.0	1.925964e-15
3964.0	1.974127e-15
3966.0	1.963646e-15
3968.0	1.98312e-15
3970.0	1.99892e-15
3972.0	2.013069e-15
3974.0	2.048688e-15
3976.0	2.089261e-15
3978.0	2.138828e-15
3980.0	2.153969e-15
3982.0	2.184913e-15
3984.0	2.223854e-15
3986.0	2.177706e-15
3988.0	2.172596e-15
3990.0	2.204786e-15
3992.0	2.195944e-15
3994.0	2.229194e-15
3996.0	2.287096e-15
3998.0	2.288734e-15
4000.0	2.321886e-15
4002.0	2.348851e-15
4004.0	2.36603e-15
4006.0	2.345368e-15
4008.0	2.32124e-15
4010.0	2.35512e-15
4012.0	2.414927e-15
4014.0	2.416835e-15
4016.0	2.382648e-15
4018.0	2.404822e-15
4020.0	2.421146e-15
4022.0	2.394027e-15
4024.0	2.425207e-15
4026.0	2.470786e-15
4028.0	2.465037e-15
4030.0	2.454629e-15
4032.0	2.487302e-15
4034.0	2.460781e-15
4036.0	2.458002e-15
4038.0	2.452035e-15
4040.0	2.443459e-15
4042.0	2.445e-15
4044.0	2.394688e-15
4046.0	2.354885e-15
4048.0	2.324377e-15
4050.0	2.290924e-15
4052.0	2.279525e-15
4054.0	2.266156e-15
4056.0	2.191008e-15
4058.0	2.160837e-15
4060.0	2.130105e-15
4062.0	2.069462e-15
4064.0	2.055743e-15
4066.0	2.062403e-15
4068.0	2.024983e-15
4070.0	1.959256e-15
4072.0	1.914088e-15
4074.0	1.923169e-15
4076.0	1.945839e-15
4078.0	1.937958e-15
4080.0	1.895573e-15
4082.0	1.864004e-15
4084.0	1.843196e-15
4086.0	1.831295e-15
4088.0	1.855757e-15
4090.0	1.839793e-15
4092.0	1.831095e-15
4094.0	1.823928e-15
4096.0	1.814413e-15
4098.0	1.819467e-15
4100.0	1.850891e-15
4102.0	1.874463e-15
4104.0	1.86443e-15
4106.0	1.858725e-15
4108.0	1.845963e-15
4110.0	1.849001e-15
4112.0	1.849249e-15
4114.0	1.858453e-15
4116.0	1.872689e-15
4118.0	1.886597e-15
4120.0	1.923383e-15
4122.0	1.907128e-15
4124.0	1.928667e-15
4126.0	1.975087e-15
4128.0	1.945683e-15
4130.0	1.961358e-15
4132.0	1.99305e-15
4134.0	1.993982e-15
4136.0	2.017419e-15
4138.0	2.033203e-15
4140.0	2.026501e-15
4142.0	2.038645e-15
4144.0	2.04237e-15
4146.0	2.060126e-15
4148.0	2.116664e-15
4150.0	2.117084e-15
4152.0	2.086489e-15
4154.0	2.138086e-15
4156.0	2.1916e-15
4158.0	2.189403e-15
4160.0	2.208928e-15
4162.0	2.244788e-15
4164.0	2.235574e-15
4166.0	2.257805e-15
4168.0	2.271957e-15
4170.0	2.274889e-15
4172.0	2.283682e-15
4174.0	2.229565e-15
4176.0	2.231665e-15
4178.0	2.291986e-15
4180.0	2.317683e-15
4182.0	2.304708e-15
4184.0	2.310013e-15
4186.0	2.341627e-15
4188.0	2.347675e-15
4190.0	2.335391e-15
4192.0	2.340292e-15
4194.0	2.353095e-15
4196.0	2.377403e-15
4198.0	2.391466e-15
4200.0	2.367811e-15
4202.0	2.33744e-15
4204.0	2.350642e-15
4206.0	2.344491e-15
4208.0	2.300848e-15
4210.0	2.295383e-15
4212.0	2.330353e-15
4214.0	2.32695e-15
4216.0	2.293956e-15
4218.0	2.260972e-15
4220.0	2.244555e-15
4222.0	2.259779e-15
4224.0	2.243773e-15
4226.0	2.241659e-15
4228.0	2.252781e-15
4230.0	2.230473e-15
4232.0	2.206734e-15
4234.0	2.205153e-15
4236.0	2.211664e-15
4238.0	2.185816e-15
4240.0	2.152432e-15
4242.0	2.15814e-15
4244.0	2.149837e-15
4246.0	2.149191e-15
4248.0	2.198838e-15
4250.0	2.189367e-15
4252.0	2.153268e-15
4254.0	2.135206e-15
4256.0	2.159818e-15
4258.0	2.184872e-15
4260.0	2.16183e-15
4262.0	2.154138e-15
4264.0	2.134943e-15
4266.0	2.154444e-15
4268.0	2.182565e-15
4270.0	2.205016e-15
4272.0	2.157938e-15
4274.0	2.113486e-15
4276.0	2.136382e-15
4278.0	2.120695e-15
4280.0	2.10617e-15
4282.0	2.149872e-15
4284.0	2.118994e-15
4286.0	2.045472e-15
4288.0	2.032828e-15
4290.0	2.045987e-15
4292.0	2.060209e-15
4294.0	2.042616e-15
4296.0	1.998559e-15
4298.0	1.970266e-15
4300.0	2.001846e-15
4302.0	2.000991e-15
4304.0	1.965108e-15
4306.0	1.950348e-15
4308.0	1.904062e-15
4310.0	1.900797e-15
4312.0	1.893425e-15
4314.0	1.905764e-15
4316.0	1.890111e-15
4318.0	1.863646e-15
4320.0	1.867758e-15
4322.0	1.880529e-15
4324.0	1.859613e-15
4326.0	1.824057e-15
4328.0	1.809302e-15
4330.0	1.78541e-15
4332.0	1.810852e-15
4334.0	1.819394e-15
4336.0	1.799066e-15
4338.0	1.805657e-15
4340.0	1.784689e-15
4342.0	1.794525e-15
4344.0	1.804214e-15
4346.0	1.795715e-15
4348.0	1.787057e-15
4350.0	1.758545e-15
4352.0	1.751351e-15
4354.0	1.750543e-15
4356.0	1.751966e-15
4358.0	1.763008e-15
4360.0	1.700471e-15
4362.0	1.679779e-15
4364.0	1.692847e-15
4366.0	1.683111e-15
4368.0	1.663833e-15
4370.0	1.673918e-15
4372.0	1.661819e-15
4374.0	1.643857e-15
4376.0	1.600987e-15
4378.0	1.587709e-15
4380.0	1.576706e-15
4382.0	1.583479e-15
4384.0	1.572226e-15
4386.0	1.564984e-15
4388.0	1.563334e-15
4390.0	1.550056e-15
4392.0	1.518693e-15
4394.0	1.49686e-15
4396.0	1.48209e-15
4398.0	1.446237e-15
4400.0	1.437452e-15
4402.0	1.420548e-15
4404.0	1.402038e-15
4406.0	1.379477e-15
4408.0	1.359165e-15
4410.0	1.359206e-15
4412.0	1.301455e-15
4414.0	1.268649e-15
4416.0	1.29123e-15
4418.0	1.258141e-15
4420.0	1.276235e-15
4422.0	1.265207e-15
4424.0	1.261621e-15
4426.0	1.283711e-15
4428.0	1.261731e-15
4430.0	1.259855e-15
4432.0	1.234713e-15
4434.0	1.240164e-15
4436.0	1.243732e-15
4438.0	1.300043e-15
4440.0	1.335144e-15
4442.0	1.332207e-15
4444.0	1.3545e-15
4446.0	1.333437e-15
4448.0	1.332373e-15
4450.0	1.348458e-15
4452.0	1.364275e-15
4454.0	1.385097e-15
4456.0	1.388454e-15
4458.0	1.383394e-15
4460.0	1.402895e-15
4462.0	1.397412e-15
4464.0	1.421751e-15
4466.0	1.413467e-15
4468.0	1.4153e-15
4470.0	1.429494e-15
4472.0	1.422786e-15
4474.0	1.424993e-15
4476.0	1.430476e-15
4478.0	1.420646e-15
4480.0	1.437596e-15
4482.0	1.460828e-15
4484.0	1.480982e-15
4486.0	1.462904e-15
4488.0	1.435882e-15
4490.0	1.480453e-15
4492.0	1.476454e-15
4494.0	1.466271e-15
4496.0	1.481839e-15
4498.0	1.465851e-15
4500.0	1.427495e-15
4502.0	1.45383e-15
4504.0	1.455128e-15
4506.0	1.454204e-15
4508.0	1.44419e-15
4510.0	1.435828e-15
4512.0	1.441275e-15
4514.0	1.458365e-15
4516.0	1.437694e-15
4518.0	1.433474e-15
4520.0	1.46409e-15
4522.0	1.433918e-15
4524.0	1.437745e-15
4526.0	1.425437e-15
4528.0	1.423998e-15
4530.0	1.44284e-15
4532.0	1.472866e-15
4534.0	1.450383e-15
4536.0	1.454564e-15
4538.0	1.458364e-15
4540.0	1.524829e-15
4542.0	1.52537e-15
4544.0	1.494039e-15
4546.0	1.489327e-15
4548.0	1.545229e-15
4550.0	1.579968e-15
4552.0	1.546413e-15
4554.0	1.556613e-15
4556.0	1.589802e-15
4558.0	1.621001e-15
4560.0	1.618074e-15
4562.0	1.634118e-15
4564.0	1.657602e-15
4566.0	1.644239e-15
4568.0	1.669759e-15
4570.0	1.645921e-15
4572.0	1.638912e-15
4574.0	1.665719e-15
4576.0	1.66958e-15
4578.0	1.665991e-15
4580.0	1.678656e-15
4582.0	1.716859e-15
4584.0	1.699644e-15
4586.0	1.702012e-15
4588.0	1.700344e-15
4590.0	1.687904e-15
4592.0	1.690298e-15
4594.0	1.686007e-15
4596.0	1.668737e-15
4598.0	1.674652e-15
4600.0	1.708986e-15
4602.0	1.705084e-15
4604.0	1.667547e-15
4606.0	1.673972e-15
4608.0	1.700284e-15
4610.0	1.735975e-15
4612.0	1.728945e-15
4614.0	1.68001e-15
4616.0	1.675409e-15
4618.0	1.66241e-15
4620.0	1.676857e-15
4622.0	1.700788e-15
4624.0	1.691362e-15
4626.0	1.693685e-15
4628.0	1.705089e-15
4630.0	1.66412e-15
4632.0	1.701545e-15
4634.0	1.737685e-15
4636.0	1.716239e-15
4638.0	1.703211e-15
4640.0	1.668749e-15
4642.0	1.667051e-15
4644.0	1.671224e-15
4646.0	1.680576e-15
4648.0	1.667126e-15
4650.0	1.661249e-15
4652.0	1.647249e-15
4654.0	1.658403e-15
4656.0	1.670694e-15
4658.0	1.655743e-15
4660.0	1.673634e-15
4662.0	1.67226e-15
4664.0	1.641666e-15
4666.0	1.665555e-15
4668.0	1.66736e-15
4670.0	1.694125e-15
4672.0	1.671443e-15
4674.0	1.610093e-15
4676.0	1.613706e-15
4678.0	1.658377e-15
4680.0	1.655193e-15
4682.0	1.626206e-15
4684.0	1.624004e-15
4686.0	1.643957e-15
4688.0	1.618337e-15
4690.0	1.611843e-15
4692.0	1.619305e-15
4694.0	1.628101e-15
4696.0	1.643697e-15
4698.0	1.669389e-15
4700.0	1.658341e-15
4702.0	1.638384e-15
4704.0	1.653149e-15
4706.0	1.661395e-15
4708.0	1.642509e-15
4710.0	1.622009e-15
4712.0	1.634862e-15
4714.0	1.654544e-15
4716.0	1.65559e-15
4718.0	1.627047e-15
4720.0	1.64021e-15
4722.0	1.659613e-15
4724.0	1.647191e-15
4726.0	1.64905e-15
4728.0	1.625893e-15
4730.0	1.642704e-15
4732.0	1.644418e-15
4734.0	1.628787e-15
4736.0	1.602805e-15
4738.0	1.577959e-15
4740.0	1.561003e-15
4742.0	1.564557e-15
4744.0	1.566759e-15
4746.0	1.526694e-15
4748.0	1.514419e-15
4750.0	1.488136e-15
4752.0	1.47996e-15
4754.0	1.473323e-15
4756.0	1.428818e-15
4758.0	1.429568e-15
4760.0	1.421632e-15
4762.0	1.401111e-15
4764.0	1.405475e-15
4766.0	1.411385e-15
4768.0	1.392803e-15
4770.0	1.37485e-15
4772.0	1.369875e-15
4774.0	1.38702e-15
4776.0	1.392507e-15
4778.0	1.391589e-15
4780.0	1.383021e-15
4782.0	1.379793e-15
4784.0	1.394377e-15
4786.0	1.372779e-15
4788.0	1.353381e-15
4790.0	1.377442e-15
4792.0	1.391244e-15
4794.0	1.377602e-15
4796.0	1.364567e-15
4798.0	1.385429e-15
4800.0	1.391972e-15
4802.0	1.381102e-15
4804.0	1.379167e-15
4806.0	1.418882e-15
4808.0	1.426607e-15
4810.0	1.405391e-15
4812.0	1.402546e-15
4814.0	1.406853e-15
4816.0	1.39854e-15
4818.0	1.384181e-15
4820.0	1.384526e-15
4822.0	1.395084e-15
4824.0	1.405923e-15
4826.0	1.410289e-15
4828.0	1.396959e-15
4830.0	1.379794e-15
4832.0	1.354875e-15
4834.0	1.353734e-15
4836.0	1.373049e-15
4838.0	1.360775e-15
4840.0	1.333142e-15
4842.0	1.30938e-15
4844.0	1.29089e-15
4846.0	1.256749e-15
4848.0	1.240382e-15
4850.0	1.24554e-15
4852.0	1.244194e-15
4854.0	1.212135e-15
4856.0	1.195745e-15
4858.0	1.218709e-15
4860.0	1.211316e-15
4862.0	1.221038e-15
4864.0	1.221126e-15
4866.0	1.193817e-15
4868.0	1.192264e-15
4870.0	1.189969e-15
4872.0	1.195234e-15
4874.0	1.192607e-15
4876.0	1.19978e-15
4878.0	1.211982e-15
4880.0	1.216829e-15
4882.0	1.217239e-15
4884.0	1.227014e-15
4886.0	1.227037e-15
4888.0	1.222449e-15
4890.0	1.233715e-15
4892.0	1.26475e-15
4894.0	1.274855e-15
4896.0	1.279637e-15
4898.0	1.293329e-15
4900.0	1.29703e-15
4902.0	1.296188e-15
4904.0	1.267815e-15
4906.0	1.269119e-15
4908.0	1.286605e-15
4910.0	1.310649e-15
4912.0	1.296088e-15
4914.0	1.269186e-15
4916.0	1.282847e-15
4918.0	1.283742e-15
4920.0	1.261297e-15
4922.0	1.25092e-15
4924.0	1.252155e-15
4926.0	1.259625e-15
4928.0	1.23541e-15
4930.0	1.208991e-15
4932.0	1.20461e-15
4934.0	1.181115e-15
4936.0	1.172074e-15
4938.0	1.159517e-15
4940.0	1.149964e-15
4942.0	1.158082e-15
4944.0	1.144416e-15
4946.0	1.115478e-15
4948.0	1.095444e-15
4950.0	1.085691e-15
4952.0	1.050813e-15
4954.0	1.033535e-15
4956.0	1.029354e-15
4958.0	1.025871e-15
4960.0	1.021291e-15
4962.0	9.813041e-16
4964.0	9.678599e-16
4966.0	9.650178e-16
4968.0	9.456185e-16
4970.0	9.298151e-16
4972.0	9.108181e-16
4974.0	8.977475e-16
4976.0	9.026338e-16
4978.0	8.970201e-16
4980.0	8.845901e-16
4982.0	8.979561e-16
4984.0	9.001018e-16
4986.0	8.9034e-16
4988.0	9.005063e-16
4990.0	8.944416e-16
4992.0	8.890125e-16
4994.0	8.907609e-16
4996.0	9.054198e-16
4998.0	9.183052e-16
5000.0	9.151994e-16
5002.0	9.301171e-16
5004.0	9.323318e-16
5006.0	9.42491e-16
5008.0	9.589043e-16
5010.0	9.740643e-16
5012.0	9.652819e-16
5014.0	9.589412e-16
5016.0	9.788969e-16
5018.0	9.909471e-16
5020.0	9.790626e-16
5022.0	9.859285e-16
5024.0	1.005123e-15
5026.0	9.890561e-16
5028.0	9.866951e-16
5030.0	1.01118e-15
5032.0	1.024766e-15
5034.0	1.029925e-15
5036.0	1.02525e-15
5038.0	1.034789e-15
5040.0	1.028137e-15
5042.0	1.021916e-15
5044.0	1.032884e-15
5046.0	1.063891e-15
5048.0	1.056933e-15
5050.0	1.048323e-15
5052.0	1.058186e-15
5054.0	1.059002e-15
5056.0	1.071831e-15
5058.0	1.061032e-15
5060.0	1.065354e-15
5062.0	1.075062e-15
5064.0	1.071754e-15
5066.0	1.084607e-15
5068.0	1.074421e-15
5070.0	1.055994e-15
5072.0	1.060252e-15
5074.0	1.068478e-15
5076.0	1.07996e-15
5078.0	1.098112e-15
5080.0	1.101323e-15
5082.0	1.086485e-15
5084.0	1.092487e-15
5086.0	1.103316e-15
5088.0	1.083224e-15
5090.0	1.063423e-15
5092.0	1.076705e-15
5094.0	1.099781e-15
5096.0	1.101851e-15
5098.0	1.115772e-15
5100.0	1.12782e-15
5102.0	1.127474e-15
5104.0	1.12692e-15
5106.0	1.116559e-15
5108.0	1.112613e-15
5110.0	1.133672e-15
5112.0	1.14142e-15
5114.0	1.135253e-15
5116.0	1.149292e-15
5118.0	1.164774e-15
5120.0	1.17864e-15
5122.0	1.157159e-15
5124.0	1.145943e-15
5126.0	1.17654e-15
5128.0	1.162594e-15
5130.0	1.149711e-15
5132.0	1.19358e-15
5134.0	1.189365e-15
5136.0	1.176011e-15
5138.0	1.194394e-15
5140.0	1.205293e-15
5142.0	1.194811e-15
5144.0	1.171691e-15
5146.0	1.165643e-15
5148.0	1.165621e-15
5150.0	1.16101e-15
5152.0	1.17084e-15
5154.0	1.180073e-15
5156.0	1.19136e-15
5158.0	1.194368e-15
5160.0	1.18445e-15
5162.0	1.212363e-15
5164.0	1.208276e-15
5166.0	1.209249e-15
5168.0	1.225179e-15
5170.0	1.224957e-15
5172.0	1.221974e-15
5174.0	1.220641e-15
5176.0	1.210601e-15
5178.0	1.225247e-15
5180.0	1.241468e-15
5182.0	1.226116e-15
5184.0	1.218598e-15
5186.0	1.236036e-15
5188.0	1.277683e-15
5190.0	1.253313e-15
5192.0	1.261321e-15
5194.0	1.30054e-15
5196.0	1.279445e-15
5198.0	1.270129e-15
5200.0	1.275613e-15
5202.0	1.286517e-15
5204.0	1.287345e-15
5206.0	1.297666e-15
5208.0	1.333453e-15
5210.0	1.348046e-15
5212.0	1.335384e-15
5214.0	1.329279e-15
5216.0	1.317044e-15
5218.0	1.308725e-15
5220.0	1.306177e-15
5222.0	1.345034e-15
5224.0	1.363094e-15
5226.0	1.340324e-15
5228.0	1.327564e-15
5230.0	1.342714e-15
5232.0	1.360358e-15
5234.0	1.343149e-15
5236.0	1.327019e-15
5238.0	1.347792e-15
5240.0	1.331751e-15
5242.0	1.312282e-15
5244.0	1.323656e-15
5246.0	1.335163e-15
5248.0	1.319256e-15
5250.0	1.292273e-15
5252.0	1.28061e-15
5254.0	1.29792e-15
5256.0	1.267057e-15
5258.0	1.256547e-15
5260.0	1.252335e-15
5262.0	1.268538e-15
5264.0	1.278336e-15
5266.0	1.23903e-15
5268.0	1.253454e-15
5270.0	1.258169e-15
5272.0	1.244897e-15
5274.0	1.240816e-15
5276.0	1.256136e-15
5278.0	1.234807e-15
5280.0	1.237843e-15
5282.0	1.251588e-15
5284.0	1.235785e-15
5286.0	1.223735e-15
5288.0	1.210437e-15
5290.0	1.254182e-15
5292.0	1.260592e-15
5294.0	1.251389e-15
5296.0	1.261671e-15
5298.0	1.262777e-15
5300.0	1.251434e-15
5302.0	1.26306e-15
5304.0	1.266498e-15
5306.0	1.283693e-15
5308.0	1.293311e-15
5310.0	1.264247e-15
5312.0	1.263391e-15
5314.0	1.284231e-15
5316.0	1.293631e-15
5318.0	1.304393e-15
5320.0	1.301254e-15
5322.0	1.266118e-15
5324.0	1.267454e-15
5326.0	1.291597e-15
5328.0	1.290292e-15
5330.0	1.282569e-15
5332.0	1.273437e-15
5334.0	1.283364e-15
5336.0	1.2987e-15
5338.0	1.284174e-15
5340.0	1.263977e-15
5342.0	1.233346e-15
5344.0	1.243826e-15
5346.0	1.240195e-15
5348.0	1.19187e-15
5350.0	1.192628e-15
5352.0	1.184308e-15
5354.0	1.151481e-15
5356.0	1.137667e-15
5358.0	1.140193e-15
5360.0	1.139816e-15
5362.0	1.110514e-15
5364.0	1.122818e-15
5366.0	1.11756e-15
5368.0	1.07425e-15
5370.0	1.061336e-15
5372.0	1.05708e-15
5374.0	1.067907e-15
5376.0	1.062318e-15
5378.0	1.02467e-15
5380.0	1.003102e-15
5382.0	1.005598e-15
5384.0	1.017249e-15
5386.0	1.006311e-15
5388.0	9.844344e-16
5390.0	9.733043e-16
5392.0	9.817725e-16
5394.0	9.934623e-16
5396.0	9.617302e-16
5398.0	9.489071e-16
5400.0	9.616786e-16
5402.0	9.672776e-16
5404.0	9.566411e-16
5406.0	9.544796e-16
5408.0	9.588655e-16
5410.0	9.500086e-16
5412.0	9.535566e-16
5414.0	9.642903e-16
5416.0	9.820082e-16
5418.0	9.775746e-16
5420.0	9.590275e-16
5422.0	9.45707e-16
5424.0	9.382024e-16
5426.0	9.551741e-16
5428.0	9.624681e-16
5430.0	9.513939e-16
5432.0	9.548516e-16
5434.0	9.640921e-16
5436.0	9.626772e-16
5438.0	9.468374e-16
5440.0	9.548708e-16
5442.0	9.567848e-16
5444.0	9.399876e-16
5446.0	9.350097e-16
5448.0	9.332345e-16
5450.0	9.481056e-16
5452.0	9.59183e-16
5454.0	9.533199e-16
5456.0	9.497338e-16
5458.0	9.608934e-16
5460.0	9.760248e-16
5462.0	9.773246e-16
5464.0	9.76915e-16
5466.0	9.766046e-16
5468.0	9.667357e-16
5470.0	9.701615e-16
5472.0	9.79651e-16
5474.0	9.833006e-16
5476.0	9.922158e-16
5478.0	9.953671e-16
5480.0	9.932752e-16
5482.0	9.63997e-16
5484.0	9.540936e-16
5486.0	9.661783e-16
5488.0	9.65256e-16
5490.0	9.755762e-16
5492.0	9.856144e-16
5494.0	9.713828e-16
5496.0	9.563593e-16
5498.0	9.539413e-16
5500.0	9.665338e-16
5502.0	9.75716e-16
5504.0	9.759165e-16
5506.0	9.826115e-16
5508.0	9.754684e-16
5510.0	9.629143e-16
5512.0	9.542566e-16
5514.0	9.460169e-16
5516.0	9.501646e-16
5518.0	9.633595e-16
5520.0	9.5752e-16
5522.0	9.429339e-16
5524.0	9.356852e-16
5526.0	9.342621e-16
5528.0	9.247122e-16
5530.0	9.204708e-16
5532.0	9.130435e-16
5534.0	9.064271e-16
5536.0	9.076401e-16
5538.0	9.104119e-16
5540.0	9.061843e-16
5542.0	8.895321e-16
5544.0	8.858971e-16
5546.0	8.861642e-16
5548.0	8.917383e-16
5550.0	8.914276e-16
5552.0	8.684694e-16
5554.0	8.550233e-16
5556.0	8.564567e-16
5558.0	8.558018e-16
5560.0	8.407006e-16
5562.0	8.070471e-16
5564.0	8.065208e-16
5566.0	8.257371e-16
5568.0	8.285994e-16
5570.0	8.186237e-16
5572.0	8.108657e-16
5574.0	8.158838e-16
5576.0	7.959137e-16
5578.0	7.814829e-16
5580.0	7.92849e-16
5582.0	7.944703e-16
5584.0	7.89007e-16
5586.0	7.746384e-16
5588.0	7.728205e-16
5590.0	7.900562e-16
5592.0	7.890378e-16
5594.0	7.93844e-16
5596.0	8.047399e-16
5598.0	8.129653e-16
5600.0	8.188821e-16
5602.0	8.288924e-16
5604.0	8.286669e-16
5606.0	8.265682e-16
5608.0	8.311705e-16
5610.0	8.303126e-16
5612.0	8.550711e-16
5614.0	8.694318e-16
5616.0	8.556941e-16
5618.0	8.607308e-16
5620.0	8.694626e-16
5622.0	8.777278e-16
5624.0	8.878275e-16
5626.0	8.844152e-16
5628.0	8.914543e-16
5630.0	9.230386e-16
5632.0	9.326667e-16
5634.0	9.210421e-16
5636.0	9.31343e-16
5638.0	9.474661e-16
5640.0	9.556038e-16
5642.0	9.610528e-16
5644.0	9.63112e-16
5646.0	9.752678e-16
5648.0	9.917773e-16
5650.0	1.000517e-15
5652.0	9.984392e-16
5654.0	9.922751e-16
5656.0	1.006604e-15
5658.0	1.006667e-15
5660.0	1.002285e-15
5662.0	1.011868e-15
5664.0	1.023004e-15
5666.0	1.035083e-15
5668.0	1.011337e-15
5670.0	1.000017e-15
5672.0	1.0017e-15
5674.0	1.001504e-15
5676.0	1.013929e-15
5678.0	1.012181e-15
5680.0	1.00373e-15
5682.0	1.010365e-15
5684.0	1.00456e-15
5686.0	1.01308e-15
5688.0	1.009863e-15
5690.0	1.002354e-15
5692.0	9.816677e-16
5694.0	9.943066e-16
5696.0	1.008684e-15
5698.0	9.963096e-16
5700.0	1.018187e-15
5702.0	1.043279e-15
5704.0	1.031856e-15
5706.0	1.012351e-15
5708.0	1.020759e-15
5710.0	1.029193e-15
5712.0	1.037495e-15
5714.0	1.042092e-15
5716.0	1.02169e-15
5718.0	1.032459e-15
5720.0	1.052765e-15
5722.0	1.052574e-15
5724.0	1.048488e-15
5726.0	1.04317e-15
5728.0	1.058452e-15
5730.0	1.067404e-15
5732.0	1.054177e-15
5734.0	1.054063e-15
5736.0	1.066704e-15
5738.0	1.037383e-15
5740.0	1.012599e-15
5742.0	1.041029e-15
5744.0	1.049702e-15
5746.0	1.044103e-15
5748.0	1.048947e-15
5750.0	1.060774e-15
5752.0	1.065593e-15
5754.0	1.054812e-15
5756.0	1.053728e-15
5758.0	1.063292e-15
5760.0	1.057205e-15
5762.0	1.063588e-15
5764.0	1.067418e-15
5766.0	1.050758e-15
5768.0	1.045242e-15
5770.0	1.04884e-15
5772.0	1.05593e-15
5774.0	1.068016e-15
5776.0	1.04995e-15
5778.0	1.049303e-15
5780.0	1.077122e-15
5782.0	1.056545e-15
5784.0	1.035048e-15
5786.0	1.03627e-15
5788.0	1.026047e-15
5790.0	1.049412e-15
5792.0	1.053407e-15
5794.0	1.048816e-15
5796.0	1.048866e-15
5798.0	1.042749e-15
5800.0	1.033633e-15
5802.0	1.038655e-15
5804.0	1.052511e-15
5806.0	1.049758e-15
5808.0	1.059143e-15
5810.0	1.055376e-15
5812.0	1.050546e-15
5814.0	1.034633e-15
5816.0	1.027934e-15
5818.0	1.058241e-15
5820.0	1.062677e-15
5822.0	1.028445e-15
5824.0	1.01894e-15
5826.0	1.02511e-15
5828.0	1.035562e-15
5830.0	1.020202e-15
5832.0	1.019114e-15
5834.0	1.019945e-15
5836.0	1.010777e-15
5838.0	1.004295e-15
5840.0	1.017799e-15
5842.0	1.022195e-15
5844.0	1.002474e-15
5846.0	9.845025e-16
5848.0	1.006023e-15
5850.0	9.908219e-16
5852.0	9.642312e-16
5854.0	9.827618e-16
5856.0	9.903978e-16
5858.0	9.732922e-16
5860.0	9.37808e-16
5862.0	9.325195e-16
5864.0	9.527772e-16
5866.0	9.426287e-16
5868.0	9.130759e-16
5870.0	9.002557e-16
5872.0	9.021337e-16
5874.0	8.778592e-16
5876.0	8.708072e-16
5878.0	8.692733e-16
5880.0	8.568225e-16
5882.0	8.561364e-16
5884.0	8.505287e-16
5886.0	8.362848e-16
5888.0	8.16806e-16
5890.0	8.036362e-16
5892.0	8.092432e-16
5894.0	8.075865e-16
5896.0	8.036204e-16
5898.0	8.140037e-16
5900.0	8.163183e-16
5902.0	8.049205e-16
5904.0	8.098343e-16
5906.0	8.111601e-16
5908.0	8.122025e-16
5910.0	8.230648e-16
5912.0	8.071742e-16
5914.0	7.963228e-16
5916.0	8.016143e-16
5918.0	8.075072e-16
5920.0	8.041443e-16
5922.0	8.214224e-16
5924.0	8.195009e-16
5926.0	8.115236e-16
5928.0	8.167189e-16
5930.0	8.255767e-16
5932.0	8.26134e-16
5934.0	8.293853e-16
5936.0	8.305282e-16
5938.0	8.308417e-16
5940.0	8.241925e-16
5942.0	8.387922e-16
5944.0	8.722265e-16
5946.0	8.467283e-16
5948.0	8.398798e-16
5950.0	8.517604e-16
5952.0	8.637348e-16
5954.0	8.710837e-16
5956.0	8.628091e-16
5958.0	8.733035e-16
5960.0	8.919517e-16
5962.0	8.906958e-16
5964.0	8.880648e-16
5966.0	8.792479e-16
5968.0	8.773143e-16
5970.0	8.916941e-16
5972.0	8.855443e-16
5974.0	8.831369e-16
5976.0	8.769991e-16
5978.0	8.882304e-16
5980.0	9.116886e-16
5982.0	9.161418e-16
5984.0	9.118985e-16
5986.0	9.060928e-16
5988.0	9.230512e-16
5990.0	9.284219e-16
5992.0	9.222703e-16
5994.0	9.152807e-16
5996.0	9.330338e-16
5998.0	9.264706e-16
6000.0	9.27689e-16
6002.0	9.135834e-16
6004.0	9.206538e-16
6006.0	9.597272e-16
6008.0	9.519737e-16
6010.0	9.363086e-16
6012.0	9.461802e-16
6014.0	9.553943e-16
6016.0	9.530442e-16
6018.0	9.524529e-16
6020.0	9.725252e-16
6022.0	9.653589e-16
6024.0	9.555672e-16
6026.0	9.782191e-16
6028.0	9.805926e-16
6030.0	9.786271e-16
6032.0	9.777886e-16
6034.0	9.742909e-16
6036.0	9.789727e-16
6038.0	9.965457e-16
6040.0	1.000256e-15
6042.0	9.805338e-16
6044.0	9.800741e-16
6046.0	9.819107e-16
6048.0	9.899628e-16
6050.0	9.86793e-16
6052.0	9.976124e-16
6054.0	9.988286e-16
6056.0	9.914439e-16
6058.0	9.884935e-16
6060.0	9.976422e-16
6062.0	1.005778e-15
6064.0	9.801127e-16
6066.0	1.002791e-15
6068.0	1.014365e-15
6070.0	9.982169e-16
6072.0	9.963191e-16
6074.0	1.005985e-15
6076.0	9.808787e-16
6078.0	1.004621e-15
6080.0	1.009506e-15
6082.0	1.003986e-15
6084.0	1.001858e-15
6086.0	1.012081e-15
6088.0	1.008988e-15
6090.0	1.005257e-15
6092.0	1.008882e-15
6094.0	1.010479e-15
6096.0	9.86244e-16
6098.0	9.895202e-16
6100.0	9.990561e-16
6102.0	1.004529e-15
6104.0	9.935191e-16
6106.0	9.962625e-16
6108.0	1.006567e-15
6110.0	9.857958e-16
6112.0	9.719911e-16
6114.0	9.77789e-16
6116.0	9.930647e-16
6118.0	9.839662e-16
6120.0	9.62358e-16
6122.0	9.640128e-16
6124.0	9.728774e-16
6126.0	9.6286e-16
6128.0	9.525058e-16
6130.0	9.489286e-16
6132.0	9.516333e-16
6134.0	9.432921e-16
6136.0	9.248324e-16
6138.0	9.266242e-16
6140.0	9.591427e-16
6142.0	9.655194e-16
6144.0	9.268125e-16
6146.0	9.130096e-16
6148.0	9.226842e-16
6150.0	9.279499e-16
6152.0	9.214661e-16
6154.0	9.059865e-16
6156.0	9.006487e-16
6158.0	8.851965e-16
6160.0	8.863767e-16
6162.0	8.928572e-16
6164.0	8.885555e-16
6166.0	8.730155e-16
6168.0	8.561544e-16
6170.0	8.444168e-16
6172.0	8.504795e-16
6174.0	8.331092e-16
6176.0	8.201156e-16
6178.0	8.032678e-16
6180.0	7.921855e-16
6182.0	7.977726e-16
6184.0	7.86222e-16
6186.0	7.734863e-16
6188.0	7.51078e-16
6190.0	7.500802e-16
6192.0	7.460724e-16
6194.0	7.234618e-16
6196.0	7.018396e-16
6198.0	6.933351e-16
6200.0	6.979333e-16
6202.0	6.8706e-16
6204.0	6.629785e-16
6206.0	6.406567e-16
6208.0	6.466084e-16
6210.0	6.414783e-16
6212.0	6.263133e-16
6214.0	6.115078e-16
6216.0	6.070366e-16
6218.0	5.993862e-16
6220.0	5.922688e-16
6222.0	5.841713e-16
6224.0	5.730832e-16
6226.0	5.645564e-16
6228.0	5.490616e-16
6230.0	5.297113e-16
6232.0	5.211934e-16
6234.0	5.149433e-16
6236.0	4.966129e-16
6238.0	4.834139e-16
6240.0	4.88766e-16
6242.0	4.745727e-16
6244.0	4.584023e-16
6246.0	4.631042e-16
6248.0	4.562175e-16
6250.0	4.421962e-16
6252.0	4.391059e-16
6254.0	4.308053e-16
6256.0	4.259384e-16
6258.0	4.192208e-16
6260.0	4.218946e-16
6262.0	4.064687e-16
6264.0	3.972959e-16
6266.0	4.104328e-16
6268.0	4.153207e-16
6270.0	4.062409e-16
6272.0	4.042507e-16
6274.0	4.093525e-16
6276.0	4.076983e-16
6278.0	4.105049e-16
6280.0	4.202937e-16
6282.0	4.237701e-16
6284.0	4.163655e-16
6286.0	4.013878e-16
6288.0	4.023724e-16
6290.0	4.100876e-16
6292.0	4.143919e-16
6294.0	4.218203e-16
6296.0	4.210535e-16
6298.0	4.115611e-16
6300.0	4.23908e-16
6302.0	4.515838e-16
6304.0	4.530664e-16
6306.0	4.498877e-16
6308.0	4.573413e-16
6310.0	4.60046e-16
6312.0	4.674629e-16
6314.0	4.749439e-16
6316.0	4.84483e-16
6318.0	4.88499e-16
6320.0	4.87855e-16
6322.0	5.095595e-16
6324.0	5.273343e-16
6326.0	5.265486e-16
6328.0	5.271862e-16
6330.0	5.303421e-16
6332.0	5.330178e-16
6334.0	5.404502e-16
6336.0	5.564511e-16
6338.0	5.604943e-16
6340.0	5.705136e-16
6342.0	5.930272e-16
6344.0	6.00363e-16
6346.0	5.946091e-16
6348.0	5.947076e-16
6350.0	6.133404e-16
6352.0	6.266317e-16
6354.0	6.239123e-16
6356.0	6.31291e-16
6358.0	6.494274e-16
6360.0	6.682517e-16
6362.0	6.679455e-16
6364.0	6.58592e-16
6366.0	6.577481e-16
6368.0	6.741291e-16
6370.0	6.902016e-16
6372.0	6.943058e-16
6374.0	6.987506e-16
6376.0	7.131827e-16
6378.0	7.048763e-16
6380.0	6.98525e-16
6382.0	7.270687e-16
6384.0	7.379765e-16
6386.0	7.352686e-16
6388.0	7.625455e-16
6390.0	7.727073e-16
6392.0	7.65368e-16
6394.0	7.610763e-16
6396.0	7.609729e-16
6398.0	7.726351e-16
6400.0	8.039179e-16
6402.0	8.085407e-16
6404.0	8.098419e-16
6406.0	8.264504e-16
6408.0	8.297234e-16
6410.0	8.279301e-16
6412.0	8.300029e-16
6414.0	8.330796e-16
6416.0	8.337716e-16
6418.0	8.444163e-16
6420.0	8.613899e-16
6422.0	8.568479e-16
6424.0	8.59115e-16
6426.0	8.645923e-16
6428.0	8.720257e-16
6430.0	8.716861e-16
6432.0	8.724296e-16
6434.0	8.880407e-16
6436.0	8.92465e-16
6438.0	9.04205e-16
6440.0	9.074486e-16
6442.0	9.133996e-16
6444.0	9.127315e-16
6446.0	9.096364e-16
6448.0	9.327426e-16
6450.0	9.344066e-16
6452.0	9.197015e-16
6454.0	9.181594e-16
6456.0	9.227197e-16
6458.0	9.12386e-16
6460.0	9.044661e-16
6462.0	8.990307e-16
6464.0	9.151098e-16
6466.0	9.300794e-16
6468.0	9.247018e-16
6470.0	9.07259e-16
6472.0	9.068992e-16
6474.0	8.978933e-16
6476.0	8.993698e-16
6478.0	8.923461e-16
6480.0	8.964334e-16
6482.0	8.884268e-16
6484.0	8.738712e-16
6486.0	8.997809e-16
6488.0	8.983855e-16
6490.0	8.78117e-16
6492.0	8.679867e-16
6494.0	8.835161e-16
6496.0	9.068913e-16
6498.0	8.996629e-16
6500.0	9.028955e-16
6502.0	9.028608e-16
6504.0	8.997979e-16
6506.0	9.061327e-16
6508.0	9.023015e-16
6510.0	8.971714e-16
6512.0	9.075555e-16
6514.0	9.03766e-16
6516.0	8.987256e-16
6518.0	9.08843e-16
6520.0	9.343927e-16
6522.0	9.141524e-16
6524.0	9.069438e-16
6526.0	9.250592e-16
6528.0	9.213262e-16
6530.0	9.179891e-16
6532.0	9.189398e-16
6534.0	9.207929e-16
6536.0	9.262205e-16
6538.0	9.335731e-16
6540.0	9.29636e-16
6542.0	9.199546e-16
6544.0	9.265383e-16
6546.0	9.442812e-16
6548.0	9.215799e-16
6550.0	9.164057e-16
6552.0	9.407142e-16
6554.0	9.392494e-16
6556.0	9.055789e-16
6558.0	9.090677e-16
6560.0	9.285791e-16
6562.0	9.327266e-16
6564.0	9.42942e-16
6566.0	9.557028e-16
6568.0	9.510205e-16
6570.0	9.254179e-16
6572.0	9.144064e-16
6574.0	9.219543e-16
6576.0	9.200855e-16
6578.0	9.113108e-16
6580.0	9.167349e-16
6582.0	9.102004e-16
6584.0	9.12486e-16
6586.0	9.098416e-16
6588.0	9.099002e-16
6590.0	9.186617e-16
6592.0	9.091466e-16
6594.0	9.009839e-16
6596.0	9.015094e-16
6598.0	9.145756e-16
6600.0	8.996714e-16
6602.0	8.742695e-16
6604.0	8.829102e-16
6606.0	8.962797e-16
6608.0	8.899078e-16
6610.0	8.982703e-16
6612.0	9.073323e-16
6614.0	8.994954e-16
6616.0	8.987538e-16
6618.0	8.865853e-16
6620.0	8.819645e-16
6622.0	8.857176e-16
6624.0	8.825318e-16
6626.0	8.820665e-16
6628.0	8.868812e-16
6630.0	8.867332e-16
6632.0	8.978898e-16
6634.0	8.994065e-16
6636.0	8.862119e-16
6638.0	8.794104e-16
6640.0	8.691614e-16
6642.0	8.760321e-16
6644.0	8.651599e-16
6646.0	8.617709e-16
6648.0	8.752034e-16
6650.0	8.672401e-16
6652.0	8.78642e-16
6654.0	8.747094e-16
6656.0	8.738168e-16
6658.0	8.551504e-16
6660.0	8.650728e-16
6662.0	8.641155e-16
6664.0	8.786753e-16
6666.0	8.442925e-16
6668.0	8.611955e-16
6670.0	8.577964e-16
6672.0	8.518787e-16
6674.0	8.666602e-16
6676.0	8.641475e-16
6678.0	8.461888e-16
6680.0	8.464757e-16
6682.0	8.573475e-16
6684.0	8.63775e-16
6686.0	8.486716e-16
6688.0	8.398471e-16
6690.0	8.41633e-16
6692.0	8.432273e-16
6694.0	8.392688e-16
6696.0	8.485624e-16
6698.0	8.501806e-16
6700.0	8.587436e-16
6702.0	8.643286e-16
6704.0	8.179998e-16
6706.0	8.299224e-16
6708.0	8.322744e-16
6710.0	8.167578e-16
6712.0	8.180419e-16
6714.0	8.557879e-16
6716.0	8.224003e-16
6718.0	8.327512e-16
6720.0	8.416514e-16
6722.0	8.249294e-16
6724.0	8.314606e-16
6726.0	8.171499e-16
6728.0	8.133188e-16
6730.0	8.068395e-16
6732.0	8.181243e-16
6734.0	8.256332e-16
6736.0	8.246296e-16
6738.0	8.247213e-16
6740.0	8.2076e-16
6742.0	8.259129e-16
6744.0	8.193025e-16
6746.0	8.092046e-16
6748.0	8.071037e-16
6750.0	8.110738e-16
6752.0	8.114782e-16
6754.0	8.034809e-16
6756.0	8.19873e-16
6758.0	8.250059e-16
6760.0	8.275583e-16
6762.0	8.296642e-16
6764.0	8.175905e-16
6766.0	7.991039e-16
6768.0	7.894217e-16
6770.0	8.016112e-16
6772.0	7.941259e-16
6774.0	8.071713e-16
6776.0	8.138604e-16
6778.0	8.067436e-16
6780.0	8.14682e-16
6782.0	8.005056e-16
6784.0	7.806029e-16
6786.0	7.719303e-16
6788.0	7.856383e-16
6790.0	7.901418e-16
6792.0	7.842634e-16
6794.0	7.709738e-16
6796.0	7.735714e-16
6798.0	7.899128e-16
6800.0	8.025896e-16
6802.0	7.870352e-16
6804.0	7.763116e-16
6806.0	7.655289e-16
6808.0	7.535426e-16
6810.0	7.641836e-16
6812.0	7.754372e-16
6814.0	7.787942e-16
6816.0	7.794753e-16
6818.0	7.774965e-16
6820.0	7.753284e-16
6822.0	7.73413e-16
6824.0	7.580331e-16
6826.0	7.582015e-16
6828.0	7.495876e-16
6830.0	7.605824e-16
6832.0	7.623796e-16
6834.0	7.479866e-16
6836.0	7.635269e-16
6838.0	7.789193e-16
6840.0	7.689449e-16
6842.0	7.582589e-16
6844.0	7.469092e-16
6846.0	7.510718e-16
6848.0	7.680144e-16
6850.0	7.712929e-16
6852.0	7.651951e-16
6854.0	7.562718e-16
6856.0	7.652124e-16
6858.0	7.647975e-16
6860.0	7.653269e-16
6862.0	7.324388e-16
6864.0	7.298076e-16
6866.0	7.305059e-16
6868.0	7.351935e-16
6870.0	7.510083e-16
6872.0	7.299552e-16
6874.0	7.440146e-16
6876.0	7.512375e-16
6878.0	7.341245e-16
6880.0	7.141247e-16
6882.0	7.17142e-16
6884.0	7.371509e-16
6886.0	7.36365e-16
6888.0	7.172215e-16
6890.0	6.988815e-16
6892.0	7.106449e-16
6894.0	7.246296e-16
6896.0	7.054403e-16
6898.0	7.019725e-16
6900.0	7.188834e-16
6902.0	7.251068e-16
6904.0	7.273802e-16
6906.0	7.094207e-16
6908.0	7.035565e-16
6910.0	7.244509e-16
6912.0	7.256273e-16
6914.0	7.188357e-16
6916.0	7.025941e-16
6918.0	7.014083e-16
6920.0	7.113279e-16
6922.0	7.037289e-16
6924.0	7.010201e-16
6926.0	6.9816e-16
6928.0	6.997866e-16
6930.0	6.979978e-16
6932.0	6.847051e-16
6934.0	6.835179e-16
6936.0	6.941308e-16
6938.0	6.897992e-16
6940.0	6.855595e-16
6942.0	6.90986e-16
6944.0	6.95201e-16
6946.0	6.946871e-16
6948.0	6.855784e-16
6950.0	6.980406e-16
6952.0	6.998709e-16
6954.0	6.822834e-16
6956.0	6.838789e-16
6958.0	6.774737e-16
6960.0	6.84468e-16
6962.0	6.879443e-16
6964.0	6.915442e-16
6966.0	6.908776e-16
6968.0	6.797029e-16
6970.0	6.831089e-16
6972.0	7.016501e-16
6974.0	7.062478e-16
6976.0	6.855099e-16
6978.0	6.68495e-16
6980.0	6.662258e-16
6982.0	6.835276e-16
6984.0	6.944355e-16
6986.0	6.746019e-16
6988.0	6.786125e-16
6990.0	6.872136e-16
6992.0	6.727924e-16
6994.0	6.639484e-16
6996.0	6.673036e-16
6998.0	6.735373e-16
7000.0	6.772925e-16
7002.0	6.718552e-16
7004.0	6.623962e-16
7006.0	6.64933e-16
7008.0	6.726066e-16
7010.0	6.657467e-16
7012.0	6.595484e-16
7014.0	6.64364e-16
7016.0	6.715506e-16
7018.0	6.64191e-16
7020.0	6.611537e-16
7022.0	6.708767e-16
7024.0	6.773028e-16
7026.0	6.759967e-16
7028.0	6.658158e-16
7030.0	6.574076e-16
7032.0	6.564468e-16
7034.0	6.564566e-16
7036.0	6.692909e-16
7038.0	6.767039e-16
7040.0	6.624217e-16
7042.0	6.517922e-16
7044.0	6.41503e-16
7046.0	6.328457e-16
7048.0	6.452477e-16
7050.0	6.536847e-16
7052.0	6.459118e-16
7054.0	6.404529e-16
7056.0	6.429473e-16
7058.0	6.472047e-16
7060.0	6.452217e-16
7062.0	6.487678e-16
7064.0	6.582438e-16
7066.0	6.5293e-16
7068.0	6.386962e-16
7070.0	6.40126e-16
7072.0	6.432764e-16
7074.0	6.310074e-16
7076.0	6.343789e-16
7078.0	6.356474e-16
7080.0	6.338878e-16
7082.0	6.455123e-16
7084.0	6.554786e-16
7086.0	6.360234e-16
7088.0	6.130188e-16
7090.0	6.267101e-16
7092.0	6.519166e-16
7094.0	6.475961e-16
7096.0	6.319119e-16
7098.0	6.110323e-16
7100.0	6.159447e-16
