#	 2017hyx 
#	 UT date of observation: 20171113 
#	 Telescope/Instrument: SOAR/Goodman 
#	 Estimated Peak MJD: nan 
#	 Estimated redshift: 0.038 
#	 Estimated Phase: nan 
#	 Published in Dettman et al. 2020 
#	 Observed barycentric wavelength (Angstroms)    F_lambda
3700.0	1.387766
3702.0	1.351866
3704.0	1.299505
3706.0	1.277204
3708.0	1.265123
3710.0	1.239249
3712.0	1.207017
3714.0	1.139029
3716.0	1.017707
3718.0	0.9737273
3720.0	0.9688352
3722.0	0.9136072
3724.0	0.8746525
3726.0	0.8503223
3728.0	0.8303175
3730.0	0.8344033
3732.0	0.8081785
3734.0	0.7667248
3736.0	0.7676266
3738.0	0.7607092
3740.0	0.6906605
3742.0	0.6477391
3744.0	0.610819
3746.0	0.6062367
3748.0	0.6040631
3750.0	0.56161
3752.0	0.5269178
3754.0	0.5299593
3756.0	0.5071358
3758.0	0.4951262
3760.0	0.4918257
3762.0	0.5022419
3764.0	0.5410642
3766.0	0.5119811
3768.0	0.4614121
3770.0	0.4332804
3772.0	0.4392464
3774.0	0.472746
3776.0	0.4817756
3778.0	0.4647826
3780.0	0.4958809
3782.0	0.483263
3784.0	0.4483662
3786.0	0.4071905
3788.0	0.4223668
3790.0	0.4525795
3792.0	0.4439861
3794.0	0.4973341
3796.0	0.52227
3798.0	0.5321167
3800.0	0.5279266
3802.0	0.5239577
3804.0	0.5380574
3806.0	0.5411581
3808.0	0.5237947
3810.0	0.5069168
3812.0	0.5163545
3814.0	0.5327405
3816.0	0.5169218
3818.0	0.5104069
3820.0	0.5068771
3822.0	0.518761
3824.0	0.5062
3826.0	0.5057894
3828.0	0.5318073
3830.0	0.5564409
3832.0	0.5538293
3834.0	0.5759178
3836.0	0.5939238
3838.0	0.6202375
3840.0	0.6450087
3842.0	0.6476387
3844.0	0.617682
3846.0	0.6136689
3848.0	0.6168869
3850.0	0.6333534
3852.0	0.6891637
3854.0	0.7364458
3856.0	0.7496684
3858.0	0.7525316
3860.0	0.7580395
3862.0	0.7798592
3864.0	0.7891387
3866.0	0.8594868
3868.0	0.9346328
3870.0	0.9813318
3872.0	0.9691926
3874.0	0.9586319
3876.0	0.9312975
3878.0	0.9245119
3880.0	0.9839564
3882.0	1.055134
3884.0	1.100957
3886.0	1.115928
3888.0	1.106443
3890.0	1.089706
3892.0	1.040863
3894.0	1.029361
3896.0	1.080435
3898.0	1.128896
3900.0	1.119157
3902.0	1.141127
3904.0	1.126446
3906.0	1.132494
3908.0	1.114363
3910.0	1.15118
3912.0	1.215237
3914.0	1.221925
3916.0	1.245033
3918.0	1.261652
3920.0	1.33252
3922.0	1.321255
3924.0	1.338845
3926.0	1.362094
3928.0	1.374583
3930.0	1.342151
3932.0	1.259545
3934.0	1.238308
3936.0	1.222611
3938.0	1.25289
3940.0	1.284601
3942.0	1.331743
3944.0	1.321502
3946.0	1.36767
3948.0	1.387419
3950.0	1.433803
3952.0	1.472359
3954.0	1.448569
3956.0	1.455297
3958.0	1.465379
3960.0	1.464554
3962.0	1.451754
3964.0	1.499008
3966.0	1.467966
3968.0	1.454136
3970.0	1.46628
3972.0	1.484044
3974.0	1.533531
3976.0	1.552988
3978.0	1.574911
3980.0	1.612057
3982.0	1.645977
3984.0	1.626621
3986.0	1.640298
3988.0	1.702549
3990.0	1.734168
3992.0	1.77795
3994.0	1.766275
3996.0	1.806532
3998.0	1.848175
4000.0	1.8446
4002.0	1.861946
4004.0	1.844537
4006.0	1.831946
4008.0	1.86793
4010.0	1.875068
4012.0	1.908092
4014.0	1.914442
4016.0	1.917032
4018.0	1.942174
4020.0	1.96884
4022.0	1.945863
4024.0	1.930816
4026.0	1.932907
4028.0	1.934245
4030.0	1.930727
4032.0	1.921654
4034.0	1.954598
4036.0	1.969933
4038.0	2.005679
4040.0	2.045233
4042.0	2.042914
4044.0	2.037382
4046.0	2.063055
4048.0	2.100962
4050.0	2.132995
4052.0	2.150928
4054.0	2.116797
4056.0	2.109616
4058.0	2.145983
4060.0	2.159414
4062.0	2.192274
4064.0	2.220918
4066.0	2.208125
4068.0	2.236323
4070.0	2.257648
4072.0	2.228517
4074.0	2.199052
4076.0	2.174779
4078.0	2.107032
4080.0	2.026576
4082.0	1.933684
4084.0	1.833278
4086.0	1.84068
4088.0	1.862623
4090.0	1.854443
4092.0	1.867756
4094.0	1.877557
4096.0	1.878119
4098.0	1.876868
4100.0	1.888327
4102.0	1.887862
4104.0	1.866024
4106.0	1.857983
4108.0	1.806874
4110.0	1.776546
4112.0	1.729597
4114.0	1.675338
4116.0	1.632975
4118.0	1.583573
4120.0	1.525145
4122.0	1.520505
4124.0	1.569477
4126.0	1.651366
4128.0	1.720312
4130.0	1.760395
4132.0	1.763093
4134.0	1.782129
4136.0	1.791939
4138.0	1.802945
4140.0	1.82941
4142.0	1.876509
4144.0	1.878883
4146.0	1.883425
4148.0	1.897072
4150.0	1.875037
4152.0	1.872936
4154.0	1.910567
4156.0	1.943085
4158.0	1.985943
4160.0	1.98047
4162.0	2.007513
4164.0	2.060272
4166.0	2.099848
4168.0	2.124346
4170.0	2.117492
4172.0	2.140826
4174.0	2.171441
4176.0	2.224372
4178.0	2.265994
4180.0	2.245029
4182.0	2.222777
4184.0	2.227528
4186.0	2.20515
4188.0	2.216503
4190.0	2.263
4192.0	2.281752
4194.0	2.329705
4196.0	2.321883
4198.0	2.26378
4200.0	2.244842
4202.0	2.254946
4204.0	2.310121
4206.0	2.363582
4208.0	2.359499
4210.0	2.372826
4212.0	2.408381
4214.0	2.383609
4216.0	2.326814
4218.0	2.305945
4220.0	2.347387
4222.0	2.356572
4224.0	2.35276
4226.0	2.348165
4228.0	2.333624
4230.0	2.320864
4232.0	2.33136
4234.0	2.336015
4236.0	2.353097
4238.0	2.350136
4240.0	2.358043
4242.0	2.388035
4244.0	2.404678
4246.0	2.427951
4248.0	2.388586
4250.0	2.341571
4252.0	2.305492
4254.0	2.236546
4256.0	2.165963
4258.0	2.163054
4260.0	2.18286
4262.0	2.188991
4264.0	2.21175
4266.0	2.222172
4268.0	2.238411
4270.0	2.235057
4272.0	2.231333
4274.0	2.216866
4276.0	2.192662
4278.0	2.203618
4280.0	2.224052
4282.0	2.192503
4284.0	2.173189
4286.0	2.195698
4288.0	2.155446
4290.0	2.102311
4292.0	2.109832
4294.0	2.135556
4296.0	2.165063
4298.0	2.180237
4300.0	2.162921
4302.0	2.130037
4304.0	2.137173
4306.0	2.137509
4308.0	2.108534
4310.0	2.09955
4312.0	2.12424
4314.0	2.127983
4316.0	2.12657
4318.0	2.105699
4320.0	2.097979
4322.0	2.10799
4324.0	2.101027
4326.0	2.089582
4328.0	2.060146
4330.0	2.039952
4332.0	2.004518
4334.0	1.987115
4336.0	1.983707
4338.0	1.937934
4340.0	1.899323
4342.0	1.919744
4344.0	1.938702
4346.0	1.93556
4348.0	1.932325
4350.0	1.907512
4352.0	1.881034
4354.0	1.872809
4356.0	1.857003
4358.0	1.85577
4360.0	1.83972
4362.0	1.805889
4364.0	1.824849
4366.0	1.837282
4368.0	1.834591
4370.0	1.851649
4372.0	1.832639
4374.0	1.797347
4376.0	1.807132
4378.0	1.806069
4380.0	1.793405
4382.0	1.777683
4384.0	1.737668
4386.0	1.67299
4388.0	1.665268
4390.0	1.69956
4392.0	1.70712
4394.0	1.731738
4396.0	1.730801
4398.0	1.70407
4400.0	1.716126
4402.0	1.728992
4404.0	1.745921
4406.0	1.786251
4408.0	1.778609
4410.0	1.732959
4412.0	1.695897
4414.0	1.662232
4416.0	1.646907
4418.0	1.644857
4420.0	1.634026
4422.0	1.618369
4424.0	1.615223
4426.0	1.633835
4428.0	1.633551
4430.0	1.613191
4432.0	1.560853
4434.0	1.467698
4436.0	1.423948
4438.0	1.442203
4440.0	1.453214
4442.0	1.454843
4444.0	1.496661
4446.0	1.504896
4448.0	1.467111
4450.0	1.45946
4452.0	1.440551
4454.0	1.415574
4456.0	1.448035
4458.0	1.471532
4460.0	1.444996
4462.0	1.422995
4464.0	1.400922
4466.0	1.387178
4468.0	1.369925
4470.0	1.37174
4472.0	1.400656
4474.0	1.445978
4476.0	1.517712
4478.0	1.573075
4480.0	1.629385
4482.0	1.711905
4484.0	1.746124
4486.0	1.714435
4488.0	1.68503
4490.0	1.680325
4492.0	1.692466
4494.0	1.727931
4496.0	1.751723
4498.0	1.781407
4500.0	1.770937
4502.0	1.763486
4504.0	1.725083
4506.0	1.678746
4508.0	1.708963
4510.0	1.739447
4512.0	1.779092
4514.0	1.770757
4516.0	1.773307
4518.0	1.821024
4520.0	1.832283
4522.0	1.811289
4524.0	1.871008
4526.0	1.893246
4528.0	1.916678
4530.0	1.907181
4532.0	1.884717
4534.0	1.869868
4536.0	1.91447
4538.0	1.865302
4540.0	1.807468
4542.0	1.817535
4544.0	1.837342
4546.0	1.797256
4548.0	1.710415
4550.0	1.676468
4552.0	1.663671
4554.0	1.661881
4556.0	1.706253
4558.0	1.776466
4560.0	1.7843
4562.0	1.768819
4564.0	1.813485
4566.0	1.825953
4568.0	1.815742
4570.0	1.759522
4572.0	1.74167
4574.0	1.742928
4576.0	1.7592
4578.0	1.793284
4580.0	1.805727
4582.0	1.820565
4584.0	1.831768
4586.0	1.850242
4588.0	1.896507
4590.0	1.911305
4592.0	1.894037
4594.0	1.922341
4596.0	1.917619
4598.0	1.92619
4600.0	1.948283
4602.0	2.004665
4604.0	1.972273
4606.0	1.971879
4608.0	1.95194
4610.0	1.989487
4612.0	2.027627
4614.0	2.05848
4616.0	2.076213
4618.0	2.1049
4620.0	2.10274
4622.0	2.055394
4624.0	2.043198
4626.0	2.029935
4628.0	2.004028
4630.0	1.989877
4632.0	2.051151
4634.0	2.06181
4636.0	2.049507
4638.0	2.088065
4640.0	2.107755
4642.0	2.078973
4644.0	2.1572
4646.0	2.18873
4648.0	2.175657
4650.0	2.164288
4652.0	2.180365
4654.0	2.210558
4656.0	2.224819
4658.0	2.206826
4660.0	2.217498
4662.0	2.214461
4664.0	2.1856
4666.0	2.190481
4668.0	2.21232
4670.0	2.214935
4672.0	2.222026
4674.0	2.260403
4676.0	2.302395
4678.0	2.294743
4680.0	2.255722
4682.0	2.24971
4684.0	2.251743
4686.0	2.225949
4688.0	2.208632
4690.0	2.200121
4692.0	2.243658
4694.0	2.210999
4696.0	2.157109
4698.0	2.122784
4700.0	2.08748
4702.0	2.055747
4704.0	2.042182
4706.0	2.068263
4708.0	2.07989
4710.0	2.099096
4712.0	2.132725
4714.0	2.164668
4716.0	2.1601
4718.0	2.148346
4720.0	2.140296
4722.0	2.121599
4724.0	2.12195
4726.0	2.128997
4728.0	2.101362
4730.0	2.113054
4732.0	2.169005
4734.0	2.171469
4736.0	2.152414
4738.0	2.142619
4740.0	2.121744
4742.0	2.122502
4744.0	2.141428
4746.0	2.154806
4748.0	2.124119
4750.0	2.111116
4752.0	2.103931
4754.0	2.06967
4756.0	2.061389
4758.0	2.052318
4760.0	2.028185
4762.0	2.032526
4764.0	2.05947
4766.0	2.04574
4768.0	2.034532
4770.0	2.037977
4772.0	2.003613
4774.0	1.984938
4776.0	1.978548
4778.0	1.977053
4780.0	2.01542
4782.0	1.996395
4784.0	1.993661
4786.0	1.998922
4788.0	1.958087
4790.0	1.994487
4792.0	1.995921
4794.0	1.955701
4796.0	1.955727
4798.0	1.939507
4800.0	1.929615
4802.0	1.923187
4804.0	1.908486
4806.0	1.890699
4808.0	1.879172
4810.0	1.868
4812.0	1.841881
4814.0	1.807917
4816.0	1.790537
4818.0	1.769627
4820.0	1.764662
4822.0	1.759765
4824.0	1.741293
4826.0	1.763929
4828.0	1.786567
4830.0	1.796264
4832.0	1.82029
4834.0	1.838683
4836.0	1.821627
4838.0	1.808213
4840.0	1.800142
4842.0	1.766394
4844.0	1.725954
4846.0	1.706335
4848.0	1.712354
4850.0	1.725654
4852.0	1.748819
4854.0	1.758017
4856.0	1.733063
4858.0	1.723045
4860.0	1.767726
4862.0	1.783921
4864.0	1.779311
4866.0	1.784179
4868.0	1.76524
4870.0	1.756238
4872.0	1.75968
4874.0	1.778429
4876.0	1.755593
4878.0	1.72234
4880.0	1.723325
4882.0	1.719101
4884.0	1.707415
4886.0	1.70156
4888.0	1.720921
4890.0	1.734272
4892.0	1.728102
4894.0	1.738464
4896.0	1.763813
4898.0	1.782019
4900.0	1.800608
4902.0	1.798368
4904.0	1.770596
4906.0	1.736552
4908.0	1.709041
4910.0	1.68269
4912.0	1.685596
4914.0	1.714959
4916.0	1.747377
4918.0	1.748559
4920.0	1.753034
4922.0	1.78848
4924.0	1.812189
4926.0	1.82021
4928.0	1.828941
4930.0	1.831642
4932.0	1.828127
4934.0	1.817881
4936.0	1.815272
4938.0	1.824827
4940.0	1.833074
4942.0	1.864522
4944.0	1.856555
4946.0	1.812167
4948.0	1.804048
4950.0	1.818755
4952.0	1.85426
4954.0	1.899191
4956.0	1.907434
4958.0	1.906111
4960.0	1.899706
4962.0	1.889834
4964.0	1.868545
4966.0	1.830419
4968.0	1.815211
4970.0	1.809783
4972.0	1.794793
4974.0	1.804394
4976.0	1.822957
4978.0	1.809639
4980.0	1.812013
4982.0	1.804309
4984.0	1.774474
4986.0	1.769521
4988.0	1.747772
4990.0	1.718187
4992.0	1.695468
4994.0	1.673222
4996.0	1.665747
4998.0	1.653011
5000.0	1.643171
5002.0	1.654932
5004.0	1.644004
5006.0	1.626268
5008.0	1.615967
5010.0	1.585874
5012.0	1.558711
5014.0	1.559381
5016.0	1.557621
5018.0	1.531426
5020.0	1.527621
5022.0	1.572023
5024.0	1.574122
5026.0	1.542084
5028.0	1.524913
5030.0	1.509026
5032.0	1.524357
5034.0	1.56903
5036.0	1.560796
5038.0	1.526213
5040.0	1.513763
5042.0	1.500553
5044.0	1.473682
5046.0	1.464339
5048.0	1.476329
5050.0	1.492367
5052.0	1.496242
5054.0	1.501712
5056.0	1.540936
5058.0	1.551713
5060.0	1.569527
5062.0	1.598039
5064.0	1.606169
5066.0	1.636898
5068.0	1.649257
5070.0	1.635453
5072.0	1.613299
5074.0	1.615149
5076.0	1.623805
5078.0	1.648055
5080.0	1.696109
5082.0	1.733485
5084.0	1.764652
5086.0	1.752959
5088.0	1.738234
5090.0	1.758701
5092.0	1.764523
5094.0	1.741709
5096.0	1.725564
5098.0	1.732108
5100.0	1.725469
5102.0	1.723781
5104.0	1.726986
5106.0	1.692005
5108.0	1.665251
5110.0	1.66877
5112.0	1.731289
5114.0	1.785069
5116.0	1.805025
5118.0	1.789025
5120.0	1.788654
5122.0	1.776998
5124.0	1.745022
5126.0	1.719261
5128.0	1.729179
5130.0	1.752971
5132.0	1.788091
5134.0	1.830763
5136.0	1.842341
5138.0	1.848819
5140.0	1.830026
5142.0	1.818316
5144.0	1.79451
5146.0	1.759072
5148.0	1.790717
5150.0	1.812921
5152.0	1.809145
5154.0	1.790702
5156.0	1.793654
5158.0	1.795798
5160.0	1.81094
5162.0	1.825741
5164.0	1.838483
5166.0	1.820859
5168.0	1.793327
5170.0	1.777021
5172.0	1.732269
5174.0	1.696927
5176.0	1.726964
5178.0	1.781224
5180.0	1.778025
5182.0	1.804548
5184.0	1.828689
5186.0	1.818462
5188.0	1.79918
5190.0	1.792022
5192.0	1.798961
5194.0	1.808251
5196.0	1.8184
5198.0	1.814263
5200.0	1.80681
5202.0	1.795875
5204.0	1.776612
5206.0	1.753462
5208.0	1.754296
5210.0	1.780504
5212.0	1.778586
5214.0	1.801456
5216.0	1.847605
5218.0	1.853993
5220.0	1.873322
5222.0	1.878412
5224.0	1.9249
5226.0	1.90733
5228.0	1.861113
5230.0	1.844465
5232.0	1.825608
5234.0	1.845604
5236.0	1.877783
5238.0	1.892234
5240.0	1.901329
5242.0	1.903892
5244.0	1.890132
5246.0	1.911535
5248.0	1.955147
5250.0	1.968811
5252.0	1.976245
5254.0	1.982903
5256.0	1.944547
5258.0	1.950196
5260.0	1.9499
5262.0	1.9206
5264.0	1.936847
5266.0	1.949837
5268.0	1.946671
5270.0	1.92876
5272.0	1.93047
5274.0	1.918435
5276.0	1.917072
5278.0	1.926803
5280.0	1.967991
5282.0	1.973254
5284.0	2.01895
5286.0	2.003988
5288.0	1.982456
5290.0	1.967273
5292.0	1.956404
5294.0	1.930497
5296.0	1.897891
5298.0	1.904841
5300.0	1.904302
5302.0	1.916671
5304.0	1.919884
5306.0	1.935532
5308.0	1.923211
5310.0	1.951573
5312.0	1.973634
5314.0	1.936879
5316.0	1.91372
5318.0	1.889479
5320.0	1.844724
5322.0	1.826364
5324.0	1.840617
5326.0	1.860008
5328.0	1.86508
5330.0	1.862058
5332.0	1.881261
5334.0	1.873283
5336.0	1.880256
5338.0	1.881573
5340.0	1.889301
5342.0	1.889141
5344.0	1.869288
5346.0	1.862096
5348.0	1.854445
5350.0	1.881373
5352.0	1.925887
5354.0	1.916114
5356.0	1.932761
5358.0	1.902617
5360.0	1.841538
5362.0	1.806981
5364.0	1.737363
5366.0	1.684644
5368.0	1.708284
5370.0	1.729865
5372.0	1.773144
5374.0	1.819364
5376.0	1.82479
5378.0	1.817152
5380.0	1.793083
5382.0	1.76469
5384.0	1.791307
5386.0	1.840198
5388.0	1.876451
5390.0	1.859287
5392.0	1.867524
5394.0	1.872876
5396.0	1.881524
5398.0	1.887385
5400.0	1.848829
5402.0	1.814141
5404.0	1.761628
5406.0	1.717383
5408.0	1.719742
5410.0	1.751729
5412.0	1.797544
5414.0	1.794161
5416.0	1.804265
5418.0	1.797304
5420.0	1.788164
5422.0	1.770232
5424.0	1.726274
5426.0	1.725675
5428.0	1.693986
5430.0	1.685837
5432.0	1.739194
5434.0	1.782441
5436.0	1.782461
5438.0	1.772169
5440.0	1.772184
5442.0	1.790778
5444.0	1.785896
5446.0	1.758074
5448.0	1.72076
5450.0	1.706146
5452.0	1.711952
5454.0	1.717369
5456.0	1.725837
5458.0	1.748892
5460.0	1.751189
5462.0	1.717512
5464.0	1.640814
5466.0	1.585546
5468.0	1.574509
5470.0	1.561826
5472.0	1.610222
5474.0	1.639997
5476.0	1.678905
5478.0	1.717804
5480.0	1.731642
5482.0	1.73636
5484.0	1.749504
5486.0	1.780529
5488.0	1.807127
5490.0	1.84089
5492.0	1.843964
5494.0	1.81506
5496.0	1.792135
5498.0	1.77198
5500.0	1.759486
5502.0	1.755825
5504.0	1.805114
5506.0	1.845936
5508.0	1.869153
5510.0	1.903455
5512.0	1.92274
5514.0	1.893111
5516.0	1.893515
5518.0	1.908928
5520.0	1.894532
5522.0	1.875148
5524.0	1.847938
5526.0	1.824734
5528.0	1.770675
5530.0	1.729663
5532.0	1.747019
5534.0	1.782495
5536.0	1.799342
5538.0	1.827334
5540.0	1.848659
5542.0	1.832002
5544.0	1.809585
5546.0	1.822346
5548.0	1.83827
5550.0	1.829462
5552.0	1.841255
5554.0	1.874798
5556.0	1.893649
5558.0	1.909867
5560.0	1.919861
5562.0	1.919902
5564.0	1.916972
5566.0	1.896268
5568.0	1.877352
5570.0	1.859362
5572.0	1.824517
5574.0	1.790922
5576.0	1.764093
5578.0	1.771115
5580.0	1.80575
5582.0	1.825603
5584.0	1.832951
5586.0	1.823022
5588.0	1.806462
5590.0	1.809341
5592.0	1.809183
5594.0	1.78827
5596.0	1.753697
5598.0	1.73953
5600.0	1.729254
5602.0	1.705148
5604.0	1.682391
5606.0	1.674689
5608.0	1.668339
5610.0	1.644038
5612.0	1.623706
5614.0	1.621586
5616.0	1.655443
5618.0	1.67956
5620.0	1.681016
5622.0	1.713678
5624.0	1.721801
5626.0	1.699356
5628.0	1.709414
5630.0	1.725633
5632.0	1.714388
5634.0	1.68664
5636.0	1.666133
5638.0	1.656632
5640.0	1.663459
5642.0	1.680592
5644.0	1.705102
5646.0	1.724689
5648.0	1.730075
5650.0	1.739571
5652.0	1.72448
5654.0	1.69635
5656.0	1.687705
5658.0	1.69723
5660.0	1.708799
5662.0	1.704383
5664.0	1.700512
5666.0	1.71917
5668.0	1.751225
5670.0	1.766149
5672.0	1.762074
5674.0	1.759226
5676.0	1.762419
5678.0	1.765153
5680.0	1.768627
5682.0	1.767836
5684.0	1.759809
5686.0	1.757576
5688.0	1.772374
5690.0	1.789162
5692.0	1.794809
5694.0	1.808089
5696.0	1.83241
5698.0	1.846394
5700.0	1.843222
5702.0	1.840032
5704.0	1.849678
5706.0	1.866427
5708.0	1.878472
5710.0	1.864824
5712.0	1.860663
5714.0	1.869518
5716.0	1.86058
5718.0	1.869043
5720.0	1.867988
5722.0	1.854258
5724.0	1.872413
5726.0	1.886318
5728.0	1.888964
5730.0	1.916358
5732.0	1.917554
5734.0	1.884014
5736.0	1.879109
5738.0	1.87975
5740.0	1.859694
5742.0	1.850839
5744.0	1.849229
5746.0	1.855833
5748.0	1.874328
5750.0	1.89034
5752.0	1.880888
5754.0	1.884611
5756.0	1.912876
5758.0	1.917856
5760.0	1.915617
5762.0	1.926491
5764.0	1.91008
5766.0	1.897559
5768.0	1.899762
5770.0	1.902471
5772.0	1.90385
5774.0	1.870424
5776.0	1.876374
5778.0	1.881098
5780.0	1.848091
5782.0	1.856245
5784.0	1.860425
5786.0	1.866256
5788.0	1.875943
5790.0	1.890243
5792.0	1.895337
5794.0	1.896657
5796.0	1.889403
5798.0	1.8396
5800.0	1.816655
5802.0	1.814168
5804.0	1.821141
5806.0	1.862411
5808.0	1.882852
5810.0	1.865799
5812.0	1.845169
5814.0	1.860715
5816.0	1.890789
5818.0	1.899606
5820.0	1.928295
5822.0	1.946599
5824.0	1.943338
5826.0	1.943602
5828.0	1.933923
5830.0	1.917497
5832.0	1.889057
5834.0	1.893275
5836.0	1.922416
5838.0	1.914159
5840.0	1.911084
5842.0	1.925739
5844.0	1.940415
5846.0	1.915869
5848.0	1.916281
5850.0	1.920918
5852.0	1.921329
5854.0	1.913581
5856.0	1.924599
5858.0	1.930288
5860.0	1.938433
5862.0	1.955426
5864.0	1.950412
5866.0	1.958369
5868.0	1.945799
5870.0	1.927935
5872.0	1.918637
5874.0	1.907869
5876.0	1.908584
5878.0	1.91589
5880.0	1.932777
5882.0	1.936236
5884.0	1.927897
5886.0	1.88817
5888.0	1.87902
5890.0	1.871367
5892.0	1.870427
5894.0	1.893001
5896.0	1.858205
5898.0	1.831067
5900.0	1.861404
5902.0	1.882806
5904.0	1.866061
5906.0	1.864513
5908.0	1.876269
5910.0	1.859731
5912.0	1.890307
5914.0	1.866968
5916.0	1.818272
5918.0	1.813302
5920.0	1.767095
5922.0	1.740937
5924.0	1.763064
5926.0	1.760227
5928.0	1.751936
5930.0	1.761082
5932.0	1.795345
5934.0	1.797114
5936.0	1.800183
5938.0	1.817956
5940.0	1.813747
5942.0	1.814173
5944.0	1.812723
5946.0	1.815467
5948.0	1.799627
5950.0	1.813246
5952.0	1.821208
5954.0	1.834461
5956.0	1.844889
5958.0	1.856625
5960.0	1.833997
5962.0	1.840887
5964.0	1.826059
5966.0	1.842879
5968.0	1.822469
5970.0	1.832005
5972.0	1.823417
5974.0	1.821214
5976.0	1.791756
5978.0	1.816069
5980.0	1.842181
5982.0	1.839251
5984.0	1.862162
5986.0	1.889393
5988.0	1.883752
5990.0	1.875809
5992.0	1.902307
5994.0	1.905076
5996.0	1.868115
5998.0	1.861793
6000.0	1.859715
6002.0	1.849201
6004.0	1.844437
6006.0	1.84686
6008.0	1.87199
6010.0	1.890403
6012.0	1.902094
6014.0	1.909176
6016.0	1.944453
6018.0	1.923979
6020.0	1.941121
6022.0	1.961649
6024.0	1.961773
6026.0	1.973605
6028.0	1.958499
6030.0	1.965852
6032.0	1.980297
6034.0	1.964522
6036.0	1.964433
6038.0	1.995727
6040.0	1.983336
6042.0	1.987279
6044.0	2.003702
6046.0	2.012189
6048.0	2.023452
6050.0	2.029461
6052.0	2.04131
6054.0	2.027925
6056.0	2.007205
6058.0	1.996404
6060.0	1.993024
6062.0	2.004711
6064.0	2.014903
6066.0	2.015815
6068.0	1.996331
6070.0	1.990045
6072.0	1.981088
6074.0	1.979624
6076.0	1.971032
6078.0	1.9349
6080.0	1.921375
6082.0	1.92299
6084.0	1.928207
6086.0	1.923494
6088.0	1.941605
6090.0	1.938082
6092.0	1.949192
6094.0	1.975758
6096.0	1.982524
6098.0	1.968418
6100.0	1.948261
6102.0	1.912942
6104.0	1.869892
6106.0	1.819612
6108.0	1.768582
6110.0	1.67072
6112.0	1.57611
6114.0	1.47801
6116.0	1.449005
6118.0	1.429767
6120.0	1.496248
6122.0	1.574831
6124.0	1.648983
6126.0	1.73531
6128.0	1.772994
6130.0	1.819853
6132.0	1.857791
6134.0	1.853218
6136.0	1.831777
6138.0	1.845245
6140.0	1.83599
6142.0	1.814693
6144.0	1.844244
6146.0	1.834986
6148.0	1.826307
6150.0	1.835477
6152.0	1.824183
6154.0	1.820724
6156.0	1.817536
6158.0	1.807297
6160.0	1.800031
6162.0	1.815234
6164.0	1.82024
6166.0	1.793079
6168.0	1.797922
6170.0	1.786971
6172.0	1.795632
6174.0	1.802413
6176.0	1.759234
6178.0	1.741848
6180.0	1.734333
6182.0	1.72364
6184.0	1.730094
6186.0	1.737376
6188.0	1.748903
6190.0	1.742815
6192.0	1.744439
6194.0	1.760329
6196.0	1.737925
6198.0	1.719916
6200.0	1.720997
6202.0	1.709121
6204.0	1.693272
6206.0	1.692456
6208.0	1.661242
6210.0	1.648164
6212.0	1.657077
6214.0	1.65409
6216.0	1.647515
6218.0	1.642608
6220.0	1.657282
6222.0	1.681691
6224.0	1.662792
6226.0	1.646592
6228.0	1.62728
6230.0	1.597728
6232.0	1.599016
6234.0	1.609938
6236.0	1.60574
6238.0	1.596663
6240.0	1.592228
6242.0	1.595217
6244.0	1.585198
6246.0	1.582893
6248.0	1.584706
6250.0	1.577762
6252.0	1.598747
6254.0	1.605471
6256.0	1.6196
6258.0	1.627415
6260.0	1.617142
6262.0	1.631225
6264.0	1.638884
6266.0	1.632449
6268.0	1.633144
6270.0	1.627045
6272.0	1.608809
6274.0	1.60769
6276.0	1.603209
6278.0	1.589387
6280.0	1.591192
6282.0	1.579092
6284.0	1.554074
6286.0	1.549424
6288.0	1.547554
6290.0	1.543127
6292.0	1.54916
6294.0	1.557391
6296.0	1.561339
6298.0	1.564099
6300.0	1.561631
6302.0	1.567521
6304.0	1.57654
6306.0	1.568094
6308.0	1.547831
6310.0	1.51279
6312.0	1.49611
6314.0	1.511745
6316.0	1.518268
6318.0	1.505691
6320.0	1.491611
6322.0	1.4999
6324.0	1.519698
6326.0	1.514762
6328.0	1.499432
6330.0	1.518567
6332.0	1.531695
6334.0	1.504249
6336.0	1.480503
6338.0	1.514647
6340.0	1.539736
6342.0	1.523013
6344.0	1.537889
6346.0	1.555293
6348.0	1.542552
6350.0	1.539018
6352.0	1.536753
6354.0	1.499834
6356.0	1.501789
6358.0	1.530658
6360.0	1.538642
6362.0	1.553724
6364.0	1.570346
6366.0	1.556047
6368.0	1.534249
6370.0	1.524107
6372.0	1.525553
6374.0	1.538149
6376.0	1.55701
6378.0	1.57593
6380.0	1.607894
6382.0	1.630861
6384.0	1.616174
6386.0	1.608434
6388.0	1.602354
6390.0	1.57799
6392.0	1.548254
6394.0	1.525728
6396.0	1.528196
6398.0	1.53658
6400.0	1.54563
6402.0	1.576548
6404.0	1.607182
6406.0	1.608405
6408.0	1.628897
6410.0	1.653999
6412.0	1.666911
6414.0	1.674833
6416.0	1.674666
6418.0	1.680314
6420.0	1.687225
6422.0	1.69031
6424.0	1.684811
6426.0	1.680518
6428.0	1.679134
6430.0	1.682757
6432.0	1.705891
6434.0	1.709875
6436.0	1.721231
6438.0	1.744036
6440.0	1.740369
6442.0	1.75213
6444.0	1.752939
6446.0	1.749895
6448.0	1.757541
6450.0	1.745831
6452.0	1.719998
6454.0	1.704094
6456.0	1.715241
6458.0	1.725852
6460.0	1.715068
6462.0	1.726882
6464.0	1.755086
6466.0	1.732012
6468.0	1.720413
6470.0	1.740844
6472.0	1.774678
6474.0	1.776424
6476.0	1.772173
6478.0	1.746684
6480.0	1.741596
6482.0	1.736596
6484.0	1.765916
6486.0	1.779179
6488.0	1.769469
6490.0	1.770854
6492.0	1.76527
6494.0	1.756269
6496.0	1.763462
6498.0	1.78206
6500.0	1.824788
6502.0	1.8326
6504.0	1.833821
6506.0	1.852845
6508.0	1.88083
6510.0	1.875687
6512.0	1.868003
6514.0	1.862595
6516.0	1.851102
6518.0	1.86862
6520.0	1.895809
6522.0	1.900086
6524.0	1.910713
6526.0	1.913438
6528.0	1.902727
6530.0	1.880504
6532.0	1.8726
6534.0	1.893638
6536.0	1.88258
6538.0	1.868638
6540.0	1.882111
6542.0	1.891618
6544.0	1.909687
6546.0	1.905058
6548.0	1.89328
6550.0	1.88037
6552.0	1.872704
6554.0	1.863731
6556.0	1.849174
6558.0	1.847735
6560.0	1.876828
6562.0	1.899908
6564.0	1.915579
6566.0	1.941491
6568.0	1.945277
6570.0	1.929319
6572.0	1.914812
6574.0	1.89868
6576.0	1.894827
6578.0	1.894502
6580.0	1.888618
6582.0	1.894882
6584.0	1.895972
6586.0	1.917574
6588.0	1.940361
6590.0	1.921816
6592.0	1.899094
6594.0	1.890093
6596.0	1.883515
6598.0	1.852764
6600.0	1.835669
6602.0	1.824056
6604.0	1.830739
6606.0	1.844445
6608.0	1.88042
6610.0	1.909625
6612.0	1.897819
6614.0	1.914885
6616.0	1.925356
6618.0	1.913263
6620.0	1.915183
6622.0	1.906174
6624.0	1.895072
6626.0	1.886119
6628.0	1.914053
6630.0	1.918972
6632.0	1.908474
6634.0	1.876016
6636.0	1.885798
6638.0	1.871479
6640.0	1.828642
6642.0	1.849611
6644.0	1.866403
6646.0	1.837192
6648.0	1.864604
6650.0	1.885965
6652.0	1.910582
6654.0	1.879899
6656.0	1.878865
6658.0	1.87869
6660.0	1.841673
6662.0	1.824784
6664.0	1.826584
6666.0	1.83655
6668.0	1.854981
6670.0	1.869468
6672.0	1.860586
6674.0	1.846289
6676.0	1.8622
6678.0	1.860954
6680.0	1.852283
6682.0	1.857401
6684.0	1.842345
6686.0	1.854058
6688.0	1.852701
6690.0	1.879755
6692.0	1.86088
6694.0	1.846861
6696.0	1.828292
6698.0	1.84184
6700.0	1.846078
6702.0	1.854684
6704.0	1.834447
6706.0	1.819415
6708.0	1.832861
6710.0	1.842432
6712.0	1.844277
6714.0	1.861956
6716.0	1.869535
6718.0	1.875227
6720.0	1.90414
6722.0	1.886567
6724.0	1.842576
6726.0	1.844464
6728.0	1.83578
6730.0	1.826384
6732.0	1.822457
6734.0	1.802491
6736.0	1.812434
6738.0	1.80593
6740.0	1.760949
6742.0	1.761506
6744.0	1.745877
6746.0	1.741038
6748.0	1.729041
6750.0	1.742733
6752.0	1.780194
6754.0	1.820573
6756.0	1.844242
6758.0	1.838776
6760.0	1.833924
6762.0	1.828123
6764.0	1.821325
6766.0	1.808808
6768.0	1.81821
6770.0	1.830055
6772.0	1.832389
6774.0	1.840239
6776.0	1.838127
6778.0	1.835332
6780.0	1.840979
6782.0	1.845851
6784.0	1.833788
6786.0	1.813186
6788.0	1.78467
6790.0	1.822577
6792.0	1.852494
6794.0	1.857901
6796.0	1.880193
6798.0	1.882472
6800.0	1.850359
6802.0	1.819225
6804.0	1.782833
6806.0	1.752514
6808.0	1.736653
6810.0	1.766259
6812.0	1.777574
6814.0	1.780311
6816.0	1.79155
6818.0	1.767083
6820.0	1.738328
6822.0	1.744965
6824.0	1.751135
6826.0	1.757306
6828.0	1.763477
6830.0	1.769648
6832.0	1.775819
6834.0	1.781989
6836.0	1.78816
6838.0	1.794331
6840.0	1.800502
6842.0	1.806673
6844.0	1.774439
6846.0	1.744998
6848.0	1.726782
6850.0	1.72072
6852.0	1.774563
6854.0	1.788499
6856.0	1.774455
6858.0	1.745996
6860.0	1.755501
6862.0	1.744367
6864.0	1.730861
6866.0	1.72585
6868.0	1.768873
6870.0	1.788925
6872.0	1.78572
6874.0	1.783496
6876.0	1.775663
6878.0	1.747427
6880.0	1.735404
6882.0	1.71828
6884.0	1.693662
6886.0	1.705656
6888.0	1.692128
6890.0	1.704102
6892.0	1.718713
6894.0	1.708484
6896.0	1.724996
6898.0	1.740718
6900.0	1.71778
6902.0	1.709963
6904.0	1.715265
6906.0	1.713543
6908.0	1.709924
6910.0	1.709281
6912.0	1.706389
6914.0	1.698593
6916.0	1.704261
6918.0	1.708858
6920.0	1.689776
6922.0	1.681633
6924.0	1.699448
6926.0	1.710131
6928.0	1.682186
6930.0	1.673368
6932.0	1.698224
6934.0	1.708309
6936.0	1.70041
6938.0	1.691132
6940.0	1.675858
6942.0	1.662202
6944.0	1.677743
6946.0	1.689533
6948.0	1.673885
6950.0	1.658167
6952.0	1.65178
6954.0	1.663488
6956.0	1.67132
6958.0	1.685711
6960.0	1.689197
6962.0	1.660837
6964.0	1.639901
6966.0	1.651003
6968.0	1.678137
6970.0	1.692824
6972.0	1.673307
6974.0	1.663469
6976.0	1.657767
6978.0	1.644446
6980.0	1.648804
6982.0	1.662987
6984.0	1.687648
6986.0	1.709466
6988.0	1.705054
6990.0	1.680367
6992.0	1.668955
6994.0	1.66039
6996.0	1.635828
6998.0	1.609158
7000.0	1.608188
7002.0	1.610188
7004.0	1.602151
7006.0	1.615231
7008.0	1.642493
7010.0	1.650717
7012.0	1.636437
7014.0	1.63543
7016.0	1.629754
7018.0	1.618028
7020.0	1.647083
7022.0	1.664319
7024.0	1.634049
7026.0	1.624969
7028.0	1.613305
7030.0	1.610274
7032.0	1.657344
7034.0	1.689698
7036.0	1.674237
7038.0	1.658231
7040.0	1.640765
7042.0	1.615579
7044.0	1.598865
7046.0	1.608435
7048.0	1.645392
7050.0	1.667481
7052.0	1.648666
7054.0	1.621581
7056.0	1.607004
7058.0	1.613214
7060.0	1.639592
7062.0	1.660675
7064.0	1.680798
7066.0	1.657766
7068.0	1.614456
7070.0	1.61516
7072.0	1.637091
7074.0	1.647243
7076.0	1.652976
7078.0	1.621503
7080.0	1.611887
7082.0	1.649972
7084.0	1.663558
7086.0	1.659707
7088.0	1.622275
7090.0	1.604443
7092.0	1.622144
7094.0	1.643502
7096.0	1.632895
7098.0	1.57906
7100.0	1.571254
