#	 2017fmz 
#	 UT date of observation: 20170718 
#	 Telescope/Instrument: SOAR/Goodman 
#	 Estimated Peak MJD: 57953.52 
#	 Estimated redshift: 0.028 
#	 Estimated Phase: -1.5 
#	 Published in Dettman et al. 2020 
#	 Observed barycentric wavelength (Angstroms)    F_lambda
3600.0	1.533062e-15
3602.0	1.517177e-15
3604.0	1.536018e-15
3606.0	1.537685e-15
3608.0	1.561745e-15
3610.0	1.562015e-15
3612.0	1.566009e-15
3614.0	1.54479e-15
3616.0	1.591553e-15
3618.0	1.590546e-15
3620.0	1.512568e-15
3622.0	1.491655e-15
3624.0	1.533521e-15
3626.0	1.530668e-15
3628.0	1.497727e-15
3630.0	1.500132e-15
3632.0	1.549848e-15
3634.0	1.598917e-15
3636.0	1.513277e-15
3638.0	1.430939e-15
3640.0	1.424266e-15
3642.0	1.516083e-15
3644.0	1.571162e-15
3646.0	1.598178e-15
3648.0	1.586427e-15
3650.0	1.56274e-15
3652.0	1.550682e-15
3654.0	1.575756e-15
3656.0	1.64433e-15
3658.0	1.583828e-15
3660.0	1.599773e-15
3662.0	1.632263e-15
3664.0	1.601464e-15
3666.0	1.598214e-15
3668.0	1.581662e-15
3670.0	1.571154e-15
3672.0	1.619142e-15
3674.0	1.641012e-15
3676.0	1.622921e-15
3678.0	1.634369e-15
3680.0	1.632316e-15
3682.0	1.632259e-15
3684.0	1.598149e-15
3686.0	1.55975e-15
3688.0	1.508337e-15
3690.0	1.524541e-15
3692.0	1.518598e-15
3694.0	1.532853e-15
3696.0	1.501626e-15
3698.0	1.547834e-15
3700.0	1.582406e-15
3702.0	1.534357e-15
3704.0	1.493197e-15
3706.0	1.506497e-15
3708.0	1.551466e-15
3710.0	1.511825e-15
3712.0	1.461316e-15
3714.0	1.482734e-15
3716.0	1.427407e-15
3718.0	1.401192e-15
3720.0	1.42704e-15
3722.0	1.477299e-15
3724.0	1.49091e-15
3726.0	1.456752e-15
3728.0	1.396743e-15
3730.0	1.393781e-15
3732.0	1.380091e-15
3734.0	1.35271e-15
3736.0	1.390105e-15
3738.0	1.405162e-15
3740.0	1.371147e-15
3742.0	1.362802e-15
3744.0	1.316112e-15
3746.0	1.308521e-15
3748.0	1.339063e-15
3750.0	1.30552e-15
3752.0	1.281152e-15
3754.0	1.260282e-15
3756.0	1.251293e-15
3758.0	1.230159e-15
3760.0	1.207207e-15
3762.0	1.177255e-15
3764.0	1.209812e-15
3766.0	1.166559e-15
3768.0	1.151999e-15
3770.0	1.120621e-15
3772.0	1.04036e-15
3774.0	1.00406e-15
3776.0	1.006577e-15
3778.0	9.883431e-16
3780.0	9.254251e-16
3782.0	9.364346e-16
3784.0	9.346642e-16
3786.0	9.143417e-16
3788.0	9.300239e-16
3790.0	9.309635e-16
3792.0	9.166073e-16
3794.0	8.542478e-16
3796.0	8.081852e-16
3798.0	8.521004e-16
3800.0	8.25407e-16
3802.0	7.649069e-16
3804.0	7.908064e-16
3806.0	8.20618e-16
3808.0	7.946372e-16
3810.0	7.671757e-16
3812.0	7.694567e-16
3814.0	7.551417e-16
3816.0	7.406473e-16
3818.0	7.538256e-16
3820.0	7.506421e-16
3822.0	7.527266e-16
3824.0	7.78973e-16
3826.0	7.793601e-16
3828.0	7.796772e-16
3830.0	7.77283e-16
3832.0	7.631994e-16
3834.0	7.89282e-16
3836.0	8.163925e-16
3838.0	7.964102e-16
3840.0	8.221213e-16
3842.0	8.409676e-16
3844.0	7.927746e-16
3846.0	7.807243e-16
3848.0	7.848009e-16
3850.0	7.804219e-16
3852.0	7.750355e-16
3854.0	7.937558e-16
3856.0	8.134951e-16
3858.0	7.894509e-16
3860.0	8.122976e-16
3862.0	8.60722e-16
3864.0	8.079189e-16
3866.0	8.117937e-16
3868.0	8.403095e-16
3870.0	8.512924e-16
3872.0	8.58518e-16
3874.0	8.694846e-16
3876.0	8.98273e-16
3878.0	9.231206e-16
3880.0	9.109763e-16
3882.0	9.007272e-16
3884.0	8.719799e-16
3886.0	8.628346e-16
3888.0	8.614068e-16
3890.0	8.606999e-16
3892.0	9.007304e-16
3894.0	8.859414e-16
3896.0	9.10373e-16
3898.0	9.240408e-16
3900.0	9.152062e-16
3902.0	9.496846e-16
3904.0	9.422104e-16
3906.0	9.797931e-16
3908.0	9.610863e-16
3910.0	9.820771e-16
3912.0	1.051676e-15
3914.0	1.045612e-15
3916.0	1.048537e-15
3918.0	1.098657e-15
3920.0	1.122583e-15
3922.0	1.124616e-15
3924.0	1.164815e-15
3926.0	1.188215e-15
3928.0	1.210108e-15
3930.0	1.289471e-15
3932.0	1.251646e-15
3934.0	1.233094e-15
3936.0	1.346896e-15
3938.0	1.347766e-15
3940.0	1.408074e-15
3942.0	1.450243e-15
3944.0	1.48789e-15
3946.0	1.541212e-15
3948.0	1.537528e-15
3950.0	1.588336e-15
3952.0	1.62374e-15
3954.0	1.647904e-15
3956.0	1.689065e-15
3958.0	1.653496e-15
3960.0	1.654384e-15
3962.0	1.75179e-15
3964.0	1.769059e-15
3966.0	1.657091e-15
3968.0	1.734471e-15
3970.0	1.774316e-15
3972.0	1.742371e-15
3974.0	1.817317e-15
3976.0	1.878951e-15
3978.0	1.902136e-15
3980.0	1.933633e-15
3982.0	1.948997e-15
3984.0	1.923632e-15
3986.0	1.977209e-15
3988.0	1.976848e-15
3990.0	2.013722e-15
3992.0	2.04862e-15
3994.0	1.967962e-15
3996.0	2.000916e-15
3998.0	2.044236e-15
4000.0	2.055337e-15
4002.0	2.062341e-15
4004.0	2.071574e-15
4006.0	2.068926e-15
4008.0	2.068384e-15
4010.0	2.014805e-15
4012.0	2.032409e-15
4014.0	2.06626e-15
4016.0	2.116323e-15
4018.0	2.144203e-15
4020.0	2.161245e-15
4022.0	2.15976e-15
4024.0	2.198127e-15
4026.0	2.204336e-15
4028.0	2.220025e-15
4030.0	2.198619e-15
4032.0	2.276817e-15
4034.0	2.265125e-15
4036.0	2.220622e-15
4038.0	2.186804e-15
4040.0	2.186496e-15
4042.0	2.141932e-15
4044.0	2.113566e-15
4046.0	2.103452e-15
4048.0	2.033194e-15
4050.0	2.027345e-15
4052.0	1.990307e-15
4054.0	1.967094e-15
4056.0	1.900058e-15
4058.0	1.889122e-15
4060.0	1.859518e-15
4062.0	1.871459e-15
4064.0	1.821549e-15
4066.0	1.784787e-15
4068.0	1.778173e-15
4070.0	1.776255e-15
4072.0	1.735572e-15
4074.0	1.661771e-15
4076.0	1.656426e-15
4078.0	1.687306e-15
4080.0	1.665869e-15
4082.0	1.64646e-15
4084.0	1.630647e-15
4086.0	1.646426e-15
4088.0	1.639295e-15
4090.0	1.665869e-15
4092.0	1.636277e-15
4094.0	1.589075e-15
4096.0	1.615073e-15
4098.0	1.616271e-15
4100.0	1.572744e-15
4102.0	1.56624e-15
4104.0	1.604221e-15
4106.0	1.59353e-15
4108.0	1.595595e-15
4110.0	1.606223e-15
4112.0	1.620315e-15
4114.0	1.679448e-15
4116.0	1.695047e-15
4118.0	1.648055e-15
4120.0	1.652713e-15
4122.0	1.672556e-15
4124.0	1.704355e-15
4126.0	1.768522e-15
4128.0	1.767171e-15
4130.0	1.730212e-15
4132.0	1.750576e-15
4134.0	1.790491e-15
4136.0	1.816844e-15
4138.0	1.856119e-15
4140.0	1.918864e-15
4142.0	1.930087e-15
4144.0	1.912044e-15
4146.0	1.914179e-15
4148.0	1.959147e-15
4150.0	2.009026e-15
4152.0	2.016121e-15
4154.0	2.036854e-15
4156.0	2.043446e-15
4158.0	2.040241e-15
4160.0	2.028889e-15
4162.0	2.056425e-15
4164.0	2.092574e-15
4166.0	2.101389e-15
4168.0	2.136044e-15
4170.0	2.146056e-15
4172.0	2.170468e-15
4174.0	2.163249e-15
4176.0	2.131934e-15
4178.0	2.161253e-15
4180.0	2.192485e-15
4182.0	2.221056e-15
4184.0	2.219144e-15
4186.0	2.158992e-15
4188.0	2.175682e-15
4190.0	2.209201e-15
4192.0	2.194018e-15
4194.0	2.201198e-15
4196.0	2.252631e-15
4198.0	2.256288e-15
4200.0	2.22528e-15
4202.0	2.227635e-15
4204.0	2.223078e-15
4206.0	2.221503e-15
4208.0	2.17787e-15
4210.0	2.181502e-15
4212.0	2.211845e-15
4214.0	2.183668e-15
4216.0	2.163484e-15
4218.0	2.136463e-15
4220.0	2.138783e-15
4222.0	2.137905e-15
4224.0	2.090777e-15
4226.0	2.102129e-15
4228.0	2.098377e-15
4230.0	2.055603e-15
4232.0	2.067611e-15
4234.0	2.066871e-15
4236.0	2.054831e-15
4238.0	2.065748e-15
4240.0	2.047984e-15
4242.0	2.047692e-15
4244.0	2.078925e-15
4246.0	2.056283e-15
4248.0	2.037941e-15
4250.0	2.025985e-15
4252.0	2.026771e-15
4254.0	2.031556e-15
4256.0	2.012672e-15
4258.0	2.008836e-15
4260.0	2.021743e-15
4262.0	2.017911e-15
4264.0	2.01092e-15
4266.0	2.000728e-15
4268.0	1.99126e-15
4270.0	2.018655e-15
4272.0	2.007853e-15
4274.0	2.021934e-15
4276.0	2.027061e-15
4278.0	2.000139e-15
4280.0	2.00384e-15
4282.0	2.020501e-15
4284.0	2.010451e-15
4286.0	2.012837e-15
4288.0	1.979817e-15
4290.0	1.934785e-15
4292.0	1.965149e-15
4294.0	1.960051e-15
4296.0	1.946318e-15
4298.0	1.946009e-15
4300.0	1.869728e-15
4302.0	1.848055e-15
4304.0	1.886172e-15
4306.0	1.843059e-15
4308.0	1.821425e-15
4310.0	1.844946e-15
4312.0	1.815127e-15
4314.0	1.793801e-15
4316.0	1.803111e-15
4318.0	1.770476e-15
4320.0	1.738664e-15
4322.0	1.75071e-15
4324.0	1.73676e-15
4326.0	1.729709e-15
4328.0	1.718491e-15
4330.0	1.70749e-15
4332.0	1.705031e-15
4334.0	1.691615e-15
4336.0	1.697291e-15
4338.0	1.697768e-15
4340.0	1.660417e-15
4342.0	1.642182e-15
4344.0	1.646321e-15
4346.0	1.633553e-15
4348.0	1.629918e-15
4350.0	1.618197e-15
4352.0	1.591752e-15
4354.0	1.586654e-15
4356.0	1.602149e-15
4358.0	1.61635e-15
4360.0	1.617552e-15
4362.0	1.623756e-15
4364.0	1.624712e-15
4366.0	1.596118e-15
4368.0	1.569756e-15
4370.0	1.564286e-15
4372.0	1.567157e-15
4374.0	1.577392e-15
4376.0	1.556381e-15
4378.0	1.518316e-15
4380.0	1.505765e-15
4382.0	1.464205e-15
4384.0	1.455627e-15
4386.0	1.428421e-15
4388.0	1.379792e-15
4390.0	1.377394e-15
4392.0	1.340661e-15
4394.0	1.306431e-15
4396.0	1.288113e-15
4398.0	1.266646e-15
4400.0	1.25687e-15
4402.0	1.228887e-15
4404.0	1.231043e-15
4406.0	1.230609e-15
4408.0	1.219241e-15
4410.0	1.219265e-15
4412.0	1.221941e-15
4414.0	1.228117e-15
4416.0	1.193044e-15
4418.0	1.145319e-15
4420.0	1.182955e-15
4422.0	1.198217e-15
4424.0	1.188713e-15
4426.0	1.206651e-15
4428.0	1.197292e-15
4430.0	1.179135e-15
4432.0	1.177456e-15
4434.0	1.195911e-15
4436.0	1.208315e-15
4438.0	1.209189e-15
4440.0	1.257363e-15
4442.0	1.303154e-15
4444.0	1.320279e-15
4446.0	1.295181e-15
4448.0	1.284415e-15
4450.0	1.343348e-15
4452.0	1.407556e-15
4454.0	1.414483e-15
4456.0	1.39273e-15
4458.0	1.404916e-15
4460.0	1.442654e-15
4462.0	1.44342e-15
4464.0	1.440535e-15
4466.0	1.452351e-15
4468.0	1.433303e-15
4470.0	1.424754e-15
4472.0	1.466142e-15
4474.0	1.508976e-15
4476.0	1.512497e-15
4478.0	1.493911e-15
4480.0	1.503225e-15
4482.0	1.51916e-15
4484.0	1.492487e-15
4486.0	1.489486e-15
4488.0	1.523735e-15
4490.0	1.536568e-15
4492.0	1.525597e-15
4494.0	1.539239e-15
4496.0	1.51932e-15
4498.0	1.492901e-15
4500.0	1.48668e-15
4502.0	1.462773e-15
4504.0	1.486504e-15
4506.0	1.529055e-15
4508.0	1.524247e-15
4510.0	1.500874e-15
4512.0	1.492691e-15
4514.0	1.491551e-15
4516.0	1.511375e-15
4518.0	1.507549e-15
4520.0	1.474277e-15
4522.0	1.474435e-15
4524.0	1.469055e-15
4526.0	1.441752e-15
4528.0	1.4761e-15
4530.0	1.500115e-15
4532.0	1.473537e-15
4534.0	1.490162e-15
4536.0	1.490391e-15
4538.0	1.459922e-15
4540.0	1.474415e-15
4542.0	1.506549e-15
4544.0	1.526686e-15
4546.0	1.502788e-15
4548.0	1.515097e-15
4550.0	1.581548e-15
4552.0	1.56822e-15
4554.0	1.557661e-15
4556.0	1.592407e-15
4558.0	1.599863e-15
4560.0	1.616412e-15
4562.0	1.659295e-15
4564.0	1.664582e-15
4566.0	1.670726e-15
4568.0	1.711218e-15
4570.0	1.70774e-15
4572.0	1.702026e-15
4574.0	1.714286e-15
4576.0	1.741243e-15
4578.0	1.740892e-15
4580.0	1.744959e-15
4582.0	1.74086e-15
4584.0	1.726418e-15
4586.0	1.741388e-15
4588.0	1.754804e-15
4590.0	1.791345e-15
4592.0	1.771127e-15
4594.0	1.742455e-15
4596.0	1.759189e-15
4598.0	1.778901e-15
4600.0	1.759782e-15
4602.0	1.739835e-15
4604.0	1.768894e-15
4606.0	1.76423e-15
4608.0	1.779244e-15
4610.0	1.803307e-15
4612.0	1.824958e-15
4614.0	1.854407e-15
4616.0	1.808813e-15
4618.0	1.791801e-15
4620.0	1.838766e-15
4622.0	1.846767e-15
4624.0	1.831568e-15
4626.0	1.804271e-15
4628.0	1.825027e-15
4630.0	1.826612e-15
4632.0	1.839967e-15
4634.0	1.82807e-15
4636.0	1.8279e-15
4638.0	1.820299e-15
4640.0	1.859593e-15
4642.0	1.836618e-15
4644.0	1.821713e-15
4646.0	1.815078e-15
4648.0	1.797169e-15
4650.0	1.796142e-15
4652.0	1.780217e-15
4654.0	1.786543e-15
4656.0	1.808627e-15
4658.0	1.791295e-15
4660.0	1.784192e-15
4662.0	1.723635e-15
4664.0	1.73997e-15
4666.0	1.755932e-15
4668.0	1.752123e-15
4670.0	1.729877e-15
4672.0	1.76285e-15
4674.0	1.755537e-15
4676.0	1.724991e-15
4678.0	1.723439e-15
4680.0	1.726376e-15
4682.0	1.708285e-15
4684.0	1.734358e-15
4686.0	1.7098e-15
4688.0	1.694373e-15
4690.0	1.711809e-15
4692.0	1.737889e-15
4694.0	1.740517e-15
4696.0	1.723154e-15
4698.0	1.737723e-15
4700.0	1.754806e-15
4702.0	1.734857e-15
4704.0	1.728283e-15
4706.0	1.815061e-15
4708.0	1.759e-15
4710.0	1.749669e-15
4712.0	1.786622e-15
4714.0	1.782217e-15
4716.0	1.788326e-15
4718.0	1.790572e-15
4720.0	1.751381e-15
4722.0	1.771923e-15
4724.0	1.75249e-15
4726.0	1.732288e-15
4728.0	1.762013e-15
4730.0	1.775592e-15
4732.0	1.786999e-15
4734.0	1.793278e-15
4736.0	1.756619e-15
4738.0	1.742573e-15
4740.0	1.729032e-15
4742.0	1.725991e-15
4744.0	1.698837e-15
4746.0	1.716276e-15
4748.0	1.696613e-15
4750.0	1.677589e-15
4752.0	1.614513e-15
4754.0	1.608903e-15
4756.0	1.563712e-15
4758.0	1.57686e-15
4760.0	1.560404e-15
4762.0	1.562758e-15
4764.0	1.597161e-15
4766.0	1.549344e-15
4768.0	1.497356e-15
4770.0	1.509595e-15
4772.0	1.500793e-15
4774.0	1.508573e-15
4776.0	1.49071e-15
4778.0	1.471692e-15
4780.0	1.501446e-15
4782.0	1.504361e-15
4784.0	1.485008e-15
4786.0	1.466543e-15
4788.0	1.461225e-15
4790.0	1.49904e-15
4792.0	1.504279e-15
4794.0	1.498459e-15
4796.0	1.51288e-15
4798.0	1.487946e-15
4800.0	1.51812e-15
4802.0	1.503403e-15
4804.0	1.491742e-15
4806.0	1.499693e-15
4808.0	1.541463e-15
4810.0	1.558059e-15
4812.0	1.539267e-15
4814.0	1.563432e-15
4816.0	1.561796e-15
4818.0	1.533852e-15
4820.0	1.532264e-15
4822.0	1.532627e-15
4824.0	1.556631e-15
4826.0	1.576925e-15
4828.0	1.578758e-15
4830.0	1.523249e-15
4832.0	1.53632e-15
4834.0	1.524554e-15
4836.0	1.511801e-15
4838.0	1.527146e-15
4840.0	1.516079e-15
4842.0	1.471698e-15
4844.0	1.484462e-15
4846.0	1.501036e-15
4848.0	1.484721e-15
4850.0	1.465336e-15
4852.0	1.419153e-15
4854.0	1.406339e-15
4856.0	1.418653e-15
4858.0	1.398353e-15
4860.0	1.378601e-15
4862.0	1.3688e-15
4864.0	1.366151e-15
4866.0	1.371746e-15
4868.0	1.369079e-15
4870.0	1.333566e-15
4872.0	1.34661e-15
4874.0	1.377593e-15
4876.0	1.363568e-15
4878.0	1.355487e-15
4880.0	1.346899e-15
4882.0	1.334347e-15
4884.0	1.349207e-15
4886.0	1.375895e-15
4888.0	1.37242e-15
4890.0	1.381793e-15
4892.0	1.374905e-15
4894.0	1.358052e-15
4896.0	1.398996e-15
4898.0	1.457404e-15
4900.0	1.439318e-15
4902.0	1.392555e-15
4904.0	1.394157e-15
4906.0	1.415393e-15
4908.0	1.442696e-15
4910.0	1.443562e-15
4912.0	1.455435e-15
4914.0	1.469984e-15
4916.0	1.459827e-15
4918.0	1.431264e-15
4920.0	1.437165e-15
4922.0	1.444698e-15
4924.0	1.445082e-15
4926.0	1.449663e-15
4928.0	1.417376e-15
4930.0	1.380049e-15
4932.0	1.354244e-15
4934.0	1.342155e-15
4936.0	1.33892e-15
4938.0	1.33096e-15
4940.0	1.315092e-15
4942.0	1.293093e-15
4944.0	1.259563e-15
4946.0	1.232839e-15
4948.0	1.220103e-15
4950.0	1.197432e-15
4952.0	1.156974e-15
4954.0	1.149013e-15
4956.0	1.138079e-15
4958.0	1.113658e-15
4960.0	1.098352e-15
4962.0	1.065424e-15
4964.0	1.044038e-15
4966.0	1.026742e-15
4968.0	1.019233e-15
4970.0	1.027874e-15
4972.0	1.003569e-15
4974.0	9.781935e-16
4976.0	9.900282e-16
4978.0	9.912266e-16
4980.0	9.623439e-16
4982.0	9.503174e-16
4984.0	9.404831e-16
4986.0	9.336924e-16
4988.0	9.428147e-16
4990.0	9.231917e-16
4992.0	9.124794e-16
4994.0	9.354536e-16
4996.0	9.464008e-16
4998.0	9.529648e-16
5000.0	9.676889e-16
5002.0	9.627347e-16
5004.0	9.536979e-16
5006.0	9.794521e-16
5008.0	1.012306e-15
5010.0	1.01238e-15
5012.0	1.00274e-15
5014.0	1.008696e-15
5016.0	1.009267e-15
5018.0	1.017187e-15
5020.0	1.04736e-15
5022.0	1.076787e-15
5024.0	1.088812e-15
5026.0	1.080676e-15
5028.0	1.079218e-15
5030.0	1.07561e-15
5032.0	1.076275e-15
5034.0	1.086458e-15
5036.0	1.089007e-15
5038.0	1.107757e-15
5040.0	1.130703e-15
5042.0	1.130871e-15
5044.0	1.143948e-15
5046.0	1.158608e-15
5048.0	1.154962e-15
5050.0	1.161361e-15
5052.0	1.158069e-15
5054.0	1.163136e-15
5056.0	1.177606e-15
5058.0	1.189446e-15
5060.0	1.21868e-15
5062.0	1.220345e-15
5064.0	1.205262e-15
5066.0	1.214892e-15
5068.0	1.211566e-15
5070.0	1.185004e-15
5072.0	1.185943e-15
5074.0	1.205063e-15
5076.0	1.231474e-15
5078.0	1.236012e-15
5080.0	1.212397e-15
5082.0	1.214243e-15
5084.0	1.203252e-15
5086.0	1.191767e-15
5088.0	1.199963e-15
5090.0	1.19532e-15
5092.0	1.211417e-15
5094.0	1.225999e-15
5096.0	1.219138e-15
5098.0	1.219628e-15
5100.0	1.220213e-15
5102.0	1.201999e-15
5104.0	1.18776e-15
5106.0	1.200779e-15
5108.0	1.22152e-15
5110.0	1.210651e-15
5112.0	1.208e-15
5114.0	1.222262e-15
5116.0	1.222369e-15
5118.0	1.21906e-15
5120.0	1.236172e-15
5122.0	1.235643e-15
5124.0	1.223742e-15
5126.0	1.246545e-15
5128.0	1.250036e-15
5130.0	1.238157e-15
5132.0	1.253744e-15
5134.0	1.258471e-15
5136.0	1.231287e-15
5138.0	1.229054e-15
5140.0	1.24892e-15
5142.0	1.247807e-15
5144.0	1.230784e-15
5146.0	1.230346e-15
5148.0	1.231205e-15
5150.0	1.222353e-15
5152.0	1.228462e-15
5154.0	1.226796e-15
5156.0	1.22831e-15
5158.0	1.241414e-15
5160.0	1.261504e-15
5162.0	1.267717e-15
5164.0	1.261784e-15
5166.0	1.267681e-15
5168.0	1.265519e-15
5170.0	1.271671e-15
5172.0	1.278696e-15
5174.0	1.276556e-15
5176.0	1.287885e-15
5178.0	1.309073e-15
5180.0	1.289605e-15
5182.0	1.304952e-15
5184.0	1.345626e-15
5186.0	1.343447e-15
5188.0	1.335038e-15
5190.0	1.32719e-15
5192.0	1.324528e-15
5194.0	1.360463e-15
5196.0	1.386029e-15
5198.0	1.367943e-15
5200.0	1.363435e-15
5202.0	1.379845e-15
5204.0	1.396309e-15
5206.0	1.404533e-15
5208.0	1.404197e-15
5210.0	1.402906e-15
5212.0	1.39443e-15
5214.0	1.406721e-15
5216.0	1.407875e-15
5218.0	1.408742e-15
5220.0	1.403602e-15
5222.0	1.403226e-15
5224.0	1.416539e-15
5226.0	1.443394e-15
5228.0	1.441059e-15
5230.0	1.442558e-15
5232.0	1.43728e-15
5234.0	1.434822e-15
5236.0	1.444432e-15
5238.0	1.425516e-15
5240.0	1.418242e-15
5242.0	1.443596e-15
5244.0	1.415614e-15
5246.0	1.408164e-15
5248.0	1.409769e-15
5250.0	1.40694e-15
5252.0	1.407241e-15
5254.0	1.396408e-15
5256.0	1.38626e-15
5258.0	1.398494e-15
5260.0	1.424574e-15
5262.0	1.390051e-15
5264.0	1.348069e-15
5266.0	1.331436e-15
5268.0	1.346493e-15
5270.0	1.332525e-15
5272.0	1.306687e-15
5274.0	1.317585e-15
5276.0	1.31595e-15
5278.0	1.302049e-15
5280.0	1.327706e-15
5282.0	1.317385e-15
5284.0	1.315725e-15
5286.0	1.319014e-15
5288.0	1.316834e-15
5290.0	1.302451e-15
5292.0	1.298543e-15
5294.0	1.270694e-15
5296.0	1.291919e-15
5298.0	1.328133e-15
5300.0	1.326228e-15
5302.0	1.304099e-15
5304.0	1.300342e-15
5306.0	1.337489e-15
5308.0	1.357886e-15
5310.0	1.355819e-15
5312.0	1.345543e-15
5314.0	1.346283e-15
5316.0	1.351797e-15
5318.0	1.357629e-15
5320.0	1.36006e-15
5322.0	1.353061e-15
5324.0	1.355615e-15
5326.0	1.393486e-15
5328.0	1.385846e-15
5330.0	1.395513e-15
5332.0	1.3973e-15
5334.0	1.394045e-15
5336.0	1.388162e-15
5338.0	1.398194e-15
5340.0	1.382188e-15
5342.0	1.381596e-15
5344.0	1.379776e-15
5346.0	1.359356e-15
5348.0	1.316245e-15
5350.0	1.316693e-15
5352.0	1.313462e-15
5354.0	1.306957e-15
5356.0	1.308662e-15
5358.0	1.272156e-15
5360.0	1.234437e-15
5362.0	1.242944e-15
5364.0	1.225034e-15
5366.0	1.200037e-15
5368.0	1.196292e-15
5370.0	1.175063e-15
5372.0	1.129313e-15
5374.0	1.132408e-15
5376.0	1.120224e-15
5378.0	1.124478e-15
5380.0	1.107696e-15
5382.0	1.078421e-15
5384.0	1.08164e-15
5386.0	1.069881e-15
5388.0	1.065084e-15
5390.0	1.058487e-15
5392.0	1.05148e-15
5394.0	1.04411e-15
5396.0	1.024531e-15
5398.0	9.99228e-16
5400.0	1.004162e-15
5402.0	9.983697e-16
5404.0	1.013869e-15
5406.0	1.007938e-15
5408.0	1.006757e-15
5410.0	1.008071e-15
5412.0	1.006423e-15
5414.0	1.007239e-15
5416.0	9.92964e-16
5418.0	9.851065e-16
5420.0	9.937987e-16
5422.0	9.810013e-16
5424.0	9.969812e-16
5426.0	1.010583e-15
5428.0	1.008746e-15
5430.0	9.899705e-16
5432.0	1.005093e-15
5434.0	1.001346e-15
5436.0	1.01351e-15
5438.0	1.00378e-15
5440.0	1.00146e-15
5442.0	9.804924e-16
5444.0	9.990002e-16
5446.0	1.011103e-15
5448.0	9.828186e-16
5450.0	9.868852e-16
5452.0	1.025375e-15
5454.0	1.024215e-15
5456.0	1.027643e-15
5458.0	9.980832e-16
5460.0	9.996223e-16
5462.0	1.017518e-15
5464.0	1.033754e-15
5466.0	1.023578e-15
5468.0	1.076164e-15
5470.0	1.061261e-15
5472.0	1.085544e-15
5474.0	1.092588e-15
5476.0	1.078241e-15
5478.0	1.085247e-15
5480.0	1.087339e-15
5482.0	1.057602e-15
5484.0	1.059224e-15
5486.0	1.062541e-15
5488.0	1.074233e-15
5490.0	1.067731e-15
5492.0	1.087551e-15
5494.0	1.07032e-15
5496.0	1.071603e-15
5498.0	1.072191e-15
5500.0	1.041306e-15
5502.0	1.06527e-15
5504.0	1.069222e-15
5506.0	1.071912e-15
5508.0	1.069745e-15
5510.0	1.064004e-15
5512.0	1.069679e-15
5514.0	1.080935e-15
5516.0	1.068878e-15
5518.0	1.042916e-15
5520.0	1.029751e-15
5522.0	1.043212e-15
5524.0	1.028286e-15
5526.0	1.051284e-15
5528.0	1.046681e-15
5530.0	1.036958e-15
5532.0	1.02984e-15
5534.0	1.016782e-15
5536.0	1.008818e-15
5538.0	1.006355e-15
5540.0	1.020119e-15
5542.0	1.001006e-15
5544.0	1.000611e-15
5546.0	9.958395e-16
5548.0	9.886646e-16
5550.0	9.604924e-16
5552.0	9.510384e-16
5554.0	9.453848e-16
5556.0	9.522753e-16
5558.0	9.577227e-16
5560.0	9.502984e-16
5562.0	9.289207e-16
5564.0	9.087389e-16
5566.0	9.104361e-16
5568.0	8.999674e-16
5570.0	8.756438e-16
5572.0	8.621286e-16
5574.0	8.97739e-16
5576.0	9.075933e-16
5578.0	8.854402e-16
5580.0	8.730723e-16
5582.0	8.638233e-16
5584.0	8.517917e-16
5586.0	8.291063e-16
5588.0	8.44298e-16
5590.0	8.611862e-16
5592.0	8.691163e-16
5594.0	8.691092e-16
5596.0	8.755385e-16
5598.0	8.622562e-16
5600.0	8.745697e-16
5602.0	8.672102e-16
5604.0	8.720701e-16
5606.0	8.968848e-16
5608.0	8.881657e-16
5610.0	8.75833e-16
5612.0	8.994062e-16
5614.0	9.287079e-16
5616.0	9.294927e-16
5618.0	9.289504e-16
5620.0	9.371555e-16
5622.0	9.598655e-16
5624.0	9.795932e-16
5626.0	9.874274e-16
5628.0	9.810292e-16
5630.0	9.811391e-16
5632.0	9.847823e-16
5634.0	9.775314e-16
5636.0	1.004388e-15
5638.0	1.028702e-15
5640.0	1.055247e-15
5642.0	1.06606e-15
5644.0	1.073169e-15
5646.0	1.083152e-15
5648.0	1.085074e-15
5650.0	1.092893e-15
5652.0	1.116595e-15
5654.0	1.122146e-15
5656.0	1.108828e-15
5658.0	1.126493e-15
5660.0	1.136081e-15
5662.0	1.147769e-15
5664.0	1.159253e-15
5666.0	1.146096e-15
5668.0	1.144233e-15
5670.0	1.162408e-15
5672.0	1.146766e-15
5674.0	1.162559e-15
5676.0	1.155716e-15
5678.0	1.156806e-15
5680.0	1.186187e-15
5682.0	1.172227e-15
5684.0	1.148497e-15
5686.0	1.174582e-15
5688.0	1.18042e-15
5690.0	1.158903e-15
5692.0	1.159223e-15
5694.0	1.16111e-15
5696.0	1.163016e-15
5698.0	1.176218e-15
5700.0	1.165489e-15
5702.0	1.143558e-15
5704.0	1.167307e-15
5706.0	1.167027e-15
5708.0	1.148587e-15
5710.0	1.172683e-15
5712.0	1.170406e-15
5714.0	1.168722e-15
5716.0	1.20648e-15
5718.0	1.213669e-15
5720.0	1.205616e-15
5722.0	1.185325e-15
5724.0	1.182887e-15
5726.0	1.189539e-15
5728.0	1.198014e-15
5730.0	1.20735e-15
5732.0	1.195505e-15
5734.0	1.185265e-15
5736.0	1.204804e-15
5738.0	1.208442e-15
5740.0	1.205525e-15
5742.0	1.194234e-15
5744.0	1.190787e-15
5746.0	1.216415e-15
5748.0	1.231795e-15
5750.0	1.217242e-15
5752.0	1.207866e-15
5754.0	1.194699e-15
5756.0	1.20145e-15
5758.0	1.190875e-15
5760.0	1.198255e-15
5762.0	1.196678e-15
5764.0	1.214527e-15
5766.0	1.221393e-15
5768.0	1.202017e-15
5770.0	1.19775e-15
5772.0	1.204897e-15
5774.0	1.207231e-15
5776.0	1.201279e-15
5778.0	1.197825e-15
5780.0	1.190326e-15
5782.0	1.196408e-15
5784.0	1.215005e-15
5786.0	1.223536e-15
5788.0	1.227233e-15
5790.0	1.225127e-15
5792.0	1.225684e-15
5794.0	1.20193e-15
5796.0	1.19867e-15
5798.0	1.217722e-15
5800.0	1.227611e-15
5802.0	1.224459e-15
5804.0	1.224038e-15
5806.0	1.224237e-15
5808.0	1.215737e-15
5810.0	1.199615e-15
5812.0	1.215362e-15
5814.0	1.238993e-15
5816.0	1.236215e-15
5818.0	1.216121e-15
5820.0	1.207676e-15
5822.0	1.217362e-15
5824.0	1.217701e-15
5826.0	1.198253e-15
5828.0	1.176643e-15
5830.0	1.179092e-15
5832.0	1.198599e-15
5834.0	1.186783e-15
5836.0	1.164148e-15
5838.0	1.164602e-15
5840.0	1.181803e-15
5842.0	1.185798e-15
5844.0	1.164174e-15
5846.0	1.147106e-15
5848.0	1.134356e-15
5850.0	1.116353e-15
5852.0	1.092419e-15
5854.0	1.087357e-15
5856.0	1.089416e-15
5858.0	1.071429e-15
5860.0	1.054581e-15
5862.0	1.058984e-15
5864.0	1.043817e-15
5866.0	1.026206e-15
5868.0	1.031438e-15
5870.0	1.015932e-15
5872.0	9.907798e-16
5874.0	9.774636e-16
5876.0	9.792017e-16
5878.0	9.885654e-16
5880.0	9.91584e-16
5882.0	9.730826e-16
5884.0	9.48048e-16
5886.0	9.466846e-16
5888.0	9.207747e-16
5890.0	8.860211e-16
5892.0	8.806557e-16
5894.0	9.067149e-16
5896.0	9.14216e-16
5898.0	8.990808e-16
5900.0	9.052552e-16
5902.0	9.192674e-16
5904.0	9.166623e-16
5906.0	9.151693e-16
5908.0	9.06993e-16
5910.0	8.907512e-16
5912.0	9.008998e-16
5914.0	9.094289e-16
5916.0	9.187693e-16
5918.0	9.226115e-16
5920.0	9.090337e-16
5922.0	8.934636e-16
5924.0	9.061067e-16
5926.0	9.213525e-16
5928.0	9.307618e-16
5930.0	9.29943e-16
5932.0	9.294835e-16
5934.0	9.392314e-16
5936.0	9.496538e-16
5938.0	9.518336e-16
5940.0	9.469492e-16
5942.0	9.540359e-16
5944.0	9.569881e-16
5946.0	9.660463e-16
5948.0	9.690717e-16
5950.0	9.852509e-16
5952.0	1.003122e-15
5954.0	9.892031e-16
5956.0	9.835474e-16
5958.0	9.965992e-16
5960.0	1.004435e-15
5962.0	1.024071e-15
5964.0	1.034332e-15
5966.0	1.035195e-15
5968.0	1.028042e-15
5970.0	1.023338e-15
5972.0	1.041029e-15
5974.0	1.044978e-15
5976.0	1.051151e-15
5978.0	1.058322e-15
5980.0	1.057745e-15
5982.0	1.074156e-15
5984.0	1.073817e-15
5986.0	1.068691e-15
5988.0	1.081819e-15
5990.0	1.100666e-15
5992.0	1.120591e-15
5994.0	1.116322e-15
5996.0	1.111942e-15
5998.0	1.112389e-15
6000.0	1.122058e-15
6002.0	1.122799e-15
6004.0	1.130795e-15
6006.0	1.130445e-15
6008.0	1.121093e-15
6010.0	1.137946e-15
6012.0	1.148957e-15
6014.0	1.149775e-15
6016.0	1.159018e-15
6018.0	1.162856e-15
6020.0	1.167677e-15
6022.0	1.166419e-15
6024.0	1.160855e-15
6026.0	1.168151e-15
6028.0	1.171918e-15
6030.0	1.167308e-15
6032.0	1.161303e-15
6034.0	1.168336e-15
6036.0	1.18742e-15
6038.0	1.180225e-15
6040.0	1.186249e-15
6042.0	1.21129e-15
6044.0	1.201367e-15
6046.0	1.191423e-15
6048.0	1.197614e-15
6050.0	1.18917e-15
6052.0	1.201565e-15
6054.0	1.205326e-15
6056.0	1.209025e-15
6058.0	1.218294e-15
6060.0	1.211508e-15
6062.0	1.206521e-15
6064.0	1.206391e-15
6066.0	1.215046e-15
6068.0	1.201849e-15
6070.0	1.184695e-15
6072.0	1.197043e-15
6074.0	1.203917e-15
6076.0	1.237485e-15
6078.0	1.242015e-15
6080.0	1.225416e-15
6082.0	1.228913e-15
6084.0	1.203535e-15
6086.0	1.203727e-15
6088.0	1.235752e-15
6090.0	1.231548e-15
6092.0	1.220588e-15
6094.0	1.2126e-15
6096.0	1.219317e-15
6098.0	1.207488e-15
6100.0	1.207937e-15
6102.0	1.217645e-15
6104.0	1.204941e-15
6106.0	1.195743e-15
6108.0	1.197941e-15
6110.0	1.20552e-15
6112.0	1.200719e-15
6114.0	1.169334e-15
6116.0	1.183587e-15
6118.0	1.18689e-15
6120.0	1.191707e-15
6122.0	1.166155e-15
6124.0	1.171947e-15
6126.0	1.167085e-15
6128.0	1.144929e-15
6130.0	1.137398e-15
6132.0	1.123704e-15
6134.0	1.114836e-15
6136.0	1.119615e-15
6138.0	1.092413e-15
6140.0	1.081558e-15
6142.0	1.086967e-15
6144.0	1.086502e-15
6146.0	1.057728e-15
6148.0	1.064401e-15
6150.0	1.047027e-15
6152.0	1.03887e-15
6154.0	1.010517e-15
6156.0	1.003424e-15
6158.0	9.95696e-16
6160.0	9.721993e-16
6162.0	9.730883e-16
6164.0	9.714184e-16
6166.0	9.389961e-16
6168.0	9.651842e-16
6170.0	9.345303e-16
6172.0	9.260374e-16
6174.0	9.220074e-16
6176.0	9.120854e-16
6178.0	8.918965e-16
6180.0	8.887294e-16
6182.0	8.871942e-16
6184.0	8.894357e-16
6186.0	8.738598e-16
6188.0	8.614494e-16
6190.0	8.453914e-16
6192.0	8.320789e-16
6194.0	8.259246e-16
6196.0	8.148061e-16
6198.0	8.025909e-16
6200.0	7.810031e-16
6202.0	7.763891e-16
6204.0	7.467744e-16
6206.0	7.246469e-16
6208.0	7.301674e-16
6210.0	7.112141e-16
6212.0	6.872712e-16
6214.0	6.961302e-16
6216.0	6.595543e-16
6218.0	6.349838e-16
6220.0	6.327264e-16
6222.0	6.54566e-16
6224.0	6.325152e-16
6226.0	6.175439e-16
6228.0	5.987627e-16
6230.0	5.936668e-16
6232.0	5.725509e-16
6234.0	5.826571e-16
6236.0	5.639033e-16
6238.0	5.583443e-16
6240.0	5.583571e-16
6242.0	5.434595e-16
6244.0	5.306937e-16
6246.0	5.356399e-16
6248.0	5.311405e-16
6250.0	5.107995e-16
6252.0	5.078269e-16
6254.0	5.258727e-16
6256.0	5.173383e-16
6258.0	5.274376e-16
6260.0	5.064026e-16
6262.0	4.941632e-16
6264.0	5.049936e-16
6266.0	4.773003e-16
6268.0	4.551267e-16
6270.0	4.748248e-16
6272.0	4.806099e-16
6274.0	4.648337e-16
6276.0	4.698179e-16
6278.0	4.844137e-16
6280.0	4.855063e-16
6282.0	4.806311e-16
6284.0	4.66959e-16
6286.0	4.698447e-16
6288.0	4.867892e-16
6290.0	4.757294e-16
6292.0	4.783367e-16
6294.0	4.901572e-16
6296.0	4.91114e-16
6298.0	5.009192e-16
6300.0	4.928362e-16
6302.0	4.974578e-16
6304.0	5.134305e-16
6306.0	5.124629e-16
6308.0	4.86242e-16
6310.0	5.051897e-16
6312.0	5.210362e-16
6314.0	5.354679e-16
6316.0	5.672725e-16
6318.0	5.533765e-16
6320.0	5.495036e-16
6322.0	5.65216e-16
6324.0	5.702666e-16
6326.0	5.769396e-16
6328.0	5.790362e-16
6330.0	5.897981e-16
6332.0	6.101823e-16
6334.0	6.034819e-16
6336.0	6.082666e-16
6338.0	6.277518e-16
6340.0	6.389755e-16
6342.0	6.618338e-16
6344.0	6.761192e-16
6346.0	6.724561e-16
6348.0	6.932755e-16
6350.0	7.085955e-16
6352.0	7.077737e-16
6354.0	7.225795e-16
6356.0	7.395639e-16
6358.0	7.486112e-16
6360.0	7.600411e-16
6362.0	7.83068e-16
6364.0	7.882535e-16
6366.0	7.837734e-16
6368.0	7.948035e-16
6370.0	8.051944e-16
6372.0	8.299786e-16
6374.0	8.262759e-16
6376.0	8.24328e-16
6378.0	8.593204e-16
6380.0	8.79667e-16
6382.0	8.68774e-16
6384.0	8.665853e-16
6386.0	8.758048e-16
6388.0	8.695882e-16
6390.0	8.752997e-16
6392.0	9.012251e-16
6394.0	9.072682e-16
6396.0	9.160374e-16
6398.0	9.455109e-16
6400.0	9.436124e-16
6402.0	9.489487e-16
6404.0	9.428381e-16
6406.0	9.238619e-16
6408.0	9.398965e-16
6410.0	9.536229e-16
6412.0	9.722814e-16
6414.0	9.930379e-16
6416.0	9.881653e-16
6418.0	9.973689e-16
6420.0	1.012078e-15
6422.0	1.021913e-15
6424.0	1.048211e-15
6426.0	1.045776e-15
6428.0	1.027459e-15
6430.0	1.034202e-15
6432.0	1.04084e-15
6434.0	1.038245e-15
6436.0	1.04406e-15
6438.0	1.045058e-15
6440.0	1.042153e-15
6442.0	1.052103e-15
6444.0	1.054087e-15
6446.0	1.074359e-15
6448.0	1.102864e-15
6450.0	1.07865e-15
6452.0	1.058692e-15
6454.0	1.078538e-15
6456.0	1.106528e-15
6458.0	1.107567e-15
6460.0	1.102551e-15
6462.0	1.097199e-15
6464.0	1.110569e-15
6466.0	1.124857e-15
6468.0	1.122668e-15
6470.0	1.118031e-15
6472.0	1.109713e-15
6474.0	1.105645e-15
6476.0	1.094474e-15
6478.0	1.098292e-15
6480.0	1.121419e-15
6482.0	1.119996e-15
6484.0	1.100666e-15
6486.0	1.103722e-15
6488.0	1.106265e-15
6490.0	1.11673e-15
6492.0	1.119466e-15
6494.0	1.111322e-15
6496.0	1.088903e-15
6498.0	1.088624e-15
6500.0	1.070157e-15
6502.0	1.076797e-15
6504.0	1.079057e-15
6506.0	1.072639e-15
6508.0	1.081462e-15
6510.0	1.083339e-15
6512.0	1.086714e-15
6514.0	1.099102e-15
6516.0	1.099733e-15
6518.0	1.090375e-15
6520.0	1.083622e-15
6522.0	1.078582e-15
6524.0	1.083133e-15
6526.0	1.104183e-15
6528.0	1.100303e-15
6530.0	1.088873e-15
6532.0	1.099034e-15
6534.0	1.095109e-15
6536.0	1.094207e-15
6538.0	1.0883e-15
6540.0	1.069621e-15
6542.0	1.084758e-15
6544.0	1.098127e-15
6546.0	1.071123e-15
6548.0	1.052755e-15
6550.0	1.063648e-15
6552.0	1.07463e-15
6554.0	1.071386e-15
6556.0	1.076897e-15
6558.0	1.080585e-15
6560.0	1.078265e-15
6562.0	1.087879e-15
6564.0	1.086245e-15
6566.0	1.076413e-15
6568.0	1.067277e-15
6570.0	1.065457e-15
6572.0	1.068418e-15
6574.0	1.061742e-15
6576.0	1.056839e-15
6578.0	1.065762e-15
6580.0	1.074981e-15
6582.0	1.054927e-15
6584.0	1.052764e-15
6586.0	1.075681e-15
6588.0	1.069853e-15
6590.0	1.061173e-15
6592.0	1.052391e-15
6594.0	1.04434e-15
6596.0	1.053659e-15
6598.0	1.036435e-15
6600.0	1.026837e-15
6602.0	1.049814e-15
6604.0	1.044112e-15
6606.0	1.034356e-15
6608.0	1.039422e-15
6610.0	1.037348e-15
6612.0	1.037705e-15
6614.0	1.034471e-15
6616.0	1.020975e-15
6618.0	1.027637e-15
6620.0	1.034723e-15
6622.0	1.025615e-15
6624.0	1.031129e-15
6626.0	1.034475e-15
6628.0	1.04163e-15
6630.0	1.046926e-15
6632.0	1.052447e-15
6634.0	1.048735e-15
6636.0	1.036698e-15
6638.0	1.022419e-15
6640.0	1.012692e-15
6642.0	1.025519e-15
6644.0	1.025092e-15
6646.0	1.022837e-15
6648.0	1.039081e-15
6650.0	1.022601e-15
6652.0	1.013404e-15
6654.0	1.034595e-15
6656.0	1.010406e-15
6658.0	9.962734e-16
6660.0	1.00031e-15
6662.0	1.000197e-15
6664.0	9.920488e-16
6666.0	9.961297e-16
6668.0	1.014486e-15
6670.0	1.005746e-15
6672.0	1.010986e-15
6674.0	1.02585e-15
6676.0	1.010615e-15
6678.0	9.799861e-16
6680.0	9.883968e-16
6682.0	9.891011e-16
6684.0	9.802847e-16
6686.0	9.796391e-16
6688.0	9.849244e-16
6690.0	9.82752e-16
6692.0	9.923337e-16
6694.0	9.876667e-16
6696.0	9.811075e-16
6698.0	9.857754e-16
6700.0	9.987349e-16
6702.0	9.854686e-16
6704.0	9.68329e-16
6706.0	9.722765e-16
6708.0	9.575843e-16
6710.0	9.743572e-16
6712.0	9.859138e-16
6714.0	9.690208e-16
6716.0	9.770899e-16
6718.0	9.786892e-16
6720.0	9.711089e-16
6722.0	9.785999e-16
6724.0	9.743805e-16
6726.0	9.47477e-16
6728.0	9.357431e-16
6730.0	9.604791e-16
6732.0	9.647545e-16
6734.0	9.52603e-16
6736.0	9.814433e-16
6738.0	9.806249e-16
6740.0	9.615122e-16
6742.0	9.411259e-16
6744.0	9.462019e-16
6746.0	9.489663e-16
6748.0	9.312084e-16
6750.0	9.328467e-16
6752.0	9.468897e-16
6754.0	9.474446e-16
6756.0	9.379719e-16
6758.0	9.477483e-16
6760.0	9.62225e-16
6762.0	9.56047e-16
6764.0	9.550199e-16
6766.0	9.359285e-16
6768.0	9.127362e-16
6770.0	9.194888e-16
6772.0	9.229159e-16
6774.0	9.211807e-16
6776.0	9.234502e-16
6778.0	9.331714e-16
6780.0	9.303538e-16
6782.0	9.215066e-16
6784.0	9.200981e-16
6786.0	9.132371e-16
6788.0	8.951562e-16
6790.0	9.090938e-16
6792.0	9.177743e-16
6794.0	9.226184e-16
6796.0	9.340311e-16
6798.0	9.415656e-16
6800.0	9.341105e-16
6802.0	9.109582e-16
6804.0	8.984763e-16
6806.0	8.891483e-16
6808.0	8.984131e-16
6810.0	8.981473e-16
6812.0	9.144758e-16
6814.0	9.005633e-16
6816.0	8.985996e-16
6818.0	9.050626e-16
6820.0	8.761674e-16
6822.0	8.988719e-16
6824.0	8.948724e-16
6826.0	8.761121e-16
6828.0	8.74607e-16
6830.0	8.710671e-16
6832.0	8.859307e-16
6834.0	8.918825e-16
6836.0	8.967853e-16
6838.0	9.019199e-16
6840.0	9.03862e-16
6842.0	8.980234e-16
6844.0	9.044798e-16
6846.0	8.878002e-16
6848.0	8.758544e-16
6850.0	8.896307e-16
6852.0	8.808471e-16
6854.0	8.955007e-16
6856.0	9.057747e-16
6858.0	8.768333e-16
6860.0	8.793655e-16
6862.0	8.837246e-16
6864.0	8.765161e-16
6866.0	8.872074e-16
6868.0	8.848333e-16
6870.0	8.510708e-16
6872.0	8.598335e-16
6874.0	8.714169e-16
6876.0	8.871697e-16
6878.0	9.05943e-16
6880.0	8.895654e-16
6882.0	8.681982e-16
6884.0	8.565951e-16
6886.0	8.349699e-16
6888.0	8.323391e-16
6890.0	8.482168e-16
6892.0	8.635765e-16
6894.0	8.660015e-16
6896.0	8.417427e-16
6898.0	8.492702e-16
6900.0	8.548378e-16
6902.0	8.396752e-16
6904.0	8.333422e-16
6906.0	8.432603e-16
6908.0	8.420454e-16
6910.0	8.36989e-16
6912.0	8.271906e-16
6914.0	8.243811e-16
6916.0	8.216431e-16
6918.0	8.17513e-16
6920.0	8.241093e-16
6922.0	8.235884e-16
6924.0	8.305836e-16
6926.0	8.2497e-16
6928.0	8.092096e-16
6930.0	8.039729e-16
6932.0	8.059216e-16
6934.0	8.414841e-16
6936.0	8.445962e-16
6938.0	8.125295e-16
6940.0	8.07671e-16
6942.0	7.964491e-16
6944.0	7.964605e-16
6946.0	8.105925e-16
6948.0	7.980484e-16
6950.0	8.161319e-16
6952.0	8.127129e-16
6954.0	8.113124e-16
6956.0	8.046088e-16
6958.0	7.930548e-16
6960.0	7.953844e-16
6962.0	8.115785e-16
6964.0	8.043092e-16
6966.0	8.071469e-16
6968.0	8.14378e-16
6970.0	8.051183e-16
6972.0	7.95738e-16
6974.0	8.056694e-16
6976.0	8.120726e-16
6978.0	8.15085e-16
6980.0	8.00592e-16
6982.0	8.130319e-16
6984.0	8.0265e-16
6986.0	8.286805e-16
6988.0	8.050985e-16
6990.0	8.333932e-16
6992.0	8.133989e-16
6994.0	8.067073e-16
6996.0	8.215676e-16
6998.0	8.142127e-16
7000.0	8.076345e-16
7002.0	8.069671e-16
7004.0	7.92361e-16
7006.0	8.052493e-16
7008.0	8.170741e-16
7010.0	8.160794e-16
7012.0	7.879752e-16
7014.0	7.784806e-16
7016.0	8.005448e-16
7018.0	8.124796e-16
7020.0	7.959061e-16
7022.0	8.024955e-16
7024.0	8.069124e-16
7026.0	7.989629e-16
7028.0	7.906157e-16
7030.0	7.837663e-16
7032.0	7.974645e-16
7034.0	8.080711e-16
7036.0	8.076536e-16
7038.0	8.109042e-16
7040.0	7.908452e-16
7042.0	7.800529e-16
7044.0	7.783849e-16
7046.0	7.777759e-16
7048.0	7.839536e-16
7050.0	7.945052e-16
7052.0	7.872636e-16
7054.0	7.773377e-16
7056.0	7.780315e-16
7058.0	7.801792e-16
7060.0	7.748361e-16
7062.0	7.741646e-16
7064.0	7.806637e-16
7066.0	7.849119e-16
7068.0	7.821676e-16
7070.0	7.680925e-16
7072.0	7.625848e-16
7074.0	7.712049e-16
7076.0	7.634624e-16
7078.0	7.574525e-16
7080.0	7.556957e-16
7082.0	7.574165e-16
7084.0	7.67086e-16
7086.0	7.683734e-16
7088.0	7.72518e-16
7090.0	7.631412e-16
7092.0	7.430033e-16
7094.0	7.510879e-16
7096.0	7.793937e-16
7098.0	7.894252e-16
7100.0	7.607152e-16
