#	 2017iez 
#	 UT date of observation: 20171122 
#	 Telescope/Instrument: Lick3m/KAST 
#	 Estimated Peak MJD: 58082.777 
#	 Estimated redshift: 0.046 
#	 Estimated Phase: -3.7 
#	 Published in Dettman et al. 2020 
#	 Observed barycentric wavelength (Angstroms)    F_lambda
3200.0	-0.112455
3203.0	0.203407
3206.0	0.0721974
3209.0	0.349485
3212.0	-0.242371
3215.0	0.120065
3218.0	0.201272
3221.0	0.770661
3224.0	-1.0448
3227.0	0.370412
3230.0	-0.192241
3233.0	-0.290228
3236.0	0.2278
3239.0	0.936844
3242.0	0.955956
3245.0	0.98624
3248.0	1.00658
3251.0	0.976689
3254.0	0.194188
3257.0	0.165095
3260.0	0.556246
3263.0	-0.743241
3266.0	0.385875
3269.0	0.186954
3272.0	0.719321
3275.0	1.25868
3278.0	-1.44778
3281.0	-0.0471119
3284.0	0.905325
3287.0	1.49853
3290.0	0.439974
3293.0	0.477094
3296.0	1.5216
3299.0	0.127902
3302.0	0.425948
3305.0	0.386982
3308.0	0.299216
3311.0	0.527423
3314.0	0.475738
3317.0	0.0755748
3320.0	0.650477
3323.0	1.47406
3326.0	0.90348
3329.0	0.128492
3332.0	0.416849
3335.0	0.811799
3338.0	0.9179
3341.0	0.457956
3344.0	0.690135
3347.0	0.611541
3350.0	0.928622
3353.0	0.927155
3356.0	0.0169766
3359.0	0.392633
3362.0	0.205472
3365.0	0.991771
3368.0	-0.190181
3371.0	0.177952
3374.0	0.748433
3377.0	0.590342
3380.0	0.620628
3383.0	0.249256
3386.0	0.802613
3389.0	0.392914
3392.0	0.46102
3395.0	0.41528
3398.0	0.447577
3401.0	0.487733
3404.0	0.551231
3407.0	0.624958
3410.0	0.384073
3413.0	0.819516
3416.0	0.2668
3419.0	0.612613
3422.0	0.442402
3425.0	0.550456
3428.0	0.76789
3431.0	0.39305
3434.0	0.778367
3437.0	0.64082
3440.0	0.419427
3443.0	0.463418
3446.0	0.440622
3449.0	0.316228
3452.0	0.423344
3455.0	0.473898
3458.0	0.420405
3461.0	0.538715
3464.0	0.534936
3467.0	0.533224
3470.0	0.69183
3473.0	0.678654
3476.0	0.703904
3479.0	0.761257
3482.0	0.650522
3485.0	0.754517
3488.0	0.73342
3491.0	0.688938
3494.0	0.923606
3497.0	0.721057
3500.0	0.567079
3503.0	0.748318
3506.0	0.740283
3509.0	0.861484
3512.0	0.674016
3515.0	0.715071
3518.0	0.62116
3521.0	0.692689
3524.0	0.95456
3527.0	0.956132
3530.0	0.795319
3533.0	0.753087
3536.0	0.72126
3539.0	0.70674
3542.0	0.789493
3545.0	0.732947
3548.0	0.827382
3551.0	0.768643
3554.0	0.646391
3557.0	0.735842
3560.0	0.766364
3563.0	0.927826
3566.0	0.784921
3569.0	0.703822
3572.0	0.812523
3575.0	0.792305
3578.0	0.81463
3581.0	0.884686
3584.0	0.908369
3587.0	0.764856
3590.0	0.934522
3593.0	0.814999
3596.0	0.928584
3599.0	0.980807
3602.0	0.794637
3605.0	0.867405
3608.0	1.0361
3611.0	1.02972
3614.0	1.07204
3617.0	0.989674
3620.0	1.08941
3623.0	1.08204
3626.0	1.14623
3629.0	1.08923
3632.0	1.14401
3635.0	1.21966
3638.0	1.10441
3641.0	1.06883
3644.0	1.15028
3647.0	1.15353
3650.0	1.10816
3653.0	1.11798
3656.0	1.18195
3659.0	1.25634
3662.0	1.06369
3665.0	1.17855
3668.0	1.19084
3671.0	1.13829
3674.0	1.12483
3677.0	1.04543
3680.0	1.12954
3683.0	1.20167
3686.0	1.10757
3689.0	1.21685
3692.0	1.29868
3695.0	1.1809
3698.0	1.26749
3701.0	1.17753
3704.0	1.32939
3707.0	1.20851
3710.0	1.20582
3713.0	1.1695
3716.0	1.19004
3719.0	1.26064
3722.0	1.20354
3725.0	1.26548
3728.0	1.25515
3731.0	1.26388
3734.0	1.09772
3737.0	1.04128
3740.0	1.30776
3743.0	1.17838
3746.0	1.13833
3749.0	1.12132
3752.0	1.26803
3755.0	1.09137
3758.0	1.20212
3761.0	1.03691
3764.0	1.13311
3767.0	1.11669
3770.0	1.09865
3773.0	1.03029
3776.0	1.0155
3779.0	1.0441
3782.0	1.0942
3785.0	1.10069
3788.0	1.07007
3791.0	1.0148
3794.0	1.02564
3797.0	1.09285
3800.0	0.967182
3803.0	0.993764
3806.0	1.01946
3809.0	0.836973
3812.0	0.835845
3815.0	0.865401
3818.0	0.7692
3821.0	0.836088
3824.0	0.796446
3827.0	0.761818
3830.0	0.719463
3833.0	0.67597
3836.0	0.713703
3839.0	0.628413
3842.0	0.528991
3845.0	0.523885
3848.0	0.478583
3851.0	0.477131
3854.0	0.472245
3857.0	0.452524
3860.0	0.403633
3863.0	0.363765
3866.0	0.330725
3869.0	0.335259
3872.0	0.283226
3875.0	0.258028
3878.0	0.290031
3881.0	0.310394
3884.0	0.243379
3887.0	0.279008
3890.0	0.298218
3893.0	0.312256
3896.0	0.269305
3899.0	0.304087
3902.0	0.322318
3905.0	0.318285
3908.0	0.312774
3911.0	0.330293
3914.0	0.372659
3917.0	0.345939
3920.0	0.329251
3923.0	0.34946
3926.0	0.374775
3929.0	0.394769
3932.0	0.365798
3935.0	0.436265
3938.0	0.391907
3941.0	0.389353
3944.0	0.416968
3947.0	0.385342
3950.0	0.418662
3953.0	0.495345
3956.0	0.423002
3959.0	0.462101
3962.0	0.49147
3965.0	0.518345
3968.0	0.509647
3971.0	0.492583
3974.0	0.575985
3977.0	0.515728
3980.0	0.544263
3983.0	0.568438
3986.0	0.601472
3989.0	0.553924
3992.0	0.627769
3995.0	0.66004
3998.0	0.661745
4001.0	0.713619
4004.0	0.706014
4007.0	0.73494
4010.0	0.815101
4013.0	0.804035
4016.0	0.879129
4019.0	0.822029
4022.0	0.912914
4025.0	0.986414
4028.0	0.982895
4031.0	1.07751
4034.0	1.09478
4037.0	1.02184
4040.0	1.06417
4043.0	1.08465
4046.0	1.15996
4049.0	1.15015
4052.0	1.27159
4055.0	1.21179
4058.0	1.14863
4061.0	1.14773
4064.0	1.2996
4067.0	1.28668
4070.0	1.29799
4073.0	1.24292
4076.0	1.33203
4079.0	1.26572
4082.0	1.33207
4085.0	1.37727
4088.0	1.3466
4091.0	1.35162
4094.0	1.38144
4097.0	1.38034
4100.0	1.38821
4103.0	1.40021
4106.0	1.38401
4109.0	1.44644
4112.0	1.3726
4115.0	1.35705
4118.0	1.3118
4121.0	1.36152
4124.0	1.26739
4127.0	1.26323
4130.0	1.32664
4133.0	1.33194
4136.0	1.19813
4139.0	1.21886
4142.0	1.2687
4145.0	1.18397
4148.0	1.10327
4151.0	1.11108
4154.0	1.15176
4157.0	1.13348
4160.0	1.2107
4163.0	1.14645
4166.0	1.06653
4169.0	1.02058
4172.0	1.08146
4175.0	1.08886
4178.0	1.0874
4181.0	1.09249
4184.0	1.06752
4187.0	1.13066
4190.0	1.06569
4193.0	1.08892
4196.0	1.07311
4199.0	1.15481
4202.0	1.15133
4205.0	1.13591
4208.0	1.17913
4211.0	1.1199
4214.0	1.20342
4217.0	1.18177
4220.0	1.25314
4223.0	1.25551
4226.0	1.20053
4229.0	1.24151
4232.0	1.30165
4235.0	1.25061
4238.0	1.27475
4241.0	1.33103
4244.0	1.35275
4247.0	1.32577
4250.0	1.3872
4253.0	1.35967
4256.0	1.38453
4259.0	1.38071
4262.0	1.41922
4265.0	1.36193
4268.0	1.39836
4271.0	1.37713
4274.0	1.36857
4277.0	1.33962
4280.0	1.46813
4283.0	1.31534
4286.0	1.42696
4289.0	1.34562
4292.0	1.30575
4295.0	1.31595
4298.0	1.355
4301.0	1.31348
4304.0	1.23736
4307.0	1.26345
4310.0	1.18204
4313.0	1.30574
4316.0	1.22435
4319.0	1.26178
4322.0	1.1953
4325.0	1.23091
4328.0	1.14712
4331.0	1.23142
4334.0	1.13883
4337.0	1.09577
4340.0	1.17704
4343.0	1.07481
4346.0	1.1208
4349.0	1.15214
4352.0	1.05704
4355.0	1.06601
4358.0	1.08921
4361.0	1.03449
4364.0	1.06688
4367.0	1.04164
4370.0	1.09387
4373.0	1.04499
4376.0	1.05606
4379.0	1.06341
4382.0	1.0205
4385.0	1.00155
4388.0	0.9724
4391.0	0.923601
4394.0	0.921677
4397.0	0.963435
4400.0	0.962933
4403.0	0.918698
4406.0	0.906631
4409.0	0.920941
4412.0	0.9102
4415.0	0.93859
4418.0	0.852073
4421.0	0.859325
4424.0	0.833267
4427.0	0.860276
4430.0	0.828214
4433.0	0.846191
4436.0	0.784335
4439.0	0.823677
4442.0	0.789711
4445.0	0.782822
4448.0	0.794298
4451.0	0.712661
4454.0	0.720446
4457.0	0.723566
4460.0	0.670429
4463.0	0.665038
4466.0	0.628733
4469.0	0.661026
4472.0	0.61678
4475.0	0.631861
4478.0	0.580096
4481.0	0.551086
4484.0	0.641464
4487.0	0.529664
4490.0	0.568255
4493.0	0.563919
4496.0	0.579208
4499.0	0.606171
4502.0	0.575094
4505.0	0.64666
4508.0	0.644958
4511.0	0.665725
4514.0	0.704235
4517.0	0.621737
4520.0	0.64456
4523.0	0.703662
4526.0	0.708506
4529.0	0.787006
4532.0	0.668877
4535.0	0.685664
4538.0	0.734701
4541.0	0.77514
4544.0	0.738693
4547.0	0.776923
4550.0	0.767884
4553.0	0.734611
4556.0	0.730097
4559.0	0.762565
4562.0	0.798561
4565.0	0.791461
4568.0	0.779569
4571.0	0.771712
4574.0	0.844587
4577.0	0.80341
4580.0	0.766561
4583.0	0.855007
4586.0	0.827337
4589.0	0.82543
4592.0	0.849127
4595.0	0.758394
4598.0	0.815654
4601.0	0.790191
4604.0	0.765748
4607.0	0.787713
4610.0	0.732747
4613.0	0.749056
4616.0	0.70103
4619.0	0.748083
4622.0	0.727988
4625.0	0.700752
4628.0	0.701301
4631.0	0.676262
4634.0	0.713355
4637.0	0.718236
4640.0	0.696128
4643.0	0.737764
4646.0	0.78606
4649.0	0.729789
4652.0	0.764376
4655.0	0.774973
4658.0	0.783021
4661.0	0.729109
4664.0	0.824174
4667.0	0.83758
4670.0	0.852183
4673.0	0.863528
4676.0	0.881172
4679.0	0.925309
4682.0	0.875249
4685.0	0.878537
4688.0	0.904288
4691.0	0.927466
4694.0	0.864505
4697.0	0.912764
4700.0	0.944375
4703.0	0.884755
4706.0	0.944006
4709.0	0.937062
4712.0	0.932538
4715.0	0.931176
4718.0	0.926772
4721.0	0.960877
4724.0	0.937009
4727.0	0.935159
4730.0	0.920121
4733.0	0.914693
4736.0	0.93941
4739.0	0.914317
4742.0	0.895535
4745.0	0.93485
4748.0	0.86073
4751.0	0.872146
4754.0	0.846179
4757.0	0.850417
4760.0	0.8308
4763.0	0.877947
4766.0	0.848878
4769.0	0.857762
4772.0	0.898025
4775.0	0.902361
4778.0	0.858196
4781.0	0.865332
4784.0	0.832991
4787.0	0.862537
4790.0	0.842329
4793.0	0.881134
4796.0	0.885321
4799.0	0.863386
4802.0	0.896558
4805.0	0.866957
4808.0	0.873257
4811.0	0.859583
4814.0	0.869378
4817.0	0.830365
4820.0	0.862169
4823.0	0.796091
4826.0	0.844591
4829.0	0.803916
4832.0	0.841913
4835.0	0.865506
4838.0	0.784307
4841.0	0.793239
4844.0	0.765046
4847.0	0.758935
4850.0	0.730737
4853.0	0.710371
4856.0	0.715716
4859.0	0.682313
4862.0	0.703717
4865.0	0.689851
4868.0	0.639796
4871.0	0.723143
4874.0	0.64451
4877.0	0.687533
4880.0	0.644294
4883.0	0.667826
4886.0	0.648644
4889.0	0.616481
4892.0	0.643781
4895.0	0.603694
4898.0	0.630504
4901.0	0.6526
4904.0	0.660899
4907.0	0.638159
4910.0	0.670915
4913.0	0.686037
4916.0	0.614235
4919.0	0.693508
4922.0	0.622102
4925.0	0.672058
4928.0	0.657968
4931.0	0.677558
4934.0	0.633536
4937.0	0.620935
4940.0	0.634973
4943.0	0.637664
4946.0	0.615132
4949.0	0.60896
4952.0	0.628488
4955.0	0.633194
4958.0	0.584124
4961.0	0.577265
4964.0	0.591876
4967.0	0.548429
4970.0	0.58295
4973.0	0.559812
4976.0	0.548912
4979.0	0.539665
4982.0	0.57939
4985.0	0.592212
4988.0	0.528155
4991.0	0.607033
4994.0	0.594324
4997.0	0.579841
5000.0	0.60756
5003.0	0.571758
5006.0	0.550888
5009.0	0.612995
5012.0	0.586879
5015.0	0.545633
5018.0	0.574553
5021.0	0.57668
5024.0	0.52902
5027.0	0.541435
5030.0	0.503201
5033.0	0.513849
5036.0	0.53234
5039.0	0.485255
5042.0	0.501975
5045.0	0.481403
5048.0	0.4668
5051.0	0.445325
5054.0	0.420767
5057.0	0.419559
5060.0	0.421304
5063.0	0.397024
5066.0	0.389019
5069.0	0.405873
5072.0	0.385419
5075.0	0.450519
5078.0	0.421602
5081.0	0.424242
5084.0	0.384524
5087.0	0.386444
5090.0	0.436865
5093.0	0.397916
5096.0	0.414213
5099.0	0.414018
5102.0	0.429463
5105.0	0.452331
5108.0	0.450669
5111.0	0.466583
5114.0	0.427547
5117.0	0.442685
5120.0	0.44752
5123.0	0.432319
5126.0	0.451829
5129.0	0.44851
5132.0	0.446938
5135.0	0.487759
5138.0	0.448244
5141.0	0.470819
5144.0	0.47255
5147.0	0.486282
5150.0	0.474696
5153.0	0.46823
5156.0	0.477251
5159.0	0.488628
5162.0	0.458456
5165.0	0.493059
5168.0	0.459625
5171.0	0.483764
5174.0	0.498481
5177.0	0.492258
5180.0	0.487325
5183.0	0.479029
5186.0	0.508403
5189.0	0.480572
5192.0	0.468436
5195.0	0.435634
5198.0	0.488441
5201.0	0.478502
5204.0	0.496149
5207.0	0.45497
5210.0	0.47811
5213.0	0.495238
5216.0	0.482002
5219.0	0.493634
5222.0	0.530774
5225.0	0.476318
5228.0	0.513485
5231.0	0.498691
5234.0	0.498973
5237.0	0.50882
5240.0	0.509677
5243.0	0.488298
5246.0	0.515576
5249.0	0.511699
5252.0	0.510121
5255.0	0.533318
5258.0	0.57321
5261.0	0.52853
5264.0	0.558093
5267.0	0.519133
5270.0	0.544707
5273.0	0.512328
5276.0	0.559253
5279.0	0.571477
5282.0	0.550753
5285.0	0.570391
5288.0	0.55861
5291.0	0.577017
5294.0	0.588495
5297.0	0.577937
5300.0	0.578665
5303.0	0.553716
5306.0	0.602805
5309.0	0.604145
5312.0	0.581091
5315.0	0.602246
5318.0	0.583741
5321.0	0.605901
5324.0	0.596036
5327.0	0.55473
5330.0	0.605787
5333.0	0.587782
5336.0	0.615983
5339.0	0.620868
5342.0	0.584566
5345.0	0.627594
5348.0	0.645738
5351.0	0.639914
5354.0	0.577699
5357.0	0.625274
5360.0	0.628176
5363.0	0.620241
5366.0	0.560227
5369.0	0.594673
5372.0	0.572859
5375.0	0.614559
5378.0	0.562764
5381.0	0.585423
5384.0	0.606626
5387.0	0.595025
5390.0	0.56002
5393.0	0.580282
5396.0	0.606915
5399.0	0.604109
5402.0	0.598276
5405.0	0.610392
5408.0	0.617421
5411.0	0.630416
5414.0	0.646603
5417.0	0.620262
5420.0	0.636157
5423.0	0.630037
5426.0	0.635453
5429.0	0.648872
5432.0	0.61719
5435.0	0.592236
5438.0	0.567116
5441.0	0.659336
5444.0	0.595088
5447.0	0.566924
5450.0	0.590121
5453.0	0.558158
5456.0	0.56219
5459.0	0.469982
5462.0	0.538885
5465.0	0.512091
5468.0	0.503998
5471.0	0.424052
5474.0	0.416741
5477.0	0.391541
5480.0	0.402202
5483.0	0.390081
5486.0	0.381701
5489.0	0.428641
5492.0	0.436475
5495.0	0.397567
5498.0	0.396326
5501.0	0.386547
5504.0	0.409272
5507.0	0.390536
5510.0	0.395508
5513.0	0.409308
5516.0	0.383212
5519.0	0.378491
5522.0	0.396284
5525.0	0.390525
5528.0	0.386518
5531.0	0.410989
5534.0	0.389078
5537.0	0.396091
5540.0	0.367206
5543.0	0.393119
5546.0	0.428749
5549.0	0.401548
5552.0	0.398154
5555.0	0.407832
5558.0	0.410456
5561.0	0.409123
5564.0	0.417379
5567.0	0.432688
5570.0	0.424317
5573.0	0.416678
5576.0	0.401836
5579.0	0.400128
5582.0	0.452175
5585.0	0.406288
5588.0	0.421509
5591.0	0.419429
5594.0	0.456176
5597.0	0.479735
5600.0	0.460789
5603.0	0.428738
5606.0	0.454234
5609.0	0.479021
5612.0	0.458722
5615.0	0.446094
5618.0	0.466383
5621.0	0.45571
5624.0	0.452769
5627.0	0.456309
5630.0	0.456566
5633.0	0.448909
5636.0	0.445995
5639.0	0.419138
5642.0	0.430214
5645.0	0.422108
5647.0	0.37806
5650.0	0.364524
5653.0	0.347695
5656.0	0.325567
5659.0	0.319782
5662.0	0.312324
5665.0	0.317461
5668.0	0.294661
5671.0	0.271519
5674.0	0.295299
5677.0	0.269064
5680.0	0.274584
5683.0	0.288834
5686.0	0.299098
5689.0	0.301122
5692.0	0.29834
5695.0	0.290111
5698.0	0.30671
5701.0	0.302008
5704.0	0.308638
5707.0	0.311362
5710.0	0.313247
5713.0	0.333845
5716.0	0.341625
5719.0	0.3557
5722.0	0.358232
5725.0	0.348428
5728.0	0.362874
5731.0	0.369048
5734.0	0.365955
5737.0	0.370056
5740.0	0.373346
5743.0	0.406916
5746.0	0.409127
5749.0	0.402241
5752.0	0.401558
5755.0	0.406884
5758.0	0.420833
5761.0	0.42182
5764.0	0.419428
5767.0	0.426127
5770.0	0.431841
5773.0	0.451367
5776.0	0.463983
5779.0	0.458227
5782.0	0.460991
5785.0	0.476702
5788.0	0.469588
5791.0	0.467637
5794.0	0.474395
5797.0	0.467195
5800.0	0.463917
5803.0	0.465788
5806.0	0.466094
5809.0	0.460722
5812.0	0.449734
5815.0	0.442741
5818.0	0.442892
5821.0	0.459497
5824.0	0.442418
5827.0	0.449376
5830.0	0.461876
5833.0	0.454544
5836.0	0.476998
5839.0	0.464958
5842.0	0.456583
5845.0	0.456052
5848.0	0.454093
5851.0	0.453552
5854.0	0.467107
5857.0	0.468655
5860.0	0.462713
5863.0	0.470751
5866.0	0.463806
5869.0	0.485358
5872.0	0.49255
5875.0	0.46579
5878.0	0.461029
5881.0	0.455059
5884.0	0.43982
5887.0	0.454083
5890.0	0.446333
5893.0	0.441618
5896.0	0.460297
5899.0	0.433741
5902.0	0.475105
5905.0	0.463091
5908.0	0.450609
5911.0	0.470347
5914.0	0.469469
5917.0	0.440106
5920.0	0.435854
5923.0	0.443828
5926.0	0.452272
5929.0	0.44527
5932.0	0.458395
5935.0	0.446198
5938.0	0.453396
5941.0	0.453141
5944.0	0.432476
5947.0	0.452824
5950.0	0.447744
5953.0	0.442449
5956.0	0.447121
5959.0	0.440257
5962.0	0.41326
5965.0	0.414269
5968.0	0.44058
5971.0	0.436971
5974.0	0.430548
5977.0	0.429758
5980.0	0.421092
5983.0	0.41004
5986.0	0.396431
5989.0	0.394521
5992.0	0.392838
5995.0	0.393073
5998.0	0.382349
6001.0	0.391209
6004.0	0.396618
6007.0	0.380611
6010.0	0.382968
6013.0	0.393801
6016.0	0.390398
6019.0	0.381672
6022.0	0.39215
6025.0	0.376772
6028.0	0.383392
6031.0	0.394544
6034.0	0.385734
6037.0	0.395411
6040.0	0.389053
6043.0	0.380705
6046.0	0.389068
6049.0	0.390892
6052.0	0.384815
6055.0	0.395076
6058.0	0.3982
6061.0	0.391005
6064.0	0.392531
6067.0	0.388266
6070.0	0.393093
6073.0	0.407324
6076.0	0.41692
6079.0	0.409624
6082.0	0.404769
6085.0	0.407944
6088.0	0.406325
6091.0	0.396958
6094.0	0.398164
6097.0	0.415404
6100.0	0.406484
6103.0	0.400949
6106.0	0.40627
6109.0	0.411418
6112.0	0.417752
6115.0	0.414277
6118.0	0.38727
6121.0	0.401578
6124.0	0.413831
6127.0	0.415934
6130.0	0.405224
6133.0	0.415564
6136.0	0.416519
6139.0	0.406035
6142.0	0.410149
6145.0	0.415443
6148.0	0.416501
6151.0	0.423682
6154.0	0.430639
6157.0	0.422008
6160.0	0.423754
6163.0	0.412614
6166.0	0.401148
6169.0	0.410307
6172.0	0.407229
6175.0	0.411721
6178.0	0.428829
6181.0	0.431403
6184.0	0.422744
6187.0	0.417003
6190.0	0.420677
6193.0	0.428126
6196.0	0.435013
6199.0	0.420139
6202.0	0.41841
6205.0	0.428133
6208.0	0.420553
6211.0	0.422678
6214.0	0.418659
6217.0	0.433914
6220.0	0.423533
6223.0	0.426955
6226.0	0.421438
6229.0	0.429248
6232.0	0.423625
6235.0	0.421251
6238.0	0.419805
6241.0	0.404685
6244.0	0.409697
6247.0	0.417183
6250.0	0.408288
6253.0	0.400244
6256.0	0.41686
6259.0	0.415533
6262.0	0.406397
6265.0	0.387629
6268.0	0.375316
6271.0	0.37709
6274.0	0.38211
6277.0	0.384387
6280.0	0.377276
6283.0	0.350187
6286.0	0.351643
6289.0	0.349745
6292.0	0.336531
6295.0	0.333285
6298.0	0.321246
6301.0	0.309407
6304.0	0.289607
6307.0	0.286985
6310.0	0.277788
6313.0	0.267331
6316.0	0.259208
6319.0	0.249317
6322.0	0.236169
6325.0	0.224849
6328.0	0.217804
6331.0	0.202522
6334.0	0.189751
6337.0	0.187778
6340.0	0.185471
6343.0	0.174586
6346.0	0.166421
6349.0	0.154004
6352.0	0.145782
6355.0	0.148931
6358.0	0.148858
6361.0	0.137933
6364.0	0.143045
6367.0	0.138735
6370.0	0.135104
6373.0	0.132533
6376.0	0.126319
6379.0	0.122139
6382.0	0.131463
6385.0	0.135823
6388.0	0.12956
6391.0	0.124105
6394.0	0.121727
6397.0	0.124456
6400.0	0.127932
6403.0	0.132528
6406.0	0.141142
6409.0	0.140775
6412.0	0.137278
6415.0	0.140366
6418.0	0.151571
6421.0	0.14365
6424.0	0.139097
6427.0	0.144571
6430.0	0.156784
6433.0	0.160958
6436.0	0.160788
6439.0	0.163891
6442.0	0.172574
6445.0	0.171538
6448.0	0.187019
6451.0	0.18503
6454.0	0.187531
6457.0	0.200278
6460.0	0.20076
6463.0	0.200895
6466.0	0.210566
6469.0	0.224094
6472.0	0.229036
6475.0	0.231212
6478.0	0.235604
6481.0	0.242936
6484.0	0.246109
6487.0	0.259344
6490.0	0.267965
6493.0	0.273025
6496.0	0.280841
6499.0	0.290881
6502.0	0.29472
6505.0	0.302685
6508.0	0.306279
6511.0	0.310688
6514.0	0.308296
6517.0	0.307315
6520.0	0.307605
6523.0	0.320638
6526.0	0.326049
6529.0	0.329335
6532.0	0.334746
6535.0	0.327413
6538.0	0.340045
6541.0	0.340875
6544.0	0.345908
6547.0	0.347593
6550.0	0.362283
6553.0	0.366337
6556.0	0.346641
6559.0	0.35877
6562.0	0.370985
6565.0	0.364868
6568.0	0.367012
6571.0	0.373984
6574.0	0.375928
6577.0	0.379257
6580.0	0.380518
6583.0	0.381092
6586.0	0.383152
6589.0	0.390056
6592.0	0.381688
6595.0	0.385775
6598.0	0.380045
6601.0	0.381484
6604.0	0.381846
6607.0	0.383608
6610.0	0.382709
6613.0	0.384108
6616.0	0.391424
6619.0	0.382831
6622.0	0.385629
6625.0	0.399244
6628.0	0.398406
6631.0	0.391961
6634.0	0.384995
6637.0	0.391949
6640.0	0.387739
6643.0	0.388644
6646.0	0.382607
6649.0	0.378113
6652.0	0.380665
6655.0	0.375759
6658.0	0.377379
6661.0	0.380384
6664.0	0.373112
6667.0	0.380753
6670.0	0.370785
6673.0	0.364843
6676.0	0.376002
6679.0	0.382985
6682.0	0.36602
6685.0	0.373851
6688.0	0.369402
6691.0	0.36501
6694.0	0.368571
6697.0	0.365839
6700.0	0.353184
6703.0	0.358613
6706.0	0.360258
6709.0	0.35987
6712.0	0.361156
6715.0	0.351581
6718.0	0.353846
6721.0	0.351926
6724.0	0.346066
6727.0	0.346911
6730.0	0.345553
6733.0	0.339792
6736.0	0.346141
6739.0	0.336089
6742.0	0.332882
6745.0	0.334627
6748.0	0.330593
6751.0	0.327069
6754.0	0.326573
6757.0	0.332125
6760.0	0.334776
6763.0	0.335038
6766.0	0.332683
6769.0	0.324819
6772.0	0.327343
6775.0	0.331766
6778.0	0.317385
6781.0	0.314799
6784.0	0.323725
6787.0	0.323321
6790.0	0.316277
6793.0	0.304038
6796.0	0.307756
6799.0	0.309211
6802.0	0.308116
6805.0	0.30611
6808.0	0.309452
6811.0	0.306878
6814.0	0.302404
6817.0	0.303829
6820.0	0.308028
6823.0	0.30282
6826.0	0.294271
6829.0	0.302402
6832.0	0.295437
6835.0	0.302041
6838.0	0.29952
6841.0	0.297853
6844.0	0.294772
6847.0	0.29984
6850.0	0.297283
6853.0	0.299433
6856.0	0.289293
6859.0	0.267074
6862.0	0.257776
6865.0	0.270641
6868.0	0.281914
6871.0	0.280156
6874.0	0.275781
6877.0	0.286472
6880.0	0.271754
6883.0	0.269868
6886.0	0.279383
6889.0	0.271607
6892.0	0.266552
6895.0	0.27651
6898.0	0.286044
6901.0	0.279623
6904.0	0.266733
6907.0	0.270493
6910.0	0.282449
6913.0	0.271008
6916.0	0.266353
6919.0	0.262053
6922.0	0.264261
6925.0	0.261625
6928.0	0.256996
6931.0	0.254717
6934.0	0.257888
6937.0	0.259701
6940.0	0.256441
6943.0	0.247585
6946.0	0.255732
6949.0	0.271046
6952.0	0.260058
6955.0	0.262177
6958.0	0.255757
6961.0	0.251666
6964.0	0.24319
6967.0	0.243003
6970.0	0.245777
6973.0	0.251081
6976.0	0.25599
6979.0	0.244166
6982.0	0.247702
6985.0	0.252531
6988.0	0.245066
6991.0	0.241933
6994.0	0.245848
6997.0	0.242774
7000.0	0.237021
7003.0	0.239636
7006.0	0.241484
7009.0	0.237674
7012.0	0.233091
7015.0	0.230133
7018.0	0.233605
7021.0	0.234343
7024.0	0.22088
7027.0	0.22167
7030.0	0.223686
7033.0	0.21577
7036.0	0.219377
7039.0	0.224024
7042.0	0.222491
7045.0	0.226961
7048.0	0.231235
7051.0	0.229809
7054.0	0.225504
7057.0	0.224725
7060.0	0.22365
7063.0	0.221615
7066.0	0.214059
7069.0	0.215153
7072.0	0.219351
7075.0	0.223199
7078.0	0.219076
7081.0	0.224917
7084.0	0.218363
7087.0	0.212328
7090.0	0.209057
7093.0	0.215478
7096.0	0.21988
7099.0	0.214687
7102.0	0.217171
7105.0	0.217115
7108.0	0.212152
7111.0	0.214821
7114.0	0.216039
7117.0	0.218179
7120.0	0.217159
7123.0	0.216874
7126.0	0.2133
7129.0	0.210052
7132.0	0.217909
7135.0	0.215802
7138.0	0.218801
7141.0	0.220812
7144.0	0.212196
7147.0	0.213464
7150.0	0.211552
7153.0	0.210749
7156.0	0.205281
7159.0	0.201114
7162.0	0.204733
7165.0	0.205885
7168.0	0.204828
7171.0	0.209017
7174.0	0.205189
7177.0	0.213672
7180.0	0.211229
7183.0	0.206353
7186.0	0.211012
7189.0	0.204529
7192.0	0.209167
7195.0	0.198163
7198.0	0.192335
7201.0	0.203953
7204.0	0.202049
7207.0	0.197741
7210.0	0.195423
7213.0	0.204824
7216.0	0.202281
7219.0	0.197505
7222.0	0.197035
7225.0	0.205859
7228.0	0.197023
7231.0	0.206471
7234.0	0.196402
7237.0	0.197317
7240.0	0.218882
7243.0	0.20103
7246.0	0.196619
7249.0	0.199484
7252.0	0.200262
7255.0	0.199955
7258.0	0.198329
7261.0	0.199918
7264.0	0.20647
7267.0	0.202547
7270.0	0.201322
7273.0	0.210275
7276.0	0.203019
7279.0	0.195231
7282.0	0.178581
7285.0	0.193248
7288.0	0.202112
7291.0	0.200763
7294.0	0.197961
7297.0	0.198816
7300.0	0.209085
7303.0	0.202271
7306.0	0.194004
7309.0	0.199943
7312.0	0.208539
7315.0	0.20567
7318.0	0.200701
7321.0	0.197375
7324.0	0.202788
7327.0	0.196668
7330.0	0.191909
7333.0	0.192856
7336.0	0.194301
7339.0	0.192062
7342.0	0.192212
7345.0	0.191759
7348.0	0.196832
7351.0	0.195537
7354.0	0.194681
7357.0	0.201723
7360.0	0.203385
7363.0	0.200386
7366.0	0.197573
7369.0	0.193137
7372.0	0.196347
7375.0	0.203928
7378.0	0.196672
7381.0	0.193282
7384.0	0.196625
7387.0	0.194972
7390.0	0.195968
7393.0	0.196143
7396.0	0.189805
7399.0	0.191775
7402.0	0.197594
7405.0	0.196414
7408.0	0.204793
7411.0	0.198753
7414.0	0.189909
7417.0	0.187903
7420.0	0.196172
7423.0	0.1944
7426.0	0.188368
7429.0	0.190521
7432.0	0.183586
7435.0	0.18985
7438.0	0.192672
7441.0	0.188392
7444.0	0.190288
7447.0	0.194013
7450.0	0.196458
7453.0	0.196675
7456.0	0.194936
7459.0	0.197027
7462.0	0.200101
7465.0	0.190846
7468.0	0.186577
7471.0	0.184148
7474.0	0.191595
7477.0	0.196908
7480.0	0.187839
7483.0	0.189029
7486.0	0.18936
7489.0	0.180356
7492.0	0.178983
7495.0	0.185565
7498.0	0.188431
7501.0	0.187979
7504.0	0.187125
7507.0	0.189027
7510.0	0.181464
7513.0	0.184804
7516.0	0.188052
7519.0	0.191971
7522.0	0.186512
7525.0	0.174681
7528.0	0.172839
7531.0	0.185877
7534.0	0.191068
7537.0	0.185272
7540.0	0.176497
7543.0	0.177669
7546.0	0.183491
7549.0	0.179873
7552.0	0.179145
7555.0	0.174988
7558.0	0.1752
7561.0	0.187601
7564.0	0.170129
7567.0	0.172879
7570.0	0.170742
7573.0	0.178469
7576.0	0.176255
7579.0	0.178384
7582.0	0.174159
7585.0	0.183163
7588.0	0.185608
7591.0	0.178914
7594.0	0.182606
7597.0	0.178472
7600.0	0.174364
7603.0	0.169407
7606.0	0.146731
7609.0	0.143363
7612.0	0.141444
7615.0	0.155977
7618.0	0.164109
7621.0	0.176167
7624.0	0.172829
7627.0	0.14358
7630.0	0.157814
7633.0	0.162068
7636.0	0.147478
7639.0	0.150872
7642.0	0.152523
7645.0	0.165301
7648.0	0.16615
7651.0	0.169772
7654.0	0.154331
7657.0	0.156446
7660.0	0.161646
7663.0	0.152746
7666.0	0.14912
7669.0	0.156872
7672.0	0.161135
7675.0	0.166174
7678.0	0.162188
7681.0	0.16411
7684.0	0.160885
7687.0	0.15833
7690.0	0.160513
7693.0	0.158747
7696.0	0.156349
7699.0	0.152701
7702.0	0.151569
7705.0	0.15499
7708.0	0.153723
7711.0	0.155659
7714.0	0.146744
7717.0	0.140619
7720.0	0.148761
7723.0	0.14857
7726.0	0.15056
7729.0	0.143825
7732.0	0.148228
7735.0	0.14369
7738.0	0.139782
7741.0	0.138342
7744.0	0.139178
7747.0	0.143768
7750.0	0.141825
7753.0	0.122326
7756.0	0.128571
7759.0	0.122628
7762.0	0.120191
7765.0	0.123814
7768.0	0.123693
7771.0	0.129179
7774.0	0.119307
7777.0	0.123204
7780.0	0.121344
7783.0	0.12409
7786.0	0.117927
7789.0	0.114318
7792.0	0.112791
7795.0	0.120661
7798.0	0.124298
7801.0	0.122606
7804.0	0.131108
7807.0	0.131325
7810.0	0.132213
7813.0	0.128966
7816.0	0.139073
7819.0	0.125089
7822.0	0.126012
7825.0	0.12926
7828.0	0.135174
7831.0	0.137704
7834.0	0.133621
7837.0	0.132459
7840.0	0.128611
7843.0	0.121918
7846.0	0.127134
7849.0	0.129625
7852.0	0.122301
7855.0	0.128568
7858.0	0.143147
7861.0	0.136091
7864.0	0.127689
7867.0	0.136983
7870.0	0.127941
7873.0	0.136086
7876.0	0.132101
7879.0	0.132403
7882.0	0.131199
7885.0	0.13987
7888.0	0.132326
7891.0	0.129171
7894.0	0.148616
7897.0	0.146779
7900.0	0.131866
7903.0	0.13208
7906.0	0.142099
7909.0	0.134235
7912.0	0.129326
7915.0	0.14273
7918.0	0.150145
7921.0	0.141966
7924.0	0.138975
7927.0	0.134175
7930.0	0.130548
7933.0	0.133442
7936.0	0.143527
7939.0	0.142862
7942.0	0.140404
7945.0	0.14495
7948.0	0.140955
7951.0	0.14707
7954.0	0.14323
7957.0	0.146077
7960.0	0.147822
7963.0	0.139488
7966.0	0.15325
7969.0	0.147068
7972.0	0.13706
7975.0	0.150276
7978.0	0.145724
7981.0	0.145515
7984.0	0.139077
7987.0	0.136657
7990.0	0.156628
7993.0	0.146805
7996.0	0.14538
7999.0	0.149228
8002.0	0.144868
8005.0	0.142332
8008.0	0.147321
8011.0	0.139948
8014.0	0.144043
8017.0	0.15214
8020.0	0.145268
8023.0	0.146157
8026.0	0.147121
8029.0	0.14604
8032.0	0.144172
8035.0	0.147107
8038.0	0.148897
8041.0	0.141381
8044.0	0.143354
8047.0	0.151607
8050.0	0.154507
8053.0	0.156502
8056.0	0.147348
8059.0	0.145425
8062.0	0.145233
8065.0	0.151181
8068.0	0.148328
8071.0	0.139442
8074.0	0.140943
8077.0	0.147967
8080.0	0.14799
8083.0	0.148126
8086.0	0.148054
8089.0	0.15103
8092.0	0.146811
8095.0	0.150098
8098.0	0.145581
8101.0	0.146221
8104.0	0.148223
8107.0	0.149885
8110.0	0.153709
8113.0	0.151498
8116.0	0.152456
8119.0	0.153185
8122.0	0.155629
8125.0	0.151038
8128.0	0.150533
8131.0	0.153522
8134.0	0.153467
8137.0	0.159143
8140.0	0.16143
8143.0	0.152628
8146.0	0.15638
8149.0	0.164227
8152.0	0.16342
8155.0	0.152223
8158.0	0.15415
8161.0	0.153996
8164.0	0.150725
8167.0	0.151273
8170.0	0.149275
8173.0	0.150539
8176.0	0.162625
8179.0	0.146481
8182.0	0.147399
8185.0	0.163894
8188.0	0.153781
8191.0	0.160139
8194.0	0.156444
8197.0	0.147161
8200.0	0.1497
8203.0	0.147658
8206.0	0.152501
8209.0	0.154741
8212.0	0.147008
8215.0	0.151566
8218.0	0.157216
8221.0	0.151693
8224.0	0.149837
8227.0	0.154852
8230.0	0.154329
8233.0	0.150252
8236.0	0.145558
8239.0	0.143238
8242.0	0.14206
8245.0	0.150237
8248.0	0.150827
8251.0	0.142536
8254.0	0.140598
8257.0	0.135736
8260.0	0.140668
8263.0	0.136072
8266.0	0.132318
8269.0	0.138303
8272.0	0.134245
8275.0	0.129333
8278.0	0.135783
8281.0	0.130076
8284.0	0.127773
8287.0	0.127603
8290.0	0.131693
8293.0	0.113887
8296.0	0.132925
8299.0	0.126036
8302.0	0.12025
8305.0	0.118329
8308.0	0.128374
8311.0	0.123377
8314.0	0.118092
8317.0	0.118331
8320.0	0.12008
8323.0	0.122284
8326.0	0.123684
8329.0	0.11729
8332.0	0.117319
8335.0	0.116887
8338.0	0.106425
8341.0	0.108437
8344.0	0.116009
8347.0	0.104315
8350.0	0.108848
8353.0	0.0944013
8356.0	0.103808
8359.0	0.101413
8362.0	0.100749
8365.0	0.107907
8368.0	0.11135
8371.0	0.110416
8374.0	0.109126
8377.0	0.106198
8380.0	0.112519
8383.0	0.112365
8386.0	0.107957
8389.0	0.104473
8392.0	0.108786
8395.0	0.109668
8398.0	0.0996723
8401.0	0.110787
8404.0	0.111416
8407.0	0.104956
8410.0	0.0955223
8413.0	0.0993609
8416.0	0.110825
8419.0	0.106694
8422.0	0.107036
8425.0	0.110077
8428.0	0.0974729
8431.0	0.104797
8434.0	0.091286
8437.0	0.101042
8440.0	0.109192
8443.0	0.108542
8446.0	0.111085
8449.0	0.10559
8452.0	0.107714
8455.0	0.111664
8458.0	0.110564
8461.0	0.103833
8464.0	0.101438
8467.0	0.0980403
8470.0	0.103893
8473.0	0.104419
8476.0	0.0998037
8479.0	0.104048
8482.0	0.10099
8485.0	0.0978259
8488.0	0.106714
8491.0	0.10461
8494.0	0.092582
8497.0	0.0996319
8500.0	0.0962441
8503.0	0.0991937
8506.0	0.104611
8509.0	0.0944095
8512.0	0.0921626
8515.0	0.0979953
8518.0	0.0957958
8521.0	0.0945941
8524.0	0.0966697
8527.0	0.0875901
8530.0	0.0875611
8533.0	0.0962043
8536.0	0.088608
8539.0	0.0868761
8542.0	0.0860052
8545.0	0.0859359
8548.0	0.0899376
8551.0	0.0884791
8554.0	0.0875128
8557.0	0.0797515
8560.0	0.0776249
8563.0	0.0797769
8566.0	0.0760335
8569.0	0.0804216
8572.0	0.0804033
8575.0	0.0832924
8578.0	0.0781011
8581.0	0.0788408
8584.0	0.0764965
8587.0	0.0766169
8590.0	0.0804471
8593.0	0.0783052
8596.0	0.0750078
8599.0	0.0784301
8602.0	0.077408
8605.0	0.0762352
8608.0	0.0819308
8611.0	0.0866161
8614.0	0.0853575
8617.0	0.0847509
8620.0	0.0833244
8623.0	0.0859711
8626.0	0.0726551
8629.0	0.0737773
8632.0	0.0894106
8635.0	0.0896468
8638.0	0.0841053
8641.0	0.0850907
8644.0	0.0767299
8647.0	0.0821334
8650.0	0.0863286
8653.0	0.0885469
8656.0	0.096931
8659.0	0.0931567
8662.0	0.0897013
8665.0	0.0886851
8668.0	0.0877017
8671.0	0.0913831
8674.0	0.0938631
8677.0	0.0889295
8680.0	0.0850581
8683.0	0.0883676
8686.0	0.0888188
8689.0	0.095269
8692.0	0.0906025
8695.0	0.0923334
8698.0	0.0937579
8701.0	0.0944501
8704.0	0.0954076
8707.0	0.0939985
8710.0	0.10033
8713.0	0.0983174
8716.0	0.0983973
8719.0	0.101573
8722.0	0.0995132
8725.0	0.0959668
8728.0	0.101393
8731.0	0.106605
8734.0	0.106561
8737.0	0.104709
8740.0	0.105357
8743.0	0.108544
8746.0	0.109959
8749.0	0.112421
8752.0	0.11071
8755.0	0.112416
8758.0	0.126521
8761.0	0.123506
8764.0	0.113321
8767.0	0.114845
8770.0	0.123709
8773.0	0.128232
8776.0	0.111729
8779.0	0.116824
8782.0	0.129545
8785.0	0.12413
8788.0	0.132861
8791.0	0.124046
8794.0	0.124873
8797.0	0.129484
8800.0	0.132335
8803.0	0.132851
8806.0	0.132505
8809.0	0.130897
8812.0	0.136484
8815.0	0.132905
8818.0	0.134796
8821.0	0.141433
8824.0	0.144881
8827.0	0.126108
8830.0	0.137845
8833.0	0.144516
8836.0	0.147723
8839.0	0.140758
8842.0	0.143292
8845.0	0.149346
8848.0	0.145653
8851.0	0.147091
8854.0	0.144512
8857.0	0.145731
8860.0	0.144424
8863.0	0.158512
8866.0	0.156889
8869.0	0.147941
8872.0	0.150356
8875.0	0.143786
8878.0	0.153865
8881.0	0.149743
8884.0	0.144306
8887.0	0.155314
8890.0	0.160128
8893.0	0.139805
8896.0	0.144006
8899.0	0.1538
8902.0	0.151711
8905.0	0.14828
8908.0	0.146452
8911.0	0.156718
8914.0	0.156514
8917.0	0.145052
8920.0	0.160926
8923.0	0.143361
8926.0	0.13951
8929.0	0.151659
8932.0	0.15246
8935.0	0.14392
8938.0	0.144543
8941.0	0.141919
8944.0	0.150523
8947.0	0.153442
8950.0	0.150328
8953.0	0.155024
8956.0	0.142707
8959.0	0.145758
8962.0	0.137492
8965.0	0.128409
8968.0	0.140544
8971.0	0.14932
8974.0	0.147615
8977.0	0.140027
8980.0	0.14846
8983.0	0.149214
8986.0	0.151179
8989.0	0.148527
8992.0	0.136957
8995.0	0.137881
8998.0	0.161357
9001.0	0.158671
9004.0	0.13815
9007.0	0.15147
9010.0	0.148999
9013.0	0.141929
9016.0	0.148774
9019.0	0.146003
9022.0	0.142718
9025.0	0.1453
9028.0	0.148211
9031.0	0.14025
9034.0	0.142894
9037.0	0.15488
9040.0	0.149687
9043.0	0.139816
9046.0	0.138188
9049.0	0.145824
9052.0	0.131984
9055.0	0.142561
9058.0	0.149021
9061.0	0.148102
9064.0	0.138485
9067.0	0.145424
9070.0	0.144015
9073.0	0.135712
9076.0	0.147053
9079.0	0.144885
9082.0	0.137159
9085.0	0.145329
9088.0	0.143265
9091.0	0.138962
9094.0	0.144056
9097.0	0.140769
9100.0	0.137486
9103.0	0.140938
9106.0	0.142342
9109.0	0.136515
9112.0	0.145627
9115.0	0.149867
9118.0	0.144637
9121.0	0.137991
9124.0	0.140134
9127.0	0.148128
9130.0	0.139799
9133.0	0.140072
9136.0	0.132429
9139.0	0.133949
9142.0	0.137025
9145.0	0.137179
9148.0	0.144697
9151.0	0.141891
9154.0	0.14337
9157.0	0.131907
9160.0	0.137777
9163.0	0.139265
9166.0	0.134651
9169.0	0.134624
9172.0	0.13212
9175.0	0.117962
9178.0	0.119726
9181.0	0.130562
9184.0	0.122248
9187.0	0.119035
9190.0	0.121537
9193.0	0.123203
9196.0	0.119953
9199.0	0.117541
9202.0	0.118244
9205.0	0.114369
9208.0	0.108003
9211.0	0.111916
9214.0	0.107303
9217.0	0.107491
9220.0	0.113943
9223.0	0.113896
9226.0	0.112914
9229.0	0.104956
9232.0	0.106707
9235.0	0.10791
9238.0	0.10347
9241.0	0.104435
9244.0	0.114261
9247.0	0.108086
9250.0	0.106638
9253.0	0.103469
9256.0	0.10509
9259.0	0.108936
9262.0	0.106953
9265.0	0.110105
9268.0	0.116075
9271.0	0.111483
9274.0	0.107216
9277.0	0.100849
9280.0	0.0988597
9283.0	0.105273
9286.0	0.105481
9289.0	0.0967362
9292.0	0.106841
9295.0	0.101642
9298.0	0.101926
9301.0	0.115176
9304.0	0.0991208
9307.0	0.11473
9310.0	0.0926532
9313.0	0.0976873
9316.0	0.0784029
9319.0	0.112811
9322.0	0.107511
9325.0	0.0972903
9328.0	0.0925495
9331.0	0.123672
9334.0	0.138251
9337.0	0.0988019
9340.0	0.110677
9343.0	0.111478
9346.0	0.120802
9349.0	0.120093
9352.0	0.113228
9355.0	0.105463
9358.0	0.0987383
9361.0	0.114117
9364.0	0.114144
9367.0	0.119779
9370.0	0.0933073
9373.0	0.0788299
9376.0	0.111151
9379.0	0.110764
9382.0	0.104316
9385.0	0.107323
9388.0	0.101038
9391.0	0.0975787
9394.0	0.100027
9397.0	0.10865
9400.0	0.104883
9403.0	0.0962463
9406.0	0.115262
9409.0	0.112757
9412.0	0.114768
9415.0	0.112058
9418.0	0.132938
9421.0	0.12283
9424.0	0.124114
9427.0	0.111277
9430.0	0.087347
9433.0	0.0816179
9436.0	0.107412
9439.0	0.0767889
9442.0	0.0954587
9445.0	0.12536
9448.0	0.102492
9451.0	0.106476
9454.0	0.0974462
9457.0	0.111999
9460.0	0.099886
9463.0	0.0950988
9466.0	0.104485
9469.0	0.0935843
9472.0	0.0965985
9475.0	0.110468
9478.0	0.119124
9481.0	0.111774
9484.0	0.0992143
9487.0	0.106731
9490.0	0.104947
9493.0	0.105228
9496.0	0.0948768
9499.0	0.0571913
9502.0	0.0556432
9505.0	0.102278
9508.0	0.104737
9511.0	0.109932
9514.0	0.105869
9517.0	0.105439
9520.0	0.0918784
9523.0	0.105465
9526.0	0.0916769
9529.0	0.0923769
9532.0	0.111573
9535.0	0.10488
9538.0	0.0981189
9541.0	0.103952
9544.0	0.11123
9547.0	0.110403
9550.0	0.100651
9553.0	0.106339
9556.0	0.108919
9559.0	0.0991887
9562.0	0.115752
9565.0	0.106939
9568.0	0.097668
9571.0	0.111641
9574.0	0.107087
9577.0	0.106405
9580.0	0.102088
9583.0	0.104123
9586.0	0.120754
9589.0	0.114951
9592.0	0.100822
9595.0	0.103582
9598.0	0.112965
9601.0	0.106247
9604.0	0.108438
9607.0	0.108631
9610.0	0.111715
9613.0	0.109697
9616.0	0.099474
9619.0	0.106538
9622.0	0.104202
9625.0	0.0852492
9628.0	0.101299
9631.0	0.11326
9634.0	0.113226
9637.0	0.107588
9640.0	0.0966015
9643.0	0.0981018
9646.0	0.104961
9649.0	0.108341
9652.0	0.103075
9655.0	0.110009
9658.0	0.11383
9661.0	0.106409
9664.0	0.101337
9667.0	0.117355
9670.0	0.109746
9673.0	0.103837
9676.0	0.106957
9679.0	0.104152
9682.0	0.0965099
9685.0	0.0948783
9688.0	0.1045
9691.0	0.104298
9694.0	0.122659
9697.0	0.114765
9700.0	0.105166
9703.0	0.110567
9706.0	0.0993359
9709.0	0.102304
9712.0	0.128348
9715.0	0.123327
9718.0	0.0970217
9721.0	0.102811
9724.0	0.127308
9727.0	0.107098
9730.0	0.10898
9733.0	0.109636
9736.0	0.115042
9739.0	0.104811
9742.0	0.101121
9745.0	0.0881848
9748.0	0.0909863
9751.0	0.107035
9754.0	0.115285
9757.0	0.11119
9760.0	0.101777
9763.0	0.0966007
9766.0	0.104314
9769.0	0.109379
9772.0	0.111421
9775.0	0.114231
9778.0	0.114906
9781.0	0.104162
9784.0	0.111691
9787.0	0.110027
9790.0	0.0945553
9793.0	0.113688
9796.0	0.112035
9799.0	0.121441
9802.0	0.11677
9805.0	0.108673
9808.0	0.11029
9811.0	0.121185
9814.0	0.0989323
9817.0	0.0985032
9820.0	0.0976198
9823.0	0.104238
9826.0	0.111274
9829.0	0.119988
9832.0	0.112781
9835.0	0.110929
9838.0	0.104596
9841.0	0.111257
9844.0	0.0974655
9847.0	0.093323
9850.0	0.0994794
9853.0	0.106805
9856.0	0.102158
9859.0	0.0866707
9862.0	0.100562
9865.0	0.105297
9868.0	0.0929195
9871.0	0.101237
9874.0	0.126541
9877.0	0.102942
9880.0	0.105886
9883.0	0.106062
9886.0	0.10114
9889.0	0.0979154
9892.0	0.0953874
9895.0	0.111732
9898.0	0.0846103
9901.0	0.0978875
9904.0	0.0906937
9907.0	0.100613
9910.0	0.107002
9913.0	0.109259
9916.0	0.112699
9919.0	0.11011
9922.0	0.106818
9925.0	0.108495
9928.0	0.107951
9931.0	0.106364
9934.0	0.0870937
9937.0	0.0835352
9940.0	0.105365
9943.0	0.106225
9946.0	0.096713
9949.0	0.106575
9952.0	0.0852813
9955.0	0.081459
9958.0	0.106232
9961.0	0.116327
9964.0	0.0944211
9967.0	0.0972855
9970.0	0.103153
9973.0	0.0845873
9976.0	0.0895481
9979.0	0.0862279
9982.0	0.0883813
9985.0	0.0870373
9988.0	0.0952324
9991.0	0.0910445
9994.0	0.0876677
9997.0	0.0790626
10000.0	0.0861318
