#	 2017cfb 
#	 UT date of observation: 20170525 
#	 Telescope/Instrument: Lick3m/KAST 
#	 Estimated Peak MJD: 57836.832 
#	 Estimated redshift: 0.023 
#	 Estimated Phase: 59.8 
#	 Published in Dettman et al. 2020 
#	 Observed barycentric wavelength (Angstroms)    F_lambda
3260.0	-0.6015797
3263.0	-0.3137531
3266.0	-0.6486145
3269.0	0.2854665
3272.0	0.4383633
3275.0	-0.0009037199
3278.0	0.3982148
3281.0	0.8901848
3284.0	-0.8946603
3287.0	0.9956657
3290.0	0.1762268
3293.0	0.4184253
3296.0	-1.865282
3299.0	0.6251984
3302.0	-1.15432
3305.0	-0.5504151
3308.0	1.133239
3311.0	0.374674
3314.0	1.508312
3317.0	-0.7006691
3320.0	1.409515
3323.0	1.000682
3326.0	0.602748
3329.0	-0.2855922
3332.0	0.8526819
3335.0	-1.13241
3338.0	0.3851042
3341.0	0.8158672
3344.0	-0.1748311
3347.0	0.5849621
3350.0	-0.4108858
3353.0	-0.3327424
3356.0	0.6861296
3359.0	-0.2576773
3362.0	-0.1161428
3365.0	0.06778239
3368.0	-0.03851551
3371.0	0.01024656
3374.0	-0.9455062
3377.0	0.09132329
3380.0	0.1269903
3383.0	-0.3443714
3386.0	0.5904202
3389.0	0.03502625
3392.0	0.3272584
3395.0	0.5763902
3398.0	0.2862391
3401.0	-0.0346643
3404.0	0.29105
3407.0	-0.1439172
3410.0	-0.213886
3413.0	0.3836617
3416.0	0.3412472
3419.0	0.1711295
3422.0	-0.2456703
3425.0	0.5452901
3428.0	0.1174235
3431.0	0.2890843
3434.0	0.7143294
3437.0	-0.1920346
3440.0	0.3905812
3443.0	-0.34086
3446.0	0.4583691
3449.0	-0.1686375
3452.0	0.05775037
3455.0	0.551226
3458.0	0.1262108
3461.0	0.09761391
3464.0	-0.1591722
3467.0	0.3442744
3470.0	-0.003634327
3473.0	0.3161332
3476.0	0.1937036
3479.0	0.4409514
3482.0	0.05127153
3485.0	0.2172886
3488.0	0.05765286
3491.0	0.3184195
3494.0	-0.03112711
3497.0	0.150078
3500.0	0.276879
3503.0	-0.5580807
3506.0	0.320202
3509.0	0.2369873
3512.0	0.1756077
3515.0	0.2547252
3518.0	-0.07462481
3521.0	0.1556045
3524.0	0.4943252
3527.0	0.1999761
3530.0	-0.09919415
3533.0	0.2116065
3536.0	0.2652927
3539.0	0.1791068
3542.0	0.4456898
3545.0	0.3036902
3548.0	0.3174322
3551.0	-0.02204976
3554.0	0.2795083
3557.0	0.325007
3560.0	0.4205925
3563.0	0.06296305
3566.0	0.2408454
3569.0	0.4166386
3572.0	0.2864742
3575.0	0.115147
3578.0	0.3330192
3581.0	0.3385654
3584.0	0.2573105
3587.0	0.1846143
3590.0	0.3056343
3593.0	0.4576595
3596.0	0.2734157
3599.0	0.2634483
3602.0	0.0640738
3605.0	0.5457462
3608.0	0.4040211
3611.0	0.54145
3614.0	0.6298745
3617.0	0.2518071
3620.0	0.2259189
3623.0	0.1711286
3626.0	0.3545817
3629.0	0.5008769
3632.0	0.6235263
3635.0	0.3753338
3638.0	0.214366
3641.0	0.3604019
3644.0	0.4101949
3647.0	0.6825554
3650.0	0.4384969
3653.0	0.5102549
3656.0	0.3554393
3659.0	0.4968438
3662.0	0.5009083
3665.0	0.2952824
3668.0	0.5167209
3671.0	0.3597494
3674.0	0.5405064
3677.0	0.4214289
3680.0	0.2600131
3683.0	0.2039583
3686.0	0.3001651
3689.0	0.2947597
3692.0	0.4046255
3695.0	0.3497784
3698.0	0.3506473
3701.0	0.4291333
3704.0	0.3697352
3707.0	0.2013459
3710.0	0.3234603
3713.0	0.3479911
3716.0	0.3883169
3719.0	0.3546265
3722.0	0.4576051
3725.0	0.4598574
3728.0	0.5757176
3731.0	0.4466272
3734.0	0.6818027
3737.0	0.5310481
3740.0	0.5570172
3743.0	0.4606316
3746.0	0.5170033
3749.0	0.5428488
3752.0	1.7706
3755.0	0.4856941
3758.0	0.6363851
3761.0	0.504097
3764.0	0.7366678
3767.0	0.7167962
3770.0	0.6810576
3773.0	0.6406043
3776.0	0.6906449
3779.0	0.7407257
3782.0	0.7100832
3785.0	0.559796
3788.0	0.7600272
3791.0	0.6772592
3794.0	0.6586974
3797.0	0.8089375
3800.0	0.6608492
3803.0	0.7049608
3806.0	0.7354659
3809.0	0.4788977
3812.0	0.7740991
3815.0	0.6439251
3818.0	0.7404962
3821.0	0.6859766
3824.0	0.7943575
3827.0	0.7598869
3830.0	0.7168803
3833.0	0.8044304
3836.0	0.6209091
3839.0	0.5763745
3842.0	0.565093
3845.0	0.4950296
3848.0	0.5327542
3851.0	0.564113
3854.0	0.4471863
3857.0	0.4399464
3860.0	0.2356737
3863.0	0.2240366
3866.0	0.3049093
3869.0	0.0720208
3872.0	0.1606076
3875.0	0.2930491
3878.0	0.1165688
3881.0	0.3057227
3884.0	0.1846851
3887.0	0.1746479
3890.0	0.1741004
3893.0	0.08484431
3896.0	0.1963142
3899.0	0.2049073
3902.0	0.2190697
3905.0	0.319329
3908.0	0.2212474
3911.0	0.2178403
3914.0	0.07662498
3917.0	0.3506879
3920.0	0.3295574
3923.0	0.1387457
3926.0	0.2948424
3929.0	0.2498929
3932.0	0.30234
3935.0	0.3521194
3938.0	0.3296486
3941.0	0.3847651
3944.0	0.3635985
3947.0	0.3613545
3950.0	0.4806513
3953.0	0.420108
3956.0	0.5695739
3959.0	0.5694057
3962.0	0.6735759
3965.0	0.6432547
3968.0	0.5655795
3971.0	0.6706489
3974.0	0.6176248
3977.0	0.6917574
3980.0	0.7337455
3983.0	0.6934395
3986.0	0.6394093
3989.0	0.6365792
3992.0	0.8177953
3995.0	0.7675248
3998.0	0.6913063
4001.0	0.9032469
4004.0	0.8258619
4007.0	0.8413208
4010.0	0.9141446
4013.0	0.9101731
4016.0	0.928633
4019.0	0.929982
4022.0	0.8358938
4025.0	0.9048486
4028.0	0.7960041
4031.0	0.9237964
4034.0	1.022445
4037.0	1.03278
4040.0	0.9110073
4043.0	1.010562
4046.0	1.164639
4049.0	1.093109
4052.0	0.9366341
4055.0	1.003544
4058.0	0.9396099
4061.0	0.9446034
4064.0	0.8125641
4067.0	0.8829174
4070.0	0.8108253
4073.0	0.9745308
4076.0	0.9225013
4079.0	0.9004705
4082.0	0.8709315
4085.0	1.056279
4088.0	0.711948
4091.0	0.7460902
4094.0	0.8123215
4097.0	0.8052644
4100.0	0.7150183
4103.0	0.6416717
4106.0	0.7871357
4109.0	0.6437507
4112.0	0.651561
4115.0	0.6200857
4118.0	0.6956058
4121.0	0.726177
4124.0	0.5692049
4127.0	0.5846628
4130.0	0.596208
4133.0	0.7283589
4136.0	0.5291223
4139.0	0.6458604
4142.0	0.6637433
4145.0	0.5704773
4148.0	0.5539497
4151.0	0.5888344
4154.0	0.8203844
4157.0	0.545972
4160.0	0.5743747
4163.0	0.6267793
4166.0	0.4224354
4169.0	0.5121322
4172.0	0.4626711
4175.0	0.4642506
4178.0	0.4758567
4181.0	0.492506
4184.0	0.4122816
4187.0	0.3324846
4190.0	0.5194415
4193.0	0.5082594
4196.0	0.4085892
4199.0	0.4798608
4202.0	0.4746627
4205.0	0.5669983
4208.0	0.5859793
4211.0	0.5187758
4214.0	0.4278993
4217.0	0.6267833
4220.0	0.4821312
4223.0	0.515555
4226.0	0.3829276
4229.0	0.4738718
4232.0	0.5576708
4235.0	0.4451816
4238.0	0.5753778
4241.0	0.4174527
4244.0	0.4622519
4247.0	0.458957
4250.0	0.5496024
4253.0	0.5405757
4256.0	0.6064479
4259.0	0.5473847
4262.0	0.5915344
4265.0	0.6432393
4268.0	0.6527694
4271.0	0.5623158
4274.0	0.5003356
4277.0	0.525564
4280.0	0.5305893
4283.0	0.632968
4286.0	0.5968736
4289.0	0.6251782
4292.0	0.6466174
4295.0	0.5479282
4298.0	0.6121821
4301.0	0.7536333
4304.0	0.6160276
4307.0	0.5517906
4310.0	0.5774328
4313.0	0.6256394
4316.0	0.5216237
4319.0	0.6005821
4322.0	0.6634264
4325.0	0.6664338
4328.0	0.6102927
4331.0	0.6437237
4334.0	0.6106186
4337.0	0.607705
4340.0	0.6800818
4343.0	0.5385923
4346.0	0.658344
4349.0	0.6777654
4352.0	0.4736376
4355.0	0.8578675
4358.0	0.5064012
4361.0	0.594575
4364.0	0.6552888
4367.0	0.6198918
4370.0	0.7047042
4373.0	0.6066498
4376.0	0.6968268
4379.0	0.5871916
4382.0	0.657766
4385.0	0.6229139
4388.0	0.7303215
4391.0	0.6672904
4394.0	0.6402341
4397.0	0.7629051
4400.0	0.7634732
4403.0	0.7352018
4406.0	0.861011
4409.0	0.6018034
4412.0	0.8156397
4415.0	0.8269261
4418.0	0.7606689
4421.0	0.6899582
4424.0	0.7312717
4427.0	0.6209894
4430.0	0.7493182
4433.0	0.6602588
4436.0	0.6702898
4439.0	0.6970587
4442.0	0.6034554
4445.0	0.6754155
4448.0	0.628903
4451.0	0.7545846
4454.0	0.569545
4457.0	0.619566
4460.0	0.574439
4463.0	0.4554852
4466.0	0.452779
4469.0	0.5204522
4472.0	0.5329625
4475.0	0.4172238
4478.0	0.3583822
4481.0	0.4287989
4484.0	0.3548917
4487.0	0.5882408
4490.0	0.2705798
4493.0	0.3283861
4496.0	0.3845311
4499.0	0.4721172
4502.0	0.2728076
4505.0	0.2611341
4508.0	0.3694552
4511.0	0.3122234
4514.0	0.285762
4517.0	0.2552992
4520.0	0.2990574
4523.0	0.3680314
4526.0	0.3451747
4529.0	0.2154579
4532.0	0.4547302
4535.0	0.3783732
4538.0	0.2783449
4541.0	0.2975967
4544.0	0.368778
4547.0	0.3159108
4550.0	0.3834764
4553.0	0.3151778
4556.0	0.4823893
4559.0	0.4840424
4562.0	0.3769006
4565.0	0.3686029
4568.0	0.4178001
4571.0	0.3667806
4574.0	0.5329883
4577.0	0.4056633
4580.0	0.4267175
4583.0	0.5269922
4586.0	0.4609399
4589.0	0.5536361
4592.0	0.4710348
4595.0	0.5420954
4598.0	0.5816875
4601.0	0.4852937
4604.0	0.6315541
4607.0	0.671651
4610.0	0.6438501
4613.0	0.729176
4616.0	0.5536157
4619.0	0.7807739
4622.0	0.7665692
4625.0	0.806707
4628.0	0.7930114
4631.0	0.7868509
4634.0	0.7246817
4637.0	0.764837
4640.0	0.9065544
4643.0	0.9701833
4646.0	0.933143
4649.0	0.9526256
4652.0	0.8866871
4655.0	1.058989
4658.0	0.9638656
4661.0	0.8637454
4664.0	1.003461
4667.0	0.9663572
4670.0	0.9831262
4673.0	0.9959085
4676.0	1.135795
4679.0	1.023627
4682.0	1.086044
4685.0	1.17511
4688.0	1.103205
4691.0	1.206042
4694.0	1.220277
4697.0	1.30648
4700.0	1.207443
4703.0	1.234643
4706.0	1.348792
4709.0	1.270298
4712.0	1.31338
4715.0	1.37827
4718.0	1.257086
4721.0	1.215003
4724.0	1.353198
4727.0	1.428318
4730.0	1.358352
4733.0	1.396856
4736.0	1.424309
4739.0	1.286417
4742.0	1.25841
4745.0	1.283939
4748.0	1.306072
4751.0	1.195773
4754.0	1.095629
4757.0	1.194341
4760.0	1.16826
4763.0	1.070565
4766.0	1.114761
4769.0	0.9748482
4772.0	1.093967
4775.0	1.020946
4778.0	1.009202
4781.0	0.8379865
4784.0	0.8818185
4787.0	0.9051765
4790.0	0.8763776
4793.0	0.8011723
4796.0	0.7667374
4799.0	0.831788
4802.0	0.9276561
4805.0	0.8739169
4808.0	0.8442378
4811.0	0.8118406
4814.0	0.8509937
4817.0	0.8469157
4820.0	0.7271242
4823.0	0.7394588
4826.0	0.7347775
4829.0	0.7904899
4832.0	0.6653998
4835.0	0.7356437
4838.0	0.6977772
4841.0	0.5365331
4844.0	0.5593364
4847.0	0.6319133
4850.0	0.4681696
4853.0	0.5292543
4856.0	0.4880748
4859.0	0.5533117
4862.0	0.5085515
4865.0	0.4714553
4868.0	0.3763187
4871.0	0.5062498
4874.0	0.4387568
4877.0	0.3658978
4880.0	0.4805678
4883.0	0.4279864
4886.0	0.4457982
4889.0	0.499794
4892.0	0.579816
4895.0	0.5244752
4898.0	0.5195861
4901.0	0.5386121
4904.0	0.5225209
4907.0	0.5342513
4910.0	0.5935391
4913.0	0.5480974
4916.0	0.6310602
4919.0	0.6227614
4922.0	0.5636151
4925.0	0.5183506
4928.0	0.4535082
4931.0	0.48608
4934.0	0.5441154
4937.0	0.4615004
4940.0	0.5556052
4943.0	0.5449474
4946.0	0.4412325
4949.0	0.4630955
4952.0	0.4839129
4955.0	0.4281163
4958.0	0.4838521
4961.0	0.4333959
4964.0	0.4456774
4967.0	0.5082027
4970.0	0.4065534
4973.0	0.4834238
4976.0	0.4519961
4979.0	0.4677411
4982.0	0.5818525
4985.0	0.5094755
4988.0	0.4733287
4991.0	0.6447332
4994.0	0.4912309
4997.0	0.5973853
5000.0	0.5223796
5003.0	0.5955254
5006.0	0.6023191
5009.0	0.6324928
5012.0	0.6722892
5015.0	0.6176992
5018.0	0.7051333
5021.0	0.6966988
5024.0	0.6940845
5027.0	0.694324
5030.0	0.7099609
5033.0	0.7168553
5036.0	0.7631458
5039.0	0.7388624
5042.0	0.8036803
5045.0	0.835591
5048.0	0.8227006
5051.0	0.8744966
5054.0	0.8557541
5057.0	1.033323
5060.0	0.9157597
5063.0	0.824369
5066.0	0.8969094
5069.0	0.9179326
5072.0	0.7983427
5075.0	0.7757962
5078.0	0.7349167
5081.0	0.6938239
5084.0	0.7573017
5087.0	0.7870475
5090.0	0.6762643
5093.0	0.6072505
5096.0	0.4726969
5099.0	0.5705233
5102.0	0.5688074
5105.0	0.6000277
5108.0	0.5172095
5111.0	0.5546715
5114.0	0.4814091
5117.0	0.4675976
5120.0	0.530044
5123.0	0.4700384
5126.0	0.511304
5129.0	0.578137
5132.0	0.4767938
5135.0	0.4986126
5138.0	0.4388258
5141.0	0.4662162
5144.0	0.4233743
5147.0	0.4789206
5150.0	0.3672546
5153.0	0.3994581
5156.0	0.4128602
5159.0	0.5504825
5162.0	0.417455
5165.0	0.5190341
5168.0	0.5699891
5171.0	0.4751107
5174.0	0.4987462
5177.0	0.3858991
5180.0	0.4473332
5183.0	0.5192159
5186.0	0.410834
5189.0	0.5210527
5192.0	0.4422
5195.0	0.522606
5198.0	0.4930102
5201.0	0.4760565
5204.0	0.4856331
5207.0	0.4886687
5210.0	0.4661912
5213.0	0.5336963
5216.0	0.5136939
5219.0	0.4042053
5222.0	0.5323819
5225.0	0.4344747
5228.0	0.4814432
5231.0	0.4778277
5234.0	0.5820152
5237.0	0.4576229
5240.0	0.42606
5243.0	0.5114735
5246.0	0.4431584
5249.0	0.532755
5252.0	0.5825203
5255.0	0.4152015
5258.0	0.5606964
5261.0	0.5950361
5264.0	0.478699
5267.0	0.496649
5270.0	0.5018071
5273.0	0.5313793
5276.0	0.5154625
5279.0	0.5614969
5282.0	0.5307702
5285.0	0.5496072
5288.0	0.5830471
5291.0	0.5604584
5294.0	0.550124
5297.0	0.5252171
5300.0	0.6686265
5303.0	0.6074303
5306.0	0.6213574
5309.0	0.6225545
5312.0	0.6348018
5315.0	0.7235538
5318.0	0.6072472
5321.0	0.6832804
5324.0	0.6925339
5327.0	0.7964345
5330.0	0.6845747
5333.0	0.7553478
5336.0	0.7878788
5339.0	0.7533523
5342.0	0.7436877
5345.0	0.9113556
5348.0	0.7972391
5351.0	0.8397719
5354.0	0.8250896
5357.0	0.7223824
5360.0	0.8318239
5363.0	0.753275
5366.0	0.7930521
5369.0	0.8044214
5372.0	0.7557298
5375.0	0.7922675
5378.0	0.8336306
5381.0	0.8209365
5384.0	0.8033472
5387.0	0.8790426
5390.0	0.7709532
5393.0	0.8949087
5396.0	0.9688733
5399.0	0.8603602
5402.0	0.9063653
5405.0	0.9011859
5408.0	0.8605658
5411.0	0.9048576
5414.0	0.9908845
5417.0	0.7890037
5420.0	0.972895
5423.0	0.9163963
5426.0	1.042902
5429.0	0.9066461
5432.0	0.8995632
5435.0	0.9220427
5438.0	0.8894761
5441.0	0.9548744
5444.0	0.8528892
5447.0	0.9584876
5450.0	0.9001899
5453.0	1.163414
5456.0	0.9182343
5459.0	1.053248
5462.0	0.8199959
5465.0	0.9384915
5468.0	1.080269
5471.0	0.8619331
5474.0	0.9383974
5477.0	0.8856493
5480.0	0.9266115
5483.0	1.100494
5486.0	1.135304
5489.0	1.021555
5492.0	1.090586
5495.0	1.07419
5498.0	1.155956
5501.0	1.030524
5504.0	0.9103053
5507.0	0.9137689
5510.0	0.8170245
5513.0	0.7723345
5516.0	0.9047824
5519.0	0.8690417
5522.0	0.871865
5525.0	0.8909611
5528.0	0.8953874
5531.0	0.834215
5534.0	0.9075795
5537.0	0.9016525
5540.0	0.8748446
5543.0	0.9012201
5546.0	0.9581543
5549.0	0.8307508
5552.0	0.8827271
5555.0	0.879088
5558.0	0.9485434
5561.0	0.8863018
5564.0	0.8468028
5567.0	0.8697966
5570.0	0.9835809
5573.0	0.9119915
5576.0	0.7904181
5579.0	0.905633
5582.0	0.8936713
5585.0	0.9555942
5588.0	0.8748022
5591.0	0.9582618
5594.0	0.8951327
5597.0	0.887706
5600.0	1.00371
5603.0	0.9859542
5606.0	0.981728
5609.0	0.981926
5612.0	0.9247427
5615.0	0.9198089
5618.0	0.9554103
5621.0	0.9612039
5624.0	1.048651
5627.0	0.9973516
5630.0	1.034145
5633.0	1.016769
5636.0	0.9730584
5639.0	1.037323
5642.0	1.052747
5645.0	0.988421
5648.0	0.9302651
5651.0	1.025155
5654.0	1.042439
5657.0	0.9457164
5660.0	1.00772
5663.0	0.9503468
5666.0	1.023743
5669.0	0.8845267
5672.0	0.999886
5675.0	0.9473739
5678.0	0.7884113
5681.0	1.007383
5684.0	0.9133211
5687.0	0.752338
5690.0	0.7504836
5693.0	0.7721382
5696.0	0.7889382
5699.0	0.7971693
5702.0	0.7530843
5705.0	0.7569515
5708.0	0.7163517
5711.0	0.6948487
5714.0	0.696414
5717.0	0.6895835
5720.0	0.6405451
5723.0	0.6379618
5726.0	0.6330553
5729.0	0.6281387
5732.0	0.6255848
5735.0	0.6155046
5738.0	0.5854105
5741.0	0.5861057
5744.0	0.6186734
5747.0	0.5929701
5750.0	0.5806971
5753.0	0.5691978
5756.0	0.5722501
5759.0	0.5354266
5762.0	0.5089985
5765.0	0.5123785
5768.0	0.5197992
5771.0	0.4888897
5774.0	0.4935041
5777.0	0.4869063
5780.0	0.4882158
5783.0	0.4611677
5786.0	0.4279078
5789.0	0.445035
5792.0	0.4510159
5795.0	0.4146814
5798.0	0.4304459
5801.0	0.4019801
5804.0	0.431853
5807.0	0.4119432
5810.0	0.4177999
5813.0	0.3860486
5816.0	0.3922922
5819.0	0.4137731
5822.0	0.4034668
5825.0	0.3759852
5828.0	0.382728
5831.0	0.4004584
5834.0	0.4024441
5837.0	0.4061728
5840.0	0.4122439
5843.0	0.3860341
5846.0	0.4198691
5849.0	0.4140087
5852.0	0.4143196
5855.0	0.4319556
5858.0	0.4330216
5861.0	0.4303713
5864.0	0.4442047
5867.0	0.485768
5870.0	0.5037802
5873.0	0.4972129
5876.0	0.4926996
5879.0	0.4881864
5882.0	0.4782131
5885.0	0.5556063
5888.0	0.5941157
5891.0	0.4903656
5894.0	0.4764012
5897.0	0.6002231
5900.0	0.6573401
5903.0	0.6293131
5906.0	0.6439145
5909.0	0.6522025
5912.0	0.6771998
5915.0	0.7009478
5918.0	0.7096803
5921.0	0.7498014
5924.0	0.7554728
5927.0	0.7487285
5930.0	0.7730314
5933.0	0.8350327
5936.0	0.8307775
5939.0	0.833163
5942.0	0.8477141
5945.0	0.861927
5948.0	0.8801925
5951.0	0.9363459
5954.0	0.9580433
5957.0	0.9224905
5960.0	0.8989123
5963.0	0.9255851
5966.0	0.9704644
5969.0	0.9469508
5972.0	0.9806024
5975.0	0.9841698
5978.0	0.9612207
5981.0	0.9757364
5984.0	0.989492
5987.0	0.964184
5990.0	0.9794844
5993.0	0.9922173
5996.0	0.9785751
5999.0	0.9597043
6002.0	0.9393206
6005.0	0.9638951
6008.0	0.9623531
6011.0	0.9334956
6014.0	0.9280709
6017.0	0.9325681
6020.0	0.9360684
6023.0	0.9524087
6026.0	0.9173248
6029.0	0.8734697
6032.0	0.7956897
6035.0	0.7715314
6038.0	0.8477188
6041.0	0.8812971
6044.0	0.8886889
6047.0	0.8294353
6050.0	0.8262471
6053.0	0.8519552
6056.0	0.8399928
6059.0	0.825054
6062.0	0.7918519
6065.0	0.7672359
6068.0	0.7560419
6071.0	0.7497537
6074.0	0.6902295
6077.0	0.6953082
6080.0	0.7135208
6083.0	0.698871
6086.0	0.7267767
6089.0	0.688723
6092.0	0.6841882
6095.0	0.6724336
6098.0	0.6896606
6101.0	0.683719
6104.0	0.6749445
6107.0	0.6472571
6110.0	0.6461336
6113.0	0.6415976
6116.0	0.6296885
6119.0	0.5949067
6122.0	0.5730773
6125.0	0.584165
6128.0	0.5700939
6131.0	0.5536747
6134.0	0.5425414
6137.0	0.5333021
6140.0	0.5292665
6143.0	0.4996813
6146.0	0.4638892
6149.0	0.4786932
6152.0	0.4597849
6155.0	0.4380706
6158.0	0.4358828
6161.0	0.4312317
6164.0	0.4198336
6167.0	0.3927588
6170.0	0.4295159
6173.0	0.4261619
6176.0	0.3923566
6179.0	0.3922533
6182.0	0.4037185
6185.0	0.4218062
6188.0	0.4006957
6191.0	0.3961995
6194.0	0.4295458
6197.0	0.4117317
6200.0	0.4305453
6203.0	0.441143
6206.0	0.4454327
6209.0	0.4744762
6212.0	0.4394446
6215.0	0.4263086
6218.0	0.4441237
6221.0	0.4569176
6224.0	0.4268816
6227.0	0.414656
6230.0	0.4180555
6233.0	0.419563
6236.0	0.3966008
6239.0	0.4144613
6242.0	0.4350621
6245.0	0.42654
6248.0	0.4003046
6251.0	0.3928276
6254.0	0.4003254
6257.0	0.3944552
6260.0	0.4263071
6263.0	0.429437
6266.0	0.4152332
6269.0	0.3785894
6272.0	0.4082417
6275.0	0.4984876
6278.0	0.5551192
6281.0	0.4516134
6284.0	0.4134007
6287.0	0.4235598
6290.0	0.3915513
6293.0	0.4109916
6296.0	0.4541925
6299.0	0.4252923
6302.0	0.3995472
6305.0	0.4424087
6308.0	0.4584771
6311.0	0.4622522
6314.0	0.4706549
6317.0	0.4769376
6320.0	0.4594465
6323.0	0.4824758
6326.0	0.4937769
6329.0	0.478454
6332.0	0.4904957
6335.0	0.4783432
6338.0	0.4885884
6341.0	0.502475
6344.0	0.4761212
6347.0	0.4848827
6350.0	0.5116177
6353.0	0.5188142
6356.0	0.52179
6359.0	0.4861996
6362.0	0.5028548
6365.0	0.5020528
6368.0	0.5051053
6371.0	0.4648308
6374.0	0.4749949
6377.0	0.4813174
6380.0	0.4755243
6383.0	0.4690723
6386.0	0.4702397
6389.0	0.4699138
6392.0	0.4544319
6395.0	0.4563612
6398.0	0.4669519
6401.0	0.4614679
6404.0	0.4447101
6407.0	0.4426268
6410.0	0.4448403
6413.0	0.4335948
6416.0	0.4058528
6419.0	0.3874359
6422.0	0.3935408
6425.0	0.389792
6428.0	0.3851166
6431.0	0.3826533
6434.0	0.3537036
6437.0	0.3361892
6440.0	0.3527805
6443.0	0.3703963
6446.0	0.3479271
6449.0	0.3510202
6452.0	0.3394956
6455.0	0.3410893
6458.0	0.3340589
6461.0	0.3330961
6464.0	0.32085
6467.0	0.3107919
6470.0	0.3231692
6473.0	0.3214594
6476.0	0.308982
6479.0	0.3303673
6482.0	0.3359172
6485.0	0.3310747
6488.0	0.3252151
6491.0	0.3468581
6494.0	0.3548466
6497.0	0.3355584
6500.0	0.3371085
6503.0	0.3562265
6506.0	0.3572308
6509.0	0.3654123
6512.0	0.3635843
6515.0	0.3619936
6518.0	0.3585252
6521.0	0.3782201
6524.0	0.3882311
6527.0	0.4005604
6530.0	0.4020993
6533.0	0.398085
6536.0	0.4073579
6539.0	0.440273
6542.0	0.437093
6545.0	0.421252
6548.0	0.4297325
6551.0	0.4531085
6554.0	0.4525741
6557.0	0.448209
6560.0	0.4649802
6563.0	0.4641533
6566.0	0.4603693
6569.0	0.4935149
6572.0	0.4843513
6575.0	0.5023739
6578.0	0.5062135
6581.0	0.5016673
6584.0	0.5013688
6587.0	0.5091944
6590.0	0.5331365
6593.0	0.5402167
6596.0	0.5601001
6599.0	0.5672486
6602.0	0.5844993
6605.0	0.5728298
6608.0	0.5980017
6611.0	0.5864798
6614.0	0.5688335
6617.0	0.5899231
6620.0	0.6300202
6623.0	0.6249176
6626.0	0.6263787
6629.0	0.6391334
6632.0	0.6377
6635.0	0.6346285
6638.0	0.6582112
6641.0	0.6451452
6644.0	0.6473254
6647.0	0.6440066
6650.0	0.6549515
6653.0	0.6667129
6656.0	0.6698386
6659.0	0.6491117
6662.0	0.632327
6665.0	0.6791183
6668.0	0.6696279
6671.0	0.6731834
6674.0	0.6686841
6677.0	0.6671525
6680.0	0.682655
6683.0	0.6582975
6686.0	0.6506475
6689.0	0.6254107
6692.0	0.6359104
6695.0	0.636284
6698.0	0.6279942
6701.0	0.6202986
6704.0	0.616561
6707.0	0.6226699
6710.0	0.6021935
6713.0	0.5980291
6716.0	0.5849084
6719.0	0.5596588
6722.0	0.55331
6725.0	0.5683222
6728.0	0.563807
6731.0	0.5351689
6734.0	0.5282003
6737.0	0.516095
6740.0	0.5024176
6743.0	0.5144163
6746.0	0.5169806
6749.0	0.4957574
6752.0	0.4961868
6755.0	0.4875725
6758.0	0.4659659
6761.0	0.4574744
6764.0	0.4534699
6767.0	0.4448059
6770.0	0.4194324
6773.0	0.4115142
6776.0	0.4192399
6779.0	0.4066268
6782.0	0.3692689
6785.0	0.3755862
6788.0	0.3852262
6791.0	0.3754041
6794.0	0.3500252
6797.0	0.3519037
6800.0	0.3449318
6803.0	0.319463
6806.0	0.3340471
6809.0	0.3253977
6812.0	0.2999313
6815.0	0.2961151
6818.0	0.3093352
6821.0	0.2950535
6824.0	0.299454
6827.0	0.2724409
6830.0	0.2603568
6833.0	0.2682138
6836.0	0.2556809
6839.0	0.2512881
6842.0	0.2428488
6845.0	0.2268742
6848.0	0.2311863
6851.0	0.2338307
6854.0	0.219589
6857.0	0.2117169
6860.0	0.2221532
6863.0	0.2078339
6866.0	0.1913945
6869.0	0.2097723
6872.0	0.2105174
6875.0	0.2080889
6878.0	0.2001565
6881.0	0.1810635
6884.0	0.1783009
6887.0	0.1749684
6890.0	0.1930671
6893.0	0.1724939
6896.0	0.1656191
6899.0	0.1673795
6902.0	0.1674198
6905.0	0.17112
6908.0	0.1552245
6911.0	0.1610869
6914.0	0.170233
6917.0	0.1504623
6920.0	0.1425657
6923.0	0.1479972
6926.0	0.1440531
6929.0	0.1538176
6932.0	0.1610209
6935.0	0.1546736
6938.0	0.1502847
6941.0	0.1515799
6944.0	0.151861
6947.0	0.1603665
6950.0	0.1654844
6953.0	0.1583844
6956.0	0.169271
6959.0	0.1519648
6962.0	0.1599063
6965.0	0.1624647
6968.0	0.1612947
6971.0	0.166067
6974.0	0.1627368
6977.0	0.1660628
6980.0	0.1748717
6983.0	0.177808
6986.0	0.1745669
6989.0	0.170907
6992.0	0.1625157
6995.0	0.1690557
6998.0	0.1700815
7001.0	0.1704609
7004.0	0.1664137
7007.0	0.1794095
7010.0	0.1787422
7013.0	0.1655644
7016.0	0.1686941
7019.0	0.1657647
7022.0	0.1889325
7025.0	0.1869154
7028.0	0.1881995
7031.0	0.183611
7034.0	0.1842723
7037.0	0.1936319
7040.0	0.1898321
7043.0	0.1955248
7046.0	0.2050619
7049.0	0.1996787
7052.0	0.1907601
7055.0	0.1958224
7058.0	0.1944822
7061.0	0.2141193
7064.0	0.2247387
7067.0	0.2118258
7070.0	0.2104094
7073.0	0.2132799
7076.0	0.2117409
7079.0	0.2288755
7082.0	0.219208
7085.0	0.207888
7088.0	0.2076327
7091.0	0.2088814
7094.0	0.21859
7097.0	0.2073716
7100.0	0.2172356
7103.0	0.2208878
7106.0	0.2110223
7109.0	0.2172659
7112.0	0.2025656
7115.0	0.2004185
7118.0	0.2170311
7121.0	0.2116686
7124.0	0.2108037
7127.0	0.2138747
7130.0	0.2113916
7133.0	0.2082431
7136.0	0.2101248
7139.0	0.2038681
7142.0	0.2028913
7145.0	0.2123179
7148.0	0.2157899
7151.0	0.207454
7154.0	0.199554
7157.0	0.2080579
7160.0	0.2274183
7163.0	0.2147005
7166.0	0.2067695
7169.0	0.2082935
7172.0	0.2062751
7175.0	0.216787
7178.0	0.2049531
7181.0	0.2019396
7184.0	0.2171006
7187.0	0.1940279
7190.0	0.1970072
7193.0	0.2024932
7196.0	0.1917779
7199.0	0.1933727
7202.0	0.1994264
7205.0	0.205096
7208.0	0.2031505
7211.0	0.196275
7214.0	0.1915468
7217.0	0.2048177
7220.0	0.2014347
7223.0	0.214451
7226.0	0.2179518
7229.0	0.2058285
7232.0	0.199618
7235.0	0.2052802
7238.0	0.2195614
7241.0	0.2051684
7244.0	0.2245768
7247.0	0.2091593
7250.0	0.1965087
7253.0	0.2163189
7256.0	0.1989135
7259.0	0.2086195
7262.0	0.2245564
7265.0	0.2282434
7268.0	0.2230995
7271.0	0.2154667
7274.0	0.2169188
7277.0	0.228267
7280.0	0.2273297
7283.0	0.2274182
7286.0	0.2313281
7289.0	0.2363463
7292.0	0.2367804
7295.0	0.2386413
7298.0	0.2549492
7301.0	0.2546219
7304.0	0.244715
7307.0	0.2551033
7310.0	0.2623489
7313.0	0.2507456
7316.0	0.2403565
7319.0	0.2626773
7322.0	0.2595285
7325.0	0.268046
7328.0	0.2778165
7331.0	0.2695446
7334.0	0.2827812
7337.0	0.2726344
7340.0	0.2929576
7343.0	0.2947351
7346.0	0.271029
7349.0	0.2877991
7352.0	0.2845475
7355.0	0.2763848
7358.0	0.2806972
7361.0	0.2989992
7364.0	0.2903062
7367.0	0.2920068
7370.0	0.2789981
7373.0	0.2859319
7376.0	0.3060978
7379.0	0.3231297
7382.0	0.315181
7385.0	0.3018971
7388.0	0.3135437
7391.0	0.3323093
7394.0	0.3271007
7397.0	0.3185699
7400.0	0.3152408
7403.0	0.3331397
7406.0	0.3210448
7409.0	0.3332718
7412.0	0.3437794
7415.0	0.3478396
7418.0	0.350438
7421.0	0.3450834
7424.0	0.3444249
7427.0	0.3592983
7430.0	0.3539336
7433.0	0.3416111
7436.0	0.3544281
7439.0	0.3533163
7442.0	0.3322617
7445.0	0.3411459
7448.0	0.3520947
7451.0	0.3491634
7454.0	0.3440164
7457.0	0.3373607
7460.0	0.3450141
7463.0	0.3509256
7466.0	0.3358589
7469.0	0.347398
7472.0	0.3401252
7475.0	0.319047
7478.0	0.3031873
7481.0	0.3247716
7484.0	0.3326783
7487.0	0.3119714
7490.0	0.3183635
7493.0	0.3196444
7496.0	0.3088931
7499.0	0.3021787
7502.0	0.2985541
7505.0	0.2978487
7508.0	0.2994041
7511.0	0.2954363
7514.0	0.2874104
7517.0	0.2753362
7520.0	0.2815683
7523.0	0.3036522
7526.0	0.2847193
7529.0	0.2919606
7532.0	0.2952803
7535.0	0.2963929
7538.0	0.2975053
7541.0	0.3029168
7544.0	0.3013699
7547.0	0.2977728
7550.0	0.3112831
7553.0	0.3085057
7556.0	0.3027072
7559.0	0.3107934
7562.0	0.3081311
7565.0	0.3000398
7568.0	0.2989361
7571.0	0.3106787
7574.0	0.3092244
7577.0	0.3181264
7580.0	0.3167823
7583.0	0.318057
7586.0	0.3063118
7589.0	0.3090581
7592.0	0.3094744
7595.0	0.3400314
7598.0	0.3148136
7601.0	0.2974397
7604.0	0.2231853
7607.0	0.177505
7610.0	0.2311264
7613.0	0.2848935
7616.0	0.2987615
7619.0	0.3185384
7622.0	0.316578
7625.0	0.3126138
7628.0	0.3021652
7631.0	0.3275243
7634.0	0.3187153
7637.0	0.3118873
7640.0	0.3457568
7643.0	0.328929
7646.0	0.3359025
7649.0	0.3402393
7652.0	0.3406825
7655.0	0.3390095
7658.0	0.3539784
7661.0	0.337657
7664.0	0.3275679
7667.0	0.3179605
7670.0	0.3181948
7673.0	0.3312229
7676.0	0.3277542
7679.0	0.3281304
7682.0	0.3076202
7685.0	0.3116657
7688.0	0.3073633
7691.0	0.2987446
7694.0	0.3121787
7697.0	0.3164291
7700.0	0.3143731
7703.0	0.2916448
7706.0	0.2903348
7709.0	0.2908227
7712.0	0.2641178
7715.0	0.2691894
7718.0	0.2718282
7721.0	0.2874296
7724.0	0.288675
7727.0	0.2674586
7730.0	0.2513046
7733.0	0.2592259
7736.0	0.2518037
7739.0	0.2533343
7742.0	0.2627673
7745.0	0.2501849
7748.0	0.2343916
7751.0	0.2431617
7754.0	0.2629948
7757.0	0.241376
7760.0	0.2356789
7763.0	0.2356799
7766.0	0.2411799
7769.0	0.2546619
7772.0	0.2584473
7775.0	0.2564964
7778.0	0.2460281
7781.0	0.2480365
7784.0	0.2546203
7787.0	0.2406005
7790.0	0.2570065
7793.0	0.2658188
7796.0	0.2827933
7799.0	0.2863346
7802.0	0.2839023
7805.0	0.2784714
7808.0	0.2752947
7811.0	0.2815768
7814.0	0.2880234
7817.0	0.3110607
7820.0	0.3056103
7823.0	0.280102
7826.0	0.314807
7829.0	0.3178911
7832.0	0.312183
7835.0	0.3193525
7838.0	0.3323115
7841.0	0.331522
7844.0	0.3338433
7847.0	0.3473723
7850.0	0.3226982
7853.0	0.3352817
7856.0	0.3426925
7859.0	0.3343222
7862.0	0.3291001
7865.0	0.3242553
7868.0	0.3337888
7871.0	0.3422842
7874.0	0.3506952
7877.0	0.3729953
7880.0	0.3511357
7883.0	0.3440043
7886.0	0.34652
7889.0	0.3688516
7892.0	0.3623411
7895.0	0.3491895
7898.0	0.3436189
7901.0	0.3542238
7904.0	0.3593474
7907.0	0.3615783
7910.0	0.3495894
7913.0	0.3336379
7916.0	0.3622903
7919.0	0.3432756
7922.0	0.3513858
7925.0	0.3667079
7928.0	0.3524718
7931.0	0.3504471
7934.0	0.3653252
7937.0	0.3524586
7940.0	0.3373392
7943.0	0.342116
7946.0	0.346685
7949.0	0.3407553
7952.0	0.3602405
7955.0	0.3572919
7958.0	0.3351794
7961.0	0.3146009
7964.0	0.3155355
7967.0	0.3242577
7970.0	0.3174656
7973.0	0.3240507
7976.0	0.3360157
7979.0	0.3244984
7982.0	0.3245172
7985.0	0.2990682
7988.0	0.314843
7991.0	0.3370178
7994.0	0.3236117
7997.0	0.2928662
8000.0	0.2865315
8003.0	0.2974681
8006.0	0.2939502
8009.0	0.2786245
8012.0	0.290269
8015.0	0.2747287
8018.0	0.2598826
8021.0	0.2557278
8024.0	0.2749632
8027.0	0.2845007
8030.0	0.2558076
8033.0	0.2613308
8036.0	0.2510143
8039.0	0.2580431
8042.0	0.2604276
8045.0	0.2397853
8048.0	0.240251
8051.0	0.2409933
8054.0	0.2341973
8057.0	0.2359696
8060.0	0.2265947
8063.0	0.2239497
8066.0	0.2068947
8069.0	0.2104493
8072.0	0.2197644
8075.0	0.2127407
8078.0	0.1877097
8081.0	0.2060772
8084.0	0.2098198
8087.0	0.20803
8090.0	0.2042492
8093.0	0.1964211
8096.0	0.1912081
8099.0	0.1824098
8102.0	0.1698928
8105.0	0.1713083
8108.0	0.1846884
8111.0	0.1635324
8114.0	0.1545942
8117.0	0.1532863
8120.0	0.1619396
8123.0	0.1620894
8126.0	0.1462053
8129.0	0.1739955
8132.0	0.1727494
8135.0	0.1531317
8138.0	0.1376808
8141.0	0.1563245
8144.0	0.1528247
8147.0	0.1624642
8150.0	0.1564198
8153.0	0.1544756
8156.0	0.1550979
8159.0	0.145989
8162.0	0.1471687
8165.0	0.1399646
8168.0	0.1501237
8171.0	0.1437438
8174.0	0.140549
8177.0	0.1397084
8180.0	0.1285387
8183.0	0.1516149
8186.0	0.1513062
8189.0	0.1391016
8192.0	0.161139
8195.0	0.1421868
8198.0	0.1493781
8201.0	0.1414411
8204.0	0.1442282
8207.0	0.152468
8210.0	0.1479493
8213.0	0.1312096
8216.0	0.1353782
8219.0	0.1442123
8222.0	0.1407588
8225.0	0.1479953
8228.0	0.1452787
8231.0	0.1452734
8234.0	0.1432214
8237.0	0.1420313
8240.0	0.1378854
8243.0	0.1427993
8246.0	0.1379738
8249.0	0.1372827
8252.0	0.1347856
8255.0	0.1343437
8258.0	0.149646
8261.0	0.1517315
8264.0	0.1485371
8267.0	0.143542
8270.0	0.1456763
8273.0	0.1413003
8276.0	0.135942
8279.0	0.1497878
8282.0	0.1489335
8285.0	0.1505185
8288.0	0.1303707
8291.0	0.1233268
8294.0	0.1223556
8297.0	0.1332804
8300.0	0.1305848
8303.0	0.1239019
8306.0	0.121506
8309.0	0.130523
8312.0	0.1241338
8315.0	0.1115141
8318.0	0.1068015
8321.0	0.1025234
8324.0	0.1118205
8327.0	0.09853344
8330.0	0.0915462
8333.0	0.0938094
8336.0	0.07857103
8339.0	0.06861579
8342.0	0.051191
8345.0	0.0770893
8348.0	0.07319398
8351.0	0.01520586
8354.0	0.03495101
8357.0	0.04708684
8360.0	0.03605232
8363.0	0.01652106
8366.0	0.02405917
8369.0	0.04248504
8372.0	0.02947344
8375.0	0.007384084
8378.0	0.003773071
8381.0	0.01374036
8384.0	0.02491025
8387.0	0.02119452
8390.0	0.01567805
8393.0	0.02302687
8396.0	0.02824471
8399.0	0.01887443
8402.0	0.02625401
8405.0	0.04205455
8408.0	0.02626208
8411.0	0.03502817
8414.0	0.03373262
8417.0	0.0293419
8420.0	0.03345028
8423.0	0.0220789
8426.0	0.03860828
8429.0	0.01709214
8432.0	0.0201886
8435.0	0.03903051
8438.0	0.03261738
8441.0	0.0430716
8444.0	0.05159619
8447.0	0.0465419
8450.0	0.06219344
8453.0	0.03705946
8456.0	0.02803171
8459.0	0.05324114
8462.0	0.02840314
8465.0	0.05510442
8468.0	0.05706549
8471.0	0.04550402
8474.0	0.04438743
8477.0	0.04532415
8480.0	0.04988461
8483.0	0.05014258
8486.0	0.04553999
8489.0	0.0484164
8492.0	0.05849563
8495.0	0.06211944
8498.0	0.06436527
8501.0	0.04030034
8504.0	0.0343117
8507.0	0.03438597
8510.0	0.04539461
8513.0	0.05108883
8516.0	0.0541568
8519.0	0.05456124
8522.0	0.0473634
8525.0	0.0555164
8528.0	0.05763049
8531.0	0.04847491
8534.0	0.04990108
8537.0	0.05782676
8540.0	0.06549613
8543.0	0.04695753
8546.0	0.04612957
8549.0	0.0663212
8552.0	0.07391768
8555.0	0.07450118
8558.0	0.06290188
8561.0	0.05971825
8564.0	0.06989244
8567.0	0.0673955
8570.0	0.07176249
8573.0	0.08498131
8576.0	0.1135069
8579.0	0.1198616
8582.0	0.08036864
8585.0	0.07778658
8588.0	0.07606263
8591.0	0.07662839
8594.0	0.08279507
8597.0	0.07638393
8600.0	0.05543039
8603.0	0.08523491
8606.0	0.09443638
8609.0	0.1049398
8612.0	0.1119563
8615.0	0.1368524
8618.0	0.1434072
8621.0	0.1415529
8624.0	0.1586929
8627.0	0.1721709
8630.0	0.1739885
8633.0	0.1775608
8636.0	0.1607692
8639.0	0.1769065
8642.0	0.188558
8645.0	0.1841164
8648.0	0.2064416
8651.0	0.2049102
8654.0	0.1945187
8657.0	0.1878565
8660.0	0.1966681
8663.0	0.2142316
8666.0	0.2209356
8669.0	0.2086166
8672.0	0.1928441
8675.0	0.2093169
8678.0	0.2188936
8681.0	0.219164
8684.0	0.220741
8687.0	0.2431706
8690.0	0.2342201
8693.0	0.2443303
8696.0	0.2437581
8699.0	0.2362332
8702.0	0.2368298
8705.0	0.2460934
8708.0	0.2478609
8711.0	0.235848
8714.0	0.248107
8717.0	0.2410043
8720.0	0.2511563
8723.0	0.2575717
8726.0	0.2508748
8729.0	0.2700782
8732.0	0.2583063
8735.0	0.2612761
8738.0	0.2428372
8741.0	0.2514771
8744.0	0.2545211
8747.0	0.244151
8750.0	0.2381274
8753.0	0.2540024
8756.0	0.2627158
8759.0	0.2500955
8762.0	0.2399894
8765.0	0.2589377
8768.0	0.2465683
8771.0	0.2360722
8774.0	0.2255381
8777.0	0.2498821
8780.0	0.2476166
8783.0	0.2368509
8786.0	0.2552729
8789.0	0.2704439
8792.0	0.2539936
8795.0	0.251574
8798.0	0.2607905
8801.0	0.2552251
8804.0	0.2553692
8807.0	0.2484416
8810.0	0.2458539
8813.0	0.2416926
8816.0	0.2501359
8819.0	0.2717838
8822.0	0.231938
8825.0	0.1784417
8828.0	0.2571244
8831.0	0.2782489
8834.0	0.260775
8837.0	0.2488565
8840.0	0.2575421
8843.0	0.2565705
8846.0	0.2592976
8849.0	0.2670844
8852.0	0.2512167
8855.0	0.2669074
8858.0	0.2670926
8861.0	0.2634611
8864.0	0.2733647
8867.0	0.2634935
8870.0	0.2535903
8873.0	0.2820223
8876.0	0.2720715
8879.0	0.2606707
8882.0	0.2725876
8885.0	0.2816479
8888.0	0.2666791
8891.0	0.2860726
8894.0	0.2715727
8897.0	0.2717191
8900.0	0.2717188
8903.0	0.283635
8906.0	0.313832
8909.0	0.2944115
8912.0	0.2916671
8915.0	0.2425043
8918.0	0.2375894
8921.0	0.329574
8924.0	0.2905989
8927.0	0.2927375
8930.0	0.3036265
8933.0	0.3098575
8936.0	0.3037516
8939.0	0.2996547
8942.0	0.2966863
8945.0	0.3069942
8948.0	0.3229418
8951.0	0.2997721
8954.0	0.3046309
8957.0	0.2934419
8960.0	0.3496311
8963.0	0.3402662
8966.0	0.3130547
8969.0	0.3015573
8972.0	0.2953773
8975.0	0.2837087
8978.0	0.3024974
8981.0	0.3091748
8984.0	0.2949165
8987.0	0.2639192
8990.0	0.2780384
8993.0	0.2793981
8996.0	0.2848666
8999.0	0.2734241
9002.0	0.2806645
9005.0	0.2663848
9008.0	0.2483785
9011.0	0.2668384
9014.0	0.2752899
9017.0	0.2706627
9020.0	0.2827083
9023.0	0.2735603
9026.0	0.266466
9029.0	0.2766568
9032.0	0.2733608
9035.0	0.2794481
9038.0	0.2957479
9041.0	0.2854414
9044.0	0.2651319
9047.0	0.2672855
9050.0	0.2770309
9053.0	0.2748908
9056.0	0.2702479
9059.0	0.2578773
9062.0	0.2626313
9065.0	0.2530124
9068.0	0.2621263
9071.0	0.2565648
9074.0	0.2593263
9077.0	0.2535388
9080.0	0.2534207
9083.0	0.2518499
9086.0	0.2513748
9089.0	0.2461072
9092.0	0.2354857
9095.0	0.2420124
9098.0	0.2595901
9101.0	0.2490729
9104.0	0.2507552
9107.0	0.2552539
9110.0	0.2409992
9113.0	0.2542215
9116.0	0.2464147
9119.0	0.2430097
9122.0	0.2467838
9125.0	0.2309425
9128.0	0.224107
9131.0	0.2239201
9134.0	0.2205815
9137.0	0.2193335
9140.0	0.2195801
9143.0	0.2321435
9146.0	0.2117654
9149.0	0.2058959
9152.0	0.2168043
9155.0	0.203214
9158.0	0.1932588
9161.0	0.1999986
9164.0	0.205055
9167.0	0.2073217
9170.0	0.2053409
9173.0	0.2049516
9176.0	0.2006793
9179.0	0.1993738
9182.0	0.2005866
9185.0	0.2013848
9188.0	0.207136
9191.0	0.2086325
9194.0	0.1923906
9197.0	0.1964818
9200.0	0.2064087
9203.0	0.1927739
9206.0	0.1998947
9209.0	0.1887396
9212.0	0.1912974
9215.0	0.1890887
9218.0	0.1842741
9221.0	0.1628192
9224.0	0.193143
9227.0	0.1908582
9230.0	0.1805767
9233.0	0.2046273
9236.0	0.1910996
9239.0	0.1956036
9242.0	0.1958013
9245.0	0.1858447
9248.0	0.1965255
9251.0	0.2069508
9254.0	0.201627
9257.0	0.1868041
9260.0	0.1764209
9263.0	0.178204
9266.0	0.1881396
9269.0	0.195059
9272.0	0.1838918
9275.0	0.1798466
9278.0	0.1845001
9281.0	0.1818521
9284.0	0.1970196
9287.0	0.1823062
9290.0	0.1608661
9293.0	0.168595
9296.0	0.1833964
9299.0	0.196088
9302.0	0.2185807
9305.0	0.2327373
9308.0	0.2649017
9311.0	0.2397211
9314.0	0.2058102
9317.0	0.1789078
9320.0	0.1886188
9323.0	0.2135193
9326.0	0.1586722
9329.0	0.1968697
9332.0	0.1978399
9335.0	0.1805528
9338.0	0.1730949
9341.0	0.1917496
9344.0	0.1882812
9347.0	0.1876948
9350.0	0.227573
9353.0	0.2120505
9356.0	0.1960719
9359.0	0.1907531
9362.0	0.195618
9365.0	0.1878864
9368.0	0.2118208
9371.0	0.2084113
9374.0	0.08165382
9377.0	0.1377818
9380.0	0.1455432
9383.0	0.1721188
9386.0	0.2278496
9389.0	0.22619
9392.0	0.2252434
9395.0	0.2107447
9398.0	0.2167972
9401.0	0.2250793
9404.0	0.2318698
9407.0	0.2280619
9410.0	0.200606
9413.0	0.2445737
9416.0	0.2972477
9419.0	0.2751482
9422.0	0.2052708
9425.0	0.2268936
9428.0	0.300464
9431.0	0.3144958
9434.0	0.3055969
9437.0	0.2611472
9440.0	0.2309918
9443.0	0.1480068
9446.0	0.188227
9449.0	0.2354788
9452.0	0.209531
9455.0	0.2139439
9458.0	0.1722123
9461.0	0.2435793
9464.0	0.239881
9467.0	0.2397668
9470.0	0.250033
9473.0	0.249354
9476.0	0.2589468
9479.0	0.2255379
9482.0	0.2120979
9485.0	0.1955249
9488.0	0.2185007
9491.0	0.2292817
9494.0	0.2078269
9497.0	0.187454
9500.0	0.1921773
9503.0	0.211709
9506.0	0.2022586
9509.0	0.2302183
9512.0	0.2237994
9515.0	0.2437741
9518.0	0.2234211
9521.0	0.1927332
9524.0	0.2144418
9527.0	0.2385581
9530.0	0.2125205
9533.0	0.2023206
9536.0	0.2308463
9539.0	0.2461808
9542.0	0.2242051
9545.0	0.2079003
9548.0	0.2054945
9551.0	0.2371065
9554.0	0.2166973
9557.0	0.2031295
9560.0	0.2032285
9563.0	0.1861292
9566.0	0.1888327
9569.0	0.1829389
9572.0	0.1767807
9575.0	0.2041215
9578.0	0.1987326
9581.0	0.193459
9584.0	0.2060919
9587.0	0.2310791
9590.0	0.2150214
9593.0	0.1826532
9596.0	0.20523
9599.0	0.2426478
9602.0	0.2077034
9605.0	0.190703
9608.0	0.203901
9611.0	0.1771165
9614.0	0.19506
9617.0	0.2022419
9620.0	0.2055381
9623.0	0.189129
9626.0	0.1820949
9629.0	0.1771166
9632.0	0.1869853
9635.0	0.1983204
9638.0	0.1983413
9641.0	0.1897373
9644.0	0.1878715
9647.0	0.191629
9650.0	0.189623
9653.0	0.1997016
9656.0	0.2135723
9659.0	0.2006438
9662.0	0.2101554
9665.0	0.2076514
9668.0	0.1556725
9671.0	0.1267651
9674.0	0.1432185
9677.0	0.172468
9680.0	0.1909959
9683.0	0.2107341
9686.0	0.1832709
9689.0	0.1730174
9692.0	0.185138
9695.0	0.2440691
9698.0	0.2729675
9701.0	0.2134052
9704.0	0.2057824
9707.0	0.2270581
9710.0	0.2014673
9713.0	0.1954389
9716.0	0.1929429
9719.0	0.2116429
9722.0	0.2164843
9725.0	0.231803
9728.0	0.2298025
9731.0	0.2115935
9734.0	0.2226528
9737.0	0.2338988
9740.0	0.2130419
9743.0	0.2189391
9746.0	0.2189619
9749.0	0.2134447
9752.0	0.2213154
9755.0	0.2248266
9758.0	0.2304256
9761.0	0.2517517
9764.0	0.2337453
9767.0	0.2209246
9770.0	0.2188776
9773.0	0.2250837
9776.0	0.2364329
9779.0	0.2294243
9782.0	0.2162748
9785.0	0.2124187
9788.0	0.1610461
9791.0	0.1478055
9794.0	0.2297869
9797.0	0.2101981
9800.0	0.2244532
9803.0	0.2061481
9806.0	0.1986207
9809.0	0.2171657
9812.0	0.2130257
9815.0	0.2076436
9818.0	0.2282311
9821.0	0.2332938
9824.0	0.2192925
9827.0	0.1992062
9830.0	0.1896666
9833.0	0.1968894
9836.0	0.2259881
9839.0	0.2164339
9842.0	0.2196659
9845.0	0.2365321
9848.0	0.2442667
9851.0	0.2258797
9854.0	0.2284102
9857.0	0.186959
9860.0	0.2035758
9863.0	0.1847428
9866.0	0.1689323
9869.0	0.2347672
9872.0	0.2584337
9875.0	0.2051008
9878.0	0.185014
9881.0	0.200776
9884.0	0.1911038
9887.0	0.1961466
9890.0	0.209005
9893.0	0.1714325
9896.0	0.1528739
9899.0	0.1876541
9902.0	0.2111455
9905.0	0.1951527
9908.0	0.2044108
9911.0	0.1761229
9914.0	0.1599165
9917.0	0.1738352
9920.0	0.1847412
9923.0	0.1930405
9926.0	0.1891354
9929.0	0.1728974
9932.0	0.1643269
9935.0	0.1653376
9938.0	0.1449211
9941.0	0.1367565
9944.0	0.1542828
9947.0	0.279798
9950.0	0.1650221
9953.0	0.2180377
9956.0	0.2040953
9959.0	0.1911722
9962.0	0.1678748
9965.0	0.1921879
9968.0	0.2551414
9971.0	0.1717858
9974.0	0.20428
9977.0	0.2440742
9980.0	0.2740788
9983.0	0.1990033
9986.0	0.2516535
9989.0	0.2348185
9992.0	0.2441172
9995.0	0.2600102
9998.0	0.2466898
10001.0	0.2518528
