#	 2018oh 
#	 UT date of observation: 20180322 
#	 Telescope/Instrument: SOAR/Goodman 
#	 Estimated Peak MJD: nan 
#	 Estimated redshift: 0.011 
#	 Estimated Phase: nan 
#	 Published in Dettman et al. 2020 
#	 Observed barycentric wavelength (Angstroms)    F_lambda
3500.0	0.21706
3502.0	0.277679
3504.0	0.210261
3506.0	0.205021
3508.0	0.219283
3510.0	0.249661
3512.0	0.275764
3514.0	0.25769
3516.0	0.309407
3518.0	0.257475
3520.0	0.32037
3522.0	0.313751
3524.0	0.345079
3526.0	0.3535
3528.0	0.347633
3530.0	0.336524
3532.0	0.240243
3534.0	0.259723
3536.0	0.256202
3538.0	0.257698
3540.0	0.334564
3542.0	0.355602
3544.0	0.315521
3546.0	0.34605
3548.0	0.352718
3550.0	0.336714
3552.0	0.276076
3554.0	0.362347
3556.0	0.400242
3558.0	0.40449
3560.0	0.363729
3562.0	0.330785
3564.0	0.341504
3566.0	0.336241
3568.0	0.315297
3570.0	0.295365
3572.0	0.298662
3574.0	0.249535
3576.0	0.192864
3578.0	0.169107
3580.0	0.134195
3582.0	0.131707
3584.0	0.126744
3586.0	0.11273
3588.0	0.112843
3590.0	0.106579
3592.0	0.102908
3594.0	0.144001
3596.0	0.173331
3598.0	0.169459
3600.0	0.16231
3602.0	0.148532
3604.0	0.170493
3606.0	0.183192
3608.0	0.180847
3610.0	0.210949
3612.0	0.225714
3614.0	0.224728
3616.0	0.260458
3618.0	0.287711
3620.0	0.297621
3622.0	0.300232
3624.0	0.279407
3626.0	0.30292
3628.0	0.308611
3630.0	0.328293
3632.0	0.388305
3634.0	0.401217
3636.0	0.406614
3638.0	0.402828
3640.0	0.417456
3642.0	0.460426
3644.0	0.46206
3646.0	0.431125
3648.0	0.422967
3650.0	0.430601
3652.0	0.439832
3654.0	0.441286
3656.0	0.447824
3658.0	0.419005
3660.0	0.412263
3662.0	0.404394
3664.0	0.357198
3666.0	0.350061
3668.0	0.378613
3670.0	0.360298
3672.0	0.31511
3674.0	0.32674
3676.0	0.32794
3678.0	0.311606
3680.0	0.332421
3682.0	0.36424
3684.0	0.373918
3686.0	0.357448
3688.0	0.361651
3690.0	0.374163
3692.0	0.391167
3694.0	0.399958
3696.0	0.392042
3698.0	0.400031
3700.0	0.440556
3702.0	0.445012
3704.0	0.451161
3706.0	0.46718
3708.0	0.468423
3710.0	0.47154
3712.0	0.488437
3714.0	0.512774
3716.0	0.535818
3718.0	0.569849
3720.0	0.552165
3722.0	0.543489
3724.0	0.575134
3726.0	0.593443
3728.0	0.557878
3730.0	0.555903
3732.0	0.644469
3734.0	0.630313
3736.0	0.571384
3738.0	0.612465
3740.0	0.62791
3742.0	0.60855
3744.0	0.598286
3746.0	0.545394
3748.0	0.525626
3750.0	0.541143
3752.0	0.548296
3754.0	0.571042
3756.0	0.578074
3758.0	0.567578
3760.0	0.572071
3762.0	0.557433
3764.0	0.553544
3766.0	0.569341
3768.0	0.616903
3770.0	0.626793
3772.0	0.542689
3774.0	0.490936
3776.0	0.46975
3778.0	0.4567
3780.0	0.462504
3782.0	0.452791
3784.0	0.433152
3786.0	0.413367
3788.0	0.403065
3790.0	0.374049
3792.0	0.367621
3794.0	0.383417
3796.0	0.379743
3798.0	0.348352
3800.0	0.34071
3802.0	0.338732
3804.0	0.315013
3806.0	0.301636
3808.0	0.287463
3810.0	0.283995
3812.0	0.291628
3814.0	0.266335
3816.0	0.27374
3818.0	0.292545
3820.0	0.268073
3822.0	0.250561
3824.0	0.253126
3826.0	0.252535
3828.0	0.233513
3830.0	0.232605
3832.0	0.23738
3834.0	0.213821
3836.0	0.218453
3838.0	0.225663
3840.0	0.219087
3842.0	0.19374
3844.0	0.185763
3846.0	0.183369
3848.0	0.186301
3850.0	0.218798
3852.0	0.209068
3854.0	0.186637
3856.0	0.193556
3858.0	0.201634
3860.0	0.215589
3862.0	0.22976
3864.0	0.236011
3866.0	0.23389
3868.0	0.231015
3870.0	0.257681
3872.0	0.274575
3874.0	0.266615
3876.0	0.278175
3878.0	0.293515
3880.0	0.306063
3882.0	0.322163
3884.0	0.332125
3886.0	0.335246
3888.0	0.343281
3890.0	0.376956
3892.0	0.420619
3894.0	0.413906
3896.0	0.427903
3898.0	0.470799
3900.0	0.470358
3902.0	0.468187
3904.0	0.500894
3906.0	0.532292
3908.0	0.529324
3910.0	0.534763
3912.0	0.559233
3914.0	0.581376
3916.0	0.572905
3918.0	0.565989
3920.0	0.604327
3922.0	0.636318
3924.0	0.640601
3926.0	0.653378
3928.0	0.652903
3930.0	0.636231
3932.0	0.650779
3934.0	0.64647
3936.0	0.652984
3938.0	0.708917
3940.0	0.72735
3942.0	0.718704
3944.0	0.713067
3946.0	0.735498
3948.0	0.759928
3950.0	0.735326
3952.0	0.72263
3954.0	0.731872
3956.0	0.724267
3958.0	0.735346
3960.0	0.747552
3962.0	0.740439
3964.0	0.746025
3966.0	0.734542
3968.0	0.724765
3970.0	0.71654
3972.0	0.71725
3974.0	0.740351
3976.0	0.757925
3978.0	0.767036
3980.0	0.744703
3982.0	0.746755
3984.0	0.779682
3986.0	0.770782
3988.0	0.779486
3990.0	0.807822
3992.0	0.776507
3994.0	0.79583
3996.0	0.829709
3998.0	0.834363
4000.0	0.794555
4002.0	0.802394
4004.0	0.846182
4006.0	0.859459
4008.0	0.856624
4010.0	0.849662
4012.0	0.862988
4014.0	0.85516
4016.0	0.827535
4018.0	0.824841
4020.0	0.835044
4022.0	0.828165
4024.0	0.833151
4026.0	0.856975
4028.0	0.833418
4030.0	0.79506
4032.0	0.823041
4034.0	0.857543
4036.0	0.797588
4038.0	0.764812
4040.0	0.790921
4042.0	0.757903
4044.0	0.711918
4046.0	0.738267
4048.0	0.75553
4050.0	0.72107
4052.0	0.715448
4054.0	0.6891
4056.0	0.67952
4058.0	0.675287
4060.0	0.665549
4062.0	0.654279
4064.0	0.664886
4066.0	0.630654
4068.0	0.616226
4070.0	0.629456
4072.0	0.59545
4074.0	0.597128
4076.0	0.589963
4078.0	0.580924
4080.0	0.599306
4082.0	0.58188
4084.0	0.575366
4086.0	0.57958
4088.0	0.570593
4090.0	0.565214
4092.0	0.560337
4094.0	0.550899
4096.0	0.54991
4098.0	0.5378
4100.0	0.532484
4102.0	0.554074
4104.0	0.564034
4106.0	0.5748
4108.0	0.56452
4110.0	0.582808
4112.0	0.577004
4114.0	0.583892
4116.0	0.591374
4118.0	0.603827
4120.0	0.611929
4122.0	0.5654
4124.0	0.558638
4126.0	0.605128
4128.0	0.586619
4130.0	0.574378
4132.0	0.572012
4134.0	0.569402
4136.0	0.572018
4138.0	0.560778
4140.0	0.536884
4142.0	0.535794
4144.0	0.526166
4146.0	0.548663
4148.0	0.522327
4150.0	0.51072
4152.0	0.493235
4154.0	0.486585
4156.0	0.499548
4158.0	0.498697
4160.0	0.494853
4162.0	0.526681
4164.0	0.500866
4166.0	0.478928
4168.0	0.477257
4170.0	0.482632
4172.0	0.476079
4174.0	0.500013
4176.0	0.501294
4178.0	0.481238
4180.0	0.506628
4182.0	0.514607
4184.0	0.479715
4186.0	0.469136
4188.0	0.475736
4190.0	0.481544
4192.0	0.489554
4194.0	0.481803
4196.0	0.465566
4198.0	0.481935
4200.0	0.498998
4202.0	0.502979
4204.0	0.484828
4206.0	0.486569
4208.0	0.502176
4210.0	0.480521
4212.0	0.492975
4214.0	0.539909
4216.0	0.504704
4218.0	0.475487
4220.0	0.479719
4222.0	0.477605
4224.0	0.476428
4226.0	0.486466
4228.0	0.481818
4230.0	0.476859
4232.0	0.50678
4234.0	0.519595
4236.0	0.516588
4238.0	0.505655
4240.0	0.508422
4242.0	0.51939
4244.0	0.526752
4246.0	0.50453
4248.0	0.512672
4250.0	0.535434
4252.0	0.555751
4254.0	0.541228
4256.0	0.540414
4258.0	0.539891
4260.0	0.536396
4262.0	0.552846
4264.0	0.551607
4266.0	0.53499
4268.0	0.521193
4270.0	0.525793
4272.0	0.537762
4274.0	0.52117
4276.0	0.519435
4278.0	0.54282
4280.0	0.542238
4282.0	0.551794
4284.0	0.566718
4286.0	0.537144
4288.0	0.521848
4290.0	0.529494
4292.0	0.526596
4294.0	0.531924
4296.0	0.532731
4298.0	0.527491
4300.0	0.532903
4302.0	0.550402
4304.0	0.560596
4306.0	0.540062
4308.0	0.530098
4310.0	0.538031
4312.0	0.539364
4314.0	0.537262
4316.0	0.528154
4318.0	0.51577
4320.0	0.527922
4322.0	0.543009
4324.0	0.529947
4326.0	0.533761
4328.0	0.530916
4330.0	0.52151
4332.0	0.535074
4334.0	0.5439
4336.0	0.550636
4338.0	0.563675
4340.0	0.559959
4342.0	0.553842
4344.0	0.570827
4346.0	0.594525
4348.0	0.591991
4350.0	0.57826
4352.0	0.564342
4354.0	0.5696
4356.0	0.591921
4358.0	0.602926
4360.0	0.600193
4362.0	0.601798
4364.0	0.599232
4366.0	0.602818
4368.0	0.624066
4370.0	0.632857
4372.0	0.623814
4374.0	0.612811
4376.0	0.609672
4378.0	0.608745
4380.0	0.623518
4382.0	0.633375
4384.0	0.607006
4386.0	0.604331
4388.0	0.623106
4390.0	0.609747
4392.0	0.585603
4394.0	0.579945
4396.0	0.567859
4398.0	0.556121
4400.0	0.557617
4402.0	0.5435
4404.0	0.515847
4406.0	0.505645
4408.0	0.511212
4410.0	0.495007
4412.0	0.469568
4414.0	0.464616
4416.0	0.472814
4418.0	0.470578
4420.0	0.457551
4422.0	0.450401
4424.0	0.448834
4426.0	0.438048
4428.0	0.416376
4430.0	0.413016
4432.0	0.423308
4434.0	0.414535
4436.0	0.389168
4438.0	0.381989
4440.0	0.388289
4442.0	0.388356
4444.0	0.383242
4446.0	0.374952
4448.0	0.363687
4450.0	0.355184
4452.0	0.344999
4454.0	0.338815
4456.0	0.341935
4458.0	0.333142
4460.0	0.331558
4462.0	0.328421
4464.0	0.325226
4466.0	0.323699
4468.0	0.322315
4470.0	0.32256
4472.0	0.331376
4474.0	0.327233
4476.0	0.3163
4478.0	0.30357
4480.0	0.304363
4482.0	0.310342
4484.0	0.312894
4486.0	0.313412
4488.0	0.309277
4490.0	0.305341
4492.0	0.311691
4494.0	0.314757
4496.0	0.296898
4498.0	0.301955
4500.0	0.317167
4502.0	0.317758
4504.0	0.321343
4506.0	0.345374
4508.0	0.344767
4510.0	0.344992
4512.0	0.345898
4514.0	0.340919
4516.0	0.342417
4518.0	0.358845
4520.0	0.372546
4522.0	0.368579
4524.0	0.36405
4526.0	0.363391
4528.0	0.378817
4530.0	0.380144
4532.0	0.366455
4534.0	0.359842
4536.0	0.375363
4538.0	0.38196
4540.0	0.369263
4542.0	0.376224
4544.0	0.388054
4546.0	0.392632
4548.0	0.400269
4550.0	0.410368
4552.0	0.414626
4554.0	0.420364
4556.0	0.448801
4558.0	0.447979
4560.0	0.430882
4562.0	0.435058
4564.0	0.447142
4566.0	0.481446
4568.0	0.50177
4570.0	0.493375
4572.0	0.495362
4574.0	0.49255
4576.0	0.486078
4578.0	0.492878
4580.0	0.51858
4582.0	0.534971
4584.0	0.530208
4586.0	0.535875
4588.0	0.559271
4590.0	0.566393
4592.0	0.591783
4594.0	0.610677
4596.0	0.625669
4598.0	0.633915
4600.0	0.658585
4602.0	0.669001
4604.0	0.676452
4606.0	0.701171
4608.0	0.715141
4610.0	0.73295
4612.0	0.750336
4614.0	0.757754
4616.0	0.789896
4618.0	0.800959
4620.0	0.809548
4622.0	0.825658
4624.0	0.846591
4626.0	0.855801
4628.0	0.85635
4630.0	0.865267
4632.0	0.874053
4634.0	0.899433
4636.0	0.914361
4638.0	0.939002
4640.0	0.933817
4642.0	0.936412
4644.0	0.967285
4646.0	0.950838
4648.0	0.941746
4650.0	0.954557
4652.0	0.928214
4654.0	0.925259
4656.0	0.929259
4658.0	0.930462
4660.0	0.918954
4662.0	0.918487
4664.0	0.934572
4666.0	0.938326
4668.0	0.92468
4670.0	0.946706
4672.0	0.949473
4674.0	0.934187
4676.0	0.930312
4678.0	0.924043
4680.0	0.952312
4682.0	0.946542
4684.0	0.92843
4686.0	0.934253
4688.0	0.944317
4690.0	0.95241
4692.0	0.947964
4694.0	0.953714
4696.0	0.949361
4698.0	0.938067
4700.0	0.947124
4702.0	0.953867
4704.0	0.927055
4706.0	0.91128
4708.0	0.945599
4710.0	0.946938
4712.0	0.915172
4714.0	0.899776
4716.0	0.882613
4718.0	0.876991
4720.0	0.855615
4722.0	0.835027
4724.0	0.816134
4726.0	0.774551
4728.0	0.756624
4730.0	0.759417
4732.0	0.756941
4734.0	0.713986
4736.0	0.684846
4738.0	0.685707
4740.0	0.670632
4742.0	0.635516
4744.0	0.623892
4746.0	0.600675
4748.0	0.570476
4750.0	0.565381
4752.0	0.574846
4754.0	0.564752
4756.0	0.545406
4758.0	0.532606
4760.0	0.509644
4762.0	0.493346
4764.0	0.505242
4766.0	0.509706
4768.0	0.480715
4770.0	0.474409
4772.0	0.487175
4774.0	0.48146
4776.0	0.469533
4778.0	0.44701
4780.0	0.445705
4782.0	0.451745
4784.0	0.444294
4786.0	0.437928
4788.0	0.425257
4790.0	0.432013
4792.0	0.430641
4794.0	0.428895
4796.0	0.413209
4798.0	0.404583
4800.0	0.415764
4802.0	0.413269
4804.0	0.397022
4806.0	0.39044
4808.0	0.400393
4810.0	0.391277
4812.0	0.380412
4814.0	0.385123
4816.0	0.381809
4818.0	0.393904
4820.0	0.389188
4822.0	0.377369
4824.0	0.38983
4826.0	0.37967
4828.0	0.36716
4830.0	0.373923
4832.0	0.386325
4834.0	0.402321
4836.0	0.395968
4838.0	0.379251
4840.0	0.385744
4842.0	0.406633
4844.0	0.420687
4846.0	0.418818
4848.0	0.442556
4850.0	0.444547
4852.0	0.434719
4854.0	0.441066
4856.0	0.457447
4858.0	0.464556
4860.0	0.489534
4862.0	0.505884
4864.0	0.513071
4866.0	0.515517
4868.0	0.521281
4870.0	0.526334
4872.0	0.520136
4874.0	0.531831
4876.0	0.544685
4878.0	0.545568
4880.0	0.544539
4882.0	0.553583
4884.0	0.548163
4886.0	0.549882
4888.0	0.550383
4890.0	0.566554
4892.0	0.569838
4894.0	0.531607
4896.0	0.516733
4898.0	0.521435
4900.0	0.523345
4902.0	0.50903
4904.0	0.488957
4906.0	0.482224
4908.0	0.493793
4910.0	0.488549
4912.0	0.48013
4914.0	0.494536
4916.0	0.499427
4918.0	0.469943
4920.0	0.45878
4922.0	0.460776
4924.0	0.459944
4926.0	0.466911
4928.0	0.463991
4930.0	0.451634
4932.0	0.46007
4934.0	0.459496
4936.0	0.472048
4938.0	0.475843
4940.0	0.481624
4942.0	0.487318
4944.0	0.493719
4946.0	0.508681
4948.0	0.525676
4950.0	0.537203
4952.0	0.546728
4954.0	0.552689
4956.0	0.569603
4958.0	0.58708
4960.0	0.60663
4962.0	0.62196
4964.0	0.632316
4966.0	0.632529
4968.0	0.661346
4970.0	0.685566
4972.0	0.696603
4974.0	0.714255
4976.0	0.739586
4978.0	0.758518
4980.0	0.766846
4982.0	0.787517
4984.0	0.793815
4986.0	0.811821
4988.0	0.827782
4990.0	0.817625
4992.0	0.838224
4994.0	0.866709
4996.0	0.866484
4998.0	0.868202
5000.0	0.881512
5002.0	0.878694
5004.0	0.873851
5006.0	0.885723
5008.0	0.887155
5010.0	0.870213
5012.0	0.892099
5014.0	0.88273
5016.0	0.853876
5018.0	0.840602
5020.0	0.833534
5022.0	0.826212
5024.0	0.801967
5026.0	0.792875
5028.0	0.788591
5030.0	0.769074
5032.0	0.743816
5034.0	0.727884
5036.0	0.702807
5038.0	0.675124
5040.0	0.667186
5042.0	0.646177
5044.0	0.625762
5046.0	0.618159
5048.0	0.588518
5050.0	0.563766
5052.0	0.558549
5054.0	0.547416
5056.0	0.527586
5058.0	0.533254
5060.0	0.548081
5062.0	0.541323
5064.0	0.525054
5066.0	0.503638
5068.0	0.481264
5070.0	0.463752
5072.0	0.454449
5074.0	0.456416
5076.0	0.457006
5078.0	0.452087
5080.0	0.444693
5082.0	0.444961
5084.0	0.448164
5086.0	0.440812
5088.0	0.430924
5090.0	0.430141
5092.0	0.430917
5094.0	0.429607
5096.0	0.430257
5098.0	0.431101
5100.0	0.427503
5102.0	0.431301
5104.0	0.434688
5106.0	0.432416
5108.0	0.430787
5110.0	0.429155
5112.0	0.434116
5114.0	0.434091
5116.0	0.429958
5118.0	0.431998
5120.0	0.428788
5122.0	0.419949
5124.0	0.41636
5126.0	0.419839
5128.0	0.42156
5130.0	0.420372
5132.0	0.421257
5134.0	0.420853
5136.0	0.418977
5138.0	0.415304
5140.0	0.410148
5142.0	0.418816
5144.0	0.424854
5146.0	0.417543
5148.0	0.40896
5150.0	0.403248
5152.0	0.398457
5154.0	0.403064
5156.0	0.406998
5158.0	0.398282
5160.0	0.393427
5162.0	0.389298
5164.0	0.395465
5166.0	0.397246
5168.0	0.398053
5170.0	0.40045
5172.0	0.39485
5174.0	0.390833
5176.0	0.391898
5178.0	0.399397
5180.0	0.393643
5182.0	0.388256
5184.0	0.384642
5186.0	0.385228
5188.0	0.386483
5190.0	0.378932
5192.0	0.386788
5194.0	0.397239
5196.0	0.383814
5198.0	0.380764
5200.0	0.382423
5202.0	0.375745
5204.0	0.3806
5206.0	0.377905
5208.0	0.379257
5210.0	0.383632
5212.0	0.38673
5214.0	0.387811
5216.0	0.389952
5218.0	0.395967
5220.0	0.393165
5222.0	0.395685
5224.0	0.400854
5226.0	0.401169
5228.0	0.402037
5230.0	0.401185
5232.0	0.415779
5234.0	0.421088
5236.0	0.427062
5238.0	0.435825
5240.0	0.431088
5242.0	0.434631
5244.0	0.439401
5246.0	0.443253
5248.0	0.446456
5250.0	0.451693
5252.0	0.454773
5254.0	0.460195
5256.0	0.469308
5258.0	0.476174
5260.0	0.482648
5262.0	0.494323
5264.0	0.493828
5266.0	0.491398
5268.0	0.502875
5270.0	0.513413
5272.0	0.51337
5274.0	0.515347
5276.0	0.525861
5278.0	0.526823
5280.0	0.539955
5282.0	0.551869
5284.0	0.554019
5286.0	0.555161
5288.0	0.571261
5290.0	0.585188
5292.0	0.586153
5294.0	0.585808
5296.0	0.595037
5298.0	0.606487
5300.0	0.599931
5302.0	0.601849
5304.0	0.616824
5306.0	0.625023
5308.0	0.635801
5310.0	0.640497
5312.0	0.640799
5314.0	0.636846
5316.0	0.633886
5318.0	0.650444
5320.0	0.652768
5322.0	0.641561
5324.0	0.643175
5326.0	0.651623
5328.0	0.656802
5330.0	0.655545
5332.0	0.648111
5334.0	0.652034
5336.0	0.664024
5338.0	0.670089
5340.0	0.675631
5342.0	0.685212
5344.0	0.693611
5346.0	0.692173
5348.0	0.694081
5350.0	0.701079
5352.0	0.715285
5354.0	0.722384
5356.0	0.728498
5358.0	0.733199
5360.0	0.735315
5362.0	0.748817
5364.0	0.759684
5366.0	0.750204
5368.0	0.742271
5370.0	0.755173
5372.0	0.766025
5374.0	0.761827
5376.0	0.749345
5378.0	0.748805
5380.0	0.759049
5382.0	0.757431
5384.0	0.747538
5386.0	0.742832
5388.0	0.742294
5390.0	0.742874
5392.0	0.742841
5394.0	0.7345
5396.0	0.734956
5398.0	0.74689
5400.0	0.745482
5402.0	0.730281
5404.0	0.729957
5406.0	0.739005
5408.0	0.735886
5410.0	0.736478
5412.0	0.73197
5414.0	0.718345
5416.0	0.702836
5418.0	0.693399
5420.0	0.693185
5422.0	0.68931
5424.0	0.693111
5426.0	0.702482
5428.0	0.711263
5430.0	0.722745
5432.0	0.727386
5434.0	0.733038
5436.0	0.733381
5438.0	0.736225
5440.0	0.742515
5442.0	0.741512
5444.0	0.742645
5446.0	0.740624
5448.0	0.742698
5450.0	0.744375
5452.0	0.751201
5454.0	0.763516
5456.0	0.757277
5458.0	0.754835
5460.0	0.761126
5462.0	0.766804
5464.0	0.772018
5466.0	0.773412
5468.0	0.771331
5470.0	0.768159
5472.0	0.770045
5474.0	0.785569
5476.0	0.793716
5478.0	0.796391
5480.0	0.804067
5482.0	0.820164
5484.0	0.822421
5486.0	0.839717
5488.0	0.851177
5490.0	0.844569
5492.0	0.857604
5494.0	0.884759
5496.0	0.891594
5498.0	0.902288
5500.0	0.920861
5502.0	0.9253
5504.0	0.937395
5506.0	0.956785
5508.0	0.96362
5510.0	0.981307
5512.0	1.00684
5514.0	1.0114
5516.0	1.02155
5518.0	1.01925
5520.0	1.03178
5522.0	1.05336
5524.0	1.05656
5526.0	1.0687
5528.0	1.06801
5530.0	1.0735
5532.0	1.0901
5534.0	1.1015
5536.0	1.10647
5538.0	1.10531
5540.0	1.11453
5542.0	1.12669
5544.0	1.13943
5546.0	1.14917
5548.0	1.14944
5550.0	1.15999
5552.0	1.15919
5554.0	1.16934
5556.0	1.17655
5558.0	1.17631
5560.0	1.16918
5562.0	1.16405
5564.0	1.17214
5566.0	1.15981
5568.0	1.15349
5570.0	1.15938
5572.0	1.17186
5574.0	1.15399
5576.0	1.14922
5578.0	1.14997
5580.0	1.14103
5582.0	1.14563
5584.0	1.1383
5586.0	1.13039
5588.0	1.11689
5590.0	1.10389
5592.0	1.09736
5594.0	1.10847
5596.0	1.09865
5598.0	1.08035
5600.0	1.0859
5602.0	1.0876
5604.0	1.08531
5606.0	1.09158
5608.0	1.07863
5610.0	1.06544
5612.0	1.06004
5614.0	1.06135
5616.0	1.06211
5618.0	1.0537
5620.0	1.04729
5622.0	1.04643
5624.0	1.04419
5626.0	1.03777
5628.0	1.02865
5630.0	1.02909
5632.0	1.02911
5634.0	1.01428
5636.0	1.00853
5638.0	1.00817
5640.0	1.00616
5642.0	0.9859
5644.0	0.977797
5646.0	0.980019
5648.0	0.973162
5650.0	0.968314
5652.0	0.975394
5654.0	0.951292
5656.0	0.948729
5658.0	0.935191
5660.0	0.920083
5662.0	0.929161
5664.0	0.923687
5666.0	0.910542
5668.0	0.900688
5670.0	0.886902
5672.0	0.876752
5674.0	0.874015
5676.0	0.861739
5678.0	0.847488
5680.0	0.842612
5682.0	0.837944
5684.0	0.83148
5686.0	0.809572
5688.0	0.790197
5690.0	0.78669
5692.0	0.77883
5694.0	0.771099
5696.0	0.758865
5698.0	0.750609
5700.0	0.747012
5702.0	0.741514
5704.0	0.733053
5706.0	0.715541
5708.0	0.699428
5710.0	0.693699
5712.0	0.697213
5714.0	0.68705
5716.0	0.676837
5718.0	0.672218
5720.0	0.658188
5722.0	0.650871
5724.0	0.647053
5726.0	0.627675
5728.0	0.619366
5730.0	0.617389
5732.0	0.60478
5734.0	0.588861
5736.0	0.582282
5738.0	0.581208
5740.0	0.577395
5742.0	0.563513
5744.0	0.552938
5746.0	0.555933
5748.0	0.551373
5750.0	0.539987
5752.0	0.535741
5754.0	0.526004
5756.0	0.5184
5758.0	0.514711
5760.0	0.504842
5762.0	0.494751
5764.0	0.490886
5766.0	0.498149
5768.0	0.499793
5770.0	0.486138
5772.0	0.479847
5774.0	0.485752
5776.0	0.48351
5778.0	0.47984
5780.0	0.48946
5782.0	0.493233
5784.0	0.484346
5786.0	0.483418
5788.0	0.492767
5790.0	0.498442
5792.0	0.502189
5794.0	0.506415
5796.0	0.514591
5798.0	0.525271
5800.0	0.531027
5802.0	0.539797
5804.0	0.550204
5806.0	0.562974
5808.0	0.579205
5810.0	0.590927
5812.0	0.601058
5814.0	0.613274
5816.0	0.629198
5818.0	0.646777
5820.0	0.654892
5822.0	0.660338
5824.0	0.674637
5826.0	0.688545
5828.0	0.699844
5830.0	0.705244
5832.0	0.715928
5834.0	0.730085
5836.0	0.737253
5838.0	0.742923
5840.0	0.753509
5842.0	0.761131
5844.0	0.770171
5846.0	0.778153
5848.0	0.784708
5850.0	0.798985
5852.0	0.804948
5854.0	0.814389
5856.0	0.824767
5858.0	0.823406
5860.0	0.82385
5862.0	0.833115
5864.0	0.837113
5866.0	0.842152
5868.0	0.850591
5870.0	0.847891
5872.0	0.841232
5874.0	0.853378
5876.0	0.857729
5878.0	0.855439
5880.0	0.857518
5882.0	0.85463
5884.0	0.850532
5886.0	0.843634
5888.0	0.82064
5890.0	0.795059
5892.0	0.785699
5894.0	0.791341
5896.0	0.79234
5898.0	0.796543
5900.0	0.806402
5902.0	0.817914
5904.0	0.813978
5906.0	0.810667
5908.0	0.810721
5910.0	0.801221
5912.0	0.799955
5914.0	0.793391
5916.0	0.787247
5918.0	0.784275
5920.0	0.778126
5922.0	0.766389
5924.0	0.762176
5926.0	0.756987
5928.0	0.751223
5930.0	0.754746
5932.0	0.752982
5934.0	0.735081
5936.0	0.733914
5938.0	0.736945
5940.0	0.726574
5942.0	0.723189
5944.0	0.717808
5946.0	0.71704
5948.0	0.710188
5950.0	0.709823
5952.0	0.704423
5954.0	0.713816
5956.0	0.712625
5958.0	0.703281
5960.0	0.696682
5962.0	0.701585
5964.0	0.693353
5966.0	0.702903
5968.0	0.701661
5970.0	0.695433
5972.0	0.693118
5974.0	0.689071
5976.0	0.68765
5978.0	0.689872
5980.0	0.694923
5982.0	0.689389
5984.0	0.686141
5986.0	0.702115
5988.0	0.690803
5990.0	0.689553
5992.0	0.692214
5994.0	0.67892
5996.0	0.674318
5998.0	0.678304
6000.0	0.679174
6002.0	0.670757
6004.0	0.663674
6006.0	0.672149
6008.0	0.668631
6010.0	0.649506
6012.0	0.643669
6014.0	0.629707
6016.0	0.624175
6018.0	0.628011
6020.0	0.622556
6022.0	0.609489
6024.0	0.598037
6026.0	0.587886
6028.0	0.584105
6030.0	0.571753
6032.0	0.562441
6034.0	0.554969
6036.0	0.553779
6038.0	0.540558
6040.0	0.53979
6042.0	0.528289
6044.0	0.511129
6046.0	0.502821
6048.0	0.500198
6050.0	0.49298
6052.0	0.492928
6054.0	0.478174
6056.0	0.478728
6058.0	0.48522
6060.0	0.47892
6062.0	0.477525
6064.0	0.470337
6066.0	0.472779
6068.0	0.464197
6070.0	0.458787
6072.0	0.46464
6074.0	0.46713
6076.0	0.460869
6078.0	0.452204
6080.0	0.451405
6082.0	0.456996
6084.0	0.46522
6086.0	0.474102
6088.0	0.469742
6090.0	0.463628
6092.0	0.476954
6094.0	0.4775
6096.0	0.48038
6098.0	0.472662
6100.0	0.478819
6102.0	0.485987
6104.0	0.499475
6106.0	0.489259
6108.0	0.488363
6110.0	0.484583
6112.0	0.494154
6114.0	0.501063
6116.0	0.503989
6118.0	0.505971
6120.0	0.50065
6122.0	0.502701
6124.0	0.506165
6126.0	0.493514
6128.0	0.49765
6130.0	0.49377
6132.0	0.486154
6134.0	0.482328
6136.0	0.485802
6138.0	0.474976
6140.0	0.468954
6142.0	0.471905
6144.0	0.470417
6146.0	0.477393
6148.0	0.473903
6150.0	0.466927
6152.0	0.46824
6154.0	0.470567
6156.0	0.46128
6158.0	0.460997
6160.0	0.459643
6162.0	0.459934
6164.0	0.45738
6166.0	0.465704
6168.0	0.472939
6170.0	0.468375
6172.0	0.469356
6174.0	0.473098
6176.0	0.470927
6178.0	0.478513
6180.0	0.480741
6182.0	0.474772
6184.0	0.481193
6186.0	0.484145
6188.0	0.478767
6190.0	0.476419
6192.0	0.482829
6194.0	0.482819
6196.0	0.483158
6198.0	0.483419
6200.0	0.481383
6202.0	0.480598
6204.0	0.473875
6206.0	0.473333
6208.0	0.475912
6210.0	0.470979
6212.0	0.463481
6214.0	0.456738
6216.0	0.457659
6218.0	0.455136
6220.0	0.444464
6222.0	0.435943
6224.0	0.433314
6226.0	0.428047
6228.0	0.425208
6230.0	0.426681
6232.0	0.421218
6234.0	0.417457
6236.0	0.415021
6238.0	0.409197
6240.0	0.402059
6242.0	0.405024
6244.0	0.401806
6246.0	0.397442
6248.0	0.398879
6250.0	0.402981
6252.0	0.403731
6254.0	0.408997
6256.0	0.416677
6258.0	0.417293
6260.0	0.410354
6262.0	0.415561
6264.0	0.425229
6266.0	0.435506
6268.0	0.440934
6270.0	0.437156
6272.0	0.448587
6274.0	0.456151
6276.0	0.466258
6278.0	0.482589
6280.0	0.49217
6282.0	0.497226
6284.0	0.503999
6286.0	0.525156
6288.0	0.53141
6290.0	0.520753
6292.0	0.521333
6294.0	0.52156
6296.0	0.526342
6298.0	0.530367
6300.0	0.528873
6302.0	0.530872
6304.0	0.532505
6306.0	0.52912
6308.0	0.528185
6310.0	0.519512
6312.0	0.514717
6314.0	0.51377
6316.0	0.507564
6318.0	0.506583
6320.0	0.505717
6322.0	0.506791
6324.0	0.497956
6326.0	0.491749
6328.0	0.485085
6330.0	0.483348
6332.0	0.479957
6334.0	0.475359
6336.0	0.471793
6338.0	0.470645
6340.0	0.463026
6342.0	0.454012
6344.0	0.451961
6346.0	0.452126
6348.0	0.444858
6350.0	0.449033
6352.0	0.451273
6354.0	0.447939
6356.0	0.440648
6358.0	0.432518
6360.0	0.432209
6362.0	0.426388
6364.0	0.431067
6366.0	0.437357
6368.0	0.438461
6370.0	0.441295
6372.0	0.442434
6374.0	0.443877
6376.0	0.449374
6378.0	0.454335
6380.0	0.453607
6382.0	0.452299
6384.0	0.455885
6386.0	0.460906
6388.0	0.4646
6390.0	0.466564
6392.0	0.471855
6394.0	0.478685
6396.0	0.477733
6398.0	0.477548
6400.0	0.488153
6402.0	0.486586
6404.0	0.486162
6406.0	0.486454
6408.0	0.490219
6410.0	0.492861
6412.0	0.495439
6414.0	0.500996
6416.0	0.501511
6418.0	0.509551
6420.0	0.515436
6422.0	0.522483
6424.0	0.529988
6426.0	0.535758
6428.0	0.535894
6430.0	0.541601
6432.0	0.544034
6434.0	0.533858
6436.0	0.53642
6438.0	0.54467
6440.0	0.553767
6442.0	0.562926
6444.0	0.562712
6446.0	0.561782
6448.0	0.573563
6450.0	0.579759
6452.0	0.582523
6454.0	0.588845
6456.0	0.597623
6458.0	0.60608
6460.0	0.607123
6462.0	0.607767
6464.0	0.61147
6466.0	0.621895
6468.0	0.635055
6470.0	0.639674
6472.0	0.644411
6474.0	0.657059
6476.0	0.658056
6478.0	0.658875
6480.0	0.670537
6482.0	0.691409
6484.0	0.692921
6486.0	0.690217
6488.0	0.699913
6490.0	0.709133
6492.0	0.72213
6494.0	0.73223
6496.0	0.738701
6498.0	0.741053
6500.0	0.749043
6502.0	0.757943
6504.0	0.760651
6506.0	0.762713
6508.0	0.764725
6510.0	0.771313
6512.0	0.78133
6514.0	0.781491
6516.0	0.78359
6518.0	0.790344
6520.0	0.794383
6522.0	0.800337
6524.0	0.802437
6526.0	0.803809
6528.0	0.804564
6530.0	0.808176
6532.0	0.812744
6534.0	0.814547
6536.0	0.814638
6538.0	0.815984
6540.0	0.825414
6542.0	0.831575
6544.0	0.820767
6546.0	0.81749
6548.0	0.823793
6550.0	0.822966
6552.0	0.82269
6554.0	0.824249
6556.0	0.820395
6558.0	0.826858
6560.0	0.833109
6562.0	0.826473
6564.0	0.827426
6566.0	0.832551
6568.0	0.82686
6570.0	0.822087
6572.0	0.827053
6574.0	0.838856
6576.0	0.835053
6578.0	0.829021
6580.0	0.831628
6582.0	0.839654
6584.0	0.838571
6586.0	0.832126
6588.0	0.830707
6590.0	0.836075
6592.0	0.833891
6594.0	0.829192
6596.0	0.832218
6598.0	0.828506
6600.0	0.825016
6602.0	0.819807
6604.0	0.819529
6606.0	0.819725
6608.0	0.814017
6610.0	0.806127
6612.0	0.804664
6614.0	0.809384
6616.0	0.811545
6618.0	0.811168
6620.0	0.812946
6622.0	0.807307
6624.0	0.798591
6626.0	0.79463
6628.0	0.791764
6630.0	0.801758
6632.0	0.835222
6634.0	0.8446
6636.0	0.849655
6638.0	0.843541
6640.0	0.795528
6642.0	0.767862
6644.0	0.760717
6646.0	0.757807
6648.0	0.744863
6650.0	0.731659
6652.0	0.730941
6654.0	0.729878
6656.0	0.719434
6658.0	0.725579
6660.0	0.71967
6662.0	0.706253
6664.0	0.70994
6666.0	0.711694
6668.0	0.705227
6670.0	0.692158
6672.0	0.679594
6674.0	0.664181
6676.0	0.650535
6678.0	0.652438
6680.0	0.644193
6682.0	0.640285
6684.0	0.640211
6686.0	0.63271
6688.0	0.629025
6690.0	0.63365
6692.0	0.624241
6694.0	0.615213
6696.0	0.605252
6698.0	0.589943
6700.0	0.572367
6702.0	0.561921
6704.0	0.551612
6706.0	0.552094
6708.0	0.547072
6710.0	0.543496
6712.0	0.546506
6714.0	0.539754
6716.0	0.526513
6718.0	0.514207
6720.0	0.49746
6722.0	0.490146
6724.0	0.477341
6726.0	0.465206
6728.0	0.459923
6730.0	0.45098
6732.0	0.447357
6734.0	0.449125
6736.0	0.439899
6738.0	0.440892
6740.0	0.432845
6742.0	0.426506
6744.0	0.422509
6746.0	0.411348
6748.0	0.409041
6750.0	0.404411
6752.0	0.392457
6754.0	0.392503
6756.0	0.394497
6758.0	0.391126
6760.0	0.388905
6762.0	0.38508
6764.0	0.380289
6766.0	0.371693
6768.0	0.382799
6770.0	0.389495
6772.0	0.382016
6774.0	0.378225
6776.0	0.376407
6778.0	0.373523
6780.0	0.372026
6782.0	0.367257
6784.0	0.366498
6786.0	0.367925
6788.0	0.369952
6790.0	0.379046
6792.0	0.383046
6794.0	0.384846
6796.0	0.375341
6798.0	0.370416
6800.0	0.377423
6802.0	0.379418
6804.0	0.382552
6806.0	0.380414
6808.0	0.372317
6810.0	0.37464
6812.0	0.374993
6814.0	0.370999
6816.0	0.37637
6818.0	0.376281
6820.0	0.376506
6822.0	0.375457
6824.0	0.37121
6826.0	0.370157
6828.0	0.375186
6830.0	0.381887
6832.0	0.379209
6834.0	0.373239
6836.0	0.378876
6838.0	0.378686
6840.0	0.376477
6842.0	0.369858
6844.0	0.370231
6846.0	0.375335
6848.0	0.371808
6850.0	0.369944
6852.0	0.369297
6854.0	0.373785
6856.0	0.37243
6858.0	0.376556
6860.0	0.368479
6862.0	0.359272
6864.0	0.354185
6866.0	0.348265
6868.0	0.345502
6870.0	0.353354
6872.0	0.3589
6874.0	0.362655
6876.0	0.36661
6878.0	0.358596
6880.0	0.347216
6882.0	0.333364
6884.0	0.330618
6886.0	0.325847
6888.0	0.323584
6890.0	0.332479
6892.0	0.340355
6894.0	0.340242
6896.0	0.337248
6898.0	0.335973
6900.0	0.334588
6902.0	0.332804
6904.0	0.33157
6906.0	0.328349
6908.0	0.327904
6910.0	0.328309
6912.0	0.32216
6914.0	0.318
6916.0	0.319498
6918.0	0.322088
6920.0	0.318754
6922.0	0.31948
6924.0	0.318071
6926.0	0.317827
6928.0	0.316354
6930.0	0.318404
6932.0	0.320766
6934.0	0.318646
6936.0	0.321645
6938.0	0.316774
6940.0	0.311828
6942.0	0.311595
6944.0	0.307912
6946.0	0.307703
6948.0	0.308476
6950.0	0.303874
6952.0	0.303496
6954.0	0.306253
6956.0	0.309321
6958.0	0.307734
6960.0	0.30622
6962.0	0.307595
6964.0	0.313438
6966.0	0.315497
6968.0	0.314588
6970.0	0.312438
6972.0	0.312319
6974.0	0.316308
6976.0	0.311389
6978.0	0.30544
6980.0	0.30979
6982.0	0.316086
6984.0	0.314214
6986.0	0.313748
6988.0	0.317933
6990.0	0.320428
6992.0	0.323738
6994.0	0.329402
6996.0	0.330936
6998.0	0.320444
7000.0	0.318449
7002.0	0.320625
7004.0	0.321133
7006.0	0.324162
7008.0	0.332558
7010.0	0.338832
7012.0	0.338183
7014.0	0.335715
7016.0	0.334095
7018.0	0.335631
7020.0	0.342931
7022.0	0.348338
7024.0	0.346188
7026.0	0.348529
7028.0	0.349567
7030.0	0.346828
7032.0	0.345181
7034.0	0.345104
7036.0	0.34375
7038.0	0.344786
7040.0	0.326877
7042.0	0.335102
7044.0	0.328207
7046.0	0.334999
7048.0	0.334738
7050.0	0.334722
7052.0	0.335737
7054.0	0.343765
7056.0	0.340392
7058.0	0.334008
7060.0	0.327067
7062.0	0.326516
7064.0	0.31966
7066.0	0.330657
7068.0	0.332558
7070.0	0.328879
7072.0	0.326314
7074.0	0.318585
7076.0	0.330461
7078.0	0.338006
7080.0	0.330252
7082.0	0.313119
7084.0	0.319324
7086.0	0.315768
7088.0	0.317475
7090.0	0.311747
7092.0	0.296551
7094.0	0.294078
7096.0	0.287647
7098.0	0.296697
7100.0	0.279156
7102.0	0.295078
7104.0	0.307004
7106.0	0.303975
7108.0	0.303729
7110.0	0.29613
7112.0	0.292804
7114.0	0.292677
7116.0	0.286983
7118.0	0.280461
7120.0	0.290209
7122.0	0.287316
7124.0	0.286415
7126.0	0.279303
7128.0	0.284974
7130.0	0.27903
7132.0	0.283919
7134.0	0.28622
7136.0	0.285725
7138.0	0.291291
7140.0	0.296205
7142.0	0.293991
7144.0	0.30409
7146.0	0.301796
7148.0	0.302311
7150.0	0.297539
7152.0	0.296743
7154.0	0.297106
7156.0	0.291164
7158.0	0.289577
7160.0	0.293139
7162.0	0.296594
7164.0	0.298616
7166.0	0.293391
7168.0	0.294623
7170.0	0.303464
7172.0	0.305216
7174.0	0.297554
7176.0	0.308362
7178.0	0.310994
7180.0	0.316515
7182.0	0.319549
7184.0	0.299635
7186.0	0.296124
7188.0	0.297712
7190.0	0.303597
7192.0	0.29231
7194.0	0.293256
7196.0	0.292574
7198.0	0.29231
7200.0	0.299886
7202.0	0.311015
7204.0	0.307247
7206.0	0.309826
7208.0	0.315499
7210.0	0.319318
7212.0	0.337218
7214.0	0.336142
7216.0	0.331782
7218.0	0.330401
7220.0	0.328631
7222.0	0.332333
7224.0	0.336279
7226.0	0.331161
7228.0	0.318092
7230.0	0.311174
7232.0	0.317573
7234.0	0.323466
7236.0	0.314931
7238.0	0.323069
7240.0	0.337894
7242.0	0.333678
7244.0	0.3365
7246.0	0.342169
7248.0	0.347344
7250.0	0.359386
7252.0	0.357738
7254.0	0.361838
7256.0	0.36031
7258.0	0.366276
7260.0	0.379088
7262.0	0.37172
7264.0	0.379572
7266.0	0.387791
7268.0	0.381318
7270.0	0.386314
7272.0	0.381842
7274.0	0.36987
7276.0	0.368325
7278.0	0.379311
7280.0	0.383342
7282.0	0.378488
7284.0	0.38156
7286.0	0.393026
7288.0	0.404978
7290.0	0.409592
7292.0	0.405701
7294.0	0.407254
7296.0	0.405669
7298.0	0.410589
7300.0	0.427542
7302.0	0.42972
7304.0	0.426511
7306.0	0.427352
7308.0	0.419568
7310.0	0.415867
7312.0	0.420034
7314.0	0.421287
7316.0	0.419346
7318.0	0.415201
7320.0	0.413907
7322.0	0.419257
7324.0	0.422996
7326.0	0.428549
7328.0	0.434332
7330.0	0.435231
7332.0	0.425197
7334.0	0.425397
7336.0	0.43637
7338.0	0.438687
7340.0	0.439842
7342.0	0.433792
7344.0	0.432189
7346.0	0.417444
7348.0	0.398285
7350.0	0.388132
7352.0	0.386174
7354.0	0.381134
7356.0	0.374759
7358.0	0.381447
7360.0	0.382295
7362.0	0.381234
7364.0	0.376273
7366.0	0.371713
7368.0	0.378745
7370.0	0.39193
7372.0	0.396618
7374.0	0.385961
7376.0	0.375518
7378.0	0.378509
7380.0	0.375708
7382.0	0.371656
7384.0	0.367398
7386.0	0.355701
7388.0	0.352957
7390.0	0.362563
7392.0	0.361772
7394.0	0.360582
7396.0	0.349095
7398.0	0.354889
7400.0	0.361477
7402.0	0.36218
7404.0	0.361654
7406.0	0.37832
7408.0	0.38783
7410.0	0.390867
7412.0	0.387268
7414.0	0.387648
7416.0	0.376918
7418.0	0.374229
7420.0	0.369315
7422.0	0.359319
7424.0	0.363464
7426.0	0.355857
7428.0	0.35947
7430.0	0.359964
7432.0	0.357113
7434.0	0.360691
7436.0	0.381849
7438.0	0.387606
7440.0	0.385046
7442.0	0.386945
7444.0	0.397958
7446.0	0.407508
7448.0	0.418594
7450.0	0.42612
7452.0	0.419366
7454.0	0.430855
7456.0	0.440893
7458.0	0.43891
7460.0	0.445683
7462.0	0.452774
7464.0	0.440298
7466.0	0.422957
7468.0	0.431854
7470.0	0.434809
7472.0	0.432536
7474.0	0.430367
7476.0	0.430271
7478.0	0.425337
7480.0	0.42416
7482.0	0.429044
7484.0	0.442744
7486.0	0.440965
7488.0	0.432025
7490.0	0.429126
7492.0	0.438624
7494.0	0.449802
7496.0	0.460879
7498.0	0.468597
7500.0	0.479997
7502.0	0.491155
7504.0	0.495547
7506.0	0.515711
7508.0	0.511675
7510.0	0.527853
7512.0	0.537971
7514.0	0.528791
7516.0	0.537354
7518.0	0.529182
7520.0	0.507931
7522.0	0.50129
7524.0	0.493263
7526.0	0.47872
7528.0	0.46585
7530.0	0.466545
7532.0	0.462372
7534.0	0.469865
7536.0	0.471052
7538.0	0.474555
7540.0	0.484589
7542.0	0.494146
7544.0	0.48517
7546.0	0.491564
7548.0	0.494856
7550.0	0.501767
7552.0	0.506373
7554.0	0.486321
7556.0	0.475077
7558.0	0.468255
7560.0	0.452092
7562.0	0.449725
7564.0	0.443304
7566.0	0.430187
7568.0	0.431399
7570.0	0.435701
7572.0	0.426672
7574.0	0.406154
7576.0	0.400195
7578.0	0.395887
7580.0	0.379164
7582.0	0.382684
7584.0	0.382686
7586.0	0.382516
7588.0	0.387598
7590.0	0.369018
7592.0	0.364276
7594.0	0.370505
7596.0	0.331356
7598.0	0.243953
7600.0	0.194205
7602.0	0.185164
7604.0	0.177619
7606.0	0.172595
7608.0	0.173271
7610.0	0.168717
7612.0	0.2012
7614.0	0.251438
7616.0	0.271803
7618.0	0.259181
7620.0	0.281382
7622.0	0.320987
7624.0	0.311356
7626.0	0.28327
7628.0	0.28143
7630.0	0.284152
7632.0	0.290057
7634.0	0.29707
7636.0	0.294282
7638.0	0.295988
7640.0	0.286331
7642.0	0.280295
7644.0	0.292058
7646.0	0.304631
7648.0	0.304909
7650.0	0.308189
7652.0	0.311934
7654.0	0.326187
7656.0	0.333775
7658.0	0.333766
7660.0	0.348644
7662.0	0.352015
7664.0	0.357223
7666.0	0.361992
7668.0	0.351896
7670.0	0.354582
7672.0	0.362371
7674.0	0.361805
7676.0	0.367917
7678.0	0.373156
7680.0	0.374124
7682.0	0.376421
7684.0	0.376971
7686.0	0.379671
7688.0	0.395207
7690.0	0.409834
7692.0	0.41623
7694.0	0.425268
7696.0	0.434599
7698.0	0.425712
7700.0	0.417656
7702.0	0.433484
7704.0	0.451657
7706.0	0.456229
7708.0	0.452477
7710.0	0.448938
7712.0	0.452135
7714.0	0.473083
7716.0	0.484557
7718.0	0.490873
7720.0	0.489471
7722.0	0.486443
7724.0	0.487471
7726.0	0.475501
7728.0	0.481994
7730.0	0.497138
7732.0	0.494458
7734.0	0.489255
7736.0	0.491362
7738.0	0.491565
7740.0	0.494666
7742.0	0.489758
7744.0	0.491046
7746.0	0.511746
7748.0	0.524416
7750.0	0.515896
7752.0	0.518907
7754.0	0.531427
7756.0	0.531357
7758.0	0.527503
7760.0	0.521867
7762.0	0.505024
7764.0	0.504383
7766.0	0.500784
7768.0	0.506875
7770.0	0.509413
7772.0	0.506943
7774.0	0.500046
7776.0	0.490065
7778.0	0.494188
7780.0	0.495723
7782.0	0.495441
7784.0	0.499997
7786.0	0.526038
7788.0	0.532984
7790.0	0.536737
7792.0	0.545116
7794.0	0.533759
7796.0	0.523544
7798.0	0.508039
7800.0	0.500709
7802.0	0.51785
7804.0	0.522231
7806.0	0.515185
7808.0	0.496149
7810.0	0.496067
7812.0	0.496442
7814.0	0.496787
7816.0	0.481017
7818.0	0.4757
7820.0	0.492142
7822.0	0.532134
7824.0	0.536493
7826.0	0.530953
7828.0	0.522232
7830.0	0.51889
7832.0	0.53025
7834.0	0.524789
7836.0	0.496247
7838.0	0.498122
7840.0	0.492363
7842.0	0.466109
7844.0	0.460678
7846.0	0.471761
7848.0	0.477468
7850.0	0.477689
7852.0	0.489191
7854.0	0.502516
7856.0	0.504837
7858.0	0.494306
7860.0	0.484118
7862.0	0.482341
7864.0	0.473814
7866.0	0.465949
7868.0	0.471961
7870.0	0.47799
7872.0	0.463006
7874.0	0.440893
7876.0	0.431607
7878.0	0.421398
7880.0	0.439551
7882.0	0.458455
7884.0	0.435657
7886.0	0.430208
7888.0	0.44703
7890.0	0.453205
7892.0	0.43946
7894.0	0.441609
7896.0	0.444133
7898.0	0.436968
7900.0	0.41732
7902.0	0.413539
7904.0	0.398257
7906.0	0.401792
7908.0	0.403632
7910.0	0.390708
7912.0	0.391281
7914.0	0.393784
7916.0	0.382367
7918.0	0.376994
7920.0	0.384021
7922.0	0.376755
7924.0	0.362736
7926.0	0.355921
7928.0	0.356688
7930.0	0.359516
7932.0	0.370616
7934.0	0.380245
7936.0	0.374504
7938.0	0.365305
7940.0	0.365142
7942.0	0.359827
7944.0	0.343505
7946.0	0.339209
7948.0	0.338683
7950.0	0.330411
7952.0	0.324909
7954.0	0.310543
7956.0	0.304798
7958.0	0.31259
7960.0	0.308371
7962.0	0.30648
7964.0	0.303505
7966.0	0.302812
7968.0	0.310897
7970.0	0.318816
7972.0	0.326204
7974.0	0.329846
7976.0	0.312771
7978.0	0.308602
7980.0	0.301629
7982.0	0.286396
7984.0	0.286964
7986.0	0.27859
7988.0	0.2736
7990.0	0.283667
7992.0	0.286929
7994.0	0.275593
7996.0	0.265492
7998.0	0.268607
8000.0	0.267133
8002.0	0.267476
8004.0	0.281883
8006.0	0.298922
8008.0	0.29681
8010.0	0.292239
8012.0	0.290937
8014.0	0.283744
8016.0	0.278357
8018.0	0.272046
8020.0	0.260196
8022.0	0.256576
8024.0	0.26717
8026.0	0.279633
8028.0	0.275122
8030.0	0.262053
8032.0	0.272975
8034.0	0.27457
8036.0	0.260215
8038.0	0.264493
8040.0	0.265469
8042.0	0.264684
8044.0	0.268682
8046.0	0.281624
8048.0	0.294962
8050.0	0.291469
8052.0	0.289706
8054.0	0.283073
8056.0	0.280946
8058.0	0.279699
8060.0	0.273503
8062.0	0.26653
8064.0	0.262984
8066.0	0.267518
8068.0	0.269573
8070.0	0.269706
8072.0	0.265761
8074.0	0.262447
8076.0	0.265368
8078.0	0.263171
8080.0	0.258044
8082.0	0.270864
8084.0	0.280747
8086.0	0.271984
8088.0	0.276957
8090.0	0.292099
8092.0	0.299647
8094.0	0.307137
8096.0	0.303963
8098.0	0.296678
8100.0	0.285562
8102.0	0.267009
8104.0	0.262494
8106.0	0.263651
8108.0	0.261653
8110.0	0.258728
8112.0	0.25068
8114.0	0.250921
8116.0	0.252055
8118.0	0.242964
8120.0	0.2572
8122.0	0.270105
8124.0	0.276324
8126.0	0.28021
8128.0	0.286646
8130.0	0.295967
8132.0	0.290046
8134.0	0.273096
8136.0	0.264944
8138.0	0.252902
8140.0	0.240391
8142.0	0.251728
8144.0	0.254171
8146.0	0.245461
8148.0	0.243924
8150.0	0.240917
8152.0	0.240467
8154.0	0.243619
8156.0	0.238745
8158.0	0.235989
8160.0	0.237578
8162.0	0.246721
8164.0	0.259486
8166.0	0.267188
8168.0	0.255455
8170.0	0.247919
8172.0	0.263328
8174.0	0.261457
8176.0	0.245514
8178.0	0.246789
8180.0	0.252272
8182.0	0.228004
8184.0	0.217222
8186.0	0.226866
8188.0	0.230077
8190.0	0.232968
8192.0	0.229318
8194.0	0.234264
8196.0	0.228908
8198.0	0.228152
8200.0	0.245836
8202.0	0.26468
8204.0	0.257862
8206.0	0.247494
8208.0	0.254405
8210.0	0.24623
8212.0	0.233416
8214.0	0.230448
8216.0	0.223876
8218.0	0.220913
8220.0	0.21411
8222.0	0.222675
8224.0	0.216165
8226.0	0.221493
8228.0	0.223917
8230.0	0.213315
8232.0	0.202002
8234.0	0.19401
8236.0	0.203724
8238.0	0.216008
8240.0	0.233213
8242.0	0.237247
8244.0	0.227457
8246.0	0.206499
8248.0	0.190132
8250.0	0.185214
8252.0	0.183604
8254.0	0.185352
8256.0	0.178881
8258.0	0.16976
8260.0	0.163528
8262.0	0.155669
8264.0	0.149618
8266.0	0.143943
8268.0	0.132436
8270.0	0.138408
8272.0	0.134513
8274.0	0.127262
8276.0	0.128651
8278.0	0.130936
8280.0	0.129298
8282.0	0.138481
8284.0	0.124167
8286.0	0.118639
8288.0	0.118822
8290.0	0.114418
8292.0	0.114047
8294.0	0.105333
8296.0	0.0878025
8298.0	0.0822869
8300.0	0.083626
8302.0	0.0805436
8304.0	0.0807734
8306.0	0.0701123
8308.0	0.0720363
8310.0	0.0867779
8312.0	0.0739183
8314.0	0.0658513
8316.0	0.0625126
8318.0	0.0628981
8320.0	0.0700773
8322.0	0.0691179
8324.0	0.070361
8326.0	0.0738781
8328.0	0.0667659
8330.0	0.0623526
8332.0	0.0615918
8334.0	0.060295
8336.0	0.0580202
8338.0	0.0605629
8340.0	0.0572839
8342.0	0.0555169
8344.0	0.0520557
8346.0	0.0449712
8348.0	0.0480133
8350.0	0.0621278
8352.0	0.0606077
8354.0	0.0528386
8356.0	0.0632177
8358.0	0.0753038
8360.0	0.0741393
8362.0	0.076191
8364.0	0.0714911
8366.0	0.0759798
8368.0	0.0792823
8370.0	0.0765536
8372.0	0.0802488
8374.0	0.0852412
8376.0	0.0820799
8378.0	0.0770421
8380.0	0.0762108
8382.0	0.0726191
8384.0	0.0736144
8386.0	0.0793348
8388.0	0.0799598
8390.0	0.0774403
8392.0	0.0829036
8394.0	0.0800874
8396.0	0.081015
8398.0	0.0889944
8400.0	0.0869019
8402.0	0.0911058
8404.0	0.10057
8406.0	0.106461
8408.0	0.104126
8410.0	0.103885
8412.0	0.111011
8414.0	0.114361
8416.0	0.111643
8418.0	0.105511
8420.0	0.101141
8422.0	0.0945752
8424.0	0.0893658
8426.0	0.0923445
8428.0	0.0954126
8430.0	0.0940865
8432.0	0.0908431
8434.0	0.0904561
8436.0	0.0882963
8438.0	0.0926048
8440.0	0.0927799
8442.0	0.0951925
8444.0	0.107989
8446.0	0.11307
8448.0	0.108962
8450.0	0.115493
8452.0	0.124813
8454.0	0.129426
8456.0	0.134614
8458.0	0.130142
8460.0	0.132499
8462.0	0.135016
8464.0	0.128755
8466.0	0.123944
8468.0	0.128273
8470.0	0.125945
8472.0	0.109493
8474.0	0.114278
8476.0	0.116001
8478.0	0.111576
8480.0	0.109824
8482.0	0.113427
8484.0	0.115523
8486.0	0.115024
8488.0	0.119481
8490.0	0.130555
8492.0	0.138049
8494.0	0.139426
8496.0	0.135051
8498.0	0.141261
8500.0	0.160808
8502.0	0.17114
8504.0	0.170698
8506.0	0.171198
8508.0	0.163712
8510.0	0.157407
8512.0	0.153021
8514.0	0.151345
8516.0	0.145126
8518.0	0.130745
8520.0	0.13726
8522.0	0.147021
8524.0	0.147398
8526.0	0.146898
8528.0	0.155781
8530.0	0.165637
8532.0	0.168994
8534.0	0.17902
8536.0	0.188577
8538.0	0.196614
8540.0	0.215543
8542.0	0.222698
8544.0	0.222218
8546.0	0.234665
8548.0	0.241028
8550.0	0.238555
8552.0	0.235918
8554.0	0.234114
8556.0	0.237762
8558.0	0.244727
8560.0	0.249721
8562.0	0.252816
8564.0	0.261727
8566.0	0.270266
8568.0	0.270034
8570.0	0.291945
8572.0	0.313064
8574.0	0.322444
8576.0	0.345536
8578.0	0.382419
8580.0	0.406557
8582.0	0.409541
8584.0	0.42885
8586.0	0.437012
8588.0	0.433255
8590.0	0.413208
8592.0	0.381075
8594.0	0.361988
8596.0	0.352879
8598.0	0.356554
8600.0	0.352123
8602.0	0.342816
8604.0	0.343869
8606.0	0.35616
8608.0	0.363918
8610.0	0.364301
8612.0	0.394474
8614.0	0.425804
8616.0	0.430475
8618.0	0.451551
8620.0	0.472816
8622.0	0.474003
8624.0	0.498577
8626.0	0.49294
8628.0	0.471518
8630.0	0.442134
8632.0	0.398999
8634.0	0.372824
8636.0	0.349353
8638.0	0.352683
8640.0	0.367456
8642.0	0.374692
8644.0	0.360089
8646.0	0.353771
8648.0	0.379272
8650.0	0.391504
8652.0	0.410414
8654.0	0.443947
8656.0	0.461447
8658.0	0.469793
8660.0	0.492424
8662.0	0.488104
8664.0	0.460659
8666.0	0.441253
8668.0	0.419179
8670.0	0.38689
8672.0	0.366405
8674.0	0.354863
8676.0	0.335062
8678.0	0.343669
8680.0	0.353444
8682.0	0.35639
8684.0	0.369808
8686.0	0.387677
8688.0	0.38908
8690.0	0.410612
8692.0	0.432496
8694.0	0.452477
8696.0	0.473208
8698.0	0.462864
8700.0	0.425335
8702.0	0.410648
8704.0	0.388325
8706.0	0.364992
8708.0	0.342885
8710.0	0.324963
8712.0	0.316564
8714.0	0.3273
8716.0	0.345816
8718.0	0.360968
8720.0	0.36771
8722.0	0.376809
8724.0	0.400518
8726.0	0.418638
8728.0	0.444448
8730.0	0.461848
8732.0	0.451629
8734.0	0.436546
8736.0	0.397516
8738.0	0.358917
8740.0	0.338631
8742.0	0.319719
8744.0	0.316169
8746.0	0.321169
8748.0	0.34045
8750.0	0.354193
8752.0	0.354107
8754.0	0.361775
8756.0	0.372788
8758.0	0.395803
8760.0	0.441145
8762.0	0.472363
8764.0	0.483489
8766.0	0.480805
8768.0	0.475407
8770.0	0.457895
8772.0	0.427758
8774.0	0.402133
8776.0	0.377238
8778.0	0.352601
8780.0	0.33831
8782.0	0.344278
8784.0	0.357518
8786.0	0.372197
8788.0	0.386992
8790.0	0.418183
8792.0	0.440163
8794.0	0.473507
8796.0	0.510548
8798.0	0.519941
8800.0	0.525047
8802.0	0.524177
8804.0	0.504234
8806.0	0.461926
8808.0	0.424665
8810.0	0.407362
8812.0	0.3918
8814.0	0.375356
8816.0	0.363481
8818.0	0.369521
8820.0	0.397487
8822.0	0.414594
8824.0	0.436213
8826.0	0.464209
8828.0	0.502964
8830.0	0.527216
8832.0	0.531149
8834.0	0.557655
8836.0	0.581221
8838.0	0.565607
8840.0	0.519725
8842.0	0.461149
8844.0	0.406095
8846.0	0.395639
8848.0	0.381958
8850.0	0.379843
8852.0	0.398878
8854.0	0.407457
8856.0	0.428834
8858.0	0.458767
8860.0	0.479115
8862.0	0.511337
8864.0	0.548227
8866.0	0.553501
8868.0	0.533698
8870.0	0.521692
8872.0	0.493195
8874.0	0.449174
8876.0	0.416438
8878.0	0.396435
8880.0	0.379973
8882.0	0.377864
8884.0	0.37069
8886.0	0.388186
8888.0	0.408145
8890.0	0.441458
8892.0	0.477442
8894.0	0.498208
8896.0	0.519793
8898.0	0.506
8900.0	0.502015
8902.0	0.480373
8904.0	0.432877
8906.0	0.39847
8908.0	0.371055
8910.0	0.358805
8912.0	0.380343
8914.0	0.405128
8916.0	0.389845
8918.0	0.378511
8920.0	0.401531
8922.0	0.431656
8924.0	0.46171
8926.0	0.501017
8928.0	0.568224
8930.0	0.577758
8932.0	0.513644
8934.0	0.410773
8936.0	0.350327
8938.0	0.325152
8940.0	0.31262
8942.0	0.318441
8944.0	0.333742
8946.0	0.354017
8948.0	0.385268
8950.0	0.440998
8952.0	0.483469
8954.0	0.501166
8956.0	0.489674
8958.0	0.416247
8960.0	0.35789
8962.0	0.322182
8964.0	0.298297
8966.0	0.286899
8968.0	0.275544
8970.0	0.295276
8972.0	0.376063
8974.0	0.416343
8976.0	0.433515
8978.0	0.412557
8980.0	0.381063
8982.0	0.354754
8984.0	0.320686
8986.0	0.28367
8988.0	0.275953
8990.0	0.316867
8992.0	0.327806
8994.0	0.354935
8996.0	0.355689
8998.0	0.386068
9000.0	0.375364
9002.0	0.30111
9004.0	0.260818
9006.0	0.247739
9008.0	0.286871
9010.0	0.304453
9012.0	0.317539
9014.0	0.340554
9016.0	0.340108
9018.0	0.321454
9020.0	0.285712
9022.0	0.27078
9024.0	0.258269
9026.0	0.275546
9028.0	0.309487
9030.0	0.347611
9032.0	0.311266
9034.0	0.270661
9036.0	0.248768
9038.0	0.241879
9040.0	0.285545
