#	 2018bie 
#	 UT date of observation: 20180513 
#	 Telescope/Instrument: SOAR/Goodman 
#	 Estimated Peak MJD: nan 
#	 Estimated redshift: 0.023 
#	 Estimated Phase: nan 
#	 Published in Dettman et al. 2020 
#	 Observed barycentric wavelength (Angstroms)    F_lambda
3600.0	1.650561
3602.0	1.572744
3604.0	1.547183
3606.0	1.855115
3608.0	2.022949
3610.0	1.989751
3612.0	2.01367
3614.0	1.864456
3616.0	1.870952
3618.0	2.018479
3620.0	1.979481
3622.0	1.791268
3624.0	1.780307
3626.0	2.014754
3628.0	2.102453
3630.0	1.934297
3632.0	1.966406
3634.0	2.111488
3636.0	2.10891
3638.0	2.0776
3640.0	2.12629
3642.0	2.255188
3644.0	2.179291
3646.0	2.000732
3648.0	2.071578
3650.0	2.174367
3652.0	2.120236
3654.0	2.096069
3656.0	2.120335
3658.0	2.035592
3660.0	1.861628
3662.0	1.985569
3664.0	2.227265
3666.0	2.13771
3668.0	2.108815
3670.0	2.189372
3672.0	2.120291
3674.0	2.117723
3676.0	2.103046
3678.0	2.117267
3680.0	2.028839
3682.0	1.866015
3684.0	1.837724
3686.0	1.876762
3688.0	1.854974
3690.0	1.734981
3692.0	1.693253
3694.0	1.744323
3696.0	1.709023
3698.0	1.636478
3700.0	1.765092
3702.0	1.767144
3704.0	1.586193
3706.0	1.390044
3708.0	1.440909
3710.0	1.585736
3712.0	1.642606
3714.0	1.572888
3716.0	1.515019
3718.0	1.658473
3720.0	1.626801
3722.0	1.507897
3724.0	1.377279
3726.0	1.292885
3728.0	1.238757
3730.0	1.272035
3732.0	1.317738
3734.0	1.414393
3736.0	1.518164
3738.0	1.444238
3740.0	1.374629
3742.0	1.298684
3744.0	1.286311
3746.0	1.275489
3748.0	1.201652
3750.0	1.205315
3752.0	1.196203
3754.0	1.142581
3756.0	1.101128
3758.0	1.134456
3760.0	1.13361
3762.0	1.133013
3764.0	1.194157
3766.0	1.162606
3768.0	1.093852
3770.0	1.018799
3772.0	1.064488
3774.0	1.174543
3776.0	1.211077
3778.0	1.264316
3780.0	1.14409
3782.0	1.059375
3784.0	1.163286
3786.0	1.154828
3788.0	1.293963
3790.0	1.149529
3792.0	1.235353
3794.0	1.300499
3796.0	1.093412
3798.0	1.116486
3800.0	1.254067
3802.0	1.347212
3804.0	1.306328
3806.0	1.281283
3808.0	1.277174
3810.0	1.225218
3812.0	1.192054
3814.0	1.189833
3816.0	1.204227
3818.0	1.353381
3820.0	1.311697
3822.0	1.281882
3824.0	1.249678
3826.0	1.258516
3828.0	1.385777
3830.0	1.362563
3832.0	1.390346
3834.0	1.319502
3836.0	1.307072
3838.0	1.370374
3840.0	1.35023
3842.0	1.412708
3844.0	1.318628
3846.0	1.375939
3848.0	1.50703
3850.0	1.543857
3852.0	1.609386
3854.0	1.560308
3856.0	1.502217
3858.0	1.505987
3860.0	1.503232
3862.0	1.556203
3864.0	1.51632
3866.0	1.579581
3868.0	1.558704
3870.0	1.550247
3872.0	1.474921
3874.0	1.735092
3876.0	1.785867
3878.0	1.693913
3880.0	1.741605
3882.0	1.728198
3884.0	1.755679
3886.0	1.672721
3888.0	1.789919
3890.0	1.948678
3892.0	1.897754
3894.0	1.886463
3896.0	1.869804
3898.0	1.963965
3900.0	2.052894
3902.0	1.948816
3904.0	2.081793
3906.0	2.112803
3908.0	2.122326
3910.0	2.037847
3912.0	2.1186
3914.0	2.112278
3916.0	2.197027
3918.0	2.237248
3920.0	2.074801
3922.0	2.119791
3924.0	2.382417
3926.0	2.441033
3928.0	2.323274
3930.0	2.317886
3932.0	2.282414
3934.0	2.121457
3936.0	2.262821
3938.0	2.513866
3940.0	2.413181
3942.0	2.373486
3944.0	2.560625
3946.0	2.46446
3948.0	2.358901
3950.0	2.469101
3952.0	2.420057
3954.0	2.38763
3956.0	2.486475
3958.0	2.495059
3960.0	2.436442
3962.0	2.493602
3964.0	2.539993
3966.0	2.485826
3968.0	2.537586
3970.0	2.660043
3972.0	2.72337
3974.0	2.634142
3976.0	2.494459
3978.0	2.660659
3980.0	2.722209
3982.0	2.62779
3984.0	2.654926
3986.0	2.695058
3988.0	2.723959
3990.0	2.603904
3992.0	2.582657
3994.0	2.616144
3996.0	2.636365
3998.0	2.619426
4000.0	2.534955
4002.0	2.603085
4004.0	2.654886
4006.0	2.606998
4008.0	2.56128
4010.0	2.577808
4012.0	2.687819
4014.0	2.729184
4016.0	2.681648
4018.0	2.624614
4020.0	2.526084
4022.0	2.532133
4024.0	2.369592
4026.0	2.268521
4028.0	2.45972
4030.0	2.687364
4032.0	2.696423
4034.0	2.738827
4036.0	2.844359
4038.0	2.757839
4040.0	2.74292
4042.0	2.753303
4044.0	2.756104
4046.0	2.750784
4048.0	2.739667
4050.0	2.662741
4052.0	2.797521
4054.0	2.726061
4056.0	2.69893
4058.0	2.687452
4060.0	2.673555
4062.0	2.709746
4064.0	2.676732
4066.0	2.800639
4068.0	2.83672
4070.0	2.800637
4072.0	2.901568
4074.0	2.863534
4076.0	2.98416
4078.0	3.06682
4080.0	2.961081
4082.0	2.938167
4084.0	3.001711
4086.0	3.050268
4088.0	2.991563
4090.0	2.869801
4092.0	2.959074
4094.0	2.950334
4096.0	2.934016
4098.0	2.954338
4100.0	2.940204
4102.0	3.111854
4104.0	2.911636
4106.0	3.056212
4108.0	3.077571
4110.0	2.974313
4112.0	3.011139
4114.0	3.0345
4116.0	2.993343
4118.0	3.027157
4120.0	3.099513
4122.0	3.074819
4124.0	3.016274
4126.0	3.02154
4128.0	3.099582
4130.0	2.991986
4132.0	2.777065
4134.0	2.861655
4136.0	2.995084
4138.0	2.938909
4140.0	2.939536
4142.0	2.942081
4144.0	2.884169
4146.0	2.860255
4148.0	2.985709
4150.0	2.909286
4152.0	2.954163
4154.0	3.033862
4156.0	2.970551
4158.0	2.948254
4160.0	2.915778
4162.0	2.835246
4164.0	2.897047
4166.0	2.907702
4168.0	2.758529
4170.0	2.701576
4172.0	2.788741
4174.0	2.788244
4176.0	2.792184
4178.0	2.773771
4180.0	2.657656
4182.0	2.637756
4184.0	2.761592
4186.0	2.786701
4188.0	2.725618
4190.0	2.823272
4192.0	2.817308
4194.0	2.681202
4196.0	2.732757
4198.0	2.682452
4200.0	2.638442
4202.0	2.710133
4204.0	2.618751
4206.0	2.613163
4208.0	2.573146
4210.0	2.57796
4212.0	2.586293
4214.0	2.523477
4216.0	2.507883
4218.0	2.476519
4220.0	2.468878
4222.0	2.511817
4224.0	2.532705
4226.0	2.416479
4228.0	2.465339
4230.0	2.517725
4232.0	2.515461
4234.0	2.45527
4236.0	2.485705
4238.0	2.557128
4240.0	2.547313
4242.0	2.502618
4244.0	2.411297
4246.0	2.368803
4248.0	2.388127
4250.0	2.416113
4252.0	2.340254
4254.0	2.303032
4256.0	2.260256
4258.0	2.208193
4260.0	2.252817
4262.0	2.307626
4264.0	2.351897
4266.0	2.277021
4268.0	2.203879
4270.0	2.188127
4272.0	2.119769
4274.0	2.16227
4276.0	2.159547
4278.0	2.013604
4280.0	2.045798
4282.0	2.079256
4284.0	2.040837
4286.0	2.055238
4288.0	2.097899
4290.0	2.127546
4292.0	2.026411
4294.0	1.977641
4296.0	2.008986
4298.0	1.980022
4300.0	1.969562
4302.0	1.985182
4304.0	1.951201
4306.0	1.961042
4308.0	2.032126
4310.0	1.927978
4312.0	1.850677
4314.0	1.943181
4316.0	1.959446
4318.0	1.909041
4320.0	1.878124
4322.0	1.816334
4324.0	1.749099
4326.0	1.743425
4328.0	1.752513
4330.0	1.776086
4332.0	1.75691
4334.0	1.774914
4336.0	1.858669
4338.0	1.826328
4340.0	1.724444
4342.0	1.691157
4344.0	1.693578
4346.0	1.711257
4348.0	1.772495
4350.0	1.77518
4352.0	1.783647
4354.0	1.834779
4356.0	1.855052
4358.0	1.850719
4360.0	1.830333
4362.0	1.855883
4364.0	1.852498
4366.0	1.81541
4368.0	1.845808
4370.0	1.848843
4372.0	1.841809
4374.0	1.784048
4376.0	1.756999
4378.0	1.743314
4380.0	1.746333
4382.0	1.893479
4384.0	1.913804
4386.0	1.836336
4388.0	1.815989
4390.0	1.876795
4392.0	1.945261
4394.0	1.939641
4396.0	1.910826
4398.0	1.925969
4400.0	1.972872
4402.0	2.002857
4404.0	1.943802
4406.0	2.002516
4408.0	2.098543
4410.0	2.056909
4412.0	2.042938
4414.0	2.064943
4416.0	2.083333
4418.0	2.093817
4420.0	2.116572
4422.0	2.138444
4424.0	2.113674
4426.0	2.104917
4428.0	2.089527
4430.0	2.180034
4432.0	2.19834
4434.0	2.129711
4436.0	2.181643
4438.0	2.155509
4440.0	2.198203
4442.0	2.240113
4444.0	2.243371
4446.0	2.191744
4448.0	2.123167
4450.0	2.098486
4452.0	2.092833
4454.0	2.116786
4456.0	2.080579
4458.0	2.063345
4460.0	2.092425
4462.0	2.094663
4464.0	2.080289
4466.0	2.144155
4468.0	2.052286
4470.0	2.021087
4472.0	2.098309
4474.0	2.021338
4476.0	2.041163
4478.0	2.00542
4480.0	2.084798
4482.0	2.058248
4484.0	2.047023
4486.0	2.076838
4488.0	2.066786
4490.0	2.079064
4492.0	2.170462
4494.0	2.075094
4496.0	2.095584
4498.0	2.132974
4500.0	2.137433
4502.0	2.195133
4504.0	2.26045
4506.0	2.179677
4508.0	2.127932
4510.0	2.244977
4512.0	2.219726
4514.0	2.242228
4516.0	2.277561
4518.0	2.216194
4520.0	2.146944
4522.0	2.254361
4524.0	2.289663
4526.0	2.119377
4528.0	2.181373
4530.0	2.183715
4532.0	2.242701
4534.0	2.176599
4536.0	2.301044
4538.0	2.276467
4540.0	2.231419
4542.0	2.203518
4544.0	2.332603
4546.0	2.289732
4548.0	2.196637
4550.0	2.256
4552.0	2.295838
4554.0	2.327128
4556.0	2.29823
4558.0	2.267066
4560.0	2.30154
4562.0	2.238087
4564.0	2.250436
4566.0	2.225029
4568.0	2.230489
4570.0	2.195899
4572.0	2.215868
4574.0	2.297397
4576.0	2.223209
4578.0	2.331748
4580.0	2.204001
4582.0	2.215509
4584.0	2.282998
4586.0	2.33142
4588.0	2.363265
4590.0	2.322714
4592.0	2.354093
4594.0	2.32103
4596.0	2.314807
4598.0	2.330583
4600.0	2.392672
4602.0	2.330778
4604.0	2.214924
4606.0	2.208632
4608.0	2.264237
4610.0	2.266763
4612.0	2.189233
4614.0	2.148118
4616.0	2.255743
4618.0	2.331512
4620.0	2.349217
4622.0	2.339984
4624.0	2.27975
4626.0	2.280128
4628.0	2.391474
4630.0	2.354343
4632.0	2.329571
4634.0	2.300369
4636.0	2.303617
4638.0	2.370836
4640.0	2.319244
4642.0	2.271931
4644.0	2.308304
4646.0	2.326093
4648.0	2.332526
4650.0	2.309228
4652.0	2.333421
4654.0	2.333314
4656.0	2.290766
4658.0	2.291554
4660.0	2.361655
4662.0	2.359587
4664.0	2.303195
4666.0	2.344621
4668.0	2.317106
4670.0	2.252659
4672.0	2.27959
4674.0	2.344844
4676.0	2.336546
4678.0	2.277904
4680.0	2.324934
4682.0	2.399203
4684.0	2.374751
4686.0	2.332054
4688.0	2.303894
4690.0	2.366065
4692.0	2.325965
4694.0	2.231626
4696.0	2.18009
4698.0	2.24356
4700.0	2.258931
4702.0	2.270681
4704.0	2.263765
4706.0	2.227759
4708.0	2.194207
4710.0	2.209414
4712.0	2.29107
4714.0	2.300026
4716.0	2.184431
4718.0	2.127785
4720.0	2.130859
4722.0	2.143672
4724.0	2.206721
4726.0	2.172106
4728.0	2.125499
4730.0	2.180727
4732.0	2.182822
4734.0	2.159318
4736.0	2.141223
4738.0	2.117043
4740.0	2.187968
4742.0	2.192188
4744.0	2.10793
4746.0	2.117617
4748.0	2.189604
4750.0	2.191581
4752.0	2.150485
4754.0	2.160075
4756.0	2.176396
4758.0	2.103395
4760.0	2.038026
4762.0	2.056313
4764.0	2.083642
4766.0	2.093549
4768.0	2.058783
4770.0	2.012844
4772.0	2.004219
4774.0	2.01839
4776.0	1.982098
4778.0	1.97548
4780.0	1.942596
4782.0	1.967401
4784.0	2.049157
4786.0	1.999958
4788.0	1.92668
4790.0	1.967908
4792.0	1.95568
4794.0	1.937785
4796.0	1.952464
4798.0	1.960991
4800.0	1.94278
4802.0	1.908538
4804.0	1.859593
4806.0	1.881818
4808.0	1.942866
4810.0	1.898813
4812.0	1.959318
4814.0	2.023985
4816.0	1.879157
4818.0	1.845241
4820.0	1.929265
4822.0	1.926932
4824.0	1.898521
4826.0	1.929844
4828.0	1.959018
4830.0	1.883921
4832.0	1.889109
4834.0	1.886921
4836.0	1.8558
4838.0	1.83808
4840.0	1.871745
4842.0	1.913908
4844.0	1.969916
4846.0	1.970073
4848.0	1.914057
4850.0	1.881454
4852.0	1.898404
4854.0	1.949827
4856.0	1.86378
4858.0	1.865678
4860.0	1.888441
4862.0	1.939534
4864.0	1.904833
4866.0	1.8059
4868.0	1.830759
4870.0	1.881418
4872.0	1.94524
4874.0	1.954916
4876.0	1.940607
4878.0	1.950312
4880.0	1.956923
4882.0	1.97022
4884.0	1.928977
4886.0	1.888239
4888.0	1.83235
4890.0	1.839868
4892.0	1.869362
4894.0	1.853776
4896.0	1.851515
4898.0	1.855962
4900.0	1.910283
4902.0	1.867563
4904.0	1.802458
4906.0	1.810216
4908.0	1.799358
4910.0	1.807
4912.0	1.807495
4914.0	1.737153
4916.0	1.724626
4918.0	1.766181
4920.0	1.760968
4922.0	1.742231
4924.0	1.74727
4926.0	1.697187
4928.0	1.702556
4930.0	1.724503
4932.0	1.721178
4934.0	1.70432
4936.0	1.698632
4938.0	1.715613
4940.0	1.69302
4942.0	1.632636
4944.0	1.655054
4946.0	1.680867
4948.0	1.654888
4950.0	1.619334
4952.0	1.616461
4954.0	1.658856
4956.0	1.601615
4958.0	1.530399
4960.0	1.610362
4962.0	1.686851
4964.0	1.606764
4966.0	1.512618
4968.0	1.563009
4970.0	1.612073
4972.0	1.578413
4974.0	1.608061
4976.0	1.534024
4978.0	1.491634
4980.0	1.536435
4982.0	1.527015
4984.0	1.540505
4986.0	1.555423
4988.0	1.545743
4990.0	1.539038
4992.0	1.507165
4994.0	1.519377
4996.0	1.50962
4998.0	1.42494
5000.0	1.494957
5002.0	1.559358
5004.0	1.464828
5006.0	1.402946
5008.0	1.462218
5010.0	1.502259
5012.0	1.504976
5014.0	1.519233
5016.0	1.49249
5018.0	1.461064
5020.0	1.492057
5022.0	1.443464
5024.0	1.387751
5026.0	1.432386
5028.0	1.429686
5030.0	1.379675
5032.0	1.416897
5034.0	1.414182
5036.0	1.373887
5038.0	1.387424
5040.0	1.405427
5042.0	1.37663
5044.0	1.376904
5046.0	1.412421
5048.0	1.446335
5050.0	1.445264
5052.0	1.412026
5054.0	1.397907
5056.0	1.375289
5058.0	1.399895
5060.0	1.446352
5062.0	1.464607
5064.0	1.510021
5066.0	1.526781
5068.0	1.49218
5070.0	1.521309
5072.0	1.540653
5074.0	1.564394
5076.0	1.548802
5078.0	1.523324
5080.0	1.51325
5082.0	1.570075
5084.0	1.560651
5086.0	1.568573
5088.0	1.570842
5090.0	1.588639
5092.0	1.603743
5094.0	1.531775
5096.0	1.594241
5098.0	1.58793
5100.0	1.550505
5102.0	1.558852
5104.0	1.54864
5106.0	1.655085
5108.0	1.631216
5110.0	1.650945
5112.0	1.64303
5114.0	1.692566
5116.0	1.667516
5118.0	1.642893
5120.0	1.665219
5122.0	1.72485
5124.0	1.672875
5126.0	1.685865
5128.0	1.67007
5130.0	1.678714
5132.0	1.723799
5134.0	1.773294
5136.0	1.759502
5138.0	1.708954
5140.0	1.768332
5142.0	1.773978
5144.0	1.808339
5146.0	1.81249
5148.0	1.81185
5150.0	1.904913
5152.0	1.959257
5154.0	1.862529
5156.0	1.784479
5158.0	1.752703
5160.0	1.821342
5162.0	1.856626
5164.0	1.820953
5166.0	1.822739
5168.0	1.858323
5170.0	1.843915
5172.0	1.942835
5174.0	1.960737
5176.0	1.875563
5178.0	1.922805
5180.0	1.952574
5182.0	1.949108
5184.0	1.978625
5186.0	1.953657
5188.0	1.987856
5190.0	1.978485
5192.0	1.922703
5194.0	1.900767
5196.0	1.997461
5198.0	2.027505
5200.0	2.001101
5202.0	1.972341
5204.0	2.022612
5206.0	1.966755
5208.0	1.939556
5210.0	2.017513
5212.0	2.006761
5214.0	1.97192
5216.0	1.963211
5218.0	1.978441
5220.0	1.989709
5222.0	2.037398
5224.0	1.984744
5226.0	1.999019
5228.0	2.072098
5230.0	1.954361
5232.0	1.967676
5234.0	2.064816
5236.0	2.023858
5238.0	1.995496
5240.0	2.00237
5242.0	2.038414
5244.0	1.99512
5246.0	2.029551
5248.0	2.069484
5250.0	1.999584
5252.0	2.008773
5254.0	1.994581
5256.0	2.039082
5258.0	2.04626
5260.0	2.071906
5262.0	2.036567
5264.0	2.026631
5266.0	2.062353
5268.0	2.000487
5270.0	2.008443
5272.0	2.061543
5274.0	2.100444
5276.0	1.990438
5278.0	1.971731
5280.0	2.046327
5282.0	2.025933
5284.0	2.042429
5286.0	2.029936
5288.0	2.054275
5290.0	1.956538
5292.0	1.981422
5294.0	2.010504
5296.0	1.944867
5298.0	1.993719
5300.0	1.970051
5302.0	1.963062
5304.0	2.016685
5306.0	1.983167
5308.0	1.899926
5310.0	1.870136
5312.0	1.91382
5314.0	1.939078
5316.0	1.925049
5318.0	1.87437
5320.0	1.86846
5322.0	1.871839
5324.0	1.883944
5326.0	1.83323
5328.0	1.856599
5330.0	1.853418
5332.0	1.810578
5334.0	1.818459
5336.0	1.790894
5338.0	1.785303
5340.0	1.782884
5342.0	1.765076
5344.0	1.763831
5346.0	1.763375
5348.0	1.702084
5350.0	1.771976
5352.0	1.822494
5354.0	1.798518
5356.0	1.818719
5358.0	1.773007
5360.0	1.774587
5362.0	1.821604
5364.0	1.788324
5366.0	1.733026
5368.0	1.722832
5370.0	1.706916
5372.0	1.728702
5374.0	1.686211
5376.0	1.674615
5378.0	1.694077
5380.0	1.697749
5382.0	1.676451
5384.0	1.691699
5386.0	1.679468
5388.0	1.606914
5390.0	1.630947
5392.0	1.682318
5394.0	1.669792
5396.0	1.665727
5398.0	1.692236
5400.0	1.726499
5402.0	1.739474
5404.0	1.711455
5406.0	1.693431
5408.0	1.674009
5410.0	1.654523
5412.0	1.649667
5414.0	1.644328
5416.0	1.670008
5418.0	1.670874
5420.0	1.637614
5422.0	1.665335
5424.0	1.672767
5426.0	1.668602
5428.0	1.718777
5430.0	1.657353
5432.0	1.609968
5434.0	1.69628
5436.0	1.70314
5438.0	1.640362
5440.0	1.59697
5442.0	1.632232
5444.0	1.678688
5446.0	1.648134
5448.0	1.626426
5450.0	1.614426
5452.0	1.610119
5454.0	1.656641
5456.0	1.673731
5458.0	1.620865
5460.0	1.571688
5462.0	1.599446
5464.0	1.656654
5466.0	1.592335
5468.0	1.544597
5470.0	1.603338
5472.0	1.605463
5474.0	1.547144
5476.0	1.534084
5478.0	1.568077
5480.0	1.600377
5482.0	1.598603
5484.0	1.578331
5486.0	1.549374
5488.0	1.548195
5490.0	1.557706
5492.0	1.548001
5494.0	1.555471
5496.0	1.536198
5498.0	1.544013
5500.0	1.580498
5502.0	1.566329
5504.0	1.514212
5506.0	1.569539
5508.0	1.644314
5510.0	1.580503
5512.0	1.508657
5514.0	1.530182
5516.0	1.585727
5518.0	1.602282
5520.0	1.577562
5522.0	1.526079
5524.0	1.493955
5526.0	1.525161
5528.0	1.582299
5530.0	1.598471
5532.0	1.596466
5534.0	1.562187
5536.0	1.508225
5538.0	1.550656
5540.0	1.621583
5542.0	1.592254
5544.0	1.536096
5546.0	1.580099
5548.0	1.619873
5550.0	1.578768
5552.0	1.566097
5554.0	1.629082
5556.0	1.644172
5558.0	1.5729
5560.0	1.566247
5562.0	1.588711
5564.0	1.605899
5566.0	1.612785
5568.0	1.577622
5570.0	1.565057
5572.0	1.639192
5574.0	1.709471
5576.0	1.710834
5578.0	1.688339
5580.0	1.601558
5582.0	1.566836
5584.0	1.610704
5586.0	1.591533
5588.0	1.577486
5590.0	1.617865
5592.0	1.643425
5594.0	1.627493
5596.0	1.608786
5598.0	1.643391
5600.0	1.646185
5602.0	1.577551
5604.0	1.575409
5606.0	1.66655
5608.0	1.709759
5610.0	1.681357
5612.0	1.669036
5614.0	1.667766
5616.0	1.64926
5618.0	1.629609
5620.0	1.629408
5622.0	1.641705
5624.0	1.630718
5626.0	1.613494
5628.0	1.592866
5630.0	1.531685
5632.0	1.526716
5634.0	1.604177
5636.0	1.61764
5638.0	1.562438
5640.0	1.585083
5642.0	1.631065
5644.0	1.587809
5646.0	1.606179
5648.0	1.667145
5650.0	1.613819
5652.0	1.588892
5654.0	1.627168
5656.0	1.610027
5658.0	1.599108
5660.0	1.63276
5662.0	1.632277
5664.0	1.570254
5666.0	1.574163
5668.0	1.634775
5670.0	1.633263
5672.0	1.595475
5674.0	1.584707
5676.0	1.628433
5678.0	1.643094
5680.0	1.605859
5682.0	1.657882
5684.0	1.686015
5686.0	1.659828
5688.0	1.668056
5690.0	1.620211
5692.0	1.573915
5694.0	1.576601
5696.0	1.609989
5698.0	1.618781
5700.0	1.645563
5702.0	1.666835
5704.0	1.640257
5706.0	1.651224
5708.0	1.659455
5710.0	1.676317
5712.0	1.693704
5714.0	1.654461
5716.0	1.578415
5718.0	1.586069
5720.0	1.635262
5722.0	1.634479
5724.0	1.628936
5726.0	1.607781
5728.0	1.630583
5730.0	1.675031
5732.0	1.676254
5734.0	1.634251
5736.0	1.561711
5738.0	1.5853
5740.0	1.607179
5742.0	1.624746
5744.0	1.660932
5746.0	1.628498
5748.0	1.63952
5750.0	1.634217
5752.0	1.606342
5754.0	1.606085
5756.0	1.617803
5758.0	1.636973
5760.0	1.623053
5762.0	1.610664
5764.0	1.630583
5766.0	1.592126
5768.0	1.550076
5770.0	1.607873
5772.0	1.647822
5774.0	1.656893
5776.0	1.631128
5778.0	1.581997
5780.0	1.577485
5782.0	1.59643
5784.0	1.633224
5786.0	1.662587
5788.0	1.642816
5790.0	1.612304
5792.0	1.692095
5794.0	1.669915
5796.0	1.619387
5798.0	1.636444
5800.0	1.613908
5802.0	1.61436
5804.0	1.646834
5806.0	1.638337
5808.0	1.621704
5810.0	1.605041
5812.0	1.579293
5814.0	1.575113
5816.0	1.659151
5818.0	1.595796
5820.0	1.581068
5822.0	1.676349
5824.0	1.621458
5826.0	1.584765
5828.0	1.679048
5830.0	1.671295
5832.0	1.611126
5834.0	1.580694
5836.0	1.615456
5838.0	1.612467
5840.0	1.606972
5842.0	1.635902
5844.0	1.657619
5846.0	1.656108
5848.0	1.635714
5850.0	1.620701
5852.0	1.666671
5854.0	1.682963
5856.0	1.636042
5858.0	1.561115
5860.0	1.595638
5862.0	1.710502
5864.0	1.732014
5866.0	1.68606
5868.0	1.626891
5870.0	1.656185
5872.0	1.65693
5874.0	1.631399
5876.0	1.637859
5878.0	1.63558
5880.0	1.676381
5882.0	1.680961
5884.0	1.633738
5886.0	1.560346
5888.0	1.599703
5890.0	1.643213
5892.0	1.571303
5894.0	1.645026
5896.0	1.576573
5898.0	1.523066
5900.0	1.529616
5902.0	1.606836
5904.0	1.614653
5906.0	1.528049
5908.0	1.547664
5910.0	1.646767
5912.0	1.627362
5914.0	1.635404
5916.0	1.628135
5918.0	1.642405
5920.0	1.580273
5922.0	1.583994
5924.0	1.602919
5926.0	1.556459
5928.0	1.550619
5930.0	1.552441
5932.0	1.575309
5934.0	1.613172
5936.0	1.610853
5938.0	1.577693
5940.0	1.51533
5942.0	1.529789
5944.0	1.599487
5946.0	1.629832
5948.0	1.57694
5950.0	1.608312
5952.0	1.560368
5954.0	1.57382
5956.0	1.643568
5958.0	1.643018
5960.0	1.569111
5962.0	1.545635
5964.0	1.555448
5966.0	1.567871
5968.0	1.564187
5970.0	1.480799
5972.0	1.534084
5974.0	1.522964
5976.0	1.554641
5978.0	1.555889
5980.0	1.535257
5982.0	1.609582
5984.0	1.607921
5986.0	1.559825
5988.0	1.558155
5990.0	1.579322
5992.0	1.497175
5994.0	1.55145
5996.0	1.534001
5998.0	1.576637
6000.0	1.521241
6002.0	1.514059
6004.0	1.568949
6006.0	1.605183
6008.0	1.534599
6010.0	1.587081
6012.0	1.53226
6014.0	1.575941
6016.0	1.547421
6018.0	1.585041
6020.0	1.584557
6022.0	1.456157
6024.0	1.407705
6026.0	1.334273
6028.0	1.28874
6030.0	1.323799
6032.0	1.323504
6034.0	1.37768
6036.0	1.398189
6038.0	1.469706
6040.0	1.462378
6042.0	1.487181
6044.0	1.472178
6046.0	1.523951
6048.0	1.444552
6050.0	1.481505
6052.0	1.499339
6054.0	1.469907
6056.0	1.462167
6058.0	1.424677
6060.0	1.44806
6062.0	1.475814
6064.0	1.477112
6066.0	1.47298
6068.0	1.405716
6070.0	1.390111
6072.0	1.438441
6074.0	1.50357
6076.0	1.463319
6078.0	1.467064
6080.0	1.469805
6082.0	1.394624
6084.0	1.38634
6086.0	1.447905
6088.0	1.416165
6090.0	1.393187
6092.0	1.37436
6094.0	1.37722
6096.0	1.416859
6098.0	1.386843
6100.0	1.368567
6102.0	1.38777
6104.0	1.363025
6106.0	1.306897
6108.0	1.334395
6110.0	1.363513
6112.0	1.374412
6114.0	1.326978
6116.0	1.367252
6118.0	1.398721
6120.0	1.365769
6122.0	1.390353
6124.0	1.344513
6126.0	1.317865
6128.0	1.35407
6130.0	1.394392
6132.0	1.384503
6134.0	1.309992
6136.0	1.289369
6138.0	1.316682
6140.0	1.322602
6142.0	1.307324
6144.0	1.34363
6146.0	1.275788
6148.0	1.232433
6150.0	1.264087
6152.0	1.295596
6154.0	1.296289
6156.0	1.267537
6158.0	1.295858
6160.0	1.295979
6162.0	1.286364
6164.0	1.335116
6166.0	1.311711
6168.0	1.273365
6170.0	1.230944
6172.0	1.186879
6174.0	1.177387
6176.0	1.204728
6178.0	1.282169
6180.0	1.309742
6182.0	1.247828
6184.0	1.260683
6186.0	1.293757
6188.0	1.28496
6190.0	1.262011
6192.0	1.262466
6194.0	1.279014
6196.0	1.280698
6198.0	1.266739
6200.0	1.282626
6202.0	1.254081
6204.0	1.243595
6206.0	1.275574
6208.0	1.240177
6210.0	1.205322
6212.0	1.213155
6214.0	1.229594
6216.0	1.23928
6218.0	1.179376
6220.0	1.177971
6222.0	1.241553
6224.0	1.230011
6226.0	1.25132
6228.0	1.249754
6230.0	1.264225
6232.0	1.320529
6234.0	1.311024
6236.0	1.261935
6238.0	1.252152
6240.0	1.230418
6242.0	1.215896
6244.0	1.255394
6246.0	1.304945
6248.0	1.321529
6250.0	1.299984
6252.0	1.27538
6254.0	1.27497
6256.0	1.270272
6258.0	1.26601
6260.0	1.27906
6262.0	1.283322
6264.0	1.288891
6266.0	1.29386
6268.0	1.29469
6270.0	1.307844
6272.0	1.31393
6274.0	1.277631
6276.0	1.266237
6278.0	1.302094
6280.0	1.326974
6282.0	1.294128
6284.0	1.281937
6286.0	1.320202
6288.0	1.296227
6290.0	1.250822
6292.0	1.262071
6294.0	1.296991
6296.0	1.294036
6298.0	1.289135
6300.0	1.33216
6302.0	1.353985
6304.0	1.315112
6306.0	1.297355
6308.0	1.311848
6310.0	1.327783
6312.0	1.330556
6314.0	1.356327
6316.0	1.360874
6318.0	1.307202
6320.0	1.277206
6322.0	1.291661
6324.0	1.309932
6326.0	1.353453
6328.0	1.365247
6330.0	1.351766
6332.0	1.352776
6334.0	1.329033
6336.0	1.303678
6338.0	1.301543
6340.0	1.356592
6342.0	1.358191
6344.0	1.40429
6346.0	1.471972
6348.0	1.384457
6350.0	1.349407
6352.0	1.427016
6354.0	1.374242
6356.0	1.358848
6358.0	1.34527
6360.0	1.308658
6362.0	1.377185
6364.0	1.49171
6366.0	1.406659
6368.0	1.350141
6370.0	1.395848
6372.0	1.402084
6374.0	1.389991
6376.0	1.383767
6378.0	1.347407
6380.0	1.296724
6382.0	1.301829
6384.0	1.342416
6386.0	1.318203
6388.0	1.312981
6390.0	1.34737
6392.0	1.376251
6394.0	1.361943
6396.0	1.351278
6398.0	1.315295
6400.0	1.314104
6402.0	1.325917
6404.0	1.290053
6406.0	1.305745
6408.0	1.310853
6410.0	1.336413
6412.0	1.33155
6414.0	1.270512
6416.0	1.230432
6418.0	1.26695
6420.0	1.298702
6422.0	1.225029
6424.0	1.225241
6426.0	1.266203
6428.0	1.301212
6430.0	1.227045
6432.0	1.194543
6434.0	1.247671
6436.0	1.252843
6438.0	1.208214
6440.0	1.2158
6442.0	1.253722
6444.0	1.271797
6446.0	1.273142
6448.0	1.230514
6450.0	1.250661
6452.0	1.298662
6454.0	1.306416
6456.0	1.261304
6458.0	1.29351
6460.0	1.279895
6462.0	1.230075
6464.0	1.245597
6466.0	1.206432
6468.0	1.271897
6470.0	1.287118
6472.0	1.335969
6474.0	1.323305
6476.0	1.213439
6478.0	1.21215
6480.0	1.284414
6482.0	1.338804
6484.0	1.266878
6486.0	1.297643
6488.0	1.245048
6490.0	1.27838
6492.0	1.316097
6494.0	1.270921
6496.0	1.319024
6498.0	1.342432
6500.0	1.332548
6502.0	1.340299
6504.0	1.350384
6506.0	1.330581
6508.0	1.323169
6510.0	1.297282
6512.0	1.276742
6514.0	1.309164
6516.0	1.298599
6518.0	1.360811
6520.0	1.323742
6522.0	1.369393
6524.0	1.355865
6526.0	1.271213
6528.0	1.291112
6530.0	1.337105
6532.0	1.323734
6534.0	1.369907
6536.0	1.41064
6538.0	1.401289
6540.0	1.437448
6542.0	1.398158
6544.0	1.31267
6546.0	1.360583
6548.0	1.386462
6550.0	1.417719
6552.0	1.40858
6554.0	1.334282
6556.0	1.31389
6558.0	1.326095
6560.0	1.336195
6562.0	1.358565
6564.0	1.381821
6566.0	1.336396
6568.0	1.307557
6570.0	1.365195
6572.0	1.375622
6574.0	1.363493
6576.0	1.351824
6578.0	1.349911
6580.0	1.355022
6582.0	1.35351
6584.0	1.387875
6586.0	1.359973
6588.0	1.32962
6590.0	1.382878
6592.0	1.401801
6594.0	1.398605
6596.0	1.342616
6598.0	1.335742
6600.0	1.33254
6602.0	1.350538
6604.0	1.334928
6606.0	1.307771
6608.0	1.323339
6610.0	1.37934
6612.0	1.389205
6614.0	1.300369
6616.0	1.239496
6618.0	1.293112
6620.0	1.307824
6622.0	1.298026
6624.0	1.280093
6626.0	1.36026
6628.0	1.348791
6630.0	1.305411
6632.0	1.308995
6634.0	1.294771
6636.0	1.299622
6638.0	1.353931
6640.0	1.309327
6642.0	1.310341
6644.0	1.330688
6646.0	1.354181
6648.0	1.327113
6650.0	1.316013
6652.0	1.304637
6654.0	1.303851
6656.0	1.325286
6658.0	1.288942
6660.0	1.294904
6662.0	1.299217
6664.0	1.314036
6666.0	1.28195
6668.0	1.281335
6670.0	1.335363
6672.0	1.29269
6674.0	1.313137
6676.0	1.319418
6678.0	1.293937
6680.0	1.267003
6682.0	1.263369
6684.0	1.193414
6686.0	1.290885
6688.0	1.308454
6690.0	1.240926
6692.0	1.256268
6694.0	1.246736
6696.0	1.261134
6698.0	1.221269
6700.0	1.24786
6702.0	1.281072
6704.0	1.229477
6706.0	1.211855
6708.0	1.238174
6710.0	1.272726
6712.0	1.208634
6714.0	1.217289
6716.0	1.219613
6718.0	1.229793
6720.0	1.269787
6722.0	1.289951
6724.0	1.22108
6726.0	1.185612
6728.0	1.16715
6730.0	1.246846
6732.0	1.223616
6734.0	1.183929
6736.0	1.23624
6738.0	1.19829
6740.0	1.180712
6742.0	1.224451
6744.0	1.218669
6746.0	1.175505
6748.0	1.226894
6750.0	1.256956
6752.0	1.253222
6754.0	1.225961
6756.0	1.189404
6758.0	1.224427
6760.0	1.297381
6762.0	1.266026
6764.0	1.188657
6766.0	1.164637
6768.0	1.217512
6770.0	1.222297
6772.0	1.190319
6774.0	1.237782
6776.0	1.237678
6778.0	1.207777
6780.0	1.22348
6782.0	1.2519
6784.0	1.197861
6786.0	1.15693
6788.0	1.18588
6790.0	1.145645
6792.0	1.141887
6794.0	1.21044
6796.0	1.245426
6798.0	1.244187
6800.0	1.211956
6802.0	1.182284
6804.0	1.150357
6806.0	1.15503
6808.0	1.165195
6810.0	1.132993
6812.0	1.11936
6814.0	1.162391
6816.0	1.179201
6818.0	1.165034
6820.0	1.196766
6822.0	1.18946
6824.0	1.185504
6826.0	1.180325
6828.0	1.126657
6830.0	1.15568
6832.0	1.214748
6834.0	1.186548
6836.0	1.173169
6838.0	1.144854
6840.0	1.157268
6842.0	1.219848
6844.0	1.219464
6846.0	1.143446
6848.0	1.107991
6850.0	1.170739
6852.0	1.130701
6854.0	1.096278
6856.0	1.157231
6858.0	1.193485
6860.0	1.183031
6862.0	1.157858
6864.0	1.151978
6866.0	1.144818
6868.0	1.137266
6870.0	1.168283
6872.0	1.186881
6874.0	1.163735
6876.0	1.146288
6878.0	1.15007
6880.0	1.136761
6882.0	1.128082
6884.0	1.154335
6886.0	1.134839
6888.0	1.101918
6890.0	1.094873
6892.0	1.063073
6894.0	1.034947
6896.0	1.068016
6898.0	1.143332
6900.0	1.183574
6902.0	1.16341
6904.0	1.098212
6906.0	1.104413
6908.0	1.138441
6910.0	1.112868
6912.0	1.064024
6914.0	1.033987
6916.0	1.09168
6918.0	1.178945
6920.0	1.160057
6922.0	1.124944
6924.0	1.165269
6926.0	1.108996
6928.0	1.071523
6930.0	1.125783
6932.0	1.088399
6934.0	1.093035
6936.0	1.14959
6938.0	1.105006
6940.0	1.057399
6942.0	1.068452
6944.0	1.071878
6946.0	1.092003
6948.0	1.076584
6950.0	1.066853
6952.0	1.120492
6954.0	1.121825
6956.0	1.098136
6958.0	1.103619
6960.0	1.090694
6962.0	1.108806
6964.0	1.119943
6966.0	1.065225
6968.0	1.079236
6970.0	1.12052
6972.0	1.08515
6974.0	1.06839
6976.0	1.050444
6978.0	1.066206
6980.0	1.038633
6982.0	1.009358
6984.0	1.078493
6986.0	1.104466
6988.0	1.065902
6990.0	1.025905
6992.0	1.039182
6994.0	1.099682
6996.0	1.121216
6998.0	1.107775
7000.0	1.065514
7002.0	1.031574
7004.0	1.023385
7006.0	1.023873
7008.0	1.05873
7010.0	1.069641
7012.0	1.080642
7014.0	1.013541
7016.0	1.031168
7018.0	1.049572
7020.0	1.056273
7022.0	1.037565
7024.0	1.027083
7026.0	1.047809
7028.0	1.075546
7030.0	1.059427
7032.0	1.041057
7034.0	1.032157
7036.0	1.054534
7038.0	1.063988
7040.0	1.062715
7042.0	1.023358
7044.0	0.992239
7046.0	1.0295
7048.0	1.055085
7050.0	0.9984962
7052.0	0.9505087
7054.0	0.9676912
7056.0	0.9910006
7058.0	1.024826
7060.0	0.9984025
7062.0	1.03215
7064.0	1.01027
7066.0	0.9708569
7068.0	1.038418
7070.0	1.008387
7072.0	0.9807599
7074.0	0.9937643
7076.0	0.9911869
7078.0	1.035879
7080.0	1.017106
7082.0	0.9824148
7084.0	0.9753196
7086.0	0.9719902
7088.0	0.9879258
7090.0	0.9787514
7092.0	0.9484695
7094.0	0.9257745
7096.0	0.9780112
7098.0	1.031202
7100.0	1.003313
7102.0	0.9981683
7104.0	0.9498264
7106.0	0.9408774
7108.0	1.019682
7110.0	1.001024
7112.0	0.9169675
7114.0	0.9942448
7116.0	0.9620353
7118.0	0.9574664
7120.0	0.9404927
7122.0	0.9971965
7124.0	1.054581
