#	 asassn15nr 
#	 UT date of observation: 20150821 
#	 Telescope/Instrument: SOAR/Goodman 
#	 Estimated Peak MJD: 57250.105 
#	 Estimated redshift: 0.023 
#	 Estimated Phase: 4.8 
#	 Published in Dettman et al. 2020 
#	 Observed barycentric wavelength (Angstroms)    F_lambda
3750.0	2.432121e-16
3752.0	2.22184e-16
3754.0	2.140786e-16
3756.0	2.134174e-16
3758.0	2.21385e-16
3760.0	2.548816e-16
3762.0	2.145049e-16
3764.0	1.966082e-16
3766.0	2.054729e-16
3768.0	2.022832e-16
3770.0	1.978496e-16
3772.0	1.972975e-16
3774.0	2.018476e-16
3776.0	2.143919e-16
3778.0	2.080795e-16
3780.0	2.151815e-16
3782.0	2.048795e-16
3784.0	1.732789e-16
3786.0	1.757606e-16
3788.0	1.652065e-16
3790.0	1.428853e-16
3792.0	1.547297e-16
3794.0	1.641344e-16
3796.0	1.670177e-16
3798.0	1.857409e-16
3800.0	2.04512e-16
3802.0	1.826007e-16
3804.0	1.536614e-16
3806.0	1.946655e-16
3808.0	2.730929e-16
3810.0	2.932444e-16
3812.0	2.939775e-16
3814.0	3.012306e-16
3816.0	2.635961e-16
3818.0	2.244307e-16
3820.0	2.008247e-16
3822.0	1.775871e-16
3824.0	1.810649e-16
3826.0	1.868696e-16
3828.0	1.929977e-16
3830.0	2.003499e-16
3832.0	1.799698e-16
3834.0	1.750238e-16
3836.0	2.071563e-16
3838.0	2.177794e-16
3840.0	1.9932e-16
3842.0	2.085323e-16
3844.0	2.167951e-16
3846.0	2.158756e-16
3848.0	2.152202e-16
3850.0	1.952274e-16
3852.0	1.852003e-16
3854.0	1.872276e-16
3856.0	1.904656e-16
3858.0	1.9329e-16
3860.0	2.02059e-16
3862.0	2.164594e-16
3864.0	2.272079e-16
3866.0	2.374456e-16
3868.0	2.408115e-16
3870.0	2.442108e-16
3872.0	2.398953e-16
3874.0	2.286311e-16
3876.0	2.272438e-16
3878.0	2.20862e-16
3880.0	2.127096e-16
3882.0	2.096441e-16
3884.0	2.055137e-16
3886.0	2.015725e-16
3888.0	2.03408e-16
3890.0	2.181716e-16
3892.0	2.428349e-16
3894.0	2.441908e-16
3896.0	2.370541e-16
3898.0	2.34704e-16
3900.0	2.263086e-16
3902.0	2.190692e-16
3904.0	2.044677e-16
3906.0	2.123919e-16
3908.0	2.211905e-16
3910.0	2.244939e-16
3912.0	2.282009e-16
3914.0	2.274245e-16
3916.0	2.288666e-16
3918.0	2.108077e-16
3920.0	1.95287e-16
3922.0	2.169141e-16
3924.0	2.294346e-16
3926.0	2.257143e-16
3928.0	2.253217e-16
3930.0	2.270538e-16
3932.0	2.332642e-16
3934.0	2.567737e-16
3936.0	2.781344e-16
3938.0	2.84331e-16
3940.0	2.801028e-16
3942.0	2.635276e-16
3944.0	2.753443e-16
3946.0	2.912124e-16
3948.0	3.005511e-16
3950.0	2.968125e-16
3952.0	2.898925e-16
3954.0	2.996676e-16
3956.0	2.987691e-16
3958.0	2.976334e-16
3960.0	3.045752e-16
3962.0	3.053518e-16
3964.0	3.055137e-16
3966.0	2.989623e-16
3968.0	2.806944e-16
3970.0	2.94385e-16
3972.0	3.166262e-16
3974.0	3.164023e-16
3976.0	2.961176e-16
3978.0	2.892435e-16
3980.0	2.91312e-16
3982.0	2.943428e-16
3984.0	3.007574e-16
3986.0	3.126674e-16
3988.0	3.214665e-16
3990.0	3.338047e-16
3992.0	3.422826e-16
3994.0	3.287938e-16
3996.0	3.055775e-16
3998.0	3.298027e-16
4000.0	3.455376e-16
4002.0	3.411551e-16
4004.0	3.341004e-16
4006.0	3.196888e-16
4008.0	3.190128e-16
4010.0	3.463846e-16
4012.0	3.435384e-16
4014.0	3.135456e-16
4016.0	3.091636e-16
4018.0	3.064888e-16
4020.0	3.04495e-16
4022.0	2.918783e-16
4024.0	2.874153e-16
4026.0	3.024083e-16
4028.0	3.267418e-16
4030.0	3.311265e-16
4032.0	3.231964e-16
4034.0	3.222958e-16
4036.0	3.302145e-16
4038.0	3.352273e-16
4040.0	3.461999e-16
4042.0	3.475555e-16
4044.0	3.428317e-16
4046.0	3.304857e-16
4048.0	3.320669e-16
4050.0	3.245786e-16
4052.0	2.945605e-16
4054.0	2.857405e-16
4056.0	2.915991e-16
4058.0	2.901233e-16
4060.0	2.77473e-16
4062.0	2.82085e-16
4064.0	2.974164e-16
4066.0	3.131863e-16
4068.0	3.003234e-16
4070.0	2.920752e-16
4072.0	2.855593e-16
4074.0	2.997458e-16
4076.0	3.198464e-16
4078.0	3.222358e-16
4080.0	3.144777e-16
4082.0	2.949458e-16
4084.0	2.939775e-16
4086.0	3.006407e-16
4088.0	3.006466e-16
4090.0	3.067101e-16
4092.0	3.014465e-16
4094.0	3.075185e-16
4096.0	3.13794e-16
4098.0	3.072815e-16
4100.0	3.250163e-16
4102.0	3.411248e-16
4104.0	3.183291e-16
4106.0	3.328402e-16
4108.0	3.240959e-16
4110.0	3.244907e-16
4112.0	3.194968e-16
4114.0	3.182697e-16
4116.0	3.327767e-16
4118.0	3.407654e-16
4120.0	3.288245e-16
4122.0	3.27508e-16
4124.0	3.188312e-16
4126.0	3.318079e-16
4128.0	3.313694e-16
4130.0	3.360018e-16
4132.0	3.39317e-16
4134.0	3.452805e-16
4136.0	3.526929e-16
4138.0	3.551336e-16
4140.0	3.425243e-16
4142.0	3.358297e-16
4144.0	3.341607e-16
4146.0	3.336724e-16
4148.0	3.323639e-16
4150.0	3.595348e-16
4152.0	3.651758e-16
4154.0	3.46093e-16
4156.0	3.468748e-16
4158.0	3.408264e-16
4160.0	3.32165e-16
4162.0	3.297097e-16
4164.0	3.418088e-16
4166.0	3.489349e-16
4168.0	3.373617e-16
4170.0	3.326193e-16
4172.0	3.466586e-16
4174.0	3.36929e-16
4176.0	3.214999e-16
4178.0	3.267379e-16
4180.0	3.395122e-16
4182.0	3.393722e-16
4184.0	3.345936e-16
4186.0	3.238344e-16
4188.0	3.031747e-16
4190.0	3.007826e-16
4192.0	3.003714e-16
4194.0	3.174137e-16
4196.0	3.136785e-16
4198.0	3.097767e-16
4200.0	3.29339e-16
4202.0	3.13479e-16
4204.0	3.195532e-16
4206.0	3.329063e-16
4208.0	3.188639e-16
4210.0	3.083123e-16
4212.0	3.242616e-16
4214.0	3.40594e-16
4216.0	3.367611e-16
4218.0	3.343299e-16
4220.0	3.360959e-16
4222.0	3.147464e-16
4224.0	3.163507e-16
4226.0	3.163648e-16
4228.0	3.215701e-16
4230.0	3.241802e-16
4232.0	3.036606e-16
4234.0	2.912509e-16
4236.0	3.137582e-16
4238.0	3.359445e-16
4240.0	3.197984e-16
4242.0	3.189937e-16
4244.0	3.297749e-16
4246.0	3.430599e-16
4248.0	3.363923e-16
4250.0	3.189532e-16
4252.0	3.332169e-16
4254.0	3.500566e-16
4256.0	3.246178e-16
4258.0	3.457194e-16
4260.0	3.386185e-16
4262.0	3.324372e-16
4264.0	3.184655e-16
4266.0	3.184591e-16
4268.0	3.255464e-16
4270.0	3.102991e-16
4272.0	3.108942e-16
4274.0	3.197608e-16
4276.0	3.276501e-16
4278.0	3.099231e-16
4280.0	3.164737e-16
4282.0	3.348533e-16
4284.0	3.552941e-16
4286.0	3.259924e-16
4288.0	3.143995e-16
4290.0	3.04921e-16
4292.0	3.227489e-16
4294.0	3.173384e-16
4296.0	2.916207e-16
4298.0	3.119995e-16
4300.0	3.206276e-16
4302.0	3.285312e-16
4304.0	3.387923e-16
4306.0	3.184044e-16
4308.0	3.241733e-16
4310.0	3.047245e-16
4312.0	2.922791e-16
4314.0	3.076163e-16
4316.0	3.00333e-16
4318.0	2.917076e-16
4320.0	2.823695e-16
4322.0	2.837801e-16
4324.0	2.732673e-16
4326.0	2.762877e-16
4328.0	2.829995e-16
4330.0	2.767274e-16
4332.0	2.775781e-16
4334.0	2.805654e-16
4336.0	2.811745e-16
4338.0	2.88067e-16
4340.0	2.820521e-16
4342.0	2.753062e-16
4344.0	2.806113e-16
4346.0	2.753778e-16
4348.0	2.70815e-16
4350.0	2.698489e-16
4352.0	2.733779e-16
4354.0	2.603714e-16
4356.0	2.622922e-16
4358.0	2.596527e-16
4360.0	2.610253e-16
4362.0	2.55769e-16
4364.0	2.599152e-16
4366.0	2.488064e-16
4368.0	2.377153e-16
4370.0	2.371853e-16
4372.0	2.452818e-16
4374.0	2.503463e-16
4376.0	2.513197e-16
4378.0	2.496852e-16
4380.0	2.48306e-16
4382.0	2.526291e-16
4384.0	2.459405e-16
4386.0	2.338072e-16
4388.0	2.408878e-16
4390.0	2.429639e-16
4392.0	2.242076e-16
4394.0	2.351392e-16
4396.0	2.336115e-16
4398.0	2.01064e-16
4400.0	2.034551e-16
4402.0	2.153637e-16
4404.0	2.196409e-16
4406.0	2.117566e-16
4408.0	2.323468e-16
4410.0	2.51885e-16
4412.0	2.506459e-16
4414.0	2.668416e-16
4416.0	2.630939e-16
4418.0	2.588271e-16
4420.0	2.497531e-16
4422.0	2.376778e-16
4424.0	2.319839e-16
4426.0	2.3381e-16
4428.0	2.407614e-16
4430.0	2.564668e-16
4432.0	2.55509e-16
4434.0	2.471646e-16
4436.0	2.593105e-16
4438.0	2.724879e-16
4440.0	2.783468e-16
4442.0	2.796541e-16
4444.0	2.589384e-16
4446.0	2.504292e-16
4448.0	2.480702e-16
4450.0	2.37322e-16
4452.0	2.46073e-16
4454.0	2.593944e-16
4456.0	2.780629e-16
4458.0	2.843488e-16
4460.0	2.916507e-16
4462.0	2.907308e-16
4464.0	2.838039e-16
4466.0	2.779151e-16
4468.0	2.753592e-16
4470.0	2.618853e-16
4472.0	2.549766e-16
4474.0	2.588608e-16
4476.0	2.690539e-16
4478.0	2.740186e-16
4480.0	2.680708e-16
4482.0	2.602689e-16
4484.0	2.541464e-16
4486.0	2.589953e-16
4488.0	2.747879e-16
4490.0	2.737053e-16
4492.0	2.717493e-16
4494.0	2.734579e-16
4496.0	2.741187e-16
4498.0	2.715817e-16
4500.0	2.725566e-16
4502.0	2.732644e-16
4504.0	2.727839e-16
4506.0	2.747043e-16
4508.0	2.70242e-16
4510.0	2.799429e-16
4512.0	2.978966e-16
4514.0	2.993284e-16
4516.0	2.914578e-16
4518.0	2.928035e-16
4520.0	3.051773e-16
4522.0	3.184332e-16
4524.0	3.225118e-16
4526.0	3.243915e-16
4528.0	3.181034e-16
4530.0	2.950021e-16
4532.0	2.813767e-16
4534.0	2.834821e-16
4536.0	2.951e-16
4538.0	2.963523e-16
4540.0	2.949965e-16
4542.0	3.041367e-16
4544.0	3.086629e-16
4546.0	3.122489e-16
4548.0	3.112819e-16
4550.0	3.164091e-16
4552.0	3.223594e-16
4554.0	3.116982e-16
4556.0	3.090293e-16
4558.0	3.038968e-16
4560.0	2.956039e-16
4562.0	3.101334e-16
4564.0	3.127658e-16
4566.0	3.069476e-16
4568.0	3.085432e-16
4570.0	3.072398e-16
4572.0	3.168859e-16
4574.0	3.215911e-16
4576.0	3.212865e-16
4578.0	3.125957e-16
4580.0	2.962219e-16
4582.0	3.034653e-16
4584.0	3.16524e-16
4586.0	3.172191e-16
4588.0	3.246327e-16
4590.0	3.273356e-16
4592.0	3.240643e-16
4594.0	3.222272e-16
4596.0	3.181518e-16
4598.0	3.203922e-16
4600.0	3.236606e-16
4602.0	3.252164e-16
4604.0	3.229812e-16
4606.0	3.222283e-16
4608.0	3.37916e-16
4610.0	3.472761e-16
4612.0	3.485564e-16
4614.0	3.484537e-16
4616.0	3.406099e-16
4618.0	3.288166e-16
4620.0	3.294249e-16
4622.0	3.336894e-16
4624.0	3.31094e-16
4626.0	3.225762e-16
4628.0	3.096552e-16
4630.0	3.069921e-16
4632.0	3.00346e-16
4634.0	3.034507e-16
4636.0	3.149325e-16
4638.0	3.107209e-16
4640.0	3.164967e-16
4642.0	3.186872e-16
4644.0	3.141966e-16
4646.0	3.115382e-16
4648.0	3.024507e-16
4650.0	3.065883e-16
4652.0	3.169613e-16
4654.0	3.065626e-16
4656.0	3.040724e-16
4658.0	3.028163e-16
4660.0	3.045744e-16
4662.0	3.12308e-16
4664.0	3.190967e-16
4666.0	3.261825e-16
4668.0	3.172957e-16
4670.0	3.124021e-16
4672.0	3.078532e-16
4674.0	3.213116e-16
4676.0	3.252481e-16
4678.0	3.207183e-16
4680.0	3.189724e-16
4682.0	3.227561e-16
4684.0	3.029065e-16
4686.0	2.99107e-16
4688.0	3.091819e-16
4690.0	3.079226e-16
4692.0	3.056489e-16
4694.0	3.144808e-16
4696.0	3.255739e-16
4698.0	3.344854e-16
4700.0	3.329935e-16
4702.0	3.229891e-16
4704.0	3.119544e-16
4706.0	3.233105e-16
4708.0	3.189201e-16
4710.0	3.284726e-16
4712.0	3.409667e-16
4714.0	3.371793e-16
4716.0	3.353155e-16
4718.0	3.22215e-16
4720.0	3.189941e-16
4722.0	3.311568e-16
4724.0	3.257944e-16
4726.0	3.256049e-16
4728.0	3.28752e-16
4730.0	3.3239e-16
4732.0	3.324155e-16
4734.0	3.255079e-16
4736.0	3.174525e-16
4738.0	2.988041e-16
4740.0	2.989165e-16
4742.0	3.185094e-16
4744.0	3.041724e-16
4746.0	2.937693e-16
4748.0	3.062066e-16
4750.0	2.983126e-16
4752.0	2.822995e-16
4754.0	2.730037e-16
4756.0	2.90056e-16
4758.0	2.981382e-16
4760.0	3.037046e-16
4762.0	2.897661e-16
4764.0	2.872884e-16
4766.0	2.869959e-16
4768.0	2.849258e-16
4770.0	2.932912e-16
4772.0	2.842011e-16
4774.0	2.800969e-16
4776.0	2.755846e-16
4778.0	2.796731e-16
4780.0	2.81843e-16
4782.0	2.728143e-16
4784.0	2.798199e-16
4786.0	2.88363e-16
4788.0	2.904696e-16
4790.0	2.88833e-16
4792.0	2.905308e-16
4794.0	2.982432e-16
4796.0	2.963478e-16
4798.0	2.811743e-16
4800.0	2.755301e-16
4802.0	2.758454e-16
4804.0	2.808832e-16
4806.0	2.797632e-16
4808.0	2.678839e-16
4810.0	2.614502e-16
4812.0	2.757463e-16
4814.0	2.673939e-16
4816.0	2.56285e-16
4818.0	2.726497e-16
4820.0	2.83844e-16
4822.0	2.730024e-16
4824.0	2.724239e-16
4826.0	2.735707e-16
4828.0	2.634666e-16
4830.0	2.55932e-16
4832.0	2.455226e-16
4834.0	2.417425e-16
4836.0	2.473106e-16
4838.0	2.502377e-16
4840.0	2.488264e-16
4842.0	2.535186e-16
4844.0	2.48732e-16
4846.0	2.444273e-16
4848.0	2.492444e-16
4850.0	2.540475e-16
4852.0	2.538456e-16
4854.0	2.50649e-16
4856.0	2.530437e-16
4858.0	2.492686e-16
4860.0	2.452127e-16
4862.0	2.525806e-16
4864.0	2.50564e-16
4866.0	2.490138e-16
4868.0	2.574434e-16
4870.0	2.57629e-16
4872.0	2.429315e-16
4874.0	2.394467e-16
4876.0	2.591292e-16
4878.0	2.563269e-16
4880.0	2.529723e-16
4882.0	2.679167e-16
4884.0	2.720473e-16
4886.0	2.61279e-16
4888.0	2.524394e-16
4890.0	2.43186e-16
4892.0	2.561237e-16
4894.0	2.699208e-16
4896.0	2.564265e-16
4898.0	2.498036e-16
4900.0	2.649002e-16
4902.0	2.799773e-16
4904.0	2.61253e-16
4906.0	2.590601e-16
4908.0	2.770157e-16
4910.0	2.693973e-16
4912.0	2.602393e-16
4914.0	2.504158e-16
4916.0	2.603132e-16
4918.0	2.735516e-16
4920.0	2.757409e-16
4922.0	2.675922e-16
4924.0	2.680337e-16
4926.0	2.642867e-16
4928.0	2.694917e-16
4930.0	2.609457e-16
4932.0	2.647555e-16
4934.0	2.574071e-16
4936.0	2.530165e-16
4938.0	2.584171e-16
4940.0	2.463041e-16
4942.0	2.430194e-16
4944.0	2.417037e-16
4946.0	2.326611e-16
4948.0	2.343413e-16
4950.0	2.306934e-16
4952.0	2.277684e-16
4954.0	2.414591e-16
4956.0	2.456207e-16
4958.0	2.43291e-16
4960.0	2.259532e-16
4962.0	2.38781e-16
4964.0	2.33775e-16
4966.0	2.388532e-16
4968.0	2.634191e-16
4970.0	2.781025e-16
4972.0	2.989655e-16
4974.0	3.016709e-16
4976.0	2.720902e-16
4978.0	2.384662e-16
4980.0	2.229458e-16
4982.0	2.161257e-16
4984.0	2.371018e-16
4986.0	2.444558e-16
4988.0	2.318581e-16
4990.0	2.366134e-16
4992.0	2.390885e-16
4994.0	2.41678e-16
4996.0	2.427884e-16
4998.0	2.37898e-16
5000.0	2.540618e-16
5002.0	2.653616e-16
5004.0	2.581991e-16
5006.0	2.523793e-16
5008.0	2.637574e-16
5010.0	2.702248e-16
5012.0	2.70041e-16
5014.0	2.61701e-16
5016.0	2.581467e-16
5018.0	2.563077e-16
5020.0	2.551312e-16
5022.0	2.531663e-16
5024.0	2.65187e-16
5026.0	2.625215e-16
5028.0	2.595506e-16
5030.0	2.496717e-16
5032.0	2.478849e-16
5034.0	2.440306e-16
5036.0	2.353206e-16
5038.0	2.290855e-16
5040.0	2.289465e-16
5042.0	2.319621e-16
5044.0	2.405264e-16
5046.0	2.415944e-16
5048.0	2.47772e-16
5050.0	2.472807e-16
5052.0	2.451384e-16
5054.0	2.566282e-16
5056.0	2.535423e-16
5058.0	2.604079e-16
5060.0	2.584951e-16
5062.0	2.599539e-16
5064.0	2.47832e-16
5066.0	2.418207e-16
5068.0	2.313865e-16
5070.0	2.374975e-16
5072.0	2.54116e-16
5074.0	2.529077e-16
5076.0	2.35705e-16
5078.0	2.310964e-16
5080.0	2.41308e-16
5082.0	2.35793e-16
5084.0	2.332546e-16
5086.0	2.383205e-16
5088.0	2.367376e-16
5090.0	2.369234e-16
5092.0	2.351209e-16
5094.0	2.314534e-16
5096.0	2.257468e-16
5098.0	2.275032e-16
5100.0	2.225595e-16
5102.0	2.374771e-16
5104.0	2.424224e-16
5106.0	2.296396e-16
5108.0	2.364891e-16
5110.0	2.339711e-16
5112.0	2.328619e-16
5114.0	2.413254e-16
5116.0	2.541475e-16
5118.0	2.588841e-16
5120.0	2.633819e-16
5122.0	2.599865e-16
5124.0	2.539718e-16
5126.0	2.418845e-16
5128.0	2.375749e-16
5130.0	2.267112e-16
5132.0	2.253056e-16
5134.0	2.385913e-16
5136.0	2.425936e-16
5138.0	2.37945e-16
5140.0	2.401479e-16
5142.0	2.409869e-16
5144.0	2.37949e-16
5146.0	2.396908e-16
5148.0	2.490746e-16
5150.0	2.585355e-16
5152.0	2.553295e-16
5154.0	2.470667e-16
5156.0	2.486431e-16
5158.0	2.53584e-16
5160.0	2.531217e-16
5162.0	2.544417e-16
5164.0	2.605114e-16
5166.0	2.559628e-16
5168.0	2.596204e-16
5170.0	2.647154e-16
5172.0	2.653942e-16
5174.0	2.658873e-16
5176.0	2.682703e-16
5178.0	2.717633e-16
5180.0	2.668285e-16
5182.0	2.698788e-16
5184.0	2.699e-16
5186.0	2.638214e-16
5188.0	2.582595e-16
5190.0	2.634488e-16
5192.0	2.7013e-16
5194.0	2.656575e-16
5196.0	2.643103e-16
5198.0	2.654116e-16
5200.0	2.660341e-16
5202.0	2.702781e-16
5204.0	2.81929e-16
5206.0	2.847909e-16
5208.0	2.759865e-16
5210.0	2.708195e-16
5212.0	2.714212e-16
5214.0	2.74518e-16
5216.0	2.798523e-16
5218.0	2.824365e-16
5220.0	2.779443e-16
5222.0	2.727292e-16
5224.0	2.692133e-16
5226.0	2.753303e-16
5228.0	2.853273e-16
5230.0	2.872349e-16
5232.0	2.836113e-16
5234.0	2.894965e-16
5236.0	2.977314e-16
5238.0	2.92423e-16
5240.0	2.842004e-16
5242.0	2.753121e-16
5244.0	2.738361e-16
5246.0	2.801226e-16
5248.0	2.833991e-16
5250.0	2.836059e-16
5252.0	2.882096e-16
5254.0	2.841551e-16
5256.0	2.767135e-16
5258.0	2.827195e-16
5260.0	2.821616e-16
5262.0	2.768372e-16
5264.0	2.864507e-16
5266.0	2.876501e-16
5268.0	2.837322e-16
5270.0	2.850031e-16
5272.0	2.764385e-16
5274.0	2.762173e-16
5276.0	2.851987e-16
5278.0	2.835677e-16
5280.0	2.769378e-16
5282.0	2.784399e-16
5284.0	2.728256e-16
5286.0	2.558522e-16
5288.0	2.477693e-16
5290.0	2.51006e-16
5292.0	2.559011e-16
5294.0	2.59034e-16
5296.0	2.594773e-16
5298.0	2.691026e-16
5300.0	2.763213e-16
5302.0	2.703139e-16
5304.0	2.685193e-16
5306.0	2.689485e-16
5308.0	2.69632e-16
5310.0	2.732884e-16
5312.0	2.714008e-16
5314.0	2.785018e-16
5316.0	2.973413e-16
5318.0	3.022052e-16
5320.0	2.956489e-16
5322.0	2.933447e-16
5324.0	2.879771e-16
5326.0	2.806927e-16
5328.0	2.768865e-16
5330.0	2.766405e-16
5332.0	2.7834e-16
5334.0	2.80611e-16
5336.0	2.821378e-16
5338.0	2.854734e-16
5340.0	2.875238e-16
5342.0	2.812542e-16
5344.0	2.709989e-16
5346.0	2.626724e-16
5348.0	2.679368e-16
5350.0	2.676292e-16
5352.0	2.620595e-16
5354.0	2.712498e-16
5356.0	2.737493e-16
5358.0	2.675719e-16
5360.0	2.660914e-16
5362.0	2.645129e-16
5364.0	2.637568e-16
5366.0	2.629251e-16
5368.0	2.612523e-16
5370.0	2.609682e-16
5372.0	2.650916e-16
5374.0	2.707057e-16
5376.0	2.638133e-16
5378.0	2.494947e-16
5380.0	2.469501e-16
5382.0	2.532693e-16
5384.0	2.449431e-16
5386.0	2.394823e-16
5388.0	2.411925e-16
5390.0	2.394674e-16
5392.0	2.434192e-16
5394.0	2.459766e-16
5396.0	2.498456e-16
5398.0	2.488312e-16
5400.0	2.45298e-16
5402.0	2.453718e-16
5404.0	2.541434e-16
5406.0	2.516439e-16
5408.0	2.513776e-16
5410.0	2.649048e-16
5412.0	2.708591e-16
5414.0	2.671139e-16
5416.0	2.596262e-16
5418.0	2.540227e-16
5420.0	2.526438e-16
5422.0	2.517404e-16
5424.0	2.59373e-16
5426.0	2.628056e-16
5428.0	2.580675e-16
5430.0	2.66388e-16
5432.0	2.695141e-16
5434.0	2.684513e-16
5436.0	2.656544e-16
5438.0	2.562654e-16
5440.0	2.588393e-16
5442.0	2.558579e-16
5444.0	2.520158e-16
5446.0	2.573539e-16
5448.0	2.611629e-16
5450.0	2.480869e-16
5452.0	2.394476e-16
5454.0	2.457449e-16
5456.0	2.591608e-16
5458.0	2.653156e-16
5460.0	2.619196e-16
5462.0	2.561909e-16
5464.0	2.527213e-16
5466.0	2.496292e-16
5468.0	2.583168e-16
5470.0	2.654964e-16
5472.0	2.614747e-16
5474.0	2.619036e-16
5476.0	2.689505e-16
5478.0	2.758499e-16
5480.0	2.710497e-16
5482.0	2.643935e-16
5484.0	2.636448e-16
5486.0	2.594287e-16
5488.0	2.568485e-16
5490.0	2.562048e-16
5492.0	2.551956e-16
5494.0	2.536399e-16
5496.0	2.573039e-16
5498.0	2.603791e-16
5500.0	2.682294e-16
5502.0	2.700024e-16
5504.0	2.755878e-16
5506.0	2.737367e-16
5508.0	2.633743e-16
5510.0	2.609251e-16
5512.0	2.732617e-16
5514.0	2.619867e-16
5516.0	2.442298e-16
5518.0	2.531898e-16
5520.0	2.523571e-16
5522.0	2.522075e-16
5524.0	2.431525e-16
5526.0	2.437992e-16
5528.0	2.420886e-16
5530.0	2.52302e-16
5532.0	2.466418e-16
5534.0	2.481949e-16
5536.0	2.622916e-16
5538.0	2.551645e-16
5540.0	2.562526e-16
5542.0	2.586009e-16
5544.0	2.569011e-16
5546.0	2.391341e-16
5548.0	2.541329e-16
5550.0	2.497817e-16
5552.0	2.527691e-16
5554.0	2.513845e-16
5556.0	2.500888e-16
5558.0	2.519985e-16
5560.0	2.509166e-16
5562.0	2.43401e-16
5564.0	2.464742e-16
5566.0	2.482752e-16
5568.0	2.462884e-16
5570.0	2.389102e-16
5572.0	2.54265e-16
5574.0	2.506812e-16
5576.0	2.392351e-16
5578.0	2.369251e-16
5580.0	2.242421e-16
5582.0	2.389968e-16
5584.0	2.432166e-16
5586.0	2.409494e-16
5588.0	2.441769e-16
5590.0	2.489289e-16
5592.0	2.414035e-16
5594.0	2.48222e-16
5596.0	2.547005e-16
5598.0	2.459125e-16
5600.0	2.453079e-16
5602.0	2.472046e-16
5604.0	2.49621e-16
5606.0	2.542985e-16
5608.0	2.441619e-16
5610.0	2.617151e-16
5612.0	2.618043e-16
5614.0	2.545238e-16
5616.0	2.562464e-16
5618.0	2.541108e-16
5620.0	2.603188e-16
5622.0	2.574047e-16
5624.0	2.651984e-16
5626.0	2.656946e-16
5628.0	2.623281e-16
5630.0	2.500444e-16
5632.0	2.579932e-16
5634.0	2.661222e-16
5636.0	2.72928e-16
5638.0	2.656873e-16
5640.0	2.665922e-16
5642.0	2.671578e-16
5644.0	2.649928e-16
5646.0	2.765834e-16
5648.0	2.812727e-16
5650.0	2.745354e-16
5652.0	2.787072e-16
5654.0	2.774134e-16
5656.0	2.686131e-16
5658.0	2.704076e-16
5660.0	2.639536e-16
5662.0	2.627338e-16
5664.0	2.714019e-16
5666.0	2.750653e-16
5668.0	2.782776e-16
5670.0	2.755784e-16
5672.0	2.660135e-16
5674.0	2.723805e-16
5676.0	2.758342e-16
5678.0	2.729336e-16
5680.0	2.763123e-16
5682.0	2.832198e-16
5684.0	2.930399e-16
5686.0	2.839604e-16
5688.0	2.652129e-16
5690.0	2.679641e-16
5692.0	2.696591e-16
5694.0	2.759339e-16
5696.0	2.784024e-16
5698.0	2.683285e-16
5700.0	2.778808e-16
5702.0	2.846028e-16
5704.0	2.718317e-16
5706.0	2.697892e-16
5708.0	2.776813e-16
5710.0	2.759327e-16
5712.0	2.78934e-16
5714.0	2.757845e-16
5716.0	2.657319e-16
5718.0	2.695727e-16
5720.0	2.626765e-16
5722.0	2.570619e-16
5724.0	2.613781e-16
5726.0	2.631841e-16
5728.0	2.738832e-16
5730.0	2.71348e-16
5732.0	2.676083e-16
5734.0	2.747589e-16
5736.0	2.702524e-16
5738.0	2.671695e-16
5740.0	2.713677e-16
5742.0	2.672521e-16
5744.0	2.618992e-16
5746.0	2.633396e-16
5748.0	2.709834e-16
5750.0	2.70376e-16
5752.0	2.672494e-16
5754.0	2.693154e-16
5756.0	2.740649e-16
5758.0	2.706586e-16
5760.0	2.679596e-16
5762.0	2.642402e-16
5764.0	2.612134e-16
5766.0	2.726893e-16
5768.0	2.737035e-16
5770.0	2.676221e-16
5772.0	2.571801e-16
5774.0	2.684418e-16
5776.0	2.692526e-16
5778.0	2.620989e-16
5780.0	2.714999e-16
5782.0	2.763913e-16
5784.0	2.652608e-16
5786.0	2.641419e-16
5788.0	2.642332e-16
5790.0	2.677427e-16
5792.0	2.651606e-16
5794.0	2.54184e-16
5796.0	2.58786e-16
5798.0	2.634987e-16
5800.0	2.615137e-16
5802.0	2.670949e-16
5804.0	2.744332e-16
5806.0	2.689228e-16
5808.0	2.617864e-16
5810.0	2.738393e-16
5812.0	2.687866e-16
5814.0	2.599224e-16
5816.0	2.658517e-16
5818.0	2.685759e-16
5820.0	2.574994e-16
5822.0	2.572576e-16
5824.0	2.618734e-16
5826.0	2.717465e-16
5828.0	2.686618e-16
5830.0	2.610307e-16
5832.0	2.580355e-16
5834.0	2.605795e-16
5836.0	2.625561e-16
5838.0	2.621255e-16
5840.0	2.527883e-16
5842.0	2.537814e-16
5844.0	2.619119e-16
5846.0	2.673802e-16
5848.0	2.715804e-16
5850.0	2.687329e-16
5852.0	2.660657e-16
5854.0	2.682283e-16
5856.0	2.698777e-16
5858.0	2.705824e-16
5860.0	2.700779e-16
5862.0	2.704421e-16
5864.0	2.698821e-16
5866.0	2.642917e-16
5868.0	2.609343e-16
5870.0	2.61657e-16
5872.0	2.667139e-16
5874.0	2.616602e-16
5876.0	2.598273e-16
5878.0	2.61e-16
5880.0	2.630039e-16
5882.0	2.647586e-16
5884.0	2.58189e-16
5886.0	2.51841e-16
5888.0	2.595393e-16
5890.0	2.640364e-16
5892.0	2.421054e-16
5894.0	2.315536e-16
5896.0	2.415567e-16
5898.0	2.451949e-16
5900.0	2.566402e-16
5902.0	2.673413e-16
5904.0	2.634803e-16
5906.0	2.619703e-16
5908.0	2.662527e-16
5910.0	2.668151e-16
5912.0	2.655469e-16
5914.0	2.642389e-16
5916.0	2.571945e-16
5918.0	2.532306e-16
5920.0	2.532237e-16
5922.0	2.550423e-16
5924.0	2.658345e-16
5926.0	2.734112e-16
5928.0	2.718626e-16
5930.0	2.726032e-16
5932.0	2.689617e-16
5934.0	2.624594e-16
5936.0	2.558664e-16
5938.0	2.593012e-16
5940.0	2.662186e-16
5942.0	2.701405e-16
5944.0	2.727414e-16
5946.0	2.733218e-16
5948.0	2.826212e-16
5950.0	2.830686e-16
5952.0	2.777924e-16
5954.0	2.782532e-16
5956.0	2.757413e-16
5958.0	2.724963e-16
5960.0	2.771236e-16
5962.0	2.789779e-16
5964.0	2.744311e-16
5966.0	2.777464e-16
5968.0	2.805777e-16
5970.0	2.74549e-16
5972.0	2.728852e-16
5974.0	2.765109e-16
5976.0	2.772558e-16
5978.0	2.768382e-16
5980.0	2.759573e-16
5982.0	2.768939e-16
5984.0	2.745309e-16
5986.0	2.737848e-16
5988.0	2.757813e-16
5990.0	2.754243e-16
5992.0	2.697292e-16
5994.0	2.673949e-16
5996.0	2.690362e-16
5998.0	2.67654e-16
6000.0	2.628953e-16
6002.0	2.642276e-16
6004.0	2.684047e-16
6006.0	2.720688e-16
6008.0	2.788795e-16
6010.0	2.848318e-16
6012.0	2.831033e-16
6014.0	2.789088e-16
6016.0	2.760079e-16
6018.0	2.686505e-16
6020.0	2.642379e-16
6022.0	2.650308e-16
6024.0	2.575083e-16
6026.0	2.415074e-16
6028.0	2.272265e-16
6030.0	2.271864e-16
6032.0	2.355743e-16
6034.0	2.435388e-16
6036.0	2.474757e-16
6038.0	2.499863e-16
6040.0	2.529311e-16
6042.0	2.632036e-16
6044.0	2.708517e-16
6046.0	2.616422e-16
6048.0	2.590462e-16
6050.0	2.675784e-16
6052.0	2.689212e-16
6054.0	2.60761e-16
6056.0	2.489985e-16
6058.0	2.515798e-16
6060.0	2.622955e-16
6062.0	2.642344e-16
6064.0	2.61451e-16
6066.0	2.61727e-16
6068.0	2.690284e-16
6070.0	2.746451e-16
6072.0	2.637302e-16
6074.0	2.586201e-16
6076.0	2.610262e-16
6078.0	2.698043e-16
6080.0	2.761099e-16
6082.0	2.672501e-16
6084.0	2.606074e-16
6086.0	2.611552e-16
6088.0	2.613574e-16
6090.0	2.597431e-16
6092.0	2.573365e-16
6094.0	2.569297e-16
6096.0	2.637437e-16
6098.0	2.67813e-16
6100.0	2.646732e-16
6102.0	2.595216e-16
6104.0	2.567586e-16
6106.0	2.574969e-16
6108.0	2.536239e-16
6110.0	2.584178e-16
6112.0	2.661654e-16
6114.0	2.655035e-16
6116.0	2.651023e-16
6118.0	2.608977e-16
6120.0	2.496032e-16
6122.0	2.445369e-16
6124.0	2.474808e-16
6126.0	2.521407e-16
6128.0	2.561892e-16
6130.0	2.541436e-16
6132.0	2.536778e-16
6134.0	2.564949e-16
6136.0	2.604189e-16
6138.0	2.580175e-16
6140.0	2.521003e-16
6142.0	2.534565e-16
6144.0	2.478778e-16
6146.0	2.448632e-16
6148.0	2.493894e-16
6150.0	2.481426e-16
6152.0	2.537853e-16
6154.0	2.510812e-16
6156.0	2.540627e-16
6158.0	2.547786e-16
6160.0	2.503358e-16
6162.0	2.577795e-16
6164.0	2.628766e-16
6166.0	2.600346e-16
6168.0	2.541597e-16
6170.0	2.450207e-16
6172.0	2.417488e-16
6174.0	2.434595e-16
6176.0	2.47736e-16
6178.0	2.577952e-16
6180.0	2.598296e-16
6182.0	2.566535e-16
6184.0	2.526501e-16
6186.0	2.497503e-16
6188.0	2.467996e-16
6190.0	2.520864e-16
6192.0	2.496862e-16
6194.0	2.515774e-16
6196.0	2.485374e-16
6198.0	2.390808e-16
6200.0	2.407916e-16
6202.0	2.412429e-16
6204.0	2.431421e-16
6206.0	2.369069e-16
6208.0	2.398752e-16
6210.0	2.446991e-16
6212.0	2.460475e-16
6214.0	2.387119e-16
6216.0	2.394436e-16
6218.0	2.371109e-16
6220.0	2.269228e-16
6222.0	2.323406e-16
6224.0	2.304443e-16
6226.0	2.273382e-16
6228.0	2.285157e-16
6230.0	2.272986e-16
6232.0	2.179712e-16
6234.0	2.257334e-16
6236.0	2.194863e-16
6238.0	2.215374e-16
6240.0	2.27391e-16
6242.0	2.115849e-16
6244.0	2.055025e-16
6246.0	2.102806e-16
6248.0	2.112646e-16
6250.0	2.119328e-16
6252.0	2.139085e-16
6254.0	2.189571e-16
6256.0	2.131988e-16
6258.0	2.128213e-16
6260.0	2.109063e-16
6262.0	2.128869e-16
6264.0	2.049099e-16
6266.0	2.033772e-16
6268.0	2.135196e-16
6270.0	2.019676e-16
6272.0	2.101474e-16
6274.0	2.032606e-16
6276.0	2.15028e-16
6278.0	2.201583e-16
6280.0	2.011244e-16
6282.0	1.969215e-16
6284.0	2.010544e-16
6286.0	2.035484e-16
6288.0	2.06371e-16
6290.0	2.109062e-16
6292.0	2.00832e-16
6294.0	2.05573e-16
6296.0	2.28383e-16
6298.0	2.19155e-16
6300.0	2.128975e-16
6302.0	1.857467e-16
6304.0	1.838656e-16
6306.0	1.868772e-16
6308.0	1.981772e-16
6310.0	1.97644e-16
6312.0	2.049413e-16
6314.0	2.099845e-16
6316.0	2.122724e-16
6318.0	2.085461e-16
6320.0	2.157001e-16
6322.0	2.181662e-16
6324.0	2.229642e-16
6326.0	2.160115e-16
6328.0	2.2264e-16
6330.0	2.255446e-16
6332.0	2.160478e-16
6334.0	2.135484e-16
6336.0	2.220644e-16
6338.0	2.223168e-16
6340.0	2.263433e-16
6342.0	2.270213e-16
6344.0	2.254176e-16
6346.0	2.286307e-16
6348.0	2.355464e-16
6350.0	2.34019e-16
6352.0	2.356076e-16
6354.0	2.334394e-16
6356.0	2.207018e-16
6358.0	2.22899e-16
6360.0	2.287737e-16
6362.0	2.24514e-16
6364.0	2.270118e-16
6366.0	2.232995e-16
6368.0	2.263259e-16
6370.0	2.320443e-16
6372.0	2.268232e-16
6374.0	2.233757e-16
6376.0	2.327228e-16
6378.0	2.320027e-16
6380.0	2.249168e-16
6382.0	2.211736e-16
6384.0	2.207511e-16
6386.0	2.280722e-16
6388.0	2.348431e-16
6390.0	2.358453e-16
6392.0	2.321072e-16
6394.0	2.296429e-16
6396.0	2.298605e-16
6398.0	2.286471e-16
6400.0	2.18465e-16
6402.0	2.223575e-16
6404.0	2.345043e-16
6406.0	2.334642e-16
6408.0	2.282697e-16
6410.0	2.321803e-16
6412.0	2.346226e-16
6414.0	2.332318e-16
6416.0	2.31606e-16
6418.0	2.316757e-16
6420.0	2.352701e-16
6422.0	2.290213e-16
6424.0	2.277594e-16
6426.0	2.351147e-16
6428.0	2.369323e-16
6430.0	2.323929e-16
6432.0	2.307025e-16
6434.0	2.28496e-16
6436.0	2.351803e-16
6438.0	2.380695e-16
6440.0	2.367402e-16
6442.0	2.391044e-16
6444.0	2.431404e-16
6446.0	2.470741e-16
6448.0	2.417612e-16
6450.0	2.419819e-16
6452.0	2.420668e-16
6454.0	2.37821e-16
6456.0	2.359134e-16
6458.0	2.35375e-16
6460.0	2.266686e-16
6462.0	2.215929e-16
6464.0	2.253756e-16
6466.0	2.27191e-16
6468.0	2.320536e-16
6470.0	2.314283e-16
6472.0	2.266434e-16
6474.0	2.249808e-16
6476.0	2.285925e-16
6478.0	2.296521e-16
6480.0	2.364226e-16
6482.0	2.373265e-16
6484.0	2.295277e-16
6486.0	2.283941e-16
6488.0	2.364158e-16
6490.0	2.371138e-16
6492.0	2.307313e-16
6494.0	2.34987e-16
6496.0	2.354315e-16
6498.0	2.322635e-16
6500.0	2.389345e-16
6502.0	2.300303e-16
6504.0	2.273932e-16
6506.0	2.212766e-16
6508.0	2.210507e-16
6510.0	2.32414e-16
6512.0	2.301082e-16
6514.0	2.297054e-16
6516.0	2.367832e-16
6518.0	2.396399e-16
6520.0	2.297975e-16
6522.0	2.290363e-16
6524.0	2.283983e-16
6526.0	2.230533e-16
6528.0	2.320028e-16
6530.0	2.391928e-16
6532.0	2.311872e-16
6534.0	2.246078e-16
6536.0	2.226891e-16
6538.0	2.228644e-16
6540.0	2.250529e-16
6542.0	2.303645e-16
6544.0	2.309966e-16
6546.0	2.313717e-16
6548.0	2.300702e-16
6550.0	2.285331e-16
6552.0	2.327003e-16
6554.0	2.380645e-16
6556.0	2.367524e-16
6558.0	2.313927e-16
6560.0	2.285128e-16
6562.0	2.248067e-16
6564.0	2.228746e-16
6566.0	2.223139e-16
6568.0	2.219362e-16
6570.0	2.235673e-16
6572.0	2.298062e-16
6574.0	2.262246e-16
6576.0	2.2207e-16
6578.0	2.295087e-16
6580.0	2.299398e-16
6582.0	2.255637e-16
6584.0	2.194154e-16
6586.0	2.243672e-16
6588.0	2.341767e-16
6590.0	2.335274e-16
6592.0	2.293537e-16
6594.0	2.319951e-16
6596.0	2.292002e-16
6598.0	2.167055e-16
6600.0	2.139652e-16
6602.0	2.272885e-16
6604.0	2.321679e-16
6606.0	2.26314e-16
6608.0	2.246484e-16
6610.0	2.249376e-16
6612.0	2.206988e-16
6614.0	2.200573e-16
6616.0	2.262187e-16
6618.0	2.271908e-16
6620.0	2.216017e-16
6622.0	2.232902e-16
6624.0	2.308121e-16
6626.0	2.269723e-16
6628.0	2.247134e-16
6630.0	2.279102e-16
6632.0	2.237573e-16
6634.0	2.236992e-16
6636.0	2.307271e-16
6638.0	2.239341e-16
6640.0	2.142679e-16
6642.0	2.163085e-16
6644.0	2.19066e-16
6646.0	2.151287e-16
6648.0	2.099573e-16
6650.0	2.166239e-16
6652.0	2.239111e-16
6654.0	2.202569e-16
6656.0	2.209538e-16
6658.0	2.274702e-16
6660.0	2.325175e-16
6662.0	2.205642e-16
6664.0	2.135383e-16
6666.0	2.250688e-16
6668.0	2.29623e-16
6670.0	2.244173e-16
6672.0	2.222469e-16
6674.0	2.131325e-16
6676.0	2.124872e-16
6678.0	2.181325e-16
6680.0	2.274983e-16
6682.0	2.290965e-16
6684.0	2.216097e-16
6686.0	2.24299e-16
6688.0	2.280773e-16
6690.0	2.301623e-16
6692.0	2.355978e-16
6694.0	2.462785e-16
6696.0	2.654542e-16
6698.0	2.772562e-16
6700.0	2.75812e-16
6702.0	2.586081e-16
6704.0	2.479211e-16
6706.0	2.574985e-16
6708.0	3.296945e-16
6710.0	4.352014e-16
6712.0	5.449685e-16
6714.0	6.064484e-16
6716.0	5.624759e-16
6718.0	4.434322e-16
6720.0	3.238346e-16
6722.0	2.550129e-16
6724.0	2.29307e-16
6726.0	2.245617e-16
6728.0	2.457576e-16
6730.0	2.894267e-16
6732.0	3.550081e-16
6734.0	4.106783e-16
6736.0	4.163228e-16
6738.0	3.776179e-16
6740.0	3.107383e-16
6742.0	2.616597e-16
6744.0	2.307934e-16
6746.0	2.245313e-16
6748.0	2.235839e-16
6750.0	2.232107e-16
6752.0	2.221233e-16
6754.0	2.158707e-16
6756.0	2.161366e-16
6758.0	2.149666e-16
6760.0	2.174275e-16
6762.0	2.178428e-16
6764.0	2.152845e-16
6766.0	2.199483e-16
6768.0	2.274378e-16
6770.0	2.283247e-16
6772.0	2.22748e-16
6774.0	2.147792e-16
6776.0	2.201182e-16
6778.0	2.267823e-16
6780.0	2.25513e-16
6782.0	2.181685e-16
6784.0	2.140048e-16
6786.0	2.211092e-16
6788.0	2.263966e-16
6790.0	2.229951e-16
6792.0	2.198446e-16
6794.0	2.1931e-16
6796.0	2.216906e-16
6798.0	2.168988e-16
6800.0	2.151309e-16
6802.0	2.1485e-16
6804.0	2.179325e-16
6806.0	2.182399e-16
6808.0	2.128051e-16
6810.0	2.202222e-16
6812.0	2.212898e-16
6814.0	2.226255e-16
6816.0	2.143089e-16
6818.0	2.073562e-16
6820.0	2.17725e-16
6822.0	2.155696e-16
6824.0	2.117876e-16
6826.0	2.173769e-16
6828.0	2.328103e-16
6830.0	2.366899e-16
6832.0	2.234703e-16
6834.0	2.150636e-16
6836.0	2.132091e-16
6838.0	2.08929e-16
6840.0	2.010658e-16
6842.0	2.20267e-16
6844.0	2.160771e-16
6846.0	2.116321e-16
6848.0	2.144154e-16
6850.0	2.170014e-16
6852.0	2.220663e-16
6854.0	2.111938e-16
6856.0	2.221895e-16
6858.0	2.207053e-16
6860.0	2.149283e-16
6862.0	2.154292e-16
6864.0	2.148922e-16
6866.0	2.192465e-16
6868.0	2.462247e-16
6870.0	2.891499e-16
6872.0	2.963425e-16
6874.0	2.70921e-16
6876.0	2.517067e-16
6878.0	2.437309e-16
6880.0	2.604464e-16
6882.0	2.588215e-16
6884.0	2.577513e-16
6886.0	2.621809e-16
6888.0	2.643564e-16
6890.0	2.460518e-16
6892.0	2.373328e-16
6894.0	2.212155e-16
6896.0	2.067587e-16
6898.0	2.146838e-16
6900.0	2.159116e-16
6902.0	2.078698e-16
6904.0	2.084632e-16
6906.0	2.111148e-16
6908.0	2.138888e-16
6910.0	2.112762e-16
6912.0	2.129383e-16
6914.0	2.129169e-16
6916.0	2.170315e-16
6918.0	2.173212e-16
6920.0	2.150416e-16
6922.0	2.084841e-16
6924.0	2.125882e-16
6926.0	2.103135e-16
6928.0	2.032197e-16
6930.0	2.072024e-16
6932.0	2.107763e-16
6934.0	2.09372e-16
6936.0	2.140751e-16
6938.0	2.152957e-16
6940.0	2.164164e-16
6942.0	2.165021e-16
6944.0	2.083024e-16
6946.0	2.078207e-16
6948.0	2.081158e-16
6950.0	2.052136e-16
6952.0	2.043221e-16
6954.0	2.02562e-16
6956.0	2.059324e-16
6958.0	2.005001e-16
6960.0	2.205973e-16
6962.0	2.149516e-16
6964.0	2.13499e-16
6966.0	2.208868e-16
6968.0	2.148381e-16
6970.0	2.154061e-16
6972.0	2.134724e-16
6974.0	2.056077e-16
6976.0	2.045701e-16
6978.0	2.06396e-16
6980.0	2.089218e-16
6982.0	2.097359e-16
6984.0	2.146292e-16
6986.0	2.065931e-16
6988.0	2.052425e-16
6990.0	2.047413e-16
6992.0	1.994568e-16
6994.0	2.106227e-16
6996.0	2.027461e-16
6998.0	2.000762e-16
7000.0	2.057791e-16
7002.0	1.974429e-16
7004.0	1.991407e-16
7006.0	2.087677e-16
7008.0	2.096099e-16
7010.0	2.04559e-16
7012.0	1.993804e-16
7014.0	1.980688e-16
7016.0	1.921259e-16
7018.0	2.12153e-16
7020.0	2.061466e-16
7022.0	2.080359e-16
7024.0	2.141052e-16
7026.0	2.059486e-16
7028.0	2.002142e-16
7030.0	2.019021e-16
7032.0	2.007202e-16
7034.0	2.004505e-16
7036.0	2.099514e-16
7038.0	2.09415e-16
7040.0	2.011172e-16
7042.0	2.042481e-16
7044.0	2.146372e-16
7046.0	2.157854e-16
7048.0	2.106119e-16
7050.0	2.140579e-16
