#	 asassn15go 
#	 UT date of observation: 20150410 
#	 Telescope/Instrument: SOAR/Goodman 
#	 Estimated Peak MJD: 57122.707 
#	 Estimated redshift: 0.019 
#	 Estimated Phase: -0.7 
#	 Published in Dettman et al. 2020 
#	 Observed barycentric wavelength (Angstroms)    F_lambda
3200.43271255	1.42927e-15
3202.44100952	7.013135e-16
3204.44930649	2.794007e-16
3206.45760345	6.584117e-16
3208.46590042	6.252464e-16
3210.47419739	8.61344e-16
3212.48249435	1.04838e-15
3214.49079132	1.38892e-15
3216.49908829	1.809598e-15
3218.50738525	8.690908e-16
3220.51568222	1.158783e-15
3222.52397919	1.406121e-15
3224.53227615	1.684006e-15
3226.54057312	1.297782e-15
3228.54887009	7.773705e-16
3230.55716705	1.299338e-15
3232.56546402	1.224547e-15
3234.57376099	1.139582e-15
3236.58205795	9.966325e-16
3238.59035492	1.302627e-15
3240.59865189	1.274791e-15
3242.60694885	8.506478e-16
3244.61524582	9.044436e-16
3246.62354279	8.928678e-16
3248.63183975	1.233763e-15
3250.64013672	1.484392e-15
3252.64843369	1.030991e-15
3254.65673065	1.334218e-15
3256.66502762	9.963669e-16
3258.67332458	6.536646e-16
3260.68162155	1.20111e-15
3262.68991852	8.789001e-16
3264.69821548	8.547673e-16
3266.70651245	9.239793e-16
3268.71480942	1.232408e-15
3270.72310638	1.115502e-15
3272.73140335	7.093289e-16
3274.73970032	1.134174e-15
3276.74799728	1.207831e-15
3278.75629425	9.593045e-16
3280.76459122	1.182278e-15
3282.77288818	9.14607e-16
3284.78118515	1.473473e-15
3286.78948212	7.968957e-16
3288.79777908	8.480114e-16
3290.80607605	1.314847e-15
3292.81437302	9.994723e-16
3294.82266998	1.217933e-15
3296.83096695	1.013095e-15
3298.83926392	1.154812e-15
3300.84756088	1.255348e-15
3302.85585785	1.185353e-15
3304.86415482	1.014852e-15
3306.87245178	9.147847e-16
3308.88074875	1.032387e-15
3310.88904572	1.045901e-15
3312.89734268	1.138515e-15
3314.90563965	1.231118e-15
3316.91393661	1.323732e-15
3318.92223358	1.286826e-15
3320.93053055	1.411406e-15
3322.93882751	1.228783e-15
3324.94712448	8.961461e-16
3326.95542145	1.011535e-15
3328.96371841	1.219934e-15
3330.97201538	1.309564e-15
3332.98031235	9.907791e-16
3334.98860931	1.360276e-15
3336.99690628	1.468957e-15
3339.00520325	1.129247e-15
3341.01350021	1.158032e-15
3343.02179718	1.392414e-15
3345.03009415	1.302273e-15
3347.03839111	1.14194e-15
3349.04668808	1.302842e-15
3351.05498505	1.290543e-15
3353.06328201	1.195246e-15
3355.07157898	1.494255e-15
3357.07987595	1.572732e-15
3359.08817291	1.466587e-15
3361.09646988	1.394955e-15
3363.10476685	1.529902e-15
3365.11306381	1.701719e-15
3367.12136078	1.723025e-15
3369.12965775	1.659916e-15
3371.13795471	1.515979e-15
3373.14625168	1.209706e-15
3375.15454865	1.445164e-15
3377.16284561	1.574124e-15
3379.17114258	1.466281e-15
3381.17943954	1.727465e-15
3383.18773651	1.50409e-15
3385.19603348	1.513754e-15
3387.20433044	1.446653e-15
3389.21262741	1.523128e-15
3391.22092438	1.595813e-15
3393.22922134	1.562357e-15
3395.23751831	1.560814e-15
3397.24581528	1.528088e-15
3399.25411224	1.588943e-15
3401.26240921	1.53958e-15
3403.27070618	1.617113e-15
3405.27900314	1.632288e-15
3407.28730011	1.571555e-15
3409.29559708	1.697933e-15
3411.30389404	1.652456e-15
3413.31219101	1.523617e-15
3415.32048798	1.640439e-15
3417.32878494	1.63263e-15
3419.33708191	1.499152e-15
3421.34537888	1.526806e-15
3423.35367584	1.599849e-15
3425.36197281	1.622368e-15
3427.37026978	1.755787e-15
3429.37856674	1.658408e-15
3431.38686371	1.948762e-15
3433.39516068	1.793837e-15
3435.40345764	1.761252e-15
3437.41175461	1.680449e-15
3439.42005157	1.643358e-15
3441.42834854	1.605706e-15
3443.43664551	1.62921e-15
3445.44494247	1.693806e-15
3447.45323944	1.537198e-15
3449.46153641	1.591891e-15
3451.46983337	1.781001e-15
3453.47813034	1.726997e-15
3455.48642731	1.752389e-15
3457.49472427	1.830771e-15
3459.50302124	1.793267e-15
3461.51131821	1.721734e-15
3463.51961517	1.640162e-15
3465.52791214	1.759753e-15
3467.53620911	1.750963e-15
3469.54450607	1.712122e-15
3471.55280304	1.897145e-15
3473.56110001	1.94755e-15
3475.56939697	1.872707e-15
3477.57769394	1.833147e-15
3479.58599091	1.879347e-15
3481.59428787	2.006476e-15
3483.60258484	1.829225e-15
3485.61088181	1.893395e-15
3487.61917877	1.848171e-15
3489.62747574	1.796881e-15
3491.63577271	1.766005e-15
3493.64406967	2.025977e-15
3495.65236664	1.977421e-15
3497.6606636	1.961187e-15
3499.66896057	2.017782e-15
3501.67725754	2.019658e-15
3503.6855545	1.959026e-15
3505.69385147	1.993611e-15
3507.70214844	2.045026e-15
3509.7104454	2.04261e-15
3511.71874237	2.071088e-15
3513.72703934	2.058104e-15
3515.7353363	2.064753e-15
3517.74363327	2.161771e-15
3519.75193024	2.137955e-15
3521.7602272	2.161028e-15
3523.76852417	2.286153e-15
3525.77682114	2.235372e-15
3527.7851181	2.110942e-15
3529.79341507	2.04411e-15
3531.80171204	2.015123e-15
3533.810009	2.098828e-15
3535.81830597	2.226633e-15
3537.82660294	2.167213e-15
3539.8348999	2.114409e-15
3541.84319687	2.207153e-15
3543.85149384	2.176351e-15
3545.8597908	2.087754e-15
3547.86808777	2.138838e-15
3549.87638474	2.002744e-15
3551.8846817	2.092615e-15
3553.89297867	2.132407e-15
3555.90127563	2.023453e-15
3557.9095726	2.0592e-15
3559.91786957	2.088541e-15
3561.92616653	2.047173e-15
3563.9344635	1.928947e-15
3565.94276047	2.157797e-15
3567.95105743	2.207722e-15
3569.9593544	2.045845e-15
3571.96765137	2.064199e-15
3573.97594833	1.972869e-15
3575.9842453	1.997245e-15
3577.99254227	2.007729e-15
3580.00083923	1.981096e-15
3582.0091362	1.997624e-15
3584.01743317	2.037247e-15
3586.02573013	2.096755e-15
3588.0340271	2.162137e-15
3590.04232407	2.196678e-15
3592.05062103	2.049152e-15
3594.058918	2.067482e-15
3596.06721497	2.171955e-15
3598.07551193	2.136686e-15
3600.0838089	1.944249e-15
3602.09210587	2.019087e-15
3604.10040283	2.007293e-15
3606.1086998	1.964326e-15
3608.11699677	2.028381e-15
3610.12529373	2.106821e-15
3612.1335907	2.112599e-15
3614.14188766	2.006973e-15
3616.15018463	1.938625e-15
3618.1584816	1.956994e-15
3620.16677856	1.955764e-15
3622.17507553	1.958446e-15
3624.1833725	2.039347e-15
3626.19166946	2.052741e-15
3628.19996643	2.06169e-15
3630.2082634	2.000562e-15
3632.21656036	1.889825e-15
3634.22485733	1.916833e-15
3636.2331543	1.908833e-15
3638.24145126	1.964983e-15
3640.24974823	2.049358e-15
3642.2580452	2.061281e-15
3644.26634216	2.028984e-15
3646.27463913	1.957411e-15
3648.2829361	1.989498e-15
3650.29123306	2.022108e-15
3652.29953003	2.035189e-15
3654.307827	1.94524e-15
3656.31612396	1.831469e-15
3658.32442093	1.995307e-15
3660.3327179	1.951735e-15
3662.34101486	1.853163e-15
3664.34931183	1.864071e-15
3666.3576088	1.870518e-15
3668.36590576	1.805186e-15
3670.37420273	1.802638e-15
3672.38249969	1.825051e-15
3674.39079666	1.789885e-15
3676.39909363	1.655927e-15
3678.40739059	1.638472e-15
3680.41568756	1.677974e-15
3682.42398453	1.609873e-15
3684.43228149	1.50208e-15
3686.44057846	1.525697e-15
3688.44887543	1.455665e-15
3690.45717239	1.424314e-15
3692.46546936	1.427199e-15
3694.47376633	1.215849e-15
3696.48206329	1.152457e-15
3698.49036026	1.197588e-15
3700.49865723	1.192174e-15
3702.50695419	1.10027e-15
3704.51525116	1.136692e-15
3706.52354813	1.159242e-15
3708.53184509	1.130315e-15
3710.54014206	9.895241e-16
3712.54843903	1.025174e-15
3714.55673599	9.883982e-16
3716.56503296	9.447135e-16
3718.57332993	9.289704e-16
3720.58162689	8.545421e-16
3722.58992386	8.530802e-16
3724.59822083	8.612957e-16
3726.60651779	8.144913e-16
3728.61481476	8.25808e-16
3730.62311172	7.680916e-16
3732.63140869	8.13935e-16
3734.63970566	8.212981e-16
3736.64800262	7.35414e-16
3738.65629959	7.056606e-16
3740.66459656	7.322845e-16
3742.67289352	6.990689e-16
3744.68119049	6.768632e-16
3746.68948746	6.681794e-16
3748.69778442	6.735538e-16
3750.70608139	6.80771e-16
3752.71437836	7.302035e-16
3754.72267532	6.638101e-16
3756.73097229	6.47953e-16
3758.73926926	7.155913e-16
3760.74756622	7.510282e-16
3762.75586319	7.302845e-16
3764.76416016	6.908828e-16
3766.77245712	7.637899e-16
3768.78075409	7.700594e-16
3770.78905106	7.311552e-16
3772.79734802	7.744426e-16
3774.80564499	7.634853e-16
3776.81394196	7.600762e-16
3778.82223892	8.043609e-16
3780.83053589	7.906974e-16
3782.83883286	8.076749e-16
3784.84712982	8.243027e-16
3786.85542679	8.80788e-16
3788.86372375	9.017765e-16
3790.87202072	9.056971e-16
3792.88031769	8.941349e-16
3794.88861465	8.698164e-16
3796.89691162	9.037276e-16
3798.90520859	9.201432e-16
3800.91350555	8.946454e-16
3802.92180252	8.910465e-16
3804.93009949	8.874476e-16
3806.93839645	8.838487e-16
3808.94669342	9.635352e-16
3810.95499039	9.835266e-16
3812.96328735	1.000058e-15
3814.97158432	1.076503e-15
3816.97988129	1.000208e-15
3818.98817825	1.081298e-15
3820.99647522	1.145169e-15
3823.00477219	1.120453e-15
3825.01306915	1.107374e-15
3827.02136612	1.057238e-15
3829.02966309	1.066778e-15
3831.03796005	1.108842e-15
3833.04625702	1.090101e-15
3835.05455399	1.171202e-15
3837.06285095	1.154242e-15
3839.07114792	1.131202e-15
3841.07944489	1.20155e-15
3843.08774185	1.211943e-15
3845.09603882	1.154626e-15
3847.10433578	1.209496e-15
3849.11263275	1.261966e-15
3851.12092972	1.283907e-15
3853.12922668	1.34194e-15
3855.13752365	1.372521e-15
3857.14582062	1.408237e-15
3859.15411758	1.389408e-15
3861.16241455	1.401828e-15
3863.17071152	1.434135e-15
3865.17900848	1.502281e-15
3867.18730545	1.432159e-15
3869.19560242	1.521288e-15
3871.20389938	1.560501e-15
3873.21219635	1.603008e-15
3875.22049332	1.651331e-15
3877.22879028	1.634078e-15
3879.23708725	1.72703e-15
3881.24538422	1.734998e-15
3883.25368118	1.806492e-15
3885.26197815	1.807581e-15
3887.27027512	1.900066e-15
3889.27857208	1.988219e-15
3891.28686905	2.019454e-15
3893.29516602	2.071544e-15
3895.30346298	2.214224e-15
3897.31175995	2.251282e-15
3899.32005692	2.21353e-15
3901.32835388	2.324939e-15
3903.33665085	2.426789e-15
3905.34494781	2.405384e-15
3907.35324478	2.487202e-15
3909.36154175	2.517711e-15
3911.36983871	2.633778e-15
3913.37813568	2.650835e-15
3915.38643265	2.663642e-15
3917.39472961	2.81758e-15
3919.40302658	2.787026e-15
3921.41132355	2.821368e-15
3923.41962051	2.887758e-15
3925.42791748	2.861721e-15
3927.43621445	2.879212e-15
3929.44451141	2.920222e-15
3931.45280838	2.777795e-15
3933.46110535	2.671624e-15
3935.46940231	2.740583e-15
3937.47769928	2.907565e-15
3939.48599625	2.959596e-15
3941.49429321	3.04857e-15
3943.50259018	3.047078e-15
3945.51088715	3.071031e-15
3947.51918411	3.109106e-15
3949.52748108	3.112299e-15
3951.53577805	3.152564e-15
3953.54407501	3.082395e-15
3955.55237198	3.08385e-15
3957.56066895	3.152461e-15
3959.56896591	3.196312e-15
3961.57726288	3.147747e-15
3963.58555984	3.162011e-15
3965.59385681	3.135585e-15
3967.60215378	3.079888e-15
3969.61045074	3.111457e-15
3971.61874771	3.08003e-15
3973.62704468	3.160468e-15
3975.63534164	3.214435e-15
3977.64363861	3.18522e-15
3979.65193558	3.139203e-15
3981.66023254	3.225592e-15
3983.66852951	3.219697e-15
3985.67682648	3.177758e-15
3987.68512344	3.147058e-15
3989.69342041	2.934591e-15
3991.70171738	2.969361e-15
3993.71001434	3.248752e-15
3995.71831131	3.20428e-15
3997.72660828	3.251196e-15
3999.73490524	3.25621e-15
4001.74320221	3.175886e-15
4003.75149918	3.07516e-15
4005.75979614	2.955755e-15
4007.76809311	2.800395e-15
4009.77639008	2.852417e-15
4011.78468704	3.028953e-15
4013.79298401	3.116795e-15
4015.80128098	3.133137e-15
4017.80957794	3.136325e-15
4019.81787491	3.091159e-15
4021.82617187	3.096206e-15
4023.83446884	3.066113e-15
4025.84276581	3.086911e-15
4027.85106277	3.149585e-15
4029.85935974	3.10205e-15
4031.86765671	3.131682e-15
4033.87595367	3.131872e-15
4035.88425064	3.180325e-15
4037.89254761	3.197037e-15
4039.90084457	3.105656e-15
4041.90914154	2.963249e-15
4043.91743851	2.926133e-15
4045.92573547	3.03637e-15
4047.93403244	3.155282e-15
4049.94232941	3.223415e-15
4051.95062637	3.245488e-15
4053.95892334	3.269959e-15
4055.96722031	3.31336e-15
4057.97551727	3.293572e-15
4059.98381424	3.34126e-15
4061.99211121	3.352757e-15
4064.00040817	3.349927e-15
4066.00870514	3.398601e-15
4068.01700211	3.489174e-15
4070.02529907	3.442636e-15
4072.03359604	3.408421e-15
4074.04189301	3.423668e-15
4076.05018997	3.403267e-15
4078.05848694	3.403655e-15
4080.06678391	3.44966e-15
4082.07508087	3.5166e-15
4084.08337784	3.461923e-15
4086.0916748	3.457103e-15
4088.09997177	3.472602e-15
4090.10826874	3.394182e-15
4092.1165657	3.465499e-15
4094.12486267	3.516676e-15
4096.13315964	3.507865e-15
4098.1414566	3.558418e-15
4100.14975357	3.561935e-15
4102.15805054	3.581092e-15
4104.1663475	3.553372e-15
4106.17464447	3.549045e-15
4108.18294144	3.557017e-15
4110.1912384	3.563698e-15
4112.19953537	3.5923e-15
4114.20783234	3.627011e-15
4116.2161293	3.592337e-15
4118.22442627	3.537879e-15
4120.23272324	3.53311e-15
4122.2410202	3.541226e-15
4124.24931717	3.538246e-15
4126.25761414	3.606019e-15
4128.2659111	3.572613e-15
4130.27420807	3.506322e-15
4132.28250504	3.516824e-15
4134.290802	3.526707e-15
4136.29909897	3.508675e-15
4138.30739594	3.473601e-15
4140.3156929	3.444716e-15
4142.32398987	3.382452e-15
4144.33228683	3.363956e-15
4146.3405838	3.337225e-15
4148.34888077	3.333458e-15
4150.35717773	3.341881e-15
4152.3654747	3.225917e-15
4154.37377167	3.283835e-15
4156.38206863	3.316953e-15
4158.3903656	3.372111e-15
4160.39866257	3.267519e-15
4162.40695953	3.276252e-15
4164.4152565	3.160116e-15
4166.42355347	3.096458e-15
4168.43185043	3.193171e-15
4170.4401474	3.19599e-15
4172.44844437	3.145757e-15
4174.45674133	3.043638e-15
4176.4650383	3.065844e-15
4178.47333527	3.048486e-15
4180.48163223	2.969096e-15
4182.4899292	3.009664e-15
4184.49822617	3.034471e-15
4186.50652313	3.02617e-15
4188.5148201	3.001108e-15
4190.52311707	2.988958e-15
4192.53141403	2.981099e-15
4194.539711	2.931622e-15
4196.54800797	2.962835e-15
4198.55630493	2.996615e-15
4200.5646019	2.949561e-15
4202.57289886	3.006937e-15
4204.58119583	3.038922e-15
4206.5894928	3.016091e-15
4208.59778976	2.967351e-15
4210.60608673	3.006529e-15
4212.6143837	3.015343e-15
4214.62268066	3.015285e-15
4216.63097763	2.989166e-15
4218.6392746	2.995688e-15
4220.64757156	3.051847e-15
4222.65586853	2.959298e-15
4224.6641655	2.996312e-15
4226.67246246	2.968441e-15
4228.68075943	2.936894e-15
4230.6890564	2.89533e-15
4232.69735336	2.896343e-15
4234.70565033	2.873543e-15
4236.7139473	2.79145e-15
4238.72224426	2.802651e-15
4240.73054123	2.775432e-15
4242.7388382	2.724636e-15
4244.74713516	2.691512e-15
4246.75543213	2.705216e-15
4248.7637291	2.707144e-15
4250.77202606	2.579943e-15
4252.78032303	2.667321e-15
4254.78862	2.619255e-15
4256.79691696	2.596561e-15
4258.80521393	2.57653e-15
4260.81351089	2.516999e-15
4262.82180786	2.498493e-15
4264.83010483	2.483462e-15
4266.83840179	2.459596e-15
4268.84669876	2.458338e-15
4270.85499573	2.42147e-15
4272.86329269	2.322718e-15
4274.87158966	2.359513e-15
4276.87988663	2.460434e-15
4278.88818359	2.320773e-15
4280.89648056	2.315135e-15
4282.90477753	2.327556e-15
4284.91307449	2.302593e-15
4286.92137146	2.28176e-15
4288.92966843	2.220216e-15
4290.93796539	2.211952e-15
4292.94626236	2.259175e-15
4294.95455933	2.191721e-15
4296.96285629	2.164619e-15
4298.97115326	2.072258e-15
4300.97945023	2.147871e-15
4302.98774719	2.061038e-15
4304.99604416	1.979809e-15
4307.00434113	2.006975e-15
4309.01263809	1.976801e-15
4311.02093506	1.956316e-15
4313.02923203	1.95586e-15
4315.03752899	1.916024e-15
4317.04582596	1.942295e-15
4319.05412292	1.925711e-15
4321.06241989	1.881275e-15
4323.07071686	1.805727e-15
4325.07901382	1.801931e-15
4327.08731079	1.819775e-15
4329.09560776	1.822269e-15
4331.10390472	1.802524e-15
4333.11220169	1.787861e-15
4335.12049866	1.815441e-15
4337.12879562	1.809604e-15
4339.13709259	1.78242e-15
4341.14538956	1.781441e-15
4343.15368652	1.763789e-15
4345.16198349	1.741318e-15
4347.17028046	1.773716e-15
4349.17857742	1.760319e-15
4351.18687439	1.802378e-15
4353.19517136	1.843497e-15
4355.20346832	1.82355e-15
4357.21176529	1.856512e-15
4359.22006226	1.83879e-15
4361.22835922	1.884887e-15
4363.23665619	1.856786e-15
4365.24495316	1.842198e-15
4367.25325012	1.885355e-15
4369.26154709	1.895192e-15
4371.26984406	1.920243e-15
4373.27814102	1.947314e-15
4375.28643799	1.913582e-15
4377.29473495	1.991784e-15
4379.30303192	1.972559e-15
4381.31132889	1.960741e-15
4383.31962585	1.985802e-15
4385.32792282	2.019601e-15
4387.33621979	2.033188e-15
4389.34451675	2.026386e-15
4391.35281372	2.081299e-15
4393.36111069	2.088392e-15
4395.36940765	2.067265e-15
4397.37770462	2.122412e-15
4399.38600159	2.117608e-15
4401.39429855	2.139513e-15
4403.40259552	2.150519e-15
4405.41089249	2.150734e-15
4407.41918945	2.179575e-15
4409.42748642	2.148497e-15
4411.43578339	2.162728e-15
4413.44408035	2.212331e-15
4415.45237732	2.233442e-15
4417.46067429	2.223898e-15
4419.46897125	2.21943e-15
4421.47726822	2.222788e-15
4423.48556519	2.235267e-15
4425.49386215	2.29991e-15
4427.50215912	2.327824e-15
4429.51045609	2.272297e-15
4431.51875305	2.303219e-15
4433.52705002	2.353486e-15
4435.53534698	2.377469e-15
4437.54364395	2.39472e-15
4439.55194092	2.410296e-15
4441.56023788	2.435702e-15
4443.56853485	2.385561e-15
4445.57683182	2.371224e-15
4447.58512878	2.391999e-15
4449.59342575	2.406667e-15
4451.60172272	2.40488e-15
4453.61001968	2.368819e-15
4455.61831665	2.343879e-15
4457.62661362	2.361164e-15
4459.63491058	2.381687e-15
4461.64320755	2.36441e-15
4463.65150452	2.377509e-15
4465.65980148	2.376668e-15
4467.66809845	2.346145e-15
4469.67639542	2.329458e-15
4471.68469238	2.358051e-15
4473.69298935	2.303521e-15
4475.70128632	2.284588e-15
4477.70958328	2.313273e-15
4479.71788025	2.350944e-15
4481.72617722	2.306882e-15
4483.73447418	2.300106e-15
4485.74277115	2.33432e-15
4487.75106812	2.26838e-15
4489.75936508	2.360143e-15
4491.76766205	2.416376e-15
4493.77595901	2.391663e-15
4495.78425598	2.442704e-15
4497.79255295	2.386973e-15
4499.80084991	2.367302e-15
4501.80914688	2.401696e-15
4503.81744385	2.391222e-15
4505.82574081	2.414634e-15
4507.83403778	2.400585e-15
4509.84233475	2.467283e-15
4511.85063171	2.493524e-15
4513.85892868	2.496667e-15
4515.86722565	2.601649e-15
4517.87552261	2.620687e-15
4519.88381958	2.581826e-15
4521.89211655	2.651429e-15
4523.90041351	2.661258e-15
4525.90871048	2.658636e-15
4527.91700745	2.766673e-15
4529.92530441	2.773343e-15
4531.93360138	2.73672e-15
4533.94189835	2.747497e-15
4535.95019531	2.792499e-15
4537.95849228	2.793253e-15
4539.96678925	2.800117e-15
4541.97508621	2.815995e-15
4543.98338318	2.820415e-15
4545.99168015	2.787778e-15
4547.99997711	2.833796e-15
4550.00827408	2.860086e-15
4552.01657104	2.822062e-15
4554.02486801	2.873898e-15
4556.03316498	2.854409e-15
4558.04146194	2.852262e-15
4560.04975891	2.862064e-15
4562.05805588	2.832618e-15
4564.06635284	2.853873e-15
4566.07464981	2.858706e-15
4568.08294678	2.86688e-15
4570.09124374	2.816295e-15
4572.09954071	2.776984e-15
4574.10783768	2.87019e-15
4576.11613464	2.896803e-15
4578.12443161	2.869627e-15
4580.13272858	2.868497e-15
4582.14102554	2.854257e-15
4584.14932251	2.79602e-15
4586.15761948	2.772983e-15
4588.16591644	2.804535e-15
4590.17421341	2.800075e-15
4592.18251038	2.779177e-15
4594.19080734	2.807165e-15
4596.19910431	2.764817e-15
4598.20740128	2.775446e-15
4600.21569824	2.792502e-15
4602.22399521	2.738396e-15
4604.23229218	2.78749e-15
4606.24058914	2.813037e-15
4608.24888611	2.821575e-15
4610.25718307	2.782874e-15
4612.26548004	2.823864e-15
4614.27377701	2.880036e-15
4616.28207397	2.860083e-15
4618.29037094	2.86827e-15
4620.29866791	2.878968e-15
4622.30696487	2.857512e-15
4624.31526184	2.879942e-15
4626.32355881	2.927191e-15
4628.33185577	2.942012e-15
4630.34015274	2.868338e-15
4632.34844971	2.883554e-15
4634.35674667	3.004788e-15
4636.36504364	3.011654e-15
4638.37334061	2.996104e-15
4640.38163757	2.932489e-15
4642.38993454	2.936249e-15
4644.39823151	2.995742e-15
4646.40652847	2.97626e-15
4648.41482544	2.972379e-15
4650.42312241	3.001907e-15
4652.43141937	2.979126e-15
4654.43971634	2.970176e-15
4656.44801331	2.943157e-15
4658.45631027	2.911341e-15
4660.46460724	2.924933e-15
4662.47290421	2.891927e-15
4664.48120117	2.900735e-15
4666.48949814	2.942497e-15
4668.4977951	2.918843e-15
4670.50609207	2.889553e-15
4672.51438904	2.825794e-15
4674.522686	2.772234e-15
4676.53098297	2.794438e-15
4678.53927994	2.846344e-15
4680.5475769	2.795979e-15
4682.55587387	2.683509e-15
4684.56417084	2.732305e-15
4686.5724678	2.73682e-15
4688.58076477	2.657799e-15
4690.58906174	2.662598e-15
4692.5973587	2.659572e-15
4694.60565567	2.682745e-15
4696.61395264	2.665943e-15
4698.6222496	2.64567e-15
4700.63054657	2.671636e-15
4702.63884354	2.650731e-15
4704.6471405	2.646096e-15
4706.65543747	2.616281e-15
4708.66373444	2.700489e-15
4710.6720314	2.637676e-15
4712.68032837	2.585797e-15
4714.68862534	2.630281e-15
4716.6969223	2.568439e-15
4718.70521927	2.589142e-15
4720.71351624	2.606846e-15
4722.7218132	2.593882e-15
4724.73011017	2.588777e-15
4726.73840713	2.586489e-15
4728.7467041	2.522676e-15
4730.75500107	2.484216e-15
4732.76329803	2.483484e-15
4734.771595	2.488525e-15
4736.77989197	2.475706e-15
4738.78818893	2.408997e-15
4740.7964859	2.403148e-15
4742.80478287	2.407742e-15
4744.81307983	2.3646e-15
4746.8213768	2.346794e-15
4748.82967377	2.418051e-15
4750.83797073	2.400221e-15
4752.8462677	2.298634e-15
4754.85456467	2.342692e-15
4756.86286163	2.374218e-15
4758.8711586	2.326842e-15
4760.87945557	2.306981e-15
4762.88775253	2.288459e-15
4764.8960495	2.283305e-15
4766.90434647	2.285934e-15
4768.91264343	2.275596e-15
4770.9209404	2.288896e-15
4772.92923737	2.242541e-15
4774.93753433	2.246689e-15
4776.9458313	2.259963e-15
4778.95412827	2.241534e-15
4780.96242523	2.228802e-15
4782.9707222	2.213402e-15
4784.97901917	2.228156e-15
4786.98731613	2.264293e-15
4788.9956131	2.256358e-15
4791.00391006	2.189828e-15
4793.01220703	2.215537e-15
4795.020504	2.17955e-15
4797.02880096	2.185917e-15
4799.03709793	2.235308e-15
4801.0453949	2.179111e-15
4803.05369186	2.189482e-15
4805.06198883	2.192654e-15
4807.0702858	2.17495e-15
4809.07858276	2.11537e-15
4811.08687973	2.114084e-15
4813.0951767	2.108477e-15
4815.10347366	2.133389e-15
4817.11177063	2.147059e-15
4819.1200676	2.159721e-15
4821.12836456	2.208843e-15
4823.13666153	2.144133e-15
4825.1449585	2.208349e-15
4827.15325546	2.172574e-15
4829.16155243	2.140878e-15
4831.1698494	2.083456e-15
4833.17814636	2.080275e-15
4835.18644333	2.146562e-15
4837.1947403	2.113722e-15
4839.20303726	2.099363e-15
4841.21133423	2.068113e-15
4843.2196312	2.075097e-15
4845.22792816	2.014552e-15
4847.23622513	2.065632e-15
4849.24452209	2.039397e-15
4851.25281906	2.014416e-15
4853.26111603	1.982587e-15
4855.26941299	1.964843e-15
4857.27770996	1.991014e-15
4859.28600693	2.025882e-15
4861.29430389	1.958221e-15
4863.30260086	1.881819e-15
4865.31089783	1.953633e-15
4867.31919479	1.946339e-15
4869.32749176	1.920914e-15
4871.33578873	1.86093e-15
4873.34408569	1.857162e-15
4875.35238266	1.84361e-15
4877.36067963	1.851572e-15
4879.36897659	1.858302e-15
4881.37727356	1.791116e-15
4883.38557053	1.790323e-15
4885.39386749	1.824322e-15
4887.40216446	1.776996e-15
4889.41046143	1.793444e-15
4891.41875839	1.752921e-15
4893.42705536	1.789093e-15
4895.43535233	1.793202e-15
4897.44364929	1.795464e-15
4899.45194626	1.781484e-15
4901.46024323	1.724695e-15
4903.46854019	1.791459e-15
4905.47683716	1.760497e-15
4907.48513412	1.762114e-15
4909.49343109	1.798384e-15
4911.50172806	1.793571e-15
4913.51002502	1.786591e-15
4915.51832199	1.807846e-15
4917.52661896	1.793414e-15
4919.53491592	1.792536e-15
4921.54321289	1.805906e-15
4923.55150986	1.831769e-15
4925.55980682	1.839868e-15
4927.56810379	1.869792e-15
4929.57640076	1.905576e-15
4931.58469772	1.835451e-15
4933.59299469	1.882532e-15
4935.60129166	1.902636e-15
4937.60958862	1.918359e-15
4939.61788559	1.915522e-15
4941.62618256	1.944829e-15
4943.63447952	1.876679e-15
4945.64277649	1.896065e-15
4947.65107346	1.910139e-15
4949.65937042	1.90838e-15
4951.66766739	1.898817e-15
4953.67596436	1.875632e-15
4955.68426132	1.889829e-15
4957.69255829	1.91045e-15
4959.70085526	1.89626e-15
4961.70915222	1.888089e-15
4963.71744919	1.888715e-15
4965.72574615	1.886635e-15
4967.73404312	1.880717e-15
4969.74234009	1.867603e-15
4971.75063705	1.823125e-15
4973.75893402	1.814702e-15
4975.76723099	1.801513e-15
4977.77552795	1.816772e-15
4979.78382492	1.773975e-15
4981.79212189	1.796694e-15
4983.80041885	1.790933e-15
4985.80871582	1.760604e-15
4987.81701279	1.751306e-15
4989.82530975	1.764923e-15
4991.83360672	1.744017e-15
4993.84190369	1.751515e-15
4995.85020065	1.768738e-15
4997.85849762	1.738605e-15
4999.86679459	1.715844e-15
5001.87509155	1.745708e-15
5003.88338852	1.745098e-15
5005.89168549	1.720815e-15
5007.89998245	1.709778e-15
5009.90827942	1.727703e-15
5011.91657639	1.738427e-15
5013.92487335	1.683312e-15
5015.93317032	1.742496e-15
5017.94146729	1.721127e-15
5019.94976425	1.727963e-15
5021.95806122	1.719324e-15
5023.96635818	1.690844e-15
5025.97465515	1.742365e-15
5027.98295212	1.711415e-15
5029.99124908	1.692998e-15
5031.99954605	1.722588e-15
5034.00784302	1.711019e-15
5036.01613998	1.656017e-15
5038.02443695	1.608726e-15
5040.03273392	1.714053e-15
5042.04103088	1.682934e-15
5044.04932785	1.703665e-15
5046.05762482	1.724936e-15
5048.06592178	1.708449e-15
5050.07421875	1.724846e-15
5052.08251572	1.729647e-15
5054.09081268	1.783362e-15
5056.09910965	1.755142e-15
5058.10740662	1.765575e-15
5060.11570358	1.793963e-15
5062.12400055	1.826358e-15
5064.13229752	1.794618e-15
5066.14059448	1.831103e-15
5068.14889145	1.799029e-15
5070.15718842	1.830187e-15
5072.16548538	1.825857e-15
5074.17378235	1.830126e-15
5076.18207932	1.846361e-15
5078.19037628	1.879726e-15
5080.19867325	1.912447e-15
5082.20697021	1.941269e-15
5084.21526718	1.941508e-15
5086.22356415	1.940887e-15
5088.23186111	1.990916e-15
5090.24015808	1.981259e-15
5092.24845505	1.998332e-15
5094.25675201	2.023937e-15
5096.26504898	2.013294e-15
5098.27334595	2.011044e-15
5100.28164291	2.037206e-15
5102.28993988	2.041853e-15
5104.29823685	2.073648e-15
5106.30653381	2.152096e-15
5108.31483078	2.17775e-15
5110.32312775	2.196701e-15
5112.33142471	2.208745e-15
5114.33972168	2.202109e-15
5116.34801865	2.214402e-15
5118.35631561	2.256776e-15
5120.36461258	2.291993e-15
5122.37290955	2.3196e-15
5124.38120651	2.333317e-15
5126.38950348	2.332039e-15
5128.39780045	2.338122e-15
5130.40609741	2.333072e-15
5132.41439438	2.32918e-15
5134.42269135	2.35373e-15
5136.43098831	2.420674e-15
5138.43928528	2.490292e-15
5140.44758224	2.496929e-15
5142.45587921	2.509518e-15
5144.46417618	2.468423e-15
5146.47247314	2.475401e-15
5148.48077011	2.520696e-15
5150.48906708	2.519403e-15
5152.49736404	2.537639e-15
5154.50566101	2.559605e-15
5156.51395798	2.555992e-15
5158.52225494	2.559264e-15
5160.53055191	2.594585e-15
5162.53884888	2.589859e-15
5164.54714584	2.632961e-15
5166.55544281	2.67316e-15
5168.56373978	2.708646e-15
5170.57203674	2.721628e-15
5172.58033371	2.671026e-15
5174.58863068	2.640311e-15
5176.59692764	2.692769e-15
5178.60522461	2.646924e-15
5180.61352158	2.619395e-15
5182.62181854	2.64436e-15
5184.63011551	2.628335e-15
5186.63841248	2.624224e-15
5188.64670944	2.611558e-15
5190.65500641	2.604171e-15
5192.66330338	2.602857e-15
5194.67160034	2.585054e-15
5196.67989731	2.62718e-15
5198.68819427	2.679139e-15
5200.69649124	2.588678e-15
5202.70478821	2.603753e-15
5204.71308517	2.623262e-15
5206.72138214	2.613504e-15
5208.72967911	2.591399e-15
5210.73797607	2.624492e-15
5212.74627304	2.630683e-15
5214.75457001	2.678433e-15
5216.76286697	2.665278e-15
5218.77116394	2.62011e-15
5220.77946091	2.641432e-15
5222.78775787	2.652265e-15
5224.79605484	2.612445e-15
5226.80435181	2.627836e-15
5228.81264877	2.665815e-15
5230.82094574	2.662677e-15
5232.82924271	2.66469e-15
5234.83753967	2.686535e-15
5236.84583664	2.701013e-15
5238.85413361	2.664229e-15
5240.86243057	2.682978e-15
5242.87072754	2.712528e-15
5244.87902451	2.679279e-15
5246.88732147	2.638153e-15
5248.89561844	2.695684e-15
5250.90391541	2.629574e-15
5252.91221237	2.620507e-15
5254.92050934	2.611568e-15
5256.9288063	2.601898e-15
5258.93710327	2.579738e-15
5260.94540024	2.54973e-15
5262.9536972	2.544194e-15
5264.96199417	2.542386e-15
5266.97029114	2.519093e-15
5268.9785881	2.563789e-15
5270.98688507	2.460302e-15
5272.99518204	2.404477e-15
5275.003479	2.350431e-15
5277.01177597	2.333447e-15
5279.02007294	2.353014e-15
5281.0283699	2.306633e-15
5283.03666687	2.293517e-15
5285.04496384	2.234546e-15
5287.0532608	2.226968e-15
5289.06155777	2.213764e-15
5291.06985474	2.151225e-15
5293.0781517	2.151122e-15
5295.08644867	2.112704e-15
5297.09474564	2.063114e-15
5299.1030426	2.060954e-15
5301.11133957	2.04238e-15
5303.11963654	2.017346e-15
5305.1279335	2.020719e-15
5307.13623047	2.001799e-15
5309.14452744	1.970908e-15
5311.1528244	1.925612e-15
5313.16112137	1.924695e-15
5315.16941833	1.911265e-15
5317.1777153	1.937107e-15
5319.18601227	1.922844e-15
5321.19430923	1.923821e-15
5323.2026062	1.87563e-15
5325.21090317	1.898949e-15
5327.21920013	1.882462e-15
5329.2274971	1.829932e-15
5331.23579407	1.848935e-15
5333.24409103	1.860556e-15
5335.252388	1.87004e-15
5337.26068497	1.854914e-15
5339.26898193	1.864392e-15
5341.2772789	1.83662e-15
5343.28557587	1.835385e-15
5345.29387283	1.863731e-15
5347.3021698	1.850867e-15
5349.31046677	1.926945e-15
5351.31876373	1.900057e-15
5353.3270607	1.854743e-15
5355.33535767	1.843006e-15
5357.34365463	1.861028e-15
5359.3519516	1.858788e-15
5361.36024857	1.856656e-15
5363.36854553	1.862073e-15
5365.3768425	1.858925e-15
5367.38513947	1.855577e-15
5369.39343643	1.872346e-15
5371.4017334	1.878211e-15
5373.41003036	1.907357e-15
5375.41832733	1.9081e-15
5377.4266243	1.927518e-15
5379.43492126	1.890997e-15
5381.44321823	1.897345e-15
5383.4515152	1.895723e-15
5385.45981216	1.854321e-15
5387.46810913	1.857193e-15
5389.4764061	1.891221e-15
5391.48470306	1.882334e-15
5393.49300003	1.893427e-15
5395.501297	1.9171e-15
5397.50959396	1.910692e-15
5399.51789093	1.937226e-15
5401.5261879	1.955211e-15
5403.53448486	1.959351e-15
5405.54278183	1.949613e-15
5407.5510788	1.966227e-15
5409.55937576	1.972666e-15
5411.56767273	1.968409e-15
5413.5759697	1.978952e-15
5415.58426666	1.9815e-15
5417.59256363	2.003685e-15
5419.6008606	2.002635e-15
5421.60915756	1.997658e-15
5423.61745453	2.01299e-15
5425.6257515	2.014763e-15
5427.63404846	1.999196e-15
5429.64234543	2.004953e-15
5431.65064239	1.987206e-15
5433.65893936	1.994083e-15
5435.66723633	2.03957e-15
5437.67553329	2.062792e-15
5439.68383026	2.053272e-15
5441.69212723	2.02286e-15
5443.70042419	2.018674e-15
5445.70872116	2.006317e-15
5447.71701813	2.003414e-15
5449.72531509	2.013356e-15
5451.73361206	2.032025e-15
5453.74190903	2.006365e-15
5455.75020599	1.991425e-15
5457.75850296	2.000146e-15
5459.76679993	1.989611e-15
5461.77509689	1.964306e-15
5463.78339386	1.934758e-15
5465.79169083	1.941607e-15
5467.79998779	1.94841e-15
5469.80828476	1.911945e-15
5471.81658173	1.930405e-15
5473.82487869	1.890268e-15
5475.83317566	1.888941e-15
5477.84147263	1.868608e-15
5479.84976959	1.876043e-15
5481.85806656	1.852037e-15
5483.86636353	1.850108e-15
5485.87466049	1.815829e-15
5487.88295746	1.81313e-15
5489.89125443	1.805147e-15
5491.89955139	1.801943e-15
5493.90784836	1.769814e-15
5495.91614532	1.771621e-15
5497.92444229	1.795655e-15
5499.93273926	1.79483e-15
5501.94103622	1.792547e-15
5503.94933319	1.787735e-15
5505.95763016	1.768786e-15
5507.96592712	1.752931e-15
5509.97422409	1.750925e-15
5511.98252106	1.765568e-15
5513.99081802	1.738017e-15
5515.99911499	1.729794e-15
5518.00741196	1.750668e-15
5520.01570892	1.76733e-15
5522.02400589	1.767137e-15
5524.03230286	1.805653e-15
5526.04059982	1.787391e-15
5528.04889679	1.787819e-15
5530.05719376	1.813337e-15
5532.06549072	1.858734e-15
5534.07378769	1.856338e-15
5536.08208466	1.862642e-15
5538.09038162	1.880456e-15
5540.09867859	1.903487e-15
5542.10697556	1.89785e-15
5544.11527252	1.929006e-15
5546.12356949	1.988361e-15
5548.13186646	1.98572e-15
5550.14016342	1.991845e-15
5552.14846039	1.992745e-15
5554.15675735	2.031646e-15
5556.16505432	2.043049e-15
5558.17335129	2.055406e-15
5560.18164825	2.122477e-15
5562.18994522	2.153164e-15
5564.19824219	2.122751e-15
5566.20653915	2.138104e-15
5568.21483612	2.164516e-15
5570.22313309	2.137989e-15
5572.23143005	2.210964e-15
5574.23972702	2.23442e-15
5576.24802399	2.211991e-15
5578.25632095	2.223871e-15
5580.26461792	2.235437e-15
5582.27291489	2.255301e-15
5584.28121185	2.230304e-15
5586.28950882	2.270853e-15
5588.29780579	2.241612e-15
5590.30610275	2.22881e-15
5592.31439972	2.284607e-15
5594.32269669	2.305846e-15
5596.33099365	2.323688e-15
5598.33929062	2.337787e-15
5600.34758759	2.357635e-15
5602.35588455	2.335255e-15
5604.36418152	2.329007e-15
5606.37247849	2.361746e-15
5608.38077545	2.358046e-15
5610.38907242	2.351068e-15
5612.39736938	2.412802e-15
5614.40566635	2.392515e-15
5616.41396332	2.383395e-15
5618.42226028	2.441958e-15
5620.43055725	2.441711e-15
5622.43885422	2.433055e-15
5624.44715118	2.420172e-15
5626.45544815	2.424797e-15
5628.46374512	2.432068e-15
5630.47204208	2.405179e-15
5632.48033905	2.415936e-15
5634.48863602	2.430318e-15
5636.49693298	2.451075e-15
5638.50522995	2.457249e-15
5640.51352692	2.451582e-15
5642.52182388	2.444192e-15
5644.53012085	2.427055e-15
5646.53841782	2.480573e-15
5648.54671478	2.4991e-15
5650.55501175	2.472777e-15
5652.56330872	2.500329e-15
5654.57160568	2.520154e-15
5656.57990265	2.496223e-15
5658.58819962	2.470544e-15
5660.59649658	2.486694e-15
5662.60479355	2.533817e-15
5664.61309052	2.502485e-15
5666.62138748	2.528323e-15
5668.62968445	2.52402e-15
5670.63798141	2.488415e-15
5672.64627838	2.520583e-15
5674.65457535	2.552429e-15
5676.66287231	2.514006e-15
5678.67116928	2.500304e-15
5680.67946625	2.517586e-15
5682.68776321	2.500256e-15
5684.69606018	2.484598e-15
5686.70435715	2.493344e-15
5688.71265411	2.520156e-15
5690.72095108	2.569991e-15
5692.72924805	2.549311e-15
5694.73754501	2.520784e-15
5696.74584198	2.49204e-15
5698.75413895	2.530334e-15
5700.76243591	2.520044e-15
5702.77073288	2.512831e-15
5704.77902985	2.454944e-15
5706.78732681	2.455167e-15
5708.79562378	2.446285e-15
5710.80392075	2.510692e-15
5712.81221771	2.495754e-15
5714.82051468	2.482659e-15
5716.82881165	2.452249e-15
5718.83710861	2.497163e-15
5720.84540558	2.431405e-15
5722.85370255	2.445205e-15
5724.86199951	2.474187e-15
5726.87029648	2.486516e-15
5728.87859344	2.46568e-15
5730.88689041	2.448643e-15
5732.89518738	2.494795e-15
5734.90348434	2.491937e-15
5736.91178131	2.47592e-15
5738.92007828	2.491406e-15
5740.92837524	2.487255e-15
5742.93667221	2.479332e-15
5744.94496918	2.48632e-15
5746.95326614	2.450712e-15
5748.96156311	2.431214e-15
5750.96986008	2.41951e-15
5752.97815704	2.42614e-15
5754.98645401	2.474673e-15
5756.99475098	2.41791e-15
5759.00304794	2.431947e-15
5761.01134491	2.435873e-15
5763.01964188	2.441955e-15
5765.02793884	2.426807e-15
5767.03623581	2.427373e-15
5769.04453278	2.410675e-15
5771.05282974	2.409158e-15
5773.06112671	2.403201e-15
5775.06942368	2.38949e-15
5777.07772064	2.371246e-15
5779.08601761	2.372363e-15
5781.09431458	2.35575e-15
5783.10261154	2.346185e-15
5785.11090851	2.38214e-15
5787.11920547	2.425079e-15
5789.12750244	2.399059e-15
5791.13579941	2.40906e-15
5793.14409637	2.393228e-15
5795.15239334	2.400832e-15
5797.16069031	2.404332e-15
5799.16898727	2.40108e-15
5801.17728424	2.415179e-15
5803.18558121	2.400405e-15
5805.19387817	2.372844e-15
5807.20217514	2.364894e-15
5809.21047211	2.34819e-15
5811.21876907	2.369841e-15
5813.22706604	2.379924e-15
5815.23536301	2.389205e-15
5817.24365997	2.399132e-15
5819.25195694	2.398485e-15
5821.26025391	2.36647e-15
5823.26855087	2.371894e-15
5825.27684784	2.381014e-15
5827.28514481	2.386015e-15
5829.29344177	2.403633e-15
5831.30173874	2.391866e-15
5833.31003571	2.383395e-15
5835.31833267	2.391992e-15
5837.32662964	2.411977e-15
5839.33492661	2.405533e-15
5841.34322357	2.373274e-15
5843.35152054	2.361797e-15
5845.3598175	2.377622e-15
5847.36811447	2.368754e-15
5849.37641144	2.398771e-15
5851.3847084	2.391607e-15
5853.39300537	2.426048e-15
5855.40130234	2.437282e-15
5857.4095993	2.4087e-15
5859.41789627	2.429691e-15
5861.42619324	2.441811e-15
5863.4344902	2.401319e-15
5865.44278717	2.443922e-15
5867.45108414	2.450474e-15
5869.4593811	2.42494e-15
5871.46767807	2.394117e-15
5873.47597504	2.422432e-15
5875.484272	2.40378e-15
5877.49256897	2.393687e-15
5879.50086594	2.396699e-15
5881.5091629	2.385637e-15
5883.51745987	2.318405e-15
5885.52575684	2.273805e-15
5887.5340538	2.16922e-15
5889.54235077	2.110004e-15
5891.55064774	2.203192e-15
5893.5589447	2.215744e-15
5895.56724167	2.261149e-15
5897.57553864	2.329808e-15
5899.5838356	2.319019e-15
5901.59213257	2.336599e-15
5903.60042953	2.366849e-15
5905.6087265	2.390475e-15
5907.61702347	2.37438e-15
5909.62532043	2.416487e-15
5911.6336174	2.399287e-15
5913.64191437	2.347977e-15
5915.65021133	2.336154e-15
5917.6585083	2.34898e-15
5919.66680527	2.311874e-15
5921.67510223	2.358028e-15
5923.6833992	2.327169e-15
5925.69169617	2.335824e-15
5927.69999313	2.344831e-15
5929.7082901	2.379561e-15
5931.71658707	2.342867e-15
5933.72488403	2.3644e-15
5935.733181	2.374298e-15
5937.74147797	2.35864e-15
5939.74977493	2.365766e-15
5941.7580719	2.348752e-15
5943.76636887	2.330069e-15
5945.77466583	2.332926e-15
5947.7829628	2.339556e-15
5949.79125977	2.368264e-15
5951.79955673	2.364759e-15
5953.8078537	2.350549e-15
5955.81615067	2.325752e-15
5957.82444763	2.343334e-15
5959.8327446	2.368374e-15
5961.84104156	2.37978e-15
5963.84933853	2.342066e-15
5965.8576355	2.38403e-15
5967.86593246	2.398027e-15
5969.87422943	2.366351e-15
5971.8825264	2.329648e-15
5973.89082336	2.375492e-15
5975.89912033	2.401867e-15
5977.9074173	2.379515e-15
5979.91571426	2.355142e-15
5981.92401123	2.356457e-15
5983.9323082	2.372379e-15
5985.94060516	2.395576e-15
5987.94890213	2.384455e-15
5989.9571991	2.37505e-15
5991.96549606	2.354418e-15
5993.97379303	2.301147e-15
5995.98209	2.262795e-15
5997.99038696	2.111669e-15
5999.99868393	2.035656e-15
6002.0069809	2.045237e-15
6004.01527786	2.076826e-15
6006.02357483	2.119131e-15
6008.0318718	2.167406e-15
6010.04016876	2.247073e-15
6012.04846573	2.328706e-15
6014.0567627	2.338666e-15
6016.06505966	2.315549e-15
6018.07335663	2.322881e-15
6020.08165359	2.38286e-15
6022.08995056	2.356988e-15
6024.09824753	2.353203e-15
6026.10654449	2.371273e-15
6028.11484146	2.359219e-15
6030.12313843	2.33291e-15
6032.13143539	2.353778e-15
6034.13973236	2.343477e-15
6036.14802933	2.312018e-15
6038.15632629	2.284409e-15
6040.16462326	2.340075e-15
6042.17292023	2.351437e-15
6044.18121719	2.325893e-15
6046.18951416	2.348261e-15
6048.19781113	2.316252e-15
6050.20610809	2.325508e-15
6052.21440506	2.28522e-15
6054.22270203	2.331256e-15
6056.23099899	2.334975e-15
6058.23929596	2.282421e-15
6060.24759293	2.26514e-15
6062.25588989	2.272974e-15
6064.26418686	2.289755e-15
6066.27248383	2.275386e-15
6068.28078079	2.295421e-15
6070.28907776	2.243491e-15
6072.29737473	2.239615e-15
6074.30567169	2.217321e-15
6076.31396866	2.239478e-15
6078.32226562	2.1806e-15
6080.33056259	2.162878e-15
6082.33885956	2.132826e-15
6084.34715652	2.139215e-15
6086.35545349	2.099642e-15
6088.36375046	2.076886e-15
6090.37204742	2.104487e-15
6092.38034439	2.04509e-15
6094.38864136	2.019259e-15
6096.39693832	1.96871e-15
6098.40523529	1.932431e-15
6100.41353226	1.922893e-15
6102.42182922	1.877295e-15
6104.43012619	1.867324e-15
6106.43842316	1.789631e-15
6108.44672012	1.724661e-15
6110.45501709	1.733963e-15
6112.46331406	1.652295e-15
6114.47161102	1.597664e-15
6116.47990799	1.577851e-15
6118.48820496	1.548947e-15
6120.49650192	1.498072e-15
6122.50479889	1.489277e-15
6124.51309586	1.463111e-15
6126.52139282	1.444147e-15
6128.52968979	1.41296e-15
6130.53798676	1.401134e-15
6132.54628372	1.351831e-15
6134.55458069	1.336504e-15
6136.56287765	1.308367e-15
6138.57117462	1.273938e-15
6140.57947159	1.256781e-15
6142.58776855	1.272841e-15
6144.59606552	1.220405e-15
6146.60436249	1.181009e-15
6148.61265945	1.183546e-15
6150.62095642	1.151217e-15
6152.62925339	1.140291e-15
6154.63755035	1.128791e-15
6156.64584732	1.086315e-15
6158.65414429	1.082363e-15
6160.66244125	1.057859e-15
6162.67073822	1.065877e-15
6164.67903519	1.068921e-15
6166.68733215	1.018121e-15
6168.69562912	9.937309e-16
6170.70392609	9.984966e-16
6172.71222305	1.002959e-15
6174.72052002	9.729925e-16
6176.72881699	9.706945e-16
6178.73711395	9.870106e-16
6180.74541092	9.842252e-16
6182.75370789	9.531008e-16
6184.76200485	9.321202e-16
6186.77030182	9.424301e-16
6188.77859879	9.282208e-16
6190.78689575	9.209501e-16
6192.79519272	9.365134e-16
6194.80348969	9.482524e-16
6196.81178665	9.535049e-16
6198.82008362	9.455709e-16
6200.82838058	9.262602e-16
6202.83667755	9.273848e-16
6204.84497452	9.517541e-16
6206.85327148	9.641967e-16
6208.86156845	9.679397e-16
6210.86986542	1.002506e-15
6212.87816238	1.001037e-15
6214.88645935	9.886235e-16
6216.89475632	1.023763e-15
6218.90305328	1.02082e-15
6220.91135025	1.042392e-15
6222.91964722	1.084941e-15
6224.92794418	1.094177e-15
6226.93624115	1.096735e-15
6228.94453812	1.135765e-15
6230.95283508	1.132359e-15
6232.96113205	1.139979e-15
6234.96942902	1.177071e-15
6236.97772598	1.168219e-15
6238.98602295	1.209581e-15
6240.99431992	1.224735e-15
6243.00261688	1.261745e-15
6245.01091385	1.239908e-15
6247.01921082	1.292115e-15
6249.02750778	1.312192e-15
6251.03580475	1.341057e-15
6253.04410172	1.34609e-15
6255.05239868	1.376163e-15
6257.06069565	1.389219e-15
6259.06899261	1.40821e-15
6261.07728958	1.434557e-15
6263.08558655	1.439945e-15
6265.09388351	1.456406e-15
6267.10218048	1.458524e-15
6269.11047745	1.497266e-15
6271.11877441	1.482428e-15
6273.12707138	1.46694e-15
6275.13536835	1.442954e-15
6277.14366531	1.489913e-15
6279.15196228	1.500303e-15
6281.16025925	1.523071e-15
6283.16855621	1.560334e-15
6285.17685318	1.539421e-15
6287.18515015	1.561888e-15
6289.19344711	1.567707e-15
6291.20174408	1.586542e-15
6293.21004105	1.606211e-15
6295.21833801	1.628872e-15
6297.22663498	1.611531e-15
6299.23493195	1.635324e-15
6301.24322891	1.658875e-15
6303.25152588	1.667392e-15
6305.25982285	1.706988e-15
6307.26811981	1.680543e-15
6309.27641678	1.732454e-15
6311.28471375	1.755676e-15
6313.29301071	1.750936e-15
6315.30130768	1.746258e-15
6317.30960464	1.769993e-15
6319.31790161	1.790308e-15
6321.32619858	1.815483e-15
6323.33449554	1.85731e-15
6325.34279251	1.824464e-15
6327.35108948	1.837178e-15
6329.35938644	1.85346e-15
6331.36768341	1.854799e-15
6333.37598038	1.879276e-15
6335.38427734	1.903942e-15
6337.39257431	1.899505e-15
6339.40087128	1.898061e-15
6341.40916824	1.934551e-15
6343.41746521	1.909913e-15
6345.42576218	1.907893e-15
6347.43405914	1.896556e-15
6349.44235611	1.920278e-15
6351.45065308	1.967608e-15
6353.45895004	1.960754e-15
6355.46724701	1.947056e-15
6357.47554398	1.932304e-15
6359.48384094	1.972871e-15
6361.49213791	1.982534e-15
6363.50043488	1.944788e-15
6365.50873184	1.96423e-15
6367.51702881	1.984174e-15
6369.52532578	1.957682e-15
6371.53362274	1.975046e-15
6373.54191971	1.980434e-15
6375.55021667	1.960811e-15
6377.55851364	1.974731e-15
6379.56681061	1.960654e-15
6381.57510757	2.004351e-15
6383.58340454	2.00706e-15
6385.59170151	2.007104e-15
6387.59999847	2.004037e-15
6389.60829544	1.975556e-15
6391.61659241	2.007734e-15
6393.62488937	2.002082e-15
6395.63318634	1.989498e-15
6397.64148331	1.922803e-15
6399.64978027	1.92364e-15
6401.65807724	1.931935e-15
6403.66637421	1.910143e-15
6405.67467117	1.931041e-15
6407.68296814	2.012521e-15
6409.69126511	2.035483e-15
6411.69956207	1.98609e-15
6413.70785904	1.970668e-15
6415.71615601	2.002184e-15
6417.72445297	2.026563e-15
6419.73274994	1.987479e-15
6421.74104691	2.035942e-15
6423.74934387	2.009174e-15
6425.75764084	2.000696e-15
6427.76593781	2.008719e-15
6429.77423477	1.992654e-15
6431.78253174	1.972288e-15
6433.7908287	1.947938e-15
6435.79912567	1.972675e-15
6437.80742264	1.98984e-15
6439.8157196	1.960417e-15
6441.82401657	2.015512e-15
6443.83231354	1.982991e-15
6445.8406105	1.983344e-15
6447.84890747	1.981417e-15
6449.85720444	1.96646e-15
6451.8655014	1.946064e-15
6453.87379837	1.979652e-15
6455.88209534	1.938093e-15
6457.8903923	1.937276e-15
6459.89868927	1.963878e-15
6461.90698624	1.917554e-15
6463.9152832	1.90751e-15
6465.92358017	1.948214e-15
6467.93187714	1.980659e-15
6469.9401741	1.948348e-15
6471.94847107	1.930562e-15
6473.95676804	1.883214e-15
6475.965065	1.880391e-15
6477.97336197	1.912167e-15
6479.98165894	1.887728e-15
6481.9899559	1.909233e-15
6483.99825287	1.920593e-15
6486.00654984	1.905145e-15
6488.0148468	1.909354e-15
6490.02314377	1.891945e-15
6492.03144073	1.898022e-15
6494.0397377	1.913381e-15
6496.04803467	1.88152e-15
6498.05633163	1.875146e-15
6500.0646286	1.878319e-15
6502.07292557	1.891525e-15
6504.08122253	1.906656e-15
6506.0895195	1.870978e-15
6508.09781647	1.84976e-15
6510.10611343	1.850739e-15
6512.1144104	1.847083e-15
6514.12270737	1.856492e-15
6516.13100433	1.867051e-15
6518.1393013	1.836634e-15
6520.14759827	1.836328e-15
6522.15589523	1.841315e-15
6524.1641922	1.833086e-15
6526.17248917	1.808597e-15
6528.18078613	1.799409e-15
6530.1890831	1.798444e-15
6532.19738007	1.804892e-15
6534.20567703	1.815092e-15
6536.213974	1.811205e-15
6538.22227097	1.796051e-15
6540.23056793	1.787291e-15
6542.2388649	1.790024e-15
6544.24716187	1.793125e-15
6546.25545883	1.787353e-15
6548.2637558	1.799065e-15
6550.27205276	1.783752e-15
6552.28034973	1.769266e-15
6554.2886467	1.765793e-15
6556.29694366	1.770627e-15
6558.30524063	1.805002e-15
6560.3135376	1.805836e-15
6562.32183456	1.81673e-15
6564.33013153	1.785184e-15
6566.3384285	1.757027e-15
6568.34672546	1.714836e-15
6570.35502243	1.703547e-15
6572.3633194	1.713243e-15
6574.37161636	1.726969e-15
6576.37991333	1.74778e-15
6578.3882103	1.720714e-15
6580.39650726	1.733806e-15
6582.40480423	1.734386e-15
6584.4131012	1.717706e-15
6586.42139816	1.703154e-15
6588.42969513	1.701963e-15
6590.4379921	1.669622e-15
6592.44628906	1.68478e-15
6594.45458603	1.695447e-15
6596.462883	1.655142e-15
6598.47117996	1.666652e-15
6600.47947693	1.664353e-15
6602.4877739	1.689896e-15
6604.49607086	1.701503e-15
6606.50436783	1.688273e-15
6608.51266479	1.646529e-15
6610.52096176	1.647318e-15
6612.52925873	1.617466e-15
6614.53755569	1.572635e-15
6616.54585266	1.603696e-15
6618.55414963	1.632803e-15
6620.56244659	1.604402e-15
6622.57074356	1.63677e-15
6624.57904053	1.645114e-15
6626.58733749	1.646149e-15
6628.59563446	1.638969e-15
6630.60393143	1.617084e-15
6632.61222839	1.608697e-15
6634.62052536	1.608758e-15
6636.62882233	1.602738e-15
6638.63711929	1.600899e-15
6640.64541626	1.605191e-15
6642.65371323	1.604152e-15
6644.66201019	1.601656e-15
6646.67030716	1.568938e-15
6648.67860413	1.586543e-15
6650.68690109	1.594071e-15
6652.69519806	1.564485e-15
6654.70349503	1.530507e-15
6656.71179199	1.53056e-15
6658.72008896	1.540833e-15
6660.72838593	1.550564e-15
6662.73668289	1.562955e-15
6664.74497986	1.535962e-15
6666.75327682	1.516133e-15
6668.76157379	1.54757e-15
6670.76987076	1.546895e-15
6672.77816772	1.547855e-15
6674.78646469	1.547456e-15
6676.79476166	1.52179e-15
6678.80305862	1.531919e-15
6680.81135559	1.498274e-15
6682.81965256	1.409405e-15
6684.82794952	1.361374e-15
6686.83624649	1.430126e-15
6688.84454346	1.465078e-15
6690.85284042	1.468776e-15
6692.86113739	1.491603e-15
6694.86943436	1.491503e-15
6696.87773132	1.462054e-15
6698.88602829	1.488302e-15
6700.89432526	1.464927e-15
6702.90262222	1.433103e-15
6704.91091919	1.456968e-15
6706.91921616	1.459415e-15
6708.92751312	1.442e-15
6710.93581009	1.482997e-15
6712.94410706	1.472591e-15
6714.95240402	1.417164e-15
6716.96070099	1.418247e-15
6718.96899796	1.458321e-15
6720.97729492	1.429435e-15
6722.98559189	1.441526e-15
6724.99388885	1.43391e-15
6727.00218582	1.475494e-15
6729.01048279	1.46836e-15
6731.01877975	1.452854e-15
6733.02707672	1.462077e-15
6735.03537369	1.424536e-15
6737.04367065	1.425708e-15
6739.05196762	1.42686e-15
6741.06026459	1.411112e-15
6743.06856155	1.411759e-15
6745.07685852	1.420496e-15
6747.08515549	1.397185e-15
6749.09345245	1.441565e-15
6751.10174942	1.44264e-15
6753.11004639	1.414899e-15
6755.11834335	1.403085e-15
6757.12664032	1.371379e-15
6759.13493729	1.367636e-15
6761.14323425	1.399901e-15
6763.15153122	1.410653e-15
6765.15982819	1.413226e-15
6767.16812515	1.401456e-15
6769.17642212	1.390373e-15
6771.18471909	1.378228e-15
6773.19301605	1.369649e-15
6775.20131302	1.359392e-15
6777.20960999	1.336482e-15
6779.21790695	1.344421e-15
6781.22620392	1.342838e-15
6783.23450088	1.355088e-15
6785.24279785	1.371028e-15
6787.25109482	1.348936e-15
6789.25939178	1.341244e-15
6791.26768875	1.344665e-15
6793.27598572	1.317496e-15
6795.28428268	1.308611e-15
6797.29257965	1.329745e-15
6799.30087662	1.322762e-15
6801.30917358	1.298805e-15
6803.31747055	1.335153e-15
6805.32576752	1.314534e-15
6807.33406448	1.33682e-15
6809.34236145	1.366329e-15
6811.35065842	1.299265e-15
6813.35895538	1.313916e-15
6815.36725235	1.271443e-15
6817.37554932	1.302117e-15
6819.38384628	1.278883e-15
6821.39214325	1.310164e-15
6823.40044022	1.302914e-15
6825.40873718	1.306111e-15
6827.41703415	1.304823e-15
6829.42533112	1.307108e-15
6831.43362808	1.320546e-15
6833.44192505	1.275416e-15
6835.45022202	1.250071e-15
6837.45851898	1.234551e-15
6839.46681595	1.26121e-15
6841.47511291	1.296098e-15
6843.48340988	1.294505e-15
6845.49170685	1.277624e-15
6847.50000381	1.267482e-15
6849.50830078	1.264613e-15
6851.51659775	1.293661e-15
6853.52489471	1.29709e-15
6855.53319168	1.226388e-15
6857.54148865	1.225054e-15
6859.54978561	1.25542e-15
6861.55808258	1.268222e-15
6863.56637955	1.234063e-15
6865.57467651	1.216124e-15
6867.58297348	1.178992e-15
6869.59127045	1.172222e-15
6871.59956741	1.249892e-15
6873.60786438	1.275193e-15
6875.61616135	1.268758e-15
6877.62445831	1.230383e-15
6879.63275528	1.235406e-15
6881.64105225	1.270715e-15
6883.64934921	1.268444e-15
6885.65764618	1.205527e-15
6887.66594315	1.178776e-15
6889.67424011	1.237707e-15
6891.68253708	1.24853e-15
6893.69083405	1.215378e-15
6895.69913101	1.193318e-15
6897.70742798	1.193528e-15
6899.71572495	1.219743e-15
6901.72402191	1.219465e-15
6903.73231888	1.218026e-15
6905.74061584	1.232638e-15
6907.74891281	1.201822e-15
6909.75720978	1.173274e-15
6911.76550674	1.173242e-15
6913.77380371	1.166092e-15
6915.78210068	1.163485e-15
6917.79039764	1.173964e-15
6919.79869461	1.161572e-15
6921.80699158	1.140365e-15
6923.81528854	1.158358e-15
6925.82358551	1.160837e-15
6927.83188248	1.160816e-15
6929.84017944	1.136117e-15
6931.84847641	1.131769e-15
6933.85677338	1.113974e-15
6935.86507034	1.150321e-15
6937.87336731	1.155465e-15
6939.88166428	1.149492e-15
6941.88996124	1.148034e-15
6943.89825821	1.153217e-15
6945.90655518	1.126502e-15
6947.91485214	1.125147e-15
6949.92314911	1.128983e-15
6951.93144608	1.127373e-15
6953.93974304	1.13021e-15
6955.94804001	1.147382e-15
6957.95633698	1.139642e-15
6959.96463394	1.162671e-15
6961.97293091	1.17375e-15
6963.98122787	1.13463e-15
6965.98952484	1.111025e-15
6967.99782181	1.110172e-15
6970.00611877	1.124804e-15
6972.01441574	1.133264e-15
6974.02271271	1.153299e-15
6976.03100967	1.165964e-15
6978.03930664	1.162649e-15
6980.04760361	1.132364e-15
6982.05590057	1.129528e-15
6984.06419754	1.10535e-15
6986.07249451	1.073571e-15
6988.08079147	1.117382e-15
6990.08908844	1.138757e-15
6992.09738541	1.145713e-15
6994.10568237	1.135019e-15
6996.11397934	1.106296e-15
6998.12227631	1.083729e-15
7000.13057327	1.102184e-15
7002.13887024	1.111857e-15
7004.14716721	1.100863e-15
7006.15546417	1.124892e-15
7008.16376114	1.128971e-15
7010.17205811	1.099962e-15
7012.18035507	1.076515e-15
7014.18865204	1.096776e-15
7016.19694901	1.082337e-15
7018.20524597	1.08509e-15
7020.21354294	1.120331e-15
7022.2218399	1.107292e-15
7024.23013687	1.086635e-15
7026.23843384	1.086917e-15
7028.2467308	1.098671e-15
7030.25502777	1.106338e-15
7032.26332474	1.112119e-15
7034.2716217	1.115587e-15
7036.27991867	1.093051e-15
7038.28821564	1.083099e-15
7040.2965126	1.058965e-15
7042.30480957	1.086569e-15
7044.31310654	1.110176e-15
7046.3214035	1.09288e-15
7048.32970047	1.061272e-15
7050.33799744	1.056532e-15
7052.3462944	1.068188e-15
7054.35459137	1.093899e-15
7056.36288834	1.073373e-15
7058.3711853	1.06846e-15
7060.37948227	1.072664e-15
7062.38777924	1.071558e-15
7064.3960762	1.086692e-15
7066.40437317	1.059281e-15
7068.41267014	1.020919e-15
7070.4209671	1.033655e-15
7072.42926407	1.063261e-15
7074.43756104	1.062366e-15
7076.445858	1.043378e-15
7078.45415497	1.061224e-15
7080.46245193	1.032332e-15
7082.4707489	1.043771e-15
7084.47904587	1.077182e-15
7086.48734283	1.080199e-15
7088.4956398	1.048977e-15
7090.50393677	1.051235e-15
