#	 asassn15jt 
#	 UT date of observation: 20150616 
#	 Telescope/Instrument: SOAR/Goodman 
#	 Estimated Peak MJD: 57169.785 
#	 Estimated redshift: 0.023 
#	 Estimated Phase: 18.8 
#	 Published in Dettman et al. 2020 
#	 Observed barycentric wavelength (Angstroms)    F_lambda
3900.0	1.115286e-16
3902.0	1.143658e-16
3904.0	1.09681e-16
3906.0	9.993656e-17
3908.0	1.001188e-16
3910.0	1.066941e-16
3912.0	1.10777e-16
3914.0	1.030496e-16
3916.0	9.596419e-17
3918.0	1.019855e-16
3920.0	1.101573e-16
3922.0	1.109376e-16
3924.0	1.121725e-16
3926.0	1.15811e-16
3928.0	1.240814e-16
3930.0	1.32976e-16
3932.0	1.370691e-16
3934.0	1.468367e-16
3936.0	1.362917e-16
3938.0	1.32819e-16
3940.0	1.416426e-16
3942.0	1.377994e-16
3944.0	1.342815e-16
3946.0	1.345952e-16
3948.0	1.445002e-16
3950.0	1.497575e-16
3952.0	1.46007e-16
3954.0	1.3758e-16
3956.0	1.420316e-16
3958.0	1.450313e-16
3960.0	1.494402e-16
3962.0	1.545435e-16
3964.0	1.474915e-16
3966.0	1.414522e-16
3968.0	1.429443e-16
3970.0	1.505983e-16
3972.0	1.551129e-16
3974.0	1.543077e-16
3976.0	1.565306e-16
3978.0	1.576727e-16
3980.0	1.666906e-16
3982.0	1.6755e-16
3984.0	1.708941e-16
3986.0	1.692756e-16
3988.0	1.641756e-16
3990.0	1.667127e-16
3992.0	1.728762e-16
3994.0	1.801949e-16
3996.0	1.849587e-16
3998.0	1.906076e-16
4000.0	1.934803e-16
4002.0	1.817272e-16
4004.0	1.805546e-16
4006.0	1.871071e-16
4008.0	1.847438e-16
4010.0	1.827322e-16
4012.0	1.779829e-16
4014.0	1.639758e-16
4016.0	1.56686e-16
4018.0	1.470375e-16
4020.0	1.381019e-16
4022.0	1.339133e-16
4024.0	1.428308e-16
4026.0	1.597226e-16
4028.0	1.69087e-16
4030.0	1.765951e-16
4032.0	1.888519e-16
4034.0	2.066637e-16
4036.0	2.143955e-16
4038.0	2.01883e-16
4040.0	2.021469e-16
4042.0	2.070981e-16
4044.0	2.002605e-16
4046.0	1.985882e-16
4048.0	1.891025e-16
4050.0	1.826472e-16
4052.0	1.69813e-16
4054.0	1.548008e-16
4056.0	1.399646e-16
4058.0	1.334793e-16
4060.0	1.432152e-16
4062.0	1.617791e-16
4064.0	1.777148e-16
4066.0	1.958476e-16
4068.0	2.013584e-16
4070.0	2.030823e-16
4072.0	2.014809e-16
4074.0	2.044206e-16
4076.0	2.071851e-16
4078.0	2.227994e-16
4080.0	2.186372e-16
4082.0	2.179457e-16
4084.0	2.218724e-16
4086.0	2.18515e-16
4088.0	2.13334e-16
4090.0	2.064144e-16
4092.0	2.114962e-16
4094.0	2.122761e-16
4096.0	2.056586e-16
4098.0	2.0787e-16
4100.0	2.116512e-16
4102.0	2.101241e-16
4104.0	2.108658e-16
4106.0	2.145511e-16
4108.0	2.217542e-16
4110.0	2.229053e-16
4112.0	2.153887e-16
4114.0	2.091259e-16
4116.0	2.111044e-16
4118.0	2.196246e-16
4120.0	2.26416e-16
4122.0	2.080565e-16
4124.0	2.063726e-16
4126.0	2.15501e-16
4128.0	2.182121e-16
4130.0	2.227371e-16
4132.0	2.171053e-16
4134.0	1.996722e-16
4136.0	1.904429e-16
4138.0	1.990627e-16
4140.0	2.109126e-16
4142.0	2.068008e-16
4144.0	2.04782e-16
4146.0	2.088052e-16
4148.0	2.075599e-16
4150.0	2.014266e-16
4152.0	1.936366e-16
4154.0	1.958401e-16
4156.0	1.921358e-16
4158.0	1.885577e-16
4160.0	1.964928e-16
4162.0	1.977262e-16
4164.0	1.920214e-16
4166.0	1.850926e-16
4168.0	1.893841e-16
4170.0	2.016001e-16
4172.0	2.026892e-16
4174.0	2.008042e-16
4176.0	2.051175e-16
4178.0	2.230974e-16
4180.0	2.211215e-16
4182.0	2.177838e-16
4184.0	2.223795e-16
4186.0	1.999325e-16
4188.0	2.077135e-16
4190.0	2.028118e-16
4192.0	1.934494e-16
4194.0	1.841499e-16
4196.0	1.823333e-16
4198.0	1.837304e-16
4200.0	1.88869e-16
4202.0	1.893193e-16
4204.0	1.945038e-16
4206.0	2.021078e-16
4208.0	2.012353e-16
4210.0	1.967861e-16
4212.0	1.95896e-16
4214.0	1.940079e-16
4216.0	1.99983e-16
4218.0	1.991985e-16
4220.0	2.148162e-16
4222.0	2.092553e-16
4224.0	1.970213e-16
4226.0	1.960227e-16
4228.0	1.960929e-16
4230.0	1.994699e-16
4232.0	2.038435e-16
4234.0	2.053001e-16
4236.0	1.89131e-16
4238.0	1.801239e-16
4240.0	1.857468e-16
4242.0	1.892538e-16
4244.0	1.886249e-16
4246.0	1.86841e-16
4248.0	1.913965e-16
4250.0	2.045843e-16
4252.0	2.090129e-16
4254.0	2.095265e-16
4256.0	2.166409e-16
4258.0	2.082295e-16
4260.0	2.183292e-16
4262.0	2.043105e-16
4264.0	1.963834e-16
4266.0	1.900792e-16
4268.0	1.872566e-16
4270.0	1.923877e-16
4272.0	1.969954e-16
4274.0	2.043088e-16
4276.0	2.04169e-16
4278.0	2.022218e-16
4280.0	2.017733e-16
4282.0	2.031539e-16
4284.0	2.064746e-16
4286.0	2.02157e-16
4288.0	1.980589e-16
4290.0	2.031311e-16
4292.0	1.9976e-16
4294.0	1.941777e-16
4296.0	1.970498e-16
4298.0	1.97845e-16
4300.0	1.993279e-16
4302.0	2.009544e-16
4304.0	2.06215e-16
4306.0	2.151678e-16
4308.0	2.144265e-16
4310.0	2.088449e-16
4312.0	2.073948e-16
4314.0	2.183044e-16
4316.0	2.237561e-16
4318.0	2.142088e-16
4320.0	2.030215e-16
4322.0	1.920049e-16
4324.0	1.847189e-16
4326.0	1.876651e-16
4328.0	1.976982e-16
4330.0	2.086902e-16
4332.0	2.11092e-16
4334.0	2.081455e-16
4336.0	2.069566e-16
4338.0	2.108974e-16
4340.0	2.208143e-16
4342.0	2.161968e-16
4344.0	2.049289e-16
4346.0	2.065526e-16
4348.0	2.128847e-16
4350.0	2.057081e-16
4352.0	2.009714e-16
4354.0	1.99229e-16
4356.0	2.0141e-16
4358.0	2.13614e-16
4360.0	2.162793e-16
4362.0	2.167929e-16
4364.0	2.177295e-16
4366.0	2.170692e-16
4368.0	2.129985e-16
4370.0	1.979004e-16
4372.0	2.053178e-16
4374.0	2.116359e-16
4376.0	2.225514e-16
4378.0	2.129664e-16
4380.0	2.158021e-16
4382.0	2.159235e-16
4384.0	2.096902e-16
4386.0	2.07073e-16
4388.0	2.035709e-16
4390.0	2.081599e-16
4392.0	2.109651e-16
4394.0	2.086574e-16
4396.0	1.98066e-16
4398.0	1.906147e-16
4400.0	1.871925e-16
4402.0	1.762984e-16
4404.0	1.79295e-16
4406.0	1.850059e-16
4408.0	1.925164e-16
4410.0	1.894767e-16
4412.0	1.858352e-16
4414.0	2.082552e-16
4416.0	2.345564e-16
4418.0	2.417485e-16
4420.0	2.294993e-16
4422.0	2.285302e-16
4424.0	2.175329e-16
4426.0	2.150002e-16
4428.0	2.211391e-16
4430.0	2.196376e-16
4432.0	2.264006e-16
4434.0	2.263504e-16
4436.0	2.126141e-16
4438.0	2.029383e-16
4440.0	1.960727e-16
4442.0	2.021048e-16
4444.0	2.154396e-16
4446.0	2.211784e-16
4448.0	2.175229e-16
4450.0	2.150816e-16
4452.0	2.192511e-16
4454.0	2.117902e-16
4456.0	2.051015e-16
4458.0	2.130908e-16
4460.0	2.15616e-16
4462.0	2.19341e-16
4464.0	2.163819e-16
4466.0	2.256935e-16
4468.0	2.223773e-16
4470.0	2.25631e-16
4472.0	2.22319e-16
4474.0	2.102595e-16
4476.0	2.086677e-16
4478.0	2.109471e-16
4480.0	2.102282e-16
4482.0	2.052937e-16
4484.0	1.961478e-16
4486.0	1.897025e-16
4488.0	1.894612e-16
4490.0	1.892993e-16
4492.0	1.946927e-16
4494.0	2.021358e-16
4496.0	2.074965e-16
4498.0	2.160401e-16
4500.0	2.124846e-16
4502.0	2.063431e-16
4504.0	2.044727e-16
4506.0	2.026595e-16
4508.0	2.009794e-16
4510.0	1.95416e-16
4512.0	2.112153e-16
4514.0	2.179093e-16
4516.0	2.219919e-16
4518.0	2.216237e-16
4520.0	2.199164e-16
4522.0	2.210075e-16
4524.0	2.211601e-16
4526.0	2.232091e-16
4528.0	2.237767e-16
4530.0	2.239373e-16
4532.0	2.224834e-16
4534.0	2.221927e-16
4536.0	2.245912e-16
4538.0	2.197489e-16
4540.0	2.22362e-16
4542.0	2.239829e-16
4544.0	2.254863e-16
4546.0	2.217169e-16
4548.0	2.308382e-16
4550.0	2.340274e-16
4552.0	2.369205e-16
4554.0	2.386275e-16
4556.0	2.305735e-16
4558.0	2.168886e-16
4560.0	2.175138e-16
4562.0	2.168233e-16
4564.0	2.187717e-16
4566.0	2.297152e-16
4568.0	2.308147e-16
4570.0	2.325239e-16
4572.0	2.301416e-16
4574.0	2.328166e-16
4576.0	2.367758e-16
4578.0	2.430994e-16
4580.0	2.530776e-16
4582.0	2.626264e-16
4584.0	2.578633e-16
4586.0	2.563246e-16
4588.0	2.551421e-16
4590.0	2.557466e-16
4592.0	2.575067e-16
4594.0	2.577972e-16
4596.0	2.56639e-16
4598.0	2.548473e-16
4600.0	2.56085e-16
4602.0	2.596314e-16
4604.0	2.624544e-16
4606.0	2.649811e-16
4608.0	2.73421e-16
4610.0	2.861561e-16
4612.0	2.894613e-16
4614.0	2.833155e-16
4616.0	2.798134e-16
4618.0	2.777407e-16
4620.0	2.77746e-16
4622.0	2.813651e-16
4624.0	2.901742e-16
4626.0	2.932221e-16
4628.0	2.908276e-16
4630.0	2.849997e-16
4632.0	2.78797e-16
4634.0	2.72448e-16
4636.0	2.684224e-16
4638.0	2.793873e-16
4640.0	2.955999e-16
4642.0	2.969336e-16
4644.0	3.032542e-16
4646.0	3.134934e-16
4648.0	3.116314e-16
4650.0	3.089762e-16
4652.0	3.171548e-16
4654.0	3.255824e-16
4656.0	3.224414e-16
4658.0	3.211469e-16
4660.0	3.212642e-16
4662.0	3.322739e-16
4664.0	3.404216e-16
4666.0	3.468143e-16
4668.0	3.471013e-16
4670.0	3.451557e-16
4672.0	3.437247e-16
4674.0	3.42048e-16
4676.0	3.498594e-16
4678.0	3.617437e-16
4680.0	3.597304e-16
4682.0	3.540057e-16
4684.0	3.506693e-16
4686.0	3.438086e-16
4688.0	3.389961e-16
4690.0	3.470918e-16
4692.0	3.561715e-16
4694.0	3.558937e-16
4696.0	3.512456e-16
4698.0	3.565391e-16
4700.0	3.660213e-16
4702.0	3.612137e-16
4704.0	3.690551e-16
4706.0	3.74585e-16
4708.0	3.734465e-16
4710.0	3.778549e-16
4712.0	3.695369e-16
4714.0	3.686637e-16
4716.0	3.735403e-16
4718.0	3.82564e-16
4720.0	3.831259e-16
4722.0	3.729856e-16
4724.0	3.785897e-16
4726.0	3.848803e-16
4728.0	3.787689e-16
4730.0	3.736518e-16
4732.0	3.715196e-16
4734.0	3.660673e-16
4736.0	3.651017e-16
4738.0	3.66133e-16
4740.0	3.631914e-16
4742.0	3.553626e-16
4744.0	3.470548e-16
4746.0	3.426692e-16
4748.0	3.417418e-16
4750.0	3.296647e-16
4752.0	3.214126e-16
4754.0	3.145463e-16
4756.0	3.206927e-16
4758.0	3.10892e-16
4760.0	3.157488e-16
4762.0	3.133825e-16
4764.0	3.060818e-16
4766.0	3.084883e-16
4768.0	2.994232e-16
4770.0	2.988639e-16
4772.0	2.98824e-16
4774.0	2.870937e-16
4776.0	2.777537e-16
4778.0	2.746014e-16
4780.0	2.756549e-16
4782.0	2.771519e-16
4784.0	2.754702e-16
4786.0	2.773371e-16
4788.0	2.744066e-16
4790.0	2.775685e-16
4792.0	2.71399e-16
4794.0	2.693684e-16
4796.0	2.68418e-16
4798.0	2.612597e-16
4800.0	2.710947e-16
4802.0	2.673196e-16
4804.0	2.673248e-16
4806.0	2.661381e-16
4808.0	2.717403e-16
4810.0	2.595479e-16
4812.0	2.568821e-16
4814.0	2.586357e-16
4816.0	2.63386e-16
4818.0	2.67298e-16
4820.0	2.59755e-16
4822.0	2.563088e-16
4824.0	2.591371e-16
4826.0	2.619228e-16
4828.0	2.689562e-16
4830.0	2.780789e-16
4832.0	2.777805e-16
4834.0	2.760424e-16
4836.0	2.648328e-16
4838.0	2.549954e-16
4840.0	2.542557e-16
4842.0	2.511167e-16
4844.0	2.522039e-16
4846.0	2.520534e-16
4848.0	2.558323e-16
4850.0	2.650269e-16
4852.0	2.697203e-16
4854.0	2.622527e-16
4856.0	2.646308e-16
4858.0	2.671159e-16
4860.0	2.617117e-16
4862.0	2.649834e-16
4864.0	2.637271e-16
4866.0	2.679804e-16
4868.0	2.728425e-16
4870.0	2.710694e-16
4872.0	2.659648e-16
4874.0	2.647187e-16
4876.0	2.710174e-16
4878.0	2.804366e-16
4880.0	2.804055e-16
4882.0	2.781981e-16
4884.0	2.882256e-16
4886.0	3.019931e-16
4888.0	2.956762e-16
4890.0	2.878513e-16
4892.0	2.856341e-16
4894.0	2.90266e-16
4896.0	2.92734e-16
4898.0	2.837196e-16
4900.0	2.860537e-16
4902.0	2.920232e-16
4904.0	3.007516e-16
4906.0	3.15112e-16
4908.0	3.141077e-16
4910.0	3.154807e-16
4912.0	3.045829e-16
4914.0	3.00925e-16
4916.0	3.03144e-16
4918.0	3.004512e-16
4920.0	3.005673e-16
4922.0	3.057265e-16
4924.0	3.069697e-16
4926.0	3.075456e-16
4928.0	3.113284e-16
4930.0	3.071159e-16
4932.0	3.028851e-16
4934.0	2.957153e-16
4936.0	2.868016e-16
4938.0	2.789088e-16
4940.0	2.763786e-16
4942.0	2.788834e-16
4944.0	2.819475e-16
4946.0	2.877976e-16
4948.0	2.917173e-16
4950.0	2.829066e-16
4952.0	2.859341e-16
4954.0	2.810176e-16
4956.0	2.9277e-16
4958.0	2.885206e-16
4960.0	2.820552e-16
4962.0	2.869962e-16
4964.0	2.884673e-16
4966.0	2.907292e-16
4968.0	2.875941e-16
4970.0	2.758277e-16
4972.0	2.662976e-16
4974.0	2.725989e-16
4976.0	2.808705e-16
4978.0	2.772056e-16
4980.0	2.82794e-16
4982.0	2.893578e-16
4984.0	2.939037e-16
4986.0	2.941386e-16
4988.0	2.947782e-16
4990.0	3.027917e-16
4992.0	3.136055e-16
4994.0	3.131661e-16
4996.0	3.174554e-16
4998.0	3.151192e-16
5000.0	3.12017e-16
5002.0	3.088111e-16
5004.0	3.172944e-16
5006.0	3.201375e-16
5008.0	3.349539e-16
5010.0	3.40691e-16
5012.0	3.431494e-16
5014.0	3.427391e-16
5016.0	3.426864e-16
5018.0	3.433497e-16
5020.0	3.517445e-16
5022.0	3.545329e-16
5024.0	3.525237e-16
5026.0	3.585369e-16
5028.0	3.609041e-16
5030.0	3.544977e-16
5032.0	3.476108e-16
5034.0	3.451716e-16
5036.0	3.344108e-16
5038.0	3.352121e-16
5040.0	3.482369e-16
5042.0	3.601823e-16
5044.0	3.668065e-16
5046.0	3.654915e-16
5048.0	3.638399e-16
5050.0	3.60909e-16
5052.0	3.532316e-16
5054.0	3.516075e-16
5056.0	3.522817e-16
5058.0	3.64865e-16
5060.0	3.649424e-16
5062.0	3.665118e-16
5064.0	3.7207e-16
5066.0	3.624272e-16
5068.0	3.50726e-16
5070.0	3.436762e-16
5072.0	3.308057e-16
5074.0	3.238268e-16
5076.0	3.254747e-16
5078.0	3.280793e-16
5080.0	3.242291e-16
5082.0	3.125229e-16
5084.0	3.12339e-16
5086.0	3.135038e-16
5088.0	3.057403e-16
5090.0	3.018944e-16
5092.0	3.01072e-16
5094.0	3.003628e-16
5096.0	2.967441e-16
5098.0	2.874583e-16
5100.0	2.829241e-16
5102.0	2.834689e-16
5104.0	2.837931e-16
5106.0	2.942055e-16
5108.0	2.934326e-16
5110.0	2.905631e-16
5112.0	2.924105e-16
5114.0	2.862051e-16
5116.0	2.819996e-16
5118.0	2.814181e-16
5120.0	2.783634e-16
5122.0	2.780454e-16
5124.0	2.79658e-16
5126.0	2.749845e-16
5128.0	2.714457e-16
5130.0	2.70824e-16
5132.0	2.658884e-16
5134.0	2.636788e-16
5136.0	2.695107e-16
5138.0	2.713682e-16
5140.0	2.686965e-16
5142.0	2.720497e-16
5144.0	2.713807e-16
5146.0	2.733814e-16
5148.0	2.740248e-16
5150.0	2.760711e-16
5152.0	2.699004e-16
5154.0	2.644891e-16
5156.0	2.634742e-16
5158.0	2.588922e-16
5160.0	2.625229e-16
5162.0	2.674634e-16
5164.0	2.662692e-16
5166.0	2.711902e-16
5168.0	2.715204e-16
5170.0	2.683463e-16
5172.0	2.7416e-16
5174.0	2.78771e-16
5176.0	2.803566e-16
5178.0	2.83041e-16
5180.0	2.80105e-16
5182.0	2.701434e-16
5184.0	2.644971e-16
5186.0	2.578513e-16
5188.0	2.6285e-16
5190.0	2.673871e-16
5192.0	2.641025e-16
5194.0	2.610228e-16
5196.0	2.588376e-16
5198.0	2.592108e-16
5200.0	2.644504e-16
5202.0	2.625408e-16
5204.0	2.625562e-16
5206.0	2.735578e-16
5208.0	2.769059e-16
5210.0	2.705952e-16
5212.0	2.666991e-16
5214.0	2.669736e-16
5216.0	2.594362e-16
5218.0	2.545067e-16
5220.0	2.575568e-16
5222.0	2.573911e-16
5224.0	2.512576e-16
5226.0	2.509728e-16
5228.0	2.530977e-16
5230.0	2.529875e-16
5232.0	2.581888e-16
5234.0	2.641266e-16
5236.0	2.701799e-16
5238.0	2.747197e-16
5240.0	2.606496e-16
5242.0	2.502495e-16
5244.0	2.471556e-16
5246.0	2.483305e-16
5248.0	2.514954e-16
5250.0	2.568101e-16
5252.0	2.587144e-16
5254.0	2.66421e-16
5256.0	2.698556e-16
5258.0	2.588309e-16
5260.0	2.534019e-16
5262.0	2.525945e-16
5264.0	2.547874e-16
5266.0	2.561662e-16
5268.0	2.537981e-16
5270.0	2.526169e-16
5272.0	2.574808e-16
5274.0	2.66127e-16
5276.0	2.689537e-16
5278.0	2.670272e-16
5280.0	2.685143e-16
5282.0	2.639038e-16
5284.0	2.535095e-16
5286.0	2.435933e-16
5288.0	2.321704e-16
5290.0	2.2548e-16
5292.0	2.350056e-16
5294.0	2.494945e-16
5296.0	2.535653e-16
5298.0	2.584801e-16
5300.0	2.576723e-16
5302.0	2.533309e-16
5304.0	2.512789e-16
5306.0	2.573858e-16
5308.0	2.6633e-16
5310.0	2.728332e-16
5312.0	2.776475e-16
5314.0	2.81638e-16
5316.0	2.832019e-16
5318.0	2.870578e-16
5320.0	2.947728e-16
5322.0	2.958095e-16
5324.0	2.919303e-16
5326.0	2.839269e-16
5328.0	2.828096e-16
5330.0	2.828279e-16
5332.0	2.834988e-16
5334.0	2.963778e-16
5336.0	3.004084e-16
5338.0	3.098718e-16
5340.0	3.175683e-16
5342.0	3.083859e-16
5344.0	3.069468e-16
5346.0	3.083271e-16
5348.0	3.042814e-16
5350.0	3.060981e-16
5352.0	3.03345e-16
5354.0	3.083089e-16
5356.0	3.125389e-16
5358.0	3.201355e-16
5360.0	3.251818e-16
5362.0	3.229604e-16
5364.0	3.272513e-16
5366.0	3.381153e-16
5368.0	3.338037e-16
5370.0	3.288927e-16
5372.0	3.297989e-16
5374.0	3.31245e-16
5376.0	3.328118e-16
5378.0	3.313973e-16
5380.0	3.348386e-16
5382.0	3.375743e-16
5384.0	3.270792e-16
5386.0	3.202409e-16
5388.0	3.15511e-16
5390.0	3.056429e-16
5392.0	3.114442e-16
5394.0	3.243925e-16
5396.0	3.330262e-16
5398.0	3.350448e-16
5400.0	3.420019e-16
5402.0	3.484898e-16
5404.0	3.500794e-16
5406.0	3.507987e-16
5408.0	3.529271e-16
5410.0	3.563355e-16
5412.0	3.644556e-16
5414.0	3.657672e-16
5416.0	3.637249e-16
5418.0	3.562725e-16
5420.0	3.507961e-16
5422.0	3.462289e-16
5424.0	3.468705e-16
5426.0	3.490173e-16
5428.0	3.555566e-16
5430.0	3.664383e-16
5432.0	3.663903e-16
5434.0	3.563671e-16
5436.0	3.561382e-16
5438.0	3.586165e-16
5440.0	3.526784e-16
5442.0	3.472399e-16
5444.0	3.456081e-16
5446.0	3.403493e-16
5448.0	3.301541e-16
5450.0	3.268418e-16
5452.0	3.25978e-16
5454.0	3.296458e-16
5456.0	3.351451e-16
5458.0	3.365894e-16
5460.0	3.404485e-16
5462.0	3.433408e-16
5464.0	3.438191e-16
5466.0	3.328165e-16
5468.0	3.340398e-16
5470.0	3.437655e-16
5472.0	3.531259e-16
5474.0	3.453395e-16
5476.0	3.484083e-16
5478.0	3.540982e-16
5480.0	3.651578e-16
5482.0	3.682371e-16
5484.0	3.626618e-16
5486.0	3.601019e-16
5488.0	3.576045e-16
5490.0	3.513122e-16
5492.0	3.497131e-16
5494.0	3.453769e-16
5496.0	3.391574e-16
5498.0	3.455352e-16
5500.0	3.55422e-16
5502.0	3.626955e-16
5504.0	3.679811e-16
5506.0	3.730212e-16
5508.0	3.737357e-16
5510.0	3.772205e-16
5512.0	3.661469e-16
5514.0	3.629712e-16
5516.0	3.672691e-16
5518.0	3.600282e-16
5520.0	3.579907e-16
5522.0	3.636983e-16
5524.0	3.742202e-16
5526.0	3.683023e-16
5528.0	3.776568e-16
5530.0	3.832759e-16
5532.0	3.704549e-16
5534.0	3.721755e-16
5536.0	3.83716e-16
5538.0	3.951873e-16
5540.0	4.08683e-16
5542.0	4.175751e-16
5544.0	4.212422e-16
5546.0	4.212915e-16
5548.0	4.175986e-16
5550.0	4.169284e-16
5552.0	4.23103e-16
5554.0	4.235643e-16
5556.0	4.225002e-16
5558.0	4.246388e-16
5560.0	4.3192e-16
5562.0	4.424515e-16
5564.0	4.492659e-16
5566.0	4.593796e-16
5568.0	4.565598e-16
5570.0	4.685186e-16
5572.0	4.779522e-16
5574.0	4.823218e-16
5576.0	4.66445e-16
5578.0	4.591033e-16
5580.0	4.788091e-16
5582.0	4.7579e-16
5584.0	4.735317e-16
5586.0	4.840136e-16
5588.0	4.848962e-16
5590.0	4.855264e-16
5592.0	4.967875e-16
5594.0	4.99176e-16
5596.0	4.971505e-16
5598.0	4.96894e-16
5600.0	4.958148e-16
5602.0	4.909892e-16
5604.0	4.967971e-16
5606.0	5.116452e-16
5608.0	5.110799e-16
5610.0	5.067657e-16
5612.0	5.080863e-16
5614.0	5.128324e-16
5616.0	5.158137e-16
5618.0	5.123402e-16
5620.0	5.173894e-16
5622.0	5.195423e-16
5624.0	5.215641e-16
5626.0	5.296925e-16
5628.0	5.25362e-16
5630.0	5.164568e-16
5632.0	5.139361e-16
5634.0	5.279895e-16
5636.0	5.241832e-16
5638.0	5.238637e-16
5640.0	5.220166e-16
5642.0	5.201959e-16
5644.0	5.229096e-16
5646.0	5.235573e-16
5648.0	5.222971e-16
5650.0	5.246185e-16
5652.0	5.305193e-16
5654.0	5.293009e-16
5656.0	5.238945e-16
5658.0	5.235966e-16
5660.0	5.254754e-16
5662.0	5.243454e-16
5664.0	5.282563e-16
5666.0	5.355683e-16
5668.0	5.381242e-16
5670.0	5.255897e-16
5672.0	5.25685e-16
5674.0	5.302586e-16
5676.0	5.324023e-16
5678.0	5.258586e-16
5680.0	5.175532e-16
5682.0	5.273476e-16
5684.0	5.352228e-16
5686.0	5.228866e-16
5688.0	5.185983e-16
5690.0	5.194396e-16
5692.0	5.118477e-16
5694.0	5.107069e-16
5696.0	5.127777e-16
5698.0	5.151841e-16
5700.0	5.160368e-16
5702.0	5.112175e-16
5704.0	5.126573e-16
5706.0	5.125888e-16
5708.0	5.068453e-16
5710.0	5.078884e-16
5712.0	5.116821e-16
5714.0	5.076556e-16
5716.0	4.953064e-16
5718.0	4.949968e-16
5720.0	4.935733e-16
5722.0	4.92058e-16
5724.0	4.911559e-16
5726.0	4.922092e-16
5728.0	4.88756e-16
5730.0	4.844099e-16
5732.0	4.828761e-16
5734.0	4.863819e-16
5736.0	4.881266e-16
5738.0	4.96194e-16
5740.0	4.95593e-16
5742.0	4.902378e-16
5744.0	4.828645e-16
5746.0	4.800137e-16
5748.0	4.79411e-16
5750.0	4.813896e-16
5752.0	4.779179e-16
5754.0	4.74861e-16
5756.0	4.759085e-16
5758.0	4.6826e-16
5760.0	4.666383e-16
5762.0	4.675518e-16
5764.0	4.626491e-16
5766.0	4.642509e-16
5768.0	4.580891e-16
5770.0	4.531443e-16
5772.0	4.504143e-16
5774.0	4.437286e-16
5776.0	4.538149e-16
5778.0	4.510056e-16
5780.0	4.520325e-16
5782.0	4.434116e-16
5784.0	4.386348e-16
5786.0	4.384371e-16
5788.0	4.334227e-16
5790.0	4.264386e-16
5792.0	4.343309e-16
5794.0	4.431853e-16
5796.0	4.378999e-16
5798.0	4.31422e-16
5800.0	4.245704e-16
5802.0	4.283594e-16
5804.0	4.356589e-16
5806.0	4.345504e-16
5808.0	4.313577e-16
5810.0	4.274177e-16
5812.0	4.264838e-16
5814.0	4.247781e-16
5816.0	4.281637e-16
5818.0	4.245815e-16
5820.0	4.134798e-16
5822.0	4.21438e-16
5824.0	4.320701e-16
5826.0	4.260131e-16
5828.0	4.226493e-16
5830.0	4.17718e-16
5832.0	4.015291e-16
5834.0	4.023552e-16
5836.0	3.980623e-16
5838.0	3.953653e-16
5840.0	4.017606e-16
5842.0	4.012767e-16
5844.0	3.988397e-16
5846.0	4.003088e-16
5848.0	4.034931e-16
5850.0	4.087349e-16
5852.0	4.195414e-16
5854.0	4.197085e-16
5856.0	4.082157e-16
5858.0	4.1666e-16
5860.0	4.155618e-16
5862.0	4.134486e-16
5864.0	4.111588e-16
5866.0	4.118898e-16
5868.0	4.154455e-16
5870.0	4.063822e-16
5872.0	4.063613e-16
5874.0	4.131889e-16
5876.0	4.111446e-16
5878.0	4.058899e-16
5880.0	4.017876e-16
5882.0	4.027717e-16
5884.0	3.978027e-16
5886.0	3.956874e-16
5888.0	3.999665e-16
5890.0	3.942693e-16
5892.0	3.894673e-16
5894.0	3.890694e-16
5896.0	3.939916e-16
5898.0	4.018093e-16
5900.0	4.014254e-16
5902.0	4.040108e-16
5904.0	3.992316e-16
5906.0	3.912705e-16
5908.0	3.933041e-16
5910.0	3.92975e-16
5912.0	3.958003e-16
5914.0	3.92283e-16
5916.0	3.883115e-16
5918.0	3.88332e-16
5920.0	3.928503e-16
5922.0	3.910455e-16
5924.0	3.871839e-16
5926.0	3.93124e-16
5928.0	4.019088e-16
5930.0	4.055682e-16
5932.0	4.031716e-16
5934.0	4.02227e-16
5936.0	4.084752e-16
5938.0	4.113911e-16
5940.0	4.049165e-16
5942.0	4.038654e-16
5944.0	4.121672e-16
5946.0	4.136715e-16
5948.0	4.116136e-16
5950.0	4.089589e-16
5952.0	4.080692e-16
5954.0	4.144516e-16
5956.0	4.239255e-16
5958.0	4.161323e-16
5960.0	4.252862e-16
5962.0	4.183579e-16
5964.0	4.227384e-16
5966.0	4.268439e-16
5968.0	4.22374e-16
5970.0	4.189362e-16
5972.0	4.197754e-16
5974.0	4.155456e-16
5976.0	4.21268e-16
5978.0	4.30664e-16
5980.0	4.276964e-16
5982.0	4.241908e-16
5984.0	4.207122e-16
5986.0	4.149584e-16
5988.0	4.131846e-16
5990.0	4.133112e-16
5992.0	4.092665e-16
5994.0	4.073535e-16
5996.0	4.101879e-16
5998.0	4.140043e-16
6000.0	4.134124e-16
6002.0	4.099452e-16
6004.0	4.188252e-16
6006.0	4.223732e-16
6008.0	4.07143e-16
6010.0	4.172336e-16
6012.0	4.193234e-16
6014.0	4.148043e-16
6016.0	4.135948e-16
6018.0	4.07046e-16
6020.0	4.061416e-16
6022.0	4.000971e-16
6024.0	3.828858e-16
6026.0	3.671566e-16
6028.0	3.651612e-16
6030.0	3.658312e-16
6032.0	3.651377e-16
6034.0	3.71368e-16
6036.0	3.788802e-16
6038.0	3.899338e-16
6040.0	3.979581e-16
6042.0	3.929808e-16
6044.0	3.891959e-16
6046.0	3.91284e-16
6048.0	3.911471e-16
6050.0	3.917137e-16
6052.0	3.92993e-16
6054.0	3.915192e-16
6056.0	3.907001e-16
6058.0	3.898157e-16
6060.0	3.881951e-16
6062.0	3.818755e-16
6064.0	3.794523e-16
6066.0	3.80559e-16
6068.0	3.78074e-16
6070.0	3.814315e-16
6072.0	3.747552e-16
6074.0	3.736266e-16
6076.0	3.709392e-16
6078.0	3.681861e-16
6080.0	3.685749e-16
6082.0	3.723148e-16
6084.0	3.711743e-16
6086.0	3.652679e-16
6088.0	3.609165e-16
6090.0	3.632097e-16
6092.0	3.626252e-16
6094.0	3.638888e-16
6096.0	3.598054e-16
6098.0	3.561226e-16
6100.0	3.586472e-16
6102.0	3.623616e-16
6104.0	3.715137e-16
6106.0	3.66589e-16
6108.0	3.619813e-16
6110.0	3.690588e-16
6112.0	3.662315e-16
6114.0	3.666055e-16
6116.0	3.502993e-16
6118.0	3.501529e-16
6120.0	3.479961e-16
6122.0	3.501087e-16
6124.0	3.508957e-16
6126.0	3.476569e-16
6128.0	3.478326e-16
6130.0	3.457565e-16
6132.0	3.464078e-16
6134.0	3.480063e-16
6136.0	3.487285e-16
6138.0	3.446512e-16
6140.0	3.430073e-16
6142.0	3.428203e-16
6144.0	3.404198e-16
6146.0	3.38407e-16
6148.0	3.389228e-16
6150.0	3.419551e-16
6152.0	3.372228e-16
6154.0	3.343201e-16
6156.0	3.410337e-16
6158.0	3.379441e-16
6160.0	3.381121e-16
6162.0	3.378817e-16
6164.0	3.383999e-16
6166.0	3.443265e-16
6168.0	3.445673e-16
6170.0	3.420858e-16
6172.0	3.476698e-16
6174.0	3.469384e-16
6176.0	3.43912e-16
6178.0	3.354477e-16
6180.0	3.331072e-16
6182.0	3.322681e-16
6184.0	3.337411e-16
6186.0	3.335574e-16
6188.0	3.370293e-16
6190.0	3.36826e-16
6192.0	3.301302e-16
6194.0	3.339745e-16
6196.0	3.324305e-16
6198.0	3.271524e-16
6200.0	3.288042e-16
6202.0	3.279666e-16
6204.0	3.253954e-16
6206.0	3.197481e-16
6208.0	3.185844e-16
6210.0	3.271303e-16
6212.0	3.269308e-16
6214.0	3.235332e-16
6216.0	3.20197e-16
6218.0	3.160789e-16
6220.0	3.114011e-16
6222.0	3.13862e-16
6224.0	3.134156e-16
6226.0	3.1098e-16
6228.0	3.112497e-16
6230.0	3.06786e-16
6232.0	3.062485e-16
6234.0	2.995548e-16
6236.0	3.02023e-16
6238.0	3.061192e-16
6240.0	3.018596e-16
6242.0	2.954275e-16
6244.0	2.914111e-16
6246.0	2.847442e-16
6248.0	2.826174e-16
6250.0	2.888702e-16
6252.0	3.001349e-16
6254.0	2.972569e-16
6256.0	2.933001e-16
6258.0	2.892141e-16
6260.0	2.799612e-16
6262.0	2.806477e-16
6264.0	2.82622e-16
6266.0	2.80184e-16
6268.0	2.827843e-16
6270.0	2.866996e-16
6272.0	2.842598e-16
6274.0	2.79261e-16
6276.0	2.754197e-16
6278.0	2.743173e-16
6280.0	2.714537e-16
6282.0	2.738367e-16
6284.0	2.795345e-16
6286.0	2.902005e-16
6288.0	2.854702e-16
6290.0	2.873116e-16
6292.0	2.861563e-16
6294.0	2.87658e-16
6296.0	3.025175e-16
6298.0	2.93554e-16
6300.0	2.819372e-16
6302.0	2.762755e-16
6304.0	2.472988e-16
6306.0	2.40976e-16
6308.0	2.527607e-16
6310.0	2.608132e-16
6312.0	2.662498e-16
6314.0	2.774486e-16
6316.0	2.807564e-16
6318.0	2.758782e-16
6320.0	2.818474e-16
6322.0	2.879643e-16
6324.0	2.884075e-16
6326.0	2.899324e-16
6328.0	2.85707e-16
6330.0	2.82202e-16
6332.0	2.804906e-16
6334.0	2.842386e-16
6336.0	2.843178e-16
6338.0	2.844011e-16
6340.0	2.904509e-16
6342.0	2.925262e-16
6344.0	2.995662e-16
6346.0	2.948071e-16
6348.0	2.961272e-16
6350.0	2.941186e-16
6352.0	3.012066e-16
6354.0	2.963264e-16
6356.0	2.945949e-16
6358.0	3.000852e-16
6360.0	3.023582e-16
6362.0	2.987436e-16
6364.0	2.917077e-16
6366.0	2.924794e-16
6368.0	2.961772e-16
6370.0	2.963663e-16
6372.0	2.947988e-16
6374.0	2.913031e-16
6376.0	2.938098e-16
6378.0	2.987717e-16
6380.0	2.97223e-16
6382.0	3.02476e-16
6384.0	2.974166e-16
6386.0	2.937843e-16
6388.0	2.932796e-16
6390.0	2.93199e-16
6392.0	3.021096e-16
6394.0	3.012807e-16
6396.0	2.992167e-16
6398.0	3.051696e-16
6400.0	2.993239e-16
6402.0	2.979816e-16
6404.0	2.986902e-16
6406.0	3.036142e-16
6408.0	3.035981e-16
6410.0	3.078785e-16
6412.0	3.095333e-16
6414.0	3.154426e-16
6416.0	3.186764e-16
6418.0	3.198653e-16
6420.0	3.223402e-16
6422.0	3.243291e-16
6424.0	3.271443e-16
6426.0	3.304312e-16
6428.0	3.26291e-16
6430.0	3.242526e-16
6432.0	3.278246e-16
6434.0	3.289874e-16
6436.0	3.33721e-16
6438.0	3.333821e-16
6440.0	3.242026e-16
6442.0	3.227135e-16
6444.0	3.236311e-16
6446.0	3.26844e-16
6448.0	3.236906e-16
6450.0	3.211801e-16
6452.0	3.349932e-16
6454.0	3.390239e-16
6456.0	3.41711e-16
6458.0	3.414164e-16
6460.0	3.426618e-16
6462.0	3.424013e-16
6464.0	3.350801e-16
6466.0	3.361766e-16
6468.0	3.393125e-16
6470.0	3.383098e-16
6472.0	3.468582e-16
6474.0	3.536596e-16
6476.0	3.578553e-16
6478.0	3.584143e-16
6480.0	3.586353e-16
6482.0	3.621801e-16
6484.0	3.601072e-16
6486.0	3.59659e-16
6488.0	3.650062e-16
6490.0	3.628387e-16
6492.0	3.668635e-16
6494.0	3.755566e-16
6496.0	3.728722e-16
6498.0	3.830142e-16
6500.0	3.856534e-16
6502.0	3.816692e-16
6504.0	3.776427e-16
6506.0	3.733448e-16
6508.0	3.753145e-16
6510.0	3.764597e-16
6512.0	3.743169e-16
6514.0	3.825907e-16
6516.0	3.91119e-16
6518.0	3.922001e-16
6520.0	4.005568e-16
6522.0	4.088784e-16
6524.0	4.068323e-16
6526.0	4.049643e-16
6528.0	4.094957e-16
6530.0	4.036035e-16
6532.0	4.088543e-16
6534.0	4.127314e-16
6536.0	4.154608e-16
6538.0	4.205048e-16
6540.0	4.239658e-16
6542.0	4.274246e-16
6544.0	4.296758e-16
6546.0	4.31148e-16
6548.0	4.361919e-16
6550.0	4.355176e-16
6552.0	4.306166e-16
6554.0	4.35159e-16
6556.0	4.353528e-16
6558.0	4.364775e-16
6560.0	4.473408e-16
6562.0	4.447656e-16
6564.0	4.415052e-16
6566.0	4.47368e-16
6568.0	4.490788e-16
6570.0	4.475283e-16
6572.0	4.4904e-16
6574.0	4.508738e-16
6576.0	4.509795e-16
6578.0	4.603431e-16
6580.0	4.573288e-16
6582.0	4.559937e-16
6584.0	4.620121e-16
6586.0	4.629173e-16
6588.0	4.615708e-16
6590.0	4.618212e-16
6592.0	4.626988e-16
6594.0	4.589435e-16
6596.0	4.605639e-16
6598.0	4.676952e-16
6600.0	4.647967e-16
6602.0	4.580635e-16
6604.0	4.617273e-16
6606.0	4.714333e-16
6608.0	4.720669e-16
6610.0	4.708533e-16
6612.0	4.759848e-16
6614.0	4.672254e-16
6616.0	4.653468e-16
6618.0	4.713125e-16
6620.0	4.696972e-16
6622.0	4.680453e-16
6624.0	4.728711e-16
6626.0	4.76968e-16
6628.0	4.787756e-16
6630.0	4.707726e-16
6632.0	4.660008e-16
6634.0	4.736061e-16
6636.0	4.712194e-16
6638.0	4.70953e-16
6640.0	4.642342e-16
6642.0	4.632701e-16
6644.0	4.654273e-16
6646.0	4.627038e-16
6648.0	4.613474e-16
6650.0	4.65209e-16
6652.0	4.665651e-16
6654.0	4.689694e-16
6656.0	4.76132e-16
6658.0	4.768942e-16
6660.0	4.756973e-16
6662.0	4.774946e-16
6664.0	4.787324e-16
6666.0	4.746906e-16
6668.0	4.789842e-16
6670.0	4.825025e-16
6672.0	4.795029e-16
6674.0	4.793301e-16
6676.0	4.810252e-16
6678.0	4.814023e-16
6680.0	4.81635e-16
6682.0	4.784145e-16
6684.0	4.801552e-16
6686.0	4.828831e-16
6688.0	4.853645e-16
6690.0	4.838037e-16
6692.0	4.767901e-16
6694.0	4.783403e-16
6696.0	4.799081e-16
6698.0	4.758603e-16
6700.0	4.749457e-16
6702.0	4.709346e-16
6704.0	4.659048e-16
6706.0	4.685593e-16
6708.0	4.676011e-16
6710.0	4.676237e-16
6712.0	4.614387e-16
6714.0	4.495773e-16
6716.0	4.414771e-16
6718.0	4.421106e-16
6720.0	4.423154e-16
6722.0	4.492806e-16
6724.0	4.520903e-16
6726.0	4.545549e-16
6728.0	4.548411e-16
6730.0	4.66647e-16
6732.0	4.696955e-16
6734.0	4.64244e-16
6736.0	4.704971e-16
6738.0	4.611486e-16
6740.0	4.533222e-16
6742.0	4.520022e-16
6744.0	4.557801e-16
6746.0	4.558225e-16
6748.0	4.534203e-16
6750.0	4.548001e-16
6752.0	4.469839e-16
6754.0	4.554252e-16
6756.0	4.53153e-16
6758.0	4.393691e-16
6760.0	4.329405e-16
6762.0	4.313448e-16
6764.0	4.338871e-16
6766.0	4.43114e-16
6768.0	4.445178e-16
6770.0	4.397371e-16
6772.0	4.453379e-16
6774.0	4.446471e-16
6776.0	4.343757e-16
6778.0	4.324851e-16
6780.0	4.255951e-16
6782.0	4.246017e-16
6784.0	4.246395e-16
6786.0	4.265618e-16
6788.0	4.26608e-16
6790.0	4.206678e-16
6792.0	4.207174e-16
6794.0	4.219687e-16
6796.0	4.173499e-16
6798.0	4.140627e-16
6800.0	4.065992e-16
6802.0	4.086602e-16
6804.0	4.056945e-16
6806.0	4.044074e-16
6808.0	4.021323e-16
6810.0	4.060374e-16
6812.0	4.097024e-16
6814.0	4.079634e-16
6816.0	3.965625e-16
6818.0	3.849553e-16
6820.0	3.917473e-16
6822.0	3.884687e-16
6824.0	3.908452e-16
6826.0	3.918431e-16
6828.0	3.990754e-16
6830.0	3.968659e-16
6832.0	3.921513e-16
6834.0	3.794238e-16
6836.0	3.757905e-16
6838.0	3.815565e-16
6840.0	3.757294e-16
6842.0	3.737495e-16
6844.0	3.790749e-16
6846.0	3.813286e-16
6848.0	3.833366e-16
6850.0	3.824834e-16
6852.0	3.788496e-16
6854.0	3.762647e-16
6856.0	3.67476e-16
6858.0	3.629698e-16
6860.0	3.652672e-16
6862.0	3.658743e-16
6864.0	3.63074e-16
6866.0	3.626306e-16
6868.0	3.661871e-16
6870.0	3.735592e-16
6872.0	3.669622e-16
6874.0	3.554666e-16
6876.0	3.577728e-16
6878.0	3.579459e-16
6880.0	3.552038e-16
6882.0	3.536349e-16
6884.0	3.525802e-16
6886.0	3.577343e-16
6888.0	3.568724e-16
6890.0	3.591349e-16
6892.0	3.566331e-16
6894.0	3.506228e-16
6896.0	3.485851e-16
6898.0	3.541827e-16
6900.0	3.576051e-16
6902.0	3.555957e-16
6904.0	3.552844e-16
6906.0	3.574898e-16
6908.0	3.544267e-16
6910.0	3.529139e-16
6912.0	3.559584e-16
6914.0	3.562294e-16
6916.0	3.49698e-16
6918.0	3.542682e-16
6920.0	3.540561e-16
6922.0	3.445504e-16
6924.0	3.435895e-16
6926.0	3.429262e-16
6928.0	3.442961e-16
6930.0	3.505731e-16
6932.0	3.531234e-16
6934.0	3.531876e-16
6936.0	3.507835e-16
6938.0	3.450677e-16
6940.0	3.459569e-16
6942.0	3.476729e-16
6944.0	3.463968e-16
6946.0	3.465406e-16
6948.0	3.448845e-16
6950.0	3.384772e-16
6952.0	3.398448e-16
6954.0	3.447619e-16
6956.0	3.469115e-16
6958.0	3.50859e-16
6960.0	3.586284e-16
6962.0	3.57386e-16
6964.0	3.530391e-16
6966.0	3.452416e-16
6968.0	3.372973e-16
6970.0	3.410811e-16
6972.0	3.519769e-16
6974.0	3.521911e-16
6976.0	3.525278e-16
6978.0	3.547159e-16
6980.0	3.581105e-16
6982.0	3.546025e-16
6984.0	3.411068e-16
6986.0	3.337857e-16
6988.0	3.38823e-16
6990.0	3.439151e-16
6992.0	3.447147e-16
6994.0	3.504721e-16
6996.0	3.508273e-16
6998.0	3.408432e-16
7000.0	3.338568e-16
7002.0	3.352287e-16
7004.0	3.392288e-16
7006.0	3.447707e-16
7008.0	3.522913e-16
7010.0	3.492416e-16
7012.0	3.394384e-16
7014.0	3.376665e-16
7016.0	3.422584e-16
7018.0	3.444262e-16
7020.0	3.50028e-16
7022.0	3.498548e-16
7024.0	3.445611e-16
7026.0	3.447471e-16
7028.0	3.431736e-16
7030.0	3.410125e-16
7032.0	3.453601e-16
7034.0	3.489746e-16
7036.0	3.482976e-16
7038.0	3.515767e-16
7040.0	3.458674e-16
7042.0	3.426191e-16
7044.0	3.430288e-16
7046.0	3.437751e-16
7048.0	3.473351e-16
7050.0	3.433894e-16
