#	 asassn16fo 
#	 UT date of observation: 20160608 
#	 Telescope/Instrument: KPNO4m/KOSMOS 
#	 Estimated Peak MJD: 57539.914 
#	 Estimated redshift: 0.000 
#	 Estimated Phase: 7.1 
#	 Published in Dettman et al. 2020 
#	 Observed barycentric wavelength (Angstroms)    F_lambda
4170.0	3.053552
4171.0	3.048208
4172.0	3.006579
4173.0	2.934659
4174.0	3.097511
4175.0	2.931186
4176.0	2.867425
4177.0	3.115993
4178.0	3.041123
4179.0	3.108609
4180.0	3.244384
4181.0	3.00089
4182.0	3.039738
4183.0	2.940356
4184.0	3.107775
4185.0	3.144269
4186.0	3.106669
4187.0	3.144048
4188.0	3.267413
4189.0	3.234665
4190.0	3.264327
4191.0	3.233261
4192.0	3.207827
4193.0	3.158758
4194.0	3.017282
4195.0	3.402126
4196.0	3.349819
4197.0	3.166316
4198.0	3.19096
4199.0	3.104463
4200.0	3.318399
4201.0	3.263823
4202.0	3.346337
4203.0	3.200143
4204.0	3.248848
4205.0	3.20725
4206.0	3.171671
4207.0	3.267632
4208.0	3.100917
4209.0	3.065206
4210.0	3.223127
4211.0	3.266145
4212.0	3.295743
4213.0	3.151483
4214.0	3.280184
4215.0	3.134262
4216.0	3.17759
4217.0	3.16787
4218.0	3.099737
4219.0	2.950493
4220.0	3.098559
4221.0	3.105684
4222.0	2.956985
4223.0	3.021784
4224.0	3.13334
4225.0	3.126407
4226.0	3.149034
4227.0	3.13162
4228.0	3.215781
4229.0	3.103783
4230.0	3.15934
4231.0	3.029393
4232.0	3.128652
4233.0	3.130461
4234.0	3.073896
4235.0	3.096978
4236.0	3.01187
4237.0	3.119502
4238.0	3.1711
4239.0	2.972507
4240.0	2.989261
4241.0	3.073762
4242.0	3.182501
4243.0	3.026636
4244.0	2.962677
4245.0	3.085185
4246.0	3.027946
4247.0	3.018709
4248.0	2.998241
4249.0	2.98265
4250.0	2.923357
4251.0	2.98156
4252.0	2.971137
4253.0	2.841702
4254.0	2.861418
4255.0	2.947689
4256.0	2.851106
4257.0	2.910292
4258.0	2.876554
4259.0	2.906907
4260.0	2.983196
4261.0	2.980336
4262.0	2.930565
4263.0	2.85454
4264.0	2.852731
4265.0	2.865035
4266.0	2.812402
4267.0	2.817314
4268.0	2.984547
4269.0	2.850511
4270.0	2.926588
4271.0	2.856311
4272.0	2.917697
4273.0	2.822369
4274.0	2.736086
4275.0	2.78345
4276.0	2.747542
4277.0	2.858443
4278.0	2.903714
4279.0	2.832176
4280.0	2.843194
4281.0	2.990504
4282.0	2.844578
4283.0	2.947932
4284.0	2.931552
4285.0	2.91158
4286.0	2.883681
4287.0	2.914359
4288.0	2.791963
4289.0	2.778054
4290.0	2.871941
4291.0	2.858077
4292.0	2.773788
4293.0	2.863806
4294.0	2.854208
4295.0	2.846688
4296.0	2.956954
4297.0	2.903287
4298.0	2.986198
4299.0	2.960806
4300.0	2.926618
4301.0	2.781668
4302.0	2.866229
4303.0	2.892558
4304.0	2.899544
4305.0	2.941609
4306.0	2.91949
4307.0	2.830717
4308.0	2.817889
4309.0	2.889349
4310.0	2.865291
4311.0	2.990941
4312.0	2.949898
4313.0	2.919281
4314.0	2.961945
4315.0	2.935596
4316.0	2.82119
4317.0	2.845701
4318.0	2.95921
4319.0	2.899332
4320.0	2.90211
4321.0	2.899622
4322.0	2.813917
4323.0	2.797892
4324.0	2.817875
4325.0	2.872268
4326.0	2.696012
4327.0	2.849237
4328.0	2.907106
4329.0	2.80298
4330.0	2.895215
4331.0	2.920392
4332.0	2.743499
4333.0	2.769022
4334.0	2.78613
4335.0	2.776986
4336.0	2.790157
4337.0	2.844284
4338.0	2.824571
4339.0	2.784769
4340.0	2.707714
4341.0	2.760621
4342.0	2.80478
4343.0	2.846466
4344.0	2.743616
4345.0	2.871056
4346.0	2.802588
4347.0	2.648714
4348.0	2.60784
4349.0	2.551715
4350.0	2.481741
4351.0	2.634189
4352.0	2.722675
4353.0	2.656085
4354.0	2.657405
4355.0	2.813636
4356.0	2.824517
4357.0	2.572272
4358.0	2.607954
4359.0	2.739886
4360.0	2.573144
4361.0	2.601044
4362.0	2.638043
4363.0	2.679494
4364.0	2.523547
4365.0	2.455403
4366.0	2.572786
4367.0	2.621908
4368.0	2.657629
4369.0	2.525242
4370.0	2.578704
4371.0	2.526364
4372.0	2.454579
4373.0	2.585085
4374.0	2.41
4375.0	2.327222
4376.0	2.287594
4377.0	2.463043
4378.0	2.42486
4379.0	2.36114
4380.0	2.412097
4381.0	2.46541
4382.0	2.39618
4383.0	2.355202
4384.0	2.387987
4385.0	2.333405
4386.0	2.391693
4387.0	2.309324
4388.0	2.389407
4389.0	2.400648
4390.0	2.338555
4391.0	2.308316
4392.0	2.307835
4393.0	2.366554
4394.0	2.200525
4395.0	2.061569
4396.0	2.123899
4397.0	2.236792
4398.0	2.184328
4399.0	2.190989
4400.0	2.113957
4401.0	2.147262
4402.0	2.168709
4403.0	2.232404
4404.0	2.136156
4405.0	2.152561
4406.0	2.081627
4407.0	2.181044
4408.0	2.15958
4409.0	2.157194
4410.0	2.133297
4411.0	2.103834
4412.0	2.027024
4413.0	2.10692
4414.0	2.089427
4415.0	2.014069
4416.0	2.027862
4417.0	1.985388
4418.0	2.047925
4419.0	1.997384
4420.0	2.019962
4421.0	1.996903
4422.0	2.022442
4423.0	1.921393
4424.0	1.781085
4425.0	1.738883
4426.0	1.789629
4427.0	1.825052
4428.0	1.850531
4429.0	1.883479
4430.0	1.874349
4431.0	1.762069
4432.0	1.729058
4433.0	1.894582
4434.0	1.775205
4435.0	1.779258
4436.0	1.829365
4437.0	1.867176
4438.0	1.863871
4439.0	1.902323
4440.0	1.918533
4441.0	1.932935
4442.0	1.899281
4443.0	2.062828
4444.0	2.039318
4445.0	2.063861
4446.0	1.928361
4447.0	1.949432
4448.0	1.928226
4449.0	1.852001
4450.0	1.88076
4451.0	1.804466
4452.0	1.714494
4453.0	1.719633
4454.0	1.824459
4455.0	1.847825
4456.0	1.973039
4457.0	1.984586
4458.0	1.948806
4459.0	1.898292
4460.0	1.95379
4461.0	2.025048
4462.0	1.940197
4463.0	1.966898
4464.0	1.933693
4465.0	1.904865
4466.0	1.840119
4467.0	1.872347
4468.0	1.896404
4469.0	1.917384
4470.0	1.922753
4471.0	1.932537
4472.0	2.002753
4473.0	2.008933
4474.0	2.062795
4475.0	2.000815
4476.0	2.02088
4477.0	1.970906
4478.0	1.969001
4479.0	1.949754
4480.0	1.915774
4481.0	1.930385
4482.0	1.904536
4483.0	1.990732
4484.0	2.030173
4485.0	2.054427
4486.0	1.970837
4487.0	1.924264
4488.0	2.090583
4489.0	1.987937
4490.0	2.063733
4491.0	2.054091
4492.0	2.132748
4493.0	2.11268
4494.0	2.018682
4495.0	2.109694
4496.0	2.016523
4497.0	2.035829
4498.0	2.067279
4499.0	2.124228
4500.0	2.055691
4501.0	2.022945
4502.0	2.02229
4503.0	1.991204
4504.0	1.948282
4505.0	2.123614
4506.0	2.157902
4507.0	2.256812
4508.0	2.173542
4509.0	2.162284
4510.0	2.05857
4511.0	2.115196
4512.0	2.138134
4513.0	1.966133
4514.0	2.103733
4515.0	2.172688
4516.0	2.21366
4517.0	2.166596
4518.0	2.254424
4519.0	2.305224
4520.0	2.204545
4521.0	2.316848
4522.0	2.240882
4523.0	2.277664
4524.0	2.323323
4525.0	2.375993
4526.0	2.433429
4527.0	2.345179
4528.0	2.353388
4529.0	2.344972
4530.0	2.405775
4531.0	2.31434
4532.0	2.324719
4533.0	2.338106
4534.0	2.308468
4535.0	2.427255
4536.0	2.312794
4537.0	2.370723
4538.0	2.50398
4539.0	2.45813
4540.0	2.522717
4541.0	2.486523
4542.0	2.477701
4543.0	2.514063
4544.0	2.521007
4545.0	2.477133
4546.0	2.549542
4547.0	2.566877
4548.0	2.59598
4549.0	2.538261
4550.0	2.524029
4551.0	2.606546
4552.0	2.656764
4553.0	2.688905
4554.0	2.610922
4555.0	2.742085
4556.0	2.613099
4557.0	2.606643
4558.0	2.692823
4559.0	2.700262
4560.0	2.813894
4561.0	2.694415
4562.0	2.623177
4563.0	2.717481
4564.0	2.666654
4565.0	2.738195
4566.0	2.693101
4567.0	2.753223
4568.0	2.827099
4569.0	2.838205
4570.0	2.642977
4571.0	2.763178
4572.0	2.779438
4573.0	2.747736
4574.0	2.839432
4575.0	2.932124
4576.0	2.929056
4577.0	2.919017
4578.0	2.988811
4579.0	2.972949
4580.0	3.042939
4581.0	2.957283
4582.0	2.979959
4583.0	2.936837
4584.0	2.951718
4585.0	2.850081
4586.0	2.872276
4587.0	2.905253
4588.0	2.872181
4589.0	2.909166
4590.0	2.992375
4591.0	2.956014
4592.0	2.963781
4593.0	3.003287
4594.0	3.046356
4595.0	2.979065
4596.0	3.028948
4597.0	3.00374
4598.0	3.013092
4599.0	3.045487
4600.0	3.010266
4601.0	3.043238
4602.0	3.087734
4603.0	3.142594
4604.0	3.043071
4605.0	3.01222
4606.0	3.07847
4607.0	3.076494
4608.0	3.093344
4609.0	3.129905
4610.0	3.093095
4611.0	3.205874
4612.0	3.206654
4613.0	3.046388
4614.0	3.101394
4615.0	3.101801
4616.0	3.086109
4617.0	3.117508
4618.0	3.232185
4619.0	3.221364
4620.0	3.171314
4621.0	3.123696
4622.0	3.097865
4623.0	3.168735
4624.0	3.066206
4625.0	3.226208
4626.0	3.137613
4627.0	3.16327
4628.0	3.191184
4629.0	3.205485
4630.0	3.229095
4631.0	3.194422
4632.0	3.148015
4633.0	3.230664
4634.0	3.325373
4635.0	3.236241
4636.0	3.22717
4637.0	3.255387
4638.0	3.230481
4639.0	3.33854
4640.0	3.273126
4641.0	3.309186
4642.0	3.29284
4643.0	3.24808
4644.0	3.360924
4645.0	3.277663
4646.0	3.278312
4647.0	3.256865
4648.0	3.310074
4649.0	3.281652
4650.0	3.253747
4651.0	3.354319
4652.0	3.322737
4653.0	3.32365
4654.0	3.321748
4655.0	3.216472
4656.0	3.236427
4657.0	3.157825
4658.0	3.102107
4659.0	3.200228
4660.0	3.153444
4661.0	3.15006
4662.0	3.160799
4663.0	3.20227
4664.0	3.187989
4665.0	3.183492
4666.0	3.244874
4667.0	3.168364
4668.0	3.176908
4669.0	3.203421
4670.0	3.214611
4671.0	3.265534
4672.0	3.301327
4673.0	3.24382
4674.0	3.317474
4675.0	3.20073
4676.0	3.28527
4677.0	3.242223
4678.0	3.212301
4679.0	3.368348
4680.0	3.306536
4681.0	3.281135
4682.0	3.28635
4683.0	3.231417
4684.0	3.271687
4685.0	3.257141
4686.0	3.2207
4687.0	3.187399
4688.0	3.187477
4689.0	3.180161
4690.0	3.175014
4691.0	3.281087
4692.0	3.331023
4693.0	3.259029
4694.0	3.326348
4695.0	3.27008
4696.0	3.249261
4697.0	3.14724
4698.0	3.16079
4699.0	3.209138
4700.0	3.193877
4701.0	3.253545
4702.0	3.283728
4703.0	3.307363
4704.0	3.142332
4705.0	3.048839
4706.0	3.200346
4707.0	3.210776
4708.0	3.20161
4709.0	3.154477
4710.0	3.077233
4711.0	3.162747
4712.0	3.025052
4713.0	3.146553
4714.0	3.145258
4715.0	3.112839
4716.0	3.081828
4717.0	3.041856
4718.0	3.093845
4719.0	3.082804
4720.0	3.085304
4721.0	3.048134
4722.0	3.064891
4723.0	3.093147
4724.0	3.039623
4725.0	3.069606
4726.0	3.151597
4727.0	2.982275
4728.0	3.0771
4729.0	3.038493
4730.0	3.012083
4731.0	3.102903
4732.0	3.077189
4733.0	2.997532
4734.0	3.051167
4735.0	3.004268
4736.0	3.051908
4737.0	2.998801
4738.0	3.015209
4739.0	2.995361
4740.0	3.032927
4741.0	2.975974
4742.0	2.986161
4743.0	3.064381
4744.0	3.112627
4745.0	3.059979
4746.0	3.019643
4747.0	2.94273
4748.0	2.99458
4749.0	2.997897
4750.0	2.985032
4751.0	3.02862
4752.0	3.071064
4753.0	3.019871
4754.0	2.989967
4755.0	2.971989
4756.0	3.010219
4757.0	3.046816
4758.0	2.961465
4759.0	2.929464
4760.0	2.862005
4761.0	2.940562
4762.0	2.911934
4763.0	2.906702
4764.0	2.908491
4765.0	2.943069
4766.0	2.867066
4767.0	2.954604
4768.0	2.936396
4769.0	2.87216
4770.0	2.90614
4771.0	2.856042
4772.0	2.859915
4773.0	2.753766
4774.0	2.789544
4775.0	2.870068
4776.0	2.780466
4777.0	2.889922
4778.0	2.817294
4779.0	2.795125
4780.0	2.835329
4781.0	2.845702
4782.0	2.755228
4783.0	2.747409
4784.0	2.770478
4785.0	2.720641
4786.0	2.755288
4787.0	2.768377
4788.0	2.708814
4789.0	2.712383
4790.0	2.748398
4791.0	2.739437
4792.0	2.798636
4793.0	2.75212
4794.0	2.703755
4795.0	2.743403
4796.0	2.714672
4797.0	2.739795
4798.0	2.62764
4799.0	2.630525
4800.0	2.671499
4801.0	2.545145
4802.0	2.468923
4803.0	2.484804
4804.0	2.58073
4805.0	2.534965
4806.0	2.48751
4807.0	2.570347
4808.0	2.485289
4809.0	2.384882
4810.0	2.422407
4811.0	2.510232
4812.0	2.397654
4813.0	2.370651
4814.0	2.319343
4815.0	2.373094
4816.0	2.300635
4817.0	2.277473
4818.0	2.218174
4819.0	2.260511
4820.0	2.212246
4821.0	2.23404
4822.0	2.248715
4823.0	2.246578
4824.0	2.214961
4825.0	2.165709
4826.0	2.207731
4827.0	2.10872
4828.0	2.132454
4829.0	2.176135
4830.0	2.223831
4831.0	2.140208
4832.0	2.179263
4833.0	2.159401
4834.0	2.1533
4835.0	2.023544
4836.0	2.054857
4837.0	2.04588
4838.0	2.07599
4839.0	2.008847
4840.0	2.050335
4841.0	2.014772
4842.0	2.000878
4843.0	1.980302
4844.0	1.981186
4845.0	1.93409
4846.0	2.035101
4847.0	1.99912
4848.0	1.964293
4849.0	1.952153
4850.0	1.982843
4851.0	1.94496
4852.0	1.994609
4853.0	1.985252
4854.0	2.001305
4855.0	2.018235
4856.0	1.98734
4857.0	2.028939
4858.0	2.067531
4859.0	2.095968
4860.0	2.034302
4861.0	2.024289
4862.0	1.976781
4863.0	2.011119
4864.0	1.99359
4865.0	1.981494
4866.0	1.913149
4867.0	1.922825
4868.0	1.902925
4869.0	1.921641
4870.0	2.003517
4871.0	1.939318
4872.0	1.963562
4873.0	1.95314
4874.0	1.980293
4875.0	2.008571
4876.0	1.954574
4877.0	1.904503
4878.0	1.954743
4879.0	2.021753
4880.0	1.94591
4881.0	1.919189
4882.0	1.950801
4883.0	2.018722
4884.0	1.985662
4885.0	2.013643
4886.0	1.949119
4887.0	1.991674
4888.0	2.006902
4889.0	1.985562
4890.0	1.957924
4891.0	1.919233
4892.0	1.951295
4893.0	1.931429
4894.0	1.923411
4895.0	1.90642
4896.0	1.851584
4897.0	1.865586
4898.0	1.888781
4899.0	1.85896
4900.0	1.789099
4901.0	1.824913
4902.0	1.802446
4903.0	1.760177
4904.0	1.763483
4905.0	1.766605
4906.0	1.744248
4907.0	1.712
4908.0	1.714999
4909.0	1.789068
4910.0	1.733059
4911.0	1.770095
4912.0	1.776609
4913.0	1.747404
4914.0	1.724953
4915.0	1.753309
4916.0	1.747422
4917.0	1.688099
4918.0	1.718957
4919.0	1.644641
4920.0	1.681063
4921.0	1.747212
4922.0	1.673006
4923.0	1.583189
4924.0	1.593943
4925.0	1.691993
4926.0	1.691903
4927.0	1.659849
4928.0	1.663757
4929.0	1.648842
4930.0	1.666139
4931.0	1.643956
4932.0	1.671271
4933.0	1.714436
4934.0	1.672397
4935.0	1.653328
4936.0	1.739039
4937.0	1.734651
4938.0	1.650326
4939.0	1.68523
4940.0	1.715862
4941.0	1.679415
4942.0	1.685103
4943.0	1.652846
4944.0	1.641969
4945.0	1.689843
4946.0	1.7264
4947.0	1.696625
4948.0	1.702246
4949.0	1.687985
4950.0	1.710043
4951.0	1.682211
4952.0	1.655581
4953.0	1.627478
4954.0	1.620264
4955.0	1.719602
4956.0	1.710231
4957.0	1.717589
4958.0	1.758809
4959.0	1.755325
4960.0	1.793205
4961.0	1.767319
4962.0	1.833915
4963.0	1.800189
4964.0	1.778658
4965.0	1.716851
4966.0	1.794127
4967.0	1.820635
4968.0	1.833605
4969.0	1.78387
4970.0	1.816804
4971.0	1.858226
4972.0	1.837511
4973.0	1.774162
4974.0	1.862392
4975.0	1.93518
4976.0	1.910632
4977.0	1.93853
4978.0	1.880886
4979.0	1.877119
4980.0	1.896143
4981.0	1.923583
4982.0	1.934488
4983.0	1.944088
4984.0	1.913668
4985.0	1.925781
4986.0	1.942422
4987.0	1.950099
4988.0	1.947681
4989.0	1.986626
4990.0	1.99948
4991.0	1.96573
4992.0	2.005327
4993.0	1.993995
4994.0	1.971861
4995.0	2.01832
4996.0	1.954131
4997.0	1.942811
4998.0	2.007017
4999.0	2.017464
5000.0	1.988578
5001.0	1.988574
5002.0	1.956121
5003.0	1.929006
5004.0	1.966143
5005.0	1.991619
5006.0	2.004005
5007.0	2.057961
5008.0	2.043361
5009.0	2.061155
5010.0	2.09528
5011.0	2.081565
5012.0	2.087764
5013.0	2.086911
5014.0	2.075735
5015.0	2.041488
5016.0	2.095223
5017.0	2.065688
5018.0	2.090116
5019.0	2.081533
5020.0	2.115915
5021.0	2.128
5022.0	2.100553
5023.0	2.050278
5024.0	2.085386
5025.0	2.142277
5026.0	2.105494
5027.0	2.092179
5028.0	2.095165
5029.0	1.967017
5030.0	2.000183
5031.0	2.1076
5032.0	2.059612
5033.0	2.060257
5034.0	2.023039
5035.0	2.06358
5036.0	2.039577
5037.0	2.071935
5038.0	2.141509
5039.0	2.159574
5040.0	2.106554
5041.0	2.013917
5042.0	1.988793
5043.0	2.005373
5044.0	1.972229
5045.0	1.933656
5046.0	1.911056
5047.0	1.995047
5048.0	1.942936
5049.0	1.91856
5050.0	1.974573
5051.0	1.897718
5052.0	1.85058
5053.0	1.83424
5054.0	1.857331
5055.0	1.805645
5056.0	1.800503
5057.0	1.789163
5058.0	1.798589
5059.0	1.819965
5060.0	1.758659
5061.0	1.750301
5062.0	1.721589
5063.0	1.677881
5064.0	1.624295
5065.0	1.623613
5066.0	1.638506
5067.0	1.680652
5068.0	1.524151
5069.0	1.717481
5070.0	1.686329
5071.0	1.670235
5072.0	1.67754
5073.0	1.666188
5074.0	1.707401
5075.0	1.673173
5076.0	1.702761
5077.0	1.61147
5078.0	1.571704
5079.0	1.590832
5080.0	1.588413
5081.0	1.570498
5082.0	1.603794
5083.0	1.638254
5084.0	1.625562
5085.0	1.580359
5086.0	1.590919
5087.0	1.600851
5088.0	1.590492
5089.0	1.643817
5090.0	1.647707
5091.0	1.618415
5092.0	1.643035
5093.0	1.600163
5094.0	1.61197
5095.0	1.627436
5096.0	1.654433
5097.0	1.595329
5098.0	1.610241
5099.0	1.577222
5100.0	1.549426
5101.0	1.528777
5102.0	1.539615
5103.0	1.541634
5104.0	1.524929
5105.0	1.550558
5106.0	1.590335
5107.0	1.590195
5108.0	1.581511
5109.0	1.571301
5110.0	1.555778
5111.0	1.55904
5112.0	1.534716
5113.0	1.558571
5114.0	1.547364
5115.0	1.588185
5116.0	1.575564
5117.0	1.538622
5118.0	1.597999
5119.0	1.568235
5120.0	1.599807
5121.0	1.569153
5122.0	1.57996
5123.0	1.60034
5124.0	1.514
5125.0	1.533081
5126.0	1.565817
5127.0	1.476777
5128.0	1.514984
5129.0	1.509112
5130.0	1.505074
5131.0	1.49982
5132.0	1.566129
5133.0	1.574564
5134.0	1.548764
5135.0	1.553488
5136.0	1.582063
5137.0	1.637907
5138.0	1.571595
5139.0	1.595642
5140.0	1.643158
5141.0	1.649322
5142.0	1.62554
5143.0	1.638357
5144.0	1.599206
5145.0	1.586475
5146.0	1.596676
5147.0	1.55349
5148.0	1.630744
5149.0	1.603918
5150.0	1.55955
5151.0	1.60974
5152.0	1.678794
5153.0	1.684379
5154.0	1.716137
5155.0	1.711583
5156.0	1.630381
5157.0	1.616656
5158.0	1.610909
5159.0	1.576237
5160.0	1.570956
5161.0	1.567852
5162.0	1.638841
5163.0	1.58654
5164.0	1.639104
5165.0	1.620346
5166.0	1.622867
5167.0	1.662421
5168.0	1.643184
5169.0	1.643632
5170.0	1.613272
5171.0	1.626994
5172.0	1.661143
5173.0	1.694497
5174.0	1.670397
5175.0	1.651953
5176.0	1.716096
5177.0	1.70541
5178.0	1.75681
5179.0	1.783963
5180.0	1.790904
5181.0	1.809934
5182.0	1.770902
5183.0	1.733238
5184.0	1.762925
5185.0	1.712469
5186.0	1.746414
5187.0	1.709626
5188.0	1.719872
5189.0	1.738794
5190.0	1.79263
5191.0	1.804475
5192.0	1.776868
5193.0	1.814715
5194.0	1.815818
5195.0	1.812881
5196.0	1.805144
5197.0	1.838046
5198.0	1.840117
5199.0	1.844831
5200.0	1.836047
5201.0	1.842346
5202.0	1.864995
5203.0	1.853151
5204.0	1.86149
5205.0	1.914792
5206.0	1.929318
5207.0	1.869179
5208.0	1.923648
5209.0	1.93608
5210.0	1.934685
5211.0	1.915136
5212.0	1.934046
5213.0	1.942741
5214.0	1.888413
5215.0	1.932347
5216.0	1.930906
5217.0	1.929787
5218.0	1.953191
5219.0	1.932129
5220.0	1.986043
5221.0	1.932033
5222.0	1.966574
5223.0	1.949386
5224.0	1.926876
5225.0	2.024703
5226.0	1.980962
5227.0	1.968036
5228.0	1.969634
5229.0	1.98442
5230.0	1.950615
5231.0	1.977456
5232.0	1.977909
5233.0	1.988451
5234.0	2.052346
5235.0	2.105074
5236.0	2.060382
5237.0	2.096037
5238.0	2.101068
5239.0	2.110909
5240.0	2.129829
5241.0	2.085374
5242.0	2.132476
5243.0	2.110374
5244.0	2.113245
5245.0	2.171722
5246.0	2.13378
5247.0	2.115429
5248.0	2.173903
5249.0	2.164529
5250.0	2.165175
5251.0	2.174501
5252.0	2.210201
5253.0	2.202179
5254.0	2.241716
5255.0	2.233636
5256.0	2.195074
5257.0	2.196932
5258.0	2.191092
5259.0	2.27448
5260.0	2.259226
5261.0	2.267717
5262.0	2.293958
5263.0	2.303267
5264.0	2.262731
5265.0	2.343841
5266.0	2.339905
5267.0	2.343295
5268.0	2.320958
5269.0	2.238163
5270.0	2.33394
5271.0	2.312009
5272.0	2.315471
5273.0	2.306638
5274.0	2.368
5275.0	2.380171
5276.0	2.301064
5277.0	2.279571
5278.0	2.314096
5279.0	2.332484
5280.0	2.407897
5281.0	2.421015
5282.0	2.456145
5283.0	2.392032
5284.0	2.458689
5285.0	2.507219
5286.0	2.462259
5287.0	2.39324
5288.0	2.360119
5289.0	2.442499
5290.0	2.422719
5291.0	2.427004
5292.0	2.44255
5293.0	2.419723
5294.0	2.437568
5295.0	2.461097
5296.0	2.437479
5297.0	2.444376
5298.0	2.557071
5299.0	2.493522
5300.0	2.385676
5301.0	2.425284
5302.0	2.442822
5303.0	2.433389
5304.0	2.498271
5305.0	2.460961
5306.0	2.457061
5307.0	2.489539
5308.0	2.513705
5309.0	2.556339
5310.0	2.500225
5311.0	2.486688
5312.0	2.506724
5313.0	2.536578
5314.0	2.4874
5315.0	2.506051
5316.0	2.471784
5317.0	2.378442
5318.0	2.36717
5319.0	2.390662
5320.0	2.387004
5321.0	2.364243
5322.0	2.362231
5323.0	2.300874
5324.0	2.329225
5325.0	2.316937
5326.0	2.362689
5327.0	2.457973
5328.0	2.450312
5329.0	2.484097
5330.0	2.499067
5331.0	2.420165
5332.0	2.438295
5333.0	2.400203
5334.0	2.381348
5335.0	2.350048
5336.0	2.36289
5337.0	2.415141
5338.0	2.371976
5339.0	2.396796
5340.0	2.45072
5341.0	2.466308
5342.0	2.525895
5343.0	2.428122
5344.0	2.450132
5345.0	2.445619
5346.0	2.44247
5347.0	2.459018
5348.0	2.387706
5349.0	2.472121
5350.0	2.520839
5351.0	2.532135
5352.0	2.540383
5353.0	2.497335
5354.0	2.506544
5355.0	2.462914
5356.0	2.495268
5357.0	2.408055
5358.0	2.424938
5359.0	2.406412
5360.0	2.353536
5361.0	2.399527
5362.0	2.39443
5363.0	2.427832
5364.0	2.464598
5365.0	2.429956
5366.0	2.467439
5367.0	2.436404
5368.0	2.487956
5369.0	2.428139
5370.0	2.440828
5371.0	2.495121
5372.0	2.492176
5373.0	2.460649
5374.0	2.47392
5375.0	2.454826
5376.0	2.445284
5377.0	2.395489
5378.0	2.35999
5379.0	2.382356
5380.0	2.332444
5381.0	2.362849
5382.0	2.388008
5383.0	2.490963
5384.0	2.456116
5385.0	2.425364
5386.0	2.430424
5387.0	2.462328
5388.0	2.459463
5389.0	2.404491
5390.0	2.469411
5391.0	2.445713
5392.0	2.401106
5393.0	2.440395
5394.0	2.433808
5395.0	2.452825
5396.0	2.375598
5397.0	2.410454
5398.0	2.413479
5399.0	2.419663
5400.0	2.358649
5401.0	2.332078
5402.0	2.388937
5403.0	2.368176
5404.0	2.318982
5405.0	2.354111
5406.0	2.349536
5407.0	2.360154
5408.0	2.32343
5409.0	2.290375
5410.0	2.357013
5411.0	2.389014
5412.0	2.411568
5413.0	2.324042
5414.0	2.305135
5415.0	2.386617
5416.0	2.274379
5417.0	2.227258
5418.0	2.22288
5419.0	2.247253
5420.0	2.187934
5421.0	2.177555
5422.0	2.1733
5423.0	2.17425
5424.0	2.163165
5425.0	2.220296
5426.0	2.171133
5427.0	2.174815
5428.0	2.248505
5429.0	2.287184
5430.0	2.321809
5431.0	2.329989
5432.0	2.334003
5433.0	2.306078
5434.0	2.2744
5435.0	2.20562
5436.0	2.144011
5437.0	2.241268
5438.0	2.274361
5439.0	2.263834
5440.0	2.365453
5441.0	2.255484
5442.0	2.304026
5443.0	2.289221
5444.0	2.262455
5445.0	2.334459
5446.0	2.331984
5447.0	2.331622
5448.0	2.280567
5449.0	2.237552
5450.0	2.286825
5451.0	2.291892
5452.0	2.27295
5453.0	2.200122
5454.0	2.239331
5455.0	2.192348
5456.0	2.243986
5457.0	2.250972
5458.0	2.273495
5459.0	2.240214
5460.0	2.249541
5461.0	2.264002
5462.0	2.268198
5463.0	2.256414
5464.0	2.255786
5465.0	2.262018
5466.0	2.258352
5467.0	2.220839
5468.0	2.251463
5469.0	2.236891
5470.0	2.264685
5471.0	2.275625
5472.0	2.288303
5473.0	2.183477
5474.0	2.170032
5475.0	2.156665
5476.0	2.161297
5477.0	2.222593
5478.0	2.143298
5479.0	2.11166
5480.0	2.093413
5481.0	2.072207
5482.0	2.142362
5483.0	2.028013
5484.0	2.054634
5485.0	2.006079
5486.0	1.996532
5487.0	2.094708
5488.0	2.10995
5489.0	2.089166
5490.0	2.143025
5491.0	2.144127
5492.0	2.154879
5493.0	2.102862
5494.0	2.113803
5495.0	2.086942
5496.0	2.07257
5497.0	2.109812
5498.0	2.03932
5499.0	2.029166
5500.0	2.027904
5501.0	2.00999
5502.0	2.090517
5503.0	2.057065
5504.0	1.989756
5505.0	2.056435
5506.0	2.042244
5507.0	2.061797
5508.0	2.071848
5509.0	2.108612
5510.0	2.077169
5511.0	2.073983
5512.0	2.073702
5513.0	2.089931
5514.0	2.089193
5515.0	2.078112
5516.0	2.000999
5517.0	2.013518
5518.0	2.041095
5519.0	2.058252
5520.0	1.997704
5521.0	1.954067
5522.0	1.930933
5523.0	1.9395
5524.0	1.958284
5525.0	1.939667
5526.0	1.881199
5527.0	1.892429
5528.0	1.866125
5529.0	1.935395
5530.0	1.917164
5531.0	1.944782
5532.0	1.995087
5533.0	2.013022
5534.0	1.939707
5535.0	1.93366
5536.0	2.003549
5537.0	1.930631
5538.0	1.923966
5539.0	1.956964
5540.0	1.929731
5541.0	1.849952
5542.0	1.897067
5543.0	1.963353
5544.0	1.920353
5545.0	1.926424
5546.0	1.895224
5547.0	1.89134
5548.0	1.899169
5549.0	1.902786
5550.0	1.957821
5551.0	1.855497
5552.0	1.804581
5553.0	1.840496
5554.0	1.824122
5555.0	1.88677
5556.0	1.882973
5557.0	1.890493
5558.0	1.879577
5559.0	1.879293
5560.0	1.861286
5561.0	1.863032
5562.0	1.879442
5563.0	1.887427
5564.0	1.855413
5565.0	1.819628
5566.0	1.893603
5567.0	1.84487
5568.0	1.889534
5569.0	1.854321
5570.0	1.893409
5571.0	1.866234
5572.0	1.913378
5573.0	1.93617
5574.0	1.975148
5575.0	1.968674
5576.0	1.917006
5577.0	1.938826
5578.0	1.91569
5579.0	1.909322
5580.0	1.905883
5581.0	1.90847
5582.0	1.902057
5583.0	1.924994
5584.0	1.964851
5585.0	1.951327
5586.0	1.924988
5587.0	1.919518
5588.0	1.919373
5589.0	1.871807
5590.0	1.891487
5591.0	1.875274
5592.0	1.830108
5593.0	1.861545
5594.0	1.906003
5595.0	1.931993
5596.0	1.889725
5597.0	1.939693
5598.0	1.963173
5599.0	1.92058
5600.0	1.975646
5601.0	2.033821
5602.0	1.985799
5603.0	1.949407
5604.0	1.955916
5605.0	1.951873
5606.0	1.909417
5607.0	1.858718
5608.0	1.870106
5609.0	1.91182
5610.0	1.89682
5611.0	1.917683
5612.0	1.915556
5613.0	1.900166
5614.0	1.894305
5615.0	1.88935
5616.0	1.906578
5617.0	1.898041
5618.0	1.923921
5619.0	1.964225
5620.0	1.901893
5621.0	1.923965
5622.0	1.923728
5623.0	1.910156
5624.0	1.95422
5625.0	1.929717
5626.0	1.932063
5627.0	1.932924
5628.0	1.952387
5629.0	1.891364
5630.0	1.879565
5631.0	1.919231
5632.0	1.911554
5633.0	1.866116
5634.0	1.918797
5635.0	1.885578
5636.0	1.862519
5637.0	1.908895
5638.0	1.933442
5639.0	1.894674
5640.0	1.861298
5641.0	1.891635
5642.0	1.863209
5643.0	1.874046
5644.0	1.923581
5645.0	1.944073
5646.0	1.908589
5647.0	1.967986
5648.0	1.928378
5649.0	1.918036
5650.0	1.940785
5651.0	1.896778
5652.0	1.91969
5653.0	1.940378
5654.0	1.912304
5655.0	1.894723
5656.0	1.891994
5657.0	1.923896
5658.0	1.928725
5659.0	1.883323
5660.0	1.93161
5661.0	1.94391
5662.0	1.858308
5663.0	1.951781
5664.0	1.955468
5665.0	1.897452
5666.0	1.839184
5667.0	1.894959
5668.0	1.905024
5669.0	1.908797
5670.0	1.883622
5671.0	1.886854
5672.0	1.884135
5673.0	1.818583
5674.0	1.82796
5675.0	1.863501
5676.0	1.865606
5677.0	1.872265
5678.0	1.902444
5679.0	1.847757
5680.0	1.862542
5681.0	1.83877
5682.0	1.868544
5683.0	1.916584
5684.0	1.916592
5685.0	1.843339
5686.0	1.872173
5687.0	1.880684
5688.0	1.870746
5689.0	1.874079
5690.0	1.843876
5691.0	1.83926
5692.0	1.822296
5693.0	1.779802
5694.0	1.804802
5695.0	1.82482
5696.0	1.86271
5697.0	1.847435
5698.0	1.828115
5699.0	1.869542
5700.0	1.925384
5701.0	1.896613
5702.0	1.882711
5703.0	1.889308
5704.0	1.846331
5705.0	1.869177
5706.0	1.900879
5707.0	1.863055
5708.0	1.918654
5709.0	1.865986
5710.0	1.839306
5711.0	1.871313
5712.0	1.880291
5713.0	1.866373
5714.0	1.891034
5715.0	1.843307
5716.0	1.88861
5717.0	1.895345
5718.0	1.845746
5719.0	1.855227
5720.0	1.821156
5721.0	1.8025
5722.0	1.811359
5723.0	1.764487
5724.0	1.794697
5725.0	1.809828
5726.0	1.82004
5727.0	1.778659
5728.0	1.739851
5729.0	1.779736
5730.0	1.815
5731.0	1.79583
5732.0	1.77347
5733.0	1.757854
5734.0	1.758416
5735.0	1.754098
5736.0	1.741466
5737.0	1.793423
5738.0	1.78031
5739.0	1.77134
5740.0	1.81151
5741.0	1.843437
5742.0	1.823176
5743.0	1.81065
5744.0	1.76887
5745.0	1.73063
5746.0	1.730318
5747.0	1.729056
5748.0	1.716992
5749.0	1.71434
5750.0	1.661529
5751.0	1.763768
5752.0	1.756848
5753.0	1.706469
5754.0	1.755843
5755.0	1.721084
5756.0	1.742621
5757.0	1.766303
5758.0	1.755671
5759.0	1.755462
5760.0	1.770363
5761.0	1.769818
5762.0	1.735807
5763.0	1.759832
5764.0	1.725031
5765.0	1.713671
5766.0	1.757945
5767.0	1.692808
5768.0	1.691194
5769.0	1.773272
5770.0	1.780128
5771.0	1.73038
5772.0	1.74529
5773.0	1.773972
5774.0	1.809042
5775.0	1.773948
5776.0	1.781307
5777.0	1.770428
5778.0	1.728031
5779.0	1.731094
5780.0	1.72239
5781.0	1.729708
5782.0	1.695868
5783.0	1.765354
5784.0	1.697671
5785.0	1.721294
5786.0	1.700674
5787.0	1.697694
5788.0	1.673387
5789.0	1.728173
5790.0	1.699317
5791.0	1.71556
5792.0	1.73767
5793.0	1.726005
5794.0	1.70365
5795.0	1.706537
5796.0	1.714184
5797.0	1.729888
5798.0	1.741834
5799.0	1.742275
5800.0	1.763142
5801.0	1.686703
5802.0	1.710541
5803.0	1.744292
5804.0	1.703807
5805.0	1.680587
5806.0	1.683722
5807.0	1.719936
5808.0	1.720314
5809.0	1.661195
5810.0	1.659409
5811.0	1.674805
5812.0	1.706848
5813.0	1.759919
5814.0	1.679061
5815.0	1.73965
5816.0	1.74777
5817.0	1.777341
5818.0	1.691485
5819.0	1.7194
5820.0	1.735883
5821.0	1.680335
5822.0	1.686541
5823.0	1.671477
5824.0	1.659075
5825.0	1.711576
5826.0	1.643975
5827.0	1.59801
5828.0	1.664465
5829.0	1.621685
5830.0	1.707266
5831.0	1.710289
5832.0	1.648203
5833.0	1.704371
5834.0	1.736662
5835.0	1.708547
5836.0	1.659036
5837.0	1.656317
5838.0	1.647835
5839.0	1.726124
5840.0	1.765016
5841.0	1.749168
5842.0	1.640491
5843.0	1.680613
5844.0	1.695173
5845.0	1.712911
5846.0	1.698954
5847.0	1.684829
5848.0	1.673053
5849.0	1.638779
5850.0	1.633085
5851.0	1.693449
5852.0	1.685414
5853.0	1.690366
5854.0	1.679049
5855.0	1.629298
5856.0	1.665089
5857.0	1.644166
5858.0	1.635786
5859.0	1.687008
5860.0	1.7045
5861.0	1.715999
5862.0	1.684749
5863.0	1.631842
5864.0	1.657573
5865.0	1.717351
5866.0	1.717766
5867.0	1.662104
5868.0	1.660119
5869.0	1.668852
5870.0	1.686766
5871.0	1.674302
5872.0	1.644312
5873.0	1.637954
5874.0	1.661072
5875.0	1.644493
5876.0	1.606937
5877.0	1.602857
5878.0	1.627815
5879.0	1.579707
5880.0	1.604371
5881.0	1.632044
5882.0	1.612204
5883.0	1.644298
5884.0	1.606512
5885.0	1.690912
5886.0	1.695081
5887.0	1.698678
5888.0	1.711461
5889.0	1.656087
5890.0	1.689907
5891.0	1.684997
5892.0	1.683202
5893.0	1.800895
5894.0	1.779106
5895.0	1.692802
5896.0	1.666581
5897.0	1.718133
5898.0	1.659411
5899.0	1.696071
5900.0	1.702594
5901.0	1.734597
5902.0	1.734385
5903.0	1.735091
5904.0	1.710213
5905.0	1.737198
5906.0	1.734996
5907.0	1.723068
5908.0	1.719641
5909.0	1.706392
5910.0	1.72829
5911.0	1.800284
5912.0	1.667558
5913.0	1.721318
5914.0	1.725624
5915.0	1.750357
5916.0	1.777113
5917.0	1.777838
5918.0	1.701313
5919.0	1.657404
5920.0	1.74338
5921.0	1.770376
5922.0	1.707665
5923.0	1.756833
5924.0	1.770224
5925.0	1.772971
5926.0	1.798759
5927.0	1.783362
5928.0	1.87901
5929.0	1.811074
5930.0	1.824411
5931.0	1.758963
5932.0	1.816953
5933.0	1.837531
5934.0	1.822555
5935.0	1.775301
5936.0	1.852179
5937.0	1.884066
5938.0	1.846472
5939.0	1.799348
5940.0	1.83398
5941.0	1.827193
5942.0	1.809626
5943.0	1.82406
5944.0	1.803831
5945.0	1.801147
5946.0	1.811937
5947.0	1.856588
5948.0	1.877179
5949.0	1.825765
5950.0	1.808652
5951.0	1.826663
5952.0	1.858054
5953.0	1.888677
5954.0	1.845235
5955.0	1.881852
5956.0	1.911616
5957.0	1.861647
5958.0	1.834007
5959.0	1.877592
5960.0	1.903815
5961.0	1.913814
5962.0	1.904281
5963.0	1.906881
5964.0	1.926246
5965.0	1.960567
5966.0	1.914256
5967.0	1.916298
5968.0	1.951261
5969.0	1.969531
5970.0	1.913984
5971.0	1.931447
5972.0	1.956548
5973.0	1.964229
5974.0	1.960767
5975.0	1.962284
5976.0	1.99913
5977.0	1.966453
5978.0	1.978567
5979.0	1.98296
5980.0	1.98723
5981.0	1.947732
5982.0	1.970881
5983.0	1.991412
5984.0	1.963993
5985.0	1.954061
5986.0	1.946553
5987.0	1.972295
5988.0	1.944989
5989.0	1.968379
5990.0	1.976661
5991.0	1.954348
5992.0	2.000175
5993.0	2.023818
5994.0	2.075365
5995.0	2.053388
5996.0	2.003535
5997.0	2.07522
5998.0	2.040042
5999.0	1.96263
6000.0	2.017241
6001.0	2.023255
6002.0	2.048429
6003.0	2.061751
6004.0	2.02532
6005.0	2.064158
6006.0	2.017131
6007.0	2.017359
6008.0	2.028183
6009.0	2.078485
6010.0	2.045262
6011.0	2.008115
6012.0	2.072722
6013.0	2.043535
6014.0	2.03834
6015.0	2.039125
6016.0	2.078084
6017.0	2.068701
6018.0	2.022568
6019.0	2.046679
6020.0	2.079739
6021.0	2.006478
6022.0	2.03458
6023.0	1.998764
6024.0	2.008791
6025.0	2.022675
6026.0	2.023651
6027.0	2.065888
6028.0	1.986616
6029.0	2.017838
6030.0	2.014964
6031.0	1.994593
6032.0	2.012603
6033.0	2.034057
6034.0	2.021005
6035.0	2.054356
6036.0	1.966319
6037.0	2.032425
6038.0	2.026313
6039.0	1.996942
6040.0	2.027555
6041.0	2.057362
6042.0	2.038404
6043.0	2.017217
6044.0	2.069579
6045.0	2.075061
6046.0	1.966133
6047.0	1.975445
6048.0	2.039927
6049.0	2.017184
6050.0	2.026342
6051.0	1.954257
6052.0	1.978082
6053.0	2.027948
6054.0	2.016239
6055.0	1.982039
6056.0	1.952961
6057.0	1.954808
6058.0	1.941752
6059.0	1.931323
6060.0	1.851644
6061.0	1.841634
6062.0	1.808956
6063.0	1.804028
6064.0	1.788499
6065.0	1.802024
6066.0	1.817335
6067.0	1.836868
6068.0	1.831914
6069.0	1.804061
6070.0	1.863607
6071.0	1.846601
6072.0	1.901737
6073.0	1.921167
6074.0	1.963611
6075.0	1.935509
6076.0	1.957395
6077.0	1.978806
6078.0	1.973991
6079.0	1.942384
6080.0	1.960154
6081.0	1.942256
6082.0	1.976761
6083.0	2.013755
6084.0	1.951516
6085.0	2.020963
6086.0	1.998911
6087.0	1.928637
6088.0	1.973782
6089.0	1.963124
6090.0	1.905248
6091.0	1.915874
6092.0	1.924377
6093.0	1.936468
6094.0	1.918219
6095.0	1.921892
6096.0	1.932676
6097.0	1.888925
6098.0	1.909396
6099.0	1.963992
6100.0	1.980545
6101.0	1.904123
6102.0	1.898881
6103.0	1.895304
6104.0	1.919866
6105.0	1.91862
6106.0	1.900668
6107.0	1.879378
6108.0	1.915243
6109.0	1.889961
6110.0	1.875166
6111.0	1.912401
6112.0	1.878679
6113.0	1.85517
6114.0	1.892479
6115.0	1.907086
6116.0	1.876301
6117.0	1.876036
6118.0	1.871988
6119.0	1.849433
6120.0	1.917662
6121.0	1.901963
6122.0	1.849008
6123.0	1.838179
6124.0	1.810349
6125.0	1.827699
6126.0	1.823143
6127.0	1.814487
6128.0	1.83409
6129.0	1.844404
6130.0	1.845984
6131.0	1.849631
6132.0	1.840407
6133.0	1.863702
6134.0	1.87862
6135.0	1.867078
6136.0	1.839826
6137.0	1.8303
6138.0	1.861756
6139.0	1.833983
6140.0	1.840096
6141.0	1.831173
6142.0	1.812913
6143.0	1.832906
6144.0	1.813523
6145.0	1.862003
6146.0	1.821628
6147.0	1.86621
6148.0	1.821839
6149.0	1.828057
6150.0	1.755924
6151.0	1.832503
6152.0	1.811883
6153.0	1.826859
6154.0	1.778455
6155.0	1.765779
6156.0	1.7817
6157.0	1.742607
6158.0	1.720628
6159.0	1.762081
6160.0	1.744158
6161.0	1.720368
6162.0	1.737774
6163.0	1.707692
6164.0	1.736708
6165.0	1.753747
6166.0	1.752658
6167.0	1.682721
6168.0	1.687724
6169.0	1.72717
6170.0	1.737995
6171.0	1.718841
6172.0	1.665221
6173.0	1.656529
6174.0	1.715787
6175.0	1.661889
6176.0	1.634407
6177.0	1.635902
6178.0	1.598836
6179.0	1.60857
6180.0	1.625303
6181.0	1.61682
6182.0	1.598158
6183.0	1.557946
6184.0	1.565336
6185.0	1.543829
6186.0	1.562756
6187.0	1.530824
6188.0	1.519799
6189.0	1.487202
6190.0	1.53203
6191.0	1.468942
6192.0	1.50398
6193.0	1.475552
6194.0	1.457426
6195.0	1.412118
6196.0	1.388931
6197.0	1.422934
6198.0	1.373013
6199.0	1.410109
6200.0	1.378668
6201.0	1.391774
6202.0	1.349899
6203.0	1.307495
6204.0	1.316764
6205.0	1.304143
6206.0	1.337071
6207.0	1.308793
6208.0	1.317244
6209.0	1.32673
6210.0	1.332391
6211.0	1.302709
6212.0	1.263994
6213.0	1.332606
6214.0	1.291414
6215.0	1.254343
6216.0	1.20294
6217.0	1.246245
6218.0	1.250888
6219.0	1.225711
6220.0	1.250051
6221.0	1.277457
6222.0	1.235546
6223.0	1.237849
6224.0	1.199103
6225.0	1.223289
6226.0	1.189943
6227.0	1.206486
6228.0	1.1747
6229.0	1.178282
6230.0	1.160352
6231.0	1.177897
6232.0	1.164401
6233.0	1.135114
6234.0	1.158766
6235.0	1.166986
6236.0	1.174217
6237.0	1.150211
6238.0	1.145478
6239.0	1.184768
6240.0	1.141143
6241.0	1.186642
6242.0	1.142527
6243.0	1.067298
6244.0	1.105693
6245.0	1.146096
6246.0	1.155957
6247.0	1.173579
6248.0	1.144698
6249.0	1.128082
6250.0	1.155533
6251.0	1.201398
6252.0	1.184488
6253.0	1.164281
6254.0	1.174502
6255.0	1.16119
6256.0	1.146053
6257.0	1.190277
6258.0	1.158771
6259.0	1.158632
6260.0	1.135654
6261.0	1.153191
6262.0	1.162513
6263.0	1.171355
6264.0	1.19129
6265.0	1.163886
6266.0	1.202137
6267.0	1.197461
6268.0	1.196581
6269.0	1.188246
6270.0	1.195754
6271.0	1.195215
6272.0	1.197059
6273.0	1.227672
6274.0	1.222403
6275.0	1.195048
6276.0	1.255033
6277.0	1.25583
6278.0	1.241477
6279.0	1.233249
6280.0	1.247456
6281.0	1.220871
6282.0	1.222331
6283.0	1.225861
6284.0	1.246532
6285.0	1.200699
6286.0	1.297748
6287.0	1.289667
6288.0	1.291468
6289.0	1.351414
6290.0	1.307703
6291.0	1.312428
6292.0	1.320932
6293.0	1.351488
6294.0	1.329632
6295.0	1.38276
6296.0	1.343731
6297.0	1.365759
6298.0	1.324083
6299.0	1.293828
6300.0	1.354001
6301.0	1.417059
6302.0	1.384452
6303.0	1.396271
6304.0	1.37615
6305.0	1.324182
6306.0	1.406254
6307.0	1.418157
6308.0	1.384668
6309.0	1.35905
6310.0	1.365491
6311.0	1.430297
6312.0	1.429209
6313.0	1.440298
6314.0	1.443013
6315.0	1.437148
6316.0	1.408488
6317.0	1.385265
6318.0	1.384281
6319.0	1.379382
6320.0	1.448672
6321.0	1.448756
6322.0	1.455501
6323.0	1.471653
6324.0	1.520053
6325.0	1.470394
6326.0	1.50471
6327.0	1.517293
6328.0	1.517751
6329.0	1.554974
6330.0	1.521164
6331.0	1.486297
6332.0	1.508417
6333.0	1.496888
6334.0	1.549248
6335.0	1.532997
6336.0	1.506278
6337.0	1.512339
6338.0	1.532846
6339.0	1.487594
6340.0	1.478036
6341.0	1.455162
6342.0	1.448341
6343.0	1.475074
6344.0	1.486669
6345.0	1.473346
6346.0	1.467825
6347.0	1.506786
6348.0	1.523064
6349.0	1.527446
6350.0	1.50697
6351.0	1.543921
6352.0	1.543964
6353.0	1.52582
6354.0	1.555371
6355.0	1.533087
6356.0	1.534142
6357.0	1.533789
6358.0	1.529892
6359.0	1.576351
6360.0	1.579667
6361.0	1.596444
6362.0	1.598618
6363.0	1.594092
6364.0	1.611096
6365.0	1.547171
6366.0	1.587298
6367.0	1.579877
6368.0	1.573837
6369.0	1.519164
6370.0	1.522105
6371.0	1.561375
6372.0	1.508053
6373.0	1.533852
6374.0	1.575393
6375.0	1.561247
6376.0	1.524355
6377.0	1.584394
6378.0	1.599092
6379.0	1.604002
6380.0	1.596027
6381.0	1.59115
6382.0	1.610125
6383.0	1.614958
6384.0	1.584683
6385.0	1.638886
6386.0	1.604385
6387.0	1.609886
6388.0	1.638438
6389.0	1.615822
6390.0	1.590938
6391.0	1.601186
6392.0	1.554179
6393.0	1.603454
6394.0	1.608518
6395.0	1.57972
6396.0	1.580327
6397.0	1.601576
6398.0	1.56939
6399.0	1.535213
6400.0	1.560734
6401.0	1.561111
6402.0	1.594246
6403.0	1.577453
6404.0	1.619573
6405.0	1.561977
6406.0	1.553269
6407.0	1.592407
6408.0	1.587112
6409.0	1.600249
6410.0	1.560134
6411.0	1.622037
6412.0	1.566364
6413.0	1.534993
6414.0	1.553083
6415.0	1.580189
6416.0	1.577251
6417.0	1.55649
6418.0	1.578164
6419.0	1.563393
6420.0	1.573195
6421.0	1.578734
6422.0	1.589533
6423.0	1.597317
6424.0	1.519042
6425.0	1.531217
6426.0	1.511862
6427.0	1.524064
6428.0	1.534516
6429.0	1.585978
6430.0	1.564404
6431.0	1.539777
6432.0	1.541071
6433.0	1.534769
6434.0	1.549766
6435.0	1.546518
6436.0	1.569683
6437.0	1.501861
6438.0	1.523399
6439.0	1.526857
6440.0	1.53664
6441.0	1.566763
6442.0	1.530243
6443.0	1.543252
6444.0	1.555914
6445.0	1.52495
6446.0	1.595854
6447.0	1.548811
6448.0	1.589964
6449.0	1.548136
6450.0	1.541236
6451.0	1.644903
6452.0	1.620887
6453.0	1.593294
6454.0	1.590082
6455.0	1.57339
6456.0	1.585467
6457.0	1.562813
6458.0	1.561763
6459.0	1.605885
6460.0	1.596769
6461.0	1.595768
6462.0	1.576558
6463.0	1.550161
6464.0	1.530052
6465.0	1.552938
6466.0	1.564874
6467.0	1.578344
6468.0	1.514094
6469.0	1.554512
6470.0	1.543556
6471.0	1.504579
6472.0	1.523965
6473.0	1.50638
6474.0	1.515798
6475.0	1.531331
6476.0	1.596364
6477.0	1.545554
6478.0	1.518413
6479.0	1.561959
6480.0	1.539921
6481.0	1.575504
6482.0	1.511485
6483.0	1.546722
6484.0	1.479858
6485.0	1.467754
6486.0	1.568418
6487.0	1.558213
6488.0	1.554785
6489.0	1.516276
6490.0	1.539896
6491.0	1.539313
6492.0	1.531173
6493.0	1.55442
6494.0	1.508227
6495.0	1.454298
6496.0	1.503298
6497.0	1.513827
6498.0	1.497012
6499.0	1.50394
6500.0	1.502925
6501.0	1.517488
6502.0	1.522763
6503.0	1.48755
6504.0	1.504225
6505.0	1.491815
6506.0	1.473566
6507.0	1.569936
6508.0	1.54773
6509.0	1.578448
6510.0	1.552218
6511.0	1.491643
6512.0	1.552336
6513.0	1.489525
6514.0	1.499363
6515.0	1.483977
6516.0	1.480973
6517.0	1.465891
6518.0	1.458643
6519.0	1.503757
6520.0	1.462825
6521.0	1.486087
6522.0	1.523837
6523.0	1.47018
6524.0	1.505722
6525.0	1.458671
6526.0	1.515105
6527.0	1.551843
6528.0	1.50242
6529.0	1.51919
6530.0	1.495164
6531.0	1.539847
6532.0	1.527028
6533.0	1.473003
6534.0	1.487024
6535.0	1.473067
6536.0	1.537215
6537.0	1.522237
6538.0	1.504886
6539.0	1.509906
6540.0	1.486909
6541.0	1.512867
6542.0	1.457424
6543.0	1.478818
6544.0	1.419487
6545.0	1.401325
6546.0	1.464167
6547.0	1.432712
6548.0	1.397188
6549.0	1.406557
6550.0	1.423613
6551.0	1.402213
6552.0	1.457948
6553.0	1.476506
6554.0	1.417119
6555.0	1.456325
6556.0	1.483498
6557.0	1.471004
6558.0	1.48138
6559.0	1.49518
6560.0	1.501365
6561.0	1.510246
6562.0	1.502714
6563.0	1.467125
6564.0	1.477703
6565.0	1.426668
6566.0	1.482287
6567.0	1.550923
6568.0	1.476403
6569.0	1.459291
6570.0	1.462125
6571.0	1.471996
6572.0	1.430455
6573.0	1.446036
6574.0	1.513722
6575.0	1.469374
6576.0	1.507766
6577.0	1.482003
6578.0	1.447281
6579.0	1.446809
6580.0	1.458067
6581.0	1.446038
6582.0	1.465427
6583.0	1.461069
6584.0	1.465846
6585.0	1.453735
6586.0	1.432618
6587.0	1.446583
6588.0	1.438489
6589.0	1.431267
6590.0	1.456313
6591.0	1.480215
6592.0	1.464354
6593.0	1.462189
6594.0	1.515622
6595.0	1.477659
6596.0	1.457973
6597.0	1.439758
6598.0	1.45977
6599.0	1.456497
6600.0	1.500619
6601.0	1.442256
6602.0	1.459943
6603.0	1.512313
6604.0	1.493901
6605.0	1.461349
6606.0	1.493117
6607.0	1.425444
6608.0	1.494675
6609.0	1.469714
6610.0	1.400791
6611.0	1.443148
6612.0	1.448758
6613.0	1.490147
6614.0	1.487085
6615.0	1.449517
6616.0	1.497854
6617.0	1.489148
6618.0	1.456257
6619.0	1.477634
6620.0	1.432074
6621.0	1.420699
6622.0	1.448203
6623.0	1.450561
6624.0	1.440311
6625.0	1.451843
6626.0	1.485452
6627.0	1.469051
6628.0	1.45776
6629.0	1.476148
6630.0	1.476216
6631.0	1.480497
6632.0	1.506683
6633.0	1.484022
6634.0	1.457511
6635.0	1.49268
6636.0	1.468719
6637.0	1.461203
6638.0	1.45524
6639.0	1.420587
6640.0	1.430375
6641.0	1.425178
6642.0	1.449921
6643.0	1.440862
6644.0	1.423808
6645.0	1.471907
6646.0	1.477299
6647.0	1.488684
6648.0	1.481892
6649.0	1.461919
6650.0	1.474956
6651.0	1.513393
6652.0	1.478119
6653.0	1.472238
6654.0	1.462138
6655.0	1.453623
6656.0	1.455138
6657.0	1.465797
6658.0	1.505591
6659.0	1.473381
6660.0	1.499447
6661.0	1.494224
6662.0	1.449831
6663.0	1.498246
6664.0	1.444413
6665.0	1.471246
6666.0	1.47697
6667.0	1.45253
6668.0	1.483334
6669.0	1.460698
6670.0	1.483836
6671.0	1.511594
6672.0	1.469257
6673.0	1.485834
6674.0	1.480343
6675.0	1.489138
6676.0	1.484489
6677.0	1.478134
6678.0	1.458774
6679.0	1.414511
6680.0	1.473724
6681.0	1.443774
6682.0	1.455413
6683.0	1.444698
6684.0	1.416187
6685.0	1.481561
6686.0	1.436622
6687.0	1.439039
6688.0	1.414589
6689.0	1.396703
6690.0	1.438417
6691.0	1.423117
6692.0	1.45526
6693.0	1.472878
6694.0	1.434518
6695.0	1.491109
6696.0	1.499171
6697.0	1.510347
6698.0	1.528838
6699.0	1.532484
6700.0	1.50565
6701.0	1.455083
6702.0	1.497451
6703.0	1.508507
6704.0	1.497583
6705.0	1.508586
6706.0	1.470972
6707.0	1.43623
6708.0	1.469311
6709.0	1.47358
6710.0	1.487344
6711.0	1.470754
6712.0	1.423211
6713.0	1.468169
6714.0	1.443214
6715.0	1.452314
6716.0	1.507411
6717.0	1.498525
6718.0	1.487615
6719.0	1.520492
6720.0	1.464581
6721.0	1.475339
6722.0	1.413202
6723.0	1.441907
6724.0	1.500524
6725.0	1.494259
6726.0	1.466168
6727.0	1.444823
6728.0	1.440625
6729.0	1.532904
6730.0	1.533895
6731.0	1.509961
6732.0	1.494148
6733.0	1.465609
6734.0	1.476125
6735.0	1.513554
6736.0	1.456634
6737.0	1.454118
6738.0	1.463294
6739.0	1.460628
6740.0	1.473598
6741.0	1.494787
6742.0	1.448422
6743.0	1.459426
6744.0	1.435201
6745.0	1.405184
6746.0	1.455594
6747.0	1.408082
6748.0	1.426328
6749.0	1.41609
6750.0	1.419797
6751.0	1.415772
6752.0	1.384955
6753.0	1.356121
6754.0	1.404686
6755.0	1.408694
6756.0	1.412328
6757.0	1.424545
6758.0	1.38352
6759.0	1.409396
6760.0	1.420592
6761.0	1.379707
6762.0	1.418952
6763.0	1.444402
6764.0	1.422647
6765.0	1.41718
6766.0	1.3911
6767.0	1.41531
6768.0	1.428659
6769.0	1.416498
6770.0	1.43376
6771.0	1.375741
6772.0	1.393747
6773.0	1.408567
6774.0	1.442617
6775.0	1.457147
6776.0	1.419352
6777.0	1.459573
6778.0	1.490396
6779.0	1.430713
6780.0	1.435693
6781.0	1.423901
6782.0	1.440694
6783.0	1.397063
6784.0	1.383945
6785.0	1.360859
6786.0	1.418217
6787.0	1.382814
6788.0	1.365283
6789.0	1.3677
6790.0	1.393465
6791.0	1.364532
6792.0	1.388744
6793.0	1.393042
6794.0	1.342638
6795.0	1.382348
6796.0	1.376048
6797.0	1.437484
6798.0	1.369802
6799.0	1.365118
6800.0	1.358732
6801.0	1.361482
6802.0	1.411166
6803.0	1.403387
6804.0	1.349999
6805.0	1.360123
6806.0	1.319065
6807.0	1.353153
6808.0	1.398976
6809.0	1.36589
6810.0	1.347394
6811.0	1.416527
6812.0	1.373502
6813.0	1.364375
6814.0	1.348132
6815.0	1.384143
6816.0	1.381736
6817.0	1.316128
6818.0	1.345157
6819.0	1.358301
6820.0	1.297814
6821.0	1.338323
6822.0	1.301741
6823.0	1.292851
6824.0	1.349456
6825.0	1.344659
6826.0	1.302042
6827.0	1.31047
6828.0	1.366032
6829.0	1.346197
6830.0	1.332513
6831.0	1.321138
6832.0	1.306759
6833.0	1.312221
6834.0	1.29979
6835.0	1.298833
6836.0	1.369309
6837.0	1.315568
6838.0	1.303325
6839.0	1.331797
6840.0	1.304169
6841.0	1.339778
6842.0	1.332662
6843.0	1.336397
6844.0	1.306665
6845.0	1.26107
6846.0	1.330482
6847.0	1.311344
6848.0	1.282863
6849.0	1.322352
6850.0	1.268315
6851.0	1.32641
6852.0	1.325227
6853.0	1.308651
6854.0	1.282184
6855.0	1.270167
6856.0	1.271726
6857.0	1.300124
6858.0	1.241454
6859.0	1.279209
6860.0	1.291359
6861.0	1.263189
6862.0	1.297533
6863.0	1.265152
6864.0	1.219519
6865.0	1.253873
6866.0	1.317354
6867.0	1.300321
6868.0	1.279361
6869.0	1.309105
6870.0	1.242417
6871.0	1.26313
6872.0	1.274364
6873.0	1.244665
6874.0	1.246256
6875.0	1.260297
6876.0	1.23969
6877.0	1.272415
6878.0	1.294095
6879.0	1.299348
6880.0	1.241809
6881.0	1.267956
6882.0	1.25106
6883.0	1.240035
6884.0	1.296294
6885.0	1.272128
6886.0	1.223602
6887.0	1.258011
6888.0	1.25411
6889.0	1.220572
6890.0	1.231681
6891.0	1.238319
6892.0	1.234099
6893.0	1.230133
6894.0	1.188219
6895.0	1.250643
6896.0	1.214604
6897.0	1.236758
6898.0	1.298208
6899.0	1.231935
6900.0	1.233536
6901.0	1.244019
6902.0	1.228471
6903.0	1.249905
6904.0	1.274509
6905.0	1.203134
6906.0	1.237519
6907.0	1.270035
6908.0	1.2461
6909.0	1.275481
6910.0	1.18558
6911.0	1.19658
6912.0	1.140927
6913.0	1.21806
6914.0	1.242514
6915.0	1.220914
6916.0	1.210827
6917.0	1.215653
6918.0	1.215669
6919.0	1.218765
6920.0	1.169344
6921.0	1.203763
6922.0	1.185875
6923.0	1.211111
6924.0	1.172552
6925.0	1.160458
6926.0	1.219506
6927.0	1.192533
6928.0	1.214684
6929.0	1.189638
6930.0	1.184561
6931.0	1.236719
6932.0	1.210813
6933.0	1.152756
6934.0	1.21481
6935.0	1.173216
6936.0	1.175465
6937.0	1.215966
6938.0	1.159046
6939.0	1.170933
6940.0	1.192453
6941.0	1.156252
6942.0	1.148736
6943.0	1.144705
6944.0	1.118656
6945.0	1.151989
6946.0	1.188706
6947.0	1.160889
6948.0	1.162031
6949.0	1.131506
6950.0	1.14842
6951.0	1.195704
6952.0	1.150481
6953.0	1.227279
6954.0	1.196488
6955.0	1.186455
6956.0	1.191365
6957.0	1.194733
6958.0	1.198143
6959.0	1.188487
6960.0	1.172446
6961.0	1.179818
6962.0	1.235011
6963.0	1.214181
6964.0	1.222746
6965.0	1.231357
6966.0	1.223542
6967.0	1.232292
6968.0	1.199998
6969.0	1.238337
6970.0	1.252707
6971.0	1.248189
6972.0	1.232541
6973.0	1.266081
6974.0	1.205663
6975.0	1.255092
6976.0	1.237852
6977.0	1.237718
6978.0	1.217129
6979.0	1.208031
6980.0	1.228193
6981.0	1.229457
6982.0	1.229733
6983.0	1.221575
6984.0	1.244966
6985.0	1.224623
6986.0	1.174396
6987.0	1.217221
6988.0	1.148427
6989.0	1.148878
6990.0	1.146687
6991.0	1.137579
6992.0	1.164979
6993.0	1.152392
6994.0	1.175745
6995.0	1.187457
6996.0	1.165572
6997.0	1.15864
6998.0	1.177037
6999.0	1.232642
7000.0	1.214697
7001.0	1.165155
7002.0	1.17509
7003.0	1.207577
7004.0	1.1983
7005.0	1.177122
7006.0	1.171343
7007.0	1.13892
7008.0	1.149952
7009.0	1.203967
7010.0	1.130913
7011.0	1.174552
7012.0	1.199931
7013.0	1.197331
7014.0	1.150399
7015.0	1.155154
7016.0	1.133089
7017.0	1.203284
7018.0	1.190116
7019.0	1.100545
7020.0	1.194723
7021.0	1.168338
7022.0	1.188681
7023.0	1.1568
7024.0	1.172355
7025.0	1.230132
7026.0	1.186573
7027.0	1.153577
7028.0	1.15644
7029.0	1.131737
7030.0	1.108502
7031.0	1.152044
7032.0	1.177544
7033.0	1.205467
7034.0	1.232177
7035.0	1.197422
7036.0	1.190326
7037.0	1.201058
7038.0	1.16179
7039.0	1.104139
7040.0	1.179473
7041.0	1.166206
7042.0	1.145298
7043.0	1.172728
7044.0	1.143197
7045.0	1.157676
7046.0	1.178419
7047.0	1.153396
7048.0	1.235398
7049.0	1.216535
7050.0	1.125375
7051.0	1.178867
7052.0	1.14546
7053.0	1.210613
7054.0	1.185959
7055.0	1.183808
7056.0	1.113741
7057.0	1.100861
7058.0	1.136056
7059.0	1.14315
7060.0	1.16394
7061.0	1.144085
7062.0	1.118032
7063.0	1.148132
7064.0	1.163345
7065.0	1.166068
