#	 asassn16hz 
#	 UT date of observation: 20160907 
#	 Telescope/Instrument: SOAR/Goodman 
#	 Estimated Peak MJD: 57605.23 
#	 Estimated redshift: 0.025 
#	 Estimated Phase: 32.0 
#	 Published in Dettman et al. 2020 
#	 Observed barycentric wavelength (Angstroms)    F_lambda
3700.0	0.3210852
3702.0	0.3571277
3704.0	0.4207105
3706.0	0.3926157
3708.0	0.3765382
3710.0	0.3719622
3712.0	0.3583136
3714.0	0.3654492
3716.0	0.3586044
3718.0	0.4147413
3720.0	0.4155828
3722.0	0.4129418
3724.0	0.3836725
3726.0	0.3547845
3728.0	0.4356834
3730.0	0.3993269
3732.0	0.4787516
3734.0	0.4874313
3736.0	0.4289669
3738.0	0.4652134
3740.0	0.5052783
3742.0	0.4467429
3744.0	0.4730506
3746.0	0.5433502
3748.0	0.547253
3750.0	0.5105203
3752.0	0.5505396
3754.0	0.599765
3756.0	0.6201363
3758.0	0.6016867
3760.0	0.6031808
3762.0	0.5713
3764.0	0.6191626
3766.0	0.6586202
3768.0	0.6449968
3770.0	0.6049485
3772.0	0.5789219
3774.0	0.5932152
3776.0	0.582918
3778.0	0.5872476
3780.0	0.6350591
3782.0	0.6459212
3784.0	0.6420662
3786.0	0.6107871
3788.0	0.6494626
3790.0	0.6415431
3792.0	0.5833839
3794.0	0.5512251
3796.0	0.5869752
3798.0	0.6169112
3800.0	0.5893025
3802.0	0.6102728
3804.0	0.6567026
3806.0	0.6322123
3808.0	0.5813148
3810.0	0.5484341
3812.0	0.5795521
3814.0	0.5808955
3816.0	0.551953
3818.0	0.5900862
3820.0	0.6501613
3822.0	0.599539
3824.0	0.5211781
3826.0	0.4700727
3828.0	0.4648179
3830.0	0.5401785
3832.0	0.4895764
3834.0	0.4150206
3836.0	0.3993662
3838.0	0.3929732
3840.0	0.4124018
3842.0	0.3946737
3844.0	0.3677723
3846.0	0.357844
3848.0	0.3600454
3850.0	0.3547204
3852.0	0.3281578
3854.0	0.3218068
3856.0	0.2851017
3858.0	0.2765116
3860.0	0.2896605
3862.0	0.2776864
3864.0	0.3004469
3866.0	0.2763113
3868.0	0.240907
3870.0	0.2561947
3872.0	0.2559563
3874.0	0.2579278
3876.0	0.2439974
3878.0	0.2138215
3880.0	0.2280484
3882.0	0.2295393
3884.0	0.2159507
3886.0	0.2388316
3888.0	0.2380324
3890.0	0.2122866
3892.0	0.229016
3894.0	0.2214061
3896.0	0.2183024
3898.0	0.2478591
3900.0	0.2311823
3902.0	0.221614
3904.0	0.2326216
3906.0	0.2508466
3908.0	0.2487459
3910.0	0.2742977
3912.0	0.2978421
3914.0	0.2999898
3916.0	0.2952698
3918.0	0.3186902
3920.0	0.3455366
3922.0	0.3485358
3924.0	0.3511102
3926.0	0.3899187
3928.0	0.4147755
3930.0	0.4241545
3932.0	0.3930098
3934.0	0.390604
3936.0	0.4411943
3938.0	0.4960842
3940.0	0.4741859
3942.0	0.4657381
3944.0	0.5253708
3946.0	0.5655062
3948.0	0.528957
3950.0	0.5306785
3952.0	0.5378774
3954.0	0.5566038
3956.0	0.610267
3958.0	0.6184697
3960.0	0.6305244
3962.0	0.6100848
3964.0	0.5905132
3966.0	0.629322
3968.0	0.6616814
3970.0	0.7053155
3972.0	0.7510625
3974.0	0.729382
3976.0	0.7265233
3978.0	0.7390014
3980.0	0.759761
3982.0	0.7591623
3984.0	0.7450609
3986.0	0.7775869
3988.0	0.7888334
3990.0	0.8221563
3992.0	0.8479335
3994.0	0.8410378
3996.0	0.8371154
3998.0	0.8460708
4000.0	0.8744677
4002.0	0.8615059
4004.0	0.8532186
4006.0	0.8735981
4008.0	0.8828683
4010.0	0.8772386
4012.0	0.900991
4014.0	0.9433125
4016.0	0.9247346
4018.0	0.9258727
4020.0	0.981294
4022.0	0.9805287
4024.0	0.967352
4026.0	0.9577452
4028.0	1.002225
4030.0	0.9699637
4032.0	0.9198091
4034.0	0.9469883
4036.0	1.00492
4038.0	1.015293
4040.0	1.031133
4042.0	1.065374
4044.0	1.073019
4046.0	1.049433
4048.0	1.051066
4050.0	1.060415
4052.0	1.06275
4054.0	1.059737
4056.0	1.043586
4058.0	1.040169
4060.0	1.074076
4062.0	1.09978
4064.0	1.027206
4066.0	0.9759854
4068.0	0.9914449
4070.0	1.047735
4072.0	1.047574
4074.0	1.02455
4076.0	1.003137
4078.0	0.9729068
4080.0	0.953569
4082.0	0.9376776
4084.0	0.9529197
4086.0	0.9602271
4088.0	0.9454724
4090.0	0.8861868
4092.0	0.8333657
4094.0	0.8466513
4096.0	0.8918441
4098.0	0.8905661
4100.0	0.8351271
4102.0	0.8437616
4104.0	0.8419249
4106.0	0.7842915
4108.0	0.7774872
4110.0	0.7817916
4112.0	0.7585281
4114.0	0.7656649
4116.0	0.7623509
4118.0	0.7567775
4120.0	0.7469862
4122.0	0.7273182
4124.0	0.7146755
4126.0	0.7017414
4128.0	0.7060671
4130.0	0.678244
4132.0	0.6618395
4134.0	0.6809621
4136.0	0.7174785
4138.0	0.7298537
4140.0	0.7039595
4142.0	0.6726972
4144.0	0.663655
4146.0	0.6726444
4148.0	0.6512784
4150.0	0.6430379
4152.0	0.6525892
4154.0	0.6359869
4156.0	0.6498085
4158.0	0.6610391
4160.0	0.6175874
4162.0	0.6054906
4164.0	0.5960591
4166.0	0.5630693
4168.0	0.6045343
4170.0	0.6521791
4172.0	0.6122405
4174.0	0.5664851
4176.0	0.5886762
4178.0	0.597562
4180.0	0.5839962
4182.0	0.5823728
4184.0	0.5619468
4186.0	0.5775083
4188.0	0.608966
4190.0	0.5980669
4192.0	0.5806647
4194.0	0.5859541
4196.0	0.5746465
4198.0	0.5963432
4200.0	0.6321895
4202.0	0.6041963
4204.0	0.5885379
4206.0	0.6038057
4208.0	0.6347617
4210.0	0.6203758
4212.0	0.5809015
4214.0	0.5535725
4216.0	0.5472798
4218.0	0.5804195
4220.0	0.5831895
4222.0	0.576099
4224.0	0.5881497
4226.0	0.5983382
4228.0	0.5905052
4230.0	0.5777258
4232.0	0.5945218
4234.0	0.5876278
4236.0	0.574685
4238.0	0.5856506
4240.0	0.5703043
4242.0	0.584492
4244.0	0.6113638
4246.0	0.5924965
4248.0	0.5737678
4250.0	0.5807468
4252.0	0.6104819
4254.0	0.6106842
4256.0	0.5988176
4258.0	0.6360844
4260.0	0.6331822
4262.0	0.6370054
4264.0	0.635946
4266.0	0.6130737
4268.0	0.5866414
4270.0	0.5943161
4272.0	0.6376349
4274.0	0.6423315
4276.0	0.6298968
4278.0	0.6326458
4280.0	0.6109092
4282.0	0.6068797
4284.0	0.6426808
4286.0	0.6388719
4288.0	0.6578053
4290.0	0.660861
4292.0	0.6725765
4294.0	0.6281493
4296.0	0.6229165
4298.0	0.6823618
4300.0	0.6891534
4302.0	0.6699681
4304.0	0.6746135
4306.0	0.6820547
4308.0	0.6443772
4310.0	0.6581689
4312.0	0.6697839
4314.0	0.6417401
4316.0	0.6349468
4318.0	0.6480504
4320.0	0.6960415
4322.0	0.6618327
4324.0	0.6431955
4326.0	0.678692
4328.0	0.6270124
4330.0	0.6550902
4332.0	0.6862473
4334.0	0.7124497
4336.0	0.6988596
4338.0	0.6492113
4340.0	0.6645834
4342.0	0.6621176
4344.0	0.7009267
4346.0	0.7432401
4348.0	0.717901
4350.0	0.6689038
4352.0	0.6952384
4354.0	0.7115709
4356.0	0.7034127
4358.0	0.759749
4360.0	0.7320388
4362.0	0.6943719
4364.0	0.6789222
4366.0	0.7162192
4368.0	0.7110985
4370.0	0.7164949
4372.0	0.6625882
4374.0	0.6920767
4376.0	0.7488071
4378.0	0.7831244
4380.0	0.7498242
4382.0	0.7736931
4384.0	0.7745926
4386.0	0.7597642
4388.0	0.7427989
4390.0	0.761735
4392.0	0.7560543
4394.0	0.7901534
4396.0	0.7839537
4398.0	0.7990162
4400.0	0.8147688
4402.0	0.8157916
4404.0	0.8444543
4406.0	0.8640751
4408.0	0.842071
4410.0	0.7747747
4412.0	0.7553762
4414.0	0.7658234
4416.0	0.7910364
4418.0	0.8048553
4420.0	0.792065
4422.0	0.7763713
4424.0	0.797053
4426.0	0.8159353
4428.0	0.7608614
4430.0	0.7558653
4432.0	0.7723618
4434.0	0.7324418
4436.0	0.7720599
4438.0	0.7420629
4440.0	0.7631612
4442.0	0.7113218
4444.0	0.6678544
4446.0	0.676132
4448.0	0.6836655
4450.0	0.6682392
4452.0	0.6834074
4454.0	0.6467777
4456.0	0.6206191
4458.0	0.6308727
4460.0	0.5888546
4462.0	0.5770582
4464.0	0.5927907
4466.0	0.5781838
4468.0	0.5752006
4470.0	0.5958022
4472.0	0.5717939
4474.0	0.5367646
4476.0	0.5162269
4478.0	0.5139263
4480.0	0.5502974
4482.0	0.5427912
4484.0	0.496035
4486.0	0.4988647
4488.0	0.5071496
4490.0	0.5030958
4492.0	0.4987807
4494.0	0.4966901
4496.0	0.4803078
4498.0	0.4643932
4500.0	0.4508854
4502.0	0.4731957
4504.0	0.4635605
4506.0	0.4433872
4508.0	0.4549565
4510.0	0.4356361
4512.0	0.4027638
4514.0	0.4136035
4516.0	0.4375735
4518.0	0.4440272
4520.0	0.4079825
4522.0	0.4001939
4524.0	0.4458421
4526.0	0.441171
4528.0	0.4241298
4530.0	0.4463331
4532.0	0.4441622
4534.0	0.4345645
4536.0	0.4440931
4538.0	0.4511103
4540.0	0.4488547
4542.0	0.4406922
4544.0	0.4425764
4546.0	0.4582953
4548.0	0.4491681
4550.0	0.4530145
4552.0	0.4409444
4554.0	0.4214593
4556.0	0.4483168
4558.0	0.485247
4560.0	0.4872482
4562.0	0.4601424
4564.0	0.4657751
4566.0	0.4751374
4568.0	0.4874491
4570.0	0.5069208
4572.0	0.5122073
4574.0	0.5235346
4576.0	0.5443376
4578.0	0.5347173
4580.0	0.5173893
4582.0	0.5448385
4584.0	0.5694337
4586.0	0.5751196
4588.0	0.569295
4590.0	0.5808988
4592.0	0.606598
4594.0	0.6003177
4596.0	0.6024401
4598.0	0.6201332
4600.0	0.6329759
4602.0	0.6838668
4604.0	0.6893352
4606.0	0.6547226
4608.0	0.6689911
4610.0	0.7065188
4612.0	0.726248
4614.0	0.730598
4616.0	0.7557022
4618.0	0.7645176
4620.0	0.7848119
4622.0	0.8320451
4624.0	0.8036534
4626.0	0.7978727
4628.0	0.8416309
4630.0	0.8431906
4632.0	0.8232417
4634.0	0.8733486
4636.0	0.9248571
4638.0	0.9312541
4640.0	0.9552745
4642.0	0.9576011
4644.0	0.9766791
4646.0	1.007136
4648.0	1.046999
4650.0	1.087509
4652.0	1.1085
4654.0	1.13981
4656.0	1.151117
4658.0	1.124018
4660.0	1.052479
4662.0	1.04073
4664.0	1.221514
4666.0	1.352835
4668.0	1.255522
4670.0	1.271088
4672.0	1.312728
4674.0	1.338153
4676.0	1.364269
4678.0	1.406086
4680.0	1.407527
4682.0	1.411644
4684.0	1.425083
4686.0	1.428113
4688.0	1.473203
4690.0	1.472418
4692.0	1.450884
4694.0	1.452984
4696.0	1.507278
4698.0	1.517319
4700.0	1.48993
4702.0	1.500977
4704.0	1.533192
4706.0	1.539091
4708.0	1.535371
4710.0	1.544222
4712.0	1.533161
4714.0	1.525867
4716.0	1.565012
4718.0	1.606005
4720.0	1.593516
4722.0	1.593969
4724.0	1.593605
4726.0	1.572713
4728.0	1.621487
4730.0	1.645949
4732.0	1.593593
4734.0	1.601407
4736.0	1.59949
4738.0	1.572815
4740.0	1.554697
4742.0	1.551856
4744.0	1.549258
4746.0	1.525303
4748.0	1.489776
4750.0	1.477416
4752.0	1.457565
4754.0	1.452743
4756.0	1.428647
4758.0	1.374719
4760.0	1.359876
4762.0	1.33472
4764.0	1.322671
4766.0	1.285984
4768.0	1.264285
4770.0	1.256404
4772.0	1.238896
4774.0	1.233404
4776.0	1.192618
4778.0	1.153037
4780.0	1.111833
4782.0	1.090546
4784.0	1.067163
4786.0	1.023145
4788.0	1.010259
4790.0	1.000705
4792.0	0.9736715
4794.0	0.9601653
4796.0	0.976166
4798.0	0.9742
4800.0	0.920618
4802.0	0.8671609
4804.0	0.851116
4806.0	0.8312141
4808.0	0.8054807
4810.0	0.7865074
4812.0	0.8032769
4814.0	0.7942768
4816.0	0.7639942
4818.0	0.7397329
4820.0	0.7531805
4822.0	0.7561875
4824.0	0.7209332
4826.0	0.6992659
4828.0	0.6900457
4830.0	0.6765976
4832.0	0.6697432
4834.0	0.6621513
4836.0	0.6513204
4838.0	0.6297246
4840.0	0.6083222
4842.0	0.5926591
4844.0	0.5751029
4846.0	0.5701312
4848.0	0.5831284
4850.0	0.5726471
4852.0	0.5527546
4854.0	0.5482517
4856.0	0.5548622
4858.0	0.5471932
4860.0	0.5513769
4862.0	0.5564281
4864.0	0.5441104
4866.0	0.5514307
4868.0	0.5504971
4870.0	0.5847623
4872.0	0.5851259
4874.0	0.5758496
4876.0	0.5870858
4878.0	0.5919564
4880.0	0.6035298
4882.0	0.626704
4884.0	0.6491455
4886.0	0.6431751
4888.0	0.6497889
4890.0	0.6637272
4892.0	0.7043636
4894.0	0.7078065
4896.0	0.7021137
4898.0	0.7369136
4900.0	0.748073
4902.0	0.749002
4904.0	0.7686588
4906.0	0.7826027
4908.0	0.7872674
4910.0	0.7919473
4912.0	0.7841363
4914.0	0.794503
4916.0	0.8031057
4918.0	0.8047346
4920.0	0.7816237
4922.0	0.7672835
4924.0	0.7644231
4926.0	0.7337487
4928.0	0.7315765
4930.0	0.7327117
4932.0	0.7334378
4934.0	0.7221626
4936.0	0.7067882
4938.0	0.7415556
4940.0	0.7637093
4942.0	0.7277192
4944.0	0.7092155
4946.0	0.7061787
4948.0	0.6935971
4950.0	0.6862946
4952.0	0.7011522
4954.0	0.7148258
4956.0	0.7303601
4958.0	0.7145465
4960.0	0.6907736
4962.0	0.6989235
4964.0	0.7264591
4966.0	0.7456765
4968.0	0.7398454
4970.0	0.775566
4972.0	0.7896045
4974.0	0.7749763
4976.0	0.7702675
4978.0	0.8030694
4980.0	0.861154
4982.0	0.8873448
4984.0	0.8944803
4986.0	0.8974564
4988.0	0.8868707
4990.0	0.8682716
4992.0	0.8817421
4994.0	0.8956069
4996.0	0.9161985
4998.0	0.9490653
5000.0	0.9629702
5002.0	0.9803545
5004.0	1.014442
5006.0	1.026902
5008.0	1.033894
5010.0	1.057257
5012.0	1.101723
5014.0	1.117178
5016.0	1.13133
5018.0	1.158739
5020.0	1.19311
5022.0	1.245765
5024.0	1.274055
5026.0	1.258822
5028.0	1.263381
5030.0	1.313345
5032.0	1.363155
5034.0	1.374407
5036.0	1.38048
5038.0	1.391054
5040.0	1.433486
5042.0	1.479201
5044.0	1.441646
5046.0	1.424362
5048.0	1.490824
5050.0	1.471432
5052.0	1.456725
5054.0	1.505523
5056.0	1.50166
5058.0	1.431539
5060.0	1.371558
5062.0	1.378403
5064.0	1.365416
5066.0	1.36247
5068.0	1.314271
5070.0	1.263656
5072.0	1.244573
5074.0	1.20057
5076.0	1.180524
5078.0	1.163465
5080.0	1.15168
5082.0	1.145977
5084.0	1.122773
5086.0	1.08466
5088.0	1.068053
5090.0	1.057304
5092.0	1.053455
5094.0	1.041182
5096.0	1.008816
5098.0	0.9776433
5100.0	0.9607936
5102.0	0.9589303
5104.0	0.9364234
5106.0	0.9136708
5108.0	0.9009332
5110.0	0.9029917
5112.0	0.8957203
5114.0	0.8507765
5116.0	0.84437
5118.0	0.8435753
5120.0	0.8113087
5122.0	0.7992874
5124.0	0.8110934
5126.0	0.8386108
5128.0	0.8417499
5130.0	0.8344026
5132.0	0.8307076
5134.0	0.8321631
5136.0	0.8079973
5138.0	0.7683002
5140.0	0.7868614
5142.0	0.7967736
5144.0	0.7641096
5146.0	0.7354658
5148.0	0.7172926
5150.0	0.7268473
5152.0	0.7466099
5154.0	0.7456332
5156.0	0.7210379
5158.0	0.7244669
5160.0	0.7149822
5162.0	0.7046317
5164.0	0.7255744
5166.0	0.707698
5168.0	0.7065877
5170.0	0.7055237
5172.0	0.6857325
5174.0	0.688
5176.0	0.6945821
5178.0	0.7003471
5180.0	0.6971309
5182.0	0.6965516
5184.0	0.702796
5186.0	0.6908534
5188.0	0.68859
5190.0	0.6784576
5192.0	0.6740646
5194.0	0.6675504
5196.0	0.6588992
5198.0	0.7096958
5200.0	0.684113
5202.0	0.6611199
5204.0	0.6695752
5206.0	0.6702574
5208.0	0.6736823
5210.0	0.6534371
5212.0	0.6347354
5214.0	0.6399771
5216.0	0.6595893
5218.0	0.6647274
5220.0	0.6921499
5222.0	0.6884049
5224.0	0.653924
5226.0	0.6526724
5228.0	0.6456122
5230.0	0.6680213
5232.0	0.6639431
5234.0	0.6484591
5236.0	0.6391869
5238.0	0.6481475
5240.0	0.6409026
5242.0	0.656525
5244.0	0.664141
5246.0	0.6478483
5248.0	0.6370339
5250.0	0.65513
5252.0	0.6474788
5254.0	0.6456351
5256.0	0.6695802
5258.0	0.6725776
5260.0	0.6443447
5262.0	0.6722208
5264.0	0.6890293
5266.0	0.7052168
5268.0	0.6983775
5270.0	0.6817293
5272.0	0.6902474
5274.0	0.6961833
5276.0	0.7213602
5278.0	0.7389398
5280.0	0.7241573
5282.0	0.7184166
5284.0	0.7354763
5286.0	0.7153897
5288.0	0.7218116
5290.0	0.7354075
5292.0	0.7666881
5294.0	0.802711
5296.0	0.7681513
5298.0	0.7250666
5300.0	0.7630693
5302.0	0.8145553
5304.0	0.8209304
5306.0	0.794785
5308.0	0.8157763
5310.0	0.825706
5312.0	0.8392882
5314.0	0.8558547
5316.0	0.842582
5318.0	0.8652167
5320.0	0.8698766
5322.0	0.8541215
5324.0	0.8827152
5326.0	0.914467
5328.0	0.9173163
5330.0	0.9254593
5332.0	0.9417522
5334.0	0.95968
5336.0	0.9700792
5338.0	0.9700695
5340.0	1.011619
5342.0	1.039171
5344.0	0.9978669
5346.0	0.9929697
5348.0	1.039818
5350.0	1.068885
5352.0	1.075397
5354.0	1.078955
5356.0	1.071457
5358.0	1.090495
5360.0	1.139822
5362.0	1.137019
5364.0	1.152009
5366.0	1.165479
5368.0	1.182319
5370.0	1.168305
5372.0	1.173543
5374.0	1.166689
5376.0	1.153223
5378.0	1.188171
5380.0	1.224672
5382.0	1.241373
5384.0	1.230203
5386.0	1.252996
5388.0	1.280344
5390.0	1.265315
5392.0	1.271289
5394.0	1.292383
5396.0	1.313955
5398.0	1.335438
5400.0	1.350273
5402.0	1.324815
5404.0	1.330844
5406.0	1.353285
5408.0	1.381387
5410.0	1.409104
5412.0	1.419617
5414.0	1.409672
5416.0	1.416615
5418.0	1.440569
5420.0	1.470976
5422.0	1.451224
5424.0	1.415969
5426.0	1.426694
5428.0	1.463162
5430.0	1.473003
5432.0	1.453363
5434.0	1.443646
5436.0	1.489425
5438.0	1.489256
5440.0	1.42199
5442.0	1.390224
5444.0	1.381762
5446.0	1.418725
5448.0	1.444896
5450.0	1.440581
5452.0	1.42331
5454.0	1.378271
5456.0	1.35843
5458.0	1.36531
5460.0	1.387158
5462.0	1.395511
5464.0	1.391499
5466.0	1.383148
5468.0	1.388167
5470.0	1.385806
5472.0	1.356471
5474.0	1.346754
5476.0	1.346434
5478.0	1.36179
5480.0	1.359758
5482.0	1.332983
5484.0	1.329954
5486.0	1.337057
5488.0	1.330833
5490.0	1.326356
5492.0	1.332515
5494.0	1.321839
5496.0	1.316648
5498.0	1.340233
5500.0	1.369658
5502.0	1.393181
5504.0	1.414125
5506.0	1.409027
5508.0	1.426382
5510.0	1.443358
5512.0	1.437958
5514.0	1.464588
5516.0	1.502882
5518.0	1.504913
5520.0	1.512022
5522.0	1.525572
5524.0	1.544943
5526.0	1.578941
5528.0	1.594702
5530.0	1.602701
5532.0	1.617215
5534.0	1.649168
5536.0	1.662702
5538.0	1.663058
5540.0	1.675633
5542.0	1.691717
5544.0	1.706637
5546.0	1.722062
5548.0	1.729511
5550.0	1.73734
5552.0	1.756687
5554.0	1.784325
5556.0	1.83938
5558.0	1.863392
5560.0	1.8542
5562.0	1.901198
5564.0	1.926636
5566.0	1.919968
5568.0	1.949174
5570.0	1.969444
5572.0	1.958132
5574.0	1.981833
5576.0	2.042028
5578.0	2.11184
5580.0	2.102312
5582.0	2.10158
5584.0	2.16373
5586.0	2.190456
5588.0	2.212091
5590.0	2.230303
5592.0	2.220826
5594.0	2.266637
5596.0	2.317756
5598.0	2.305773
5600.0	2.321672
5602.0	2.365579
5604.0	2.387773
5606.0	2.412341
5608.0	2.435728
5610.0	2.434839
5612.0	2.486489
5614.0	2.532501
5616.0	2.536426
5618.0	2.564837
5620.0	2.54219
5622.0	2.534881
5624.0	2.623058
5626.0	2.672074
5628.0	2.660164
5630.0	2.643822
5632.0	2.630239
5634.0	2.702267
5636.0	2.758264
5638.0	2.741138
5640.0	2.745622
5642.0	2.769115
5644.0	2.788538
5646.0	2.797334
5648.0	2.777275
5650.0	2.7867
5652.0	2.765453
5654.0	2.812549
5656.0	2.867531
5658.0	2.834053
5660.0	2.803957
5662.0	2.831505
5664.0	2.834401
5666.0	2.847707
5668.0	2.899778
5670.0	2.849963
5672.0	2.828451
5674.0	2.823154
5676.0	2.823536
5678.0	2.820789
5680.0	2.823915
5682.0	2.846186
5684.0	2.894073
5686.0	2.856201
5688.0	2.868177
5690.0	2.907469
5692.0	2.860778
5694.0	2.83952
5696.0	2.829603
5698.0	2.828023
5700.0	2.834213
5702.0	2.813194
5704.0	2.835848
5706.0	2.838206
5708.0	2.819868
5710.0	2.804411
5712.0	2.777469
5714.0	2.811328
5716.0	2.795075
5718.0	2.755872
5720.0	2.745549
5722.0	2.752727
5724.0	2.750467
5726.0	2.685389
5728.0	2.608098
5730.0	2.605049
5732.0	2.622262
5734.0	2.626373
5736.0	2.586928
5738.0	2.561647
5740.0	2.571382
5742.0	2.57403
5744.0	2.559376
5746.0	2.499882
5748.0	2.477985
5750.0	2.444745
5752.0	2.447076
5754.0	2.41957
5756.0	2.380085
5758.0	2.382669
5760.0	2.318131
5762.0	2.248288
5764.0	2.266205
5766.0	2.278166
5768.0	2.232651
5770.0	2.209528
5772.0	2.15699
5774.0	2.12011
5776.0	2.141996
5778.0	2.05869
5780.0	2.030701
5782.0	2.036819
5784.0	2.029544
5786.0	2.017829
5788.0	1.968602
5790.0	1.994104
5792.0	1.977246
5794.0	1.919969
5796.0	1.904766
5798.0	1.907326
5800.0	1.901733
5802.0	1.864419
5804.0	1.818757
5806.0	1.815073
5808.0	1.843632
5810.0	1.806969
5812.0	1.80042
5814.0	1.799886
5816.0	1.792878
5818.0	1.745102
5820.0	1.723182
5822.0	1.738433
5824.0	1.722772
5826.0	1.723543
5828.0	1.715809
5830.0	1.668242
5832.0	1.647412
5834.0	1.658061
5836.0	1.637917
5838.0	1.631939
5840.0	1.660663
5842.0	1.621669
5844.0	1.574744
5846.0	1.613599
5848.0	1.638254
5850.0	1.60057
5852.0	1.600268
5854.0	1.630119
5856.0	1.659092
5858.0	1.636519
5860.0	1.609375
5862.0	1.620327
5864.0	1.593791
5866.0	1.556461
5868.0	1.573276
5870.0	1.567936
5872.0	1.584269
5874.0	1.6524
5876.0	1.724097
5878.0	1.718346
5880.0	1.63517
5882.0	1.618541
5884.0	1.626745
5886.0	1.638094
5888.0	1.67149
5890.0	1.642079
5892.0	1.638556
5894.0	1.69285
5896.0	1.686351
5898.0	1.692518
5900.0	1.731233
5902.0	1.742431
5904.0	1.707455
5906.0	1.744858
5908.0	1.799224
5910.0	1.775643
5912.0	1.755808
5914.0	1.789989
5916.0	1.831944
5918.0	1.845732
5920.0	1.861089
5922.0	1.824713
5924.0	1.834924
5926.0	1.858032
5928.0	1.836584
5930.0	1.886427
5932.0	1.903645
5934.0	1.895713
5936.0	1.8904
5938.0	1.873475
5940.0	1.892542
5942.0	1.935259
5944.0	1.969979
5946.0	1.956989
5948.0	1.947643
5950.0	1.948962
5952.0	1.952567
5954.0	1.960011
5956.0	1.953505
5958.0	1.957257
5960.0	1.933977
5962.0	1.947028
5964.0	1.97524
5966.0	1.970283
5968.0	1.963472
5970.0	1.97805
5972.0	1.973127
5974.0	2.002018
5976.0	2.006217
5978.0	1.958673
5980.0	1.95491
5982.0	2.03168
5984.0	2.037993
5986.0	1.996483
5988.0	2.018635
5990.0	2.040382
5992.0	2.009572
5994.0	1.995908
5996.0	2.007416
5998.0	1.949942
6000.0	1.909313
6002.0	1.935245
6004.0	1.942252
6006.0	1.931585
6008.0	1.908728
6010.0	1.887813
6012.0	1.87884
6014.0	1.875828
6016.0	1.843943
6018.0	1.818163
6020.0	1.863087
6022.0	1.844853
6024.0	1.834514
6026.0	1.825212
6028.0	1.789806
6030.0	1.773377
6032.0	1.764119
6034.0	1.718681
6036.0	1.647919
6038.0	1.552084
6040.0	1.531268
6042.0	1.540083
6044.0	1.5184
6046.0	1.545233
6048.0	1.615268
6050.0	1.627716
6052.0	1.65482
6054.0	1.628696
6056.0	1.636132
6058.0	1.625174
6060.0	1.588912
6062.0	1.583444
6064.0	1.571263
6066.0	1.550465
6068.0	1.527182
6070.0	1.548141
6072.0	1.518576
6074.0	1.464978
6076.0	1.465228
6078.0	1.474624
6080.0	1.464524
6082.0	1.433927
6084.0	1.419398
6086.0	1.385525
6088.0	1.357704
6090.0	1.344533
6092.0	1.324807
6094.0	1.304208
6096.0	1.302821
6098.0	1.306211
6100.0	1.296326
6102.0	1.26455
6104.0	1.263092
6106.0	1.248484
6108.0	1.207878
6110.0	1.196883
6112.0	1.192023
6114.0	1.182328
6116.0	1.172408
6118.0	1.164822
6120.0	1.161985
6122.0	1.160463
6124.0	1.123902
6126.0	1.111633
6128.0	1.118982
6130.0	1.119968
6132.0	1.129765
6134.0	1.120771
6136.0	1.114797
6138.0	1.109638
6140.0	1.109829
6142.0	1.12879
6144.0	1.114836
6146.0	1.082924
6148.0	1.054688
6150.0	1.068185
6152.0	1.076194
6154.0	1.085974
6156.0	1.071599
6158.0	1.066283
6160.0	1.07593
6162.0	1.080504
6164.0	1.070636
6166.0	1.050727
6168.0	1.042742
6170.0	1.030681
6172.0	1.037885
6174.0	1.032599
6176.0	1.019906
6178.0	1.004439
6180.0	0.9998842
6182.0	1.001474
6184.0	1.019382
6186.0	1.024292
6188.0	1.006372
6190.0	1.013747
6192.0	1.025006
6194.0	1.0111
6196.0	1.009809
6198.0	1.009864
6200.0	1.003797
6202.0	0.9874514
6204.0	1.000414
6206.0	1.029283
6208.0	1.01824
6210.0	1.00575
6212.0	1.003432
6214.0	1.007132
6216.0	1.008938
6218.0	0.9926723
6220.0	0.994685
6222.0	1.021236
6224.0	1.046974
6226.0	1.048863
6228.0	1.02971
6230.0	1.00893
6232.0	1.01967
6234.0	1.042839
6236.0	1.032954
6238.0	1.019416
6240.0	1.021752
6242.0	1.01993
6244.0	1.010296
6246.0	0.9968651
6248.0	0.993621
6250.0	1.018226
6252.0	1.036838
6254.0	1.037647
6256.0	1.033442
6258.0	1.022154
6260.0	1.0086
6262.0	1.014303
6264.0	0.9921173
6266.0	0.9536853
6268.0	0.9562902
6270.0	0.9733302
6272.0	0.9844357
6274.0	0.9568511
6276.0	0.9187497
6278.0	0.9110857
6280.0	0.9255058
6282.0	0.931812
6284.0	0.9056957
6286.0	0.8892356
6288.0	0.8922334
6290.0	0.8813318
6292.0	0.8745159
6294.0	0.8674913
6296.0	0.8683842
6298.0	0.8876527
6300.0	0.8727154
6302.0	0.843863
6304.0	0.8257181
6306.0	0.8504182
6308.0	0.8623971
6310.0	0.8402503
6312.0	0.8558598
6314.0	0.8760512
6316.0	0.8908514
6318.0	0.8878059
6320.0	0.8832344
6322.0	0.8890887
6324.0	0.8952272
6326.0	0.9078556
6328.0	0.9343079
6330.0	0.9531047
6332.0	0.9529087
6334.0	0.9669342
6336.0	0.9882596
6338.0	1.005733
6340.0	1.018216
6342.0	1.029554
6344.0	1.038042
6346.0	1.062885
6348.0	1.079243
6350.0	1.073383
6352.0	1.067478
6354.0	1.069473
6356.0	1.101276
6358.0	1.113308
6360.0	1.090344
6362.0	1.092804
6364.0	1.110997
6366.0	1.126331
6368.0	1.118533
6370.0	1.091822
6372.0	1.091864
6374.0	1.098894
6376.0	1.094683
6378.0	1.079217
6380.0	1.091906
6382.0	1.087752
6384.0	1.061721
6386.0	1.041247
6388.0	1.030635
6390.0	1.038925
6392.0	1.039252
6394.0	1.012865
6396.0	1.012416
6398.0	1.025878
6400.0	1.015933
6402.0	1.010822
6404.0	1.013947
6406.0	1.006324
6408.0	1.017965
6410.0	1.003973
6412.0	1.011668
6414.0	1.013348
6416.0	1.014937
6418.0	1.025344
6420.0	1.021832
6422.0	1.015766
6424.0	1.030766
6426.0	1.014409
6428.0	1.018048
6430.0	1.046129
6432.0	1.036983
6434.0	1.034649
6436.0	1.050695
6438.0	1.041526
6440.0	1.033716
6442.0	1.015927
6444.0	1.061161
6446.0	1.080457
6448.0	1.094401
6450.0	1.084583
6452.0	1.095564
6454.0	1.093117
6456.0	1.116325
6458.0	1.126023
6460.0	1.150217
6462.0	1.173941
6464.0	1.168414
6466.0	1.126027
6468.0	1.161642
6470.0	1.173375
6472.0	1.201874
6474.0	1.201798
6476.0	1.18222
6478.0	1.216032
6480.0	1.227583
6482.0	1.222416
6484.0	1.252437
6486.0	1.289682
6488.0	1.283146
6490.0	1.256922
6492.0	1.284865
6494.0	1.336458
6496.0	1.332903
6498.0	1.329427
6500.0	1.386711
6502.0	1.397468
6504.0	1.394732
6506.0	1.400605
6508.0	1.430558
6510.0	1.432998
6512.0	1.471679
6514.0	1.482176
6516.0	1.489347
6518.0	1.468735
6520.0	1.487887
6522.0	1.514563
6524.0	1.508514
6526.0	1.536941
6528.0	1.611182
6530.0	1.577698
6532.0	1.560823
6534.0	1.6143
6536.0	1.61897
6538.0	1.610078
6540.0	1.651664
6542.0	1.696151
6544.0	1.679437
6546.0	1.659142
6548.0	1.716027
6550.0	1.721864
6552.0	1.726837
6554.0	1.779992
6556.0	1.799328
6558.0	1.81541
6560.0	1.822982
6562.0	1.861401
6564.0	1.86104
6566.0	1.844681
6568.0	1.872155
6570.0	1.896038
6572.0	1.943746
6574.0	1.921927
6576.0	1.947933
6578.0	1.969545
6580.0	1.985737
6582.0	2.037097
6584.0	2.056386
6586.0	2.07637
6588.0	2.066087
6590.0	2.060575
6592.0	2.102923
6594.0	2.127754
6596.0	2.099617
6598.0	2.08177
6600.0	2.17559
6602.0	2.212243
6604.0	2.18774
6606.0	2.22401
6608.0	2.240958
6610.0	2.246749
6612.0	2.259807
6614.0	2.260599
6616.0	2.232365
6618.0	2.248018
6620.0	2.274786
6622.0	2.289117
6624.0	2.353422
6626.0	2.387784
6628.0	2.375221
6630.0	2.362952
6632.0	2.391819
6634.0	2.370264
6636.0	2.369594
6638.0	2.378247
6640.0	2.397204
6642.0	2.414364
6644.0	2.375994
6646.0	2.403927
6648.0	2.425838
6650.0	2.409214
6652.0	2.428462
6654.0	2.43899
6656.0	2.463279
6658.0	2.464549
6660.0	2.435548
6662.0	2.439672
6664.0	2.447339
6666.0	2.472464
6668.0	2.465393
6670.0	2.516518
6672.0	2.484839
6674.0	2.472105
6676.0	2.486369
6678.0	2.496261
6680.0	2.485672
6682.0	2.404902
6684.0	2.465628
6686.0	2.458084
6688.0	2.507493
6690.0	2.48753
6692.0	2.43704
6694.0	2.487708
6696.0	2.465348
6698.0	2.436773
6700.0	2.436651
6702.0	2.441718
6704.0	2.450233
6706.0	2.456156
6708.0	2.457005
6710.0	2.511851
6712.0	2.508837
6714.0	2.582506
6716.0	2.530815
6718.0	2.443581
6720.0	2.435446
6722.0	2.518625
6724.0	2.602618
6726.0	2.679416
6728.0	2.717269
6730.0	2.692487
6732.0	2.543613
6734.0	2.419789
6736.0	2.40328
6738.0	2.398412
6740.0	2.399456
6742.0	2.370737
6744.0	2.363526
6746.0	2.382843
6748.0	2.408134
6750.0	2.395734
6752.0	2.360759
6754.0	2.322945
6756.0	2.2962
6758.0	2.305328
6760.0	2.298851
6762.0	2.251395
6764.0	2.244251
6766.0	2.250821
6768.0	2.210142
6770.0	2.196431
6772.0	2.206392
6774.0	2.235227
6776.0	2.213465
6778.0	2.159133
6780.0	2.122935
6782.0	2.079321
6784.0	2.085267
6786.0	2.080391
6788.0	2.072463
6790.0	2.067364
6792.0	2.067923
6794.0	2.020895
6796.0	2.005987
6798.0	1.991008
6800.0	1.970415
6802.0	1.938462
6804.0	1.881884
6806.0	1.865589
6808.0	1.872563
6810.0	1.897064
6812.0	1.869437
6814.0	1.836518
6816.0	1.790929
6818.0	1.768649
6820.0	1.772719
6822.0	1.752084
6824.0	1.751272
6826.0	1.711806
6828.0	1.700289
6830.0	1.697603
6832.0	1.677803
6834.0	1.643696
6836.0	1.599713
6838.0	1.579983
6840.0	1.574585
6842.0	1.549494
6844.0	1.56154
6846.0	1.547195
6848.0	1.555007
6850.0	1.570795
6852.0	1.50567
6854.0	1.460007
6856.0	1.477053
6858.0	1.420498
6860.0	1.370185
6862.0	1.343079
6864.0	1.37213
6866.0	1.422375
6868.0	1.441085
6870.0	1.446237
6872.0	1.413919
6874.0	1.363455
6876.0	1.352154
6878.0	1.330838
6880.0	1.306015
6882.0	1.341153
6884.0	1.357529
6886.0	1.366946
6888.0	1.346799
6890.0	1.301085
6892.0	1.2837
6894.0	1.244568
6896.0	1.236691
6898.0	1.266623
6900.0	1.269152
6902.0	1.259376
6904.0	1.242287
6906.0	1.194981
6908.0	1.179953
6910.0	1.197313
6912.0	1.195796
6914.0	1.178227
6916.0	1.167697
6918.0	1.19532
6920.0	1.214567
6922.0	1.20751
6924.0	1.214005
6926.0	1.206465
6928.0	1.206055
6930.0	1.209388
6932.0	1.18292
6934.0	1.170744
6936.0	1.18308
6938.0	1.198094
6940.0	1.199292
6942.0	1.177511
6944.0	1.19345
6946.0	1.209665
6948.0	1.199495
6950.0	1.197865
6952.0	1.206602
6954.0	1.220077
6956.0	1.216088
6958.0	1.216722
6960.0	1.197367
6962.0	1.198556
6964.0	1.203785
6966.0	1.2089
6968.0	1.22978
6970.0	1.219308
6972.0	1.215963
6974.0	1.19773
6976.0	1.199042
6978.0	1.227229
6980.0	1.230787
6982.0	1.194124
6984.0	1.198501
6986.0	1.244517
6988.0	1.238648
6990.0	1.234957
6992.0	1.236751
6994.0	1.22728
6996.0	1.232696
6998.0	1.226164
7000.0	1.22528
7002.0	1.244723
7004.0	1.24732
7006.0	1.227754
7008.0	1.21882
7010.0	1.2278
7012.0	1.237797
7014.0	1.236211
7016.0	1.237574
7018.0	1.243216
7020.0	1.233436
7022.0	1.212013
7024.0	1.219678
7026.0	1.228416
7028.0	1.212883
7030.0	1.217623
7032.0	1.225354
7034.0	1.192408
7036.0	1.170852
7038.0	1.167599
7040.0	1.155362
7042.0	1.173594
7044.0	1.170552
7046.0	1.164822
7048.0	1.19633
7050.0	1.200397
7052.0	1.166789
7054.0	1.146646
7056.0	1.144848
7058.0	1.141889
7060.0	1.148473
7062.0	1.157834
7064.0	1.168335
7066.0	1.166525
7068.0	1.164182
7070.0	1.137235
7072.0	1.125507
7074.0	1.124864
7076.0	1.112162
7078.0	1.11704
7080.0	1.115047
7082.0	1.110214
7084.0	1.104103
7086.0	1.094641
7088.0	1.09473
7090.0	1.113476
7092.0	1.083069
7094.0	1.066138
7096.0	1.09482
7098.0	1.119758
7100.0	1.120281
