#	 asassn17jq 
#	 UT date of observation: 20170726 
#	 Telescope/Instrument: KPNO4m/KOSMOS 
#	 Estimated Peak MJD: nan 
#	 Estimated redshift: 0.029 
#	 Estimated Phase: nan 
#	 Published in Dettman et al. 2020 
#	 Observed barycentric wavelength (Angstroms)    F_lambda
4180.0	1.479649e-15
4181.0	1.542366e-15
4182.0	1.532199e-15
4183.0	1.454328e-15
4184.0	1.484426e-15
4185.0	1.501684e-15
4186.0	1.652472e-15
4187.0	1.490765e-15
4188.0	1.515886e-15
4189.0	1.463746e-15
4190.0	1.606192e-15
4191.0	1.495908e-15
4192.0	1.497286e-15
4193.0	1.491334e-15
4194.0	1.381408e-15
4195.0	1.416037e-15
4196.0	1.515525e-15
4197.0	1.470341e-15
4198.0	1.411384e-15
4199.0	1.448365e-15
4200.0	1.504942e-15
4201.0	1.481562e-15
4202.0	1.438902e-15
4203.0	1.473605e-15
4204.0	1.333648e-15
4205.0	1.345742e-15
4206.0	1.379506e-15
4207.0	1.473361e-15
4208.0	1.456578e-15
4209.0	1.404061e-15
4210.0	1.396256e-15
4211.0	1.389339e-15
4212.0	1.421682e-15
4213.0	1.422811e-15
4214.0	1.379877e-15
4215.0	1.407332e-15
4216.0	1.34957e-15
4217.0	1.368849e-15
4218.0	1.440682e-15
4219.0	1.449389e-15
4220.0	1.356691e-15
4221.0	1.374476e-15
4222.0	1.398334e-15
4223.0	1.326236e-15
4224.0	1.140596e-15
4225.0	1.141415e-15
4226.0	1.346404e-15
4227.0	1.317011e-15
4228.0	1.379257e-15
4229.0	1.403966e-15
4230.0	1.418054e-15
4231.0	1.323011e-15
4232.0	1.410468e-15
4233.0	1.391261e-15
4234.0	1.307833e-15
4235.0	1.357878e-15
4236.0	1.362163e-15
4237.0	1.455168e-15
4238.0	1.391557e-15
4239.0	1.409351e-15
4240.0	1.379386e-15
4241.0	1.319568e-15
4242.0	1.379121e-15
4243.0	1.403072e-15
4244.0	1.383403e-15
4245.0	1.419086e-15
4246.0	1.352569e-15
4247.0	1.423782e-15
4248.0	1.301344e-15
4249.0	1.285613e-15
4250.0	1.34176e-15
4251.0	1.344401e-15
4252.0	1.232471e-15
4253.0	1.332442e-15
4254.0	1.327826e-15
4255.0	1.290937e-15
4256.0	1.288185e-15
4257.0	1.235829e-15
4258.0	1.230442e-15
4259.0	1.305006e-15
4260.0	1.326404e-15
4261.0	1.316037e-15
4262.0	1.194227e-15
4263.0	1.280349e-15
4264.0	1.245569e-15
4265.0	1.19392e-15
4266.0	1.344715e-15
4267.0	1.187132e-15
4268.0	1.227866e-15
4269.0	1.236881e-15
4270.0	1.160037e-15
4271.0	1.226175e-15
4272.0	1.231335e-15
4273.0	1.270224e-15
4274.0	1.235567e-15
4275.0	1.282228e-15
4276.0	1.286205e-15
4277.0	1.275168e-15
4278.0	1.258086e-15
4279.0	1.236736e-15
4280.0	1.245224e-15
4281.0	1.28875e-15
4282.0	1.243591e-15
4283.0	1.23614e-15
4284.0	1.196648e-15
4285.0	1.1987e-15
4286.0	1.224461e-15
4287.0	1.204897e-15
4288.0	1.211886e-15
4289.0	1.128193e-15
4290.0	1.17526e-15
4291.0	1.150003e-15
4292.0	1.172912e-15
4293.0	1.226611e-15
4294.0	1.171306e-15
4295.0	1.250212e-15
4296.0	1.137733e-15
4297.0	1.108039e-15
4298.0	1.069485e-15
4299.0	1.122789e-15
4300.0	1.207664e-15
4301.0	1.243681e-15
4302.0	1.09985e-15
4303.0	1.102375e-15
4304.0	1.03946e-15
4305.0	1.108664e-15
4306.0	1.173735e-15
4307.0	1.157945e-15
4308.0	1.077132e-15
4309.0	1.09202e-15
4310.0	1.055709e-15
4311.0	1.173092e-15
4312.0	1.107504e-15
4313.0	1.002814e-15
4314.0	1.015054e-15
4315.0	1.09323e-15
4316.0	1.051177e-15
4317.0	1.077088e-15
4318.0	1.094788e-15
4319.0	1.033615e-15
4320.0	1.073017e-15
4321.0	1.012377e-15
4322.0	1.141881e-15
4323.0	1.061074e-15
4324.0	1.087144e-15
4325.0	1.072268e-15
4326.0	1.111214e-15
4327.0	9.936263e-16
4328.0	1.025177e-15
4329.0	1.032888e-15
4330.0	1.071149e-15
4331.0	1.054005e-15
4332.0	1.064441e-15
4333.0	9.936707e-16
4334.0	1.012927e-15
4335.0	9.698908e-16
4336.0	1.002983e-15
4337.0	1.043895e-15
4338.0	1.011755e-15
4339.0	9.829574e-16
4340.0	9.716247e-16
4341.0	1.031848e-15
4342.0	1.019632e-15
4343.0	9.354616e-16
4344.0	9.808744e-16
4345.0	9.487416e-16
4346.0	9.942539e-16
4347.0	9.627716e-16
4348.0	1.054734e-15
4349.0	9.567494e-16
4350.0	9.572916e-16
4351.0	9.186429e-16
4352.0	9.441439e-16
4353.0	9.033845e-16
4354.0	9.589265e-16
4355.0	9.157918e-16
4356.0	9.828634e-16
4357.0	9.338296e-16
4358.0	9.622649e-16
4359.0	8.718846e-16
4360.0	8.472103e-16
4361.0	9.189885e-16
4362.0	9.518727e-16
4363.0	9.267717e-16
4364.0	9.653111e-16
4365.0	8.950484e-16
4366.0	9.379435e-16
4367.0	9.49818e-16
4368.0	9.217257e-16
4369.0	9.189229e-16
4370.0	9.266436e-16
4371.0	8.921129e-16
4372.0	9.781504e-16
4373.0	7.99993e-16
4374.0	9.366034e-16
4375.0	9.227766e-16
4376.0	8.985465e-16
4377.0	8.940544e-16
4378.0	9.188511e-16
4379.0	8.849075e-16
4380.0	9.243816e-16
4381.0	9.072996e-16
4382.0	9.25913e-16
4383.0	8.399202e-16
4384.0	9.537591e-16
4385.0	8.991037e-16
4386.0	8.921127e-16
4387.0	8.417408e-16
4388.0	9.242136e-16
4389.0	9.125631e-16
4390.0	8.812343e-16
4391.0	8.951402e-16
4392.0	9.465857e-16
4393.0	9.662472e-16
4394.0	9.150623e-16
4395.0	9.634041e-16
4396.0	9.158245e-16
4397.0	9.071769e-16
4398.0	9.499598e-16
4399.0	9.817659e-16
4400.0	8.716839e-16
4401.0	8.83578e-16
4402.0	9.108749e-16
4403.0	9.426275e-16
4404.0	9.284352e-16
4405.0	9.443189e-16
4406.0	9.418637e-16
4407.0	9.345676e-16
4408.0	9.585377e-16
4409.0	9.865752e-16
4410.0	9.956045e-16
4411.0	9.97341e-16
4412.0	9.301313e-16
4413.0	1.003166e-15
4414.0	9.375353e-16
4415.0	9.984092e-16
4416.0	1.005421e-15
4417.0	9.209284e-16
4418.0	9.49287e-16
4419.0	1.035859e-15
4420.0	9.916152e-16
4421.0	9.109427e-16
4422.0	9.431455e-16
4423.0	9.695889e-16
4424.0	9.854793e-16
4425.0	9.314332e-16
4426.0	1.00821e-15
4427.0	1.033897e-15
4428.0	1.013695e-15
4429.0	9.424669e-16
4430.0	9.634019e-16
4431.0	9.379709e-16
4432.0	1.029327e-15
4433.0	1.030188e-15
4434.0	1.103186e-15
4435.0	1.022858e-15
4436.0	1.095851e-15
4437.0	1.135698e-15
4438.0	1.168262e-15
4439.0	1.081835e-15
4440.0	1.060086e-15
4441.0	1.111496e-15
4442.0	1.082526e-15
4443.0	1.102643e-15
4444.0	1.056946e-15
4445.0	1.124962e-15
4446.0	1.13804e-15
4447.0	1.143166e-15
4448.0	1.119257e-15
4449.0	1.18613e-15
4450.0	1.111882e-15
4451.0	1.115055e-15
4452.0	1.091308e-15
4453.0	1.067501e-15
4454.0	1.088801e-15
4455.0	1.126184e-15
4456.0	1.190306e-15
4457.0	1.188846e-15
4458.0	1.207349e-15
4459.0	1.141999e-15
4460.0	1.23246e-15
4461.0	1.200634e-15
4462.0	1.199185e-15
4463.0	1.209683e-15
4464.0	1.228595e-15
4465.0	1.223703e-15
4466.0	1.198888e-15
4467.0	1.254553e-15
4468.0	1.176305e-15
4469.0	1.159324e-15
4470.0	1.094888e-15
4471.0	1.075445e-15
4472.0	1.18908e-15
4473.0	1.339069e-15
4474.0	1.246895e-15
4475.0	1.315476e-15
4476.0	1.293575e-15
4477.0	1.309222e-15
4478.0	1.277363e-15
4479.0	1.29778e-15
4480.0	1.268613e-15
4481.0	1.207808e-15
4482.0	1.229383e-15
4483.0	1.312623e-15
4484.0	1.282685e-15
4485.0	1.333398e-15
4486.0	1.288685e-15
4487.0	1.329975e-15
4488.0	1.392876e-15
4489.0	1.428105e-15
4490.0	1.409523e-15
4491.0	1.370733e-15
4492.0	1.397299e-15
4493.0	1.387131e-15
4494.0	1.472535e-15
4495.0	1.364471e-15
4496.0	1.432402e-15
4497.0	1.340787e-15
4498.0	1.405367e-15
4499.0	1.343374e-15
4500.0	1.416637e-15
4501.0	1.288129e-15
4502.0	1.330947e-15
4503.0	1.289141e-15
4504.0	1.302168e-15
4505.0	1.313473e-15
4506.0	1.319521e-15
4507.0	1.369489e-15
4508.0	1.356995e-15
4509.0	1.377928e-15
4510.0	1.280012e-15
4511.0	1.322745e-15
4512.0	1.272826e-15
4513.0	1.271417e-15
4514.0	1.289041e-15
4515.0	1.153746e-15
4516.0	1.236575e-15
4517.0	1.185298e-15
4518.0	1.306291e-15
4519.0	1.207425e-15
4520.0	1.274191e-15
4521.0	1.218798e-15
4522.0	1.265877e-15
4523.0	1.320858e-15
4524.0	1.300662e-15
4525.0	1.215861e-15
4526.0	1.256305e-15
4527.0	1.314979e-15
4528.0	1.283025e-15
4529.0	1.296757e-15
4530.0	1.268001e-15
4531.0	1.280955e-15
4532.0	1.220617e-15
4533.0	1.213396e-15
4534.0	1.186751e-15
4535.0	1.317203e-15
4536.0	1.204878e-15
4537.0	1.304957e-15
4538.0	1.257761e-15
4539.0	1.276185e-15
4540.0	1.310606e-15
4541.0	1.281449e-15
4542.0	1.258313e-15
4543.0	1.249888e-15
4544.0	1.181743e-15
4545.0	1.300064e-15
4546.0	1.234164e-15
4547.0	1.200469e-15
4548.0	1.188503e-15
4549.0	1.21027e-15
4550.0	1.23114e-15
4551.0	1.204173e-15
4552.0	1.275012e-15
4553.0	1.20796e-15
4554.0	1.253305e-15
4555.0	1.25284e-15
4556.0	1.227248e-15
4557.0	1.282836e-15
4558.0	1.257665e-15
4559.0	1.271407e-15
4560.0	1.199088e-15
4561.0	1.23301e-15
4562.0	1.25893e-15
4563.0	1.332884e-15
4564.0	1.308134e-15
4565.0	1.30118e-15
4566.0	1.296802e-15
4567.0	1.235878e-15
4568.0	1.227224e-15
4569.0	1.304476e-15
4570.0	1.221284e-15
4571.0	1.347533e-15
4572.0	1.298131e-15
4573.0	1.27418e-15
4574.0	1.243584e-15
4575.0	1.242371e-15
4576.0	1.161508e-15
4577.0	1.276784e-15
4578.0	1.268889e-15
4579.0	1.242203e-15
4580.0	1.268096e-15
4581.0	1.299307e-15
4582.0	1.253864e-15
4583.0	1.260215e-15
4584.0	1.266977e-15
4585.0	1.258836e-15
4586.0	1.319859e-15
4587.0	1.279969e-15
4588.0	1.270767e-15
4589.0	1.22976e-15
4590.0	1.296491e-15
4591.0	1.231847e-15
4592.0	1.309838e-15
4593.0	1.256254e-15
4594.0	1.239021e-15
4595.0	1.209397e-15
4596.0	1.260881e-15
4597.0	1.257693e-15
4598.0	1.240532e-15
4599.0	1.255592e-15
4600.0	1.295235e-15
4601.0	1.284157e-15
4602.0	1.259551e-15
4603.0	1.157297e-15
4604.0	1.221179e-15
4605.0	1.219487e-15
4606.0	1.214559e-15
4607.0	1.213417e-15
4608.0	1.238698e-15
4609.0	1.226922e-15
4610.0	1.243614e-15
4611.0	1.276804e-15
4612.0	1.262859e-15
4613.0	1.193379e-15
4614.0	1.229029e-15
4615.0	1.279713e-15
4616.0	1.238115e-15
4617.0	1.209346e-15
4618.0	1.288258e-15
4619.0	1.236427e-15
4620.0	1.232716e-15
4621.0	1.249202e-15
4622.0	1.22483e-15
4623.0	1.187607e-15
4624.0	1.168174e-15
4625.0	1.183561e-15
4626.0	1.218322e-15
4627.0	1.200287e-15
4628.0	1.286165e-15
4629.0	1.241198e-15
4630.0	1.231523e-15
4631.0	1.228607e-15
4632.0	1.21684e-15
4633.0	1.257436e-15
4634.0	1.207961e-15
4635.0	1.216131e-15
4636.0	1.247757e-15
4637.0	1.238581e-15
4638.0	1.220904e-15
4639.0	1.257921e-15
4640.0	1.195292e-15
4641.0	1.217747e-15
4642.0	1.119573e-15
4643.0	1.137757e-15
4644.0	1.177891e-15
4645.0	1.240681e-15
4646.0	1.237978e-15
4647.0	1.121283e-15
4648.0	1.223758e-15
4649.0	1.178528e-15
4650.0	1.178655e-15
4651.0	1.194574e-15
4652.0	1.251364e-15
4653.0	1.223842e-15
4654.0	1.189914e-15
4655.0	1.192098e-15
4656.0	1.192703e-15
4657.0	1.170966e-15
4658.0	1.170362e-15
4659.0	1.244915e-15
4660.0	1.27619e-15
4661.0	1.200549e-15
4662.0	1.284091e-15
4663.0	1.255706e-15
4664.0	1.272709e-15
4665.0	1.28524e-15
4666.0	1.260905e-15
4667.0	1.16987e-15
4668.0	1.213181e-15
4669.0	1.204277e-15
4670.0	1.232801e-15
4671.0	1.32221e-15
4672.0	1.284477e-15
4673.0	1.292146e-15
4674.0	1.277513e-15
4675.0	1.266134e-15
4676.0	1.273287e-15
4677.0	1.241312e-15
4678.0	1.259904e-15
4679.0	1.271456e-15
4680.0	1.251693e-15
4681.0	1.242521e-15
4682.0	1.289077e-15
4683.0	1.223749e-15
4684.0	1.1758e-15
4685.0	1.069945e-15
4686.0	1.155993e-15
4687.0	1.276206e-15
4688.0	1.309922e-15
4689.0	1.267089e-15
4690.0	1.2614e-15
4691.0	1.250937e-15
4692.0	1.226565e-15
4693.0	1.20203e-15
4694.0	1.254986e-15
4695.0	1.232788e-15
4696.0	1.27894e-15
4697.0	1.237436e-15
4698.0	1.270985e-15
4699.0	1.26499e-15
4700.0	1.263124e-15
4701.0	1.257018e-15
4702.0	1.307015e-15
4703.0	1.295156e-15
4704.0	1.314912e-15
4705.0	1.250119e-15
4706.0	1.259966e-15
4707.0	1.271656e-15
4708.0	1.25564e-15
4709.0	1.268665e-15
4710.0	1.275362e-15
4711.0	1.313344e-15
4712.0	1.249153e-15
4713.0	1.2328e-15
4714.0	1.262822e-15
4715.0	1.316534e-15
4716.0	1.287464e-15
4717.0	1.302597e-15
4718.0	1.299145e-15
4719.0	1.1861e-15
4720.0	1.086013e-15
4721.0	1.127365e-15
4722.0	1.218655e-15
4723.0	1.311216e-15
4724.0	1.257037e-15
4725.0	1.282836e-15
4726.0	1.301299e-15
4727.0	1.26165e-15
4728.0	1.246568e-15
4729.0	1.273995e-15
4730.0	1.275199e-15
4731.0	1.268407e-15
4732.0	1.297687e-15
4733.0	1.244565e-15
4734.0	1.351646e-15
4735.0	1.297384e-15
4736.0	1.277636e-15
4737.0	1.286448e-15
4738.0	1.269819e-15
4739.0	1.306008e-15
4740.0	1.260599e-15
4741.0	1.290949e-15
4742.0	1.277804e-15
4743.0	1.310344e-15
4744.0	1.270682e-15
4745.0	1.269753e-15
4746.0	1.279059e-15
4747.0	1.289707e-15
4748.0	1.237726e-15
4749.0	1.22229e-15
4750.0	1.243296e-15
4751.0	1.314635e-15
4752.0	1.219645e-15
4753.0	1.231546e-15
4754.0	1.199072e-15
4755.0	1.251699e-15
4756.0	1.191429e-15
4757.0	1.193659e-15
4758.0	1.190738e-15
4759.0	1.229624e-15
4760.0	1.228236e-15
4761.0	1.235e-15
4762.0	1.216467e-15
4763.0	1.215949e-15
4764.0	1.212412e-15
4765.0	1.164779e-15
4766.0	1.14466e-15
4767.0	1.104922e-15
4768.0	1.102066e-15
4769.0	1.215894e-15
4770.0	1.148068e-15
4771.0	1.189203e-15
4772.0	1.137039e-15
4773.0	1.179521e-15
4774.0	1.158354e-15
4775.0	1.171956e-15
4776.0	1.179244e-15
4777.0	1.20142e-15
4778.0	1.151636e-15
4779.0	1.146623e-15
4780.0	1.147891e-15
4781.0	1.1667e-15
4782.0	1.159301e-15
4783.0	1.185124e-15
4784.0	1.155885e-15
4785.0	1.128076e-15
4786.0	1.134934e-15
4787.0	1.142614e-15
4788.0	1.152081e-15
4789.0	1.145978e-15
4790.0	1.130206e-15
4791.0	1.187517e-15
4792.0	1.180422e-15
4793.0	1.163533e-15
4794.0	1.153625e-15
4795.0	1.129577e-15
4796.0	1.115278e-15
4797.0	1.168366e-15
4798.0	1.176309e-15
4799.0	1.139933e-15
4800.0	1.153504e-15
4801.0	1.125403e-15
4802.0	1.143531e-15
4803.0	1.106638e-15
4804.0	1.081689e-15
4805.0	1.137552e-15
4806.0	1.128107e-15
4807.0	1.127783e-15
4808.0	1.113626e-15
4809.0	1.151462e-15
4810.0	1.034237e-15
4811.0	1.113684e-15
4812.0	1.108618e-15
4813.0	1.124542e-15
4814.0	1.113287e-15
4815.0	1.089517e-15
4816.0	1.085086e-15
4817.0	1.149544e-15
4818.0	1.096708e-15
4819.0	1.060274e-15
4820.0	1.088001e-15
4821.0	1.11765e-15
4822.0	1.146806e-15
4823.0	1.106973e-15
4824.0	1.091133e-15
4825.0	1.126553e-15
4826.0	1.131072e-15
4827.0	1.074861e-15
4828.0	1.073436e-15
4829.0	1.067735e-15
4830.0	1.10649e-15
4831.0	1.071379e-15
4832.0	1.084932e-15
4833.0	1.074609e-15
4834.0	1.10638e-15
4835.0	1.101368e-15
4836.0	1.052509e-15
4837.0	1.108487e-15
4838.0	1.074343e-15
4839.0	1.062936e-15
4840.0	1.071636e-15
4841.0	1.090147e-15
4842.0	1.040674e-15
4843.0	1.004377e-15
4844.0	1.042677e-15
4845.0	1.057177e-15
4846.0	1.048942e-15
4847.0	1.087334e-15
4848.0	1.045583e-15
4849.0	1.076692e-15
4850.0	1.063011e-15
4851.0	1.069766e-15
4852.0	1.067058e-15
4853.0	1.083564e-15
4854.0	1.088043e-15
4855.0	1.076368e-15
4856.0	1.126175e-15
4857.0	1.066416e-15
4858.0	1.078138e-15
4859.0	1.034695e-15
4860.0	1.100068e-15
4861.0	1.076527e-15
4862.0	1.0428e-15
4863.0	1.087126e-15
4864.0	1.107934e-15
4865.0	1.050093e-15
4866.0	1.040272e-15
4867.0	1.042501e-15
4868.0	1.072914e-15
4869.0	1.0588e-15
4870.0	1.068568e-15
4871.0	1.053484e-15
4872.0	1.078089e-15
4873.0	1.031586e-15
4874.0	1.081935e-15
4875.0	1.010468e-15
4876.0	1.011282e-15
4877.0	1.065318e-15
4878.0	1.079012e-15
4879.0	1.024512e-15
4880.0	1.014333e-15
4881.0	1.075141e-15
4882.0	1.069386e-15
4883.0	1.055784e-15
4884.0	1.044916e-15
4885.0	1.0317e-15
4886.0	1.019642e-15
4887.0	1.037636e-15
4888.0	1.024618e-15
4889.0	1.06934e-15
4890.0	1.064286e-15
4891.0	1.041414e-15
4892.0	1.009601e-15
4893.0	1.044484e-15
4894.0	1.082548e-15
4895.0	1.072191e-15
4896.0	1.048487e-15
4897.0	1.040242e-15
4898.0	1.08338e-15
4899.0	1.039059e-15
4900.0	1.055935e-15
4901.0	1.032904e-15
4902.0	1.06514e-15
4903.0	1.040883e-15
4904.0	1.075953e-15
4905.0	1.041353e-15
4906.0	1.05138e-15
4907.0	1.054999e-15
4908.0	1.065047e-15
4909.0	1.067568e-15
4910.0	1.060871e-15
4911.0	1.096851e-15
4912.0	1.008561e-15
4913.0	1.058578e-15
4914.0	1.048014e-15
4915.0	1.059647e-15
4916.0	1.062439e-15
4917.0	1.02768e-15
4918.0	1.074802e-15
4919.0	1.06711e-15
4920.0	1.054416e-15
4921.0	1.038879e-15
4922.0	1.043811e-15
4923.0	1.032747e-15
4924.0	1.044502e-15
4925.0	1.047549e-15
4926.0	1.020392e-15
4927.0	1.070975e-15
4928.0	1.058859e-15
4929.0	1.101902e-15
4930.0	1.067607e-15
4931.0	1.043325e-15
4932.0	1.03358e-15
4933.0	1.074121e-15
4934.0	1.037126e-15
4935.0	1.066979e-15
4936.0	1.033133e-15
4937.0	1.048639e-15
4938.0	1.083854e-15
4939.0	1.067121e-15
4940.0	1.071635e-15
4941.0	1.062268e-15
4942.0	1.074211e-15
4943.0	1.037683e-15
4944.0	1.047327e-15
4945.0	1.035535e-15
4946.0	1.05417e-15
4947.0	1.037547e-15
4948.0	1.039513e-15
4949.0	1.014185e-15
4950.0	1.060986e-15
4951.0	1.020381e-15
4952.0	1.049577e-15
4953.0	1.052154e-15
4954.0	1.04676e-15
4955.0	1.064793e-15
4956.0	1.088838e-15
4957.0	1.086091e-15
4958.0	1.052332e-15
4959.0	1.060641e-15
4960.0	1.005944e-15
4961.0	1.036303e-15
4962.0	1.079556e-15
4963.0	1.024442e-15
4964.0	1.056827e-15
4965.0	1.02599e-15
4966.0	1.027067e-15
4967.0	9.858155e-16
4968.0	1.003186e-15
4969.0	1.014375e-15
4970.0	1.032046e-15
4971.0	1.045294e-15
4972.0	1.050889e-15
4973.0	1.045317e-15
4974.0	9.914811e-16
4975.0	1.017732e-15
4976.0	9.953517e-16
4977.0	1.030736e-15
4978.0	9.767817e-16
4979.0	9.644399e-16
4980.0	9.606407e-16
4981.0	1.019491e-15
4982.0	9.721312e-16
4983.0	9.834324e-16
4984.0	9.831039e-16
4985.0	9.702717e-16
4986.0	9.579107e-16
4987.0	9.697179e-16
4988.0	9.965313e-16
4989.0	9.381175e-16
4990.0	9.344224e-16
4991.0	9.157779e-16
4992.0	9.723408e-16
4993.0	9.431396e-16
4994.0	9.479589e-16
4995.0	9.442684e-16
4996.0	9.423337e-16
4997.0	9.485593e-16
4998.0	9.444354e-16
4999.0	9.359081e-16
5000.0	9.045593e-16
5001.0	9.337936e-16
5002.0	9.26482e-16
5003.0	8.986714e-16
5004.0	8.750877e-16
5005.0	8.602769e-16
5006.0	7.823911e-16
5007.0	8.598663e-16
5008.0	9.255816e-16
5009.0	8.647918e-16
5010.0	8.645062e-16
5011.0	8.669473e-16
5012.0	8.487631e-16
5013.0	8.42099e-16
5014.0	8.670325e-16
5015.0	9.09097e-16
5016.0	8.53744e-16
5017.0	8.37486e-16
5018.0	8.189991e-16
5019.0	8.080752e-16
5020.0	8.020593e-16
5021.0	8.372734e-16
5022.0	8.358008e-16
5023.0	8.42277e-16
5024.0	8.223378e-16
5025.0	8.379616e-16
5026.0	7.847241e-16
5027.0	7.296916e-16
5028.0	7.704444e-16
5029.0	8.220193e-16
5030.0	8.122249e-16
5031.0	8.037349e-16
5032.0	7.817444e-16
5033.0	7.918459e-16
5034.0	7.880127e-16
5035.0	7.8518e-16
5036.0	7.665338e-16
5037.0	7.693543e-16
5038.0	7.612328e-16
5039.0	7.449844e-16
5040.0	7.503925e-16
5041.0	7.432712e-16
5042.0	7.399901e-16
5043.0	7.246678e-16
5044.0	7.388834e-16
5045.0	7.777283e-16
5046.0	7.379279e-16
5047.0	7.369097e-16
5048.0	7.383604e-16
5049.0	7.255736e-16
5050.0	7.406884e-16
5051.0	7.168043e-16
5052.0	7.35968e-16
5053.0	7.042649e-16
5054.0	7.505377e-16
5055.0	7.400423e-16
5056.0	7.005135e-16
5057.0	6.881616e-16
5058.0	6.665721e-16
5059.0	6.782943e-16
5060.0	6.993375e-16
5061.0	7.055359e-16
5062.0	7.424371e-16
5063.0	7.059209e-16
5064.0	6.94441e-16
5065.0	6.968487e-16
5066.0	6.530634e-16
5067.0	6.813892e-16
5068.0	6.560682e-16
5069.0	6.577087e-16
5070.0	5.780398e-16
5071.0	5.547733e-16
5072.0	6.56216e-16
5073.0	6.697324e-16
5074.0	6.693771e-16
5075.0	6.66579e-16
5076.0	6.685633e-16
5077.0	6.47472e-16
5078.0	6.598614e-16
5079.0	6.51072e-16
5080.0	6.73861e-16
5081.0	6.972039e-16
5082.0	6.605951e-16
5083.0	6.664118e-16
5084.0	6.433029e-16
5085.0	6.555339e-16
5086.0	6.60233e-16
5087.0	6.398369e-16
5088.0	6.69844e-16
5089.0	6.694415e-16
5090.0	6.512931e-16
5091.0	6.492317e-16
5092.0	6.444102e-16
5093.0	6.297717e-16
5094.0	6.216763e-16
5095.0	6.298255e-16
5096.0	6.358767e-16
5097.0	6.530828e-16
5098.0	6.654632e-16
5099.0	6.443922e-16
5100.0	6.288745e-16
5101.0	6.327575e-16
5102.0	6.56672e-16
5103.0	6.958288e-16
5104.0	7.111077e-16
5105.0	7.036138e-16
5106.0	7.435412e-16
5107.0	7.017679e-16
5108.0	7.11045e-16
5109.0	6.66884e-16
5110.0	6.742588e-16
5111.0	6.632183e-16
5112.0	6.750091e-16
5113.0	6.958666e-16
5114.0	7.224104e-16
5115.0	7.02294e-16
5116.0	7.044134e-16
5117.0	6.981833e-16
5118.0	6.968675e-16
5119.0	7.414499e-16
5120.0	6.952141e-16
5121.0	6.92565e-16
5122.0	6.928952e-16
5123.0	7.208413e-16
5124.0	7.320227e-16
5125.0	7.16041e-16
5126.0	7.096056e-16
5127.0	6.997818e-16
5128.0	7.2806e-16
5129.0	7.300349e-16
5130.0	7.055063e-16
5131.0	7.20371e-16
5132.0	7.315454e-16
5133.0	7.267165e-16
5134.0	7.297469e-16
5135.0	7.707752e-16
5136.0	7.72908e-16
5137.0	7.24598e-16
5138.0	7.133785e-16
5139.0	7.451527e-16
5140.0	7.632996e-16
5141.0	7.473904e-16
5142.0	7.798018e-16
5143.0	7.688322e-16
5144.0	7.690226e-16
5145.0	7.672403e-16
5146.0	7.88559e-16
5147.0	7.818187e-16
5148.0	7.820465e-16
5149.0	8.089061e-16
5150.0	7.702777e-16
5151.0	7.868083e-16
5152.0	7.679913e-16
5153.0	8.206187e-16
5154.0	8.560628e-16
5155.0	8.9399e-16
5156.0	8.931203e-16
5157.0	8.52529e-16
5158.0	8.204013e-16
5159.0	8.520941e-16
5160.0	8.204967e-16
5161.0	8.3565e-16
5162.0	8.231787e-16
5163.0	8.119406e-16
5164.0	8.17134e-16
5165.0	7.687428e-16
5166.0	7.440109e-16
5167.0	6.721988e-16
5168.0	6.430647e-16
5169.0	7.711427e-16
5170.0	8.484861e-16
5171.0	8.581032e-16
5172.0	8.426203e-16
5173.0	8.542699e-16
5174.0	8.421271e-16
5175.0	8.461379e-16
5176.0	8.241493e-16
5177.0	8.312378e-16
5178.0	8.630738e-16
5179.0	8.39784e-16
5180.0	8.288269e-16
5181.0	8.727433e-16
5182.0	8.771395e-16
5183.0	8.1698e-16
5184.0	8.522634e-16
5185.0	8.553269e-16
5186.0	8.524413e-16
5187.0	8.484952e-16
5188.0	8.47872e-16
5189.0	8.906726e-16
5190.0	8.969155e-16
5191.0	8.891949e-16
5192.0	8.620101e-16
5193.0	8.760932e-16
5194.0	8.627256e-16
5195.0	8.541952e-16
5196.0	8.655434e-16
5197.0	8.382815e-16
5198.0	8.37542e-16
5199.0	8.483026e-16
5200.0	9.030934e-16
5201.0	8.903618e-16
5202.0	8.850098e-16
5203.0	8.670927e-16
5204.0	8.850998e-16
5205.0	9.188041e-16
5206.0	9.037488e-16
5207.0	8.84292e-16
5208.0	8.876311e-16
5209.0	9.285483e-16
5210.0	8.907937e-16
5211.0	8.676418e-16
5212.0	8.872958e-16
5213.0	8.950772e-16
5214.0	9.119896e-16
5215.0	9.169347e-16
5216.0	9.025551e-16
5217.0	8.647504e-16
5218.0	8.879229e-16
5219.0	8.911291e-16
5220.0	9.429215e-16
5221.0	9.055882e-16
5222.0	8.978412e-16
5223.0	9.160205e-16
5224.0	8.872775e-16
5225.0	9.085198e-16
5226.0	9.228756e-16
5227.0	9.359215e-16
5228.0	9.24022e-16
5229.0	9.009025e-16
5230.0	9.10324e-16
5231.0	8.792987e-16
5232.0	8.820476e-16
5233.0	9.32378e-16
5234.0	9.2492e-16
5235.0	8.804912e-16
5236.0	9.207336e-16
5237.0	9.477513e-16
5238.0	9.13261e-16
5239.0	8.99942e-16
5240.0	8.971381e-16
5241.0	9.276052e-16
5242.0	9.137279e-16
5243.0	9.453639e-16
5244.0	9.463752e-16
5245.0	8.976312e-16
5246.0	9.381698e-16
5247.0	9.255691e-16
5248.0	9.410204e-16
5249.0	9.525711e-16
5250.0	8.914164e-16
5251.0	9.326412e-16
5252.0	9.183369e-16
5253.0	9.388467e-16
5254.0	9.157361e-16
5255.0	9.246382e-16
5256.0	9.365642e-16
5257.0	9.408122e-16
5258.0	9.416131e-16
5259.0	9.413311e-16
5260.0	9.374167e-16
5261.0	9.430085e-16
5262.0	9.445679e-16
5263.0	9.667009e-16
5264.0	9.824207e-16
5265.0	9.709607e-16
5266.0	9.831101e-16
5267.0	9.87299e-16
5268.0	9.545556e-16
5269.0	9.593544e-16
5270.0	9.536561e-16
5271.0	9.782303e-16
5272.0	9.379955e-16
5273.0	8.959095e-16
5274.0	9.013142e-16
5275.0	9.246608e-16
5276.0	9.521391e-16
5277.0	9.624472e-16
5278.0	9.414358e-16
5279.0	9.450905e-16
5280.0	9.535527e-16
5281.0	9.541079e-16
5282.0	9.16275e-16
5283.0	9.413492e-16
5284.0	9.497665e-16
5285.0	9.482311e-16
5286.0	9.339253e-16
5287.0	9.184754e-16
5288.0	9.422646e-16
5289.0	9.781677e-16
5290.0	9.988794e-16
5291.0	9.712625e-16
5292.0	9.554504e-16
5293.0	9.672115e-16
5294.0	9.349826e-16
5295.0	9.554668e-16
5296.0	9.262551e-16
5297.0	9.493958e-16
5298.0	9.616426e-16
5299.0	9.360979e-16
5300.0	9.594597e-16
5301.0	9.361782e-16
5302.0	9.641313e-16
5303.0	9.541861e-16
5304.0	9.101188e-16
5305.0	9.288701e-16
5306.0	9.179501e-16
5307.0	9.271376e-16
5308.0	9.319854e-16
5309.0	9.411816e-16
5310.0	9.276901e-16
5311.0	9.388428e-16
5312.0	9.686335e-16
5313.0	9.703389e-16
5314.0	9.154083e-16
5315.0	9.51294e-16
5316.0	9.744313e-16
5317.0	9.390163e-16
5318.0	9.374407e-16
5319.0	9.501659e-16
5320.0	9.112536e-16
5321.0	8.611982e-16
5322.0	7.957471e-16
5323.0	7.157509e-16
5324.0	8.471825e-16
5325.0	9.689081e-16
5326.0	9.474686e-16
5327.0	9.273595e-16
5328.0	9.553995e-16
5329.0	9.626807e-16
5330.0	9.740085e-16
5331.0	9.848917e-16
5332.0	9.889488e-16
5333.0	9.473272e-16
5334.0	9.247663e-16
5335.0	9.397649e-16
5336.0	9.561752e-16
5337.0	9.800963e-16
5338.0	9.516435e-16
5339.0	9.501348e-16
5340.0	9.525837e-16
5341.0	9.567762e-16
5342.0	9.418113e-16
5343.0	9.396555e-16
5344.0	9.401682e-16
5345.0	9.590955e-16
5346.0	9.379718e-16
5347.0	9.370658e-16
5348.0	9.417794e-16
5349.0	9.737599e-16
5350.0	9.150479e-16
5351.0	9.361935e-16
5352.0	8.964761e-16
5353.0	8.948525e-16
5354.0	9.028015e-16
5355.0	9.573458e-16
5356.0	9.708589e-16
5357.0	9.759273e-16
5358.0	9.66029e-16
5359.0	9.461419e-16
5360.0	9.153586e-16
5361.0	9.376183e-16
5362.0	9.184075e-16
5363.0	9.196612e-16
5364.0	9.257154e-16
5365.0	9.182421e-16
5366.0	8.90959e-16
5367.0	9.369725e-16
5368.0	9.544813e-16
5369.0	9.164e-16
5370.0	9.127776e-16
5371.0	9.043079e-16
5372.0	8.952613e-16
5373.0	8.893847e-16
5374.0	9.161993e-16
5375.0	8.830497e-16
5376.0	8.637711e-16
5377.0	9.13668e-16
5378.0	9.036837e-16
5379.0	9.057369e-16
5380.0	8.968705e-16
5381.0	9.176323e-16
5382.0	8.495932e-16
5383.0	9.080025e-16
5384.0	9.017411e-16
5385.0	8.789265e-16
5386.0	8.837487e-16
5387.0	8.77329e-16
5388.0	8.90412e-16
5389.0	8.652955e-16
5390.0	8.238193e-16
5391.0	8.376434e-16
5392.0	8.518587e-16
5393.0	8.310371e-16
5394.0	8.389052e-16
5395.0	8.613529e-16
5396.0	8.607911e-16
5397.0	8.683177e-16
5398.0	8.944007e-16
5399.0	8.987194e-16
5400.0	9.160533e-16
5401.0	8.623205e-16
5402.0	8.756962e-16
5403.0	8.705928e-16
5404.0	8.382332e-16
5405.0	8.220234e-16
5406.0	8.377501e-16
5407.0	8.28427e-16
5408.0	8.577203e-16
5409.0	8.520701e-16
5410.0	8.441034e-16
5411.0	8.202444e-16
5412.0	8.297195e-16
5413.0	8.364554e-16
5414.0	8.316286e-16
5415.0	8.340267e-16
5416.0	8.110424e-16
5417.0	8.176119e-16
5418.0	8.40521e-16
5419.0	8.51456e-16
5420.0	8.153661e-16
5421.0	8.240852e-16
5422.0	8.125595e-16
5423.0	8.170735e-16
5424.0	8.335219e-16
5425.0	8.267335e-16
5426.0	8.00317e-16
5427.0	8.184471e-16
5428.0	8.18974e-16
5429.0	8.324742e-16
5430.0	8.143929e-16
5431.0	8.117187e-16
5432.0	7.69614e-16
5433.0	7.502341e-16
5434.0	7.462223e-16
5435.0	8.144318e-16
5436.0	8.221087e-16
5437.0	8.206789e-16
5438.0	8.243264e-16
5439.0	8.19815e-16
5440.0	7.798404e-16
5441.0	7.807018e-16
5442.0	8.239656e-16
5443.0	8.197741e-16
5444.0	8.20207e-16
5445.0	8.10222e-16
5446.0	7.990789e-16
5447.0	8.104195e-16
5448.0	8.29461e-16
5449.0	8.077737e-16
5450.0	8.18765e-16
5451.0	8.271884e-16
5452.0	8.337776e-16
5453.0	8.24189e-16
5454.0	8.191875e-16
5455.0	7.960549e-16
5456.0	7.893983e-16
5457.0	8.121364e-16
5458.0	8.197633e-16
5459.0	8.492688e-16
5460.0	8.388843e-16
5461.0	8.234664e-16
5462.0	8.231685e-16
5463.0	8.264518e-16
5464.0	8.035204e-16
5465.0	7.93468e-16
5466.0	8.146913e-16
5467.0	8.184476e-16
5468.0	8.249802e-16
5469.0	7.85247e-16
5470.0	7.860686e-16
5471.0	7.679082e-16
5472.0	7.672549e-16
5473.0	7.518375e-16
5474.0	6.998486e-16
5475.0	7.362051e-16
5476.0	7.523304e-16
5477.0	7.631279e-16
5478.0	7.748775e-16
5479.0	7.756886e-16
5480.0	7.891807e-16
5481.0	7.91845e-16
5482.0	7.949261e-16
5483.0	7.729122e-16
5484.0	7.800061e-16
5485.0	7.771213e-16
5486.0	7.73189e-16
5487.0	7.908508e-16
5488.0	8.051321e-16
5489.0	8.209799e-16
5490.0	8.011112e-16
5491.0	7.832328e-16
5492.0	7.841642e-16
5493.0	7.608847e-16
5494.0	7.508185e-16
5495.0	7.724057e-16
5496.0	7.808473e-16
5497.0	8.048138e-16
5498.0	7.763306e-16
5499.0	7.832937e-16
5500.0	7.974652e-16
5501.0	7.883055e-16
5502.0	7.872167e-16
5503.0	7.973135e-16
5504.0	7.997807e-16
5505.0	7.715697e-16
5506.0	7.799427e-16
5507.0	7.72868e-16
5508.0	7.827089e-16
5509.0	7.71389e-16
5510.0	8.238884e-16
5511.0	8.041245e-16
5512.0	7.848572e-16
5513.0	7.589132e-16
5514.0	7.700634e-16
5515.0	7.64492e-16
5516.0	7.661074e-16
5517.0	7.802432e-16
5518.0	7.910677e-16
5519.0	7.970922e-16
5520.0	7.405595e-16
5521.0	7.665101e-16
5522.0	7.591339e-16
5523.0	7.764926e-16
5524.0	7.812643e-16
5525.0	7.953127e-16
5526.0	7.80286e-16
5527.0	7.775551e-16
5528.0	8.149195e-16
5529.0	8.242905e-16
5530.0	8.067148e-16
5531.0	7.916638e-16
5532.0	7.855565e-16
5533.0	7.767224e-16
5534.0	7.599876e-16
5535.0	7.757168e-16
5536.0	7.600105e-16
5537.0	7.849623e-16
5538.0	7.778524e-16
5539.0	8.063666e-16
5540.0	7.833603e-16
5541.0	7.697626e-16
5542.0	7.960836e-16
5543.0	7.59781e-16
5544.0	7.934796e-16
5545.0	8.002474e-16
5546.0	7.809278e-16
5547.0	7.721932e-16
5548.0	7.852405e-16
5549.0	7.723881e-16
5550.0	8.080245e-16
5551.0	8.022027e-16
5552.0	7.648412e-16
5553.0	7.932892e-16
5554.0	7.873722e-16
5555.0	7.627224e-16
5556.0	8.066251e-16
5557.0	7.835364e-16
5558.0	7.774942e-16
5559.0	7.850875e-16
5560.0	7.892917e-16
5561.0	8.140349e-16
5562.0	8.099426e-16
5563.0	8.00708e-16
5564.0	7.751923e-16
5565.0	7.620669e-16
5566.0	8.175807e-16
5567.0	8.11184e-16
5568.0	7.977778e-16
5569.0	8.018004e-16
5570.0	8.141789e-16
5571.0	7.95983e-16
5572.0	7.690348e-16
5573.0	7.365047e-16
5574.0	7.753502e-16
5575.0	7.712726e-16
5576.0	7.706994e-16
5577.0	8.274742e-16
5578.0	8.028843e-16
5579.0	7.958654e-16
5580.0	7.830526e-16
5581.0	7.815709e-16
5582.0	7.995204e-16
5583.0	8.231429e-16
5584.0	7.676479e-16
5585.0	7.650579e-16
5586.0	8.144224e-16
5587.0	7.715462e-16
5588.0	7.551267e-16
5589.0	7.990953e-16
5590.0	7.881987e-16
5591.0	8.044014e-16
5592.0	8.265056e-16
5593.0	7.866256e-16
5594.0	7.94928e-16
5595.0	8.041309e-16
5596.0	7.832171e-16
5597.0	7.948358e-16
5598.0	8.116125e-16
5599.0	7.765543e-16
5600.0	8.17563e-16
5601.0	8.126463e-16
5602.0	7.696796e-16
5603.0	7.811336e-16
5604.0	8.241792e-16
5605.0	8.031993e-16
5606.0	7.652377e-16
5607.0	7.941592e-16
5608.0	8.111659e-16
5609.0	7.842753e-16
5610.0	7.756492e-16
5611.0	7.435816e-16
5612.0	7.648927e-16
5613.0	8.007836e-16
5614.0	7.806083e-16
5615.0	7.588079e-16
5616.0	7.771447e-16
5617.0	8.038442e-16
5618.0	7.892281e-16
5619.0	8.094106e-16
5620.0	8.273364e-16
5621.0	7.771571e-16
5622.0	7.757062e-16
5623.0	7.674842e-16
5624.0	8.242716e-16
5625.0	8.314509e-16
5626.0	7.857305e-16
5627.0	7.92862e-16
5628.0	8.021164e-16
5629.0	8.387449e-16
5630.0	8.102605e-16
5631.0	8.095104e-16
5632.0	8.044638e-16
5633.0	7.964793e-16
5634.0	7.991283e-16
5635.0	7.883947e-16
5636.0	8.168947e-16
5637.0	8.082799e-16
5638.0	7.822755e-16
5639.0	7.991967e-16
5640.0	7.565323e-16
5641.0	7.706805e-16
5642.0	8.185934e-16
5643.0	8.397676e-16
5644.0	7.896429e-16
5645.0	7.785909e-16
5646.0	7.86627e-16
5647.0	7.999621e-16
5648.0	7.973734e-16
5649.0	7.746586e-16
5650.0	8.07446e-16
5651.0	7.849598e-16
5652.0	7.912255e-16
5653.0	7.841105e-16
5654.0	8.158827e-16
5655.0	7.983203e-16
5656.0	8.163662e-16
5657.0	8.224932e-16
5658.0	8.2385e-16
5659.0	8.227158e-16
5660.0	8.095984e-16
5661.0	8.32345e-16
5662.0	7.829984e-16
5663.0	8.067894e-16
5664.0	8.034066e-16
5665.0	7.985432e-16
5666.0	7.972e-16
5667.0	7.647596e-16
5668.0	7.816791e-16
5669.0	7.653046e-16
5670.0	7.484878e-16
5671.0	7.878315e-16
5672.0	7.955693e-16
5673.0	7.967737e-16
5674.0	7.875105e-16
5675.0	7.942447e-16
5676.0	7.848496e-16
5677.0	8.048822e-16
5678.0	8.289491e-16
5679.0	7.785274e-16
5680.0	7.971375e-16
5681.0	7.450808e-16
5682.0	7.288363e-16
5683.0	7.73064e-16
5684.0	8.012774e-16
5685.0	7.926747e-16
5686.0	7.7689e-16
5687.0	7.612696e-16
5688.0	7.377949e-16
5689.0	7.508932e-16
5690.0	7.529344e-16
5691.0	7.938609e-16
5692.0	8.116853e-16
5693.0	8.028068e-16
5694.0	7.622853e-16
5695.0	7.598104e-16
5696.0	7.619908e-16
5697.0	7.684776e-16
5698.0	7.556404e-16
5699.0	7.125131e-16
5700.0	7.143045e-16
5701.0	7.09434e-16
5702.0	7.827197e-16
5703.0	9.594527e-16
5704.0	8.994562e-16
5705.0	7.704967e-16
5706.0	7.643315e-16
5707.0	8.045515e-16
5708.0	7.46978e-16
5709.0	7.501492e-16
5710.0	7.84352e-16
5711.0	7.466039e-16
5712.0	7.519335e-16
5713.0	7.803493e-16
5714.0	7.489058e-16
5715.0	7.757125e-16
5716.0	7.320781e-16
5717.0	7.407528e-16
5718.0	7.273272e-16
5719.0	7.445403e-16
5720.0	7.53423e-16
5721.0	7.893372e-16
5722.0	7.821499e-16
5723.0	7.289812e-16
5724.0	7.361939e-16
5725.0	7.215936e-16
5726.0	7.575419e-16
5727.0	7.724381e-16
5728.0	7.596415e-16
5729.0	7.341539e-16
5730.0	7.099955e-16
5731.0	7.439384e-16
5732.0	7.367828e-16
5733.0	7.419831e-16
5734.0	7.498621e-16
5735.0	7.325978e-16
5736.0	7.319434e-16
5737.0	7.385024e-16
5738.0	7.465751e-16
5739.0	7.362789e-16
5740.0	7.295836e-16
5741.0	7.432907e-16
5742.0	7.466136e-16
5743.0	7.669671e-16
5744.0	7.315015e-16
5745.0	7.380419e-16
5746.0	7.374964e-16
5747.0	7.059124e-16
5748.0	7.162487e-16
5749.0	7.136465e-16
5750.0	6.840642e-16
5751.0	7.178093e-16
5752.0	7.413489e-16
5753.0	7.287014e-16
5754.0	7.319691e-16
5755.0	7.270351e-16
5756.0	7.624872e-16
5757.0	7.405347e-16
5758.0	7.189111e-16
5759.0	7.264749e-16
5760.0	7.230981e-16
5761.0	7.080027e-16
5762.0	7.410788e-16
5763.0	7.456308e-16
5764.0	7.199547e-16
5765.0	7.450331e-16
5766.0	7.251375e-16
5767.0	7.446817e-16
5768.0	7.552894e-16
5769.0	7.215666e-16
5770.0	7.233284e-16
5771.0	6.978406e-16
5772.0	7.478888e-16
5773.0	7.505759e-16
5774.0	7.110128e-16
5775.0	7.167059e-16
5776.0	6.99263e-16
5777.0	7.107493e-16
5778.0	6.974289e-16
5779.0	7.416029e-16
5780.0	7.398096e-16
5781.0	7.150261e-16
5782.0	7.307002e-16
5783.0	7.286712e-16
5784.0	7.332212e-16
5785.0	7.435912e-16
5786.0	7.136997e-16
5787.0	7.249911e-16
5788.0	7.407581e-16
5789.0	7.479511e-16
5790.0	7.336379e-16
5791.0	7.501159e-16
5792.0	7.272488e-16
5793.0	7.291928e-16
5794.0	7.027914e-16
5795.0	7.32965e-16
5796.0	7.673507e-16
5797.0	7.397592e-16
5798.0	6.91956e-16
5799.0	7.147032e-16
5800.0	7.343353e-16
5801.0	7.168174e-16
5802.0	7.342665e-16
5803.0	7.221697e-16
5804.0	7.189273e-16
5805.0	6.937067e-16
5806.0	6.867151e-16
5807.0	7.153179e-16
5808.0	7.108884e-16
5809.0	7.281881e-16
5810.0	7.376023e-16
5811.0	7.360983e-16
5812.0	7.507822e-16
5813.0	6.927191e-16
5814.0	7.030004e-16
5815.0	7.096374e-16
5816.0	7.129753e-16
5817.0	7.364408e-16
5818.0	7.334968e-16
5819.0	7.276036e-16
5820.0	7.109504e-16
5821.0	7.248104e-16
5822.0	7.498627e-16
5823.0	7.232183e-16
5824.0	7.445412e-16
5825.0	7.542864e-16
5826.0	7.217884e-16
5827.0	7.316837e-16
5828.0	7.238931e-16
5829.0	7.382945e-16
5830.0	7.347334e-16
5831.0	7.171116e-16
5832.0	6.923828e-16
5833.0	7.309692e-16
5834.0	7.275464e-16
5835.0	7.352478e-16
5836.0	7.108661e-16
5837.0	7.013552e-16
5838.0	6.987027e-16
5839.0	7.195187e-16
5840.0	7.160111e-16
5841.0	7.160194e-16
5842.0	7.112116e-16
5843.0	7.11202e-16
5844.0	7.362865e-16
5845.0	7.004886e-16
5846.0	7.170244e-16
5847.0	7.240374e-16
5848.0	7.494857e-16
5849.0	7.191372e-16
5850.0	7.371258e-16
5851.0	7.548819e-16
5852.0	7.457173e-16
5853.0	7.415712e-16
5854.0	7.413359e-16
5855.0	7.266103e-16
5856.0	7.068132e-16
5857.0	7.247049e-16
5858.0	6.944351e-16
5859.0	6.807787e-16
5860.0	7.107134e-16
5861.0	7.101368e-16
5862.0	7.06766e-16
5863.0	7.136322e-16
5864.0	7.156319e-16
5865.0	7.003639e-16
5866.0	6.768355e-16
5867.0	6.954271e-16
5868.0	7.545744e-16
5869.0	7.496559e-16
5870.0	7.187726e-16
5871.0	7.380257e-16
5872.0	7.563564e-16
5873.0	7.843796e-16
5874.0	8.444021e-16
5875.0	7.935025e-16
5876.0	7.269257e-16
5877.0	7.394144e-16
5878.0	7.223207e-16
5879.0	7.120259e-16
5880.0	6.758979e-16
5881.0	6.662601e-16
5882.0	6.964817e-16
5883.0	6.697762e-16
5884.0	6.633223e-16
5885.0	6.620318e-16
5886.0	6.742435e-16
5887.0	6.575706e-16
5888.0	6.74483e-16
5889.0	6.310851e-16
5890.0	6.470309e-16
5891.0	6.141334e-16
5892.0	6.420196e-16
5893.0	6.432252e-16
5894.0	6.619967e-16
5895.0	6.432089e-16
5896.0	6.568698e-16
5897.0	6.517685e-16
5898.0	6.745127e-16
5899.0	6.60994e-16
5900.0	6.638792e-16
5901.0	6.565721e-16
5902.0	6.522425e-16
5903.0	6.879261e-16
5904.0	7.090334e-16
5905.0	7.015444e-16
5906.0	6.947072e-16
5907.0	6.429012e-16
5908.0	6.684757e-16
5909.0	6.751501e-16
5910.0	6.796917e-16
5911.0	6.862299e-16
5912.0	6.822228e-16
5913.0	6.968631e-16
5914.0	7.193434e-16
5915.0	7.056871e-16
5916.0	6.751175e-16
5917.0	6.849358e-16
5918.0	6.629129e-16
5919.0	6.453499e-16
5920.0	6.991177e-16
5921.0	6.883298e-16
5922.0	6.486225e-16
5923.0	6.693909e-16
5924.0	6.565421e-16
5925.0	6.791995e-16
5926.0	6.965721e-16
5927.0	6.806423e-16
5928.0	6.935757e-16
5929.0	6.896857e-16
5930.0	6.862301e-16
5931.0	6.747061e-16
5932.0	6.618483e-16
5933.0	6.934544e-16
5934.0	7.081793e-16
5935.0	7.190819e-16
5936.0	7.118949e-16
5937.0	7.320947e-16
5938.0	7.179892e-16
5939.0	6.856538e-16
5940.0	6.847828e-16
5941.0	6.362928e-16
5942.0	6.297251e-16
5943.0	6.408895e-16
5944.0	6.510592e-16
5945.0	6.771267e-16
5946.0	6.73852e-16
5947.0	6.494691e-16
5948.0	6.927439e-16
5949.0	6.249899e-16
5950.0	6.813928e-16
5951.0	6.747444e-16
5952.0	6.985894e-16
5953.0	7.307277e-16
5954.0	7.163237e-16
5955.0	6.653185e-16
5956.0	6.845205e-16
5957.0	6.627434e-16
5958.0	6.499697e-16
5959.0	7.025954e-16
5960.0	6.654189e-16
5961.0	6.630864e-16
5962.0	6.916408e-16
5963.0	6.606711e-16
5964.0	6.780021e-16
5965.0	6.734344e-16
5966.0	6.686477e-16
5967.0	6.439197e-16
5968.0	6.59355e-16
5969.0	6.938003e-16
5970.0	6.657292e-16
5971.0	6.693416e-16
5972.0	6.638993e-16
5973.0	6.654402e-16
5974.0	7.080325e-16
5975.0	6.749386e-16
5976.0	6.782669e-16
5977.0	6.661983e-16
5978.0	6.718368e-16
5979.0	6.961794e-16
5980.0	6.762606e-16
5981.0	6.916285e-16
5982.0	7.265323e-16
5983.0	7.125902e-16
5984.0	6.962182e-16
5985.0	7.13375e-16
5986.0	7.004728e-16
5987.0	7.034712e-16
5988.0	7.018925e-16
5989.0	6.860475e-16
5990.0	6.718986e-16
5991.0	6.78618e-16
5992.0	6.688733e-16
5993.0	6.885123e-16
5994.0	7.005351e-16
5995.0	6.868149e-16
5996.0	6.641772e-16
5997.0	6.735488e-16
5998.0	6.63047e-16
5999.0	6.943626e-16
6000.0	6.940843e-16
6001.0	6.692862e-16
6002.0	6.614804e-16
6003.0	6.753596e-16
6004.0	6.932146e-16
6005.0	6.976836e-16
6006.0	6.797134e-16
6007.0	7.10823e-16
6008.0	6.967165e-16
6009.0	7.04047e-16
6010.0	7.2615e-16
6011.0	6.984902e-16
6012.0	7.140273e-16
6013.0	6.995944e-16
6014.0	6.98372e-16
6015.0	6.689505e-16
6016.0	6.732436e-16
6017.0	6.942332e-16
6018.0	6.89599e-16
6019.0	6.860754e-16
6020.0	6.773721e-16
6021.0	7.095435e-16
6022.0	7.02741e-16
6023.0	7.02484e-16
6024.0	6.918498e-16
6025.0	7.006833e-16
6026.0	6.841282e-16
6027.0	7.125467e-16
6028.0	6.983591e-16
6029.0	6.944597e-16
6030.0	6.995044e-16
6031.0	7.116901e-16
6032.0	6.906054e-16
6033.0	6.86093e-16
6034.0	6.842174e-16
6035.0	6.997286e-16
6036.0	6.922798e-16
6037.0	6.910985e-16
6038.0	7.065154e-16
6039.0	7.103768e-16
6040.0	6.93508e-16
6041.0	6.709283e-16
6042.0	6.924363e-16
6043.0	7.079194e-16
6044.0	6.961647e-16
6045.0	6.467335e-16
6046.0	6.889852e-16
6047.0	7.060158e-16
6048.0	6.872621e-16
6049.0	7.066309e-16
6050.0	6.595442e-16
6051.0	6.272533e-16
6052.0	6.679829e-16
6053.0	6.863068e-16
6054.0	6.833538e-16
6055.0	6.64235e-16
6056.0	6.786575e-16
6057.0	7.034037e-16
6058.0	7.047273e-16
6059.0	7.050834e-16
6060.0	6.828892e-16
6061.0	6.777549e-16
6062.0	6.688019e-16
6063.0	7.076233e-16
6064.0	6.822683e-16
6065.0	6.524015e-16
6066.0	6.351481e-16
6067.0	6.8047e-16
6068.0	7.08943e-16
6069.0	6.876041e-16
6070.0	7.002964e-16
6071.0	6.906897e-16
6072.0	6.754773e-16
6073.0	7.02199e-16
6074.0	7.019711e-16
6075.0	6.730543e-16
6076.0	6.984181e-16
6077.0	6.760898e-16
6078.0	6.927205e-16
6079.0	6.976498e-16
6080.0	6.52203e-16
6081.0	6.844385e-16
6082.0	7.047818e-16
6083.0	6.74088e-16
6084.0	6.5161e-16
6085.0	6.7388e-16
6086.0	6.945569e-16
6087.0	7.051523e-16
6088.0	6.996206e-16
6089.0	7.026116e-16
6090.0	6.842178e-16
6091.0	6.744333e-16
6092.0	6.913018e-16
6093.0	7.284958e-16
6094.0	7.067768e-16
6095.0	7.271762e-16
6096.0	7.105906e-16
6097.0	6.864665e-16
6098.0	6.864909e-16
6099.0	6.748096e-16
6100.0	7.086649e-16
6101.0	7.063644e-16
6102.0	6.968641e-16
6103.0	6.841534e-16
6104.0	6.964999e-16
6105.0	6.796879e-16
6106.0	7.033001e-16
6107.0	6.983107e-16
6108.0	7.203152e-16
6109.0	7.040935e-16
6110.0	6.932086e-16
6111.0	7.17832e-16
6112.0	6.727846e-16
6113.0	6.981113e-16
6114.0	6.799841e-16
6115.0	7.021771e-16
6116.0	6.998196e-16
6117.0	6.83274e-16
6118.0	6.750661e-16
6119.0	6.446474e-16
6120.0	6.793502e-16
6121.0	6.715037e-16
6122.0	6.443266e-16
6123.0	6.632434e-16
6124.0	6.928158e-16
6125.0	6.991086e-16
6126.0	6.518392e-16
6127.0	6.853942e-16
6128.0	6.773897e-16
6129.0	6.640324e-16
6130.0	6.689887e-16
6131.0	6.820051e-16
6132.0	7.049348e-16
6133.0	6.72379e-16
6134.0	6.426743e-16
6135.0	6.637089e-16
6136.0	6.945447e-16
6137.0	6.66594e-16
6138.0	6.474668e-16
6139.0	6.886063e-16
6140.0	6.784687e-16
6141.0	6.618506e-16
6142.0	6.530832e-16
6143.0	6.652616e-16
6144.0	6.769726e-16
6145.0	6.876403e-16
6146.0	7.012521e-16
6147.0	6.548118e-16
6148.0	6.313076e-16
6149.0	6.582388e-16
6150.0	6.65528e-16
6151.0	6.597468e-16
6152.0	6.7492e-16
6153.0	6.610183e-16
6154.0	6.52368e-16
6155.0	6.66508e-16
6156.0	6.814769e-16
6157.0	6.811239e-16
6158.0	6.804164e-16
6159.0	6.751379e-16
6160.0	6.868945e-16
6161.0	6.664609e-16
6162.0	6.772847e-16
6163.0	6.532961e-16
6164.0	6.49986e-16
6165.0	6.939952e-16
6166.0	6.631437e-16
6167.0	6.407909e-16
6168.0	6.339946e-16
6169.0	6.660079e-16
6170.0	6.528023e-16
6171.0	6.439161e-16
6172.0	6.601069e-16
6173.0	6.432655e-16
6174.0	6.612896e-16
6175.0	6.502423e-16
6176.0	6.169417e-16
6177.0	6.409195e-16
6178.0	6.329003e-16
6179.0	6.527483e-16
6180.0	6.423806e-16
6181.0	6.762337e-16
6182.0	6.557108e-16
6183.0	6.730543e-16
6184.0	6.583003e-16
6185.0	6.573543e-16
6186.0	6.239798e-16
6187.0	6.482633e-16
6188.0	6.393097e-16
6189.0	6.632875e-16
6190.0	6.571195e-16
6191.0	6.439827e-16
6192.0	6.561891e-16
6193.0	6.556678e-16
6194.0	6.255852e-16
6195.0	6.373975e-16
6196.0	6.322559e-16
6197.0	6.13699e-16
6198.0	6.622438e-16
6199.0	6.494298e-16
6200.0	6.218899e-16
6201.0	6.436702e-16
6202.0	6.35367e-16
6203.0	6.078921e-16
6204.0	5.948325e-16
6205.0	6.069286e-16
6206.0	6.151245e-16
6207.0	6.330021e-16
6208.0	6.177266e-16
6209.0	5.86875e-16
6210.0	5.645145e-16
6211.0	6.180269e-16
6212.0	6.337821e-16
6213.0	6.292409e-16
6214.0	6.201907e-16
6215.0	6.078101e-16
6216.0	6.225273e-16
6217.0	6.205693e-16
6218.0	6.266345e-16
6219.0	6.024069e-16
6220.0	6.221221e-16
6221.0	6.480831e-16
6222.0	6.340975e-16
6223.0	6.262087e-16
6224.0	6.210097e-16
6225.0	6.37823e-16
6226.0	6.037201e-16
6227.0	5.829229e-16
6228.0	5.861957e-16
6229.0	5.670302e-16
6230.0	5.844957e-16
6231.0	6.032195e-16
6232.0	6.369986e-16
6233.0	6.252571e-16
6234.0	6.124739e-16
6235.0	6.14226e-16
6236.0	5.921266e-16
6237.0	5.813173e-16
6238.0	6.01297e-16
6239.0	6.172152e-16
6240.0	5.90815e-16
6241.0	6.415534e-16
6242.0	5.924797e-16
6243.0	5.884562e-16
6244.0	5.861241e-16
6245.0	6.214787e-16
6246.0	5.987715e-16
6247.0	5.821308e-16
6248.0	5.882404e-16
6249.0	5.949054e-16
6250.0	6.080273e-16
6251.0	5.84403e-16
6252.0	5.880431e-16
6253.0	6.047765e-16
6254.0	5.736755e-16
6255.0	5.806383e-16
6256.0	5.999097e-16
6257.0	5.751378e-16
6258.0	5.689167e-16
6259.0	5.830718e-16
6260.0	5.953874e-16
6261.0	6.120939e-16
6262.0	5.872555e-16
6263.0	5.615225e-16
6264.0	5.958708e-16
6265.0	5.689177e-16
6266.0	5.729468e-16
6267.0	5.966238e-16
6268.0	5.916903e-16
6269.0	5.943708e-16
6270.0	5.859495e-16
6271.0	6.026934e-16
6272.0	5.740047e-16
6273.0	5.781454e-16
6274.0	5.885549e-16
6275.0	5.351982e-16
6276.0	5.576789e-16
6277.0	5.579967e-16
6278.0	5.482542e-16
6279.0	5.342414e-16
6280.0	5.351429e-16
6281.0	5.801311e-16
6282.0	5.628201e-16
6283.0	5.7223e-16
6284.0	5.684173e-16
6285.0	5.664614e-16
6286.0	5.603852e-16
6287.0	5.468176e-16
6288.0	5.618482e-16
6289.0	5.644714e-16
6290.0	5.816361e-16
6291.0	5.811106e-16
6292.0	5.663202e-16
6293.0	5.743021e-16
6294.0	5.505763e-16
6295.0	5.880816e-16
6296.0	5.472285e-16
6297.0	5.525794e-16
6298.0	5.770084e-16
6299.0	5.060618e-16
6300.0	4.667486e-16
6301.0	4.828712e-16
6302.0	5.673677e-16
6303.0	5.730069e-16
6304.0	5.564857e-16
6305.0	5.725773e-16
6306.0	5.699745e-16
6307.0	5.460202e-16
6308.0	5.612508e-16
6309.0	5.589394e-16
6310.0	5.594242e-16
6311.0	5.653233e-16
6312.0	5.578935e-16
6313.0	5.388382e-16
6314.0	5.455896e-16
6315.0	5.420864e-16
6316.0	5.48366e-16
6317.0	5.300876e-16
6318.0	5.483878e-16
6319.0	5.274176e-16
6320.0	5.226698e-16
6321.0	5.503776e-16
6322.0	5.571105e-16
6323.0	5.665551e-16
6324.0	5.642417e-16
6325.0	5.402578e-16
6326.0	5.2409e-16
6327.0	5.592189e-16
6328.0	5.741115e-16
6329.0	5.553704e-16
6330.0	5.365133e-16
6331.0	5.344718e-16
6332.0	5.638717e-16
6333.0	5.974956e-16
6334.0	5.588885e-16
6335.0	5.278783e-16
6336.0	5.280782e-16
6337.0	5.201382e-16
6338.0	5.361254e-16
6339.0	5.429224e-16
6340.0	5.386777e-16
6341.0	5.466128e-16
6342.0	5.360166e-16
6343.0	5.375407e-16
6344.0	5.08901e-16
6345.0	5.309888e-16
6346.0	5.272218e-16
6347.0	5.450748e-16
6348.0	5.298138e-16
6349.0	5.163652e-16
6350.0	5.586915e-16
6351.0	5.397625e-16
6352.0	5.41977e-16
6353.0	5.313637e-16
6354.0	5.345204e-16
6355.0	5.307388e-16
6356.0	5.583335e-16
6357.0	5.429027e-16
6358.0	5.455588e-16
6359.0	5.484751e-16
6360.0	5.362048e-16
6361.0	5.307162e-16
6362.0	5.310173e-16
6363.0	5.23061e-16
6364.0	5.342966e-16
6365.0	5.548494e-16
6366.0	5.708747e-16
6367.0	5.56834e-16
6368.0	5.480779e-16
6369.0	5.398472e-16
6370.0	5.416528e-16
6371.0	5.334408e-16
6372.0	5.323526e-16
6373.0	5.304676e-16
6374.0	5.283856e-16
6375.0	5.470178e-16
6376.0	5.330793e-16
6377.0	5.237708e-16
6378.0	5.294998e-16
6379.0	5.298187e-16
6380.0	5.399454e-16
6381.0	5.182333e-16
6382.0	5.218547e-16
6383.0	5.185006e-16
6384.0	5.504959e-16
6385.0	5.041732e-16
6386.0	5.236664e-16
6387.0	5.266716e-16
6388.0	5.369343e-16
6389.0	5.362977e-16
6390.0	5.216296e-16
6391.0	5.236835e-16
6392.0	5.152419e-16
6393.0	5.105441e-16
6394.0	5.210548e-16
6395.0	5.216763e-16
6396.0	5.589044e-16
6397.0	5.25378e-16
6398.0	5.324837e-16
6399.0	5.22711e-16
6400.0	5.260998e-16
6401.0	5.117859e-16
6402.0	5.084143e-16
6403.0	5.144072e-16
6404.0	5.298632e-16
6405.0	5.329659e-16
6406.0	5.318965e-16
6407.0	5.331103e-16
6408.0	5.184131e-16
6409.0	5.206969e-16
6410.0	5.076966e-16
6411.0	5.256505e-16
6412.0	5.500889e-16
6413.0	5.330741e-16
6414.0	5.328059e-16
6415.0	5.373856e-16
6416.0	5.404629e-16
6417.0	5.444522e-16
6418.0	5.261031e-16
6419.0	5.272437e-16
6420.0	5.331212e-16
6421.0	5.513829e-16
6422.0	5.272036e-16
6423.0	5.391502e-16
6424.0	5.214511e-16
6425.0	4.822212e-16
6426.0	4.964707e-16
6427.0	5.237998e-16
6428.0	5.304372e-16
6429.0	5.292106e-16
6430.0	5.237807e-16
6431.0	5.200344e-16
6432.0	5.222715e-16
6433.0	5.24441e-16
6434.0	5.251503e-16
6435.0	5.230816e-16
6436.0	5.457537e-16
6437.0	5.432814e-16
6438.0	5.507525e-16
6439.0	5.319709e-16
6440.0	5.284805e-16
6441.0	5.224981e-16
6442.0	5.611257e-16
6443.0	5.397606e-16
6444.0	5.117968e-16
6445.0	5.122812e-16
6446.0	4.927073e-16
6447.0	5.222699e-16
6448.0	5.13224e-16
6449.0	5.188358e-16
6450.0	5.468328e-16
6451.0	5.401333e-16
6452.0	5.190298e-16
6453.0	5.179818e-16
6454.0	5.373658e-16
6455.0	5.34313e-16
6456.0	5.166902e-16
6457.0	4.885817e-16
6458.0	4.930918e-16
6459.0	4.84727e-16
6460.0	5.142733e-16
6461.0	4.92984e-16
6462.0	4.869107e-16
6463.0	5.097047e-16
6464.0	5.386564e-16
6465.0	5.16886e-16
6466.0	5.135323e-16
6467.0	4.952952e-16
6468.0	4.832794e-16
6469.0	5.014987e-16
6470.0	4.819448e-16
6471.0	5.015756e-16
6472.0	4.7515e-16
6473.0	4.863112e-16
6474.0	4.7927e-16
6475.0	4.894147e-16
6476.0	4.540841e-16
6477.0	4.955319e-16
6478.0	4.88436e-16
6479.0	5.015725e-16
6480.0	5.111787e-16
6481.0	5.133235e-16
6482.0	5.507925e-16
6483.0	4.903427e-16
6484.0	4.635304e-16
6485.0	4.788017e-16
6486.0	5.165504e-16
6487.0	5.042513e-16
6488.0	4.950013e-16
6489.0	5.159031e-16
6490.0	5.116433e-16
6491.0	5.251382e-16
6492.0	5.034613e-16
6493.0	5.090359e-16
6494.0	4.994681e-16
6495.0	5.03961e-16
6496.0	4.794748e-16
6497.0	4.873371e-16
6498.0	5.139804e-16
6499.0	5.177924e-16
6500.0	5.356611e-16
6501.0	5.257501e-16
6502.0	4.991499e-16
6503.0	5.123735e-16
6504.0	5.187781e-16
6505.0	4.923312e-16
6506.0	5.287744e-16
6507.0	5.10686e-16
6508.0	4.681995e-16
6509.0	4.862629e-16
6510.0	5.234597e-16
6511.0	5.115718e-16
6512.0	5.119384e-16
6513.0	4.854358e-16
6514.0	4.912719e-16
6515.0	4.821871e-16
6516.0	4.713285e-16
6517.0	4.655114e-16
6518.0	4.938572e-16
6519.0	4.96319e-16
6520.0	5.132808e-16
6521.0	5.294817e-16
6522.0	5.171031e-16
6523.0	5.168046e-16
6524.0	4.880363e-16
6525.0	5.024545e-16
6526.0	5.118316e-16
6527.0	5.101107e-16
6528.0	5.214826e-16
6529.0	5.022382e-16
6530.0	5.063772e-16
6531.0	4.951777e-16
6532.0	5.076944e-16
6533.0	4.926163e-16
6534.0	5.187678e-16
6535.0	4.77546e-16
6536.0	5.022535e-16
6537.0	5.187292e-16
6538.0	5.205453e-16
6539.0	5.149963e-16
6540.0	5.00086e-16
6541.0	5.143309e-16
6542.0	4.781114e-16
6543.0	4.765377e-16
6544.0	4.992114e-16
6545.0	4.764904e-16
6546.0	4.957517e-16
6547.0	5.018217e-16
6548.0	4.755393e-16
6549.0	4.543148e-16
6550.0	4.911509e-16
6551.0	5.241992e-16
6552.0	5.001243e-16
6553.0	4.722629e-16
6554.0	4.683255e-16
6555.0	5.162005e-16
6556.0	4.703469e-16
6557.0	4.992631e-16
6558.0	4.773665e-16
6559.0	4.92973e-16
6560.0	4.993847e-16
6561.0	4.931284e-16
6562.0	4.471915e-16
6563.0	4.750288e-16
6564.0	4.858417e-16
6565.0	5.023753e-16
6566.0	5.337935e-16
6567.0	5.372558e-16
6568.0	5.211595e-16
6569.0	4.676641e-16
6570.0	5.04363e-16
6571.0	4.758314e-16
6572.0	4.965228e-16
6573.0	4.812682e-16
6574.0	4.977102e-16
6575.0	4.823878e-16
6576.0	5.137966e-16
6577.0	4.966028e-16
6578.0	5.148199e-16
6579.0	5.02937e-16
6580.0	5.124083e-16
6581.0	4.844736e-16
6582.0	5.032358e-16
6583.0	5.175849e-16
6584.0	4.87273e-16
6585.0	4.84044e-16
6586.0	4.746561e-16
6587.0	4.948719e-16
6588.0	4.829573e-16
6589.0	4.818732e-16
6590.0	5.067261e-16
6591.0	4.881234e-16
6592.0	4.879444e-16
6593.0	4.998376e-16
6594.0	5.062549e-16
6595.0	5.103327e-16
6596.0	5.023022e-16
6597.0	5.120182e-16
6598.0	4.922825e-16
6599.0	5.133259e-16
6600.0	4.868595e-16
6601.0	4.902251e-16
6602.0	4.848949e-16
6603.0	5.110166e-16
6604.0	5.173344e-16
6605.0	5.114032e-16
6606.0	4.730076e-16
6607.0	4.940359e-16
6608.0	4.996633e-16
6609.0	4.845268e-16
6610.0	5.173211e-16
6611.0	5.063524e-16
6612.0	5.109849e-16
6613.0	4.948293e-16
6614.0	4.788566e-16
6615.0	4.958803e-16
6616.0	5.195412e-16
6617.0	5.308418e-16
6618.0	4.934034e-16
6619.0	4.81098e-16
6620.0	4.85346e-16
6621.0	4.97908e-16
6622.0	5.142821e-16
6623.0	5.002638e-16
6624.0	4.927743e-16
6625.0	4.857344e-16
6626.0	4.897703e-16
6627.0	4.966473e-16
6628.0	4.979999e-16
6629.0	5.0437e-16
6630.0	4.795659e-16
6631.0	5.090782e-16
6632.0	5.055132e-16
6633.0	5.176493e-16
6634.0	4.741838e-16
6635.0	5.02801e-16
6636.0	4.679496e-16
6637.0	5.086352e-16
6638.0	5.067444e-16
6639.0	5.128078e-16
6640.0	4.884191e-16
6641.0	4.987675e-16
6642.0	4.71075e-16
6643.0	4.834064e-16
6644.0	5.045507e-16
6645.0	5.022003e-16
6646.0	4.854757e-16
6647.0	4.726556e-16
6648.0	4.906536e-16
6649.0	4.938563e-16
6650.0	4.667039e-16
6651.0	4.790334e-16
6652.0	4.949637e-16
6653.0	4.782135e-16
6654.0	4.776515e-16
6655.0	4.883187e-16
6656.0	4.785743e-16
6657.0	4.69893e-16
6658.0	4.84396e-16
6659.0	4.791629e-16
6660.0	4.969327e-16
6661.0	4.969971e-16
6662.0	4.784117e-16
6663.0	4.792198e-16
6664.0	4.782251e-16
6665.0	4.812888e-16
6666.0	4.759012e-16
6667.0	5.006046e-16
6668.0	4.836788e-16
6669.0	4.884777e-16
6670.0	4.736108e-16
6671.0	4.79985e-16
6672.0	4.819126e-16
6673.0	4.757285e-16
6674.0	4.842424e-16
6675.0	4.85406e-16
6676.0	4.736578e-16
6677.0	4.572225e-16
6678.0	4.637921e-16
6679.0	4.824971e-16
6680.0	4.538409e-16
6681.0	4.354607e-16
6682.0	4.697302e-16
6683.0	4.616772e-16
6684.0	5.018631e-16
6685.0	4.741833e-16
6686.0	4.856676e-16
6687.0	4.965696e-16
6688.0	4.70806e-16
6689.0	4.708728e-16
6690.0	4.89386e-16
6691.0	4.488998e-16
6692.0	4.837676e-16
6693.0	4.627948e-16
6694.0	4.771877e-16
6695.0	4.743516e-16
6696.0	4.894661e-16
6697.0	4.821459e-16
6698.0	4.800866e-16
6699.0	5.030289e-16
6700.0	4.86282e-16
6701.0	4.768829e-16
6702.0	4.805816e-16
6703.0	4.930254e-16
6704.0	4.871901e-16
6705.0	4.713501e-16
6706.0	4.500564e-16
6707.0	4.556531e-16
6708.0	4.546311e-16
6709.0	4.725892e-16
6710.0	4.600062e-16
6711.0	4.706235e-16
6712.0	4.378534e-16
6713.0	4.65094e-16
6714.0	4.836777e-16
6715.0	4.652884e-16
6716.0	4.585776e-16
6717.0	4.629199e-16
6718.0	4.612302e-16
6719.0	4.808241e-16
6720.0	4.455761e-16
6721.0	4.648723e-16
6722.0	4.583272e-16
6723.0	4.857849e-16
6724.0	4.532188e-16
6725.0	4.542911e-16
6726.0	4.582794e-16
6727.0	4.772539e-16
6728.0	4.568844e-16
6729.0	4.711793e-16
6730.0	4.722404e-16
6731.0	4.605538e-16
6732.0	4.576703e-16
6733.0	4.796563e-16
6734.0	4.709901e-16
6735.0	5.002235e-16
6736.0	4.627326e-16
6737.0	4.800935e-16
6738.0	4.70955e-16
6739.0	4.858649e-16
6740.0	4.698954e-16
6741.0	4.576189e-16
6742.0	4.587103e-16
6743.0	4.849222e-16
6744.0	4.69401e-16
6745.0	4.889789e-16
6746.0	4.807871e-16
6747.0	4.871952e-16
6748.0	4.81083e-16
6749.0	4.846023e-16
6750.0	4.768665e-16
6751.0	4.881055e-16
6752.0	4.814426e-16
6753.0	4.747852e-16
6754.0	4.549504e-16
6755.0	4.804971e-16
6756.0	5.252686e-16
6757.0	5.146783e-16
6758.0	5.600712e-16
6759.0	6.116638e-16
6760.0	6.661005e-16
6761.0	7.580841e-16
6762.0	7.086301e-16
6763.0	5.714526e-16
6764.0	4.90915e-16
6765.0	4.973331e-16
6766.0	4.854995e-16
6767.0	4.782934e-16
6768.0	4.653309e-16
6769.0	4.723423e-16
6770.0	4.888388e-16
6771.0	4.608517e-16
6772.0	4.92922e-16
6773.0	4.787122e-16
6774.0	4.648181e-16
6775.0	4.356672e-16
6776.0	4.705157e-16
6777.0	4.788042e-16
6778.0	4.707595e-16
6779.0	4.422545e-16
6780.0	4.989137e-16
6781.0	4.627168e-16
6782.0	4.572773e-16
6783.0	4.48238e-16
6784.0	4.48976e-16
6785.0	4.506838e-16
6786.0	4.397795e-16
6787.0	4.33438e-16
6788.0	4.424838e-16
6789.0	4.438342e-16
6790.0	4.452936e-16
6791.0	4.63183e-16
6792.0	4.486023e-16
6793.0	4.375114e-16
6794.0	4.605575e-16
6795.0	4.497823e-16
6796.0	4.434022e-16
6797.0	4.249221e-16
6798.0	4.431007e-16
6799.0	4.337412e-16
6800.0	4.668988e-16
6801.0	4.464314e-16
6802.0	4.452489e-16
6803.0	4.401304e-16
6804.0	4.483026e-16
6805.0	4.492544e-16
6806.0	4.383874e-16
6807.0	4.183761e-16
6808.0	4.249514e-16
6809.0	4.538155e-16
6810.0	4.46445e-16
6811.0	4.360813e-16
6812.0	4.22484e-16
6813.0	4.484747e-16
6814.0	4.358039e-16
6815.0	4.353106e-16
6816.0	4.611881e-16
6817.0	4.571142e-16
6818.0	4.327959e-16
6819.0	4.077839e-16
6820.0	4.028731e-16
6821.0	4.198631e-16
6822.0	4.405111e-16
6823.0	4.212931e-16
6824.0	4.538029e-16
6825.0	4.155095e-16
6826.0	4.3225e-16
6827.0	4.234062e-16
6828.0	4.470496e-16
6829.0	3.981238e-16
6830.0	4.470834e-16
6831.0	4.535536e-16
6832.0	4.371777e-16
6833.0	4.145833e-16
6834.0	4.301854e-16
6835.0	4.045408e-16
6836.0	4.293109e-16
6837.0	4.088932e-16
6838.0	4.144403e-16
6839.0	4.254424e-16
6840.0	4.460638e-16
6841.0	4.270506e-16
6842.0	4.358114e-16
6843.0	4.161425e-16
6844.0	4.354553e-16
6845.0	4.039935e-16
6846.0	4.16429e-16
6847.0	4.272313e-16
6848.0	4.326195e-16
6849.0	4.078668e-16
6850.0	4.251335e-16
6851.0	4.12975e-16
6852.0	4.3892e-16
6853.0	4.356437e-16
6854.0	4.28662e-16
6855.0	4.023664e-16
6856.0	4.356866e-16
6857.0	4.373358e-16
6858.0	4.389586e-16
6859.0	4.348277e-16
6860.0	4.347587e-16
6861.0	4.267439e-16
6862.0	4.236464e-16
6863.0	4.376566e-16
6864.0	4.198744e-16
6865.0	4.370191e-16
6866.0	4.406574e-16
6867.0	4.074755e-16
6868.0	4.255368e-16
6869.0	4.685803e-16
6870.0	3.929409e-16
6871.0	4.699723e-16
6872.0	4.404129e-16
6873.0	4.354905e-16
6874.0	4.01145e-16
6875.0	4.556648e-16
6876.0	4.441045e-16
6877.0	4.237139e-16
6878.0	4.27864e-16
6879.0	4.53928e-16
6880.0	4.789419e-16
6881.0	4.484456e-16
6882.0	4.326936e-16
6883.0	4.02323e-16
6884.0	4.229443e-16
6885.0	4.067024e-16
6886.0	4.16424e-16
6887.0	4.213607e-16
6888.0	4.061716e-16
6889.0	4.330418e-16
6890.0	4.13464e-16
6891.0	4.212336e-16
6892.0	4.240514e-16
6893.0	4.311593e-16
6894.0	4.381948e-16
6895.0	4.600734e-16
6896.0	3.943831e-16
6897.0	4.22052e-16
6898.0	4.196004e-16
6899.0	4.374919e-16
6900.0	4.288487e-16
6901.0	4.519635e-16
6902.0	4.145768e-16
6903.0	4.424745e-16
6904.0	4.08983e-16
6905.0	4.471587e-16
6906.0	4.080367e-16
6907.0	3.772038e-16
6908.0	3.859748e-16
6909.0	4.128036e-16
6910.0	4.249859e-16
6911.0	4.244999e-16
6912.0	4.206541e-16
6913.0	4.093984e-16
6914.0	4.062654e-16
6915.0	3.70511e-16
6916.0	3.98265e-16
6917.0	4.319437e-16
6918.0	4.471859e-16
6919.0	4.119872e-16
6920.0	3.970301e-16
6921.0	3.928059e-16
6922.0	3.717109e-16
6923.0	3.735094e-16
6924.0	3.948466e-16
6925.0	3.888511e-16
6926.0	3.996339e-16
6927.0	3.980215e-16
6928.0	3.920386e-16
6929.0	3.80916e-16
6930.0	4.097739e-16
6931.0	3.608252e-16
6932.0	3.962774e-16
6933.0	3.888667e-16
6934.0	3.757253e-16
6935.0	3.805816e-16
6936.0	3.866724e-16
6937.0	3.861049e-16
6938.0	4.169411e-16
6939.0	3.686158e-16
6940.0	3.641243e-16
6941.0	3.409146e-16
6942.0	3.489471e-16
6943.0	3.401934e-16
6944.0	3.726911e-16
6945.0	3.5884e-16
6946.0	3.768155e-16
6947.0	3.950097e-16
6948.0	4.046735e-16
6949.0	3.488488e-16
6950.0	3.578441e-16
6951.0	3.584806e-16
6952.0	3.743026e-16
6953.0	3.655485e-16
6954.0	3.771675e-16
6955.0	3.344482e-16
6956.0	3.618323e-16
6957.0	3.597954e-16
6958.0	3.501496e-16
6959.0	3.303075e-16
6960.0	3.721179e-16
6961.0	3.458687e-16
6962.0	3.510467e-16
6963.0	3.369768e-16
6964.0	3.727654e-16
6965.0	3.869506e-16
6966.0	3.856301e-16
6967.0	3.829818e-16
6968.0	3.768635e-16
6969.0	3.746073e-16
6970.0	3.869323e-16
6971.0	3.699854e-16
6972.0	3.874039e-16
6973.0	3.525108e-16
6974.0	3.772636e-16
6975.0	3.808336e-16
6976.0	3.820257e-16
6977.0	3.693117e-16
6978.0	3.492911e-16
6979.0	3.641167e-16
6980.0	3.710459e-16
6981.0	3.853031e-16
6982.0	3.782671e-16
6983.0	3.782067e-16
6984.0	3.697583e-16
6985.0	3.859858e-16
6986.0	3.656556e-16
6987.0	3.522022e-16
6988.0	3.445211e-16
6989.0	3.414619e-16
6990.0	3.624962e-16
6991.0	3.617249e-16
6992.0	3.414524e-16
6993.0	3.586664e-16
6994.0	3.510371e-16
6995.0	3.47551e-16
6996.0	3.386336e-16
6997.0	3.643524e-16
6998.0	3.683653e-16
6999.0	3.735938e-16
7000.0	3.367758e-16
7001.0	3.44624e-16
7002.0	3.465721e-16
7003.0	3.684279e-16
7004.0	3.35539e-16
7005.0	3.404707e-16
7006.0	3.086972e-16
7007.0	3.269874e-16
7008.0	3.171222e-16
7009.0	3.631912e-16
7010.0	3.4643e-16
7011.0	3.610639e-16
7012.0	3.374574e-16
7013.0	3.337896e-16
7014.0	3.34872e-16
7015.0	3.57172e-16
7016.0	3.431638e-16
7017.0	3.261043e-16
7018.0	3.407605e-16
7019.0	3.202717e-16
7020.0	3.662967e-16
7021.0	3.40488e-16
7022.0	3.566273e-16
7023.0	3.427976e-16
7024.0	3.276587e-16
7025.0	3.327587e-16
7026.0	3.347209e-16
7027.0	3.112444e-16
7028.0	3.345566e-16
7029.0	3.230605e-16
7030.0	3.028914e-16
7031.0	3.262694e-16
7032.0	3.700962e-16
7033.0	3.590925e-16
7034.0	3.542168e-16
7035.0	3.461024e-16
7036.0	3.515506e-16
7037.0	3.500351e-16
7038.0	3.582648e-16
7039.0	3.40582e-16
7040.0	3.499376e-16
7041.0	3.425644e-16
7042.0	3.398494e-16
7043.0	3.259859e-16
7044.0	3.271136e-16
7045.0	3.42058e-16
7046.0	3.481382e-16
7047.0	3.443928e-16
7048.0	3.507273e-16
7049.0	3.173397e-16
7050.0	3.270458e-16
7051.0	3.225899e-16
7052.0	3.152364e-16
7053.0	3.313439e-16
7054.0	2.917939e-16
7055.0	3.318876e-16
7056.0	3.34504e-16
7057.0	3.191308e-16
7058.0	3.110052e-16
7059.0	3.207688e-16
7060.0	3.204102e-16
