#	 asassn15pm 
#	 UT date of observation: 20151011 
#	 Telescope/Instrument: SOAR/Goodman 
#	 Estimated Peak MJD: 57277.887 
#	 Estimated redshift: 0.049 
#	 Estimated Phase: 26.8 
#	 Published in Dettman et al. 2020 
#	 Observed barycentric wavelength (Angstroms)    F_lambda
3700.0	4.039145e-16
3702.0	4.525212e-16
3704.0	6.030007e-16
3706.0	6.388076e-16
3708.0	6.1406e-16
3710.0	5.258043e-16
3712.0	4.952795e-16
3714.0	6.283766e-16
3716.0	6.722245e-16
3718.0	6.004048e-16
3720.0	5.383739e-16
3722.0	5.824879e-16
3724.0	5.937926e-16
3726.0	5.372585e-16
3728.0	5.96212e-16
3730.0	6.294585e-16
3732.0	5.97215e-16
3734.0	6.188805e-16
3736.0	6.415583e-16
3738.0	6.427671e-16
3740.0	6.284846e-16
3742.0	6.049745e-16
3744.0	6.601143e-16
3746.0	6.956493e-16
3748.0	6.46082e-16
3750.0	5.372098e-16
3752.0	6.723634e-16
3754.0	6.977069e-16
3756.0	5.76176e-16
3758.0	5.576151e-16
3760.0	5.84424e-16
3762.0	5.965391e-16
3764.0	7.094946e-16
3766.0	6.763561e-16
3768.0	6.467727e-16
3770.0	5.853443e-16
3772.0	5.945869e-16
3774.0	7.084704e-16
3776.0	6.922924e-16
3778.0	6.072087e-16
3780.0	5.131515e-16
3782.0	6.647432e-16
3784.0	5.957505e-16
3786.0	5.357003e-16
3788.0	5.990033e-16
3790.0	4.747445e-16
3792.0	5.329482e-16
3794.0	5.933905e-16
3796.0	5.416424e-16
3798.0	4.926656e-16
3800.0	5.343086e-16
3802.0	5.065449e-16
3804.0	5.465359e-16
3806.0	5.625579e-16
3808.0	4.861188e-16
3810.0	5.439876e-16
3812.0	4.795969e-16
3814.0	4.844971e-16
3816.0	5.765858e-16
3818.0	5.880551e-16
3820.0	6.31132e-16
3822.0	5.354933e-16
3824.0	5.978839e-16
3826.0	7.867959e-16
3828.0	8.390991e-16
3830.0	7.626347e-16
3832.0	6.371995e-16
3834.0	7.319238e-16
3836.0	8.635731e-16
3838.0	8.489628e-16
3840.0	7.685035e-16
3842.0	7.788921e-16
3844.0	7.939584e-16
3846.0	8.512404e-16
3848.0	8.888143e-16
3850.0	9.97122e-16
3852.0	9.689076e-16
3854.0	9.500508e-16
3856.0	9.28748e-16
3858.0	9.457229e-16
3860.0	8.740012e-16
3862.0	1.016817e-15
3864.0	1.074585e-15
3866.0	9.465398e-16
3868.0	9.182271e-16
3870.0	1.023886e-15
3872.0	1.072209e-15
3874.0	1.007897e-15
3876.0	1.006967e-15
3878.0	9.621472e-16
3880.0	9.264354e-16
3882.0	1.032668e-15
3884.0	1.018619e-15
3886.0	8.952525e-16
3888.0	8.838341e-16
3890.0	9.827213e-16
3892.0	9.631296e-16
3894.0	8.306669e-16
3896.0	8.337545e-16
3898.0	8.791772e-16
3900.0	8.880654e-16
3902.0	8.807923e-16
3904.0	8.354502e-16
3906.0	8.621727e-16
3908.0	8.622083e-16
3910.0	8.443518e-16
3912.0	8.055477e-16
3914.0	7.450621e-16
3916.0	7.093608e-16
3918.0	7.26494e-16
3920.0	7.809295e-16
3922.0	7.517716e-16
3924.0	6.34802e-16
3926.0	5.992937e-16
3928.0	7.084494e-16
3930.0	7.025945e-16
3932.0	6.383813e-16
3934.0	6.210656e-16
3936.0	5.958741e-16
3938.0	4.975721e-16
3940.0	5.10139e-16
3942.0	5.746806e-16
3944.0	5.111616e-16
3946.0	4.554816e-16
3948.0	4.963562e-16
3950.0	4.68396e-16
3952.0	4.24812e-16
3954.0	4.457282e-16
3956.0	3.842386e-16
3958.0	4.108165e-16
3960.0	4.756006e-16
3962.0	3.679811e-16
3964.0	2.788083e-16
3966.0	3.825488e-16
3968.0	4.344672e-16
3970.0	3.958831e-16
3972.0	2.942349e-16
3974.0	2.770508e-16
3976.0	3.6243e-16
3978.0	2.854632e-16
3980.0	2.766917e-16
3982.0	3.083941e-16
3984.0	2.781297e-16
3986.0	2.835127e-16
3988.0	2.920784e-16
3990.0	2.912748e-16
3992.0	3.642381e-16
3994.0	3.622598e-16
3996.0	3.694548e-16
3998.0	3.881748e-16
4000.0	3.546086e-16
4002.0	3.864623e-16
4004.0	4.587108e-16
4006.0	4.945412e-16
4008.0	4.244235e-16
4010.0	4.309972e-16
4012.0	4.040283e-16
4014.0	3.263167e-16
4016.0	4.83841e-16
4018.0	5.491627e-16
4020.0	5.034776e-16
4022.0	5.828422e-16
4024.0	6.277794e-16
4026.0	6.168166e-16
4028.0	6.200588e-16
4030.0	6.527527e-16
4032.0	6.669392e-16
4034.0	6.769769e-16
4036.0	7.35712e-16
4038.0	7.715681e-16
4040.0	7.442726e-16
4042.0	7.35062e-16
4044.0	7.141334e-16
4046.0	7.822777e-16
4048.0	8.630975e-16
4050.0	8.392017e-16
4052.0	9.193073e-16
4054.0	9.407838e-16
4056.0	9.575065e-16
4058.0	1.00308e-15
4060.0	9.094036e-16
4062.0	9.549096e-16
4064.0	1.104055e-15
4066.0	1.079152e-15
4068.0	1.019813e-15
4070.0	1.025146e-15
4072.0	1.015327e-15
4074.0	1.014122e-15
4076.0	1.141755e-15
4078.0	1.102389e-15
4080.0	1.128267e-15
4082.0	1.238389e-15
4084.0	1.177707e-15
4086.0	1.203885e-15
4088.0	1.22294e-15
4090.0	1.265878e-15
4092.0	1.235363e-15
4094.0	1.203889e-15
4096.0	1.278945e-15
4098.0	1.218998e-15
4100.0	1.120142e-15
4102.0	1.150055e-15
4104.0	1.324455e-15
4106.0	1.330203e-15
4108.0	1.378791e-15
4110.0	1.346273e-15
4112.0	1.293513e-15
4114.0	1.281206e-15
4116.0	1.330318e-15
4118.0	1.313544e-15
4120.0	1.376037e-15
4122.0	1.403369e-15
4124.0	1.388292e-15
4126.0	1.397205e-15
4128.0	1.3602e-15
4130.0	1.438122e-15
4132.0	1.394882e-15
4134.0	1.410658e-15
4136.0	1.464026e-15
4138.0	1.521844e-15
4140.0	1.541542e-15
4142.0	1.532187e-15
4144.0	1.598719e-15
4146.0	1.606073e-15
4148.0	1.535847e-15
4150.0	1.408032e-15
4152.0	1.322025e-15
4154.0	1.411581e-15
4156.0	1.449461e-15
4158.0	1.464746e-15
4160.0	1.341051e-15
4162.0	1.252402e-15
4164.0	1.357033e-15
4166.0	1.496542e-15
4168.0	1.440286e-15
4170.0	1.396871e-15
4172.0	1.415813e-15
4174.0	1.356222e-15
4176.0	1.337964e-15
4178.0	1.288157e-15
4180.0	1.279692e-15
4182.0	1.28535e-15
4184.0	1.239286e-15
4186.0	1.251066e-15
4188.0	1.267905e-15
4190.0	1.280494e-15
4192.0	1.307395e-15
4194.0	1.296277e-15
4196.0	1.230157e-15
4198.0	1.19778e-15
4200.0	1.221824e-15
4202.0	1.166052e-15
4204.0	1.163623e-15
4206.0	1.216457e-15
4208.0	1.175883e-15
4210.0	1.15486e-15
4212.0	1.110147e-15
4214.0	1.016131e-15
4216.0	1.000726e-15
4218.0	9.969185e-16
4220.0	9.872578e-16
4222.0	1.044613e-15
4224.0	1.02877e-15
4226.0	1.001287e-15
4228.0	9.803988e-16
4230.0	9.314179e-16
4232.0	9.067e-16
4234.0	9.173218e-16
4236.0	9.607269e-16
4238.0	1.03439e-15
4240.0	1.003668e-15
4242.0	9.788338e-16
4244.0	1.036704e-15
4246.0	1.034395e-15
4248.0	9.754587e-16
4250.0	9.940483e-16
4252.0	1.06519e-15
4254.0	1.056188e-15
4256.0	1.041867e-15
4258.0	1.051722e-15
4260.0	1.050967e-15
4262.0	1.010688e-15
4264.0	1.001467e-15
4266.0	9.73712e-16
4268.0	9.763336e-16
4270.0	9.723676e-16
4272.0	8.922784e-16
4274.0	9.081901e-16
4276.0	9.618357e-16
4278.0	9.993408e-16
4280.0	1.001556e-15
4282.0	1.005176e-15
4284.0	9.912328e-16
4286.0	9.619586e-16
4288.0	9.407758e-16
4290.0	8.906899e-16
4292.0	8.589518e-16
4294.0	8.666217e-16
4296.0	8.517467e-16
4298.0	8.291741e-16
4300.0	9.09019e-16
4302.0	9.654167e-16
4304.0	9.422117e-16
4306.0	9.19001e-16
4308.0	8.773469e-16
4310.0	8.495964e-16
4312.0	8.584078e-16
4314.0	9.295103e-16
4316.0	9.51883e-16
4318.0	9.107121e-16
4320.0	9.02088e-16
4322.0	9.239146e-16
4324.0	9.267285e-16
4326.0	9.053449e-16
4328.0	8.839135e-16
4330.0	8.224366e-16
4332.0	8.219483e-16
4334.0	8.630888e-16
4336.0	8.56859e-16
4338.0	9.01582e-16
4340.0	9.89597e-16
4342.0	9.320419e-16
4344.0	8.263077e-16
4346.0	8.424994e-16
4348.0	8.789174e-16
4350.0	8.895408e-16
4352.0	8.912001e-16
4354.0	8.692856e-16
4356.0	8.58534e-16
4358.0	8.505121e-16
4360.0	8.325095e-16
4362.0	9.451095e-16
4364.0	1.028581e-15
4366.0	1.003551e-15
4368.0	9.506214e-16
4370.0	9.558121e-16
4372.0	1.032266e-15
4374.0	1.034453e-15
4376.0	9.457667e-16
4378.0	9.205341e-16
4380.0	1.034298e-15
4382.0	1.059601e-15
4384.0	1.021694e-15
4386.0	1.004451e-15
4388.0	1.061769e-15
4390.0	1.054062e-15
4392.0	1.068859e-15
4394.0	1.051245e-15
4396.0	1.058419e-15
4398.0	1.064109e-15
4400.0	9.953424e-16
4402.0	1.008322e-15
4404.0	1.077905e-15
4406.0	1.075957e-15
4408.0	1.052898e-15
4410.0	1.047475e-15
4412.0	1.055502e-15
4414.0	1.057484e-15
4416.0	9.69293e-16
4418.0	9.724705e-16
4420.0	9.897903e-16
4422.0	1.033372e-15
4424.0	1.086697e-15
4426.0	1.098546e-15
4428.0	1.069036e-15
4430.0	9.753271e-16
4432.0	9.078406e-16
4434.0	9.430869e-16
4436.0	1.068752e-15
4438.0	1.069238e-15
4440.0	1.018007e-15
4442.0	1.067629e-15
4444.0	1.087073e-15
4446.0	1.085542e-15
4448.0	1.074432e-15
4450.0	1.030778e-15
4452.0	1.019814e-15
4454.0	9.878376e-16
4456.0	1.021829e-15
4458.0	1.004569e-15
4460.0	1.07269e-15
4462.0	9.799766e-16
4464.0	9.670281e-16
4466.0	9.969376e-16
4468.0	9.56639e-16
4470.0	9.422014e-16
4472.0	1.000561e-15
4474.0	1.064498e-15
4476.0	9.941025e-16
4478.0	1.048128e-15
4480.0	1.108683e-15
4482.0	1.059319e-15
4484.0	1.097444e-15
4486.0	1.136606e-15
4488.0	1.04919e-15
4490.0	1.119374e-15
4492.0	1.160521e-15
4494.0	1.111931e-15
4496.0	1.130865e-15
4498.0	1.140018e-15
4500.0	1.120105e-15
4502.0	1.261849e-15
4504.0	1.244305e-15
4506.0	1.227836e-15
4508.0	1.208036e-15
4510.0	1.134853e-15
4512.0	1.096869e-15
4514.0	1.257489e-15
4516.0	1.203562e-15
4518.0	1.211663e-15
4520.0	1.260211e-15
4522.0	1.25108e-15
4524.0	1.231559e-15
4526.0	1.19657e-15
4528.0	1.205259e-15
4530.0	1.241023e-15
4532.0	1.141962e-15
4534.0	1.194049e-15
4536.0	1.245965e-15
4538.0	1.061512e-15
4540.0	1.025416e-15
4542.0	1.173877e-15
4544.0	1.133844e-15
4546.0	1.113309e-15
4548.0	1.106712e-15
4550.0	1.028421e-15
4552.0	1.0073e-15
4554.0	1.073093e-15
4556.0	1.005964e-15
4558.0	1.009572e-15
4560.0	1.023375e-15
4562.0	1.023963e-15
4564.0	1.006731e-15
4566.0	1.106735e-15
4568.0	1.020932e-15
4570.0	9.073662e-16
4572.0	9.266651e-16
4574.0	1.005915e-15
4576.0	9.153267e-16
4578.0	8.534374e-16
4580.0	8.419329e-16
4582.0	8.653803e-16
4584.0	8.059668e-16
4586.0	8.159927e-16
4588.0	7.528512e-16
4590.0	7.017871e-16
4592.0	8.423006e-16
4594.0	8.281271e-16
4596.0	7.905445e-16
4598.0	7.723395e-16
4600.0	7.35373e-16
4602.0	7.476427e-16
4604.0	6.939925e-16
4606.0	6.794053e-16
4608.0	7.063351e-16
4610.0	6.838997e-16
4612.0	6.708332e-16
4614.0	6.158908e-16
4616.0	7.16735e-16
4618.0	7.037675e-16
4620.0	6.394757e-16
4622.0	5.541013e-16
4624.0	6.0374e-16
4626.0	6.750536e-16
4628.0	6.960733e-16
4630.0	6.395359e-16
4632.0	6.173954e-16
4634.0	6.888413e-16
4636.0	6.827565e-16
4638.0	6.264794e-16
4640.0	6.765112e-16
4642.0	6.388535e-16
4644.0	5.732979e-16
4646.0	6.338052e-16
4648.0	6.854869e-16
4650.0	6.671356e-16
4652.0	6.445251e-16
4654.0	6.911189e-16
4656.0	7.169545e-16
4658.0	6.736068e-16
4660.0	6.491132e-16
4662.0	6.880734e-16
4664.0	6.464572e-16
4666.0	6.080316e-16
4668.0	6.611033e-16
4670.0	7.253229e-16
4672.0	7.000063e-16
4674.0	6.710622e-16
4676.0	6.50664e-16
4678.0	6.813808e-16
4680.0	7.010509e-16
4682.0	7.055978e-16
4684.0	7.496283e-16
4686.0	7.426172e-16
4688.0	7.705757e-16
4690.0	8.378108e-16
4692.0	8.281191e-16
4694.0	7.113636e-16
4696.0	7.231484e-16
4698.0	8.11427e-16
4700.0	7.960395e-16
4702.0	8.152253e-16
4704.0	9.034418e-16
4706.0	9.312964e-16
4708.0	8.840654e-16
4710.0	9.180505e-16
4712.0	9.792428e-16
4714.0	9.428595e-16
4716.0	9.384848e-16
4718.0	9.853846e-16
4720.0	9.83735e-16
4722.0	9.763808e-16
4724.0	9.959131e-16
4726.0	1.025295e-15
4728.0	9.884091e-16
4730.0	1.014021e-15
4732.0	1.112871e-15
4734.0	1.127007e-15
4736.0	1.104776e-15
4738.0	1.129804e-15
4740.0	1.137274e-15
4742.0	1.1661e-15
4744.0	1.181036e-15
4746.0	1.211243e-15
4748.0	1.245738e-15
4750.0	1.288867e-15
4752.0	1.31587e-15
4754.0	1.335732e-15
4756.0	1.382876e-15
4758.0	1.429974e-15
4760.0	1.435108e-15
4762.0	1.489432e-15
4764.0	1.546777e-15
4766.0	1.612038e-15
4768.0	1.634992e-15
4770.0	1.588846e-15
4772.0	1.659915e-15
4774.0	1.760174e-15
4776.0	1.791891e-15
4778.0	1.766618e-15
4780.0	1.794224e-15
4782.0	1.79942e-15
4784.0	1.806666e-15
4786.0	1.895881e-15
4788.0	1.896854e-15
4790.0	1.90557e-15
4792.0	1.949753e-15
4794.0	1.962874e-15
4796.0	1.967622e-15
4798.0	1.990289e-15
4800.0	2.021457e-15
4802.0	1.999045e-15
4804.0	2.000831e-15
4806.0	2.026593e-15
4808.0	2.01059e-15
4810.0	2.062739e-15
4812.0	2.16633e-15
4814.0	2.150305e-15
4816.0	2.112388e-15
4818.0	2.161544e-15
4820.0	2.205256e-15
4822.0	2.191819e-15
4824.0	2.158978e-15
4826.0	2.190672e-15
4828.0	2.180231e-15
4830.0	2.209263e-15
4832.0	2.335011e-15
4834.0	2.324789e-15
4836.0	2.276394e-15
4838.0	2.273923e-15
4840.0	2.310722e-15
4842.0	2.349563e-15
4844.0	2.363539e-15
4846.0	2.313012e-15
4848.0	2.271443e-15
4850.0	2.346955e-15
4852.0	2.346883e-15
4854.0	2.307016e-15
4856.0	2.327925e-15
4858.0	2.349003e-15
4860.0	2.392624e-15
4862.0	2.392787e-15
4864.0	2.325979e-15
4866.0	2.312905e-15
4868.0	2.31189e-15
4870.0	2.22875e-15
4872.0	2.202068e-15
4874.0	2.184173e-15
4876.0	2.107938e-15
4878.0	2.001541e-15
4880.0	1.947508e-15
4882.0	1.923385e-15
4884.0	1.887187e-15
4886.0	1.83162e-15
4888.0	1.731837e-15
4890.0	1.705804e-15
4892.0	1.728106e-15
4894.0	1.714573e-15
4896.0	1.648416e-15
4898.0	1.598923e-15
4900.0	1.52708e-15
4902.0	1.45968e-15
4904.0	1.448805e-15
4906.0	1.478862e-15
4908.0	1.452015e-15
4910.0	1.354878e-15
4912.0	1.320799e-15
4914.0	1.33223e-15
4916.0	1.354057e-15
4918.0	1.262333e-15
4920.0	1.194404e-15
4922.0	1.179044e-15
4924.0	1.219895e-15
4926.0	1.205232e-15
4928.0	1.129341e-15
4930.0	1.079246e-15
4932.0	1.093419e-15
4934.0	1.135792e-15
4936.0	1.202103e-15
4938.0	1.161886e-15
4940.0	1.097882e-15
4942.0	1.105948e-15
4944.0	1.083063e-15
4946.0	1.061244e-15
4948.0	1.067944e-15
4950.0	1.075653e-15
4952.0	1.065889e-15
4954.0	1.067795e-15
4956.0	1.06344e-15
4958.0	9.555673e-16
4960.0	1.009532e-15
4962.0	1.045705e-15
4964.0	9.203246e-16
4966.0	9.390964e-16
4968.0	9.01195e-16
4970.0	8.502805e-16
4972.0	9.25162e-16
4974.0	8.617496e-16
4976.0	8.161501e-16
4978.0	8.658701e-16
4980.0	8.514547e-16
4982.0	8.027696e-16
4984.0	8.205984e-16
4986.0	8.226544e-16
4988.0	8.358912e-16
4990.0	8.612168e-16
4992.0	8.402747e-16
4994.0	8.518245e-16
4996.0	8.675165e-16
4998.0	9.122436e-16
5000.0	9.161243e-16
5002.0	9.573947e-16
5004.0	9.914099e-16
5006.0	9.689822e-16
5008.0	9.595132e-16
5010.0	9.671621e-16
5012.0	9.601716e-16
5014.0	1.03898e-15
5016.0	1.069543e-15
5018.0	1.01773e-15
5020.0	1.107489e-15
5022.0	1.196066e-15
5024.0	1.236708e-15
5026.0	1.204553e-15
5028.0	1.183753e-15
5030.0	1.17921e-15
5032.0	1.183053e-15
5034.0	1.213239e-15
5036.0	1.313788e-15
5038.0	1.327333e-15
5040.0	1.299778e-15
5042.0	1.308781e-15
5044.0	1.309218e-15
5046.0	1.376242e-15
5048.0	1.281113e-15
5050.0	1.252881e-15
5052.0	1.273521e-15
5054.0	1.208755e-15
5056.0	1.235229e-15
5058.0	1.211446e-15
5060.0	1.217313e-15
5062.0	1.262365e-15
5064.0	1.194765e-15
5066.0	1.137828e-15
5068.0	1.149539e-15
5070.0	1.098946e-15
5072.0	1.109424e-15
5074.0	1.152599e-15
5076.0	1.135874e-15
5078.0	1.114568e-15
5080.0	1.104913e-15
5082.0	1.056594e-15
5084.0	1.028499e-15
5086.0	1.099643e-15
5088.0	1.118265e-15
5090.0	1.145725e-15
5092.0	1.184401e-15
5094.0	1.117016e-15
5096.0	1.099284e-15
5098.0	1.119323e-15
5100.0	1.117716e-15
5102.0	1.198586e-15
5104.0	1.224894e-15
5106.0	1.219707e-15
5108.0	1.282679e-15
5110.0	1.286635e-15
5112.0	1.266196e-15
5114.0	1.295738e-15
5116.0	1.383481e-15
5118.0	1.40139e-15
5120.0	1.411614e-15
5122.0	1.464827e-15
5124.0	1.417056e-15
5126.0	1.467866e-15
5128.0	1.501897e-15
5130.0	1.495578e-15
5132.0	1.554196e-15
5134.0	1.559291e-15
5136.0	1.585799e-15
5138.0	1.678203e-15
5140.0	1.706369e-15
5142.0	1.739937e-15
5144.0	1.823596e-15
5146.0	1.797128e-15
5148.0	1.874064e-15
5150.0	1.925696e-15
5152.0	1.947916e-15
5154.0	1.927042e-15
5156.0	1.915838e-15
5158.0	2.01718e-15
5160.0	2.080339e-15
5162.0	2.056295e-15
5164.0	1.972011e-15
5166.0	2.039252e-15
5168.0	2.061039e-15
5170.0	2.05961e-15
5172.0	2.073118e-15
5174.0	2.13977e-15
5176.0	2.158535e-15
5178.0	2.070828e-15
5180.0	2.088399e-15
5182.0	2.168548e-15
5184.0	2.14209e-15
5186.0	2.139352e-15
5188.0	2.188724e-15
5190.0	2.079451e-15
5192.0	2.009498e-15
5194.0	2.155252e-15
5196.0	2.064089e-15
5198.0	1.974792e-15
5200.0	1.97818e-15
5202.0	1.886778e-15
5204.0	1.866896e-15
5206.0	1.830359e-15
5208.0	1.689992e-15
5210.0	1.716576e-15
5212.0	1.744096e-15
5214.0	1.680421e-15
5216.0	1.616207e-15
5218.0	1.637125e-15
5220.0	1.598144e-15
5222.0	1.542559e-15
5224.0	1.476195e-15
5226.0	1.405136e-15
5228.0	1.374841e-15
5230.0	1.312786e-15
5232.0	1.298088e-15
5234.0	1.296558e-15
5236.0	1.320116e-15
5238.0	1.239479e-15
5240.0	1.232318e-15
5242.0	1.244656e-15
5244.0	1.221074e-15
5246.0	1.244593e-15
5248.0	1.231245e-15
5250.0	1.156155e-15
5252.0	1.180022e-15
5254.0	1.172093e-15
5256.0	1.151519e-15
5258.0	1.146791e-15
5260.0	1.178982e-15
5262.0	1.202402e-15
5264.0	1.162532e-15
5266.0	1.180013e-15
5268.0	1.192433e-15
5270.0	1.116574e-15
5272.0	1.153963e-15
5274.0	1.191732e-15
5276.0	1.128394e-15
5278.0	1.0666e-15
5280.0	1.130809e-15
5282.0	1.101809e-15
5284.0	1.05206e-15
5286.0	1.015923e-15
5288.0	1.048401e-15
5290.0	1.083983e-15
5292.0	1.063558e-15
5294.0	9.985864e-16
5296.0	1.008341e-15
5298.0	1.014122e-15
5300.0	9.846411e-16
5302.0	1.007509e-15
5304.0	1.018346e-15
5306.0	1.051065e-15
5308.0	1.055679e-15
5310.0	9.776686e-16
5312.0	1.031748e-15
5314.0	1.049821e-15
5316.0	1.027259e-15
5318.0	1.014753e-15
5320.0	1.036997e-15
5322.0	9.865859e-16
5324.0	9.589241e-16
5326.0	1.012884e-15
5328.0	1.062749e-15
5330.0	1.020001e-15
5332.0	1.001943e-15
5334.0	1.002234e-15
5336.0	1.001905e-15
5338.0	1.021301e-15
5340.0	1.020174e-15
5342.0	9.936138e-16
5344.0	9.615433e-16
5346.0	9.653128e-16
5348.0	9.925191e-16
5350.0	1.002212e-15
5352.0	9.727301e-16
5354.0	9.429465e-16
5356.0	9.279133e-16
5358.0	9.712644e-16
5360.0	1.003414e-15
5362.0	9.729269e-16
5364.0	9.534829e-16
5366.0	9.751322e-16
5368.0	9.827275e-16
5370.0	9.987125e-16
5372.0	9.701184e-16
5374.0	9.299014e-16
5376.0	9.419164e-16
5378.0	9.211563e-16
5380.0	9.319428e-16
5382.0	9.734202e-16
5384.0	9.23883e-16
5386.0	9.426028e-16
5388.0	1.031129e-15
5390.0	1.036213e-15
5392.0	9.714708e-16
5394.0	9.856979e-16
5396.0	9.962187e-16
5398.0	1.034295e-15
5400.0	1.057243e-15
5402.0	1.039732e-15
5404.0	1.028509e-15
5406.0	1.024582e-15
5408.0	9.801357e-16
5410.0	1.023006e-15
5412.0	1.067304e-15
5414.0	1.03825e-15
5416.0	1.05535e-15
5418.0	1.08902e-15
5420.0	1.088923e-15
5422.0	1.12575e-15
5424.0	1.107216e-15
5426.0	1.087768e-15
5428.0	1.126783e-15
5430.0	1.146656e-15
5432.0	1.175868e-15
5434.0	1.148913e-15
5436.0	1.111453e-15
5438.0	1.163024e-15
5440.0	1.206667e-15
5442.0	1.207862e-15
5444.0	1.244168e-15
5446.0	1.224257e-15
5448.0	1.209007e-15
5450.0	1.252233e-15
5452.0	1.303932e-15
5454.0	1.373706e-15
5456.0	1.357803e-15
5458.0	1.347797e-15
5460.0	1.416944e-15
5462.0	1.449909e-15
5464.0	1.455614e-15
5466.0	1.482577e-15
5468.0	1.476047e-15
5470.0	1.454514e-15
5472.0	1.508812e-15
5474.0	1.548728e-15
5476.0	1.555608e-15
5478.0	1.569096e-15
5480.0	1.578951e-15
5482.0	1.565888e-15
5484.0	1.567864e-15
5486.0	1.626339e-15
5488.0	1.653883e-15
5490.0	1.635845e-15
5492.0	1.644679e-15
5494.0	1.654335e-15
5496.0	1.653747e-15
5498.0	1.661444e-15
5500.0	1.666282e-15
5502.0	1.696415e-15
5504.0	1.675406e-15
5506.0	1.671726e-15
5508.0	1.730169e-15
5510.0	1.757127e-15
5512.0	1.751421e-15
5514.0	1.813188e-15
5516.0	1.862466e-15
5518.0	1.900081e-15
5520.0	1.888571e-15
5522.0	1.892974e-15
5524.0	1.943296e-15
5526.0	1.986773e-15
5528.0	1.998111e-15
5530.0	2.028423e-15
5532.0	2.055521e-15
5534.0	2.081719e-15
5536.0	2.10339e-15
5538.0	2.13696e-15
5540.0	2.105017e-15
5542.0	2.116971e-15
5544.0	2.092682e-15
5546.0	2.06024e-15
5548.0	2.120162e-15
5550.0	2.17959e-15
5552.0	2.126488e-15
5554.0	2.112144e-15
5556.0	2.124501e-15
5558.0	2.092907e-15
5560.0	2.092163e-15
5562.0	2.125177e-15
5564.0	2.137777e-15
5566.0	2.039876e-15
5568.0	2.025081e-15
5570.0	2.130186e-15
5572.0	2.031351e-15
5574.0	2.053002e-15
5576.0	1.876143e-15
5578.0	1.962066e-15
5580.0	2.070946e-15
5582.0	2.025502e-15
5584.0	2.042414e-15
5586.0	2.040439e-15
5588.0	2.050701e-15
5590.0	2.021716e-15
5592.0	1.990425e-15
5594.0	2.027144e-15
5596.0	2.031908e-15
5598.0	1.986888e-15
5600.0	2.000778e-15
5602.0	2.047079e-15
5604.0	2.015934e-15
5606.0	2.087082e-15
5608.0	2.061266e-15
5610.0	2.037786e-15
5612.0	2.007153e-15
5614.0	2.005886e-15
5616.0	2.011725e-15
5618.0	2.012565e-15
5620.0	2.053065e-15
5622.0	2.074918e-15
5624.0	2.103892e-15
5626.0	2.085379e-15
5628.0	2.08542e-15
5630.0	2.176873e-15
5632.0	2.157683e-15
5634.0	2.134018e-15
5636.0	2.154302e-15
5638.0	2.120423e-15
5640.0	2.137851e-15
5642.0	2.193277e-15
5644.0	2.220078e-15
5646.0	2.229046e-15
5648.0	2.260812e-15
5650.0	2.298319e-15
5652.0	2.255549e-15
5654.0	2.223e-15
5656.0	2.197051e-15
5658.0	2.262698e-15
5660.0	2.299868e-15
5662.0	2.301054e-15
5664.0	2.308278e-15
5666.0	2.333456e-15
5668.0	2.398522e-15
5670.0	2.412166e-15
5672.0	2.346002e-15
5674.0	2.273023e-15
5676.0	2.35881e-15
5678.0	2.451217e-15
5680.0	2.422497e-15
5682.0	2.510082e-15
5684.0	2.468658e-15
5686.0	2.527131e-15
5688.0	2.502302e-15
5690.0	2.497995e-15
5692.0	2.547517e-15
5694.0	2.558775e-15
5696.0	2.604249e-15
5698.0	2.586766e-15
5700.0	2.627296e-15
5702.0	2.645299e-15
5704.0	2.608269e-15
5706.0	2.644637e-15
5708.0	2.758655e-15
5710.0	2.717614e-15
5712.0	2.717799e-15
5714.0	2.701494e-15
5716.0	2.776946e-15
5718.0	2.77671e-15
5720.0	2.729019e-15
5722.0	2.788043e-15
5724.0	2.868769e-15
5726.0	2.799877e-15
5728.0	2.848367e-15
5730.0	2.787365e-15
5732.0	2.83204e-15
5734.0	2.830635e-15
5736.0	2.938104e-15
5738.0	2.868634e-15
5740.0	2.855199e-15
5742.0	2.893136e-15
5744.0	2.882559e-15
5746.0	2.845516e-15
5748.0	2.87462e-15
5750.0	2.893458e-15
5752.0	2.928484e-15
5754.0	2.954745e-15
5756.0	2.935243e-15
5758.0	2.942246e-15
5760.0	2.81425e-15
5762.0	2.777417e-15
5764.0	2.874867e-15
5766.0	2.825834e-15
5768.0	2.855714e-15
5770.0	2.887772e-15
5772.0	2.884347e-15
5774.0	2.825497e-15
5776.0	2.85649e-15
5778.0	2.784882e-15
5780.0	2.79926e-15
5782.0	2.814423e-15
5784.0	2.866004e-15
5786.0	2.757994e-15
5788.0	2.714758e-15
5790.0	2.793893e-15
5792.0	2.839955e-15
5794.0	2.747e-15
5796.0	2.763066e-15
5798.0	2.784755e-15
5800.0	2.837731e-15
5802.0	2.744849e-15
5804.0	2.716848e-15
5806.0	2.712888e-15
5808.0	2.711933e-15
5810.0	2.699605e-15
5812.0	2.587893e-15
5814.0	2.486397e-15
5816.0	2.569972e-15
5818.0	2.649223e-15
5820.0	2.598637e-15
5822.0	2.576578e-15
5824.0	2.647924e-15
5826.0	2.598127e-15
5828.0	2.649165e-15
5830.0	2.590271e-15
5832.0	2.537717e-15
5834.0	2.550181e-15
5836.0	2.487141e-15
5838.0	2.46111e-15
5840.0	2.439785e-15
5842.0	2.462442e-15
5844.0	2.428279e-15
5846.0	2.42247e-15
5848.0	2.349921e-15
5850.0	2.388049e-15
5852.0	2.399028e-15
5854.0	2.438629e-15
5856.0	2.383522e-15
5858.0	2.326217e-15
5860.0	2.304234e-15
5862.0	2.313788e-15
5864.0	2.302791e-15
5866.0	2.227141e-15
5868.0	2.255369e-15
5870.0	2.202004e-15
5872.0	2.139179e-15
5874.0	2.190366e-15
5876.0	2.183711e-15
5878.0	2.182197e-15
5880.0	2.153379e-15
5882.0	2.051432e-15
5884.0	2.034908e-15
5886.0	2.015914e-15
5888.0	1.998746e-15
5890.0	1.930558e-15
5892.0	1.900875e-15
5894.0	1.942242e-15
5896.0	1.93354e-15
5898.0	1.902597e-15
5900.0	1.905216e-15
5902.0	1.933867e-15
5904.0	1.90499e-15
5906.0	1.876099e-15
5908.0	1.892546e-15
5910.0	1.859617e-15
5912.0	1.771854e-15
5914.0	1.764145e-15
5916.0	1.839965e-15
5918.0	1.811026e-15
5920.0	1.769383e-15
5922.0	1.740561e-15
5924.0	1.67341e-15
5926.0	1.651421e-15
5928.0	1.704755e-15
5930.0	1.694054e-15
5932.0	1.673022e-15
5934.0	1.645773e-15
5936.0	1.624104e-15
5938.0	1.584828e-15
5940.0	1.582936e-15
5942.0	1.618945e-15
5944.0	1.556418e-15
5946.0	1.512894e-15
5948.0	1.556582e-15
5950.0	1.550666e-15
5952.0	1.521952e-15
5954.0	1.497768e-15
5956.0	1.453856e-15
5958.0	1.457955e-15
5960.0	1.522795e-15
5962.0	1.469952e-15
5964.0	1.420292e-15
5966.0	1.426e-15
5968.0	1.408017e-15
5970.0	1.399714e-15
5972.0	1.41111e-15
5974.0	1.411151e-15
5976.0	1.399792e-15
5978.0	1.34128e-15
5980.0	1.372733e-15
5982.0	1.415941e-15
5984.0	1.398291e-15
5986.0	1.377242e-15
5988.0	1.332326e-15
5990.0	1.300013e-15
5992.0	1.32463e-15
5994.0	1.344206e-15
5996.0	1.389883e-15
5998.0	1.386255e-15
6000.0	1.432586e-15
6002.0	1.368381e-15
6004.0	1.317368e-15
6006.0	1.362478e-15
6008.0	1.413707e-15
6010.0	1.397864e-15
6012.0	1.396607e-15
6014.0	1.415802e-15
6016.0	1.426873e-15
6018.0	1.437951e-15
6020.0	1.47578e-15
6022.0	1.411202e-15
6024.0	1.451408e-15
6026.0	1.512726e-15
6028.0	1.519585e-15
6030.0	1.565722e-15
6032.0	1.54222e-15
6034.0	1.505861e-15
6036.0	1.48179e-15
6038.0	1.502435e-15
6040.0	1.574705e-15
6042.0	1.603365e-15
6044.0	1.643802e-15
6046.0	1.634137e-15
6048.0	1.669459e-15
6050.0	1.744222e-15
6052.0	1.733674e-15
6054.0	1.7307e-15
6056.0	1.767417e-15
6058.0	1.804645e-15
6060.0	1.835449e-15
6062.0	1.847083e-15
6064.0	1.862786e-15
6066.0	1.854613e-15
6068.0	1.827071e-15
6070.0	1.829931e-15
6072.0	1.851638e-15
6074.0	1.897325e-15
6076.0	1.935618e-15
6078.0	1.947395e-15
6080.0	2.030898e-15
6082.0	2.003322e-15
6084.0	1.987939e-15
6086.0	2.013807e-15
6088.0	1.997284e-15
6090.0	2.071785e-15
6092.0	2.099061e-15
6094.0	2.121333e-15
6096.0	2.18562e-15
6098.0	2.191319e-15
6100.0	2.220805e-15
6102.0	2.214182e-15
6104.0	2.187957e-15
6106.0	2.229617e-15
6108.0	2.260361e-15
6110.0	2.276364e-15
6112.0	2.279992e-15
6114.0	2.3001e-15
6116.0	2.34901e-15
6118.0	2.301003e-15
6120.0	2.228638e-15
6122.0	2.242662e-15
6124.0	2.315064e-15
6126.0	2.365597e-15
6128.0	2.364637e-15
6130.0	2.417701e-15
6132.0	2.479018e-15
6134.0	2.446614e-15
6136.0	2.379604e-15
6138.0	2.330355e-15
6140.0	2.35634e-15
6142.0	2.377189e-15
6144.0	2.35364e-15
6146.0	2.360243e-15
6148.0	2.425135e-15
6150.0	2.370825e-15
6152.0	2.311689e-15
6154.0	2.38841e-15
6156.0	2.437479e-15
6158.0	2.362694e-15
6160.0	2.36102e-15
6162.0	2.393425e-15
6164.0	2.408982e-15
6166.0	2.392899e-15
6168.0	2.346138e-15
6170.0	2.33306e-15
6172.0	2.324454e-15
6174.0	2.303589e-15
6176.0	2.354718e-15
6178.0	2.400094e-15
6180.0	2.280054e-15
6182.0	2.19875e-15
6184.0	2.249343e-15
6186.0	2.272194e-15
6188.0	2.246044e-15
6190.0	2.234526e-15
6192.0	2.325175e-15
6194.0	2.296612e-15
6196.0	2.181633e-15
6198.0	2.179091e-15
6200.0	2.165395e-15
6202.0	2.150944e-15
6204.0	2.111649e-15
6206.0	2.065491e-15
6208.0	2.165052e-15
6210.0	2.144937e-15
6212.0	2.011738e-15
6214.0	1.985706e-15
6216.0	1.88837e-15
6218.0	1.839698e-15
6220.0	1.912778e-15
6222.0	1.856653e-15
6224.0	1.789682e-15
6226.0	1.805609e-15
6228.0	1.813153e-15
6230.0	1.727612e-15
6232.0	1.650676e-15
6234.0	1.612786e-15
6236.0	1.676309e-15
6238.0	1.625709e-15
6240.0	1.561825e-15
6242.0	1.564247e-15
6244.0	1.546298e-15
6246.0	1.506828e-15
6248.0	1.463926e-15
6250.0	1.460995e-15
6252.0	1.456375e-15
6254.0	1.498933e-15
6256.0	1.470049e-15
6258.0	1.466239e-15
6260.0	1.49263e-15
6262.0	1.419121e-15
6264.0	1.427544e-15
6266.0	1.431809e-15
6268.0	1.414509e-15
6270.0	1.407392e-15
6272.0	1.382869e-15
6274.0	1.353868e-15
6276.0	1.326627e-15
6278.0	1.298978e-15
6280.0	1.305771e-15
6282.0	1.343456e-15
6284.0	1.328378e-15
6286.0	1.256097e-15
6288.0	1.290791e-15
6290.0	1.305109e-15
6292.0	1.293217e-15
6294.0	1.379186e-15
6296.0	1.302546e-15
6298.0	1.225159e-15
6300.0	1.342736e-15
6302.0	1.375967e-15
6304.0	1.255475e-15
6306.0	1.605338e-15
6308.0	1.595597e-15
6310.0	1.296321e-15
6312.0	1.307836e-15
6314.0	1.298479e-15
6316.0	1.256704e-15
6318.0	1.294367e-15
6320.0	1.297314e-15
6322.0	1.258959e-15
6324.0	1.207075e-15
6326.0	1.260997e-15
6328.0	1.224726e-15
6330.0	1.217759e-15
6332.0	1.203913e-15
6334.0	1.101829e-15
6336.0	1.176353e-15
6338.0	1.237132e-15
6340.0	1.201532e-15
6342.0	1.203525e-15
6344.0	1.18158e-15
6346.0	1.170393e-15
6348.0	1.224573e-15
6350.0	1.23152e-15
6352.0	1.222274e-15
6354.0	1.214448e-15
6356.0	1.196958e-15
6358.0	1.229371e-15
6360.0	1.228478e-15
6362.0	1.298974e-15
6364.0	1.274199e-15
6366.0	1.230936e-15
6368.0	1.264583e-15
6370.0	1.190966e-15
6372.0	1.213106e-15
6374.0	1.20943e-15
6376.0	1.271014e-15
6378.0	1.253993e-15
6380.0	1.277402e-15
6382.0	1.24455e-15
6384.0	1.249634e-15
6386.0	1.200419e-15
6388.0	1.208019e-15
6390.0	1.221582e-15
6392.0	1.214987e-15
6394.0	1.195597e-15
6396.0	1.179987e-15
6398.0	1.204055e-15
6400.0	1.232281e-15
6402.0	1.229619e-15
6404.0	1.206208e-15
6406.0	1.16883e-15
6408.0	1.203619e-15
6410.0	1.116022e-15
6412.0	1.13829e-15
6414.0	1.130546e-15
6416.0	1.119525e-15
6418.0	1.085082e-15
6420.0	1.051751e-15
6422.0	1.085229e-15
6424.0	1.103567e-15
6426.0	9.863539e-16
6428.0	9.964065e-16
6430.0	1.041889e-15
6432.0	1.039167e-15
6434.0	1.040341e-15
6436.0	9.866411e-16
6438.0	1.010585e-15
6440.0	1.033164e-15
6442.0	1.062866e-15
6444.0	9.824811e-16
6446.0	9.720715e-16
6448.0	9.485548e-16
6450.0	9.718503e-16
6452.0	9.837288e-16
6454.0	9.889434e-16
6456.0	9.956176e-16
6458.0	1.011482e-15
6460.0	1.073915e-15
6462.0	1.016629e-15
6464.0	1.023657e-15
6466.0	1.054458e-15
6468.0	1.11601e-15
6470.0	1.08608e-15
6472.0	1.044578e-15
6474.0	1.138401e-15
6476.0	1.21454e-15
6478.0	1.17591e-15
6480.0	1.209181e-15
6482.0	1.27393e-15
6484.0	1.281043e-15
6486.0	1.322078e-15
6488.0	1.319981e-15
6490.0	1.401612e-15
6492.0	1.4264e-15
6494.0	1.396214e-15
6496.0	1.440526e-15
6498.0	1.425268e-15
6500.0	1.476595e-15
6502.0	1.483021e-15
6504.0	1.47419e-15
6506.0	1.467508e-15
6508.0	1.452171e-15
6510.0	1.481671e-15
6512.0	1.492806e-15
6514.0	1.423012e-15
6516.0	1.409379e-15
6518.0	1.438217e-15
6520.0	1.427644e-15
6522.0	1.400814e-15
6524.0	1.434906e-15
6526.0	1.428508e-15
6528.0	1.374941e-15
6530.0	1.35403e-15
6532.0	1.387401e-15
6534.0	1.332048e-15
6536.0	1.325484e-15
6538.0	1.407446e-15
6540.0	1.389552e-15
6542.0	1.335485e-15
6544.0	1.344682e-15
6546.0	1.303917e-15
6548.0	1.215687e-15
6550.0	1.220756e-15
6552.0	1.267633e-15
6554.0	1.193147e-15
6556.0	1.185855e-15
6558.0	1.283216e-15
6560.0	1.311658e-15
6562.0	1.288736e-15
6564.0	1.26317e-15
6566.0	1.316181e-15
6568.0	1.330733e-15
6570.0	1.289063e-15
6572.0	1.262476e-15
6574.0	1.251674e-15
6576.0	1.27448e-15
6578.0	1.293051e-15
6580.0	1.335882e-15
6582.0	1.405378e-15
6584.0	1.425597e-15
6586.0	1.411243e-15
6588.0	1.386306e-15
6590.0	1.363433e-15
6592.0	1.372776e-15
6594.0	1.332824e-15
6596.0	1.372269e-15
6598.0	1.407518e-15
6600.0	1.385778e-15
6602.0	1.362752e-15
6604.0	1.333937e-15
6606.0	1.336869e-15
6608.0	1.416556e-15
6610.0	1.405942e-15
6612.0	1.400235e-15
6614.0	1.404989e-15
6616.0	1.384378e-15
6618.0	1.399072e-15
6620.0	1.419713e-15
6622.0	1.477115e-15
6624.0	1.485607e-15
6626.0	1.491654e-15
6628.0	1.532394e-15
6630.0	1.582806e-15
6632.0	1.555083e-15
6634.0	1.532685e-15
6636.0	1.537722e-15
6638.0	1.533583e-15
6640.0	1.564985e-15
6642.0	1.562408e-15
6644.0	1.603025e-15
6646.0	1.657528e-15
6648.0	1.669056e-15
6650.0	1.626756e-15
6652.0	1.635475e-15
6654.0	1.674974e-15
6656.0	1.687367e-15
6658.0	1.713268e-15
6660.0	1.709387e-15
6662.0	1.679581e-15
6664.0	1.719359e-15
6666.0	1.769492e-15
6668.0	1.757732e-15
6670.0	1.726523e-15
6672.0	1.796858e-15
6674.0	1.860073e-15
6676.0	1.850608e-15
6678.0	1.867591e-15
6680.0	1.869351e-15
6682.0	1.878099e-15
6684.0	1.908201e-15
6686.0	1.932096e-15
6688.0	1.957797e-15
6690.0	1.994147e-15
6692.0	2.043013e-15
6694.0	2.04503e-15
6696.0	2.031262e-15
6698.0	2.052755e-15
6700.0	2.008745e-15
6702.0	2.002157e-15
6704.0	2.094705e-15
6706.0	2.129763e-15
6708.0	2.139723e-15
6710.0	2.140127e-15
6712.0	2.173174e-15
6714.0	2.216837e-15
6716.0	2.194421e-15
6718.0	2.199671e-15
6720.0	2.257032e-15
6722.0	2.32306e-15
6724.0	2.276464e-15
6726.0	2.204279e-15
6728.0	2.230707e-15
6730.0	2.240109e-15
6732.0	2.262436e-15
6734.0	2.28667e-15
6736.0	2.297838e-15
6738.0	2.297535e-15
6740.0	2.27334e-15
6742.0	2.270165e-15
6744.0	2.26196e-15
6746.0	2.25765e-15
6748.0	2.269331e-15
6750.0	2.302838e-15
6752.0	2.311325e-15
6754.0	2.304141e-15
6756.0	2.311677e-15
6758.0	2.343651e-15
6760.0	2.401069e-15
6762.0	2.373355e-15
6764.0	2.316782e-15
6766.0	2.275209e-15
6768.0	2.326788e-15
6770.0	2.3591e-15
6772.0	2.354055e-15
6774.0	2.382181e-15
6776.0	2.408865e-15
6778.0	2.372471e-15
6780.0	2.336099e-15
6782.0	2.366444e-15
6784.0	2.325153e-15
6786.0	2.304256e-15
6788.0	2.348772e-15
6790.0	2.353585e-15
6792.0	2.355581e-15
6794.0	2.382042e-15
6796.0	2.405528e-15
6798.0	2.421788e-15
6800.0	2.362719e-15
6802.0	2.369306e-15
6804.0	2.368227e-15
6806.0	2.338901e-15
6808.0	2.36064e-15
6810.0	2.39985e-15
6812.0	2.421142e-15
6814.0	2.421042e-15
6816.0	2.365926e-15
6818.0	2.352051e-15
6820.0	2.423137e-15
6822.0	2.39686e-15
6824.0	2.373832e-15
6826.0	2.33729e-15
6828.0	2.391978e-15
6830.0	2.430073e-15
6832.0	2.390665e-15
6834.0	2.369281e-15
6836.0	2.48221e-15
6838.0	2.486511e-15
6840.0	2.430785e-15
6842.0	2.394642e-15
6844.0	2.327519e-15
6846.0	2.277773e-15
6848.0	2.296453e-15
6850.0	2.359632e-15
6852.0	2.364779e-15
6854.0	2.366002e-15
6856.0	2.400819e-15
6858.0	2.332094e-15
6860.0	2.261211e-15
6862.0	2.295495e-15
6864.0	2.275066e-15
6866.0	2.229872e-15
6868.0	2.186113e-15
6870.0	2.293823e-15
6872.0	2.355166e-15
6874.0	2.305409e-15
6876.0	2.242237e-15
6878.0	2.334975e-15
6880.0	2.283244e-15
6882.0	2.126355e-15
6884.0	2.032758e-15
6886.0	2.060301e-15
6888.0	2.098295e-15
6890.0	2.180174e-15
6892.0	2.231999e-15
6894.0	2.229809e-15
6896.0	2.172258e-15
6898.0	2.140333e-15
6900.0	2.159776e-15
6902.0	2.08381e-15
6904.0	1.955406e-15
6906.0	1.956647e-15
6908.0	2.047259e-15
6910.0	2.077415e-15
6912.0	2.088801e-15
6914.0	2.035276e-15
6916.0	1.970878e-15
6918.0	1.911316e-15
6920.0	1.964992e-15
6922.0	2.000487e-15
6924.0	1.879935e-15
6926.0	1.88823e-15
6928.0	1.919069e-15
6930.0	1.920308e-15
6932.0	1.935444e-15
6934.0	1.933545e-15
6936.0	1.870686e-15
6938.0	1.843459e-15
6940.0	1.807127e-15
6942.0	1.764428e-15
6944.0	1.756894e-15
6946.0	1.721517e-15
6948.0	1.75905e-15
6950.0	1.765587e-15
6952.0	1.714018e-15
6954.0	1.677357e-15
6956.0	1.676044e-15
6958.0	1.590177e-15
6960.0	1.551431e-15
6962.0	1.550095e-15
6964.0	1.537989e-15
6966.0	1.564086e-15
6968.0	1.598911e-15
6970.0	1.526118e-15
6972.0	1.47047e-15
6974.0	1.461967e-15
6976.0	1.466697e-15
6978.0	1.442405e-15
6980.0	1.359893e-15
6982.0	1.414275e-15
6984.0	1.413922e-15
6986.0	1.385786e-15
6988.0	1.331902e-15
6990.0	1.33421e-15
6992.0	1.353891e-15
6994.0	1.350209e-15
6996.0	1.274767e-15
6998.0	1.249351e-15
7000.0	1.300401e-15
7002.0	1.336599e-15
7004.0	1.33869e-15
7006.0	1.360828e-15
7008.0	1.321449e-15
7010.0	1.259167e-15
7012.0	1.26075e-15
7014.0	1.241737e-15
7016.0	1.236583e-15
7018.0	1.232977e-15
7020.0	1.214359e-15
7022.0	1.243853e-15
7024.0	1.259238e-15
7026.0	1.228812e-15
7028.0	1.189636e-15
7030.0	1.212281e-15
7032.0	1.206082e-15
7034.0	1.227703e-15
7036.0	1.291156e-15
7038.0	1.23819e-15
7040.0	1.158866e-15
7042.0	1.125877e-15
7044.0	1.131953e-15
7046.0	1.109557e-15
7048.0	1.124051e-15
7050.0	1.126085e-15
