#	 asassn16la 
#	 UT date of observation: 20161008 
#	 Telescope/Instrument: SOAR/Goodman 
#	 Estimated Peak MJD: 57671.641 
#	 Estimated redshift: 0.015 
#	 Estimated Phase: -2.6 
#	 Published in Dettman et al. 2020 
#	 Observed barycentric wavelength (Angstroms)    F_lambda
3700.0	6.274069
3702.0	6.213634
3704.0	6.056536
3706.0	6.034046
3708.0	5.984271
3710.0	5.83889
3712.0	5.708848
3714.0	5.570738
3716.0	5.544715
3718.0	5.55006
3720.0	5.489449
3722.0	5.436866
3724.0	5.375137
3726.0	5.268784
3728.0	5.201599
3730.0	5.154728
3732.0	5.084953
3734.0	4.99862
3736.0	4.899121
3738.0	4.815432
3740.0	4.875556
3742.0	4.918143
3744.0	4.886084
3746.0	4.819411
3748.0	4.760602
3750.0	4.721833
3752.0	4.699453
3754.0	4.652305
3756.0	4.608474
3758.0	4.586608
3760.0	4.500821
3762.0	4.446484
3764.0	4.43432
3766.0	4.368004
3768.0	4.312933
3770.0	4.226215
3772.0	4.144527
3774.0	4.111864
3776.0	4.102822
3778.0	4.113906
3780.0	4.123163
3782.0	4.11553
3784.0	4.119955
3786.0	4.126682
3788.0	4.08425
3790.0	4.06182
3792.0	4.086453
3794.0	4.147869
3796.0	4.203975
3798.0	4.248051
3800.0	4.340842
3802.0	4.477033
3804.0	4.568337
3806.0	4.63708
3808.0	4.765538
3810.0	4.844523
3812.0	4.898595
3814.0	5.070584
3816.0	5.251944
3818.0	5.32956
3820.0	5.392973
3822.0	5.479314
3824.0	5.52245
3826.0	5.525365
3828.0	5.508626
3830.0	5.447416
3832.0	5.372329
3834.0	5.326671
3836.0	5.232238
3838.0	5.098936
3840.0	4.997616
3842.0	4.907099
3844.0	4.805027
3846.0	4.728838
3848.0	4.669573
3850.0	4.590899
3852.0	4.520011
3854.0	4.476402
3856.0	4.491116
3858.0	4.541438
3860.0	4.573566
3862.0	4.578682
3864.0	4.635909
3866.0	4.680696
3868.0	4.675255
3870.0	4.717018
3872.0	4.771173
3874.0	4.780124
3876.0	4.835735
3878.0	4.907745
3880.0	4.909488
3882.0	4.970872
3884.0	5.046909
3886.0	5.027022
3888.0	5.073299
3890.0	5.216834
3892.0	5.356403
3894.0	5.509158
3896.0	5.700948
3898.0	5.908435
3900.0	6.066865
3902.0	6.201863
3904.0	6.395573
3906.0	6.633107
3908.0	6.813758
3910.0	6.966568
3912.0	7.158204
3914.0	7.310769
3916.0	7.45995
3918.0	7.574851
3920.0	7.682753
3922.0	7.781452
3924.0	7.899786
3926.0	8.069448
3928.0	8.193683
3930.0	8.304746
3932.0	8.347129
3934.0	8.316453
3936.0	8.450887
3938.0	8.766116
3940.0	9.033938
3942.0	9.113065
3944.0	9.180985
3946.0	9.227044
3948.0	9.308977
3950.0	9.432194
3952.0	9.518307
3954.0	9.584619
3956.0	9.670901
3958.0	9.689876
3960.0	9.773082
3962.0	9.81841
3964.0	9.813925
3966.0	9.825853
3968.0	9.768546
3970.0	9.855419
3972.0	10.01024
3974.0	10.13521
3976.0	10.26926
3978.0	10.34335
3980.0	10.41396
3982.0	10.52396
3984.0	10.6393
3986.0	10.75424
3988.0	10.88055
3990.0	10.92875
3992.0	10.9345
3994.0	11.00548
3996.0	11.13218
3998.0	11.27893
4000.0	11.42881
4002.0	11.52298
4004.0	11.55691
4006.0	11.57868
4008.0	11.63629
4010.0	11.63734
4012.0	11.60272
4014.0	11.59738
4016.0	11.62239
4018.0	11.63878
4020.0	11.64526
4022.0	11.58959
4024.0	11.56323
4026.0	11.52238
4028.0	11.39638
4030.0	11.22859
4032.0	11.28578
4034.0	11.28057
4036.0	11.16962
4038.0	11.07038
4040.0	11.03641
4042.0	10.97071
4044.0	10.89685
4046.0	10.84696
4048.0	10.76631
4050.0	10.7091
4052.0	10.60923
4054.0	10.53969
4056.0	10.47106
4058.0	10.40215
4060.0	10.34273
4062.0	10.39832
4064.0	10.40587
4066.0	10.35843
4068.0	10.45586
4070.0	10.51132
4072.0	10.46349
4074.0	10.45941
4076.0	10.50591
4078.0	10.59175
4080.0	10.61919
4082.0	10.62551
4084.0	10.77576
4086.0	10.92813
4088.0	10.9857
4090.0	11.02239
4092.0	11.09611
4094.0	11.15894
4096.0	11.26171
4098.0	11.34027
4100.0	11.41098
4102.0	11.4268
4104.0	11.49727
4106.0	11.58335
4108.0	11.64245
4110.0	11.73707
4112.0	11.76981
4114.0	11.79977
4116.0	11.93257
4118.0	12.01129
4120.0	12.04321
4122.0	12.13791
4124.0	12.21258
4126.0	12.26919
4128.0	12.32775
4130.0	12.34115
4132.0	12.29883
4134.0	12.31491
4136.0	12.36389
4138.0	12.41499
4140.0	12.45356
4142.0	12.41051
4144.0	12.38551
4146.0	12.36629
4148.0	12.39466
4150.0	12.40533
4152.0	12.34675
4154.0	12.32797
4156.0	12.35244
4158.0	12.39506
4160.0	12.39861
4162.0	12.3298
4164.0	12.25601
4166.0	12.23333
4168.0	12.19459
4170.0	12.11245
4172.0	12.02016
4174.0	11.90163
4176.0	11.66065
4178.0	11.53723
4180.0	11.46788
4182.0	11.39455
4184.0	11.36915
4186.0	11.30922
4188.0	11.28246
4190.0	11.30184
4192.0	11.28357
4194.0	11.1875
4196.0	11.1143
4198.0	11.17434
4200.0	11.1283
4202.0	11.07921
4204.0	11.04818
4206.0	11.04256
4208.0	10.96433
4210.0	10.92804
4212.0	10.90534
4214.0	10.87703
4216.0	10.84099
4218.0	10.81562
4220.0	10.81332
4222.0	10.7581
4224.0	10.75464
4226.0	10.76207
4228.0	10.83076
4230.0	10.8073
4232.0	10.74361
4234.0	10.70316
4236.0	10.66088
4238.0	10.66436
4240.0	10.55854
4242.0	10.44496
4244.0	10.34132
4246.0	10.337
4248.0	10.25455
4250.0	10.17525
4252.0	10.17089
4254.0	10.0563
4256.0	9.933305
4258.0	9.80997
4260.0	9.627296
4262.0	9.566305
4264.0	9.47704
4266.0	9.367118
4268.0	9.231809
4270.0	9.200418
4272.0	9.098014
4274.0	8.990946
4276.0	8.913333
4278.0	8.806741
4280.0	8.742927
4282.0	8.709268
4284.0	8.630973
4286.0	8.503774
4288.0	8.399049
4290.0	8.323053
4292.0	8.291348
4294.0	8.210462
4296.0	8.18751
4298.0	8.177732
4300.0	8.103004
4302.0	7.999047
4304.0	7.953046
4306.0	7.953014
4308.0	7.873477
4310.0	7.785014
4312.0	7.68441
4314.0	7.713848
4316.0	7.69544
4318.0	7.66252
4320.0	7.613103
4322.0	7.619061
4324.0	7.622772
4326.0	7.543319
4328.0	7.494934
4330.0	7.418177
4332.0	7.357605
4334.0	7.249836
4336.0	7.204725
4338.0	7.105714
4340.0	7.04775
4342.0	7.04761
4344.0	6.998304
4346.0	6.939445
4348.0	6.898798
4350.0	6.922669
4352.0	6.895816
4354.0	6.883681
4356.0	6.902545
4358.0	6.934723
4360.0	6.943595
4362.0	6.943834
4364.0	6.900252
4366.0	6.902636
4368.0	6.934977
4370.0	6.97095
4372.0	7.026143
4374.0	7.095415
4376.0	7.161862
4378.0	7.178296
4380.0	7.217363
4382.0	7.239153
4384.0	7.316712
4386.0	7.360547
4388.0	7.368031
4390.0	7.315077
4392.0	7.339586
4394.0	7.420686
4396.0	7.450319
4398.0	7.492363
4400.0	7.545101
4402.0	7.65042
4404.0	7.735361
4406.0	7.773323
4408.0	7.854057
4410.0	7.930497
4412.0	7.984176
4414.0	8.024184
4416.0	8.018826
4418.0	8.05184
4420.0	8.144058
4422.0	8.207912
4424.0	8.262965
4426.0	8.321527
4428.0	8.40586
4430.0	8.547872
4432.0	8.647645
4434.0	8.763008
4436.0	8.841516
4438.0	8.920789
4440.0	9.040372
4442.0	9.073279
4444.0	9.091014
4446.0	9.158585
4448.0	9.192466
4450.0	9.179559
4452.0	9.172208
4454.0	9.134208
4456.0	9.049137
4458.0	8.919226
4460.0	8.789447
4462.0	8.653034
4464.0	8.502342
4466.0	8.35759
4468.0	8.251765
4470.0	8.131785
4472.0	7.986795
4474.0	7.876106
4476.0	7.742097
4478.0	7.591524
4480.0	7.527044
4482.0	7.475679
4484.0	7.366343
4486.0	7.302141
4488.0	7.268366
4490.0	7.164248
4492.0	7.066557
4494.0	7.022387
4496.0	6.998063
4498.0	6.995278
4500.0	7.006546
4502.0	7.004308
4504.0	7.036701
4506.0	7.127444
4508.0	7.199828
4510.0	7.309115
4512.0	7.481103
4514.0	7.615159
4516.0	7.674739
4518.0	7.775767
4520.0	7.945992
4522.0	8.059141
4524.0	8.161894
4526.0	8.284005
4528.0	8.374249
4530.0	8.475283
4532.0	8.588398
4534.0	8.660344
4536.0	8.697421
4538.0	8.767182
4540.0	8.830072
4542.0	8.884398
4544.0	8.967979
4546.0	9.022854
4548.0	9.023764
4550.0	9.024981
4552.0	9.080002
4554.0	9.119452
4556.0	9.119313
4558.0	9.098642
4560.0	9.069787
4562.0	9.077678
4564.0	9.09559
4566.0	9.08792
4568.0	9.051991
4570.0	9.00678
4572.0	9.003541
4574.0	8.941786
4576.0	8.839132
4578.0	8.846305
4580.0	8.836776
4582.0	8.80066
4584.0	8.798282
4586.0	8.782704
4588.0	8.771919
4590.0	8.727875
4592.0	8.713952
4594.0	8.747189
4596.0	8.747126
4598.0	8.733893
4600.0	8.743471
4602.0	8.748268
4604.0	8.743754
4606.0	8.783003
4608.0	8.780596
4610.0	8.740805
4612.0	8.73668
4614.0	8.74569
4616.0	8.738559
4618.0	8.720976
4620.0	8.705269
4622.0	8.709263
4624.0	8.719149
4626.0	8.717629
4628.0	8.762082
4630.0	8.755323
4632.0	8.724971
4634.0	8.74451
4636.0	8.731797
4638.0	8.698342
4640.0	8.63616
4642.0	8.568109
4644.0	8.570658
4646.0	8.571198
4648.0	8.558002
4650.0	8.591
4652.0	8.581481
4654.0	8.603496
4656.0	8.602891
4658.0	8.602644
4660.0	8.60602
4662.0	8.589785
4664.0	8.5571
4666.0	8.528001
4668.0	8.478889
4670.0	8.452908
4672.0	8.481377
4674.0	8.479069
4676.0	8.461206
4678.0	8.466294
4680.0	8.467546
4682.0	8.476893
4684.0	8.456693
4686.0	8.438246
4688.0	8.393982
4690.0	8.360744
4692.0	8.31694
4694.0	8.264885
4696.0	8.204537
4698.0	8.130854
4700.0	8.091705
4702.0	8.056253
4704.0	7.896456
4706.0	7.764569
4708.0	7.718424
4710.0	7.630602
4712.0	7.522728
4714.0	7.408861
4716.0	7.313205
4718.0	7.268165
4720.0	7.214155
4722.0	7.083217
4724.0	6.991553
4726.0	6.9559
4728.0	6.947332
4730.0	6.933519
4732.0	6.888921
4734.0	6.832778
4736.0	6.770786
4738.0	6.710344
4740.0	6.664
4742.0	6.642553
4744.0	6.597778
4746.0	6.55177
4748.0	6.543969
4750.0	6.527396
4752.0	6.438449
4754.0	6.415915
4756.0	6.439032
4758.0	6.407102
4760.0	6.406462
4762.0	6.42335
4764.0	6.460659
4766.0	6.494282
4768.0	6.493104
4770.0	6.512162
4772.0	6.544564
4774.0	6.564764
4776.0	6.573294
4778.0	6.571442
4780.0	6.576337
4782.0	6.583777
4784.0	6.572109
4786.0	6.553513
4788.0	6.514254
4790.0	6.515736
4792.0	6.525162
4794.0	6.5236
4796.0	6.441526
4798.0	6.411568
4800.0	6.444506
4802.0	6.45103
4804.0	6.421367
4806.0	6.331636
4808.0	6.260124
4810.0	6.228534
4812.0	6.155161
4814.0	6.121243
4816.0	6.078036
4818.0	6.069037
4820.0	6.004872
4822.0	5.977278
4824.0	5.931741
4826.0	5.922613
4828.0	5.950049
4830.0	5.927037
4832.0	5.929429
4834.0	5.898366
4836.0	5.895551
4838.0	5.890544
4840.0	5.876379
4842.0	5.853257
4844.0	5.847669
4846.0	5.885249
4848.0	5.912059
4850.0	5.87684
4852.0	5.853148
4854.0	5.889935
4856.0	5.912442
4858.0	5.913493
4860.0	5.941701
4862.0	5.965964
4864.0	5.964859
4866.0	5.978711
4868.0	5.97427
4870.0	5.992367
4872.0	5.979698
4874.0	5.977174
4876.0	5.944401
4878.0	5.911661
4880.0	5.919455
4882.0	5.951594
4884.0	5.934611
4886.0	5.865268
4888.0	5.856627
4890.0	5.86137
4892.0	5.827727
4894.0	5.747906
4896.0	5.707098
4898.0	5.659771
4900.0	5.622007
4902.0	5.57548
4904.0	5.493784
4906.0	5.421913
4908.0	5.362128
4910.0	5.305087
4912.0	5.255033
4914.0	5.177988
4916.0	5.10392
4918.0	5.045885
4920.0	4.997908
4922.0	4.957287
4924.0	4.887636
4926.0	4.792621
4928.0	4.744301
4930.0	4.722056
4932.0	4.704753
4934.0	4.673042
4936.0	4.623065
4938.0	4.57567
4940.0	4.530254
4942.0	4.497183
4944.0	4.458058
4946.0	4.436141
4948.0	4.451651
4950.0	4.43333
4952.0	4.440479
4954.0	4.459376
4956.0	4.426241
4958.0	4.430368
4960.0	4.424848
4962.0	4.370496
4964.0	4.347879
4966.0	4.375006
4968.0	4.398635
4970.0	4.37561
4972.0	4.3637
4974.0	4.359699
4976.0	4.351691
4978.0	4.372266
4980.0	4.376812
4982.0	4.359637
4984.0	4.357996
4986.0	4.357461
4988.0	4.335398
4990.0	4.342817
4992.0	4.361298
4994.0	4.348884
4996.0	4.350962
4998.0	4.393312
5000.0	4.392729
5002.0	4.382544
5004.0	4.387286
5006.0	4.39044
5008.0	4.411468
5010.0	4.397192
5012.0	4.39228
5014.0	4.386267
5016.0	4.373055
5018.0	4.344035
5020.0	4.323308
5022.0	4.269831
5024.0	4.235091
5026.0	4.23338
5028.0	4.213826
5030.0	4.220412
5032.0	4.234448
5034.0	4.233879
5036.0	4.211842
5038.0	4.196389
5040.0	4.205312
5042.0	4.237069
5044.0	4.223553
5046.0	4.171194
5048.0	4.17011
5050.0	4.16062
5052.0	4.13584
5054.0	4.110205
5056.0	4.090184
5058.0	4.085881
5060.0	4.081032
5062.0	4.121163
5064.0	4.146508
5066.0	4.182889
5068.0	4.211337
5070.0	4.224584
5072.0	4.231852
5074.0	4.255252
5076.0	4.247494
5078.0	4.278145
5080.0	4.352637
5082.0	4.360587
5084.0	4.377843
5086.0	4.360678
5088.0	4.33743
5090.0	4.331352
5092.0	4.3359
5094.0	4.334675
5096.0	4.363117
5098.0	4.383943
5100.0	4.368796
5102.0	4.397206
5104.0	4.431052
5106.0	4.474748
5108.0	4.50339
5110.0	4.523303
5112.0	4.526309
5114.0	4.551
5116.0	4.585075
5118.0	4.610268
5120.0	4.623329
5122.0	4.597996
5124.0	4.616362
5126.0	4.613704
5128.0	4.629903
5130.0	4.654874
5132.0	4.612581
5134.0	4.597791
5136.0	4.608754
5138.0	4.601414
5140.0	4.597617
5142.0	4.590096
5144.0	4.59962
5146.0	4.624783
5148.0	4.655679
5150.0	4.668917
5152.0	4.679996
5154.0	4.68068
5156.0	4.685188
5158.0	4.726215
5160.0	4.775798
5162.0	4.798288
5164.0	4.812484
5166.0	4.85006
5168.0	4.866961
5170.0	4.867934
5172.0	4.908397
5174.0	4.933887
5176.0	4.919166
5178.0	4.955344
5180.0	4.991643
5182.0	4.976468
5184.0	4.99475
5186.0	4.981272
5188.0	4.944309
5190.0	4.964935
5192.0	4.992068
5194.0	4.997286
5196.0	4.959151
5198.0	4.94699
5200.0	4.931002
5202.0	4.904712
5204.0	4.891076
5206.0	4.878045
5208.0	4.864534
5210.0	4.835232
5212.0	4.821437
5214.0	4.811888
5216.0	4.798171
5218.0	4.778994
5220.0	4.778797
5222.0	4.774624
5224.0	4.749349
5226.0	4.743048
5228.0	4.728611
5230.0	4.72124
5232.0	4.708045
5234.0	4.671861
5236.0	4.655506
5238.0	4.640375
5240.0	4.615066
5242.0	4.621315
5244.0	4.598465
5246.0	4.59451
5248.0	4.599076
5250.0	4.608655
5252.0	4.605938
5254.0	4.583724
5256.0	4.578218
5258.0	4.541485
5260.0	4.539756
5262.0	4.549152
5264.0	4.542302
5266.0	4.527921
5268.0	4.502935
5270.0	4.509984
5272.0	4.516842
5274.0	4.501809
5276.0	4.501791
5278.0	4.474238
5280.0	4.442742
5282.0	4.443101
5284.0	4.432403
5286.0	4.426371
5288.0	4.427705
5290.0	4.424483
5292.0	4.3845
5294.0	4.325123
5296.0	4.284276
5298.0	4.284581
5300.0	4.273786
5302.0	4.232958
5304.0	4.172055
5306.0	4.119206
5308.0	4.062351
5310.0	3.978213
5312.0	3.922963
5314.0	3.864437
5316.0	3.771154
5318.0	3.710883
5320.0	3.680681
5322.0	3.635539
5324.0	3.587967
5326.0	3.561934
5328.0	3.504687
5330.0	3.436708
5332.0	3.397757
5334.0	3.380769
5336.0	3.323422
5338.0	3.249354
5340.0	3.192915
5342.0	3.128401
5344.0	3.099638
5346.0	3.072274
5348.0	3.058197
5350.0	3.071711
5352.0	3.032264
5354.0	2.995281
5356.0	2.982706
5358.0	2.962751
5360.0	2.95693
5362.0	2.942728
5364.0	2.929453
5366.0	2.948139
5368.0	2.967248
5370.0	2.959265
5372.0	2.939217
5374.0	2.928235
5376.0	2.904471
5378.0	2.915384
5380.0	2.94995
5382.0	2.931974
5384.0	2.895828
5386.0	2.903226
5388.0	2.91099
5390.0	2.894822
5392.0	2.902444
5394.0	2.899865
5396.0	2.893477
5398.0	2.90339
5400.0	2.925902
5402.0	2.953917
5404.0	2.960981
5406.0	2.968751
5408.0	2.98351
5410.0	3.01966
5412.0	3.027254
5414.0	3.042934
5416.0	3.081717
5418.0	3.106344
5420.0	3.120573
5422.0	3.131541
5424.0	3.127874
5426.0	3.163283
5428.0	3.20342
5430.0	3.192798
5432.0	3.187464
5434.0	3.193139
5436.0	3.197212
5438.0	3.164549
5440.0	3.129708
5442.0	3.118574
5444.0	3.11827
5446.0	3.126749
5448.0	3.12182
5450.0	3.116245
5452.0	3.114523
5454.0	3.108484
5456.0	3.119279
5458.0	3.133451
5460.0	3.133307
5462.0	3.142595
5464.0	3.156324
5466.0	3.170727
5468.0	3.150783
5470.0	3.136564
5472.0	3.121552
5474.0	3.078744
5476.0	3.089764
5478.0	3.063645
5480.0	3.049575
5482.0	3.06038
5484.0	3.032284
5486.0	2.996081
5488.0	2.978941
5490.0	2.948469
5492.0	2.947546
5494.0	2.954126
5496.0	2.95579
5498.0	2.931242
5500.0	2.903744
5502.0	2.891873
5504.0	2.868726
5506.0	2.852622
5508.0	2.808528
5510.0	2.788379
5512.0	2.754112
5514.0	2.705648
5516.0	2.650429
5518.0	2.619301
5520.0	2.567697
5522.0	2.556216
5524.0	2.552463
5526.0	2.50167
5528.0	2.445658
5530.0	2.437595
5532.0	2.439399
5534.0	2.42854
5536.0	2.408377
5538.0	2.381793
5540.0	2.384678
5542.0	2.395287
5544.0	2.372717
5546.0	2.371336
5548.0	2.385189
5550.0	2.392387
5552.0	2.376657
5554.0	2.390889
5556.0	2.402311
5558.0	2.387904
5560.0	2.413321
5562.0	2.427995
5564.0	2.430078
5566.0	2.434089
5568.0	2.439737
5570.0	2.475175
5572.0	2.532395
5574.0	2.519619
5576.0	2.47728
5578.0	2.479847
5580.0	2.486702
5582.0	2.504296
5584.0	2.510684
5586.0	2.521079
5588.0	2.570046
5590.0	2.584624
5592.0	2.586274
5594.0	2.618122
5596.0	2.636544
5598.0	2.637141
5600.0	2.634492
5602.0	2.658394
5604.0	2.654872
5606.0	2.669878
5608.0	2.684179
5610.0	2.690931
5612.0	2.715598
5614.0	2.732541
5616.0	2.742431
5618.0	2.726836
5620.0	2.722772
5622.0	2.7123
5624.0	2.720073
5626.0	2.709085
5628.0	2.664985
5630.0	2.681322
5632.0	2.675008
5634.0	2.636423
5636.0	2.6333
5638.0	2.610632
5640.0	2.614016
5642.0	2.598984
5644.0	2.582273
5646.0	2.594486
5648.0	2.602162
5650.0	2.604579
5652.0	2.603696
5654.0	2.596263
5656.0	2.602839
5658.0	2.599394
5660.0	2.614825
5662.0	2.612227
5664.0	2.603688
5666.0	2.605387
5668.0	2.59991
5670.0	2.613259
5672.0	2.641453
5674.0	2.631081
5676.0	2.635752
5678.0	2.63425
5680.0	2.624536
5682.0	2.636871
5684.0	2.631428
5686.0	2.645642
5688.0	2.617965
5690.0	2.642122
5692.0	2.628332
5694.0	2.646568
5696.0	2.640583
5698.0	2.633663
5700.0	2.620625
5702.0	2.598129
5704.0	2.584836
5706.0	2.587445
5708.0	2.605389
5710.0	2.585315
5712.0	2.565982
5714.0	2.564415
5716.0	2.585125
5718.0	2.554678
5720.0	2.558576
5722.0	2.549034
5724.0	2.562668
5726.0	2.573068
5728.0	2.554272
5730.0	2.551587
5732.0	2.52678
5734.0	2.508856
5736.0	2.499234
5738.0	2.492567
5740.0	2.470451
5742.0	2.474274
5744.0	2.469999
5746.0	2.478029
5748.0	2.461546
5750.0	2.472987
5752.0	2.455477
5754.0	2.478937
5756.0	2.453199
5758.0	2.453808
5760.0	2.450332
5762.0	2.464037
5764.0	2.478164
5766.0	2.446672
5768.0	2.426961
5770.0	2.402654
5772.0	2.386182
5774.0	2.377443
5776.0	2.377195
5778.0	2.33992
5780.0	2.355318
5782.0	2.372456
5784.0	2.377906
5786.0	2.36989
5788.0	2.346845
5790.0	2.340605
5792.0	2.344361
5794.0	2.349157
5796.0	2.344875
5798.0	2.332758
5800.0	2.326196
5802.0	2.331705
5804.0	2.33099
5806.0	2.307085
5808.0	2.299402
5810.0	2.306941
5812.0	2.303023
5814.0	2.292658
5816.0	2.287593
5818.0	2.283401
5820.0	2.267974
5822.0	2.250352
5824.0	2.245507
5826.0	2.225046
5828.0	2.212456
5830.0	2.19471
5832.0	2.199304
5834.0	2.190405
5836.0	2.186454
5838.0	2.177571
5840.0	2.169974
5842.0	2.173962
5844.0	2.145422
5846.0	2.127086
5848.0	2.134007
5850.0	2.127849
5852.0	2.111454
5854.0	2.109512
5856.0	2.125524
5858.0	2.107708
5860.0	2.103465
5862.0	2.100981
5864.0	2.079423
5866.0	2.084712
5868.0	2.087306
5870.0	2.070543
5872.0	2.06254
5874.0	2.06294
5876.0	2.07437
5878.0	2.080753
5880.0	2.06913
5882.0	2.044214
5884.0	2.002924
5886.0	1.95463
5888.0	1.948019
5890.0	1.945363
5892.0	1.913225
5894.0	1.915789
5896.0	1.95122
5898.0	1.984344
5900.0	2.001885
5902.0	2.016158
5904.0	2.021633
5906.0	1.999619
5908.0	1.987403
5910.0	1.982712
5912.0	1.993812
5914.0	2.011124
5916.0	1.999216
5918.0	1.979195
5920.0	1.964118
5922.0	1.965179
5924.0	1.967133
5926.0	1.972214
5928.0	1.978488
5930.0	1.966612
5932.0	1.954607
5934.0	1.938069
5936.0	1.925498
5938.0	1.929447
5940.0	1.943209
5942.0	1.937706
5944.0	1.928409
5946.0	1.955154
5948.0	1.97098
5950.0	1.950018
5952.0	1.931126
5954.0	1.928073
5956.0	1.937254
5958.0	1.93922
5960.0	1.935613
5962.0	1.922347
5964.0	1.923236
5966.0	1.932471
5968.0	1.933475
5970.0	1.930755
5972.0	1.918906
5974.0	1.917436
5976.0	1.925608
5978.0	1.92421
5980.0	1.926309
5982.0	1.936871
5984.0	1.935847
5986.0	1.922369
5988.0	1.919176
5990.0	1.930197
5992.0	1.926983
5994.0	1.911197
5996.0	1.906306
5998.0	1.911361
6000.0	1.924089
6002.0	1.910664
6004.0	1.879669
6006.0	1.868514
6008.0	1.867365
6010.0	1.866672
6012.0	1.86806
6014.0	1.871239
6016.0	1.866899
6018.0	1.858495
6020.0	1.848996
6022.0	1.832078
6024.0	1.824041
6026.0	1.845456
6028.0	1.858724
6030.0	1.844528
6032.0	1.827123
6034.0	1.823799
6036.0	1.818486
6038.0	1.802745
6040.0	1.785523
6042.0	1.778939
6044.0	1.782864
6046.0	1.78692
6048.0	1.786917
6050.0	1.792016
6052.0	1.803051
6054.0	1.798596
6056.0	1.783607
6058.0	1.774529
6060.0	1.761905
6062.0	1.750476
6064.0	1.762357
6066.0	1.762529
6068.0	1.72767
6070.0	1.729341
6072.0	1.744735
6074.0	1.732782
6076.0	1.741286
6078.0	1.735929
6080.0	1.7136
6082.0	1.71772
6084.0	1.722501
6086.0	1.716746
6088.0	1.70138
6090.0	1.69004
6092.0	1.701265
6094.0	1.692493
6096.0	1.672212
6098.0	1.679643
6100.0	1.681055
6102.0	1.663941
6104.0	1.655673
6106.0	1.64925
6108.0	1.642244
6110.0	1.62752
6112.0	1.613851
6114.0	1.618514
6116.0	1.612468
6118.0	1.606209
6120.0	1.603229
6122.0	1.593049
6124.0	1.583428
6126.0	1.586293
6128.0	1.584146
6130.0	1.570953
6132.0	1.553097
6134.0	1.542013
6136.0	1.52946
6138.0	1.512568
6140.0	1.496433
6142.0	1.486951
6144.0	1.483722
6146.0	1.481009
6148.0	1.465046
6150.0	1.44456
6152.0	1.426269
6154.0	1.409721
6156.0	1.389285
6158.0	1.391989
6160.0	1.37953
6162.0	1.352236
6164.0	1.338151
6166.0	1.319317
6168.0	1.292094
6170.0	1.267775
6172.0	1.25713
6174.0	1.247506
6176.0	1.228091
6178.0	1.205614
6180.0	1.18657
6182.0	1.164337
6184.0	1.148731
6186.0	1.13668
6188.0	1.125127
6190.0	1.105632
6192.0	1.077889
6194.0	1.054642
6196.0	1.046472
6198.0	1.022207
6200.0	0.9992411
6202.0	0.9712815
6204.0	0.947413
6206.0	0.9194946
6208.0	0.9035565
6210.0	0.8934131
6212.0	0.8685888
6214.0	0.8484671
6216.0	0.8368317
6218.0	0.8260087
6220.0	0.8097166
6222.0	0.8012674
6224.0	0.7917885
6226.0	0.7934466
6228.0	0.781181
6230.0	0.758284
6232.0	0.7678387
6234.0	0.7751387
6236.0	0.7721226
6238.0	0.7773296
6240.0	0.772991
6242.0	0.766133
6244.0	0.7633219
6246.0	0.7618123
6248.0	0.7630433
6250.0	0.7801448
6252.0	0.7960196
6254.0	0.8077342
6256.0	0.8063478
6258.0	0.8099951
6260.0	0.8190171
6262.0	0.8221636
6264.0	0.8322544
6266.0	0.8267146
6268.0	0.8506621
6270.0	0.8668885
6272.0	0.865917
6274.0	0.8566167
6276.0	0.8563589
6278.0	0.8744851
6280.0	0.8728977
6282.0	0.8773395
6284.0	0.8987957
6286.0	0.9171352
6288.0	0.9356719
6290.0	0.9605958
6292.0	0.962138
6294.0	0.9655843
6296.0	0.9986101
6298.0	1.001723
6300.0	0.9928972
6302.0	0.9771092
6304.0	0.9792475
6306.0	1.009639
6308.0	1.017784
6310.0	1.023132
6312.0	1.029958
6314.0	1.035607
6316.0	1.037862
6318.0	1.0548
6320.0	1.054769
6322.0	1.051976
6324.0	1.057958
6326.0	1.069678
6328.0	1.074963
6330.0	1.080497
6332.0	1.100469
6334.0	1.110533
6336.0	1.128757
6338.0	1.134593
6340.0	1.134099
6342.0	1.142554
6344.0	1.155581
6346.0	1.165734
6348.0	1.149176
6350.0	1.135058
6352.0	1.144269
6354.0	1.167312
6356.0	1.168458
6358.0	1.172719
6360.0	1.168308
6362.0	1.163371
6364.0	1.165909
6366.0	1.164455
6368.0	1.170235
6370.0	1.171643
6372.0	1.170882
6374.0	1.173685
6376.0	1.186199
6378.0	1.188581
6380.0	1.177494
6382.0	1.175284
6384.0	1.162331
6386.0	1.159931
6388.0	1.172048
6390.0	1.19246
6392.0	1.200169
6394.0	1.18642
6396.0	1.180861
6398.0	1.177755
6400.0	1.169986
6402.0	1.186226
6404.0	1.173011
6406.0	1.148209
6408.0	1.15232
6410.0	1.150704
6412.0	1.127887
6414.0	1.112426
6416.0	1.08443
6418.0	1.098599
6420.0	1.095734
6422.0	1.111523
6424.0	1.10066
6426.0	1.088481
6428.0	1.0794
6430.0	1.065298
6432.0	1.062242
6434.0	1.055764
6436.0	1.047959
6438.0	1.059151
6440.0	1.053955
6442.0	1.061482
6444.0	1.067873
6446.0	1.061707
6448.0	1.067076
6450.0	1.054929
6452.0	1.045783
6454.0	1.031012
6456.0	1.030494
6458.0	1.036934
6460.0	1.043148
6462.0	1.029128
6464.0	1.026765
6466.0	1.020963
6468.0	1.018555
6470.0	1.022033
6472.0	1.014207
6474.0	1.011285
6476.0	1.010362
6478.0	0.9921552
6480.0	1.006953
6482.0	1.005575
6484.0	1.009398
6486.0	1.022406
6488.0	1.021231
6490.0	1.012578
6492.0	1.00898
6494.0	1.025471
6496.0	1.027147
6498.0	1.027217
6500.0	1.032023
6502.0	1.052234
6504.0	1.040476
6506.0	1.021846
6508.0	1.006881
6510.0	1.006081
6512.0	1.009989
6514.0	1.008827
6516.0	1.015924
6518.0	1.014169
6520.0	1.011656
6522.0	1.001527
6524.0	0.9915762
6526.0	0.9801305
6528.0	0.9786932
6530.0	0.9792151
6532.0	0.9904718
6534.0	0.9830391
6536.0	0.9707574
6538.0	0.9603106
6540.0	0.9503465
6542.0	0.9462649
6544.0	0.938249
6546.0	0.9302083
6548.0	0.932338
6550.0	0.9355595
6552.0	0.9354006
6554.0	0.9319003
6556.0	0.939846
6558.0	0.9429582
6560.0	0.9307325
6562.0	0.9235657
6564.0	0.9243073
6566.0	0.9186161
6568.0	0.912102
6570.0	0.9022964
6572.0	0.8952634
6574.0	0.8961702
6576.0	0.8760393
6578.0	0.8666559
6580.0	0.8848069
6582.0	0.8899514
6584.0	0.8771765
6586.0	0.8679
6588.0	0.8655781
6590.0	0.8639368
6592.0	0.8651387
6594.0	0.8592612
6596.0	0.8561758
6598.0	0.843684
6600.0	0.8402921
6602.0	0.8457016
6604.0	0.8537481
6606.0	0.8522775
6608.0	0.8392858
6610.0	0.8211391
6612.0	0.8079408
6614.0	0.8149257
6616.0	0.816354
6618.0	0.8081503
6620.0	0.812463
6622.0	0.8125283
6624.0	0.8064105
6626.0	0.8097589
6628.0	0.8192164
6630.0	0.8187956
6632.0	0.8038485
6634.0	0.798578
6636.0	0.7917551
6638.0	0.7897477
6640.0	0.7904127
6642.0	0.7961788
6644.0	0.8108272
6646.0	0.8053756
6648.0	0.8039192
6650.0	0.7935949
6652.0	0.7713584
6654.0	0.7699682
6656.0	0.791029
6658.0	0.859888
6660.0	0.9398776
6662.0	0.9815419
6664.0	0.9673435
6666.0	0.8828793
6668.0	0.7940446
6670.0	0.7651943
6672.0	0.7569482
6674.0	0.7467104
6676.0	0.7441373
6678.0	0.7545645
6680.0	0.7709965
6682.0	0.7748383
6684.0	0.7765949
6686.0	0.7678016
6688.0	0.7498128
6690.0	0.7337435
6692.0	0.7168818
6694.0	0.7130855
6696.0	0.7161332
6698.0	0.7045105
6700.0	0.6963355
6702.0	0.695921
6704.0	0.699959
6706.0	0.7016243
6708.0	0.7083983
6710.0	0.7079337
6712.0	0.7165892
6714.0	0.7174336
6716.0	0.7060273
6718.0	0.7000581
6720.0	0.6907579
6722.0	0.6910464
6724.0	0.6915791
6726.0	0.6908017
6728.0	0.688664
6730.0	0.685619
6732.0	0.6889695
6734.0	0.6818199
6736.0	0.6744857
6738.0	0.6761844
6740.0	0.6773652
6742.0	0.6758654
6744.0	0.6709953
6746.0	0.6617438
6748.0	0.6606164
6750.0	0.6642148
6752.0	0.6663089
6754.0	0.6742557
6756.0	0.6759558
6758.0	0.6673335
6760.0	0.6564718
6762.0	0.6465403
6764.0	0.649694
6766.0	0.6540713
6768.0	0.6500972
6770.0	0.6461171
6772.0	0.6446108
6774.0	0.6480713
6776.0	0.6488335
6778.0	0.6495854
6780.0	0.6447703
6782.0	0.6344317
6784.0	0.6323302
6786.0	0.6345779
6788.0	0.6327152
6790.0	0.6321
6792.0	0.6293362
6794.0	0.6297917
6796.0	0.629559
6798.0	0.6148874
6800.0	0.6141886
6802.0	0.6154567
6804.0	0.6053854
6806.0	0.6054385
6808.0	0.616222
6810.0	0.6220335
6812.0	0.6213
6814.0	0.6401169
6816.0	0.6617875
6818.0	0.6578439
6820.0	0.6410506
6822.0	0.6278362
6824.0	0.6060134
6826.0	0.6000731
6828.0	0.6063104
6830.0	0.6167495
6832.0	0.6353781
6834.0	0.6290017
6836.0	0.60203
6838.0	0.5866287
6840.0	0.5740522
6842.0	0.5712811
6844.0	0.5715913
6846.0	0.5607173
6848.0	0.5601227
6850.0	0.5622069
6852.0	0.5657037
6854.0	0.5676289
6856.0	0.5588849
6858.0	0.5527635
6860.0	0.5467618
6862.0	0.5289412
6864.0	0.5304339
6866.0	0.5583204
6868.0	0.5736659
6870.0	0.5525651
6872.0	0.5377172
6874.0	0.540119
6876.0	0.5365918
6878.0	0.5278831
6880.0	0.5148974
6882.0	0.5234614
6884.0	0.5310409
6886.0	0.532979
6888.0	0.5345047
6890.0	0.5281389
6892.0	0.5214791
6894.0	0.5158799
6896.0	0.5086749
6898.0	0.5055651
6900.0	0.506282
6902.0	0.5168231
6904.0	0.5200186
6906.0	0.5163449
6908.0	0.518329
6910.0	0.5147424
6912.0	0.5113914
6914.0	0.5105589
6916.0	0.5107746
6918.0	0.5028089
6920.0	0.4928004
6922.0	0.4928539
6924.0	0.5149894
6926.0	0.5353051
6928.0	0.5189509
6930.0	0.5002769
6932.0	0.4979239
6934.0	0.4947122
6936.0	0.4903078
6938.0	0.4851226
6940.0	0.4913091
6942.0	0.4905843
6944.0	0.4941326
6946.0	0.5028053
6948.0	0.5003433
6950.0	0.491273
6952.0	0.4890957
6954.0	0.4863942
6956.0	0.4852801
6958.0	0.4893052
6960.0	0.4874887
6962.0	0.4885661
6964.0	0.488027
6966.0	0.4923183
6968.0	0.4905897
6970.0	0.4920195
6972.0	0.4855259
6974.0	0.4764311
6976.0	0.4699066
6978.0	0.4735483
6980.0	0.4755777
6982.0	0.4699263
6984.0	0.4750538
6986.0	0.4825136
6988.0	0.4698437
6990.0	0.4683157
6992.0	0.468305
6994.0	0.4646819
6996.0	0.4609274
6998.0	0.4676885
7000.0	0.4649608
7002.0	0.4695115
7004.0	0.4704531
7006.0	0.4664759
7008.0	0.4543232
7010.0	0.4501883
7012.0	0.4531752
7014.0	0.4630954
7016.0	0.4542623
7018.0	0.454392
7020.0	0.4611762
7022.0	0.4557722
7024.0	0.4444022
7026.0	0.4491782
7028.0	0.45241
7030.0	0.4588845
7032.0	0.4604243
7034.0	0.4510744
7036.0	0.4462295
7038.0	0.4469917
7040.0	0.4466774
7042.0	0.4530807
7044.0	0.4609478
7046.0	0.4551078
7048.0	0.4502596
7050.0	0.4444064
7052.0	0.4375193
7054.0	0.437772
7056.0	0.4405279
7058.0	0.4377156
7060.0	0.4407239
7062.0	0.4419267
7064.0	0.4327799
7066.0	0.4359393
7068.0	0.4341906
7070.0	0.4300665
7072.0	0.4313982
7074.0	0.426
7076.0	0.4172691
7078.0	0.4276198
7080.0	0.4325972
7082.0	0.4178021
7084.0	0.4152588
7086.0	0.4222634
7088.0	0.4370459
7090.0	0.4289908
7092.0	0.4132383
7094.0	0.4099624
7096.0	0.4313595
7098.0	0.4229033
7100.0	0.4083729
