#	 asassn17bs 
#	 UT date of observation: 20170201 
#	 Telescope/Instrument: KPNO4m/KOSMOS 
#	 Estimated Peak MJD: 57791.137 
#	 Estimated redshift: 0.020 
#	 Estimated Phase: -6.0 
#	 Published in Dettman et al. 2020 
#	 Observed barycentric wavelength (Angstroms)    F_lambda
4180.0	3.697588
4181.0	3.775112
4182.0	3.696641
4183.0	3.570377
4184.0	3.665974
4185.0	3.572534
4186.0	3.652045
4187.0	3.668877
4188.0	3.509557
4189.0	3.665677
4190.0	3.539445
4191.0	3.592549
4192.0	3.658629
4193.0	3.546614
4194.0	3.494592
4195.0	3.407749
4196.0	3.505683
4197.0	3.456592
4198.0	3.507301
4199.0	3.545562
4200.0	3.538451
4201.0	3.442046
4202.0	3.53074
4203.0	3.563168
4204.0	3.447182
4205.0	3.459998
4206.0	3.282706
4207.0	3.397451
4208.0	3.516282
4209.0	3.489856
4210.0	3.413502
4211.0	3.440281
4212.0	3.504881
4213.0	3.443541
4214.0	3.416271
4215.0	3.440905
4216.0	3.376864
4217.0	3.323624
4218.0	3.233991
4219.0	3.271155
4220.0	3.338853
4221.0	3.498763
4222.0	3.433547
4223.0	3.359802
4224.0	3.287992
4225.0	3.330106
4226.0	3.313625
4227.0	3.250649
4228.0	3.323162
4229.0	3.421416
4230.0	3.418667
4231.0	3.243082
4232.0	3.264102
4233.0	3.211274
4234.0	3.221598
4235.0	3.265972
4236.0	3.209342
4237.0	3.236448
4238.0	3.33705
4239.0	3.277805
4240.0	3.279248
4241.0	3.275606
4242.0	3.263799
4243.0	3.202911
4244.0	3.219712
4245.0	3.27686
4246.0	3.323949
4247.0	3.23493
4248.0	3.180342
4249.0	3.193575
4250.0	3.245575
4251.0	3.258407
4252.0	3.201395
4253.0	3.213334
4254.0	3.221837
4255.0	3.134836
4256.0	3.209853
4257.0	3.159601
4258.0	3.175664
4259.0	3.259485
4260.0	3.106487
4261.0	3.100378
4262.0	3.200436
4263.0	3.102237
4264.0	3.115001
4265.0	3.054858
4266.0	3.122095
4267.0	3.109721
4268.0	3.161258
4269.0	3.151657
4270.0	3.072573
4271.0	3.103308
4272.0	3.026309
4273.0	2.982923
4274.0	3.046381
4275.0	3.054662
4276.0	3.101535
4277.0	2.904807
4278.0	2.835843
4279.0	2.888766
4280.0	2.872703
4281.0	2.810891
4282.0	2.855342
4283.0	2.912776
4284.0	2.833343
4285.0	2.849821
4286.0	2.784225
4287.0	2.897433
4288.0	2.848969
4289.0	2.768945
4290.0	2.708396
4291.0	2.739888
4292.0	2.818861
4293.0	2.791636
4294.0	2.801517
4295.0	2.844831
4296.0	2.865634
4297.0	2.747557
4298.0	2.761054
4299.0	2.798642
4300.0	2.631345
4301.0	2.582614
4302.0	2.683632
4303.0	2.761435
4304.0	2.714261
4305.0	2.736311
4306.0	2.721563
4307.0	2.664711
4308.0	2.667437
4309.0	2.748837
4310.0	2.619323
4311.0	2.54076
4312.0	2.624992
4313.0	2.655398
4314.0	2.65715
4315.0	2.692147
4316.0	2.692709
4317.0	2.654413
4318.0	2.626582
4319.0	2.648428
4320.0	2.675377
4321.0	2.593619
4322.0	2.603908
4323.0	2.569958
4324.0	2.590277
4325.0	2.630373
4326.0	2.535943
4327.0	2.472201
4328.0	2.522699
4329.0	2.468838
4330.0	2.509249
4331.0	2.522977
4332.0	2.519393
4333.0	2.434765
4334.0	2.434194
4335.0	2.338205
4336.0	2.358265
4337.0	2.466768
4338.0	2.490055
4339.0	2.451116
4340.0	2.38281
4341.0	2.339204
4342.0	2.47199
4343.0	2.411866
4344.0	2.382478
4345.0	2.379696
4346.0	2.374704
4347.0	2.379972
4348.0	2.329258
4349.0	2.318395
4350.0	2.329549
4351.0	2.271931
4352.0	2.229376
4353.0	2.250427
4354.0	2.248969
4355.0	2.219417
4356.0	2.201499
4357.0	2.169822
4358.0	2.159813
4359.0	2.129496
4360.0	2.054558
4361.0	2.072706
4362.0	2.112142
4363.0	2.064362
4364.0	1.993438
4365.0	1.99424
4366.0	1.961803
4367.0	1.935551
4368.0	1.940381
4369.0	1.976126
4370.0	1.876134
4371.0	1.909558
4372.0	1.902951
4373.0	1.899771
4374.0	1.828798
4375.0	1.860502
4376.0	1.905487
4377.0	1.846785
4378.0	1.824511
4379.0	1.835405
4380.0	1.847848
4381.0	1.798236
4382.0	1.860304
4383.0	1.860582
4384.0	1.867514
4385.0	1.853894
4386.0	1.813246
4387.0	1.823629
4388.0	1.829582
4389.0	1.883282
4390.0	1.781514
4391.0	1.861018
4392.0	1.783548
4393.0	1.855221
4394.0	1.949011
4395.0	1.861017
4396.0	1.874584
4397.0	1.895229
4398.0	1.908436
4399.0	1.809559
4400.0	1.830353
4401.0	1.867437
4402.0	1.899565
4403.0	1.913915
4404.0	1.899363
4405.0	1.98895
4406.0	2.011393
4407.0	1.951415
4408.0	1.94513
4409.0	1.993024
4410.0	1.988621
4411.0	2.008697
4412.0	1.982774
4413.0	1.975161
4414.0	2.000095
4415.0	2.015801
4416.0	2.046535
4417.0	2.068528
4418.0	1.990067
4419.0	2.046445
4420.0	2.033802
4421.0	2.060632
4422.0	2.05313
4423.0	2.015485
4424.0	2.163894
4425.0	2.048584
4426.0	2.024023
4427.0	2.10456
4428.0	2.111043
4429.0	2.169085
4430.0	2.152804
4431.0	2.217165
4432.0	2.205582
4433.0	2.224529
4434.0	2.176631
4435.0	2.141616
4436.0	2.140094
4437.0	2.189179
4438.0	2.166906
4439.0	2.136091
4440.0	2.16041
4441.0	2.211846
4442.0	2.264251
4443.0	2.265905
4444.0	2.283864
4445.0	2.23114
4446.0	2.197777
4447.0	2.2697
4448.0	2.132636
4449.0	2.018238
4450.0	2.187894
4451.0	2.235528
4452.0	2.189656
4453.0	2.280169
4454.0	2.265914
4455.0	2.235897
4456.0	2.246909
4457.0	2.270251
4458.0	2.309029
4459.0	2.324968
4460.0	2.302465
4461.0	2.320473
4462.0	2.346586
4463.0	2.293209
4464.0	2.366213
4465.0	2.331406
4466.0	2.346887
4467.0	2.35381
4468.0	2.289841
4469.0	2.396822
4470.0	2.402635
4471.0	2.388563
4472.0	2.323529
4473.0	2.376873
4474.0	2.347406
4475.0	2.412332
4476.0	2.354209
4477.0	2.353393
4478.0	2.394938
4479.0	2.294182
4480.0	2.327637
4481.0	2.319122
4482.0	2.302047
4483.0	2.376105
4484.0	2.342413
4485.0	2.266535
4486.0	2.257253
4487.0	2.291769
4488.0	2.230935
4489.0	2.264391
4490.0	2.295773
4491.0	2.301961
4492.0	2.25766
4493.0	2.261571
4494.0	2.296366
4495.0	2.261868
4496.0	2.279658
4497.0	2.304983
4498.0	2.23326
4499.0	2.259919
4500.0	2.293729
4501.0	2.253419
4502.0	2.23652
4503.0	2.243422
4504.0	2.235362
4505.0	2.28691
4506.0	2.290167
4507.0	2.261143
4508.0	2.250221
4509.0	2.293158
4510.0	2.291307
4511.0	2.250478
4512.0	2.316229
4513.0	2.292984
4514.0	2.370227
4515.0	2.350159
4516.0	2.322337
4517.0	2.402212
4518.0	2.361582
4519.0	2.384858
4520.0	2.36351
4521.0	2.392893
4522.0	2.412084
4523.0	2.399357
4524.0	2.445497
4525.0	2.466034
4526.0	2.446301
4527.0	2.410975
4528.0	2.501921
4529.0	2.494848
4530.0	2.561546
4531.0	2.489655
4532.0	2.479628
4533.0	2.528053
4534.0	2.582338
4535.0	2.57705
4536.0	2.558369
4537.0	2.58746
4538.0	2.692421
4539.0	2.670129
4540.0	2.681273
4541.0	2.723926
4542.0	2.652091
4543.0	2.731742
4544.0	2.696377
4545.0	2.775858
4546.0	2.73193
4547.0	2.729843
4548.0	2.712707
4549.0	2.760806
4550.0	2.808897
4551.0	2.793724
4552.0	2.805271
4553.0	2.791869
4554.0	2.777841
4555.0	2.821989
4556.0	2.87566
4557.0	2.923521
4558.0	2.904598
4559.0	2.94218
4560.0	2.921475
4561.0	2.895945
4562.0	2.891485
4563.0	2.927127
4564.0	3.002784
4565.0	2.988133
4566.0	2.930008
4567.0	3.032535
4568.0	3.054255
4569.0	2.992129
4570.0	2.98942
4571.0	3.006537
4572.0	3.033914
4573.0	2.996494
4574.0	2.980335
4575.0	3.001761
4576.0	3.038463
4577.0	3.026725
4578.0	3.044369
4579.0	3.073477
4580.0	3.159858
4581.0	3.126839
4582.0	3.024224
4583.0	3.052146
4584.0	3.055367
4585.0	3.14843
4586.0	3.149028
4587.0	3.05437
4588.0	3.084951
4589.0	3.081367
4590.0	3.114424
4591.0	3.103955
4592.0	3.150758
4593.0	3.147556
4594.0	3.165732
4595.0	3.137487
4596.0	3.155115
4597.0	3.154266
4598.0	3.237871
4599.0	3.188962
4600.0	3.215649
4601.0	3.133655
4602.0	3.16461
4603.0	3.144271
4604.0	3.204456
4605.0	3.161584
4606.0	3.185791
4607.0	3.166791
4608.0	3.190869
4609.0	3.17451
4610.0	3.278145
4611.0	3.257532
4612.0	3.18071
4613.0	3.151532
4614.0	3.240425
4615.0	3.075615
4616.0	3.153269
4617.0	3.159817
4618.0	3.115396
4619.0	3.158672
4620.0	3.131272
4621.0	3.152026
4622.0	3.088421
4623.0	3.071255
4624.0	3.05568
4625.0	3.073157
4626.0	3.043012
4627.0	3.004034
4628.0	3.125067
4629.0	3.094956
4630.0	3.002256
4631.0	3.028845
4632.0	3.035376
4633.0	3.023243
4634.0	3.014094
4635.0	3.014636
4636.0	2.986155
4637.0	3.050955
4638.0	3.049229
4639.0	3.024258
4640.0	3.022379
4641.0	3.011401
4642.0	2.998255
4643.0	3.047636
4644.0	3.005281
4645.0	2.964525
4646.0	2.959477
4647.0	2.940277
4648.0	2.955713
4649.0	2.99979
4650.0	3.060536
4651.0	2.983253
4652.0	3.001014
4653.0	3.02535
4654.0	3.018945
4655.0	2.973835
4656.0	3.049147
4657.0	3.074774
4658.0	2.955891
4659.0	2.966206
4660.0	2.957376
4661.0	3.005616
4662.0	3.003323
4663.0	3.015648
4664.0	2.999317
4665.0	2.95108
4666.0	2.974799
4667.0	3.033315
4668.0	2.990342
4669.0	2.989653
4670.0	2.951395
4671.0	2.915509
4672.0	2.941576
4673.0	2.94125
4674.0	2.94512
4675.0	2.966123
4676.0	2.960725
4677.0	3.024562
4678.0	3.027709
4679.0	2.989671
4680.0	3.008512
4681.0	3.054248
4682.0	2.945409
4683.0	3.004541
4684.0	2.953023
4685.0	2.95846
4686.0	3.021193
4687.0	2.937123
4688.0	2.960785
4689.0	2.964489
4690.0	2.973563
4691.0	2.912261
4692.0	2.945982
4693.0	3.032774
4694.0	3.015787
4695.0	2.958442
4696.0	2.956715
4697.0	2.924713
4698.0	2.962943
4699.0	2.922134
4700.0	2.899628
4701.0	2.880942
4702.0	2.915458
4703.0	2.856868
4704.0	2.81825
4705.0	2.904277
4706.0	2.977396
4707.0	2.934987
4708.0	2.865614
4709.0	2.837095
4710.0	2.918043
4711.0	2.883186
4712.0	2.884108
4713.0	2.832518
4714.0	2.790773
4715.0	2.790693
4716.0	2.720822
4717.0	2.781083
4718.0	2.715247
4719.0	2.652478
4720.0	2.697165
4721.0	2.700172
4722.0	2.702526
4723.0	2.566463
4724.0	2.589139
4725.0	2.602956
4726.0	2.559433
4727.0	2.594713
4728.0	2.576445
4729.0	2.445757
4730.0	2.437995
4731.0	2.471486
4732.0	2.469403
4733.0	2.440941
4734.0	2.401974
4735.0	2.381504
4736.0	2.441495
4737.0	2.414373
4738.0	2.430684
4739.0	2.394929
4740.0	2.416428
4741.0	2.337809
4742.0	2.323167
4743.0	2.317183
4744.0	2.305835
4745.0	2.312561
4746.0	2.313577
4747.0	2.30532
4748.0	2.293085
4749.0	2.265277
4750.0	2.278831
4751.0	2.267849
4752.0	2.27743
4753.0	2.251903
4754.0	2.235681
4755.0	2.297496
4756.0	2.320995
4757.0	2.301031
4758.0	2.286586
4759.0	2.283954
4760.0	2.239985
4761.0	2.263248
4762.0	2.273941
4763.0	2.238682
4764.0	2.247079
4765.0	2.291845
4766.0	2.236031
4767.0	2.227553
4768.0	2.2398
4769.0	2.269063
4770.0	2.224191
4771.0	2.293375
4772.0	2.221566
4773.0	2.241559
4774.0	2.252854
4775.0	2.326426
4776.0	2.324103
4777.0	2.326996
4778.0	2.318734
4779.0	2.290432
4780.0	2.22133
4781.0	2.283861
4782.0	2.307313
4783.0	2.31951
4784.0	2.32367
4785.0	2.309214
4786.0	2.283667
4787.0	2.296256
4788.0	2.317442
4789.0	2.329827
4790.0	2.357997
4791.0	2.337217
4792.0	2.403793
4793.0	2.277875
4794.0	2.282986
4795.0	2.29524
4796.0	2.305432
4797.0	2.291667
4798.0	2.274762
4799.0	2.231451
4800.0	2.196109
4801.0	2.255104
4802.0	2.236084
4803.0	2.226583
4804.0	2.170046
4805.0	2.18287
4806.0	2.182935
4807.0	2.143318
4808.0	2.208854
4809.0	2.155229
4810.0	2.117341
4811.0	2.125057
4812.0	2.173202
4813.0	2.124106
4814.0	2.076035
4815.0	2.061864
4816.0	2.090552
4817.0	2.03655
4818.0	2.028171
4819.0	2.022283
4820.0	2.019858
4821.0	2.017718
4822.0	2.035144
4823.0	2.007557
4824.0	1.9532
4825.0	1.946174
4826.0	1.969363
4827.0	2.005255
4828.0	1.946821
4829.0	1.92871
4830.0	1.924711
4831.0	1.897951
4832.0	1.905497
4833.0	1.900731
4834.0	1.893729
4835.0	1.899033
4836.0	1.901096
4837.0	1.874893
4838.0	1.915016
4839.0	1.934085
4840.0	1.917597
4841.0	1.904169
4842.0	1.893615
4843.0	1.929561
4844.0	1.933894
4845.0	1.890691
4846.0	1.911363
4847.0	1.945187
4848.0	1.935514
4849.0	1.940085
4850.0	1.904482
4851.0	1.864228
4852.0	1.915074
4853.0	1.892233
4854.0	1.91585
4855.0	1.965016
4856.0	1.977508
4857.0	1.972709
4858.0	1.985962
4859.0	1.990285
4860.0	1.981902
4861.0	1.981172
4862.0	2.000689
4863.0	1.996165
4864.0	1.970811
4865.0	2.006779
4866.0	2.022345
4867.0	2.023272
4868.0	2.017726
4869.0	1.984665
4870.0	1.983808
4871.0	2.073766
4872.0	2.046182
4873.0	2.046822
4874.0	2.080397
4875.0	2.081496
4876.0	2.06481
4877.0	2.04457
4878.0	2.098
4879.0	2.157642
4880.0	2.073795
4881.0	2.085416
4882.0	2.15068
4883.0	2.09598
4884.0	2.124142
4885.0	2.109962
4886.0	2.112276
4887.0	2.076534
4888.0	2.050431
4889.0	2.010109
4890.0	1.99132
4891.0	2.030789
4892.0	2.03144
4893.0	1.999754
4894.0	1.98157
4895.0	1.973886
4896.0	2.006624
4897.0	1.987736
4898.0	1.91696
4899.0	1.891593
4900.0	1.94305
4901.0	1.938568
4902.0	1.868211
4903.0	1.844706
4904.0	1.829795
4905.0	1.797972
4906.0	1.709875
4907.0	1.729468
4908.0	1.789409
4909.0	1.752567
4910.0	1.757753
4911.0	1.707754
4912.0	1.686723
4913.0	1.718095
4914.0	1.676929
4915.0	1.707449
4916.0	1.650383
4917.0	1.604679
4918.0	1.604548
4919.0	1.61999
4920.0	1.584209
4921.0	1.574584
4922.0	1.540771
4923.0	1.527874
4924.0	1.550243
4925.0	1.519411
4926.0	1.498161
4927.0	1.486003
4928.0	1.477751
4929.0	1.500927
4930.0	1.443871
4931.0	1.432678
4932.0	1.410341
4933.0	1.405739
4934.0	1.445522
4935.0	1.438411
4936.0	1.403028
4937.0	1.39988
4938.0	1.382234
4939.0	1.394465
4940.0	1.378444
4941.0	1.363727
4942.0	1.36786
4943.0	1.371977
4944.0	1.383289
4945.0	1.329143
4946.0	1.329275
4947.0	1.336046
4948.0	1.33913
4949.0	1.349559
4950.0	1.359236
4951.0	1.346197
4952.0	1.334275
4953.0	1.332715
4954.0	1.312378
4955.0	1.342683
4956.0	1.357136
4957.0	1.321192
4958.0	1.364036
4959.0	1.335159
4960.0	1.328545
4961.0	1.346422
4962.0	1.360617
4963.0	1.380481
4964.0	1.354372
4965.0	1.353033
4966.0	1.381738
4967.0	1.346255
4968.0	1.384833
4969.0	1.400387
4970.0	1.409139
4971.0	1.413378
4972.0	1.45904
4973.0	1.452479
4974.0	1.481001
4975.0	1.454555
4976.0	1.481457
4977.0	1.466442
4978.0	1.511247
4979.0	1.503224
4980.0	1.498065
4981.0	1.511882
4982.0	1.506042
4983.0	1.533392
4984.0	1.563739
4985.0	1.551338
4986.0	1.533275
4987.0	1.538065
4988.0	1.499017
4989.0	1.568204
4990.0	1.549801
4991.0	1.581416
4992.0	1.573257
4993.0	1.568479
4994.0	1.586585
4995.0	1.574087
4996.0	1.538446
4997.0	1.592579
4998.0	1.618542
4999.0	1.639051
5000.0	1.578109
5001.0	1.577476
5002.0	1.59159
5003.0	1.540108
5004.0	1.547952
5005.0	1.576884
5006.0	1.591708
5007.0	1.576663
5008.0	1.574919
5009.0	1.61197
5010.0	1.594785
5011.0	1.613063
5012.0	1.618441
5013.0	1.604424
5014.0	1.592378
5015.0	1.62536
5016.0	1.591205
5017.0	1.60245
5018.0	1.634289
5019.0	1.688413
5020.0	1.669008
5021.0	1.625781
5022.0	1.621701
5023.0	1.625769
5024.0	1.63174
5025.0	1.630423
5026.0	1.621797
5027.0	1.671395
5028.0	1.679596
5029.0	1.648776
5030.0	1.657292
5031.0	1.640605
5032.0	1.687839
5033.0	1.653772
5034.0	1.63917
5035.0	1.621536
5036.0	1.628464
5037.0	1.645102
5038.0	1.623535
5039.0	1.590445
5040.0	1.603715
5041.0	1.607382
5042.0	1.600723
5043.0	1.583364
5044.0	1.540743
5045.0	1.568743
5046.0	1.600839
5047.0	1.579608
5048.0	1.593568
5049.0	1.582025
5050.0	1.544324
5051.0	1.526504
5052.0	1.558748
5053.0	1.569835
5054.0	1.560995
5055.0	1.550831
5056.0	1.545071
5057.0	1.52957
5058.0	1.509133
5059.0	1.530048
5060.0	1.55443
5061.0	1.532515
5062.0	1.515398
5063.0	1.5524
5064.0	1.545822
5065.0	1.525631
5066.0	1.526658
5067.0	1.505478
5068.0	1.533759
5069.0	1.56304
5070.0	1.549863
5071.0	1.537034
5072.0	1.555311
5073.0	1.550244
5074.0	1.519627
5075.0	1.542835
5076.0	1.559033
5077.0	1.562086
5078.0	1.528068
5079.0	1.562828
5080.0	1.626883
5081.0	1.586144
5082.0	1.599385
5083.0	1.602795
5084.0	1.622414
5085.0	1.623491
5086.0	1.58275
5087.0	1.653857
5088.0	1.598191
5089.0	1.654983
5090.0	1.641568
5091.0	1.65603
5092.0	1.647047
5093.0	1.654632
5094.0	1.623389
5095.0	1.652493
5096.0	1.668939
5097.0	1.633703
5098.0	1.648514
5099.0	1.661642
5100.0	1.722394
5101.0	1.649621
5102.0	1.685772
5103.0	1.67947
5104.0	1.680075
5105.0	1.687573
5106.0	1.681353
5107.0	1.680552
5108.0	1.663082
5109.0	1.680946
5110.0	1.67638
5111.0	1.668765
5112.0	1.663871
5113.0	1.655124
5114.0	1.638125
5115.0	1.680002
5116.0	1.677637
5117.0	1.669145
5118.0	1.659229
5119.0	1.668926
5120.0	1.68776
5121.0	1.729615
5122.0	1.715841
5123.0	1.722965
5124.0	1.741893
5125.0	1.705621
5126.0	1.739519
5127.0	1.737942
5128.0	1.752817
5129.0	1.729209
5130.0	1.724691
5131.0	1.732413
5132.0	1.756365
5133.0	1.809414
5134.0	1.76647
5135.0	1.767951
5136.0	1.819946
5137.0	1.838715
5138.0	1.813585
5139.0	1.785227
5140.0	1.792818
5141.0	1.887012
5142.0	1.842394
5143.0	1.821816
5144.0	1.858387
5145.0	1.863868
5146.0	1.830942
5147.0	1.875344
5148.0	1.853766
5149.0	1.875008
5150.0	1.824177
5151.0	1.851734
5152.0	1.804576
5153.0	1.84814
5154.0	1.835398
5155.0	1.904223
5156.0	1.902631
5157.0	1.827199
5158.0	1.877638
5159.0	1.861753
5160.0	1.86217
5161.0	1.900892
5162.0	1.890859
5163.0	1.902714
5164.0	1.915044
5165.0	1.928885
5166.0	1.899431
5167.0	1.953928
5168.0	1.952219
5169.0	1.926996
5170.0	1.936099
5171.0	1.919217
5172.0	1.988493
5173.0	1.981838
5174.0	1.961513
5175.0	1.974048
5176.0	2.004287
5177.0	1.964479
5178.0	1.928572
5179.0	1.950738
5180.0	1.936597
5181.0	1.998343
5182.0	2.005391
5183.0	1.981965
5184.0	1.968818
5185.0	2.023587
5186.0	2.001827
5187.0	2.003061
5188.0	2.030437
5189.0	2.018956
5190.0	2.003775
5191.0	1.98556
5192.0	2.022269
5193.0	2.048804
5194.0	2.046493
5195.0	2.052685
5196.0	2.043608
5197.0	2.028655
5198.0	2.04946
5199.0	2.104423
5200.0	2.051076
5201.0	2.019287
5202.0	2.060152
5203.0	2.037108
5204.0	2.047373
5205.0	2.072176
5206.0	2.055672
5207.0	2.037449
5208.0	2.021547
5209.0	2.070689
5210.0	2.045153
5211.0	2.042626
5212.0	2.042175
5213.0	2.027258
5214.0	2.077096
5215.0	2.058079
5216.0	2.044521
5217.0	2.002534
5218.0	2.036681
5219.0	2.000334
5220.0	2.031041
5221.0	2.007669
5222.0	1.980253
5223.0	2.007014
5224.0	2.001105
5225.0	2.052436
5226.0	2.058725
5227.0	2.024714
5228.0	2.017945
5229.0	1.99371
5230.0	2.006554
5231.0	2.014508
5232.0	2.013402
5233.0	1.978169
5234.0	1.966979
5235.0	2.007511
5236.0	1.983876
5237.0	1.969957
5238.0	1.93838
5239.0	1.978635
5240.0	1.993523
5241.0	1.93986
5242.0	1.996476
5243.0	1.961046
5244.0	1.935181
5245.0	1.95189
5246.0	1.971577
5247.0	1.945483
5248.0	1.95768
5249.0	1.954528
5250.0	1.961934
5251.0	1.917327
5252.0	1.909761
5253.0	1.890466
5254.0	1.89751
5255.0	1.91152
5256.0	1.88288
5257.0	1.920604
5258.0	1.916635
5259.0	1.92383
5260.0	1.941216
5261.0	1.950351
5262.0	1.960673
5263.0	1.943244
5264.0	1.939197
5265.0	1.953693
5266.0	1.974579
5267.0	1.962701
5268.0	1.96884
5269.0	1.963031
5270.0	1.986784
5271.0	1.995585
5272.0	2.009773
5273.0	2.002572
5274.0	2.008661
5275.0	2.000975
5276.0	1.943985
5277.0	1.986966
5278.0	1.986342
5279.0	1.983306
5280.0	1.972846
5281.0	1.978516
5282.0	2.000389
5283.0	2.025015
5284.0	2.008138
5285.0	2.014982
5286.0	2.041209
5287.0	2.038412
5288.0	2.026015
5289.0	2.065261
5290.0	2.060367
5291.0	2.023672
5292.0	2.062907
5293.0	2.044013
5294.0	2.0526
5295.0	2.077324
5296.0	2.11783
5297.0	2.066777
5298.0	2.073771
5299.0	2.072035
5300.0	2.048171
5301.0	1.973275
5302.0	2.060672
5303.0	2.109637
5304.0	2.063635
5305.0	2.050887
5306.0	2.060641
5307.0	2.061245
5308.0	2.056754
5309.0	2.036369
5310.0	2.034842
5311.0	1.996986
5312.0	2.019164
5313.0	1.996921
5314.0	2.01595
5315.0	1.956884
5316.0	1.920339
5317.0	1.918827
5318.0	1.932426
5319.0	1.913541
5320.0	1.916236
5321.0	1.88983
5322.0	1.920293
5323.0	1.888883
5324.0	1.818731
5325.0	1.797053
5326.0	1.837737
5327.0	1.821587
5328.0	1.773539
5329.0	1.767913
5330.0	1.751192
5331.0	1.746026
5332.0	1.780867
5333.0	1.710084
5334.0	1.674493
5335.0	1.661157
5336.0	1.637777
5337.0	1.667568
5338.0	1.641414
5339.0	1.64951
5340.0	1.629748
5341.0	1.630298
5342.0	1.606685
5343.0	1.595438
5344.0	1.560237
5345.0	1.575035
5346.0	1.584996
5347.0	1.569074
5348.0	1.565059
5349.0	1.56267
5350.0	1.530663
5351.0	1.506603
5352.0	1.516667
5353.0	1.47302
5354.0	1.468767
5355.0	1.501035
5356.0	1.474881
5357.0	1.483628
5358.0	1.442695
5359.0	1.430464
5360.0	1.426671
5361.0	1.434668
5362.0	1.46702
5363.0	1.389866
5364.0	1.387302
5365.0	1.382349
5366.0	1.408643
5367.0	1.389162
5368.0	1.428736
5369.0	1.402572
5370.0	1.364115
5371.0	1.386682
5372.0	1.384688
5373.0	1.364102
5374.0	1.416711
5375.0	1.403983
5376.0	1.382225
5377.0	1.389632
5378.0	1.397536
5379.0	1.44088
5380.0	1.411029
5381.0	1.411637
5382.0	1.404579
5383.0	1.392488
5384.0	1.337415
5385.0	1.369208
5386.0	1.392387
5387.0	1.362943
5388.0	1.396271
5389.0	1.37413
5390.0	1.34397
5391.0	1.349385
5392.0	1.379735
5393.0	1.406585
5394.0	1.34997
5395.0	1.386894
5396.0	1.362428
5397.0	1.374814
5398.0	1.406043
5399.0	1.391218
5400.0	1.405691
5401.0	1.400393
5402.0	1.39255
5403.0	1.405949
5404.0	1.391964
5405.0	1.375631
5406.0	1.430288
5407.0	1.417392
5408.0	1.38482
5409.0	1.367535
5410.0	1.381877
5411.0	1.411824
5412.0	1.389976
5413.0	1.373801
5414.0	1.37274
5415.0	1.367338
5416.0	1.346968
5417.0	1.387725
5418.0	1.419838
5419.0	1.356799
5420.0	1.3688
5421.0	1.399872
5422.0	1.416192
5423.0	1.395715
5424.0	1.347135
5425.0	1.386021
5426.0	1.4148
5427.0	1.430295
5428.0	1.460611
5429.0	1.434813
5430.0	1.459437
5431.0	1.451992
5432.0	1.440555
5433.0	1.478326
5434.0	1.483689
5435.0	1.465902
5436.0	1.46552
5437.0	1.473373
5438.0	1.487762
5439.0	1.485952
5440.0	1.467764
5441.0	1.463086
5442.0	1.515303
5443.0	1.497369
5444.0	1.507173
5445.0	1.493045
5446.0	1.530207
5447.0	1.510664
5448.0	1.506206
5449.0	1.524489
5450.0	1.527702
5451.0	1.486364
5452.0	1.485661
5453.0	1.507421
5454.0	1.513287
5455.0	1.504366
5456.0	1.507922
5457.0	1.527905
5458.0	1.526427
5459.0	1.51706
5460.0	1.505998
5461.0	1.487513
5462.0	1.484365
5463.0	1.516998
5464.0	1.506655
5465.0	1.496093
5466.0	1.534407
5467.0	1.508844
5468.0	1.513802
5469.0	1.496844
5470.0	1.485857
5471.0	1.487943
5472.0	1.508032
5473.0	1.468984
5474.0	1.465626
5475.0	1.53856
5476.0	1.487859
5477.0	1.484241
5478.0	1.508328
5479.0	1.492715
5480.0	1.505842
5481.0	1.496085
5482.0	1.456318
5483.0	1.496779
5484.0	1.482487
5485.0	1.484106
5486.0	1.48735
5487.0	1.48307
5488.0	1.464509
5489.0	1.46423
5490.0	1.483057
5491.0	1.490501
5492.0	1.460162
5493.0	1.457966
5494.0	1.49534
5495.0	1.469136
5496.0	1.479903
5497.0	1.431428
5498.0	1.436829
5499.0	1.460469
5500.0	1.469473
5501.0	1.444596
5502.0	1.42907
5503.0	1.472597
5504.0	1.434673
5505.0	1.405988
5506.0	1.413711
5507.0	1.405778
5508.0	1.357082
5509.0	1.359584
5510.0	1.405038
5511.0	1.391528
5512.0	1.371287
5513.0	1.358612
5514.0	1.35964
5515.0	1.372878
5516.0	1.359826
5517.0	1.341048
5518.0	1.333316
5519.0	1.356927
5520.0	1.328601
5521.0	1.330144
5522.0	1.326473
5523.0	1.322696
5524.0	1.273964
5525.0	1.264461
5526.0	1.278714
5527.0	1.26091
5528.0	1.254473
5529.0	1.246905
5530.0	1.251803
5531.0	1.251472
5532.0	1.229072
5533.0	1.24715
5534.0	1.211239
5535.0	1.210343
5536.0	1.246437
5537.0	1.204256
5538.0	1.195638
5539.0	1.202694
5540.0	1.216956
5541.0	1.216894
5542.0	1.190744
5543.0	1.193608
5544.0	1.181579
5545.0	1.200526
5546.0	1.186679
5547.0	1.157902
5548.0	1.12473
5549.0	1.155347
5550.0	1.155592
5551.0	1.16434
5552.0	1.15889
5553.0	1.196356
5554.0	1.164822
5555.0	1.168186
5556.0	1.126304
5557.0	1.170196
5558.0	1.140749
5559.0	1.151526
5560.0	1.138531
5561.0	1.156128
5562.0	1.122609
5563.0	1.118656
5564.0	1.133962
5565.0	1.147162
5566.0	1.126168
5567.0	1.181751
5568.0	1.189024
5569.0	1.178164
5570.0	1.180371
5571.0	1.175181
5572.0	1.20087
5573.0	1.20273
5574.0	1.206246
5575.0	1.195965
5576.0	1.207043
5577.0	1.257703
5578.0	1.205642
5579.0	1.195832
5580.0	1.201894
5581.0	1.225022
5582.0	1.260489
5583.0	1.239709
5584.0	1.244727
5585.0	1.284342
5586.0	1.275194
5587.0	1.275289
5588.0	1.304101
5589.0	1.260688
5590.0	1.287241
5591.0	1.335717
5592.0	1.336377
5593.0	1.320256
5594.0	1.373444
5595.0	1.383705
5596.0	1.354515
5597.0	1.389968
5598.0	1.386972
5599.0	1.407397
5600.0	1.42043
5601.0	1.433724
5602.0	1.417807
5603.0	1.425693
5604.0	1.404272
5605.0	1.447067
5606.0	1.426758
5607.0	1.471391
5608.0	1.449909
5609.0	1.472672
5610.0	1.527809
5611.0	1.515181
5612.0	1.489543
5613.0	1.472439
5614.0	1.477854
5615.0	1.490878
5616.0	1.529038
5617.0	1.523124
5618.0	1.523978
5619.0	1.53623
5620.0	1.563565
5621.0	1.53078
5622.0	1.53473
5623.0	1.577208
5624.0	1.594944
5625.0	1.598898
5626.0	1.556032
5627.0	1.575958
5628.0	1.569109
5629.0	1.621234
5630.0	1.624826
5631.0	1.646617
5632.0	1.650012
5633.0	1.640828
5634.0	1.608161
5635.0	1.631419
5636.0	1.66919
5637.0	1.640911
5638.0	1.647007
5639.0	1.644251
5640.0	1.636935
5641.0	1.696729
5642.0	1.646883
5643.0	1.626458
5644.0	1.648166
5645.0	1.673978
5646.0	1.674953
5647.0	1.688997
5648.0	1.670112
5649.0	1.680095
5650.0	1.658892
5651.0	1.671984
5652.0	1.652651
5653.0	1.664285
5654.0	1.677951
5655.0	1.661855
5656.0	1.628078
5657.0	1.660769
5658.0	1.669797
5659.0	1.657062
5660.0	1.655175
5661.0	1.642614
5662.0	1.603185
5663.0	1.632314
5664.0	1.616116
5665.0	1.604219
5666.0	1.608781
5667.0	1.601189
5668.0	1.589332
5669.0	1.665302
5670.0	1.647669
5671.0	1.624024
5672.0	1.587629
5673.0	1.638951
5674.0	1.660671
5675.0	1.667865
5676.0	1.643792
5677.0	1.651125
5678.0	1.623955
5679.0	1.642528
5680.0	1.667107
5681.0	1.632783
5682.0	1.616379
5683.0	1.648609
5684.0	1.663001
5685.0	1.663952
5686.0	1.635601
5687.0	1.678618
5688.0	1.662998
5689.0	1.668011
5690.0	1.655537
5691.0	1.664931
5692.0	1.683442
5693.0	1.675725
5694.0	1.66976
5695.0	1.6788
5696.0	1.66675
5697.0	1.667393
5698.0	1.656823
5699.0	1.638192
5700.0	1.636249
5701.0	1.646555
5702.0	1.652508
5703.0	1.633158
5704.0	1.684602
5705.0	1.670639
5706.0	1.651485
5707.0	1.650071
5708.0	1.666552
5709.0	1.681131
5710.0	1.668737
5711.0	1.657637
5712.0	1.714752
5713.0	1.682253
5714.0	1.680831
5715.0	1.620698
5716.0	1.600912
5717.0	1.618377
5718.0	1.661229
5719.0	1.676893
5720.0	1.69078
5721.0	1.660209
5722.0	1.669979
5723.0	1.646948
5724.0	1.661562
5725.0	1.686209
5726.0	1.685224
5727.0	1.696709
5728.0	1.652609
5729.0	1.64685
5730.0	1.644014
5731.0	1.693409
5732.0	1.676232
5733.0	1.673362
5734.0	1.714937
5735.0	1.680675
5736.0	1.676944
5737.0	1.689366
5738.0	1.637888
5739.0	1.674382
5740.0	1.668523
5741.0	1.623445
5742.0	1.65715
5743.0	1.661269
5744.0	1.656553
5745.0	1.628923
5746.0	1.642449
5747.0	1.659385
5748.0	1.642032
5749.0	1.665977
5750.0	1.649669
5751.0	1.660511
5752.0	1.704656
5753.0	1.637819
5754.0	1.656614
5755.0	1.661042
5756.0	1.663001
5757.0	1.675746
5758.0	1.650607
5759.0	1.684078
5760.0	1.667627
5761.0	1.648204
5762.0	1.653755
5763.0	1.661411
5764.0	1.654128
5765.0	1.65249
5766.0	1.620629
5767.0	1.654226
5768.0	1.682639
5769.0	1.632914
5770.0	1.625486
5771.0	1.634847
5772.0	1.623293
5773.0	1.636994
5774.0	1.628776
5775.0	1.62654
5776.0	1.641119
5777.0	1.616761
5778.0	1.611174
5779.0	1.601985
5780.0	1.624124
5781.0	1.637228
5782.0	1.630552
5783.0	1.660061
5784.0	1.670418
5785.0	1.664653
5786.0	1.637379
5787.0	1.624557
5788.0	1.626751
5789.0	1.633708
5790.0	1.627678
5791.0	1.599762
5792.0	1.597037
5793.0	1.61984
5794.0	1.599731
5795.0	1.599324
5796.0	1.624587
5797.0	1.577334
5798.0	1.621585
5799.0	1.624809
5800.0	1.607268
5801.0	1.604036
5802.0	1.618289
5803.0	1.625368
5804.0	1.634813
5805.0	1.564359
5806.0	1.516245
5807.0	1.541753
5808.0	1.555367
5809.0	1.55959
5810.0	1.556298
5811.0	1.547854
5812.0	1.580583
5813.0	1.54144
5814.0	1.509814
5815.0	1.526589
5816.0	1.521235
5817.0	1.520977
5818.0	1.500826
5819.0	1.497928
5820.0	1.520806
5821.0	1.486685
5822.0	1.481809
5823.0	1.440962
5824.0	1.45574
5825.0	1.471416
5826.0	1.435493
5827.0	1.415853
5828.0	1.432879
5829.0	1.404308
5830.0	1.395385
5831.0	1.427773
5832.0	1.389302
5833.0	1.411528
5834.0	1.374117
5835.0	1.394909
5836.0	1.339023
5837.0	1.306372
5838.0	1.310001
5839.0	1.346827
5840.0	1.359598
5841.0	1.356412
5842.0	1.32465
5843.0	1.306807
5844.0	1.303535
5845.0	1.309945
5846.0	1.283112
5847.0	1.28674
5848.0	1.269975
5849.0	1.284882
5850.0	1.29056
5851.0	1.279795
5852.0	1.252992
5853.0	1.262123
5854.0	1.324689
5855.0	1.27968
5856.0	1.286703
5857.0	1.273648
5858.0	1.23261
5859.0	1.220092
5860.0	1.266611
5861.0	1.274639
5862.0	1.274596
5863.0	1.28731
5864.0	1.267684
5865.0	1.266789
5866.0	1.250055
5867.0	1.26465
5868.0	1.283319
5869.0	1.283719
5870.0	1.25775
5871.0	1.273223
5872.0	1.237322
5873.0	1.248622
5874.0	1.230573
5875.0	1.250119
5876.0	1.253282
5877.0	1.21657
5878.0	1.297303
5879.0	1.225106
5880.0	1.257505
5881.0	1.270132
5882.0	1.270612
5883.0	1.245166
5884.0	1.275628
5885.0	1.256289
5886.0	1.242608
5887.0	1.245957
5888.0	1.178093
5889.0	1.069726
5890.0	1.064683
5891.0	1.176797
5892.0	1.267859
5893.0	1.248254
5894.0	1.184024
5895.0	1.117978
5896.0	1.105195
5897.0	1.180104
5898.0	1.251762
5899.0	1.262185
5900.0	1.233221
5901.0	1.248572
5902.0	1.279135
5903.0	1.295042
5904.0	1.313213
5905.0	1.31152
5906.0	1.312507
5907.0	1.295808
5908.0	1.357428
5909.0	1.351812
5910.0	1.349718
5911.0	1.342822
5912.0	1.381502
5913.0	1.356112
5914.0	1.363105
5915.0	1.390866
5916.0	1.383915
5917.0	1.440169
5918.0	1.353229
5919.0	1.369026
5920.0	1.408017
5921.0	1.404359
5922.0	1.414017
5923.0	1.40284
5924.0	1.430726
5925.0	1.405452
5926.0	1.407216
5927.0	1.444164
5928.0	1.437647
5929.0	1.438955
5930.0	1.424457
5931.0	1.466617
5932.0	1.443902
5933.0	1.406788
5934.0	1.40048
5935.0	1.449414
5936.0	1.47642
5937.0	1.454998
5938.0	1.470101
5939.0	1.486819
5940.0	1.442887
5941.0	1.494638
5942.0	1.489243
5943.0	1.477831
5944.0	1.47035
5945.0	1.502505
5946.0	1.511636
5947.0	1.483015
5948.0	1.545173
5949.0	1.5233
5950.0	1.492218
5951.0	1.493967
5952.0	1.537817
5953.0	1.517126
5954.0	1.51614
5955.0	1.529756
5956.0	1.540318
5957.0	1.54516
5958.0	1.521527
5959.0	1.538904
5960.0	1.500146
5961.0	1.507683
5962.0	1.553503
5963.0	1.554669
5964.0	1.545012
5965.0	1.548306
5966.0	1.552893
5967.0	1.563965
5968.0	1.554872
5969.0	1.587016
5970.0	1.549317
5971.0	1.538218
5972.0	1.488448
5973.0	1.547355
5974.0	1.572548
5975.0	1.569253
5976.0	1.570179
5977.0	1.573782
5978.0	1.568455
5979.0	1.569853
5980.0	1.579254
5981.0	1.5868
5982.0	1.607082
5983.0	1.600872
5984.0	1.59417
5985.0	1.615091
5986.0	1.564482
5987.0	1.55555
5988.0	1.614759
5989.0	1.614749
5990.0	1.61907
5991.0	1.608258
5992.0	1.604954
5993.0	1.601495
5994.0	1.586618
5995.0	1.598823
5996.0	1.608303
5997.0	1.592613
5998.0	1.593972
5999.0	1.620347
6000.0	1.640618
6001.0	1.623522
6002.0	1.659195
6003.0	1.633688
6004.0	1.610833
6005.0	1.644672
6006.0	1.650935
6007.0	1.625513
6008.0	1.591078
6009.0	1.596362
6010.0	1.548741
6011.0	1.549151
6012.0	1.577981
6013.0	1.626355
6014.0	1.638391
6015.0	1.618929
6016.0	1.590998
6017.0	1.585491
6018.0	1.59526
6019.0	1.62447
6020.0	1.630071
6021.0	1.658512
6022.0	1.618507
6023.0	1.652681
6024.0	1.672485
6025.0	1.642457
6026.0	1.628204
6027.0	1.654887
6028.0	1.648816
6029.0	1.646051
6030.0	1.63355
6031.0	1.6699
6032.0	1.626506
6033.0	1.647084
6034.0	1.662984
6035.0	1.653985
6036.0	1.64175
6037.0	1.66751
6038.0	1.645715
6039.0	1.668094
6040.0	1.67135
6041.0	1.641906
6042.0	1.631964
6043.0	1.668432
6044.0	1.687134
6045.0	1.672055
6046.0	1.643905
6047.0	1.657304
6048.0	1.664313
6049.0	1.670753
6050.0	1.71365
6051.0	1.689551
6052.0	1.661212
6053.0	1.650604
6054.0	1.702856
6055.0	1.690135
6056.0	1.681694
6057.0	1.685691
6058.0	1.701396
6059.0	1.721464
6060.0	1.719106
6061.0	1.704717
6062.0	1.710068
6063.0	1.650532
6064.0	1.681944
6065.0	1.705524
6066.0	1.67699
6067.0	1.663788
6068.0	1.706045
6069.0	1.731227
6070.0	1.680385
6071.0	1.68523
6072.0	1.685046
6073.0	1.684218
6074.0	1.708896
6075.0	1.683167
6076.0	1.697173
6077.0	1.740341
6078.0	1.70026
6079.0	1.726929
6080.0	1.698085
6081.0	1.674275
6082.0	1.655964
6083.0	1.688247
6084.0	1.688849
6085.0	1.697758
6086.0	1.720124
6087.0	1.724104
6088.0	1.743847
6089.0	1.69408
6090.0	1.722988
6091.0	1.718652
6092.0	1.680744
6093.0	1.683921
6094.0	1.681422
6095.0	1.671121
6096.0	1.702419
6097.0	1.673068
6098.0	1.645071
6099.0	1.642377
6100.0	1.689946
6101.0	1.67608
6102.0	1.654835
6103.0	1.634517
6104.0	1.656368
6105.0	1.664105
6106.0	1.656807
6107.0	1.693811
6108.0	1.649704
6109.0	1.685968
6110.0	1.693171
6111.0	1.699859
6112.0	1.663882
6113.0	1.679327
6114.0	1.627067
6115.0	1.630371
6116.0	1.635758
6117.0	1.634211
6118.0	1.632725
6119.0	1.634863
6120.0	1.627993
6121.0	1.638205
6122.0	1.598839
6123.0	1.633682
6124.0	1.616967
6125.0	1.6012
6126.0	1.652464
6127.0	1.636908
6128.0	1.608468
6129.0	1.602987
6130.0	1.588269
6131.0	1.599126
6132.0	1.613032
6133.0	1.560647
6134.0	1.591305
6135.0	1.593997
6136.0	1.556113
6137.0	1.519934
6138.0	1.564423
6139.0	1.558038
6140.0	1.574206
6141.0	1.559624
6142.0	1.499722
6143.0	1.48791
6144.0	1.502424
6145.0	1.515524
6146.0	1.502321
6147.0	1.497563
6148.0	1.475684
6149.0	1.502121
6150.0	1.465923
6151.0	1.474612
6152.0	1.44393
6153.0	1.407769
6154.0	1.380649
6155.0	1.388338
6156.0	1.384018
6157.0	1.385466
6158.0	1.345647
6159.0	1.338333
6160.0	1.329082
6161.0	1.315528
6162.0	1.284658
6163.0	1.241885
6164.0	1.243651
6165.0	1.248599
6166.0	1.178836
6167.0	1.154823
6168.0	1.166383
6169.0	1.127378
6170.0	1.102808
6171.0	1.111983
6172.0	1.116903
6173.0	1.103709
6174.0	1.06561
6175.0	1.045545
6176.0	1.010516
6177.0	1.011988
6178.0	1.008913
6179.0	0.9843431
6180.0	0.9966946
6181.0	0.9803609
6182.0	0.9667744
6183.0	0.9341017
6184.0	0.913928
6185.0	0.9304132
6186.0	0.9325206
6187.0	0.9229321
6188.0	0.8961966
6189.0	0.8596537
6190.0	0.8456658
6191.0	0.854775
6192.0	0.8493528
6193.0	0.8403059
6194.0	0.8131483
6195.0	0.7915057
6196.0	0.7817279
6197.0	0.7811923
6198.0	0.7663027
6199.0	0.7422622
6200.0	0.7455674
6201.0	0.782355
6202.0	0.7184539
6203.0	0.7064275
6204.0	0.7086297
6205.0	0.7071077
6206.0	0.6894432
6207.0	0.6749117
6208.0	0.6571508
6209.0	0.6369951
6210.0	0.6571965
6211.0	0.6667525
6212.0	0.6507686
6213.0	0.6258844
6214.0	0.6484821
6215.0	0.6310437
6216.0	0.6285055
6217.0	0.614566
6218.0	0.5970396
6219.0	0.6187122
6220.0	0.5994356
6221.0	0.604627
6222.0	0.5804624
6223.0	0.567341
6224.0	0.5914233
6225.0	0.6042032
6226.0	0.5796326
6227.0	0.5793196
6228.0	0.5521173
6229.0	0.5852388
6230.0	0.5626525
6231.0	0.5691604
6232.0	0.5656999
6233.0	0.5621545
6234.0	0.5806965
6235.0	0.5612943
6236.0	0.5725497
6237.0	0.5527896
6238.0	0.5569516
6239.0	0.5605789
6240.0	0.5732638
6241.0	0.5748806
6242.0	0.5398038
6243.0	0.5546563
6244.0	0.5454491
6245.0	0.5445434
6246.0	0.5878996
6247.0	0.5582401
6248.0	0.5498445
6249.0	0.604587
6250.0	0.5819756
6251.0	0.5788831
6252.0	0.5723603
6253.0	0.5840601
6254.0	0.5990975
6255.0	0.5875178
6256.0	0.5954518
6257.0	0.5883446
6258.0	0.6260442
6259.0	0.5789816
6260.0	0.6046312
6261.0	0.6277218
6262.0	0.5952271
6263.0	0.6145028
6264.0	0.6053055
6265.0	0.5999971
6266.0	0.6068108
6267.0	0.6046859
6268.0	0.6336929
6269.0	0.6566483
6270.0	0.6167805
6271.0	0.6455544
6272.0	0.6561831
6273.0	0.6672255
6274.0	0.6791825
6275.0	0.6578794
6276.0	0.68057
6277.0	0.6634937
6278.0	0.6920763
6279.0	0.6544747
6280.0	0.6559706
6281.0	0.6731023
6282.0	0.6723233
6283.0	0.7020801
6284.0	0.7114156
6285.0	0.7026545
6286.0	0.7124568
6287.0	0.7371228
6288.0	0.7543761
6289.0	0.7489507
6290.0	0.7516488
6291.0	0.7842614
6292.0	0.7740331
6293.0	0.7673451
6294.0	0.814078
6295.0	0.8258938
6296.0	0.8275257
6297.0	0.8320156
6298.0	0.8213207
6299.0	0.8417514
6300.0	0.8403252
6301.0	0.8812695
6302.0	0.904514
6303.0	0.882143
6304.0	0.8862671
6305.0	0.915765
6306.0	0.9062738
6307.0	0.9274441
6308.0	0.9399556
6309.0	0.9416333
6310.0	0.9380241
6311.0	0.9630439
6312.0	0.953046
6313.0	0.992719
6314.0	1.027004
6315.0	0.9998409
6316.0	1.019382
6317.0	1.00181
6318.0	1.022795
6319.0	1.066867
6320.0	1.063572
6321.0	1.087646
6322.0	1.082724
6323.0	1.105243
6324.0	1.100743
6325.0	1.137782
6326.0	1.164655
6327.0	1.169073
6328.0	1.126586
6329.0	1.166877
6330.0	1.181556
6331.0	1.203055
6332.0	1.205988
6333.0	1.215727
6334.0	1.196367
6335.0	1.221091
6336.0	1.215554
6337.0	1.238268
6338.0	1.259539
6339.0	1.286933
6340.0	1.309802
6341.0	1.262959
6342.0	1.261383
6343.0	1.303886
6344.0	1.335908
6345.0	1.295972
6346.0	1.322441
6347.0	1.336476
6348.0	1.334318
6349.0	1.358739
6350.0	1.356413
6351.0	1.368999
6352.0	1.359196
6353.0	1.33796
6354.0	1.355854
6355.0	1.384157
6356.0	1.401601
6357.0	1.408514
6358.0	1.3937
6359.0	1.399335
6360.0	1.385857
6361.0	1.405928
6362.0	1.437656
6363.0	1.420611
6364.0	1.416633
6365.0	1.413923
6366.0	1.446803
6367.0	1.465623
6368.0	1.484659
6369.0	1.496742
6370.0	1.481412
6371.0	1.499402
6372.0	1.493952
6373.0	1.473022
6374.0	1.470729
6375.0	1.524465
6376.0	1.525887
6377.0	1.523107
6378.0	1.536637
6379.0	1.530538
6380.0	1.542267
6381.0	1.528769
6382.0	1.507911
6383.0	1.550622
6384.0	1.546702
6385.0	1.559695
6386.0	1.580435
6387.0	1.568038
6388.0	1.57849
6389.0	1.588781
6390.0	1.598697
6391.0	1.617302
6392.0	1.655314
6393.0	1.629942
6394.0	1.637411
6395.0	1.629942
6396.0	1.614884
6397.0	1.639289
6398.0	1.686853
6399.0	1.654778
6400.0	1.649111
6401.0	1.681886
6402.0	1.685894
6403.0	1.687967
6404.0	1.696925
6405.0	1.698939
6406.0	1.691612
6407.0	1.718171
6408.0	1.68492
6409.0	1.671097
6410.0	1.689238
6411.0	1.69479
6412.0	1.691412
6413.0	1.704923
6414.0	1.709117
6415.0	1.7008
6416.0	1.663054
6417.0	1.713007
6418.0	1.765779
6419.0	1.720713
6420.0	1.715957
6421.0	1.744642
6422.0	1.717864
6423.0	1.775879
6424.0	1.76103
6425.0	1.746543
6426.0	1.743229
6427.0	1.767112
6428.0	1.756735
6429.0	1.739959
6430.0	1.762536
6431.0	1.758609
6432.0	1.728537
6433.0	1.721179
6434.0	1.754508
6435.0	1.768331
6436.0	1.726867
6437.0	1.723415
6438.0	1.76377
6439.0	1.76208
6440.0	1.739044
6441.0	1.747347
6442.0	1.750147
6443.0	1.741175
6444.0	1.74049
6445.0	1.737812
6446.0	1.744734
6447.0	1.750571
6448.0	1.72524
6449.0	1.73484
6450.0	1.76485
6451.0	1.744519
6452.0	1.722218
6453.0	1.737164
6454.0	1.692189
6455.0	1.706125
6456.0	1.699307
6457.0	1.723784
6458.0	1.714527
6459.0	1.728469
6460.0	1.738506
6461.0	1.728069
6462.0	1.749649
6463.0	1.718457
6464.0	1.719498
6465.0	1.734886
6466.0	1.702594
6467.0	1.736016
6468.0	1.708311
6469.0	1.70662
6470.0	1.700502
6471.0	1.751114
6472.0	1.717664
6473.0	1.656021
6474.0	1.690926
6475.0	1.714295
6476.0	1.719582
6477.0	1.707219
6478.0	1.709999
6479.0	1.710514
6480.0	1.714663
6481.0	1.696131
6482.0	1.704237
6483.0	1.707287
6484.0	1.69374
6485.0	1.69263
6486.0	1.711501
6487.0	1.691967
6488.0	1.675598
6489.0	1.692874
6490.0	1.706206
6491.0	1.718475
6492.0	1.706528
6493.0	1.696889
6494.0	1.70084
6495.0	1.711902
6496.0	1.672915
6497.0	1.681406
6498.0	1.688105
6499.0	1.69659
6500.0	1.690971
6501.0	1.696194
6502.0	1.70713
6503.0	1.729471
6504.0	1.736397
6505.0	1.720033
6506.0	1.708192
6507.0	1.705351
6508.0	1.673523
6509.0	1.711777
6510.0	1.704827
6511.0	1.69755
6512.0	1.668753
6513.0	1.726997
6514.0	1.717899
6515.0	1.695697
6516.0	1.710954
6517.0	1.696939
6518.0	1.680852
6519.0	1.722961
6520.0	1.68854
6521.0	1.718326
6522.0	1.695911
6523.0	1.71542
6524.0	1.714229
6525.0	1.680856
6526.0	1.684993
6527.0	1.689891
6528.0	1.649209
6529.0	1.6603
6530.0	1.682706
6531.0	1.687332
6532.0	1.6958
6533.0	1.677024
6534.0	1.652973
6535.0	1.652963
6536.0	1.678534
6537.0	1.645042
6538.0	1.624982
6539.0	1.657016
6540.0	1.666108
6541.0	1.628314
6542.0	1.62825
6543.0	1.67319
6544.0	1.607549
6545.0	1.609092
6546.0	1.665585
6547.0	1.667592
6548.0	1.642673
6549.0	1.654849
6550.0	1.630373
6551.0	1.634848
6552.0	1.668836
6553.0	1.658756
6554.0	1.599812
6555.0	1.615476
6556.0	1.590083
6557.0	1.576427
6558.0	1.608974
6559.0	1.605726
6560.0	1.609985
6561.0	1.635957
6562.0	1.617042
6563.0	1.608563
6564.0	1.592262
6565.0	1.606661
6566.0	1.630799
6567.0	1.587439
6568.0	1.606696
6569.0	1.585217
6570.0	1.594067
6571.0	1.5836
6572.0	1.573512
6573.0	1.641509
6574.0	1.558631
6575.0	1.589484
6576.0	1.562377
6577.0	1.550931
6578.0	1.589703
6579.0	1.549796
6580.0	1.572124
6581.0	1.520343
6582.0	1.485532
6583.0	1.541199
6584.0	1.578076
6585.0	1.542077
6586.0	1.543616
6587.0	1.542836
6588.0	1.530213
6589.0	1.520698
6590.0	1.51873
6591.0	1.524426
6592.0	1.526191
6593.0	1.53429
6594.0	1.565508
6595.0	1.511138
6596.0	1.487998
6597.0	1.518357
6598.0	1.49112
6599.0	1.525055
6600.0	1.548654
6601.0	1.515741
6602.0	1.521851
6603.0	1.493793
6604.0	1.529926
6605.0	1.482175
6606.0	1.460366
6607.0	1.496781
6608.0	1.500691
6609.0	1.485516
6610.0	1.50896
6611.0	1.525204
6612.0	1.499032
6613.0	1.510783
6614.0	1.502863
6615.0	1.495593
6616.0	1.466953
6617.0	1.454953
6618.0	1.498419
6619.0	1.460599
6620.0	1.474214
6621.0	1.472602
6622.0	1.507955
6623.0	1.461485
6624.0	1.468371
6625.0	1.506049
6626.0	1.465254
6627.0	1.476517
6628.0	1.490811
6629.0	1.440201
6630.0	1.455278
6631.0	1.487258
6632.0	1.498589
6633.0	1.489297
6634.0	1.482068
6635.0	1.472237
6636.0	1.47479
6637.0	1.466299
6638.0	1.460108
6639.0	1.439408
6640.0	1.453722
6641.0	1.440532
6642.0	1.463926
6643.0	1.44942
6644.0	1.459473
6645.0	1.44482
6646.0	1.419636
6647.0	1.444461
6648.0	1.433253
6649.0	1.453698
6650.0	1.483444
6651.0	1.438709
6652.0	1.436773
6653.0	1.429331
6654.0	1.430198
6655.0	1.433262
6656.0	1.419956
6657.0	1.426877
6658.0	1.436845
6659.0	1.473902
6660.0	1.448486
6661.0	1.444742
6662.0	1.42491
6663.0	1.426372
6664.0	1.432306
6665.0	1.43555
6666.0	1.449783
6667.0	1.454484
6668.0	1.410106
6669.0	1.443251
6670.0	1.433422
6671.0	1.390545
6672.0	1.399637
6673.0	1.429929
6674.0	1.426636
6675.0	1.433942
6676.0	1.408736
6677.0	1.418436
6678.0	1.409745
6679.0	1.416006
6680.0	1.436411
6681.0	1.421747
6682.0	1.401886
6683.0	1.38608
6684.0	1.410612
6685.0	1.411933
6686.0	1.386067
6687.0	1.384135
6688.0	1.392907
6689.0	1.418393
6690.0	1.378848
6691.0	1.430192
6692.0	1.407576
6693.0	1.413902
6694.0	1.412315
6695.0	1.429025
6696.0	1.421628
6697.0	1.385228
6698.0	1.364867
6699.0	1.363964
6700.0	1.367841
6701.0	1.420586
6702.0	1.407152
6703.0	1.395923
6704.0	1.373979
6705.0	1.35297
6706.0	1.422235
6707.0	1.415542
6708.0	1.390229
6709.0	1.370462
6710.0	1.407791
6711.0	1.387943
6712.0	1.357229
6713.0	1.389858
6714.0	1.384796
6715.0	1.379162
6716.0	1.359608
6717.0	1.360973
6718.0	1.356763
6719.0	1.382883
6720.0	1.382478
6721.0	1.362673
6722.0	1.396374
6723.0	1.360719
6724.0	1.358281
6725.0	1.394199
6726.0	1.393591
6727.0	1.359603
6728.0	1.368731
6729.0	1.365596
6730.0	1.370829
6731.0	1.352494
6732.0	1.365733
6733.0	1.359298
6734.0	1.300052
6735.0	1.322927
6736.0	1.336352
6737.0	1.364793
6738.0	1.359068
6739.0	1.333537
6740.0	1.377273
6741.0	1.35791
6742.0	1.368128
6743.0	1.345399
6744.0	1.295846
6745.0	1.303708
6746.0	1.337737
6747.0	1.3471
6748.0	1.324502
6749.0	1.330406
6750.0	1.318434
6751.0	1.330699
6752.0	1.349842
6753.0	1.338317
6754.0	1.334949
6755.0	1.334097
6756.0	1.32483
6757.0	1.318349
6758.0	1.310138
6759.0	1.311813
6760.0	1.334944
6761.0	1.316074
6762.0	1.301714
6763.0	1.298685
6764.0	1.318143
6765.0	1.29003
6766.0	1.307504
6767.0	1.308709
6768.0	1.321705
6769.0	1.339669
6770.0	1.343137
6771.0	1.319125
6772.0	1.301041
6773.0	1.308714
6774.0	1.303014
6775.0	1.312187
6776.0	1.314343
6777.0	1.322096
6778.0	1.314445
6779.0	1.284818
6780.0	1.322913
6781.0	1.321641
6782.0	1.309979
6783.0	1.268201
6784.0	1.269426
6785.0	1.292631
6786.0	1.291489
6787.0	1.25474
6788.0	1.28528
6789.0	1.289446
6790.0	1.285143
6791.0	1.281833
6792.0	1.276121
6793.0	1.283411
6794.0	1.272395
6795.0	1.248443
6796.0	1.253907
6797.0	1.288647
6798.0	1.296673
6799.0	1.285641
6800.0	1.274961
6801.0	1.299042
6802.0	1.272807
6803.0	1.288617
6804.0	1.29794
6805.0	1.295985
6806.0	1.314307
6807.0	1.29407
6808.0	1.286827
6809.0	1.283701
6810.0	1.257105
6811.0	1.256634
6812.0	1.270437
6813.0	1.257788
6814.0	1.285946
6815.0	1.278832
6816.0	1.269594
6817.0	1.241454
6818.0	1.250107
6819.0	1.296384
6820.0	1.254772
6821.0	1.252197
6822.0	1.265558
6823.0	1.257056
6824.0	1.277334
6825.0	1.266239
6826.0	1.288313
6827.0	1.253746
6828.0	1.257306
6829.0	1.209589
6830.0	1.249246
6831.0	1.278075
6832.0	1.283196
6833.0	1.252887
6834.0	1.227633
6835.0	1.236331
6836.0	1.242405
6837.0	1.270841
6838.0	1.291666
6839.0	1.264581
6840.0	1.252816
6841.0	1.236364
6842.0	1.215391
6843.0	1.222292
6844.0	1.203786
6845.0	1.208791
6846.0	1.236631
6847.0	1.220591
6848.0	1.191304
6849.0	1.223172
6850.0	1.209023
6851.0	1.232862
6852.0	1.252394
6853.0	1.242235
6854.0	1.189834
6855.0	1.219298
6856.0	1.19734
6857.0	1.171593
6858.0	1.217331
6859.0	1.226854
6860.0	1.215312
6861.0	1.20345
6862.0	1.221425
6863.0	1.210801
6864.0	1.202986
6865.0	1.188925
6866.0	1.185885
6867.0	1.247745
6868.0	1.210428
6869.0	1.150509
6870.0	1.051383
6871.0	1.059024
6872.0	1.087138
6873.0	1.114643
6874.0	1.085894
6875.0	1.127475
6876.0	1.09719
6877.0	1.09711
6878.0	1.111177
6879.0	1.156366
6880.0	1.126435
6881.0	1.125506
6882.0	1.148506
6883.0	1.145089
6884.0	1.157101
6885.0	1.180275
6886.0	1.19273
6887.0	1.132741
6888.0	1.094901
6889.0	1.086685
6890.0	1.083354
6891.0	1.111172
6892.0	1.117592
6893.0	1.115329
6894.0	1.098546
6895.0	1.08598
6896.0	1.107873
6897.0	1.119173
6898.0	1.084583
6899.0	1.090311
6900.0	1.147891
6901.0	1.120243
6902.0	1.098173
6903.0	1.146086
6904.0	1.136831
6905.0	1.136479
6906.0	1.103014
6907.0	1.076033
6908.0	1.07145
6909.0	1.094031
6910.0	1.10352
6911.0	1.09911
6912.0	1.121848
6913.0	1.126703
6914.0	1.095999
6915.0	1.044638
6916.0	1.058109
6917.0	1.106702
6918.0	1.128501
6919.0	1.134846
6920.0	1.125468
6921.0	1.127056
6922.0	1.102486
6923.0	1.133282
6924.0	1.136902
6925.0	1.146282
6926.0	1.086306
6927.0	1.11971
6928.0	1.141493
6929.0	1.166117
6930.0	1.132179
6931.0	1.119867
6932.0	1.131459
6933.0	1.140261
6934.0	1.148853
6935.0	1.143812
6936.0	1.148433
6937.0	1.133279
6938.0	1.158409
6939.0	1.125357
6940.0	1.132101
6941.0	1.136872
6942.0	1.136932
6943.0	1.105299
6944.0	1.136271
6945.0	1.166249
6946.0	1.163003
6947.0	1.135638
6948.0	1.124316
6949.0	1.152196
6950.0	1.12858
6951.0	1.141091
6952.0	1.135226
6953.0	1.125838
6954.0	1.136963
6955.0	1.121088
6956.0	1.141986
6957.0	1.141747
6958.0	1.11677
6959.0	1.140861
6960.0	1.140751
6961.0	1.164848
6962.0	1.118693
6963.0	1.121136
6964.0	1.107495
6965.0	1.122403
6966.0	1.144489
6967.0	1.118634
6968.0	1.121143
6969.0	1.120771
6970.0	1.169694
6971.0	1.157783
6972.0	1.140253
6973.0	1.169634
6974.0	1.16706
6975.0	1.103746
6976.0	1.121289
6977.0	1.1449
6978.0	1.132348
6979.0	1.175936
6980.0	1.134676
6981.0	1.108903
6982.0	1.132491
6983.0	1.154648
6984.0	1.138883
6985.0	1.126349
6986.0	1.094926
6987.0	1.130906
6988.0	1.162106
6989.0	1.140692
6990.0	1.155347
6991.0	1.152367
6992.0	1.154452
6993.0	1.161625
6994.0	1.148201
6995.0	1.136594
6996.0	1.111799
6997.0	1.075059
6998.0	1.128214
6999.0	1.126001
7000.0	1.096867
7001.0	1.093512
7002.0	1.152901
7003.0	1.12039
7004.0	1.117221
7005.0	1.094079
7006.0	1.120086
7007.0	1.09547
7008.0	1.118018
7009.0	1.11198
7010.0	1.081529
7011.0	1.093897
7012.0	1.077342
7013.0	1.076855
7014.0	1.078487
7015.0	1.101056
7016.0	1.089899
7017.0	1.111761
7018.0	1.098746
7019.0	1.089931
7020.0	1.097662
7021.0	1.093188
7022.0	1.042952
7023.0	1.060431
7024.0	1.120501
7025.0	1.117999
7026.0	1.089444
7027.0	1.106919
7028.0	1.1055
7029.0	1.07385
7030.0	1.08718
7031.0	1.083
7032.0	1.079407
7033.0	1.095052
7034.0	1.085902
7035.0	1.118517
7036.0	1.068635
7037.0	1.058093
7038.0	1.096527
7039.0	1.093054
7040.0	1.066865
7041.0	1.042105
7042.0	1.059291
7043.0	1.066043
7044.0	1.05801
7045.0	1.065911
7046.0	1.062874
7047.0	1.053923
7048.0	1.034364
7049.0	1.044381
7050.0	1.037077
7051.0	1.078865
7052.0	1.089087
7053.0	1.062151
7054.0	1.057575
7055.0	1.067875
7056.0	1.048752
7057.0	1.030706
7058.0	1.06972
7059.0	1.070147
7060.0	1.046178
