#	 asassn16dn 
#	 UT date of observation: 20160402 
#	 Telescope/Instrument: FLWO1.5m/FAST 
#	 Estimated Peak MJD: 57489.852 
#	 Estimated redshift: 0.013 
#	 Estimated Phase: -9.7 
#	 Published in Dettman et al. 2020 
#	 Observed barycentric wavelength (Angstroms)    F_lambda
3477.3918457	5.21848e-15
3478.86289513	6.573256e-15
3480.33394456	6.538897e-15
3481.80499399	8.251556e-15
3483.27604342	7.187976e-15
3484.74709284	7.755717e-15
3486.21814227	5.41333e-15
3487.6891917	6.449377e-15
3489.16024113	5.705399e-15
3490.63129055	5.802803e-15
3492.10233998	6.976423e-15
3493.57338941	5.496163e-15
3495.04443884	6.231625e-15
3496.51548827	7.241094e-15
3497.98653769	6.714804e-15
3499.45758712	5.483294e-15
3500.92863655	7.004734e-15
3502.39968598	7.112481e-15
3503.87073541	6.387257e-15
3505.34178483	6.875339e-15
3506.81283426	6.267473e-15
3508.28388369	7.813555e-15
3509.75493312	6.791166e-15
3511.22598255	8.582614e-15
3512.69703197	6.092138e-15
3514.1680814	6.458626e-15
3515.63913083	5.690576e-15
3517.11018026	8.205407e-15
3518.58122969	7.52414e-15
3520.05227911	5.933391e-15
3521.52332854	6.458065e-15
3522.99437797	6.862386e-15
3524.4654274	4.385457e-15
3525.93647683	4.524842e-15
3527.40752625	8.027257e-15
3528.87857568	6.956661e-15
3530.34962511	6.497298e-15
3531.82067454	6.918759e-15
3533.29172397	7.203794e-15
3534.76277339	5.872128e-15
3536.23382282	7.225337e-15
3537.70487225	5.735202e-15
3539.17592168	4.951825e-15
3540.64697111	6.738049e-15
3542.11802053	7.323092e-15
3543.58906996	6.388984e-15
3545.06011939	7.001269e-15
3546.53116882	5.246269e-15
3548.00221825	6.644833e-15
3549.47326767	7.603667e-15
3550.9443171	6.716294e-15
3552.41536653	7.338918e-15
3553.88641596	5.647612e-15
3555.35746539	6.468696e-15
3556.82851481	6.771302e-15
3558.29956424	6.335415e-15
3559.77061367	5.587369e-15
3561.2416631	5.999159e-15
3562.71271253	7.384337e-15
3564.18376195	6.150037e-15
3565.65481138	7.480549e-15
3567.12586081	6.673965e-15
3568.59691024	7.043231e-15
3570.06795967	7.311084e-15
3571.53900909	7.553696e-15
3573.01005852	6.991421e-15
3574.48110795	7.464462e-15
3575.95215738	6.328048e-15
3577.42320681	6.64389e-15
3578.89425623	6.987912e-15
3580.36530566	7.581067e-15
3581.83635509	7.484043e-15
3583.30740452	7.851264e-15
3584.77845395	7.665128e-15
3586.24950337	6.793369e-15
3587.7205528	6.199629e-15
3589.19160223	6.23459e-15
3590.66265166	7.307507e-15
3592.13370109	6.864067e-15
3593.60475051	7.441075e-15
3595.07579994	7.506481e-15
3596.54684937	7.411157e-15
3598.0178988	6.107397e-15
3599.48894823	7.215167e-15
3600.95999765	6.713962e-15
3602.43104708	6.588894e-15
3603.90209651	6.80835e-15
3605.37314594	6.620667e-15
3606.84419537	6.69072e-15
3608.31524479	6.899283e-15
3609.78629422	6.631744e-15
3611.25734365	6.812872e-15
3612.72839308	7.09657e-15
3614.19944251	6.962145e-15
3615.67049193	8.180251e-15
3617.14154136	7.620405e-15
3618.61259079	7.072037e-15
3620.08364022	7.139606e-15
3621.55468965	6.998471e-15
3623.02573907	7.547262e-15
3624.4967885	7.202112e-15
3625.96783793	6.559592e-15
3627.43888736	7.47443e-15
3628.90993679	7.200802e-15
3630.38098621	6.177686e-15
3631.85203564	7.007731e-15
3633.32308507	6.976011e-15
3634.7941345	7.542349e-15
3636.26518393	6.9066e-15
3637.73623335	5.555946e-15
3639.20728278	6.987253e-15
3640.67833221	6.725101e-15
3642.14938164	7.056458e-15
3643.62043107	7.313086e-15
3645.09148049	6.256622e-15
3646.56252992	6.665193e-15
3648.03357935	5.593854e-15
3649.50462878	5.68305e-15
3650.97567821	6.887752e-15
3652.44672763	6.892793e-15
3653.91777706	6.98634e-15
3655.38882649	6.819463e-15
3656.85987592	6.972101e-15
3658.33092535	5.942059e-15
3659.80197477	6.954721e-15
3661.2730242	6.107641e-15
3662.74407363	6.689335e-15
3664.21512306	7.163993e-15
3665.68617249	6.668097e-15
3667.15722191	7.013307e-15
3668.62827134	5.744625e-15
3670.09932077	5.47749e-15
3671.5703702	6.460404e-15
3673.04141963	6.283066e-15
3674.51246905	5.793386e-15
3675.98351848	6.225813e-15
3677.45456791	6.315923e-15
3678.92561734	5.736495e-15
3680.39666677	4.89107e-15
3681.86771619	6.074077e-15
3683.33876562	5.239575e-15
3684.80981505	4.907163e-15
3686.28086448	4.829704e-15
3687.75191391	4.521115e-15
3689.22296333	5.151559e-15
3690.69401276	5.40112e-15
3692.16506219	5.17029e-15
3693.63611162	4.50226e-15
3695.10716105	4.994382e-15
3696.57821047	4.61812e-15
3698.0492599	5.2032e-15
3699.52030933	4.446644e-15
3700.99135876	4.153938e-15
3702.46240819	4.785385e-15
3703.93345761	4.706042e-15
3705.40450704	4.227095e-15
3706.87555647	3.974578e-15
3708.3466059	3.968864e-15
3709.81765532	3.81869e-15
3711.28870475	3.987739e-15
3712.75975418	3.749013e-15
3714.23080361	4.00018e-15
3715.70185304	3.450106e-15
3717.17290246	3.505239e-15
3718.64395189	3.268856e-15
3720.11500132	3.465746e-15
3721.58605075	4.332644e-15
3723.05710018	3.648462e-15
3724.5281496	3.313967e-15
3725.99919903	3.651328e-15
3727.47024846	3.243745e-15
3728.94129789	2.764822e-15
3730.41234732	3.05135e-15
3731.88339674	2.927456e-15
3733.35444617	2.869265e-15
3734.8254956	2.983797e-15
3736.29654503	3.205688e-15
3737.76759446	3.443358e-15
3739.23864388	2.561697e-15
3740.70969331	2.943933e-15
3742.18074274	3.102669e-15
3743.65179217	2.905086e-15
3745.1228416	3.734131e-15
3746.59389102	2.685651e-15
3748.06494045	2.999225e-15
3749.53598988	2.836707e-15
3751.00703931	2.350936e-15
3752.47808874	2.689469e-15
3753.94913816	3.298173e-15
3755.42018759	3.128848e-15
3756.89123702	2.376789e-15
3758.36228645	2.882412e-15
3759.83333588	3.382361e-15
3761.3043853	2.900191e-15
3762.77543473	3.006995e-15
3764.24648416	2.688562e-15
3765.71753359	2.992641e-15
3767.18858302	2.763913e-15
3768.65963244	2.854621e-15
3770.13068187	3.079107e-15
3771.6017313	2.583187e-15
3773.07278073	3.494425e-15
3774.54383016	3.439182e-15
3776.01487958	2.787766e-15
3777.48592901	3.370375e-15
3778.95697844	3.287501e-15
3780.42802787	3.193412e-15
3781.8990773	3.174725e-15
3783.37012672	3.349025e-15
3784.84117615	3.789319e-15
3786.31222558	3.074218e-15
3787.78327501	2.856934e-15
3789.25432444	3.629587e-15
3790.72537386	3.656205e-15
3792.19642329	3.31446e-15
3793.66747272	3.542425e-15
3795.13852215	3.186316e-15
3796.60957158	3.810445e-15
3798.080621	3.859116e-15
3799.55167043	3.45007e-15
3801.02271986	3.524115e-15
3802.49376929	3.335021e-15
3803.96481872	3.727244e-15
3805.43586814	3.720474e-15
3806.90691757	3.56903e-15
3808.377967	3.714738e-15
3809.84901643	3.332569e-15
3811.32006586	3.799783e-15
3812.79111528	3.919352e-15
3814.26216471	3.630306e-15
3815.73321414	3.697943e-15
3817.20426357	3.610423e-15
3818.675313	3.78436e-15
3820.14636242	3.941778e-15
3821.61741185	3.957245e-15
3823.08846128	4.047662e-15
3824.55951071	3.949051e-15
3826.03056014	3.296072e-15
3827.50160956	3.336893e-15
3828.97265899	4.077855e-15
3830.44370842	3.687907e-15
3831.91475785	3.926706e-15
3833.38580728	3.70619e-15
3834.8568567	3.699331e-15
3836.32790613	3.982613e-15
3837.79895556	3.87834e-15
3839.27000499	4.155906e-15
3840.74105442	4.235319e-15
3842.21210384	4.184893e-15
3843.68315327	3.688077e-15
3845.1542027	4.061671e-15
3846.62525213	4.522087e-15
3848.09630156	3.763955e-15
3849.56735098	3.812837e-15
3851.03840041	4.214542e-15
3852.50944984	4.138244e-15
3853.98049927	3.265546e-15
3855.4515487	4.362877e-15
3856.92259812	4.121556e-15
3858.39364755	4.300199e-15
3859.86469698	4.306608e-15
3861.33574641	4.013272e-15
3862.80679584	4.352804e-15
3864.27784526	4.5641e-15
3865.74889469	4.131044e-15
3867.21994412	4.373802e-15
3868.69099355	4.376807e-15
3870.16204298	4.576589e-15
3871.6330924	4.549421e-15
3873.10414183	4.418697e-15
3874.57519126	4.639381e-15
3876.04624069	5.076564e-15
3877.51729012	4.375643e-15
3878.98833954	4.656581e-15
3880.45938897	5.134162e-15
3881.9304384	4.806256e-15
3883.40148783	4.990418e-15
3884.87253726	5.548501e-15
3886.34358668	5.397703e-15
3887.81463611	4.919432e-15
3889.28568554	5.236604e-15
3890.75673497	5.411093e-15
3892.2277844	5.158998e-15
3893.69883382	5.253688e-15
3895.16988325	5.664807e-15
3896.64093268	5.597353e-15
3898.11198211	5.576646e-15
3899.58303154	5.322328e-15
3901.05408096	5.187732e-15
3902.52513039	5.311672e-15
3903.99617982	5.168449e-15
3905.46722925	6.001461e-15
3906.93827868	5.859994e-15
3908.4093281	6.162011e-15
3909.88037753	5.7058e-15
3911.35142696	5.711537e-15
3912.82247639	6.205659e-15
3914.29352582	5.426528e-15
3915.76457524	5.578028e-15
3917.23562467	5.909434e-15
3918.7066741	6.212391e-15
3920.17772353	5.928999e-15
3921.64877295	5.876233e-15
3923.11982238	6.175373e-15
3924.59087181	5.895163e-15
3926.06192124	6.187066e-15
3927.53297067	6.231566e-15
3929.00402009	6.285968e-15
3930.47506952	6.372555e-15
3931.94611895	6.230149e-15
3933.41716838	6.215324e-15
3934.88821781	5.888366e-15
3936.35926723	6.32972e-15
3937.83031666	6.485833e-15
3939.30136609	6.506436e-15
3940.77241552	6.388749e-15
3942.24346495	6.205478e-15
3943.71451437	6.306258e-15
3945.1855638	6.39671e-15
3946.65661323	6.252273e-15
3948.12766266	6.368884e-15
3949.59871209	6.639338e-15
3951.06976151	7.411443e-15
3952.54081094	6.739238e-15
3954.01186037	6.758915e-15
3955.4829098	7.159831e-15
3956.95395923	7.052257e-15
3958.42500865	6.440935e-15
3959.89605808	7.041945e-15
3961.36710751	7.189365e-15
3962.83815694	7.214399e-15
3964.30920637	7.350391e-15
3965.78025579	6.774188e-15
3967.25130522	7.313015e-15
3968.72235465	6.849738e-15
3970.19340408	7.298851e-15
3971.66445351	7.138437e-15
3973.13550293	7.0978e-15
3974.60655236	7.051533e-15
3976.07760179	7.464038e-15
3977.54865122	7.154165e-15
3979.01970065	7.041584e-15
3980.49075007	6.991758e-15
3981.9617995	7.411011e-15
3983.43284893	6.831137e-15
3984.90389836	6.889207e-15
3986.37494779	7.081657e-15
3987.84599721	6.705549e-15
3989.31704664	6.754565e-15
3990.78809607	6.979244e-15
3992.2591455	7.209728e-15
3993.73019493	7.176951e-15
3995.20124435	6.754301e-15
3996.67229378	6.761649e-15
3998.14334321	6.962728e-15
3999.61439264	6.520643e-15
4001.08544207	6.807459e-15
4002.55649149	6.896053e-15
4004.02754092	6.537951e-15
4005.49859035	6.454697e-15
4006.96963978	6.756568e-15
4008.44068921	6.560041e-15
4009.91173863	6.819772e-15
4011.38278806	6.637569e-15
4012.85383749	6.599214e-15
4014.32488692	6.708004e-15
4015.79593635	6.555311e-15
4017.26698577	6.084802e-15
4018.7380352	6.639461e-15
4020.20908463	6.705823e-15
4021.68013406	6.485677e-15
4023.15118349	6.1902e-15
4024.62223291	6.320158e-15
4026.09328234	6.721463e-15
4027.56433177	6.18873e-15
4029.0353812	6.25709e-15
4030.50643063	6.734047e-15
4031.97748005	6.416425e-15
4033.44852948	6.538746e-15
4034.91957891	6.323604e-15
4036.39062834	6.241994e-15
4037.86167777	6.549248e-15
4039.33272719	6.11759e-15
4040.80377662	6.120538e-15
4042.27482605	6.402887e-15
4043.74587548	6.273194e-15
4045.21692491	6.493506e-15
4046.68797433	6.350307e-15
4048.15902376	6.387048e-15
4049.63007319	6.299332e-15
4051.10112262	6.340231e-15
4052.57217205	6.261733e-15
4054.04322147	6.222706e-15
4055.5142709	6.525188e-15
4056.98532033	6.395399e-15
4058.45636976	6.149358e-15
4059.92741919	6.150132e-15
4061.39846861	6.032029e-15
4062.86951804	6.384625e-15
4064.34056747	6.422635e-15
4065.8116169	6.20353e-15
4067.28266633	6.541353e-15
4068.75371575	6.647463e-15
4070.22476518	6.567999e-15
4071.69581461	6.168044e-15
4073.16686404	6.790492e-15
4074.63791347	6.695595e-15
4076.10896289	6.884559e-15
4077.58001232	6.685236e-15
4079.05106175	6.732503e-15
4080.52211118	6.410377e-15
4081.99316061	6.118863e-15
4083.46421003	6.260317e-15
4084.93525946	6.702314e-15
4086.40630889	6.781046e-15
4087.87735832	6.563489e-15
4089.34840775	6.561979e-15
4090.81945717	6.299048e-15
4092.2905066	6.914671e-15
4093.76155603	6.842091e-15
4095.23260546	6.600958e-15
4096.70365489	6.835951e-15
4098.17470431	6.658561e-15
4099.64575374	6.862072e-15
4101.11680317	6.532591e-15
4102.5878526	6.683155e-15
4104.05890203	6.89322e-15
4105.52995145	6.656132e-15
4107.00100088	6.847515e-15
4108.47205031	6.89181e-15
4109.94309974	6.964631e-15
4111.41414917	6.623129e-15
4112.88519859	6.662858e-15
4114.35624802	6.709569e-15
4115.82729745	6.885953e-15
4117.29834688	6.621915e-15
4118.76939631	6.925915e-15
4120.24044573	6.770571e-15
4121.71149516	6.705816e-15
4123.18254459	6.720091e-15
4124.65359402	6.998716e-15
4126.12464345	6.751336e-15
4127.59569287	6.558615e-15
4129.0667423	6.69445e-15
4130.53779173	6.787394e-15
4132.00884116	6.620185e-15
4133.47989058	6.710988e-15
4134.95094001	6.700298e-15
4136.42198944	6.673015e-15
4137.89303887	6.624184e-15
4139.3640883	6.856756e-15
4140.83513772	6.842602e-15
4142.30618715	6.585696e-15
4143.77723658	6.514546e-15
4145.24828601	6.307015e-15
4146.71933544	6.488625e-15
4148.19038486	6.576879e-15
4149.66143429	6.313388e-15
4151.13248372	6.285641e-15
4152.60353315	6.557366e-15
4154.07458258	6.458228e-15
4155.545632	6.390136e-15
4157.01668143	6.170929e-15
4158.48773086	6.555271e-15
4159.95878029	6.279151e-15
4161.42982972	6.082372e-15
4162.90087914	6.190117e-15
4164.37192857	6.395997e-15
4165.842978	6.390845e-15
4167.31402743	6.141243e-15
4168.78507686	6.525477e-15
4170.25612628	6.203834e-15
4171.72717571	5.995182e-15
4173.19822514	6.130458e-15
4174.66927457	6.229616e-15
4176.140324	6.130348e-15
4177.61137342	5.84185e-15
4179.08242285	6.132536e-15
4180.55347228	5.961512e-15
4182.02452171	5.530619e-15
4183.49557114	6.096008e-15
4184.96662056	6.144959e-15
4186.43766999	5.765873e-15
4187.90871942	5.788104e-15
4189.37976885	5.878537e-15
4190.85081828	5.993456e-15
4192.3218677	6.024893e-15
4193.79291713	5.639577e-15
4195.26396656	5.656851e-15
4196.73501599	5.952357e-15
4198.20606542	5.69715e-15
4199.67711484	5.755982e-15
4201.14816427	5.834775e-15
4202.6192137	5.649645e-15
4204.09026313	5.569881e-15
4205.56131256	5.566049e-15
4207.03236198	5.443519e-15
4208.50341141	5.682984e-15
4209.97446084	5.39395e-15
4211.44551027	5.710012e-15
4212.9165597	5.684198e-15
4214.38760912	5.376265e-15
4215.85865855	5.388241e-15
4217.32970798	5.393766e-15
4218.80075741	5.244458e-15
4220.27180684	5.524707e-15
4221.74285626	5.083247e-15
4223.21390569	5.315563e-15
4224.68495512	5.261003e-15
4226.15600455	5.165287e-15
4227.62705398	5.277839e-15
4229.0981034	4.999069e-15
4230.56915283	5.291291e-15
4232.04020226	5.003109e-15
4233.51125169	5.085235e-15
4234.98230112	5.054499e-15
4236.45335054	5.002991e-15
4237.92439997	4.887616e-15
4239.3954494	5.135458e-15
4240.86649883	4.931298e-15
4242.33754826	4.959996e-15
4243.80859768	5.023389e-15
4245.27964711	4.686534e-15
4246.75069654	4.757664e-15
4248.22174597	4.642206e-15
4249.6927954	4.583258e-15
4251.16384482	4.764321e-15
4252.63489425	4.65816e-15
4254.10594368	4.542107e-15
4255.57699311	4.783622e-15
4257.04804254	4.834112e-15
4258.51909196	4.35307e-15
4259.99014139	4.72984e-15
4261.46119082	4.65637e-15
4262.93224025	4.501885e-15
4264.40328968	4.357461e-15
4265.8743391	4.413711e-15
4267.34538853	4.356133e-15
4268.81643796	4.466575e-15
4270.28748739	4.052567e-15
4271.75853682	4.293071e-15
4273.22958624	4.271157e-15
4274.70063567	4.39948e-15
4276.1716851	4.248891e-15
4277.64273453	4.478757e-15
4279.11378396	4.312258e-15
4280.58483338	4.365951e-15
4282.05588281	4.411654e-15
4283.52693224	4.299554e-15
4284.99798167	4.330323e-15
4286.4690311	4.069026e-15
4287.94008052	4.402693e-15
4289.41112995	3.946209e-15
4290.88217938	4.212332e-15
4292.35322881	4.023215e-15
4293.82427824	4.08455e-15
4295.29532766	4.037242e-15
4296.76637709	4.231085e-15
4298.23742652	4.13242e-15
4299.70847595	4.213239e-15
4301.17952538	3.82181e-15
4302.6505748	3.995853e-15
4304.12162423	4.029742e-15
4305.59267366	4.02557e-15
4307.06372309	3.807367e-15
4308.53477252	3.98421e-15
4310.00582194	3.798913e-15
4311.47687137	3.703691e-15
4312.9479208	3.890532e-15
4314.41897023	3.659738e-15
4315.89001966	3.67578e-15
4317.36106908	3.717096e-15
4318.83211851	3.794164e-15
4320.30316794	3.732139e-15
4321.77421737	3.455184e-15
4323.2452668	3.548133e-15
4324.71631622	3.728864e-15
4326.18736565	3.717026e-15
4327.65841508	3.729804e-15
4329.12946451	3.963749e-15
4330.60051394	3.696789e-15
4332.07156336	3.619786e-15
4333.54261279	3.710351e-15
4335.01366222	3.582669e-15
4336.48471165	3.641034e-15
4337.95576108	3.459979e-15
4339.4268105	3.566952e-15
4340.89785993	3.671442e-15
4342.36890936	3.65131e-15
4343.83995879	3.527263e-15
4345.31100821	3.446069e-15
4346.78205764	3.496466e-15
4348.25310707	3.479964e-15
4349.7241565	3.518248e-15
4351.19520593	3.645032e-15
4352.66625535	3.554284e-15
4354.13730478	3.458622e-15
4355.60835421	3.579608e-15
4357.07940364	3.800266e-15
4358.55045307	3.660736e-15
4360.02150249	3.3867e-15
4361.49255192	3.5318e-15
4362.96360135	3.688325e-15
4364.43465078	3.501547e-15
4365.90570021	3.572017e-15
4367.37674963	3.576462e-15
4368.84779906	3.608145e-15
4370.31884849	3.434593e-15
4371.78989792	3.466801e-15
4373.26094735	3.606628e-15
4374.73199677	3.682205e-15
4376.2030462	3.614959e-15
4377.67409563	3.527682e-15
4379.14514506	3.746909e-15
4380.61619449	3.585731e-15
4382.08724391	3.433949e-15
4383.55829334	3.68602e-15
4385.02934277	3.7499e-15
4386.5003922	3.708688e-15
4387.97144163	3.785852e-15
4389.44249105	3.775657e-15
4390.91354048	3.567245e-15
4392.38458991	3.579275e-15
4393.85563934	3.654012e-15
4395.32668877	3.750295e-15
4396.79773819	3.765831e-15
4398.26878762	3.702025e-15
4399.73983705	3.828965e-15
4401.21088648	3.76265e-15
4402.68193591	3.829139e-15
4404.15298533	4.007332e-15
4405.62403476	3.874219e-15
4407.09508419	3.900792e-15
4408.56613362	3.946571e-15
4410.03718305	3.597085e-15
4411.50823247	3.655191e-15
4412.9792819	3.738779e-15
4414.45033133	3.616171e-15
4415.92138076	3.807029e-15
4417.39243019	3.914257e-15
4418.86347961	3.683313e-15
4420.33452904	3.595579e-15
4421.80557847	3.694792e-15
4423.2766279	3.713378e-15
4424.74767733	3.453253e-15
4426.21872675	3.54161e-15
4427.68977618	3.501441e-15
4429.16082561	3.50836e-15
4430.63187504	3.369804e-15
4432.10292447	3.349216e-15
4433.57397389	3.490948e-15
4435.04502332	3.331549e-15
4436.51607275	3.744358e-15
4437.98712218	3.457982e-15
4439.45817161	3.471473e-15
4440.92922103	3.369465e-15
4442.40027046	3.29431e-15
4443.87131989	3.110493e-15
4445.34236932	3.41119e-15
4446.81341875	3.460439e-15
4448.28446817	3.24304e-15
4449.7555176	3.247727e-15
4451.22656703	3.166629e-15
4452.69761646	3.279523e-15
4454.16866589	3.078264e-15
4455.63971531	3.276331e-15
4457.11076474	3.168903e-15
4458.58181417	3.47664e-15
4460.0528636	3.243818e-15
4461.52391303	3.296996e-15
4462.99496245	3.092426e-15
4464.46601188	3.345373e-15
4465.93706131	3.280163e-15
4467.40811074	3.523987e-15
4468.87916017	3.178393e-15
4470.35020959	3.392572e-15
4471.82125902	3.439714e-15
4473.29230845	3.211693e-15
4474.76335788	3.350654e-15
4476.23440731	3.458402e-15
4477.70545673	3.219842e-15
4479.17650616	3.245162e-15
4480.64755559	3.664351e-15
4482.11860502	3.507144e-15
4483.58965445	3.48423e-15
4485.06070387	3.442127e-15
4486.5317533	3.576157e-15
4488.00280273	3.412691e-15
4489.47385216	3.512156e-15
4490.94490159	3.496039e-15
4492.41595101	3.5069e-15
4493.88700044	3.714677e-15
4495.35804987	3.370278e-15
4496.8290993	3.528046e-15
4498.30014873	3.5045e-15
4499.77119815	3.525936e-15
4501.24224758	3.824805e-15
4502.71329701	3.451042e-15
4504.18434644	3.49548e-15
4505.65539587	3.653608e-15
4507.12644529	3.681986e-15
4508.59749472	3.655509e-15
4510.06854415	3.767205e-15
4511.53959358	3.618892e-15
4513.01064301	3.625515e-15
4514.48169243	3.508729e-15
4515.95274186	3.745154e-15
4517.42379129	3.816251e-15
4518.89484072	3.534998e-15
4520.36589015	3.732708e-15
4521.83693957	3.79715e-15
4523.307989	3.614605e-15
4524.77903843	3.690594e-15
4526.25008786	3.75466e-15
4527.72113729	3.748605e-15
4529.19218671	3.768537e-15
4530.66323614	3.640511e-15
4532.13428557	3.602419e-15
4533.605335	3.831995e-15
4535.07638443	3.880992e-15
4536.54743385	3.846069e-15
4538.01848328	3.766144e-15
4539.48953271	3.817131e-15
4540.96058214	3.667039e-15
4542.43163157	3.652974e-15
4543.90268099	3.813063e-15
4545.37373042	3.921653e-15
4546.84477985	3.655023e-15
4548.31582928	3.68458e-15
4549.78687871	3.839777e-15
4551.25792813	3.805246e-15
4552.72897756	3.751506e-15
4554.20002699	3.611408e-15
4555.67107642	3.815341e-15
4557.14212584	3.821473e-15
4558.61317527	3.598164e-15
4560.0842247	3.628773e-15
4561.55527413	3.710331e-15
4563.02632356	3.628602e-15
4564.49737298	3.936249e-15
4565.96842241	3.894384e-15
4567.43947184	3.769863e-15
4568.91052127	3.624646e-15
4570.3815707	3.853877e-15
4571.85262012	3.789614e-15
4573.32366955	3.492783e-15
4574.79471898	3.590517e-15
4576.26576841	3.767892e-15
4577.73681784	3.749816e-15
4579.20786726	3.795208e-15
4580.67891669	3.727001e-15
4582.14996612	3.838564e-15
4583.62101555	3.75064e-15
4585.09206498	3.626764e-15
4586.5631144	3.926261e-15
4588.03416383	3.751335e-15
4589.50521326	3.635619e-15
4590.97626269	3.649285e-15
4592.44731212	3.759978e-15
4593.91836154	3.993931e-15
4595.38941097	3.773363e-15
4596.8604604	3.461493e-15
4598.33150983	3.778847e-15
4599.80255926	3.694351e-15
4601.27360868	3.840455e-15
4602.74465811	3.774734e-15
4604.21570754	3.660335e-15
4605.68675697	3.904694e-15
4607.1578064	3.695934e-15
4608.62885582	3.757068e-15
4610.09990525	3.655961e-15
4611.57095468	3.628618e-15
4613.04200411	3.675074e-15
4614.51305354	3.686578e-15
4615.98410296	3.789721e-15
4617.45515239	3.855559e-15
4618.92620182	3.711939e-15
4620.39725125	3.717689e-15
4621.86830068	3.738074e-15
4623.3393501	3.798426e-15
4624.81039953	3.79969e-15
4626.28144896	3.775841e-15
4627.75249839	3.615823e-15
4629.22354782	3.693757e-15
4630.69459724	3.800813e-15
4632.16564667	3.731856e-15
4633.6366961	3.757263e-15
4635.10774553	3.692075e-15
4636.57879496	3.944232e-15
4638.04984438	3.860665e-15
4639.52089381	3.79982e-15
4640.99194324	3.895125e-15
4642.46299267	3.800343e-15
4643.9340421	3.773647e-15
4645.40509152	3.771726e-15
4646.87614095	3.931107e-15
4648.34719038	4.020621e-15
4649.81823981	3.863438e-15
4651.28928924	3.83313e-15
4652.76033866	3.805475e-15
4654.23138809	3.793072e-15
4655.70243752	3.900646e-15
4657.17348695	3.818711e-15
4658.64453638	3.79425e-15
4660.1155858	3.881934e-15
4661.58663523	3.836966e-15
4663.05768466	3.72867e-15
4664.52873409	3.595859e-15
4665.99978352	3.607368e-15
4667.47083294	3.728659e-15
4668.94188237	3.755091e-15
4670.4129318	3.647041e-15
4671.88398123	3.634366e-15
4673.35503066	3.670293e-15
4674.82608008	3.497641e-15
4676.29712951	3.578807e-15
4677.76817894	3.367248e-15
4679.23922837	3.529397e-15
4680.7102778	3.583608e-15
4682.18132722	3.568122e-15
4683.65237665	3.513866e-15
4685.12342608	3.52517e-15
4686.59447551	3.542997e-15
4688.06552494	3.586162e-15
4689.53657436	3.353407e-15
4691.00762379	3.349704e-15
4692.47867322	3.393548e-15
4693.94972265	3.304784e-15
4695.42077208	3.284831e-15
4696.8918215	3.322092e-15
4698.36287093	3.334826e-15
4699.83392036	3.34333e-15
4701.30496979	3.320751e-15
4702.77601922	3.43329e-15
4704.24706864	3.442627e-15
4705.71811807	3.360415e-15
4707.1891675	3.457968e-15
4708.66021693	3.422472e-15
4710.13126636	3.302098e-15
4711.60231578	3.20749e-15
4713.07336521	3.248159e-15
4714.54441464	3.340432e-15
4716.01546407	3.141395e-15
4717.4865135	3.086487e-15
4718.95756292	3.199678e-15
4720.42861235	3.268677e-15
4721.89966178	3.312895e-15
4723.37071121	3.200198e-15
4724.84176064	3.315e-15
4726.31281006	3.208661e-15
4727.78385949	3.349295e-15
4729.25490892	3.454221e-15
4730.72595835	3.165385e-15
4732.19700778	3.411179e-15
4733.6680572	3.313405e-15
4735.13910663	3.241329e-15
4736.61015606	3.352716e-15
4738.08120549	3.259645e-15
4739.55225492	3.359988e-15
4741.02330434	3.17334e-15
4742.49435377	3.239004e-15
4743.9654032	3.253951e-15
4745.43645263	3.247191e-15
4746.90750206	3.392666e-15
4748.37855148	3.359798e-15
4749.84960091	3.337651e-15
4751.32065034	3.198678e-15
4752.79169977	3.260143e-15
4754.2627492	3.224436e-15
4755.73379862	3.220913e-15
4757.20484805	3.334034e-15
4758.67589748	3.217333e-15
4760.14694691	3.100544e-15
4761.61799634	3.233171e-15
4763.08904576	3.096222e-15
4764.56009519	3.135324e-15
4766.03114462	3.123257e-15
4767.50219405	3.159701e-15
4768.97324347	3.2596e-15
4770.4442929	3.251516e-15
4771.91534233	3.066034e-15
4773.38639176	3.043848e-15
4774.85744119	3.063767e-15
4776.32849061	3.135026e-15
4777.79954004	3.197317e-15
4779.27058947	3.2143e-15
4780.7416389	3.261778e-15
4782.21268833	2.999826e-15
4783.68373775	3.165693e-15
4785.15478718	3.082095e-15
4786.62583661	3.158738e-15
4788.09688604	3.108256e-15
4789.56793547	3.147178e-15
4791.03898489	3.132271e-15
4792.51003432	3.050924e-15
4793.98108375	3.05039e-15
4795.45213318	3.178791e-15
4796.92318261	3.115527e-15
4798.39423203	3.261639e-15
4799.86528146	3.192565e-15
4801.33633089	3.037975e-15
4802.80738032	3.174201e-15
4804.27842975	3.076076e-15
4805.74947917	3.020066e-15
4807.2205286	3.268131e-15
4808.69157803	3.029864e-15
4810.16262746	3.040087e-15
4811.63367689	3.299691e-15
4813.10472631	3.098712e-15
4814.57577574	3.045619e-15
4816.04682517	3.152613e-15
4817.5178746	3.403203e-15
4818.98892403	3.441266e-15
4820.45997345	3.136199e-15
4821.93102288	3.066028e-15
4823.40207231	3.173669e-15
4824.87312174	3.294075e-15
4826.34417117	3.132512e-15
4827.81522059	3.130171e-15
4829.28627002	3.125159e-15
4830.75731945	3.104658e-15
4832.22836888	3.231631e-15
4833.69941831	3.253574e-15
4835.17046773	3.162889e-15
4836.64151716	3.167005e-15
4838.11256659	3.14731e-15
4839.58361602	3.088292e-15
4841.05466545	3.217691e-15
4842.52571487	3.243953e-15
4843.9967643	3.072268e-15
4845.46781373	3.075217e-15
4846.93886316	3.135578e-15
4848.40991259	2.986257e-15
4849.88096201	3.05703e-15
4851.35201144	3.227218e-15
4852.82306087	3.037802e-15
4854.2941103	3.026157e-15
4855.76515973	2.92306e-15
4857.23620915	2.858908e-15
4858.70725858	3.062849e-15
4860.17830801	3.098873e-15
4861.64935744	3.086465e-15
4863.12040687	3.035335e-15
4864.59145629	3.062248e-15
4866.06250572	2.971202e-15
4867.53355515	2.918264e-15
4869.00460458	2.880014e-15
4870.47565401	2.805088e-15
4871.94670343	2.836425e-15
4873.41775286	2.760223e-15
4874.88880229	2.745442e-15
4876.35985172	2.90916e-15
4877.83090115	2.82173e-15
4879.30195057	2.770428e-15
4880.773	2.857981e-15
4882.24404943	2.979895e-15
4883.71509886	2.693619e-15
4885.18614829	2.67946e-15
4886.65719771	2.648578e-15
4888.12824714	2.605173e-15
4889.59929657	2.797369e-15
4891.070346	2.582263e-15
4892.54139543	2.615885e-15
4894.01244485	2.827925e-15
4895.48349428	2.597107e-15
4896.95454371	2.595762e-15
4898.42559314	2.506898e-15
4899.89664257	2.541178e-15
4901.36769199	2.573404e-15
4902.83874142	2.394085e-15
4904.30979085	2.423296e-15
4905.78084028	2.400627e-15
4907.25188971	2.551129e-15
4908.72293913	2.626057e-15
4910.19398856	2.601895e-15
4911.66503799	2.570987e-15
4913.13608742	2.509327e-15
4914.60713685	2.523691e-15
4916.07818627	2.675776e-15
4917.5492357	2.539966e-15
4919.02028513	2.545639e-15
4920.49133456	2.474677e-15
4921.96238399	2.524474e-15
4923.43343341	2.543282e-15
4924.90448284	2.509971e-15
4926.37553227	2.415662e-15
4927.8465817	2.386638e-15
4929.31763113	2.610782e-15
4930.78868055	2.525554e-15
4932.25972998	2.467337e-15
4933.73077941	2.540648e-15
4935.20182884	2.5348e-15
4936.67287827	2.509865e-15
4938.14392769	2.53114e-15
4939.61497712	2.524011e-15
4941.08602655	2.468525e-15
4942.55707598	2.48346e-15
4944.02812541	2.48991e-15
4945.49917483	2.481895e-15
4946.97022426	2.417785e-15
4948.44127369	2.441486e-15
4949.91232312	2.405909e-15
4951.38337255	2.333338e-15
4952.85442197	2.475297e-15
4954.3254714	2.616695e-15
4955.79652083	2.498507e-15
4957.26757026	2.404187e-15
4958.73861969	2.476125e-15
4960.20966911	2.58181e-15
4961.68071854	2.505619e-15
4963.15176797	2.651444e-15
4964.6228174	2.552821e-15
4966.09386683	2.594884e-15
4967.56491625	2.679303e-15
4969.03596568	2.597163e-15
4970.50701511	2.399503e-15
4971.97806454	2.434101e-15
4973.44911397	2.441215e-15
4974.92016339	2.519129e-15
4976.39121282	2.47381e-15
4977.86226225	2.586378e-15
4979.33331168	2.575178e-15
4980.8043611	2.41095e-15
4982.27541053	2.470144e-15
4983.74645996	2.493429e-15
4985.21750939	2.46164e-15
4986.68855882	2.483412e-15
4988.15960824	2.500944e-15
4989.63065767	2.496305e-15
4991.1017071	2.433059e-15
4992.57275653	2.444186e-15
4994.04380596	2.538147e-15
4995.51485538	2.451372e-15
4996.98590481	2.49728e-15
4998.45695424	2.50634e-15
4999.92800367	2.577136e-15
5001.3990531	2.495418e-15
5002.87010252	2.454771e-15
5004.34115195	2.595554e-15
5005.81220138	2.595685e-15
5007.28325081	2.50589e-15
5008.75430024	2.474422e-15
5010.22534966	2.449859e-15
5011.69639909	2.454915e-15
5013.16744852	2.400763e-15
5014.63849795	2.362409e-15
5016.10954738	2.468778e-15
5017.5805968	2.448895e-15
5019.05164623	2.463125e-15
5020.52269566	2.542489e-15
5021.99374509	2.496645e-15
5023.46479452	2.494636e-15
5024.93584394	2.496822e-15
5026.40689337	2.440641e-15
5027.8779428	2.501119e-15
5029.34899223	2.512733e-15
5030.82004166	2.473118e-15
5032.29109108	2.445329e-15
5033.76214051	2.452058e-15
5035.23318994	2.474142e-15
5036.70423937	2.452529e-15
5038.1752888	2.508591e-15
5039.64633822	2.482807e-15
5041.11738765	2.386909e-15
5042.58843708	2.448488e-15
5044.05948651	2.518284e-15
5045.53053594	2.58503e-15
5047.00158536	2.557766e-15
5048.47263479	2.488036e-15
5049.94368422	2.356306e-15
5051.41473365	2.377716e-15
5052.88578308	2.41207e-15
5054.3568325	2.496897e-15
5055.82788193	2.50396e-15
5057.29893136	2.470468e-15
5058.76998079	2.575624e-15
5060.24103022	2.515034e-15
5061.71207964	2.392008e-15
5063.18312907	2.558156e-15
5064.6541785	2.475028e-15
5066.12522793	2.435285e-15
5067.59627736	2.578767e-15
5069.06732678	2.464789e-15
5070.53837621	2.523096e-15
5072.00942564	2.678902e-15
5073.48047507	2.594511e-15
5074.9515245	2.585971e-15
5076.42257392	2.477808e-15
5077.89362335	2.468349e-15
5079.36467278	2.616546e-15
5080.83572221	2.639955e-15
5082.30677164	2.563425e-15
5083.77782106	2.457366e-15
5085.24887049	2.58558e-15
5086.71991992	2.652617e-15
5088.19096935	2.513904e-15
5089.66201878	2.629157e-15
5091.1330682	2.634449e-15
5092.60411763	2.661689e-15
5094.07516706	2.42251e-15
5095.54621649	2.496719e-15
5097.01726592	2.70581e-15
5098.48831534	2.559436e-15
5099.95936477	2.631851e-15
5101.4304142	2.582406e-15
5102.90146363	2.629583e-15
5104.37251306	2.62404e-15
5105.84356248	2.555722e-15
5107.31461191	2.50134e-15
5108.78566134	2.472538e-15
5110.25671077	2.585524e-15
5111.7277602	2.667383e-15
5113.19880962	2.667089e-15
5114.66985905	2.748952e-15
5116.14090848	2.615711e-15
5117.61195791	2.62257e-15
5119.08300734	2.81215e-15
5120.55405676	2.761206e-15
5122.02510619	2.663976e-15
5123.49615562	2.624122e-15
5124.96720505	2.780395e-15
5126.43825448	2.719319e-15
5127.9093039	2.685294e-15
5129.38035333	2.692235e-15
5130.85140276	2.772064e-15
5132.32245219	2.793905e-15
5133.79350162	2.702817e-15
5135.26455104	2.717122e-15
5136.73560047	2.706762e-15
5138.2066499	2.739907e-15
5139.67769933	2.789811e-15
5141.14874876	2.788594e-15
5142.61979818	2.812342e-15
5144.09084761	2.740691e-15
5145.56189704	2.759076e-15
5147.03294647	2.752328e-15
5148.5039959	2.744152e-15
5149.97504532	2.721597e-15
5151.44609475	2.683149e-15
5152.91714418	2.675739e-15
5154.38819361	2.660346e-15
5155.85924304	2.681382e-15
5157.33029246	2.772911e-15
5158.80134189	2.718421e-15
5160.27239132	2.678112e-15
5161.74344075	2.573635e-15
5163.21449018	2.597836e-15
5164.6855396	2.625181e-15
5166.15658903	2.602182e-15
5167.62763846	2.767769e-15
5169.09868789	2.697908e-15
5170.56973732	2.618389e-15
5172.04078674	2.701045e-15
5173.51183617	2.829959e-15
5174.9828856	2.713861e-15
5176.45393503	2.66068e-15
5177.92498446	2.547899e-15
5179.39603388	2.723051e-15
5180.86708331	2.632992e-15
5182.33813274	2.676244e-15
5183.80918217	2.679344e-15
5185.2802316	2.622685e-15
5186.75128102	2.715067e-15
5188.22233045	2.696031e-15
5189.69337988	2.548496e-15
5191.16442931	2.625289e-15
5192.63547873	2.611717e-15
5194.10652816	2.696008e-15
5195.57757759	2.569853e-15
5197.04862702	2.641578e-15
5198.51967645	2.656895e-15
5199.99072587	2.81446e-15
5201.4617753	2.549166e-15
5202.93282473	2.552157e-15
5204.40387416	2.703619e-15
5205.87492359	2.585466e-15
5207.34597301	2.669634e-15
5208.81702244	2.741659e-15
5210.28807187	2.720607e-15
5211.7591213	2.61211e-15
5213.23017073	2.599897e-15
5214.70122015	2.585097e-15
5216.17226958	2.668091e-15
5217.64331901	2.603164e-15
5219.11436844	2.68191e-15
5220.58541787	2.628486e-15
5222.05646729	2.559436e-15
5223.52751672	2.604438e-15
5224.99856615	2.619106e-15
5226.46961558	2.559835e-15
5227.94066501	2.731136e-15
5229.41171443	2.589575e-15
5230.88276386	2.565322e-15
5232.35381329	2.68394e-15
5233.82486272	2.684408e-15
5235.29591215	2.643332e-15
5236.76696157	2.648075e-15
5238.238011	2.654741e-15
5239.70906043	2.713167e-15
5241.18010986	2.629002e-15
5242.65115929	2.673328e-15
5244.12220871	2.508837e-15
5245.59325814	2.660338e-15
5247.06430757	2.599807e-15
5248.535357	2.672207e-15
5250.00640643	2.539525e-15
5251.47745585	2.709164e-15
5252.94850528	2.422971e-15
5254.41955471	2.541024e-15
5255.89060414	2.566634e-15
5257.36165357	2.516686e-15
5258.83270299	2.438021e-15
5260.30375242	2.405669e-15
5261.77480185	2.392739e-15
5263.24585128	2.410349e-15
5264.71690071	2.442481e-15
5266.18795013	2.616303e-15
5267.65899956	2.426969e-15
5269.13004899	2.368273e-15
5270.60109842	2.395785e-15
5272.07214785	2.395789e-15
5273.54319727	2.219499e-15
5275.0142467	2.260328e-15
5276.48529613	2.315055e-15
5277.95634556	2.18759e-15
5279.42739499	2.324542e-15
5280.89844441	2.319757e-15
5282.36949384	2.327979e-15
5283.84054327	2.150351e-15
5285.3115927	2.165987e-15
5286.78264213	2.295813e-15
5288.25369155	2.250317e-15
5289.72474098	2.145971e-15
5291.19579041	2.210611e-15
5292.66683984	2.084812e-15
5294.13788927	2.098883e-15
5295.60893869	2.09779e-15
5297.07998812	2.260076e-15
5298.55103755	2.024176e-15
5300.02208698	2.030343e-15
5301.49313641	2.064852e-15
5302.96418583	2.064678e-15
5304.43523526	2.133751e-15
5305.90628469	1.980286e-15
5307.37733412	1.955336e-15
5308.84838355	2.034218e-15
5310.31943297	1.898689e-15
5311.7904824	1.931572e-15
5313.26153183	1.884279e-15
5314.73258126	2.053397e-15
5316.20363069	2.143237e-15
5317.67468011	1.929335e-15
5319.14572954	1.941114e-15
5320.61677897	2.02403e-15
5322.0878284	1.917357e-15
5323.55887783	1.966376e-15
5325.02992725	2.010236e-15
5326.50097668	1.964982e-15
5327.97202611	1.906019e-15
5329.44307554	1.957966e-15
5330.91412497	1.929143e-15
5332.38517439	1.966051e-15
5333.85622382	1.875553e-15
5335.32727325	1.9146e-15
5336.79832268	1.873405e-15
5338.26937211	1.920187e-15
5339.74042153	1.978768e-15
5341.21147096	1.918333e-15
5342.68252039	1.773647e-15
5344.15356982	1.948019e-15
5345.62461925	1.9208e-15
5347.09566867	1.84366e-15
5348.5667181	1.925843e-15
5350.03776753	1.803788e-15
5351.50881696	1.932835e-15
5352.97986639	1.945719e-15
5354.45091581	1.896382e-15
5355.92196524	1.840231e-15
5357.39301467	1.946185e-15
5358.8640641	1.940073e-15
5360.33511353	1.956155e-15
5361.80616295	2.042844e-15
5363.27721238	2.0485e-15
5364.74826181	1.942712e-15
5366.21931124	2.080265e-15
5367.69036067	1.842331e-15
5369.16141009	2.014278e-15
5370.63245952	1.955512e-15
5372.10350895	1.92584e-15
5373.57455838	2.092904e-15
5375.04560781	1.996802e-15
5376.51665723	1.924038e-15
5377.98770666	1.955543e-15
5379.45875609	2.054678e-15
5380.92980552	1.833223e-15
5382.40085495	2.012051e-15
5383.87190437	1.858662e-15
5385.3429538	2.055957e-15
5386.81400323	1.947592e-15
5388.28505266	1.99628e-15
5389.75610209	1.893724e-15
5391.22715151	1.94312e-15
5392.69820094	1.924916e-15
5394.16925037	1.975612e-15
5395.6402998	1.957771e-15
5397.11134923	1.902366e-15
5398.58239865	2.040135e-15
5400.05344808	1.943924e-15
5401.52449751	1.971069e-15
5402.99554694	1.943481e-15
5404.46659636	1.974997e-15
5405.93764579	1.966485e-15
5407.40869522	1.947526e-15
5408.87974465	1.865834e-15
5410.35079408	1.969435e-15
5411.8218435	2.060484e-15
5413.29289293	2.113287e-15
5414.76394236	2.005568e-15
5416.23499179	1.935238e-15
5417.70604122	2.035629e-15
5419.17709064	1.908367e-15
5420.64814007	1.851549e-15
5422.1191895	1.984338e-15
5423.59023893	1.911299e-15
5425.06128836	1.970483e-15
5426.53233778	2.034268e-15
5428.00338721	1.983068e-15
5429.47443664	1.980346e-15
5430.94548607	2.032701e-15
5432.4165355	2.039807e-15
5433.88758492	2.047982e-15
5435.35863435	2.035242e-15
5436.82968378	2.048765e-15
5438.30073321	1.897237e-15
5439.77178264	1.908074e-15
5441.24283206	1.899319e-15
5442.71388149	1.903809e-15
5444.18493092	1.940828e-15
5445.65598035	1.948675e-15
5447.12702978	2.041389e-15
5448.5980792	1.921699e-15
5450.06912863	1.934873e-15
5451.54017806	1.915604e-15
5453.01122749	1.941038e-15
5454.48227692	1.98773e-15
5455.95332634	2.007946e-15
5457.42437577	1.88136e-15
5458.8954252	1.77333e-15
5460.36647463	1.868815e-15
5461.83752406	1.83733e-15
5463.30857348	1.886924e-15
5464.77962291	1.896719e-15
5466.25067234	1.873152e-15
5467.72172177	1.903031e-15
5469.1927712	1.87111e-15
5470.66382062	1.89459e-15
5472.13487005	1.879785e-15
5473.60591948	1.910527e-15
5475.07696891	1.920807e-15
5476.54801834	1.772558e-15
5478.01906776	1.795496e-15
5479.49011719	1.777436e-15
5480.96116662	2.045311e-15
5482.43221605	2.100897e-15
5483.90326548	1.848816e-15
5485.3743149	1.804209e-15
5486.84536433	1.808337e-15
5488.31641376	1.801719e-15
5489.78746319	1.797239e-15
5491.25851262	1.768066e-15
5492.72956204	1.876513e-15
5494.20061147	1.886061e-15
5495.6716609	1.834605e-15
5497.14271033	1.856372e-15
5498.61375976	1.891943e-15
5500.08480918	1.87054e-15
5501.55585861	1.844022e-15
5503.02690804	1.889654e-15
5504.49795747	1.855295e-15
5505.9690069	1.809444e-15
5507.44005632	1.844506e-15
5508.91110575	1.815764e-15
5510.38215518	1.8186e-15
5511.85320461	1.826678e-15
5513.32425404	1.812002e-15
5514.79530346	1.761534e-15
5516.26635289	1.702946e-15
5517.73740232	1.855768e-15
5519.20845175	1.896949e-15
5520.67950118	1.79376e-15
5522.1505506	1.809103e-15
5523.62160003	1.993516e-15
5525.09264946	1.88845e-15
5526.56369889	1.933689e-15
5528.03474832	1.885841e-15
5529.50579774	1.799424e-15
5530.97684717	1.8247e-15
5532.4478966	1.925458e-15
5533.91894603	1.904751e-15
5535.38999546	1.896246e-15
5536.86104488	1.922158e-15
5538.33209431	1.893974e-15
5539.80314374	1.838702e-15
5541.27419317	1.981295e-15
5542.7452426	1.880018e-15
5544.21629202	1.772996e-15
5545.68734145	1.981461e-15
5547.15839088	1.965608e-15
5548.62944031	2.019789e-15
5550.10048974	2.021154e-15
5551.57153916	2.020214e-15
5553.04258859	1.929973e-15
5554.51363802	1.96575e-15
5555.98468745	1.888863e-15
5557.45573688	1.866e-15
5558.9267863	2.044007e-15
5560.39783573	2.103136e-15
5561.86888516	1.979206e-15
5563.33993459	1.997261e-15
5564.81098402	1.998015e-15
5566.28203344	1.950702e-15
5567.75308287	1.979245e-15
5569.2241323	2.006331e-15
5570.69518173	1.950578e-15
5572.16623116	1.886831e-15
5573.63728058	2.01392e-15
5575.10833001	2.256959e-15
5576.57937944	2.012588e-15
5578.05042887	2.356654e-15
5579.5214783	2.02182e-15
5580.99252772	2.020236e-15
5582.46357715	1.786972e-15
5583.93462658	1.972448e-15
5585.40567601	1.930471e-15
5586.87672544	2.12833e-15
5588.34777486	2.011909e-15
5589.81882429	1.920529e-15
5591.28987372	1.940331e-15
5592.76092315	1.891399e-15
5594.23197258	1.922007e-15
5595.703022	1.880944e-15
5597.17407143	1.814083e-15
5598.64512086	1.921057e-15
5600.11617029	1.893836e-15
5601.58721972	1.928171e-15
5603.05826914	1.925476e-15
5604.52931857	1.792054e-15
5606.000368	1.852089e-15
5607.47141743	1.773537e-15
5608.94246686	1.911574e-15
5610.41351628	1.802089e-15
5611.88456571	1.777923e-15
5613.35561514	1.91085e-15
5614.82666457	1.921331e-15
5616.29771399	1.925864e-15
5617.76876342	1.829371e-15
5619.23981285	1.849235e-15
5620.71086228	1.960512e-15
5622.18191171	1.875782e-15
5623.65296113	1.919037e-15
5625.12401056	2.030211e-15
5626.59505999	1.944061e-15
5628.06610942	1.917672e-15
5629.53715885	1.856737e-15
5631.00820827	1.962638e-15
5632.4792577	2.025599e-15
5633.95030713	1.980486e-15
5635.42135656	2.105733e-15
5636.89240599	1.951758e-15
5638.36345541	2.006008e-15
5639.83450484	1.96023e-15
5641.30555427	2.010111e-15
5642.7766037	2.014448e-15
5644.24765313	1.98627e-15
5645.71870255	1.828512e-15
5647.18975198	2.074882e-15
5648.66080141	1.980805e-15
5650.13185084	1.941098e-15
5651.60290027	1.892017e-15
5653.07394969	2.016849e-15
5654.54499912	1.974305e-15
5656.01604855	1.98214e-15
5657.48709798	2.014098e-15
5658.95814741	2.035146e-15
5660.42919683	2.017672e-15
5661.90024626	1.981581e-15
5663.37129569	2.0529e-15
5664.84234512	1.950347e-15
5666.31339455	2.067333e-15
5667.78444397	2.117717e-15
5669.2554934	2.029046e-15
5670.72654283	1.978592e-15
5672.19759226	1.993373e-15
5673.66864169	2.089496e-15
5675.13969111	2.070632e-15
5676.61074054	2.016194e-15
5678.08178997	1.990431e-15
5679.5528394	2.02217e-15
5681.02388883	1.969353e-15
5682.49493825	2.045356e-15
5683.96598768	2.011526e-15
5685.43703711	1.893367e-15
5686.90808654	1.998152e-15
5688.37913597	2.113017e-15
5689.85018539	1.949479e-15
5691.32123482	2.087603e-15
5692.79228425	2.077045e-15
5694.26333368	2.101562e-15
5695.73438311	2.03243e-15
5697.20543253	1.948323e-15
5698.67648196	1.973452e-15
5700.14753139	1.987285e-15
5701.61858082	1.923995e-15
5703.08963025	1.995403e-15
5704.56067967	2.067855e-15
5706.0317291	2.075386e-15
5707.50277853	2.094896e-15
5708.97382796	2.068615e-15
5710.44487739	2.150753e-15
5711.91592681	2.022259e-15
5713.38697624	1.965772e-15
5714.85802567	1.984042e-15
5716.3290751	2.036287e-15
5717.80012453	2.111243e-15
5719.27117395	2.07895e-15
5720.74222338	2.053863e-15
5722.21327281	2.014816e-15
5723.68432224	1.896816e-15
5725.15537167	1.967485e-15
5726.62642109	2.093826e-15
5728.09747052	1.954008e-15
5729.56851995	1.887469e-15
5731.03956938	1.964853e-15
5732.51061881	1.979187e-15
5733.98166823	1.972341e-15
5735.45271766	1.945881e-15
5736.92376709	1.976607e-15
5738.39481652	1.958193e-15
5739.86586595	1.879563e-15
5741.33691537	1.969269e-15
5742.8079648	1.934286e-15
5744.27901423	1.904745e-15
5745.75006366	2.041055e-15
5747.22111309	2.042761e-15
5748.69216251	1.88372e-15
5750.16321194	1.864987e-15
5751.63426137	2.010668e-15
5753.1053108	1.948679e-15
5754.57636023	1.897821e-15
5756.04740965	1.932243e-15
5757.51845908	1.99558e-15
5758.98950851	1.823872e-15
5760.46055794	1.87281e-15
5761.93160737	2.031226e-15
5763.40265679	1.928949e-15
5764.87370622	1.819192e-15
5766.34475565	1.902374e-15
5767.81580508	1.900196e-15
5769.28685451	1.92642e-15
5770.75790393	1.838543e-15
5772.22895336	1.865224e-15
5773.70000279	1.921258e-15
5775.17105222	1.846702e-15
5776.64210165	1.897643e-15
5778.11315107	2.084901e-15
5779.5842005	1.906846e-15
5781.05524993	1.83665e-15
5782.52629936	1.881097e-15
5783.99734879	1.879439e-15
5785.46839821	1.787158e-15
5786.93944764	1.83848e-15
5788.41049707	1.980459e-15
5789.8815465	1.866577e-15
5791.35259593	1.93352e-15
5792.82364535	1.898185e-15
5794.29469478	1.85846e-15
5795.76574421	1.850017e-15
5797.23679364	1.792933e-15
5798.70784307	1.857572e-15
5800.17889249	1.90413e-15
5801.64994192	1.770592e-15
5803.12099135	1.800259e-15
5804.59204078	1.849055e-15
5806.06309021	1.783689e-15
5807.53413963	1.716292e-15
5809.00518906	1.882582e-15
5810.47623849	1.712001e-15
5811.94728792	1.746073e-15
5813.41833735	1.897559e-15
5814.88938677	1.873903e-15
5816.3604362	1.795749e-15
5817.83148563	1.846292e-15
5819.30253506	1.937324e-15
5820.77358449	1.710346e-15
5822.24463391	1.801803e-15
5823.71568334	1.823035e-15
5825.18673277	1.833778e-15
5826.6577822	1.842654e-15
5828.12883162	1.770894e-15
5829.59988105	1.796051e-15
5831.07093048	1.794663e-15
5832.54197991	1.89414e-15
5834.01302934	1.771751e-15
5835.48407876	1.840646e-15
5836.95512819	1.86189e-15
5838.42617762	1.790101e-15
5839.89722705	1.811949e-15
5841.36827648	1.800936e-15
5842.8393259	1.923106e-15
5844.31037533	1.740977e-15
5845.78142476	1.711267e-15
5847.25247419	1.741806e-15
5848.72352362	1.78138e-15
5850.19457304	1.937276e-15
5851.66562247	1.809638e-15
5853.1366719	1.824543e-15
5854.60772133	1.869208e-15
5856.07877076	1.838772e-15
5857.54982018	1.894819e-15
5859.02086961	1.795778e-15
5860.49191904	1.795923e-15
5861.96296847	1.787776e-15
5863.4340179	1.881319e-15
5864.90506732	1.857418e-15
5866.37611675	1.784357e-15
5867.84716618	1.98326e-15
5869.31821561	1.703728e-15
5870.78926504	1.762466e-15
5872.26031446	1.685061e-15
5873.73136389	1.755291e-15
5875.20241332	1.815382e-15
5876.67346275	1.869041e-15
5878.14451218	1.830555e-15
5879.6155616	1.742909e-15
5881.08661103	1.746655e-15
5882.55766046	1.765088e-15
5884.02870989	1.848162e-15
5885.49975932	1.77537e-15
5886.97080874	1.765751e-15
5888.44185817	1.815172e-15
5889.9129076	1.678591e-15
5891.38395703	1.770223e-15
5892.85500646	1.882092e-15
5894.32605588	1.580629e-15
5895.79710531	1.651053e-15
5897.26815474	1.80817e-15
5898.73920417	1.766084e-15
5900.2102536	1.955346e-15
5901.68130302	1.836754e-15
5903.15235245	1.795409e-15
5904.62340188	1.889666e-15
5906.09445131	1.756869e-15
5907.56550074	1.958729e-15
5909.03655016	1.762925e-15
5910.50759959	1.763571e-15
5911.97864902	1.848418e-15
5913.44969845	1.88017e-15
5914.92074788	1.768537e-15
5916.3917973	1.723689e-15
5917.86284673	1.718585e-15
5919.33389616	1.743648e-15
5920.80494559	1.78521e-15
5922.27599502	1.675228e-15
5923.74704444	1.797237e-15
5925.21809387	1.784477e-15
5926.6891433	1.856365e-15
5928.16019273	1.807599e-15
5929.63124216	1.81011e-15
5931.10229158	1.832167e-15
5932.57334101	1.738114e-15
5934.04439044	1.725954e-15
5935.51543987	1.831731e-15
5936.9864893	1.880818e-15
5938.45753872	1.70802e-15
5939.92858815	1.748437e-15
5941.39963758	1.868522e-15
5942.87068701	1.674595e-15
5944.34173644	1.753374e-15
5945.81278586	1.799137e-15
5947.28383529	1.770639e-15
5948.75488472	1.814416e-15
5950.22593415	1.799346e-15
5951.69698358	1.745309e-15
5953.168033	1.735197e-15
5954.63908243	1.829451e-15
5956.11013186	1.756479e-15
5957.58118129	1.696978e-15
5959.05223072	1.710509e-15
5960.52328014	1.770442e-15
5961.99432957	1.768311e-15
5963.465379	1.712495e-15
5964.93642843	1.763027e-15
5966.40747786	1.710544e-15
5967.87852728	1.785312e-15
5969.34957671	1.711231e-15
5970.82062614	1.604348e-15
5972.29167557	1.824339e-15
5973.762725	1.803673e-15
5975.23377442	1.638325e-15
5976.70482385	1.718553e-15
5978.17587328	1.808377e-15
5979.64692271	1.767844e-15
5981.11797214	1.701415e-15
5982.58902156	1.794409e-15
5984.06007099	1.963175e-15
5985.53112042	1.795234e-15
5987.00216985	1.737235e-15
5988.47321928	1.736443e-15
5989.9442687	1.818689e-15
5991.41531813	1.823535e-15
5992.88636756	1.778266e-15
5994.35741699	1.791067e-15
5995.82846642	1.778139e-15
5997.29951584	1.898787e-15
5998.77056527	1.717729e-15
6000.2416147	1.720291e-15
6001.71266413	1.636111e-15
6003.18371356	1.708452e-15
6004.65476298	1.776306e-15
6006.12581241	1.700145e-15
6007.59686184	1.742731e-15
6009.06791127	1.672732e-15
6010.5389607	1.861488e-15
6012.01001012	1.773209e-15
6013.48105955	1.769126e-15
6014.95210898	1.824563e-15
6016.42315841	1.639185e-15
6017.89420784	1.710563e-15
6019.36525726	1.599813e-15
6020.83630669	1.739061e-15
6022.30735612	1.74336e-15
6023.77840555	1.691119e-15
6025.24945498	1.717362e-15
6026.7205044	1.771129e-15
6028.19155383	1.77138e-15
6029.66260326	1.72536e-15
6031.13365269	1.744966e-15
6032.60470212	1.712936e-15
6034.07575154	1.628795e-15
6035.54680097	1.545533e-15
6037.0178504	1.688296e-15
6038.48889983	1.782646e-15
6039.95994925	1.708414e-15
6041.43099868	1.536685e-15
6042.90204811	1.686208e-15
6044.37309754	1.692578e-15
6045.84414697	1.614131e-15
6047.31519639	1.71065e-15
6048.78624582	1.680615e-15
6050.25729525	1.680948e-15
6051.72834468	1.68064e-15
6053.19939411	1.663708e-15
6054.67044353	1.594965e-15
6056.14149296	1.633681e-15
6057.61254239	1.685066e-15
6059.08359182	1.614283e-15
6060.55464125	1.528035e-15
6062.02569067	1.582309e-15
6063.4967401	1.661259e-15
6064.96778953	1.725363e-15
6066.43883896	1.577831e-15
6067.90988839	1.717173e-15
6069.38093781	1.541927e-15
6070.85198724	1.646343e-15
6072.32303667	1.442651e-15
6073.7940861	1.568721e-15
6075.26513553	1.650244e-15
6076.73618495	1.617147e-15
6078.20723438	1.620913e-15
6079.67828381	1.578291e-15
6081.14933324	1.656575e-15
6082.62038267	1.532857e-15
6084.09143209	1.598722e-15
6085.56248152	1.480958e-15
6087.03353095	1.436688e-15
6088.50458038	1.584242e-15
6089.97562981	1.634609e-15
6091.44667923	1.529431e-15
6092.91772866	1.511454e-15
6094.38877809	1.497492e-15
6095.85982752	1.44724e-15
6097.33087695	1.423588e-15
6098.80192637	1.61427e-15
6100.2729758	1.517973e-15
6101.74402523	1.428699e-15
6103.21507466	1.46278e-15
6104.68612409	1.493117e-15
6106.15717351	1.502309e-15
6107.62822294	1.557269e-15
6109.09927237	1.410742e-15
6110.5703218	1.350654e-15
6112.04137123	1.464757e-15
6113.51242065	1.372559e-15
6114.98347008	1.470509e-15
6116.45451951	1.342211e-15
6117.92556894	1.402093e-15
6119.39661837	1.413853e-15
6120.86766779	1.376996e-15
6122.33871722	1.430566e-15
6123.80976665	1.292533e-15
6125.28081608	1.340117e-15
6126.75186551	1.309592e-15
6128.22291493	1.302222e-15
6129.69396436	1.281824e-15
6131.16501379	1.266115e-15
6132.63606322	1.29279e-15
6134.10711265	1.331658e-15
6135.57816207	1.290588e-15
6137.0492115	1.237155e-15
6138.52026093	1.221933e-15
6139.99131036	1.252123e-15
6141.46235979	1.35126e-15
6142.93340921	1.328185e-15
6144.40445864	1.236406e-15
6145.87550807	1.250464e-15
6147.3465575	1.239703e-15
6148.81760693	1.177436e-15
6150.28865635	1.191299e-15
6151.75970578	1.266836e-15
6153.23075521	1.21176e-15
6154.70180464	1.107985e-15
6156.17285407	1.095269e-15
6157.64390349	1.127671e-15
6159.11495292	1.034721e-15
6160.58600235	1.025845e-15
6162.05705178	1.090734e-15
6163.52810121	1.171467e-15
6164.99915063	1.093956e-15
6166.47020006	1.077352e-15
6167.94124949	1.074091e-15
6169.41229892	1.149803e-15
6170.88334835	1.074475e-15
6172.35439777	1.012618e-15
6173.8254472	1.101475e-15
6175.29649663	1.065323e-15
6176.76754606	1.066729e-15
6178.23859549	1.08106e-15
6179.70964491	9.812179e-16
6181.18069434	1.015487e-15
6182.65174377	1.01225e-15
6184.1227932	1.001924e-15
6185.59384263	1.059119e-15
6187.06489205	1.036293e-15
6188.53594148	9.629365e-16
6190.00699091	1.020677e-15
6191.47804034	9.985818e-16
6192.94908977	1.076408e-15
6194.42013919	1.044113e-15
6195.89118862	9.750647e-16
6197.36223805	1.022556e-15
6198.83328748	1.03275e-15
6200.30433691	1.016531e-15
6201.77538633	1.070433e-15
6203.24643576	8.810228e-16
6204.71748519	9.922285e-16
6206.18853462	1.107453e-15
6207.65958405	1.055375e-15
6209.13063347	1.05627e-15
6210.6016829	9.826303e-16
6212.07273233	9.806255e-16
6213.54378176	1.03741e-15
6215.01483119	1.021586e-15
6216.48588061	1.043524e-15
6217.95693004	1.059599e-15
6219.42797947	1.057029e-15
6220.8990289	1.025971e-15
6222.37007833	1.068457e-15
6223.84112775	1.161227e-15
6225.31217718	1.121255e-15
6226.78322661	1.035721e-15
6228.25427604	1.153103e-15
6229.72532547	1.180729e-15
6231.19637489	1.094731e-15
6232.66742432	1.15829e-15
6234.13847375	1.162944e-15
6235.60952318	1.270663e-15
6237.08057261	1.15365e-15
6238.55162203	1.228072e-15
6240.02267146	1.0905e-15
6241.49372089	1.129656e-15
6242.96477032	1.118121e-15
6244.43581975	1.136079e-15
6245.90686917	1.198403e-15
6247.3779186	1.143193e-15
6248.84896803	1.141737e-15
6250.32001746	1.224669e-15
6251.79106688	1.229484e-15
6253.26211631	1.194513e-15
6254.73316574	1.133237e-15
6256.20421517	1.145021e-15
6257.6752646	1.211064e-15
6259.14631402	1.315947e-15
6260.61736345	1.18695e-15
6262.08841288	1.227282e-15
6263.55946231	1.229027e-15
6265.03051174	1.413996e-15
6266.50156116	1.230596e-15
6267.97261059	1.148369e-15
6269.44366002	1.162226e-15
6270.91470945	1.209319e-15
6272.38575888	1.367922e-15
6273.8568083	1.294087e-15
6275.32785773	1.208217e-15
6276.79890716	1.224542e-15
6278.26995659	1.168827e-15
6279.74100602	1.127753e-15
6281.21205544	1.251282e-15
6282.68310487	1.332687e-15
6284.1541543	1.185569e-15
6285.62520373	1.365637e-15
6287.09625316	1.182033e-15
6288.56730258	1.272146e-15
6290.03835201	1.300853e-15
6291.50940144	1.289139e-15
6292.98045087	1.282939e-15
6294.4515003	1.317439e-15
6295.92254972	1.421489e-15
6297.39359915	1.354018e-15
6298.86464858	1.355165e-15
6300.33569801	1.428295e-15
6301.80674744	1.277384e-15
6303.27779686	1.457804e-15
6304.74884629	1.511345e-15
6306.21989572	1.407545e-15
6307.69094515	1.417115e-15
6309.16199458	1.375427e-15
6310.633044	1.491018e-15
6312.10409343	1.526982e-15
6313.57514286	1.330302e-15
6315.04619229	1.369814e-15
6316.51724172	1.444005e-15
6317.98829114	1.382534e-15
6319.45934057	1.435378e-15
6320.93039	1.439015e-15
6322.40143943	1.527876e-15
6323.87248886	1.626625e-15
6325.34353828	1.425667e-15
6326.81458771	1.453532e-15
6328.28563714	1.441633e-15
6329.75668657	1.572954e-15
6331.227736	1.441701e-15
6332.69878542	1.38442e-15
6334.16983485	1.43381e-15
6335.64088428	1.515495e-15
6337.11193371	1.474042e-15
6338.58298314	1.513839e-15
6340.05403256	1.536789e-15
6341.52508199	1.523838e-15
6342.99613142	1.541332e-15
6344.46718085	1.404874e-15
6345.93823028	1.516495e-15
6347.4092797	1.491907e-15
6348.88032913	1.476032e-15
6350.35137856	1.526574e-15
6351.82242799	1.614916e-15
6353.29347742	1.595429e-15
6354.76452684	1.597582e-15
6356.23557627	1.494125e-15
6357.7066257	1.543868e-15
6359.17767513	1.488816e-15
6360.64872456	1.563803e-15
6362.11977398	1.456165e-15
6363.59082341	1.484919e-15
6365.06187284	1.595164e-15
6366.53292227	1.597566e-15
6368.0039717	1.504077e-15
6369.47502112	1.433844e-15
6370.94607055	1.501385e-15
6372.41711998	1.589552e-15
6373.88816941	1.472082e-15
6375.35921884	1.436281e-15
6376.83026826	1.425451e-15
6378.30131769	1.480313e-15
6379.77236712	1.496092e-15
6381.24341655	1.533677e-15
6382.71446598	1.63602e-15
6384.1855154	1.454608e-15
6385.65656483	1.466319e-15
6387.12761426	1.519609e-15
6388.59866369	1.517106e-15
6390.06971312	1.542206e-15
6391.54076254	1.372394e-15
6393.01181197	1.354261e-15
6394.4828614	1.528118e-15
6395.95391083	1.610751e-15
6397.42496026	1.534164e-15
6398.89600968	1.521925e-15
6400.36705911	1.46301e-15
6401.83810854	1.445956e-15
6403.30915797	1.426103e-15
6404.7802074	1.457901e-15
6406.25125682	1.565462e-15
6407.72230625	1.535505e-15
6409.19335568	1.46168e-15
6410.66440511	1.514772e-15
6412.13545454	1.55499e-15
6413.60650396	1.417819e-15
6415.07755339	1.37872e-15
6416.54860282	1.504681e-15
6418.01965225	1.512938e-15
6419.49070168	1.425416e-15
6420.9617511	1.474539e-15
6422.43280053	1.400896e-15
6423.90384996	1.333791e-15
6425.37489939	1.32859e-15
6426.84594882	1.426219e-15
6428.31699824	1.529286e-15
6429.78804767	1.405254e-15
6431.2590971	1.489643e-15
6432.73014653	1.449444e-15
6434.20119596	1.414294e-15
6435.67224538	1.515045e-15
6437.14329481	1.433845e-15
6438.61434424	1.405095e-15
6440.08539367	1.518497e-15
6441.5564431	1.507185e-15
6443.02749252	1.413866e-15
6444.49854195	1.442499e-15
6445.96959138	1.51527e-15
6447.44064081	1.561933e-15
6448.91169024	1.39723e-15
6450.38273966	1.591085e-15
6451.85378909	1.485363e-15
6453.32483852	1.494446e-15
6454.79588795	1.539767e-15
6456.26693738	1.432615e-15
6457.7379868	1.40698e-15
6459.20903623	1.512795e-15
6460.68008566	1.461659e-15
6462.15113509	1.529533e-15
6463.62218451	1.489858e-15
6465.09323394	1.468263e-15
6466.56428337	1.366204e-15
6468.0353328	1.497432e-15
6469.50638223	1.533731e-15
6470.97743165	1.46053e-15
6472.44848108	1.545395e-15
6473.91953051	1.534995e-15
6475.39057994	1.568492e-15
6476.86162937	1.521088e-15
6478.33267879	1.302271e-15
6479.80372822	1.521981e-15
6481.27477765	1.484704e-15
6482.74582708	1.546851e-15
6484.21687651	1.387299e-15
6485.68792593	1.537361e-15
6487.15897536	1.561277e-15
6488.63002479	1.336354e-15
6490.10107422	1.558732e-15
6491.57212365	1.475976e-15
6493.04317307	1.452174e-15
6494.5142225	1.413355e-15
6495.98527193	1.316257e-15
6497.45632136	1.446944e-15
6498.92737079	1.453275e-15
6500.39842021	1.550924e-15
6501.86946964	1.480015e-15
6503.34051907	1.497195e-15
6504.8115685	1.416923e-15
6506.28261793	1.416051e-15
6507.75366735	1.584189e-15
6509.22471678	1.493629e-15
6510.69576621	1.383462e-15
6512.16681564	1.500888e-15
6513.63786507	1.428844e-15
6515.10891449	1.389049e-15
6516.57996392	1.502753e-15
6518.05101335	1.46351e-15
6519.52206278	1.415012e-15
6520.99311221	1.41216e-15
6522.46416163	1.408727e-15
6523.93521106	1.399829e-15
6525.40626049	1.351999e-15
6526.87730992	1.380209e-15
6528.34835935	1.401313e-15
6529.81940877	1.361173e-15
6531.2904582	1.429176e-15
6532.76150763	1.351774e-15
6534.23255706	1.444354e-15
6535.70360649	1.403421e-15
6537.17465591	1.285404e-15
6538.64570534	1.505362e-15
6540.11675477	1.425566e-15
6541.5878042	1.402999e-15
6543.05885363	1.461841e-15
6544.52990305	1.421745e-15
6546.00095248	1.470009e-15
6547.47200191	1.380529e-15
6548.94305134	1.425362e-15
6550.41410077	1.382545e-15
6551.88515019	1.389388e-15
6553.35619962	1.419833e-15
6554.82724905	1.343785e-15
6556.29829848	1.494368e-15
6557.76934791	1.401251e-15
6559.24039733	1.2689e-15
6560.71144676	1.322921e-15
6562.18249619	1.549344e-15
6563.65354562	1.415713e-15
6565.12459505	1.335838e-15
6566.59564447	1.302075e-15
6568.0666939	1.348485e-15
6569.53774333	1.417654e-15
6571.00879276	1.359545e-15
6572.47984219	1.316795e-15
6573.95089161	1.337793e-15
6575.42194104	1.502823e-15
6576.89299047	1.466657e-15
6578.3640399	1.382157e-15
6579.83508933	1.389272e-15
6581.30613875	1.368701e-15
6582.77718818	1.352745e-15
6584.24823761	1.2668e-15
6585.71928704	1.394947e-15
6587.19033647	1.455702e-15
6588.66138589	1.340511e-15
6590.13243532	1.394918e-15
6591.60348475	1.463088e-15
6593.07453418	1.357455e-15
6594.54558361	1.355089e-15
6596.01663303	1.423873e-15
6597.48768246	1.365577e-15
6598.95873189	1.400861e-15
6600.42978132	1.368441e-15
6601.90083075	1.42266e-15
6603.37188017	1.448619e-15
6604.8429296	1.425571e-15
6606.31397903	1.4217e-15
6607.78502846	1.323202e-15
6609.25607789	1.372505e-15
6610.72712731	1.385002e-15
6612.19817674	1.359796e-15
6613.66922617	1.302548e-15
6615.1402756	1.313103e-15
6616.61132503	1.435484e-15
6618.08237445	1.40058e-15
6619.55342388	1.390906e-15
6621.02447331	1.423687e-15
6622.49552274	1.438329e-15
6623.96657217	1.468272e-15
6625.43762159	1.336301e-15
6626.90867102	1.361804e-15
6628.37972045	1.353893e-15
6629.85076988	1.428973e-15
6631.32181931	1.547977e-15
6632.79286873	1.412344e-15
6634.26391816	1.357525e-15
6635.73496759	1.378974e-15
6637.20601702	1.333747e-15
6638.67706645	1.384804e-15
6640.14811587	1.393839e-15
6641.6191653	1.341094e-15
6643.09021473	1.346935e-15
6644.56126416	1.446436e-15
6646.03231359	1.337862e-15
6647.50336301	1.486605e-15
6648.97441244	1.379981e-15
6650.44546187	1.359441e-15
6651.9165113	1.445413e-15
6653.38756073	1.496032e-15
6654.85861015	1.452769e-15
6656.32965958	1.414177e-15
6657.80070901	1.444308e-15
6659.27175844	1.387499e-15
6660.74280787	1.401789e-15
6662.21385729	1.373788e-15
6663.68490672	1.370497e-15
6665.15595615	1.458555e-15
6666.62700558	1.302627e-15
6668.09805501	1.470751e-15
6669.56910443	1.399804e-15
6671.04015386	1.311381e-15
6672.51120329	1.27205e-15
6673.98225272	1.295189e-15
6675.45330214	1.357232e-15
6676.92435157	1.218318e-15
6678.395401	1.36303e-15
6679.86645043	1.3358e-15
6681.33749986	1.357209e-15
6682.80854928	1.353521e-15
6684.27959871	1.336151e-15
6685.75064814	1.243808e-15
6687.22169757	1.383769e-15
6688.692747	1.269661e-15
6690.16379642	1.267563e-15
6691.63484585	1.369747e-15
6693.10589528	1.331883e-15
6694.57694471	1.230131e-15
6696.04799414	1.290776e-15
6697.51904356	1.361654e-15
6698.99009299	1.348269e-15
6700.46114242	1.347012e-15
6701.93219185	1.351701e-15
6703.40324128	1.403096e-15
6704.8742907	1.305121e-15
6706.34534013	1.373521e-15
6707.81638956	1.324796e-15
6709.28743899	1.30065e-15
6710.75848842	1.248752e-15
6712.22953784	1.268603e-15
6713.70058727	1.378991e-15
6715.1716367	1.302993e-15
6716.64268613	1.269994e-15
6718.11373556	1.457189e-15
6719.58478498	1.348805e-15
6721.05583441	1.345325e-15
6722.52688384	1.337327e-15
6723.99793327	1.28155e-15
6725.4689827	1.26651e-15
6726.94003212	1.308963e-15
6728.41108155	1.409548e-15
6729.88213098	1.22722e-15
6731.35318041	1.31873e-15
6732.82422984	1.422009e-15
6734.29527926	1.372318e-15
6735.76632869	1.321065e-15
6737.23737812	1.304342e-15
6738.70842755	1.306394e-15
6740.17947698	1.369156e-15
6741.6505264	1.21919e-15
6743.12157583	1.282371e-15
6744.59262526	1.366345e-15
6746.06367469	1.411508e-15
6747.53472412	1.328351e-15
6749.00577354	1.270682e-15
6750.47682297	1.271507e-15
6751.9478724	1.334149e-15
6753.41892183	1.367898e-15
6754.88997126	1.279836e-15
6756.36102068	1.224924e-15
6757.83207011	1.234639e-15
6759.30311954	1.271168e-15
6760.77416897	1.224161e-15
6762.2452184	1.309202e-15
6763.71626782	1.217021e-15
6765.18731725	1.271865e-15
6766.65836668	1.251838e-15
6768.12941611	1.33016e-15
6769.60046554	1.317862e-15
6771.07151496	1.2175e-15
6772.54256439	1.286475e-15
6774.01361382	1.343458e-15
6775.48466325	1.298298e-15
6776.95571268	1.188352e-15
6778.4267621	1.292044e-15
6779.89781153	1.20802e-15
6781.36886096	1.142979e-15
6782.83991039	1.260003e-15
6784.31095982	1.220544e-15
6785.78200924	1.316035e-15
6787.25305867	1.275877e-15
6788.7241081	1.26845e-15
6790.19515753	1.185482e-15
6791.66620696	1.189601e-15
6793.13725638	1.170368e-15
6794.60830581	1.154207e-15
6796.07935524	1.217842e-15
6797.55040467	1.171446e-15
6799.0214541	1.114782e-15
6800.49250352	1.26055e-15
6801.96355295	1.216784e-15
6803.43460238	1.138392e-15
6804.90565181	1.282637e-15
6806.37670124	1.23218e-15
6807.84775066	1.14426e-15
6809.31880009	1.233216e-15
6810.78984952	1.291466e-15
6812.26089895	1.338746e-15
6813.73194838	1.23798e-15
6815.2029978	1.242881e-15
6816.67404723	1.274944e-15
6818.14509666	1.27314e-15
6819.61614609	1.284361e-15
6821.08719552	1.206766e-15
6822.55824494	1.208923e-15
6824.02929437	1.162748e-15
6825.5003438	1.258903e-15
6826.97139323	1.216544e-15
6828.44244266	1.219272e-15
6829.91349208	1.309922e-15
6831.38454151	1.262259e-15
6832.85559094	1.24812e-15
6834.32664037	1.139796e-15
6835.7976898	1.073266e-15
6837.26873922	1.21194e-15
6838.73978865	1.281541e-15
6840.21083808	1.308661e-15
6841.68188751	1.275939e-15
6843.15293694	1.178431e-15
6844.62398636	1.25223e-15
6846.09503579	1.22209e-15
6847.56608522	1.144027e-15
6849.03713465	1.117085e-15
6850.50818408	1.156893e-15
6851.9792335	1.171766e-15
6853.45028293	1.14478e-15
6854.92133236	1.239026e-15
6856.39238179	1.183767e-15
6857.86343122	1.064967e-15
6859.33448064	1.206594e-15
6860.80553007	1.19433e-15
6862.2765795	1.179216e-15
6863.74762893	1.146445e-15
6865.21867836	1.074218e-15
6866.68972778	1.081372e-15
6868.16077721	9.547258e-16
6869.63182664	8.362264e-16
6871.10287607	6.829837e-16
6872.5739255	7.476871e-16
6874.04497492	8.303884e-16
6875.51602435	8.812218e-16
6876.98707378	9.46655e-16
6878.45812321	1.020693e-15
6879.92917264	1.016873e-15
6881.40022206	1.027495e-15
6882.87127149	1.145444e-15
6884.34232092	1.039407e-15
6885.81337035	1.009245e-15
6887.28441978	9.292012e-16
6888.7554692	9.684422e-16
6890.22651863	9.977277e-16
6891.69756806	1.011629e-15
6893.16861749	1.053675e-15
6894.63966691	9.956407e-16
6896.11071634	9.928263e-16
6897.58176577	1.076117e-15
6899.0528152	9.612641e-16
6900.52386463	1.019927e-15
6901.99491405	1.048114e-15
6903.46596348	1.072204e-15
6904.93701291	1.066165e-15
6906.40806234	1.048366e-15
6907.87911177	1.143791e-15
6909.35016119	1.035944e-15
6910.82121062	1.150033e-15
6912.29226005	1.085863e-15
6913.76330948	1.026559e-15
6915.23435891	9.879786e-16
6916.70540833	1.137592e-15
6918.17645776	1.037668e-15
6919.64750719	9.652839e-16
6921.11855662	9.681883e-16
6922.58960605	1.028933e-15
6924.06065547	1.163192e-15
6925.5317049	1.135096e-15
6927.00275433	1.08701e-15
6928.47380376	1.125715e-15
6929.94485319	1.173151e-15
6931.41590261	1.096161e-15
6932.88695204	1.046933e-15
6934.35800147	1.086691e-15
6935.8290509	1.062668e-15
6937.30010033	1.115017e-15
6938.77114975	1.083325e-15
6940.24219918	1.090192e-15
6941.71324861	1.012261e-15
6943.18429804	9.823279e-16
6944.65534747	9.951173e-16
6946.12639689	9.51176e-16
6947.59744632	1.084966e-15
6949.06849575	9.799615e-16
6950.53954518	9.663841e-16
6952.01059461	1.020003e-15
6953.48164403	1.070065e-15
6954.95269346	1.125738e-15
6956.42374289	1.152034e-15
6957.89479232	1.049339e-15
6959.36584175	9.429684e-16
6960.83689117	1.020667e-15
6962.3079406	1.058686e-15
6963.77899003	9.73367e-16
6965.25003946	1.06422e-15
6966.72108889	1.139654e-15
6968.19213831	1.152981e-15
6969.66318774	1.085631e-15
6971.13423717	1.067522e-15
6972.6052866	1.183732e-15
6974.07633603	1.058374e-15
6975.54738545	1.013148e-15
6977.01843488	1.167243e-15
6978.48948431	1.02963e-15
6979.96053374	9.826495e-16
6981.43158317	1.064116e-15
6982.90263259	9.88393e-16
6984.37368202	1.170868e-15
6985.84473145	1.016344e-15
6987.31578088	1.082435e-15
6988.78683031	9.894766e-16
6990.25787973	1.053138e-15
6991.72892916	9.887874e-16
6993.19997859	9.583273e-16
6994.67102802	1.007167e-15
6996.14207745	1.003988e-15
6997.61312687	1.06039e-15
6999.0841763	1.056561e-15
7000.55522573	9.726946e-16
7002.02627516	9.721431e-16
7003.49732459	1.017856e-15
7004.96837401	9.994508e-16
7006.43942344	1.036386e-15
7007.91047287	1.036583e-15
7009.3815223	1.075285e-15
7010.85257173	1.028623e-15
7012.32362115	1.015099e-15
7013.79467058	1.121353e-15
7015.26572001	1.114302e-15
7016.73676944	1.155983e-15
7018.20781887	1.089495e-15
7019.67886829	1.031166e-15
7021.14991772	9.179277e-16
7022.62096715	1.041321e-15
7024.09201658	9.823554e-16
7025.56306601	1.005137e-15
7027.03411543	9.714754e-16
7028.50516486	9.76166e-16
7029.97621429	9.597918e-16
7031.44726372	1.056389e-15
7032.91831315	1.068012e-15
7034.38936257	9.795247e-16
7035.860412	9.976597e-16
7037.33146143	1.111967e-15
7038.80251086	9.209755e-16
7040.27356029	9.42665e-16
7041.74460971	1.117695e-15
7043.21565914	1.09218e-15
7044.68670857	9.957575e-16
7046.157758	9.598518e-16
7047.62880743	1.14911e-15
7049.09985685	9.629875e-16
7050.57090628	9.263034e-16
7052.04195571	8.40648e-16
7053.51300514	9.854696e-16
7054.98405457	1.054949e-15
7056.45510399	1.045562e-15
7057.92615342	9.927807e-16
7059.39720285	1.014282e-15
7060.86825228	1.019236e-15
7062.33930171	1.076173e-15
7063.81035113	9.195861e-16
7065.28140056	9.41064e-16
7066.75244999	9.949616e-16
7068.22349942	1.032463e-15
7069.69454885	1.092835e-15
7071.16559827	1.059576e-15
7072.6366477	9.476859e-16
7074.10769713	1.098111e-15
7075.57874656	9.92537e-16
7077.04979599	1.021667e-15
7078.52084541	1.065554e-15
7079.99189484	1.00225e-15
7081.46294427	1.033437e-15
7082.9339937	9.964996e-16
7084.40504313	9.853216e-16
7085.87609255	1.062706e-15
7087.34714198	9.646231e-16
7088.81819141	1.049373e-15
7090.28924084	1.075401e-15
7091.76029027	1.019214e-15
7093.23133969	1.06479e-15
7094.70238912	9.636137e-16
7096.17343855	8.761967e-16
7097.64448798	9.275638e-16
7099.11553741	9.690212e-16
7100.58658683	8.626359e-16
7102.05763626	9.593707e-16
7103.52868569	9.858929e-16
7104.99973512	1.020825e-15
7106.47078454	1.005986e-15
7107.94183397	9.701514e-16
7109.4128834	1.088065e-15
7110.88393283	1.042289e-15
7112.35498226	1.184663e-15
7113.82603168	1.035719e-15
7115.29708111	1.058334e-15
7116.76813054	9.76648e-16
7118.23917997	9.559281e-16
7119.7102294	9.986025e-16
7121.18127882	1.059825e-15
7122.65232825	1.117795e-15
7124.12337768	1.029624e-15
7125.59442711	1.101315e-15
7127.06547654	1.127915e-15
7128.53652596	1.049273e-15
7130.00757539	1.071795e-15
7131.47862482	9.722408e-16
7132.94967425	1.002547e-15
7134.42072368	1.124553e-15
7135.8917731	1.047051e-15
7137.36282253	1.01904e-15
7138.83387196	1.006738e-15
7140.30492139	1.085624e-15
7141.77597082	1.005995e-15
7143.24702024	9.660562e-16
7144.71806967	1.018008e-15
7146.1891191	1.041497e-15
7147.66016853	1.035658e-15
7149.13121796	9.629784e-16
7150.60226738	9.877414e-16
7152.07331681	9.739963e-16
7153.54436624	1.011382e-15
7155.01541567	1.092326e-15
7156.4864651	1.071921e-15
7157.95751452	1.029003e-15
7159.42856395	1.036717e-15
7160.89961338	1.047692e-15
7162.37066281	9.623143e-16
7163.84171224	1.056728e-15
7165.31276166	1.058474e-15
7166.78381109	1.03641e-15
7168.25486052	1.034057e-15
7169.72590995	1.033549e-15
7171.19695938	1.036698e-15
7172.6680088	9.806544e-16
7174.13905823	9.806278e-16
7175.61010766	9.850264e-16
7177.08115709	1.021805e-15
7178.55220652	1.108708e-15
7180.02325594	9.277136e-16
7181.49430537	9.825808e-16
7182.9653548	9.946091e-16
7184.43640423	9.828549e-16
7185.90745366	1.021371e-15
7187.37850308	9.132133e-16
7188.84955251	8.494372e-16
7190.32060194	9.94467e-16
7191.79165137	9.383958e-16
7193.2627008	8.817897e-16
7194.73375022	9.511097e-16
7196.20479965	9.494307e-16
7197.67584908	9.049975e-16
7199.14689851	9.566852e-16
7200.61794794	1.017283e-15
7202.08899736	9.385685e-16
7203.56004679	8.743992e-16
7205.03109622	8.657668e-16
7206.50214565	9.765435e-16
7207.97319508	1.00994e-15
7209.4442445	9.75177e-16
7210.91529393	9.837297e-16
7212.38634336	1.007199e-15
7213.85739279	1.096227e-15
7215.32844222	1.133715e-15
7216.79949164	1.075118e-15
7218.27054107	9.737607e-16
7219.7415905	1.077179e-15
7221.21263993	1.042532e-15
7222.68368936	9.953651e-16
7224.15473878	1.00886e-15
7225.62578821	9.867656e-16
7227.09683764	1.062905e-15
7228.56788707	1.009281e-15
7230.0389365	1.010233e-15
7231.50998592	1.034698e-15
7232.98103535	9.088511e-16
7234.45208478	8.234703e-16
7235.92313421	9.680981e-16
7237.39418364	1.009828e-15
7238.86523306	9.329968e-16
7240.33628249	9.667788e-16
7241.80733192	1.059794e-15
7243.27838135	1.011804e-15
7244.74943078	1.097107e-15
7246.2204802	1.045054e-15
7247.69152963	9.117389e-16
7249.16257906	9.53874e-16
7250.63362849	1.081732e-15
7252.10467792	9.899092e-16
7253.57572734	1.00607e-15
7255.04677677	8.953857e-16
7256.5178262	8.617109e-16
7257.98887563	1.011647e-15
7259.45992506	1.080323e-15
7260.93097448	9.262622e-16
7262.40202391	9.419094e-16
7263.87307334	9.478323e-16
7265.34412277	8.994874e-16
7266.8151722	9.468129e-16
7268.28622162	9.407136e-16
7269.75727105	9.533023e-16
7271.22832048	9.561181e-16
7272.69936991	9.049181e-16
7274.17041934	7.852604e-16
7275.64146876	1.017598e-15
7277.11251819	9.43701e-16
7278.58356762	1.01389e-15
7280.05461705	1.093023e-15
7281.52566648	9.390692e-16
7282.9967159	9.473062e-16
7284.46776533	1.140021e-15
7285.93881476	9.530926e-16
7287.40986419	9.472325e-16
7288.88091362	9.915691e-16
7290.35196304	1.056957e-15
7291.82301247	1.010975e-15
7293.2940619	1.057909e-15
7294.76511133	9.313489e-16
7296.23616076	8.319473e-16
7297.70721018	9.846364e-16
7299.17825961	9.936683e-16
7300.64930904	9.928176e-16
7302.12035847	9.30696e-16
7303.5914079	8.971577e-16
7305.06245732	9.096827e-16
7306.53350675	8.025954e-16
7308.00455618	9.034503e-16
7309.47560561	9.74024e-16
7310.94665504	9.286134e-16
7312.41770446	9.274225e-16
7313.88875389	9.514111e-16
7315.35980332	1.045682e-15
7316.83085275	9.865031e-16
7318.30190217	1.052128e-15
7319.7729516	1.011153e-15
7321.24400103	9.611861e-16
7322.71505046	1.093234e-15
7324.18609989	9.738987e-16
7325.65714931	9.030459e-16
7327.12819874	9.308081e-16
7328.59924817	9.492086e-16
7330.0702976	1.010962e-15
7331.54134703	1.00539e-15
7333.01239645	9.746304e-16
7334.48344588	1.054097e-15
7335.95449531	9.59561e-16
7337.42554474	9.034027e-16
7338.89659417	9.383639e-16
7340.36764359	9.583508e-16
7341.83869302	8.521001e-16
7343.30974245	9.538031e-16
7344.78079188	9.963478e-16
7346.25184131	9.236656e-16
7347.72289073	9.853898e-16
7349.19394016	8.977474e-16
7350.66498959	9.014703e-16
7352.13603902	9.416594e-16
7353.60708845	9.272751e-16
7355.07813787	9.717202e-16
7356.5491873	8.669777e-16
7358.02023673	8.858193e-16
7359.49128616	8.19879e-16
7360.96233559	8.633585e-16
7362.43338501	8.520358e-16
7363.90443444	1.156632e-15
7365.37548387	9.518264e-16
7366.8465333	9.199953e-16
7368.31758273	9.567461e-16
7369.78863215	9.073312e-16
7371.25968158	9.328752e-16
7372.73073101	9.821173e-16
7374.20178044	9.845526e-16
7375.67282987	8.92961e-16
7377.14387929	9.344566e-16
7378.61492872	8.928241e-16
7380.08597815	8.317539e-16
7381.55702758	8.47285e-16
7383.02807701	9.035576e-16
7384.49912643	9.633318e-16
7385.97017586	8.766686e-16
7387.44122529	8.530303e-16
7388.91227472	9.922482e-16
7390.38332415	9.845426e-16
7391.85437357	8.236792e-16
7393.325423	9.592438e-16
7394.79647243	9.616814e-16
7396.26752186	9.557287e-16
7397.73857129	7.98374e-16
7399.20962071	8.375533e-16
7400.68067014	8.634671e-16
7402.15171957	8.202615e-16
7403.622769	7.766416e-16
7405.09381843	8.005323e-16
7406.56486785	8.170859e-16
7408.03591728	8.104559e-16
7409.50696671	8.157494e-16
7410.97801614	9.001914e-16
7412.44906557	9.338871e-16
7413.92011499	8.435808e-16
7415.39116442	9.266589e-16
7416.86221385	7.275621e-16
7418.33326328	8.890105e-16
7419.80431271	8.672988e-16
