#	 atlas16eej 
#	 UT date of observation: 20170103 
#	 Telescope/Instrument: SOAR/Goodman 
#	 Estimated Peak MJD: 57755.887 
#	 Estimated redshift: 0.049 
#	 Estimated Phase: 0.1 
#	 Published in Dettman et al. 2020 
#	 Observed barycentric wavelength (Angstroms)    F_lambda
3600.0	0.6130927
3602.0	0.5856187
3604.0	0.6175233
3606.0	0.6611589
3608.0	0.6226593
3610.0	0.6175438
3612.0	0.6221659
3614.0	0.6517615
3616.0	0.694338
3618.0	0.6743596
3620.0	0.6990697
3622.0	0.717455
3624.0	0.6764858
3626.0	0.6710554
3628.0	0.7062135
3630.0	0.7308134
3632.0	0.6916304
3634.0	0.6685966
3636.0	0.6973848
3638.0	0.6869937
3640.0	0.6875268
3642.0	0.705116
3644.0	0.6903002
3646.0	0.6876211
3648.0	0.7090615
3650.0	0.7199985
3652.0	0.7222913
3654.0	0.7076079
3656.0	0.6863093
3658.0	0.6957397
3660.0	0.6836586
3662.0	0.6677413
3664.0	0.6959736
3666.0	0.6969389
3668.0	0.6690927
3670.0	0.673073
3672.0	0.6961734
3674.0	0.6894419
3676.0	0.6764075
3678.0	0.683325
3680.0	0.6577438
3682.0	0.6622105
3684.0	0.6717854
3686.0	0.6606705
3688.0	0.6735742
3690.0	0.6840207
3692.0	0.676299
3694.0	0.6828938
3696.0	0.6859667
3698.0	0.6771101
3700.0	0.6794678
3702.0	0.6775026
3704.0	0.66826
3706.0	0.6745409
3708.0	0.7067439
3710.0	0.721558
3712.0	0.6977802
3714.0	0.6749077
3716.0	0.6850377
3718.0	0.6970432
3720.0	0.6805107
3722.0	0.6800037
3724.0	0.7118526
3726.0	0.7227197
3728.0	0.7169455
3730.0	0.7158383
3732.0	0.7311991
3734.0	0.7419458
3736.0	0.7216726
3738.0	0.7325482
3740.0	0.7456669
3742.0	0.7202793
3744.0	0.7124643
3746.0	0.7204828
3748.0	0.7332562
3750.0	0.7356188
3752.0	0.7016607
3754.0	0.7059031
3756.0	0.7250947
3758.0	0.6927459
3760.0	0.6897588
3762.0	0.6968319
3764.0	0.6783718
3766.0	0.6766781
3768.0	0.6850899
3770.0	0.6939935
3772.0	0.7091829
3774.0	0.7156641
3776.0	0.7081169
3778.0	0.7051015
3780.0	0.7047286
3782.0	0.705713
3784.0	0.6940461
3786.0	0.715483
3788.0	0.7218438
3790.0	0.7017345
3792.0	0.676587
3794.0	0.6729618
3796.0	0.677454
3798.0	0.690563
3800.0	0.6751469
3802.0	0.6682526
3804.0	0.6525639
3806.0	0.6416606
3808.0	0.6232857
3810.0	0.6205512
3812.0	0.6229906
3814.0	0.6073938
3816.0	0.5917347
3818.0	0.5960547
3820.0	0.5722708
3822.0	0.5594623
3824.0	0.5420963
3826.0	0.5272834
3828.0	0.5110576
3830.0	0.5082178
3832.0	0.5070153
3834.0	0.4958583
3836.0	0.4842894
3838.0	0.4685158
3840.0	0.4520767
3842.0	0.4522969
3844.0	0.4387825
3846.0	0.428903
3848.0	0.4298106
3850.0	0.4228716
3852.0	0.4170032
3854.0	0.4041536
3856.0	0.4053099
3858.0	0.4253092
3860.0	0.422718
3862.0	0.4119627
3864.0	0.3930958
3866.0	0.3962677
3868.0	0.3949507
3870.0	0.3903
3872.0	0.3891431
3874.0	0.4089455
3876.0	0.403297
3878.0	0.392771
3880.0	0.4001212
3882.0	0.3948918
3884.0	0.3973189
3886.0	0.3953228
3888.0	0.3816591
3890.0	0.3865649
3892.0	0.3918208
3894.0	0.382928
3896.0	0.3837381
3898.0	0.3797501
3900.0	0.388816
3902.0	0.3961133
3904.0	0.4006404
3906.0	0.4029546
3908.0	0.4174545
3910.0	0.4406679
3912.0	0.4463665
3914.0	0.4509739
3916.0	0.4460153
3918.0	0.4330925
3920.0	0.4463819
3922.0	0.455015
3924.0	0.4643979
3926.0	0.4857476
3928.0	0.4806572
3930.0	0.4899621
3932.0	0.4900343
3934.0	0.4870107
3936.0	0.5045532
3938.0	0.520167
3940.0	0.5241725
3942.0	0.5180114
3944.0	0.5338439
3946.0	0.5390799
3948.0	0.5239375
3950.0	0.5292805
3952.0	0.5427151
3954.0	0.538831
3956.0	0.5321808
3958.0	0.5383482
3960.0	0.5466308
3962.0	0.5367251
3964.0	0.512982
3966.0	0.5122732
3968.0	0.51583
3970.0	0.4985746
3972.0	0.4870092
3974.0	0.4840869
3976.0	0.4801724
3978.0	0.4791137
3980.0	0.4774291
3982.0	0.4715639
3984.0	0.4744622
3986.0	0.4774374
3988.0	0.4833342
3990.0	0.4853965
3992.0	0.4849329
3994.0	0.4874533
3996.0	0.4719902
3998.0	0.4805294
4000.0	0.4704346
4002.0	0.4692457
4004.0	0.4667326
4006.0	0.4707746
4008.0	0.4742755
4010.0	0.4500564
4012.0	0.4571321
4014.0	0.4675341
4016.0	0.4698785
4018.0	0.4729167
4020.0	0.4734214
4022.0	0.4760632
4024.0	0.4898058
4026.0	0.4984443
4028.0	0.5057189
4030.0	0.5217455
4032.0	0.5284601
4034.0	0.5281407
4036.0	0.5266603
4038.0	0.5379196
4040.0	0.54155
4042.0	0.5452814
4044.0	0.5602753
4046.0	0.5486166
4048.0	0.5533653
4050.0	0.5599788
4052.0	0.5614303
4054.0	0.568766
4056.0	0.5799488
4058.0	0.5735199
4060.0	0.5556048
4062.0	0.5571759
4064.0	0.566759
4066.0	0.5731164
4068.0	0.5828755
4070.0	0.5797442
4072.0	0.5896164
4074.0	0.5874209
4076.0	0.5772616
4078.0	0.5776291
4080.0	0.5823528
4082.0	0.5733343
4084.0	0.5748291
4086.0	0.5832148
4088.0	0.593282
4090.0	0.5999889
4092.0	0.6063754
4094.0	0.6181638
4096.0	0.6056113
4098.0	0.6218215
4100.0	0.6388789
4102.0	0.6382871
4104.0	0.6321404
4106.0	0.6450591
4108.0	0.6611765
4110.0	0.6599784
4112.0	0.6597013
4114.0	0.6680491
4116.0	0.6764457
4118.0	0.6777664
4120.0	0.6850683
4122.0	0.6865303
4124.0	0.6780641
4126.0	0.6597696
4128.0	0.6353238
4130.0	0.6468725
4132.0	0.6734879
4134.0	0.6873935
4136.0	0.6859993
4138.0	0.6926473
4140.0	0.702763
4142.0	0.6894673
4144.0	0.6858088
4146.0	0.6906698
4148.0	0.6914346
4150.0	0.7041829
4152.0	0.7190438
4154.0	0.7127235
4156.0	0.7032154
4158.0	0.6842465
4160.0	0.6597309
4162.0	0.6571113
4164.0	0.6625034
4166.0	0.6683633
4168.0	0.6766447
4170.0	0.6627709
4172.0	0.6710107
4174.0	0.6711258
4176.0	0.666927
4178.0	0.6660734
4180.0	0.6532332
4182.0	0.6561557
4184.0	0.6576748
4186.0	0.6625692
4188.0	0.6619986
4190.0	0.6603392
4192.0	0.6640291
4194.0	0.6757635
4196.0	0.6823899
4198.0	0.6810722
4200.0	0.6818436
4202.0	0.6813765
4204.0	0.6804661
4206.0	0.677249
4208.0	0.6865779
4210.0	0.6981633
4212.0	0.7047523
4214.0	0.7017841
4216.0	0.7023522
4218.0	0.7100046
4220.0	0.7095556
4222.0	0.7180889
4224.0	0.7149224
4226.0	0.7161843
4228.0	0.7266951
4230.0	0.7178858
4232.0	0.7137044
4234.0	0.7269792
4236.0	0.7379943
4238.0	0.7349005
4240.0	0.7339956
4242.0	0.7338131
4244.0	0.7484702
4246.0	0.7546262
4248.0	0.7464874
4250.0	0.7495668
4252.0	0.7524952
4254.0	0.7542206
4256.0	0.7502579
4258.0	0.7503538
4260.0	0.7512851
4262.0	0.7591707
4264.0	0.7557834
4266.0	0.7433701
4268.0	0.7362435
4270.0	0.7303063
4272.0	0.7313812
4274.0	0.7296984
4276.0	0.7315746
4278.0	0.7192203
4280.0	0.7048371
4282.0	0.7149139
4284.0	0.7270178
4286.0	0.727658
4288.0	0.7217409
4290.0	0.7227036
4292.0	0.7214839
4294.0	0.7074113
4296.0	0.7031677
4298.0	0.7079069
4300.0	0.7048385
4302.0	0.6941829
4304.0	0.6868858
4306.0	0.680086
4308.0	0.6593948
4310.0	0.6571406
4312.0	0.6628274
4314.0	0.6477124
4316.0	0.6492383
4318.0	0.6625319
4320.0	0.6508121
4322.0	0.6328478
4324.0	0.6375528
4326.0	0.6449787
4328.0	0.6289434
4330.0	0.6331826
4332.0	0.6377795
4334.0	0.6225065
4336.0	0.6066375
4338.0	0.6099669
4340.0	0.6158127
4342.0	0.6052882
4344.0	0.6019121
4346.0	0.6004341
4348.0	0.5942578
4350.0	0.5962949
4352.0	0.5958647
4354.0	0.5877933
4356.0	0.5978354
4358.0	0.6129525
4360.0	0.6102403
4362.0	0.6077318
4364.0	0.5994169
4366.0	0.5943442
4368.0	0.6011857
4370.0	0.5897017
4372.0	0.5898131
4374.0	0.5888012
4376.0	0.5810027
4378.0	0.5890148
4380.0	0.5831164
4382.0	0.5710024
4384.0	0.5548555
4386.0	0.5426741
4388.0	0.5444663
4390.0	0.5276235
4392.0	0.5285228
4394.0	0.5125723
4396.0	0.5107942
4398.0	0.5066717
4400.0	0.5010055
4402.0	0.4940969
4404.0	0.4874846
4406.0	0.4849854
4408.0	0.4846521
4410.0	0.4696818
4412.0	0.469012
4414.0	0.4609586
4416.0	0.4548674
4418.0	0.4459955
4420.0	0.4397259
4422.0	0.4390537
4424.0	0.4517137
4426.0	0.4367679
4428.0	0.4291713
4430.0	0.4197621
4432.0	0.4252456
4434.0	0.4222035
4436.0	0.406904
4438.0	0.4047863
4440.0	0.4069826
4442.0	0.407278
4444.0	0.3988091
4446.0	0.3994976
4448.0	0.400856
4450.0	0.3873439
4452.0	0.386727
4454.0	0.3776915
4456.0	0.3799754
4458.0	0.3773463
4460.0	0.3791477
4462.0	0.3729323
4464.0	0.3625467
4466.0	0.3765532
4468.0	0.3755348
4470.0	0.3621295
4472.0	0.3530088
4474.0	0.3483599
4476.0	0.3541809
4478.0	0.3438275
4480.0	0.3335094
4482.0	0.3416154
4484.0	0.3395745
4486.0	0.3507363
4488.0	0.354752
4490.0	0.341175
4492.0	0.3506773
4494.0	0.3639869
4496.0	0.3491196
4498.0	0.3544047
4500.0	0.3632703
4502.0	0.3757184
4504.0	0.369106
4506.0	0.3699975
4508.0	0.369242
4510.0	0.3740909
4512.0	0.3776861
4514.0	0.3861661
4516.0	0.3909886
4518.0	0.3898578
4520.0	0.3920647
4522.0	0.3950235
4524.0	0.4022779
4526.0	0.4025936
4528.0	0.4051947
4530.0	0.4048856
4532.0	0.4099533
4534.0	0.413336
4536.0	0.4269007
4538.0	0.4256242
4540.0	0.4307835
4542.0	0.4428883
4544.0	0.4345991
4546.0	0.4459426
4548.0	0.453862
4550.0	0.454929
4552.0	0.461628
4554.0	0.4710534
4556.0	0.473966
4558.0	0.4727315
4560.0	0.4662112
4562.0	0.4687901
4564.0	0.484433
4566.0	0.4923217
4568.0	0.4997971
4570.0	0.4926221
4572.0	0.4953214
4574.0	0.503931
4576.0	0.5180852
4578.0	0.5134211
4580.0	0.5140401
4582.0	0.5243993
4584.0	0.5194533
4586.0	0.5259424
4588.0	0.5279738
4590.0	0.5199103
4592.0	0.51283
4594.0	0.5069571
4596.0	0.5069228
4598.0	0.4952549
4600.0	0.4870264
4602.0	0.4885868
4604.0	0.4802448
4606.0	0.4812099
4608.0	0.4810651
4610.0	0.4656785
4612.0	0.4589277
4614.0	0.4604248
4616.0	0.4532415
4618.0	0.4404929
4620.0	0.4368756
4622.0	0.4381914
4624.0	0.4374348
4626.0	0.435028
4628.0	0.4212438
4630.0	0.4170542
4632.0	0.4249189
4634.0	0.4289355
4636.0	0.4280618
4638.0	0.4258623
4640.0	0.4232695
4642.0	0.4258208
4644.0	0.4259194
4646.0	0.4276607
4648.0	0.4420828
4650.0	0.4490403
4652.0	0.4423429
4654.0	0.4417898
4656.0	0.4526787
4658.0	0.4638727
4660.0	0.4661695
4662.0	0.4624124
4664.0	0.4638471
4666.0	0.4776826
4668.0	0.4868875
4670.0	0.4786449
4672.0	0.4760804
4674.0	0.4903555
4676.0	0.5034947
4678.0	0.498378
4680.0	0.4921165
4682.0	0.4925121
4684.0	0.4947355
4686.0	0.4952525
4688.0	0.5028976
4690.0	0.502606
4692.0	0.5010591
4694.0	0.4895592
4696.0	0.4789409
4698.0	0.4914672
4700.0	0.4965268
4702.0	0.4917111
4704.0	0.4989138
4706.0	0.5036225
4708.0	0.5058513
4710.0	0.5049502
4712.0	0.4979606
4714.0	0.5014856
4716.0	0.5022675
4718.0	0.4980758
4720.0	0.4963482
4722.0	0.4957197
4724.0	0.496577
4726.0	0.4948617
4728.0	0.4953407
4730.0	0.4949628
4732.0	0.4913226
4734.0	0.4902843
4736.0	0.491358
4738.0	0.4962621
4740.0	0.4993057
4742.0	0.4949924
4744.0	0.4938391
4746.0	0.489954
4748.0	0.4853556
4750.0	0.4918779
4752.0	0.4907139
4754.0	0.4852243
4756.0	0.4816944
4758.0	0.4797816
4760.0	0.4847936
4762.0	0.488829
4764.0	0.4839359
4766.0	0.4856666
4768.0	0.4853903
4770.0	0.4807225
4772.0	0.4837815
4774.0	0.4778862
4776.0	0.4720751
4778.0	0.475188
4780.0	0.4818973
4782.0	0.4837022
4784.0	0.4760017
4786.0	0.4722029
4788.0	0.4737159
4790.0	0.484089
4792.0	0.4770988
4794.0	0.4685439
4796.0	0.4748561
4798.0	0.4740824
4800.0	0.4773244
4802.0	0.4783334
4804.0	0.4746906
4806.0	0.4660888
4808.0	0.462408
4810.0	0.4636097
4812.0	0.4635091
4814.0	0.4612204
4816.0	0.4665229
4818.0	0.4669229
4820.0	0.4571091
4822.0	0.452796
4824.0	0.4609577
4826.0	0.4587072
4828.0	0.4629457
4830.0	0.4579214
4832.0	0.4516968
4834.0	0.4591579
4836.0	0.4555718
4838.0	0.4558702
4840.0	0.4544982
4842.0	0.4506151
4844.0	0.4526785
4846.0	0.4455567
4848.0	0.4458043
4850.0	0.4630375
4852.0	0.4495153
4854.0	0.4383158
4856.0	0.4416992
4858.0	0.4382382
4860.0	0.4323896
4862.0	0.4244965
4864.0	0.4195725
4866.0	0.4142571
4868.0	0.4037331
4870.0	0.4006753
4872.0	0.3995259
4874.0	0.397364
4876.0	0.392019
4878.0	0.3913544
4880.0	0.390396
4882.0	0.3895727
4884.0	0.3924167
4886.0	0.3837081
4888.0	0.3774882
4890.0	0.3829034
4892.0	0.3860578
4894.0	0.3869142
4896.0	0.3799829
4898.0	0.3755131
4900.0	0.3776744
4902.0	0.3753091
4904.0	0.3719369
4906.0	0.3726077
4908.0	0.3685991
4910.0	0.3753122
4912.0	0.378805
4914.0	0.3814214
4916.0	0.3748617
4918.0	0.3659447
4920.0	0.3768672
4922.0	0.3832091
4924.0	0.3818451
4926.0	0.3737036
4928.0	0.3710865
4930.0	0.3705219
4932.0	0.3704509
4934.0	0.3717189
4936.0	0.3737746
4938.0	0.3739012
4940.0	0.3747387
4942.0	0.3789838
4944.0	0.3767632
4946.0	0.3811673
4948.0	0.3749366
4950.0	0.3770673
4952.0	0.3714105
4954.0	0.3641822
4956.0	0.3675672
4958.0	0.3749374
4960.0	0.3735189
4962.0	0.3735558
4964.0	0.3759817
4966.0	0.3658594
4968.0	0.3665859
4970.0	0.3686041
4972.0	0.3594002
4974.0	0.3591022
4976.0	0.3604721
4978.0	0.3595868
4980.0	0.3678325
4982.0	0.3643244
4984.0	0.3656657
4986.0	0.3639904
4988.0	0.3652626
4990.0	0.3703783
4992.0	0.3729495
4994.0	0.3762833
4996.0	0.3762365
4998.0	0.3780712
5000.0	0.3730215
5002.0	0.3759323
5004.0	0.382767
5006.0	0.3803671
5008.0	0.3785201
5010.0	0.3820191
5012.0	0.3860831
5014.0	0.3782527
5016.0	0.383159
5018.0	0.3913171
5020.0	0.3831868
5022.0	0.3810951
5024.0	0.3806387
5026.0	0.3937621
5028.0	0.386987
5030.0	0.370016
5032.0	0.3751822
5034.0	0.3781299
5036.0	0.3753087
5038.0	0.37318
5040.0	0.3661194
5042.0	0.3613763
5044.0	0.3665892
5046.0	0.3593657
5048.0	0.3592706
5050.0	0.3701516
5052.0	0.351056
5054.0	0.3384854
5056.0	0.3378645
5058.0	0.3375688
5060.0	0.3385845
5062.0	0.3263911
5064.0	0.3224893
5066.0	0.3194422
5068.0	0.3195008
5070.0	0.3197723
5072.0	0.3161695
5074.0	0.3106856
5076.0	0.3081977
5078.0	0.31246
5080.0	0.3131866
5082.0	0.3092972
5084.0	0.3057049
5086.0	0.3002935
5088.0	0.2989001
5090.0	0.2919753
5092.0	0.2900669
5094.0	0.295227
5096.0	0.292339
5098.0	0.2948357
5100.0	0.3001295
5102.0	0.29998
5104.0	0.3033367
5106.0	0.2969024
5108.0	0.2892666
5110.0	0.2917423
5112.0	0.2941212
5114.0	0.2916065
5116.0	0.2875794
5118.0	0.2874921
5120.0	0.2891543
5122.0	0.2829259
5124.0	0.2751746
5126.0	0.2825001
5128.0	0.2864338
5130.0	0.2801454
5132.0	0.2790692
5134.0	0.2805414
5136.0	0.2800836
5138.0	0.2793767
5140.0	0.2784415
5142.0	0.2761926
5144.0	0.2757174
5146.0	0.2847335
5148.0	0.2857354
5150.0	0.2771697
5152.0	0.2752079
5154.0	0.2801965
5156.0	0.2864442
5158.0	0.2883257
5160.0	0.2870429
5162.0	0.2827044
5164.0	0.2836564
5166.0	0.2890072
5168.0	0.2927034
5170.0	0.2900289
5172.0	0.2839776
5174.0	0.2841707
5176.0	0.2927553
5178.0	0.2909577
5180.0	0.2802296
5182.0	0.2824797
5184.0	0.2868557
5186.0	0.2834384
5188.0	0.2791412
5190.0	0.2722881
5192.0	0.2746007
5194.0	0.278933
5196.0	0.2766336
5198.0	0.2727169
5200.0	0.2730708
5202.0	0.2722331
5204.0	0.272312
5206.0	0.2781475
5208.0	0.2828548
5210.0	0.2774308
5212.0	0.2701727
5214.0	0.2693877
5216.0	0.2749592
5218.0	0.273555
5220.0	0.2709655
5222.0	0.2734703
5224.0	0.2740386
5226.0	0.2744732
5228.0	0.2786092
5230.0	0.2785251
5232.0	0.2786534
5234.0	0.2858138
5236.0	0.2836571
5238.0	0.2780443
5240.0	0.2812909
5242.0	0.2879674
5244.0	0.2910197
5246.0	0.288646
5248.0	0.2887422
5250.0	0.3024529
5252.0	0.3123873
5254.0	0.3117152
5256.0	0.3075335
5258.0	0.299671
5260.0	0.2938172
5262.0	0.296066
5264.0	0.3026634
5266.0	0.3028893
5268.0	0.3027765
5270.0	0.3023729
5272.0	0.3036487
5274.0	0.3082256
5276.0	0.3077045
5278.0	0.3095192
5280.0	0.3142116
5282.0	0.315308
5284.0	0.3121387
5286.0	0.3116201
5288.0	0.3118864
5290.0	0.3058091
5292.0	0.3065802
5294.0	0.3129171
5296.0	0.3161728
5298.0	0.3188401
5300.0	0.321814
5302.0	0.3199157
5304.0	0.3168958
5306.0	0.3180166
5308.0	0.3254144
5310.0	0.3338819
5312.0	0.329467
5314.0	0.3235509
5316.0	0.3250225
5318.0	0.3266055
5320.0	0.334928
5322.0	0.3353637
5324.0	0.3318178
5326.0	0.3361544
5328.0	0.3454625
5330.0	0.3512593
5332.0	0.3520727
5334.0	0.3499564
5336.0	0.3533351
5338.0	0.3538801
5340.0	0.3526227
5342.0	0.3611127
5344.0	0.3653878
5346.0	0.3644791
5348.0	0.359583
5350.0	0.3596033
5352.0	0.3603052
5354.0	0.3557689
5356.0	0.3529908
5358.0	0.3555175
5360.0	0.3568145
5362.0	0.3570878
5364.0	0.3585805
5366.0	0.3569568
5368.0	0.3575607
5370.0	0.3582467
5372.0	0.3528598
5374.0	0.3526869
5376.0	0.3527745
5378.0	0.3496856
5380.0	0.3533015
5382.0	0.3529604
5384.0	0.3509241
5386.0	0.3550223
5388.0	0.34677
5390.0	0.344616
5392.0	0.3463926
5394.0	0.3476841
5396.0	0.3482448
5398.0	0.346227
5400.0	0.3508071
5402.0	0.347993
5404.0	0.349019
5406.0	0.3492214
5408.0	0.3504524
5410.0	0.3501767
5412.0	0.3417475
5414.0	0.3465004
5416.0	0.3489608
5418.0	0.3545897
5420.0	0.3605455
5422.0	0.3548172
5424.0	0.3457632
5426.0	0.3437848
5428.0	0.3513447
5430.0	0.3499908
5432.0	0.3482724
5434.0	0.3524745
5436.0	0.349277
5438.0	0.3454004
5440.0	0.3489104
5442.0	0.354822
5444.0	0.3543909
5446.0	0.3464974
5448.0	0.3395817
5450.0	0.3470135
5452.0	0.3547301
5454.0	0.3487104
5456.0	0.347992
5458.0	0.3419708
5460.0	0.3484961
5462.0	0.3526038
5464.0	0.3493106
5466.0	0.343999
5468.0	0.3397527
5470.0	0.3386789
5472.0	0.3366272
5474.0	0.3367965
5476.0	0.3335824
5478.0	0.332351
5480.0	0.3301507
5482.0	0.325511
5484.0	0.3200008
5486.0	0.3121445
5488.0	0.3179118
5490.0	0.3074321
5492.0	0.3047
5494.0	0.3043348
5496.0	0.294832
5498.0	0.2929215
5500.0	0.299599
5502.0	0.2919555
5504.0	0.2864724
5506.0	0.2875924
5508.0	0.2810019
5510.0	0.2844343
5512.0	0.2815789
5514.0	0.2783319
5516.0	0.2826963
5518.0	0.2767258
5520.0	0.2725364
5522.0	0.2699518
5524.0	0.2658074
5526.0	0.2702447
5528.0	0.2678516
5530.0	0.2704291
5532.0	0.2645545
5534.0	0.2619668
5536.0	0.2635092
5538.0	0.2657245
5540.0	0.2653568
5542.0	0.2589262
5544.0	0.2688489
5546.0	0.263934
5548.0	0.2588102
5550.0	0.2663354
5552.0	0.262532
5554.0	0.2553387
5556.0	0.2577898
5558.0	0.2503003
5560.0	0.2562439
5562.0	0.2568606
5564.0	0.2496644
5566.0	0.2484852
5568.0	0.2584119
5570.0	0.2624613
5572.0	0.258168
5574.0	0.258494
5576.0	0.262996
5578.0	0.2610587
5580.0	0.2560205
5582.0	0.2610565
5584.0	0.2664457
5586.0	0.2657206
5588.0	0.2675221
5590.0	0.2633513
5592.0	0.2630492
5594.0	0.2650027
5596.0	0.275582
5598.0	0.2790526
5600.0	0.2743939
5602.0	0.2728936
5604.0	0.2729481
5606.0	0.2744144
5608.0	0.2758572
5610.0	0.2711347
5612.0	0.2734848
5614.0	0.269283
5616.0	0.2770005
5618.0	0.2694559
5620.0	0.2641915
5622.0	0.264351
5624.0	0.2674663
5626.0	0.2694781
5628.0	0.2689058
5630.0	0.2689256
5632.0	0.268747
5634.0	0.26965
5636.0	0.2734841
5638.0	0.2767501
5640.0	0.2807066
5642.0	0.2785534
5644.0	0.276937
5646.0	0.2768387
5648.0	0.2759815
5650.0	0.2717085
5652.0	0.2744288
5654.0	0.2744821
5656.0	0.2727732
5658.0	0.2742538
5660.0	0.2727253
5662.0	0.2685118
5664.0	0.2703601
5666.0	0.2742282
5668.0	0.2731246
5670.0	0.2638723
5672.0	0.2622196
5674.0	0.2592824
5676.0	0.2662017
5678.0	0.2654856
5680.0	0.2630742
5682.0	0.263424
5684.0	0.2659094
5686.0	0.2633294
5688.0	0.2645126
5690.0	0.2602166
5692.0	0.2505409
5694.0	0.2467909
5696.0	0.248239
5698.0	0.2480449
5700.0	0.2510349
5702.0	0.2513489
5704.0	0.2475906
5706.0	0.2440803
5708.0	0.2441292
5710.0	0.2407669
5712.0	0.2401702
5714.0	0.242113
5716.0	0.2377668
5718.0	0.2382648
5720.0	0.2446123
5722.0	0.2399311
5724.0	0.238387
5726.0	0.2429654
5728.0	0.2466724
5730.0	0.2484356
5732.0	0.2469139
5734.0	0.2482482
5736.0	0.2476257
5738.0	0.2466758
5740.0	0.2525564
5742.0	0.2525625
5744.0	0.2538772
5746.0	0.2518703
5748.0	0.2463595
5750.0	0.2502315
5752.0	0.252563
5754.0	0.2533753
5756.0	0.2524833
5758.0	0.2572213
5760.0	0.2661612
5762.0	0.2654852
5764.0	0.2644438
5766.0	0.2607982
5768.0	0.2612112
5770.0	0.2645043
5772.0	0.2610989
5774.0	0.2602574
5776.0	0.2637698
5778.0	0.2637304
5780.0	0.2653454
5782.0	0.2685125
5784.0	0.2675869
5786.0	0.2701918
5788.0	0.2718188
5790.0	0.2693312
5792.0	0.2651702
5794.0	0.2626603
5796.0	0.2619732
5798.0	0.2591703
5800.0	0.2585863
5802.0	0.2583985
5804.0	0.2590191
5806.0	0.2587548
5808.0	0.2567254
5810.0	0.2598553
5812.0	0.2554137
5814.0	0.2496006
5816.0	0.2508355
5818.0	0.2483372
5820.0	0.2499334
5822.0	0.2482072
5824.0	0.2452451
5826.0	0.2477557
5828.0	0.2502231
5830.0	0.2535746
5832.0	0.2505567
5834.0	0.2487746
5836.0	0.2545937
5838.0	0.2576028
5840.0	0.2589384
5842.0	0.259864
5844.0	0.2576931
5846.0	0.2613633
5848.0	0.2627182
5850.0	0.2625255
5852.0	0.2621577
5854.0	0.2624609
5856.0	0.2627076
5858.0	0.2593052
5860.0	0.2602291
5862.0	0.2648399
5864.0	0.2656721
5866.0	0.2651736
5868.0	0.2588331
5870.0	0.2570214
5872.0	0.2598284
5874.0	0.2616587
5876.0	0.2655712
5878.0	0.2670008
5880.0	0.2651239
5882.0	0.2579052
5884.0	0.2577457
5886.0	0.2593849
5888.0	0.2595409
5890.0	0.2547033
5892.0	0.2577682
5894.0	0.2604443
5896.0	0.261706
5898.0	0.2628483
5900.0	0.262101
5902.0	0.2602866
5904.0	0.2602134
5906.0	0.2580808
5908.0	0.2604042
5910.0	0.2645025
5912.0	0.2589221
5914.0	0.2533178
5916.0	0.2535282
5918.0	0.2592743
5920.0	0.264542
5922.0	0.2614452
5924.0	0.2605744
5926.0	0.2649127
5928.0	0.2679888
5930.0	0.262515
5932.0	0.2677099
5934.0	0.2701754
5936.0	0.2682943
5938.0	0.2662604
5940.0	0.2639544
5942.0	0.2645539
5944.0	0.2675578
5946.0	0.2662572
5948.0	0.2630091
5950.0	0.2628599
5952.0	0.2666062
5954.0	0.2672184
5956.0	0.2692848
5958.0	0.2665451
5960.0	0.2643452
5962.0	0.2637922
5964.0	0.2652447
5966.0	0.2632222
5968.0	0.2647972
5970.0	0.2664448
5972.0	0.2613457
5974.0	0.2601591
5976.0	0.2661658
5978.0	0.2677289
5980.0	0.264506
5982.0	0.2657285
5984.0	0.2608708
5986.0	0.2602899
5988.0	0.2653697
5990.0	0.2641721
5992.0	0.2600134
5994.0	0.2626948
5996.0	0.2593082
5998.0	0.2622018
6000.0	0.264753
6002.0	0.2596743
6004.0	0.2574563
6006.0	0.2522277
6008.0	0.2547818
6010.0	0.2539934
6012.0	0.2506164
6014.0	0.2529571
6016.0	0.2522212
6018.0	0.2525846
6020.0	0.2540337
6022.0	0.2572859
6024.0	0.2542049
6026.0	0.2538691
6028.0	0.2603531
6030.0	0.2566821
6032.0	0.2534775
6034.0	0.2553618
6036.0	0.2516018
6038.0	0.2497357
6040.0	0.2484781
6042.0	0.2541374
6044.0	0.2579674
6046.0	0.2496579
6048.0	0.2523573
6050.0	0.2524058
6052.0	0.2523653
6054.0	0.256618
6056.0	0.2537688
6058.0	0.2567439
6060.0	0.2548486
6062.0	0.2507074
6064.0	0.2500607
6066.0	0.2530561
6068.0	0.2540292
6070.0	0.2538876
6072.0	0.2525136
6074.0	0.248015
6076.0	0.2498332
6078.0	0.2523236
6080.0	0.250719
6082.0	0.2484256
6084.0	0.24569
6086.0	0.2463054
6088.0	0.2488355
6090.0	0.2492842
6092.0	0.2508134
6094.0	0.2558483
6096.0	0.2496424
6098.0	0.2459
6100.0	0.2467236
6102.0	0.2487596
6104.0	0.2462779
6106.0	0.2483639
6108.0	0.2492315
6110.0	0.2483532
6112.0	0.2498279
6114.0	0.2449323
6116.0	0.2420838
6118.0	0.2431837
6120.0	0.2512566
6122.0	0.2486388
6124.0	0.24411
6126.0	0.2469542
6128.0	0.2449914
6130.0	0.246714
6132.0	0.2517508
6134.0	0.2471899
6136.0	0.2476156
6138.0	0.2472547
6140.0	0.251351
6142.0	0.2516349
6144.0	0.2506356
6146.0	0.2482534
6148.0	0.2504885
6150.0	0.250191
6152.0	0.2498437
6154.0	0.2477835
6156.0	0.2526049
6158.0	0.2499166
6160.0	0.2477134
6162.0	0.2517408
6164.0	0.2530099
6166.0	0.2534647
6168.0	0.2548772
6170.0	0.2549931
6172.0	0.2473965
6174.0	0.2487442
6176.0	0.2422918
6178.0	0.2459291
6180.0	0.2488448
6182.0	0.2444816
6184.0	0.2443258
6186.0	0.2447945
6188.0	0.2473582
6190.0	0.2498039
6192.0	0.2461035
6194.0	0.2457291
6196.0	0.2469169
6198.0	0.2494026
6200.0	0.2509183
6202.0	0.2471189
6204.0	0.2468211
6206.0	0.2437394
6208.0	0.2434007
6210.0	0.2418252
6212.0	0.2402316
6214.0	0.2441875
6216.0	0.2439143
6218.0	0.2433961
6220.0	0.2466906
6222.0	0.244465
6224.0	0.2441214
6226.0	0.2446706
6228.0	0.2429814
6230.0	0.2376887
6232.0	0.2384106
6234.0	0.2393382
6236.0	0.2411071
6238.0	0.2413197
6240.0	0.2425948
6242.0	0.2443904
6244.0	0.2390693
6246.0	0.2345032
6248.0	0.2347944
6250.0	0.2367076
6252.0	0.2397781
6254.0	0.2405826
6256.0	0.238899
6258.0	0.2351949
6260.0	0.2383408
6262.0	0.2359245
6264.0	0.231814
6266.0	0.2324186
6268.0	0.2279371
6270.0	0.228605
6272.0	0.2304096
6274.0	0.2270865
6276.0	0.2263489
6278.0	0.2283316
6280.0	0.2286035
6282.0	0.2266457
6284.0	0.2279747
6286.0	0.2307071
6288.0	0.2276511
6290.0	0.2247242
6292.0	0.2263307
6294.0	0.224334
6296.0	0.225126
6298.0	0.2267072
6300.0	0.2332077
6302.0	0.232001
6304.0	0.2245298
6306.0	0.2246285
6308.0	0.2227691
6310.0	0.2231923
6312.0	0.2181052
6314.0	0.216672
6316.0	0.2201168
6318.0	0.2170239
6320.0	0.216962
6322.0	0.2172884
6324.0	0.2188874
6326.0	0.222285
6328.0	0.2173578
6330.0	0.2156482
6332.0	0.2184835
6334.0	0.2138792
6336.0	0.2109056
6338.0	0.2185458
6340.0	0.220522
6342.0	0.2125264
6344.0	0.2081995
6346.0	0.2083046
6348.0	0.2058547
6350.0	0.2030554
6352.0	0.2009366
6354.0	0.200394
6356.0	0.2021076
6358.0	0.2016166
6360.0	0.2002896
6362.0	0.1984105
6364.0	0.1990935
6366.0	0.1994276
6368.0	0.1956214
6370.0	0.1914459
6372.0	0.1886334
6374.0	0.1882254
6376.0	0.1894787
6378.0	0.1922006
6380.0	0.1933123
6382.0	0.1872648
6384.0	0.1828036
6386.0	0.1847332
6388.0	0.1862413
6390.0	0.1817718
6392.0	0.1751949
6394.0	0.1761416
6396.0	0.1719112
6398.0	0.1677862
6400.0	0.1704692
6402.0	0.1707085
6404.0	0.169498
6406.0	0.1708849
6408.0	0.1702165
6410.0	0.1638779
6412.0	0.1653039
6414.0	0.1590101
6416.0	0.1528957
6418.0	0.1567343
6420.0	0.1569273
6422.0	0.1533164
6424.0	0.15251
6426.0	0.1502332
6428.0	0.1495425
6430.0	0.1521978
6432.0	0.1516207
6434.0	0.1549878
6436.0	0.1543399
6438.0	0.1517929
6440.0	0.1455961
6442.0	0.1443616
6444.0	0.1486133
6446.0	0.1479881
6448.0	0.1473944
6450.0	0.1487346
6452.0	0.1515288
6454.0	0.1560195
6456.0	0.153672
6458.0	0.151459
6460.0	0.1519287
6462.0	0.154144
6464.0	0.1601404
6466.0	0.1594027
6468.0	0.1531119
6470.0	0.1536879
6472.0	0.1553994
6474.0	0.1553542
6476.0	0.15995
6478.0	0.1596472
6480.0	0.1580475
6482.0	0.1596038
6484.0	0.1697262
6486.0	0.1668895
6488.0	0.1573961
6490.0	0.1557927
6492.0	0.1638125
6494.0	0.1672236
6496.0	0.1626679
6498.0	0.1634973
6500.0	0.1678306
6502.0	0.1705328
6504.0	0.169319
6506.0	0.1695909
6508.0	0.1717364
6510.0	0.1722124
6512.0	0.1750855
6514.0	0.1730926
6516.0	0.177848
6518.0	0.1786627
6520.0	0.1755115
6522.0	0.1775989
6524.0	0.1709899
6526.0	0.1738404
6528.0	0.1783719
6530.0	0.1797178
6532.0	0.1827018
6534.0	0.1845359
6536.0	0.1869116
6538.0	0.1868511
6540.0	0.1910812
6542.0	0.1854308
6544.0	0.181437
6546.0	0.1860692
6548.0	0.1900506
6550.0	0.1857354
6552.0	0.1826978
6554.0	0.183538
6556.0	0.1820482
6558.0	0.1870012
6560.0	0.1888426
6562.0	0.192244
6564.0	0.1961528
6566.0	0.1928671
6568.0	0.1845028
6570.0	0.1853993
6572.0	0.1842787
6574.0	0.1826748
6576.0	0.1890814
6578.0	0.189191
6580.0	0.18673
6582.0	0.1928313
6584.0	0.1967534
6586.0	0.1972157
6588.0	0.193263
6590.0	0.1928218
6592.0	0.1972537
6594.0	0.1969303
6596.0	0.1920267
6598.0	0.1896869
6600.0	0.1908281
6602.0	0.1923963
6604.0	0.193027
6606.0	0.1976836
6608.0	0.199233
6610.0	0.1981749
6612.0	0.1976884
6614.0	0.1948391
6616.0	0.1952767
6618.0	0.1978439
6620.0	0.1934965
6622.0	0.1901482
6624.0	0.1885125
6626.0	0.1933031
6628.0	0.1969418
6630.0	0.1916667
6632.0	0.188419
6634.0	0.1900022
6636.0	0.1878439
6638.0	0.1892659
6640.0	0.1896092
6642.0	0.1890969
6644.0	0.1899319
6646.0	0.1871627
6648.0	0.1891809
6650.0	0.194521
6652.0	0.191616
6654.0	0.188691
6656.0	0.1872025
6658.0	0.1893366
6660.0	0.1866678
6662.0	0.1859878
6664.0	0.1868033
6666.0	0.1886846
6668.0	0.1868589
6670.0	0.185227
6672.0	0.1860614
6674.0	0.1882751
6676.0	0.1904133
6678.0	0.1831895
6680.0	0.1840126
6682.0	0.1845112
6684.0	0.1804275
6686.0	0.1815219
6688.0	0.1847631
6690.0	0.1829218
6692.0	0.1794038
6694.0	0.1782092
6696.0	0.1813997
6698.0	0.1853271
6700.0	0.1798231
6702.0	0.1750425
6704.0	0.1730022
6706.0	0.175693
6708.0	0.172669
6710.0	0.176047
6712.0	0.1787934
6714.0	0.1748648
6716.0	0.1727532
6718.0	0.171889
6720.0	0.1734175
6722.0	0.1705137
6724.0	0.1755386
6726.0	0.1761854
6728.0	0.1693333
6730.0	0.1729441
6732.0	0.173834
6734.0	0.1675565
6736.0	0.1677395
6738.0	0.1719532
6740.0	0.1685176
6742.0	0.163352
6744.0	0.1629355
6746.0	0.1660062
6748.0	0.1648401
6750.0	0.1594965
6752.0	0.1600407
6754.0	0.1662732
6756.0	0.1665403
6758.0	0.1644469
6760.0	0.1647331
6762.0	0.161001
6764.0	0.1579333
6766.0	0.1595515
6768.0	0.160335
6770.0	0.1603064
6772.0	0.1615909
6774.0	0.1646349
6776.0	0.1662065
6778.0	0.1633163
6780.0	0.1620595
6782.0	0.1599939
6784.0	0.1556318
6786.0	0.1561096
6788.0	0.156422
6790.0	0.1529427
6792.0	0.1537447
6794.0	0.1570485
6796.0	0.1584343
6798.0	0.1583497
6800.0	0.1555927
6802.0	0.1513876
6804.0	0.1506187
6806.0	0.152316
6808.0	0.1517075
6810.0	0.1523548
6812.0	0.1510263
6814.0	0.1508861
6816.0	0.1517768
6818.0	0.1504667
6820.0	0.1510114
6822.0	0.1515825
6824.0	0.1524667
6826.0	0.1528722
6828.0	0.1510281
6830.0	0.1485531
6832.0	0.147194
6834.0	0.1499069
6836.0	0.1534628
6838.0	0.1541559
6840.0	0.1518176
6842.0	0.1462666
6844.0	0.1472157
6846.0	0.1473778
6848.0	0.1458946
6850.0	0.146768
6852.0	0.1488718
6854.0	0.1507002
6856.0	0.1490478
6858.0	0.145966
6860.0	0.1454262
6862.0	0.1465813
6864.0	0.147119
6866.0	0.1415466
6868.0	0.1411339
6870.0	0.1417973
6872.0	0.1422771
6874.0	0.1448641
6876.0	0.1453226
6878.0	0.1418183
6880.0	0.1405385
6882.0	0.14766
6884.0	0.1616514
6886.0	0.1676064
6888.0	0.1718204
6890.0	0.16246
6892.0	0.1450392
6894.0	0.142551
6896.0	0.1440138
6898.0	0.1398548
6900.0	0.1450957
6902.0	0.1457406
6904.0	0.143525
6906.0	0.1444732
6908.0	0.1458182
6910.0	0.1445891
6912.0	0.1397536
6914.0	0.1384982
6916.0	0.1394359
6918.0	0.1436922
6920.0	0.1458861
6922.0	0.1402339
6924.0	0.1398671
6926.0	0.1393713
6928.0	0.1370688
6930.0	0.1357037
6932.0	0.1362595
6934.0	0.1362567
6936.0	0.1366295
6938.0	0.1375497
6940.0	0.1324386
6942.0	0.1320364
6944.0	0.1377008
6946.0	0.1367604
6948.0	0.1354575
6950.0	0.1302916
6952.0	0.1282181
6954.0	0.1317014
6956.0	0.1310115
6958.0	0.1328526
6960.0	0.1338485
6962.0	0.1311348
6964.0	0.1317966
6966.0	0.1319767
6968.0	0.1348469
6970.0	0.1354247
6972.0	0.1303439
6974.0	0.1328711
6976.0	0.1329949
6978.0	0.1320007
6980.0	0.1310264
6982.0	0.1338424
6984.0	0.1336813
6986.0	0.1326654
6988.0	0.1273579
6990.0	0.1279988
6992.0	0.1317651
6994.0	0.1304108
6996.0	0.1285376
6998.0	0.131484
7000.0	0.1292706
7002.0	0.1292112
7004.0	0.1273071
7006.0	0.1304096
7008.0	0.1297825
7010.0	0.1266953
7012.0	0.1259364
7014.0	0.1279513
7016.0	0.1256545
7018.0	0.1267496
7020.0	0.1292854
7022.0	0.1260443
7024.0	0.1237172
7026.0	0.125902
7028.0	0.1320973
7030.0	0.1242631
7032.0	0.1221648
7034.0	0.125502
7036.0	0.1260963
7038.0	0.1266523
7040.0	0.1218742
7042.0	0.1204598
7044.0	0.1258733
7046.0	0.1323012
7048.0	0.1318396
7050.0	0.133129
7052.0	0.1277492
7054.0	0.1206588
7056.0	0.1216551
7058.0	0.1215724
7060.0	0.1199537
7062.0	0.1227972
7064.0	0.1252058
7066.0	0.1264586
7068.0	0.1242841
7070.0	0.121727
7072.0	0.1228148
7074.0	0.1276024
7076.0	0.1226559
7078.0	0.1205996
7080.0	0.1227351
7082.0	0.1237753
7084.0	0.1210961
7086.0	0.1197951
7088.0	0.1156493
7090.0	0.1148253
7092.0	0.1190629
7094.0	0.123043
7096.0	0.1142994
7098.0	0.1136956
7100.0	0.1170745
