#	 css160428 
#	 UT date of observation: 20160608 
#	 Telescope/Instrument: KPNO4m/KOSMOS 
#	 Estimated Peak MJD: 57517.633 
#	 Estimated redshift: 0.030 
#	 Estimated Phase: 28.5 
#	 Published in Dettman et al. 2020 
#	 Observed barycentric wavelength (Angstroms)    F_lambda
4180.0	0.05035526
4181.0	0.1810051
4182.0	0.1315458
4183.0	0.295544
4184.0	0.1905791
4185.0	0.1590807
4186.0	0.137686
4187.0	0.219221
4188.0	0.10286
4189.0	0.088695
4190.0	0.11862
4191.0	0.04622794
4192.0	0.07014818
4193.0	0.09402087
4194.0	0.03874101
4195.0	0.1248187
4196.0	0.02625082
4197.0	0.02494544
4198.0	0.04524175
4199.0	0.1031557
4200.0	0.1400608
4201.0	0.2263395
4202.0	0.2136751
4203.0	0.09281123
4204.0	0.05943187
4205.0	0.08468031
4206.0	0.1522401
4207.0	0.2519562
4208.0	0.1587556
4209.0	0.1492717
4210.0	0.2167743
4211.0	0.2407045
4212.0	0.1141535
4213.0	0.1482219
4214.0	0.12012
4215.0	0.22767
4216.0	0.1606437
4217.0	0.2609289
4218.0	0.2049361
4219.0	0.09157445
4220.0	0.1417354
4221.0	0.02399569
4222.0	0.220107
4223.0	0.2415877
4224.0	0.2305279
4225.0	0.177596
4226.0	0.1118472
4227.0	0.138968
4228.0	0.2994972
4229.0	0.2210803
4230.0	0.236653
4231.0	0.1287755
4232.0	0.1516385
4233.0	0.1411634
4234.0	0.08257286
4235.0	-0.005533657
4236.0	0.2871777
4237.0	0.3158325
4238.0	0.1346908
4239.0	0.1978101
4240.0	0.2951053
4241.0	0.2850409
4242.0	0.3516218
4243.0	0.05108731
4244.0	0.05104041
4245.0	0.118914
4246.0	0.06567392
4247.0	0.3028267
4248.0	0.3055605
4249.0	0.1398741
4250.0	0.2093413
4251.0	0.2017294
4252.0	0.163775
4253.0	0.03455931
4254.0	0.2282305
4255.0	0.03755058
4256.0	0.3018763
4257.0	0.348888
4258.0	0.4002646
4259.0	0.3277352
4260.0	0.3765884
4261.0	0.3647315
4262.0	0.1358816
4263.0	0.2219608
4264.0	0.718088
4265.0	0.2691209
4266.0	0.1970853
4267.0	0.3143999
4268.0	0.2980254
4269.0	0.1504161
4270.0	0.1013404
4271.0	0.4743924
4272.0	0.3256659
4273.0	0.2212203
4274.0	0.07468624
4275.0	0.1215072
4276.0	0.3121525
4277.0	0.06978674
4278.0	0.2300295
4279.0	0.003313957
4280.0	0.07050688
4281.0	0.009331534
4282.0	0.0937078
4283.0	0.5332039
4284.0	0.6012188
4285.0	0.2074439
4286.0	0.4231978
4287.0	0.2547018
4288.0	0.3263704
4289.0	0.4155957
4290.0	0.4077218
4291.0	0.3422887
4292.0	0.2097762
4293.0	0.09296375
4294.0	0.1627543
4295.0	0.3320832
4296.0	0.4264279
4297.0	0.2889926
4298.0	0.1502767
4299.0	0.188529
4300.0	0.1412635
4301.0	0.02280261
4302.0	0.2410415
4303.0	0.1863009
4304.0	0.1270491
4305.0	0.07059497
4306.0	0.09677023
4307.0	0.196241
4308.0	0.08627936
4309.0	0.170378
4310.0	0.1062417
4311.0	0.1347254
4312.0	0.06926604
4313.0	0.09453753
4314.0	0.1298132
4315.0	0.04689857
4316.0	0.1439147
4317.0	0.1535058
4318.0	0.1472434
4319.0	0.1606238
4320.0	0.1928088
4321.0	0.2137793
4322.0	0.1734694
4323.0	0.160867
4324.0	0.2033213
4325.0	0.1290099
4326.0	0.1243496
4327.0	0.1293192
4328.0	0.1938602
4329.0	0.08963304
4330.0	0.1910412
4331.0	0.1261286
4332.0	0.1275806
4333.0	0.1545548
4334.0	0.2382534
4335.0	0.1622219
4336.0	0.1640238
4337.0	0.1657894
4338.0	0.1491003
4339.0	0.1614206
4340.0	0.1175891
4341.0	0.06228386
4342.0	0.05798092
4343.0	0.1106162
4344.0	0.2362065
4345.0	0.1385665
4346.0	0.107201
4347.0	0.2166978
4348.0	0.1203483
4349.0	0.1709137
4350.0	0.155973
4351.0	0.1259721
4352.0	0.1001697
4353.0	0.1083273
4354.0	0.1541334
4355.0	0.1320506
4356.0	0.1212087
4357.0	0.1622176
4358.0	0.2366688
4359.0	0.1603905
4360.0	0.1167065
4361.0	0.08036745
4362.0	0.1217031
4363.0	0.1442341
4364.0	0.2046378
4365.0	0.1781372
4366.0	0.1498597
4367.0	0.1435718
4368.0	0.09852899
4369.0	0.1003579
4370.0	0.1642412
4371.0	0.1159441
4372.0	0.02416654
4373.0	0.1500706
4374.0	0.09545162
4375.0	0.0888918
4376.0	0.08463795
4377.0	0.07772134
4378.0	0.06857215
4379.0	0.1303393
4380.0	0.1272887
4381.0	0.102678
4382.0	0.1025101
4383.0	0.1581094
4384.0	0.07980872
4385.0	0.03872029
4386.0	0.008393437
4387.0	0.077044
4388.0	0.07871418
4389.0	0.1706779
4390.0	0.1079754
4391.0	0.1514221
4392.0	0.1285307
4393.0	0.07274227
4394.0	0.1263451
4395.0	0.1310184
4396.0	0.06251575
4397.0	0.08806014
4398.0	0.06170935
4399.0	0.03852372
4400.0	0.1158206
4401.0	0.0593414
4402.0	0.08193238
4403.0	0.08785192
4404.0	0.03174889
4405.0	0.0595778
4406.0	0.1527897
4407.0	0.1218861
4408.0	0.1063323
4409.0	0.1137137
4410.0	0.09055995
4411.0	0.09930846
4412.0	0.1760668
4413.0	0.09321054
4414.0	0.1598076
4415.0	0.0879237
4416.0	0.06877244
4417.0	0.1159496
4418.0	0.1350151
4419.0	0.09033551
4420.0	0.1389739
4421.0	0.09524616
4422.0	0.1229115
4423.0	0.1464428
4424.0	0.1301692
4425.0	0.1380601
4426.0	0.1146076
4427.0	0.1056003
4428.0	0.1091449
4429.0	0.09737395
4430.0	0.08121438
4431.0	0.0656916
4432.0	0.08087143
4433.0	0.08140782
4434.0	0.1160941
4435.0	0.09154042
4436.0	0.07938703
4437.0	0.06105202
4438.0	0.06918482
4439.0	0.08770747
4440.0	0.1161286
4441.0	0.07914189
4442.0	0.1002149
4443.0	0.08088035
4444.0	0.07724851
4445.0	0.131089
4446.0	0.09732991
4447.0	0.06457984
4448.0	0.09184802
4449.0	0.06392027
4450.0	0.07102969
4451.0	0.1071598
4452.0	0.06710114
4453.0	0.09813187
4454.0	0.1018222
4455.0	0.1018986
4456.0	0.08875579
4457.0	0.09205377
4458.0	0.06826001
4459.0	0.08319019
4460.0	0.06497349
4461.0	0.05285241
4462.0	0.1159147
4463.0	0.1217119
4464.0	0.08402831
4465.0	0.04030269
4466.0	0.05638209
4467.0	0.06812177
4468.0	0.05140424
4469.0	0.04787277
4470.0	0.07883001
4471.0	0.07253517
4472.0	0.07987783
4473.0	0.09800082
4474.0	0.04495608
4475.0	0.0440347
4476.0	0.077076
4477.0	0.06522358
4478.0	0.03182438
4479.0	0.06416759
4480.0	0.06058306
4481.0	0.08843407
4482.0	0.08495769
4483.0	0.03470321
4484.0	0.03169222
4485.0	0.07066985
4486.0	0.04447267
4487.0	0.06061019
4488.0	0.0944186
4489.0	0.07018211
4490.0	0.05709483
4491.0	0.0760031
4492.0	0.04067072
4493.0	0.0466528
4494.0	0.04148638
4495.0	-0.006238464
4496.0	0.0301316
4497.0	0.05450392
4498.0	0.07286707
4499.0	0.06469836
4500.0	0.0827257
4501.0	0.058752
4502.0	0.03025454
4503.0	0.03629515
4504.0	0.05234053
4505.0	0.05833152
4506.0	0.05048474
4507.0	0.03928754
4508.0	0.07855298
4509.0	0.05641574
4510.0	0.04088451
4511.0	0.04743062
4512.0	0.01925727
4513.0	0.04365836
4514.0	0.06251614
4515.0	0.03468589
4516.0	0.04394857
4517.0	0.0654998
4518.0	0.0725932
4519.0	0.02444447
4520.0	0.0283252
4521.0	0.03125128
4522.0	0.05450492
4523.0	0.07150441
4524.0	0.05460735
4525.0	0.01504852
4526.0	0.0277281
4527.0	0.03067936
4528.0	0.01922097
4529.0	0.003597291
4530.0	0.02301567
4531.0	0.03720682
4532.0	0.02851971
4533.0	0.05230374
4534.0	0.04724979
4535.0	0.05871636
4536.0	0.03617533
4537.0	0.01514816
4538.0	0.01457105
4539.0	0.03435828
4540.0	0.03936954
4541.0	0.03066379
4542.0	0.07502586
4543.0	0.04791287
4544.0	0.04503018
4545.0	-0.003922511
4546.0	0.01676722
4547.0	0.05156387
4548.0	0.04719618
4549.0	0.06375306
4550.0	0.02819121
4551.0	0.06200658
4552.0	0.06399679
4553.0	0.06809074
4554.0	0.05569842
4555.0	0.03900874
4556.0	0.05526768
4557.0	0.03719785
4558.0	0.03902237
4559.0	0.02050514
4560.0	0.01514581
4561.0	0.01845484
4562.0	0.04543737
4563.0	0.07970189
4564.0	0.06355941
4565.0	0.04349722
4566.0	0.0569485
4567.0	0.04687174
4568.0	0.06874233
4569.0	0.03609833
4570.0	0.04661061
4571.0	0.02101159
4572.0	0.03663082
4573.0	0.04464621
4574.0	0.04343058
4575.0	0.04915306
4576.0	0.02420255
4577.0	0.03196764
4578.0	0.02172141
4579.0	0.03644862
4580.0	0.03065777
4581.0	0.02932183
4582.0	0.07621032
4583.0	0.04007595
4584.0	0.01470561
4585.0	0.04800732
4586.0	0.0575037
4587.0	0.04629758
4588.0	0.03278356
4589.0	0.05176837
4590.0	0.05302983
4591.0	0.03755977
4592.0	0.04507903
4593.0	0.05615988
4594.0	0.05741573
4595.0	0.05207
4596.0	0.05522591
4597.0	0.04088122
4598.0	0.06924711
4599.0	0.03340893
4600.0	0.02705803
4601.0	0.05735947
4602.0	0.04632982
4603.0	0.04391891
4604.0	0.05505244
4605.0	0.03235836
4606.0	0.01280525
4607.0	0.0514946
4608.0	0.05812671
4609.0	0.04172342
4610.0	0.02286036
4611.0	0.01658865
4612.0	0.03677517
4613.0	0.04988169
4614.0	0.06208131
4615.0	0.03275489
4616.0	0.05153735
4617.0	0.05584499
4618.0	0.07874887
4619.0	0.05427066
4620.0	0.03803434
4621.0	0.05403867
4622.0	0.04375718
4623.0	0.02190855
4624.0	0.04840707
4625.0	0.06212009
4626.0	0.04325799
4627.0	0.03940812
4628.0	0.05368668
4629.0	0.07847839
4630.0	0.03367979
4631.0	0.04753398
4632.0	0.06958222
4633.0	0.05700032
4634.0	0.06239434
4635.0	0.05894554
4636.0	0.05044599
4637.0	0.03070788
4638.0	0.01472946
4639.0	0.02063031
4640.0	0.03757551
4641.0	0.04474056
4642.0	0.06092647
4643.0	0.06648996
4644.0	0.08385028
4645.0	0.07104846
4646.0	0.0743422
4647.0	0.07672441
4648.0	0.07717642
4649.0	0.09335621
4650.0	0.05056656
4651.0	0.04907424
4652.0	0.04774994
4653.0	0.05381403
4654.0	0.07076343
4655.0	0.07402129
4656.0	0.07791258
4657.0	0.07380792
4658.0	0.08902869
4659.0	0.07803682
4660.0	0.07549829
4661.0	0.07280234
4662.0	0.05542797
4663.0	0.06763007
4664.0	0.06821591
4665.0	0.08118999
4666.0	0.0753815
4667.0	0.07619569
4668.0	0.08391107
4669.0	0.08028767
4670.0	0.06764556
4671.0	0.07026653
4672.0	0.05877461
4673.0	0.07351759
4674.0	0.07473359
4675.0	0.08645044
4676.0	0.07454903
4677.0	0.06831686
4678.0	0.05498739
4679.0	0.09186332
4680.0	0.07982654
4681.0	0.07723302
4682.0	0.08016221
4683.0	0.1018271
4684.0	0.09010167
4685.0	0.0820192
4686.0	0.0597673
4687.0	0.07401622
4688.0	0.07659961
4689.0	0.08272866
4690.0	0.08301422
4691.0	0.08763285
4692.0	0.0805813
4693.0	0.08727468
4694.0	0.09412861
4695.0	0.06090825
4696.0	0.09789727
4697.0	0.09513952
4698.0	0.1155651
4699.0	0.1019532
4700.0	0.08085664
4701.0	0.09111817
4702.0	0.07901687
4703.0	0.05661581
4704.0	0.06547783
4705.0	0.08972821
4706.0	0.09507865
4707.0	0.09094457
4708.0	0.08414695
4709.0	0.07426186
4710.0	0.07374725
4711.0	0.09565839
4712.0	0.09470793
4713.0	0.1241988
4714.0	0.09119351
4715.0	0.08111571
4716.0	0.09414457
4717.0	0.09234313
4718.0	0.08839685
4719.0	0.08274183
4720.0	0.08824729
4721.0	0.08832579
4722.0	0.07942348
4723.0	0.1006299
4724.0	0.1128704
4725.0	0.09112802
4726.0	0.08575366
4727.0	0.1122519
4728.0	0.09050407
4729.0	0.08203223
4730.0	0.08856086
4731.0	0.09754062
4732.0	0.09894979
4733.0	0.09550734
4734.0	0.07515442
4735.0	0.09545807
4736.0	0.1110275
4737.0	0.1031559
4738.0	0.0911424
4739.0	0.08781115
4740.0	0.07728221
4741.0	0.08529884
4742.0	0.08201886
4743.0	0.1121222
4744.0	0.1054623
4745.0	0.1018285
4746.0	0.108829
4747.0	0.1193263
4748.0	0.1143491
4749.0	0.09206229
4750.0	0.09235404
4751.0	0.06858143
4752.0	0.08391085
4753.0	0.09112555
4754.0	0.1010929
4755.0	0.09611367
4756.0	0.08883797
4757.0	0.08837353
4758.0	0.08737908
4759.0	0.08977322
4760.0	0.09576866
4761.0	0.09888551
4762.0	0.09579238
4763.0	0.08613418
4764.0	0.07457792
4765.0	0.08782029
4766.0	0.07527423
4767.0	0.08188253
4768.0	0.1025339
4769.0	0.1065353
4770.0	0.07007325
4771.0	0.05728794
4772.0	0.07256801
4773.0	0.09526344
4774.0	0.09811594
4775.0	0.0682406
4776.0	0.082774
4777.0	0.09519795
4778.0	0.09963536
4779.0	0.09702586
4780.0	0.04546339
4781.0	0.07163689
4782.0	0.07547721
4783.0	0.06447453
4784.0	0.07102747
4785.0	0.05403976
4786.0	0.05778651
4787.0	0.0700791
4788.0	0.08565788
4789.0	0.08842365
4790.0	0.06673057
4791.0	0.09542312
4792.0	0.08850416
4793.0	0.06076891
4794.0	0.06088424
4795.0	0.05088534
4796.0	0.06085301
4797.0	0.0654248
4798.0	0.07884519
4799.0	0.06974579
4800.0	0.05115585
4801.0	0.05368273
4802.0	0.06666666
4803.0	0.07782391
4804.0	0.08335301
4805.0	0.0570699
4806.0	0.06433696
4807.0	0.06336727
4808.0	0.07032938
4809.0	0.07947736
4810.0	0.07158147
4811.0	0.04361805
4812.0	0.05052617
4813.0	0.04354688
4814.0	0.04186418
4815.0	0.06704339
4816.0	0.0564544
4817.0	0.03533202
4818.0	0.05364377
4819.0	0.06658714
4820.0	0.07650005
4821.0	0.05787205
4822.0	0.05374631
4823.0	0.04982899
4824.0	0.03399213
4825.0	0.04128914
4826.0	0.04682759
4827.0	0.04041946
4828.0	0.04676181
4829.0	0.03876796
4830.0	0.03354754
4831.0	0.04876237
4832.0	0.03983457
4833.0	0.03953949
4834.0	0.06495611
4835.0	0.06208951
4836.0	0.05380154
4837.0	0.02969117
4838.0	0.03840694
4839.0	0.03770227
4840.0	0.02547248
4841.0	0.04298144
4842.0	0.04794911
4843.0	0.02890071
4844.0	0.03711339
4845.0	0.0537394
4846.0	0.0553585
4847.0	0.04596467
4848.0	0.0465495
4849.0	0.0583971
4850.0	0.05168668
4851.0	0.04106209
4852.0	0.02056586
4853.0	0.03720261
4854.0	0.04450635
4855.0	0.03100706
4856.0	0.02755801
4857.0	0.03533824
4858.0	0.04548546
4859.0	0.03025255
4860.0	0.02889903
4861.0	0.04348174
4862.0	0.05765462
4863.0	0.03609467
4864.0	0.01085952
4865.0	0.02465498
4866.0	0.05229687
4867.0	0.05660123
4868.0	0.03159108
4869.0	0.01673866
4870.0	0.02825581
4871.0	0.02795349
4872.0	0.01627291
4873.0	0.02021669
4874.0	0.04231053
4875.0	0.03557907
4876.0	0.04608586
4877.0	0.05761213
4878.0	0.05287765
4879.0	0.04373479
4880.0	0.03072729
4881.0	0.03087281
4882.0	0.06074684
4883.0	0.03086602
4884.0	0.03127037
4885.0	0.01965788
4886.0	0.005563035
4887.0	0.00593195
4888.0	0.02932717
4889.0	0.03533735
4890.0	0.03112936
4891.0	0.03034206
4892.0	0.03374892
4893.0	0.03483281
4894.0	0.04360261
4895.0	0.04019882
4896.0	0.04436909
4897.0	0.04217026
4898.0	0.02588052
4899.0	0.0374373
4900.0	0.03465861
4901.0	0.03624464
4902.0	0.05076136
4903.0	0.04651527
4904.0	0.03949815
4905.0	0.03369688
4906.0	0.03984434
4907.0	0.03426107
4908.0	0.0409383
4909.0	0.04117929
4910.0	0.03494678
4911.0	0.04685692
4912.0	0.05060417
4913.0	0.05654122
4914.0	0.02177101
4915.0	0.03426252
4916.0	0.03688451
4917.0	0.04622832
4918.0	0.04747903
4919.0	0.03142956
4920.0	0.03367711
4921.0	0.04501682
4922.0	0.04487216
4923.0	0.05015372
4924.0	0.05481049
4925.0	0.0516061
4926.0	0.02952045
4927.0	0.01758065
4928.0	0.04196705
4929.0	0.03523659
4930.0	0.02717563
4931.0	0.05569955
4932.0	0.0513191
4933.0	0.02752174
4934.0	0.0442984
4935.0	0.04547097
4936.0	0.03870507
4937.0	0.04609554
4938.0	0.03982482
4939.0	0.04188396
4940.0	0.05948531
4941.0	0.06626701
4942.0	0.03703725
4943.0	0.04143204
4944.0	0.05984189
4945.0	0.04571744
4946.0	0.04758533
4947.0	0.05301926
4948.0	0.05464071
4949.0	0.02758241
4950.0	0.0289767
4951.0	0.02854763
4952.0	0.02041785
4953.0	0.03526698
4954.0	0.02991325
4955.0	0.03795217
4956.0	0.05738946
4957.0	0.05034768
4958.0	0.04053816
4959.0	0.02819629
4960.0	0.03766156
4961.0	0.04193029
4962.0	0.04583326
4963.0	0.05206995
4964.0	0.02511981
4965.0	0.04271707
4966.0	0.04770362
4967.0	0.03807117
4968.0	0.04643494
4969.0	0.04127629
4970.0	0.02289123
4971.0	0.02679337
4972.0	0.03052637
4973.0	0.03239531
4974.0	0.01761942
4975.0	0.03128185
4976.0	0.03673104
4977.0	0.05228268
4978.0	0.0419741
4979.0	0.04190268
4980.0	0.04283717
4981.0	0.04262761
4982.0	0.04265773
4983.0	0.03231147
4984.0	0.03258572
4985.0	0.02791261
4986.0	0.04749173
4987.0	0.04047796
4988.0	0.05263405
4989.0	0.04652534
4990.0	0.0400134
4991.0	0.05058553
4992.0	0.04263361
4993.0	0.03974073
4994.0	0.04187645
4995.0	0.03999838
4996.0	0.04165682
4997.0	0.03558508
4998.0	0.03569502
4999.0	0.03036669
5000.0	0.04207765
5001.0	0.05706264
5002.0	0.03539963
5003.0	0.04376797
5004.0	0.03587686
5005.0	0.02594781
5006.0	0.03239036
5007.0	0.03476625
5008.0	0.03373425
5009.0	0.02612034
5010.0	0.03112649
5011.0	0.04330014
5012.0	0.03742626
5013.0	0.0399576
5014.0	0.03198751
5015.0	0.02716867
5016.0	0.02847875
5017.0	0.03665334
5018.0	0.04716362
5019.0	0.05457642
5020.0	0.04872628
5021.0	0.04160337
5022.0	0.05664881
5023.0	0.02874775
5024.0	0.02109862
5025.0	0.0324236
5026.0	0.04994365
5027.0	0.0450397
5028.0	0.04438519
5029.0	0.03241297
5030.0	0.03642374
5031.0	0.03966327
5032.0	0.03996255
5033.0	0.03393871
5034.0	0.04191975
5035.0	0.04185308
5036.0	0.04019683
5037.0	0.02722457
5038.0	0.04062693
5039.0	0.05506343
5040.0	0.05843613
5041.0	0.05609108
5042.0	0.05636381
5043.0	0.06883666
5044.0	0.06186038
5045.0	0.0562756
5046.0	0.05311272
5047.0	0.05107512
5048.0	0.05968784
5049.0	0.03389004
5050.0	0.03921065
5051.0	0.04621251
5052.0	0.06663458
5053.0	0.0680211
5054.0	0.06116152
5055.0	0.04901909
5056.0	0.04593584
5057.0	0.04679817
5058.0	0.04858274
5059.0	0.04253039
5060.0	0.06184701
5061.0	0.0726646
5062.0	0.07662997
5063.0	0.0579647
5064.0	0.0602399
5065.0	0.06345391
5066.0	0.07134864
5067.0	0.07107064
5068.0	0.0722865
5069.0	0.05738077
5070.0	0.05180688
5071.0	0.05999622
5072.0	0.0596854
5073.0	0.05912165
5074.0	0.06313755
5075.0	0.05102147
5076.0	0.07786384
5077.0	0.07435469
5078.0	0.06930622
5079.0	0.06569076
5080.0	0.05806758
5081.0	0.0709338
5082.0	0.07591989
5083.0	0.05761191
5084.0	0.05788068
5085.0	0.06643412
5086.0	0.05795034
5087.0	0.0462423
5088.0	0.03415774
5089.0	0.049632
5090.0	0.06365383
5091.0	0.08294011
5092.0	0.0647098
5093.0	0.07024962
5094.0	0.06767586
5095.0	0.06743247
5096.0	0.05947937
5097.0	0.05175009
5098.0	0.05622329
5099.0	0.0577414
5100.0	0.05392506
5101.0	0.04781608
5102.0	0.05258297
5103.0	0.03312607
5104.0	0.03852532
5105.0	0.04145389
5106.0	0.04080956
5107.0	0.05438784
5108.0	0.05049967
5109.0	0.03912026
5110.0	0.06204256
5111.0	0.05524595
5112.0	0.06071682
5113.0	0.04931988
5114.0	0.03512476
5115.0	0.04087389
5116.0	0.04348142
5117.0	0.03226107
5118.0	0.04026772
5119.0	0.05327781
5120.0	0.05307549
5121.0	0.03834839
5122.0	0.0456043
5123.0	0.02812606
5124.0	0.03701411
5125.0	0.03462445
5126.0	0.04186995
5127.0	0.01809742
5128.0	0.03178196
5129.0	0.03285239
5130.0	0.03838522
5131.0	0.04271909
5132.0	0.0372688
5133.0	0.03676238
5134.0	0.02727037
5135.0	0.0362387
5136.0	0.05065309
5137.0	0.04325806
5138.0	0.03396188
5139.0	0.0299779
5140.0	0.04347286
5141.0	0.04517134
5142.0	0.04172343
5143.0	0.03275998
5144.0	0.03077995
5145.0	0.03157194
5146.0	0.03465519
5147.0	0.03294364
5148.0	0.04105655
5149.0	0.03690565
5150.0	0.02907748
5151.0	0.0390254
5152.0	0.03653314
5153.0	0.03919406
5154.0	0.02300859
5155.0	0.03286903
5156.0	0.0315298
5157.0	0.02429721
5158.0	0.03260785
5159.0	0.02823961
5160.0	0.04316181
5161.0	0.04843247
5162.0	0.04521255
5163.0	0.0409059
5164.0	0.04604875
5165.0	0.03759246
5166.0	0.04249445
5167.0	0.04596845
5168.0	0.03640036
5169.0	0.02929784
5170.0	0.02024532
5171.0	0.03593463
5172.0	0.03594772
5173.0	0.03350766
5174.0	0.03490918
5175.0	0.03912213
5176.0	0.04001245
5177.0	0.02868989
5178.0	0.03083177
5179.0	0.01985532
5180.0	0.03254727
5181.0	0.0504736
5182.0	0.04633367
5183.0	0.04188958
5184.0	0.02841586
5185.0	0.02038564
5186.0	0.01595262
5187.0	0.0328893
5188.0	0.03357131
5189.0	0.04496272
5190.0	0.05161899
5191.0	0.02883793
5192.0	0.02670582
5193.0	0.02481606
5194.0	0.02620311
5195.0	0.02323978
5196.0	0.01721534
5197.0	0.03592233
5198.0	0.03083267
5199.0	0.01316831
5200.0	0.03090227
5201.0	0.03697785
5202.0	0.03664192
5203.0	0.02409199
5204.0	0.02525312
5205.0	0.02983422
5206.0	0.02271805
5207.0	0.02995895
5208.0	0.04059722
5209.0	0.03103759
5210.0	0.03681539
5211.0	0.03568632
5212.0	0.01996156
5213.0	0.0116435
5214.0	0.03191435
5215.0	0.02732999
5216.0	0.04007925
5217.0	0.05107546
5218.0	0.02627889
5219.0	0.02661818
5220.0	0.03227102
5221.0	0.01772001
5222.0	0.02393233
5223.0	0.02731802
5224.0	0.04122227
5225.0	0.04202594
5226.0	0.03312557
5227.0	0.0259616
5228.0	0.009900408
5229.0	0.02092679
5230.0	0.02676504
5231.0	0.02291708
5232.0	0.01936418
5233.0	0.03108768
5234.0	0.03408889
5235.0	0.01790138
5236.0	0.02940594
5237.0	0.03471905
5238.0	0.03757253
5239.0	0.01626634
5240.0	0.0308731
5241.0	0.02983988
5242.0	0.01248438
5243.0	0.005714892
5244.0	0.02073625
5245.0	0.02066593
5246.0	0.03475748
5247.0	0.03677536
5248.0	0.03754553
5249.0	0.02028074
5250.0	0.02828899
5251.0	0.03236906
5252.0	0.03687453
5253.0	0.03440371
5254.0	0.03734576
5255.0	0.02937926
5256.0	0.02623155
5257.0	0.02616578
5258.0	0.01164643
5259.0	0.01946669
5260.0	0.03523625
5261.0	0.04485932
5262.0	0.02591905
5263.0	0.03505002
5264.0	0.04227407
5265.0	0.02449881
5266.0	0.01925893
5267.0	0.02902585
5268.0	0.02434722
5269.0	0.04380196
5270.0	0.02777467
5271.0	0.02213565
5272.0	0.0254349
5273.0	0.03261366
5274.0	0.04727364
5275.0	0.03383699
5276.0	0.03127406
5277.0	0.01932489
5278.0	0.02782661
5279.0	0.05330829
5280.0	0.04615382
5281.0	0.03681811
5282.0	0.03092777
5283.0	0.02957662
5284.0	0.02817142
5285.0	0.04235532
5286.0	0.03771438
5287.0	0.03495962
5288.0	0.02644964
5289.0	0.02829412
5290.0	0.02876674
5291.0	0.02749778
5292.0	0.03194104
5293.0	0.03685457
5294.0	0.02352559
5295.0	0.02376668
5296.0	0.0208575
5297.0	0.0353022
5298.0	0.02366631
5299.0	0.02393501
5300.0	0.02265105
5301.0	0.02594025
5302.0	0.01921467
5303.0	0.01759375
5304.0	0.02998633
5305.0	0.02994381
5306.0	0.02565859
5307.0	0.0224623
5308.0	0.02793545
5309.0	0.03983423
5310.0	0.0309351
5311.0	0.03070864
5312.0	0.0291681
5313.0	0.02472643
5314.0	0.02172014
5315.0	0.01987345
5316.0	0.03259912
5317.0	0.03500573
5318.0	0.04616399
5319.0	0.03779147
5320.0	0.01749417
5321.0	0.02172955
5322.0	0.02983411
5323.0	0.03971831
5324.0	0.02237821
5325.0	0.02299269
5326.0	0.03823593
5327.0	0.0367627
5328.0	0.02063161
5329.0	0.02720077
5330.0	0.02801794
5331.0	0.03400166
5332.0	0.03288272
5333.0	0.03817001
5334.0	0.02740237
5335.0	0.03050487
5336.0	0.02884023
5337.0	0.02556643
5338.0	0.02256385
5339.0	0.03630847
5340.0	0.04413901
5341.0	0.03540561
5342.0	0.02991023
5343.0	0.04152647
5344.0	0.03491111
5345.0	0.0303308
5346.0	0.05913913
5347.0	0.04642705
5348.0	0.02134015
5349.0	0.03628105
5350.0	0.02918204
5351.0	0.005128545
5352.0	0.02760547
5353.0	0.04471148
5354.0	0.03520582
5355.0	0.03465211
5356.0	0.05010521
5357.0	0.04329309
5358.0	0.04480714
5359.0	0.03687395
5360.0	0.04327574
5361.0	0.04067819
5362.0	0.03905114
5363.0	0.04311611
5364.0	0.04861677
5365.0	0.04899778
5366.0	0.05720921
5367.0	0.06186541
5368.0	0.04268954
5369.0	0.04644069
5370.0	0.05378752
5371.0	0.03344433
5372.0	0.03306178
5373.0	0.04259589
5374.0	0.02185021
5375.0	0.01424989
5376.0	0.02365877
5377.0	0.03733059
5378.0	0.04107845
5379.0	0.0534594
5380.0	0.04497354
5381.0	0.03143743
5382.0	0.02685021
5383.0	0.02971092
5384.0	0.04226625
5385.0	0.05370601
5386.0	0.03077457
5387.0	0.04443643
5388.0	0.03716979
5389.0	0.0332703
5390.0	0.03110544
5391.0	0.03804591
5392.0	0.03522347
5393.0	0.03252852
5394.0	0.02986025
5395.0	0.03956472
5396.0	0.04266427
5397.0	0.02865453
5398.0	0.03040597
5399.0	0.03662214
5400.0	0.04271165
5401.0	0.03443418
5402.0	0.02642147
5403.0	0.03352993
5404.0	0.03298688
5405.0	0.04334112
5406.0	0.04453271
5407.0	0.03525147
5408.0	0.03324036
5409.0	0.03673326
5410.0	0.04458302
5411.0	0.05540948
5412.0	0.05356244
5413.0	0.05119952
5414.0	0.03679342
5415.0	0.03196278
5416.0	0.0415194
5417.0	0.04205744
5418.0	0.0375221
5419.0	0.051355
5420.0	0.04547765
5421.0	0.05313017
5422.0	0.04320987
5423.0	0.05027981
5424.0	0.05116755
5425.0	0.06466961
5426.0	0.04606864
5427.0	0.04951684
5428.0	0.04662015
5429.0	0.05748012
5430.0	0.06147517
5431.0	0.07148536
5432.0	0.05308943
5433.0	0.061579
5434.0	0.05246376
5435.0	0.05700987
5436.0	0.06792191
5437.0	0.06355407
5438.0	0.0409399
5439.0	0.04315132
5440.0	0.05155522
5441.0	0.06204029
5442.0	0.05785436
5443.0	0.0630407
5444.0	0.04943844
5445.0	0.04980215
5446.0	0.06107558
5447.0	0.06064687
5448.0	0.05055733
5449.0	0.04120354
5450.0	0.05471712
5451.0	0.05238343
5452.0	0.05484026
5453.0	0.06167461
5454.0	0.05228887
5455.0	0.05480685
5456.0	0.05959512
5457.0	0.06287906
5458.0	0.06584616
5459.0	0.06384687
5460.0	0.04994181
5461.0	0.05203864
5462.0	0.05203337
5463.0	0.05129984
5464.0	0.06313878
5465.0	0.05307744
5466.0	0.04263074
5467.0	0.04739051
5468.0	0.06455948
5469.0	0.05237954
5470.0	0.05037866
5471.0	0.06203667
5472.0	0.05496711
5473.0	0.06161707
5474.0	0.05213457
5475.0	0.0459101
5476.0	0.06325881
5477.0	0.05312857
5478.0	0.0598066
5479.0	0.05276274
5480.0	0.05269683
5481.0	0.03952232
5482.0	0.04854596
5483.0	0.0462473
5484.0	0.05581586
5485.0	0.04692207
5486.0	0.04127026
5487.0	0.04830832
5488.0	0.03937404
5489.0	0.05088208
5490.0	0.0444071
5491.0	0.03865843
5492.0	0.04333642
5493.0	0.04936234
5494.0	0.05382093
5495.0	0.04368894
5496.0	0.04741565
5497.0	0.05282389
5498.0	0.04241072
5499.0	0.04821189
5500.0	0.05233527
5501.0	0.04891534
5502.0	0.04664886
5503.0	0.0579811
5504.0	0.0592455
5505.0	0.05232669
5506.0	0.05499654
5507.0	0.05601788
5508.0	0.0585907
5509.0	0.04354276
5510.0	0.04956344
5511.0	0.04588991
5512.0	0.04776058
5513.0	0.05272909
5514.0	0.05559509
5515.0	0.05095575
5516.0	0.05041322
5517.0	0.05080064
5518.0	0.06015892
5519.0	0.05748183
5520.0	0.05132916
5521.0	0.06388371
5522.0	0.05528675
5523.0	0.05464717
5524.0	0.0591833
5525.0	0.04925276
5526.0	0.06082031
5527.0	0.06588551
5528.0	0.05956184
5529.0	0.05330899
5530.0	0.044898
5531.0	0.06108852
5532.0	0.05216253
5533.0	0.05714677
5534.0	0.06833939
5535.0	0.07002405
5536.0	0.06120214
5537.0	0.06552305
5538.0	0.05013493
5539.0	0.05185869
5540.0	0.05827744
5541.0	0.06336599
5542.0	0.06288148
5543.0	0.06963693
5544.0	0.05038448
5545.0	0.04445468
5546.0	0.06018715
5547.0	0.06117098
5548.0	0.05192329
5549.0	0.05696989
5550.0	0.06161755
5551.0	0.0523908
5552.0	0.05079033
5553.0	0.04330359
5554.0	0.0394205
5555.0	0.05398809
5556.0	0.06618685
5557.0	0.05543904
5558.0	0.04772212
5559.0	0.04487684
5560.0	0.04804485
5561.0	0.05222891
5562.0	0.06042324
5563.0	0.05267613
5564.0	0.06986986
5565.0	0.05387775
5566.0	0.05678446
5567.0	0.0574441
5568.0	0.06608037
5569.0	0.06273254
5570.0	0.0549922
5571.0	0.04966966
5572.0	0.05004086
5573.0	0.04363995
5574.0	0.05991639
5575.0	0.0583153
5576.0	0.0614786
5577.0	0.06826358
5578.0	0.1232632
5579.0	0.06570674
5580.0	0.0401562
5581.0	0.04718413
5582.0	0.0620807
5583.0	0.04639228
5584.0	0.05669294
5585.0	0.06110769
5586.0	0.05884801
5587.0	0.06293371
5588.0	0.0668126
5589.0	0.07170419
5590.0	0.07374131
5591.0	0.05751923
5592.0	0.05079576
5593.0	0.0471813
5594.0	0.05121342
5595.0	0.05942411
5596.0	0.06335518
5597.0	0.06578092
5598.0	0.07054672
5599.0	0.06438273
5600.0	0.06347738
5601.0	0.05149959
5602.0	0.06857777
5603.0	0.05572299
5604.0	0.05819068
5605.0	0.05145079
5606.0	0.04629336
5607.0	0.03884037
5608.0	0.0417476
5609.0	0.05522825
5610.0	0.05527837
5611.0	0.05380521
5612.0	0.05229154
5613.0	0.0577242
5614.0	0.06000594
5615.0	0.06095281
5616.0	0.06024141
5617.0	0.06750054
5618.0	0.07199088
5619.0	0.06730208
5620.0	0.07034093
5621.0	0.06624144
5622.0	0.062767
5623.0	0.05624567
5624.0	0.05636737
5625.0	0.04202202
5626.0	0.05683931
5627.0	0.05108188
5628.0	0.04619838
5629.0	0.04817683
5630.0	0.04827423
5631.0	0.065984
5632.0	0.06093401
5633.0	0.06746808
5634.0	0.05806116
5635.0	0.05885297
5636.0	0.07597394
5637.0	0.06692302
5638.0	0.0597258
5639.0	0.06911147
5640.0	0.06041706
5641.0	0.04792114
5642.0	0.06197868
5643.0	0.06216365
5644.0	0.06488302
5645.0	0.07588033
5646.0	0.07586407
5647.0	0.05936045
5648.0	0.04847341
5649.0	0.0628108
5650.0	0.07210167
5651.0	0.06643285
5652.0	0.07844447
5653.0	0.06537776
5654.0	0.06376155
5655.0	0.05700319
5656.0	0.0747344
5657.0	0.07235759
5658.0	0.06475133
5659.0	0.08021754
5660.0	0.08221886
5661.0	0.06846069
5662.0	0.06502029
5663.0	0.07105891
5664.0	0.07418094
5665.0	0.05467865
5666.0	0.05310962
5667.0	0.05411604
5668.0	0.05279601
5669.0	0.06131778
5670.0	0.06029925
5671.0	0.07010499
5672.0	0.06637281
5673.0	0.0578554
5674.0	0.05451435
5675.0	0.04491051
5676.0	0.05307468
5677.0	0.07237635
5678.0	0.05320891
5679.0	0.06326126
5680.0	0.06054443
5681.0	0.06394573
5682.0	0.06599702
5683.0	0.04928416
5684.0	0.05348011
5685.0	0.06172174
5686.0	0.07496261
5687.0	0.06495997
5688.0	0.05599053
5689.0	0.06942946
5690.0	0.07910228
5691.0	0.06183437
5692.0	0.05063297
5693.0	0.05202929
5694.0	0.05555347
5695.0	0.05221941
5696.0	0.06204983
5697.0	0.07022834
5698.0	0.06283094
5699.0	0.06162534
5700.0	0.0637311
5701.0	0.06395759
5702.0	0.04947701
5703.0	0.05299006
5704.0	0.07180165
5705.0	0.06722245
5706.0	0.05235963
5707.0	0.05081749
5708.0	0.05760827
5709.0	0.06745953
5710.0	0.05576435
5711.0	0.0645073
5712.0	0.04804366
5713.0	0.04867961
5714.0	0.06078105
5715.0	0.07737183
5716.0	0.0753061
5717.0	0.06628565
5718.0	0.06453794
5719.0	0.05165539
5720.0	0.03714892
5721.0	0.04456632
5722.0	0.06169963
5723.0	0.06454306
5724.0	0.06647565
5725.0	0.05723017
5726.0	0.06237083
5727.0	0.05425087
5728.0	0.06391237
5729.0	0.06511146
5730.0	0.06398151
5731.0	0.05864527
5732.0	0.05932954
5733.0	0.06856227
5734.0	0.06863473
5735.0	0.07611088
5736.0	0.05395666
5737.0	0.04857771
5738.0	0.06485818
5739.0	0.06867243
5740.0	0.06426311
5741.0	0.0658781
5742.0	0.05496945
5743.0	0.0422007
5744.0	0.04801089
5745.0	0.06111509
5746.0	0.06495991
5747.0	0.04768169
5748.0	0.054584
5749.0	0.04825446
5750.0	0.05002346
5751.0	0.05696774
5752.0	0.05391635
5753.0	0.04594076
5754.0	0.05072489
5755.0	0.05303495
5756.0	0.04550387
5757.0	0.05051057
5758.0	0.04830065
5759.0	0.04927925
5760.0	0.06750709
5761.0	0.05370456
5762.0	0.04271166
5763.0	0.05147746
5764.0	0.06879143
5765.0	0.07282597
5766.0	0.06110552
5767.0	0.05103907
5768.0	0.04545693
5769.0	0.05118623
5770.0	0.07352
5771.0	0.0463791
5772.0	0.05176592
5773.0	0.06547293
5774.0	0.05188448
5775.0	0.04468257
5776.0	0.06151429
5777.0	0.04708612
5778.0	0.05360789
5779.0	0.06075587
5780.0	0.05602035
5781.0	0.04300147
5782.0	0.05306506
5783.0	0.05053506
5784.0	0.04246865
5785.0	0.04336587
5786.0	0.05777099
5787.0	0.05092289
5788.0	0.05721019
5789.0	0.05995494
5790.0	0.05965609
5791.0	0.05214329
5792.0	0.05134967
5793.0	0.05544838
5794.0	0.06095057
5795.0	0.0535659
5796.0	0.0524079
5797.0	0.04131436
5798.0	0.02459005
5799.0	0.04515667
5800.0	0.0422606
5801.0	0.03885386
5802.0	0.05260867
5803.0	0.05641258
5804.0	0.04189853
5805.0	0.03605854
5806.0	0.02948363
5807.0	0.03960538
5808.0	0.0634438
5809.0	0.05509739
5810.0	0.05056667
5811.0	0.04388675
5812.0	0.03800392
5813.0	0.03657053
5814.0	0.03522189
5815.0	0.03516157
5816.0	0.03667719
5817.0	0.04052063
5818.0	0.05832919
5819.0	0.04890969
5820.0	0.0397375
5821.0	0.03907018
5822.0	0.0507038
5823.0	0.05202829
5824.0	0.0443145
5825.0	0.05621858
5826.0	0.03963038
5827.0	0.03735164
5828.0	0.03566363
5829.0	0.04250029
5830.0	0.04675928
5831.0	0.05044197
5832.0	0.05029162
5833.0	0.03648579
5834.0	0.04270937
5835.0	0.04830202
5836.0	0.03276159
5837.0	0.03125928
5838.0	0.02514813
5839.0	0.02905968
5840.0	0.03777006
5841.0	0.03971035
5842.0	0.0362826
5843.0	0.03517792
5844.0	0.03991916
5845.0	0.03357044
5846.0	0.04037544
5847.0	0.03652659
5848.0	0.03670726
5849.0	0.03991456
5850.0	0.03527758
5851.0	0.04187115
5852.0	0.04788051
5853.0	0.03819115
5854.0	0.0331245
5855.0	0.03647633
5856.0	0.02926367
5857.0	0.04352545
5858.0	0.04177669
5859.0	0.03467209
5860.0	0.02262185
5861.0	0.03161762
5862.0	0.03348356
5863.0	0.04701483
5864.0	0.025283
5865.0	0.0209837
5866.0	0.03699211
5867.0	0.03606861
5868.0	0.04178502
5869.0	0.02727547
5870.0	0.02414373
5871.0	0.02157903
5872.0	0.02977823
5873.0	0.03945046
5874.0	0.01981848
5875.0	0.02089192
5876.0	0.02386584
5877.0	0.01724836
5878.0	0.0251307
5879.0	0.04505568
5880.0	0.02897881
5881.0	0.03274652
5882.0	0.03715261
5883.0	0.04604094
5884.0	0.03052764
5885.0	0.02930056
5886.0	0.0351285
5887.0	0.02057738
5888.0	0.02305739
5889.0	0.04377383
5890.0	0.04075989
5891.0	0.0396788
5892.0	0.04541655
5893.0	0.03903881
5894.0	0.03000857
5895.0	0.03565228
5896.0	0.03277636
5897.0	0.03368202
5898.0	0.03304534
5899.0	0.03077431
5900.0	0.0354609
5901.0	0.03659388
5902.0	0.03877938
5903.0	0.03025329
5904.0	0.03771137
5905.0	0.04157138
5906.0	0.02021295
5907.0	0.02798849
5908.0	0.03399154
5909.0	0.03252741
5910.0	0.03581432
5911.0	0.04320258
5912.0	0.02609337
5913.0	0.02856332
5914.0	0.04344849
5915.0	0.0424046
5916.0	0.04621259
5917.0	0.03267118
5918.0	0.0238868
5919.0	0.03206074
5920.0	0.03819916
5921.0	0.03222984
5922.0	0.02054789
5923.0	0.03071911
5924.0	0.03178057
5925.0	0.03012517
5926.0	0.02826937
5927.0	0.03572777
5928.0	0.02616697
5929.0	0.02666597
5930.0	0.02032675
5931.0	0.03483859
5932.0	0.02535169
5933.0	0.03423576
5934.0	0.04296379
5935.0	0.04100258
5936.0	0.02181842
5937.0	0.03722215
5938.0	0.04541752
5939.0	0.03569503
5940.0	0.02980693
5941.0	0.03473252
5942.0	0.02210211
5943.0	0.03210551
5944.0	0.03579042
5945.0	0.03605204
5946.0	0.04540574
5947.0	0.04550077
5948.0	0.02958724
5949.0	0.03820658
5950.0	0.03093379
5951.0	0.03339966
5952.0	0.03568657
5953.0	0.0382289
5954.0	0.04357583
5955.0	0.03330351
5956.0	0.0305203
5957.0	0.05730456
5958.0	0.04696148
5959.0	0.02573757
5960.0	0.02175053
5961.0	0.02623537
5962.0	0.0213542
5963.0	0.02482504
5964.0	0.03163147
5965.0	0.03575836
5966.0	0.04543108
5967.0	0.04314789
5968.0	0.03637146
5969.0	0.03014364
5970.0	0.04057709
5971.0	0.04536785
5972.0	0.02271925
5973.0	0.0200348
5974.0	0.03882852
5975.0	0.03576257
5976.0	0.05012449
5977.0	0.04155946
5978.0	0.04007434
5979.0	0.0369822
5980.0	0.04114503
5981.0	0.03402957
5982.0	0.04555544
5983.0	0.04789139
5984.0	0.04558254
5985.0	0.05666291
5986.0	0.06702441
5987.0	0.05052593
5988.0	0.03027052
5989.0	0.0419746
5990.0	0.04073488
5991.0	0.03136013
5992.0	0.04605325
5993.0	0.04599726
5994.0	0.03730164
5995.0	0.03787878
5996.0	0.03987135
5997.0	0.03317664
5998.0	0.03733455
5999.0	0.05596586
6000.0	0.04669624
6001.0	0.03929395
6002.0	0.04076715
6003.0	0.02898192
6004.0	0.05121443
6005.0	0.04399889
6006.0	0.03293047
6007.0	0.03623074
6008.0	0.03524884
6009.0	0.03290778
6010.0	0.02886255
6011.0	0.0289042
6012.0	0.03723593
6013.0	0.03047117
6014.0	0.04320038
6015.0	0.03991313
6016.0	0.03996302
6017.0	0.04401288
6018.0	0.05623561
6019.0	0.03021937
6020.0	0.03679615
6021.0	0.0520938
6022.0	0.05353583
6023.0	0.03839683
6024.0	0.0413937
6025.0	0.03805174
6026.0	0.03863409
6027.0	0.05295587
6028.0	0.05108061
6029.0	0.04049781
6030.0	0.03366039
6031.0	0.0363249
6032.0	0.04872441
6033.0	0.04445834
6034.0	0.02989323
6035.0	0.02986395
6036.0	0.04928059
6037.0	0.04448747
6038.0	0.0355178
6039.0	0.03480169
6040.0	0.04164273
6041.0	0.03841985
6042.0	0.05987177
6043.0	0.04201209
6044.0	0.04381302
6045.0	0.04588737
6046.0	0.04474329
6047.0	0.039715
6048.0	0.04684339
6049.0	0.03278277
6050.0	0.04955815
6051.0	0.05768772
6052.0	0.04835304
6053.0	0.04480135
6054.0	0.0397851
6055.0	0.04941467
6056.0	0.04144508
6057.0	0.03892814
6058.0	0.04598304
6059.0	0.04559767
6060.0	0.03635432
6061.0	0.04021293
6062.0	0.04471044
6063.0	0.03193656
6064.0	0.04115574
6065.0	0.03760973
6066.0	0.04828067
6067.0	0.04621662
6068.0	0.04762238
6069.0	0.03973483
6070.0	0.04144904
6071.0	0.04870987
6072.0	0.04317197
6073.0	0.04581011
6074.0	0.04621407
6075.0	0.03837086
6076.0	0.03160166
6077.0	0.04779888
6078.0	0.04847711
6079.0	0.04108674
6080.0	0.03619341
6081.0	0.04825443
6082.0	0.04734625
6083.0	0.04234884
6084.0	0.03444505
6085.0	0.04645047
6086.0	0.03601638
6087.0	0.04713138
6088.0	0.03132271
6089.0	0.02994305
6090.0	0.03474024
6091.0	0.04362001
6092.0	0.04063281
6093.0	0.03929931
6094.0	0.03675968
6095.0	0.05065618
6096.0	0.03840321
6097.0	0.04211213
6098.0	0.05354981
6099.0	0.04879312
6100.0	0.05127319
6101.0	0.03668829
6102.0	0.04041671
6103.0	0.03795769
6104.0	0.03610482
6105.0	0.02894725
6106.0	0.03927417
6107.0	0.04233592
6108.0	0.03881892
6109.0	0.0360956
6110.0	0.03744911
6111.0	0.03769939
6112.0	0.05072821
6113.0	0.03334574
6114.0	0.03894562
6115.0	0.05210077
6116.0	0.03530225
6117.0	0.02952332
6118.0	0.02948665
6119.0	0.03914968
6120.0	0.04274708
6121.0	0.03406434
6122.0	0.03482333
6123.0	0.03320137
6124.0	0.04038385
6125.0	0.030838
6126.0	0.0549178
6127.0	0.04332579
6128.0	0.04183913
6129.0	0.02989581
6130.0	0.02478357
6131.0	0.03228448
6132.0	0.04153595
6133.0	0.01883238
6134.0	0.02657763
6135.0	0.04008973
6136.0	0.02644772
6137.0	0.02660167
6138.0	0.02501828
6139.0	0.0326591
6140.0	0.03590144
6141.0	0.02522916
6142.0	0.01866633
6143.0	0.0261746
6144.0	0.02866674
6145.0	0.02370664
6146.0	0.03914301
6147.0	0.03636978
6148.0	0.02374296
6149.0	0.02494338
6150.0	0.03437692
6151.0	0.03149536
6152.0	0.0315688
6153.0	0.03197613
6154.0	0.02883578
6155.0	0.03446398
6156.0	0.03286553
6157.0	0.02726732
6158.0	0.02655187
6159.0	0.03509371
6160.0	0.04196042
6161.0	0.03423178
6162.0	0.02219233
6163.0	0.0258204
6164.0	0.03166043
6165.0	0.02557615
6166.0	0.02516349
6167.0	0.02483604
6168.0	0.02674886
6169.0	0.00715431
6170.0	0.0154526
6171.0	0.0252235
6172.0	0.03728703
6173.0	0.03250327
6174.0	0.03899046
6175.0	0.02578578
6176.0	0.02022328
6177.0	0.02774283
6178.0	0.01860323
6179.0	0.0332071
6180.0	0.0302301
6181.0	0.02296909
6182.0	0.01025975
6183.0	0.01868798
6184.0	0.02328574
6185.0	0.02849123
6186.0	0.0222346
6187.0	0.01934794
6188.0	0.02640244
6189.0	0.01610075
6190.0	0.016375
6191.0	0.01964279
6192.0	0.01757707
6193.0	0.02046848
6194.0	0.03428926
6195.0	0.0242449
6196.0	0.02461354
6197.0	0.0293736
6198.0	0.03127891
6199.0	0.02235305
6200.0	0.02750341
6201.0	0.02836206
6202.0	0.02047448
6203.0	0.01799526
6204.0	0.0236888
6205.0	0.02150615
6206.0	0.01883347
6207.0	0.0153591
6208.0	0.01914923
6209.0	0.01782569
6210.0	0.0125884
6211.0	0.02652866
6212.0	0.01547447
6213.0	0.02979032
6214.0	0.03018954
6215.0	0.02746194
6216.0	0.02761386
6217.0	0.02988579
6218.0	0.02871234
6219.0	0.02987881
6220.0	0.01922379
6221.0	0.02449387
6222.0	0.02278286
6223.0	0.007208184
6224.0	0.02336418
6225.0	0.0254997
6226.0	0.02052556
6227.0	0.02428623
6228.0	0.0231311
6229.0	0.02791866
6230.0	0.02714321
6231.0	0.01683394
6232.0	0.02504579
6233.0	0.02906577
6234.0	0.02339102
6235.0	0.01841598
6236.0	0.01676658
6237.0	0.01009385
6238.0	0.01491146
6239.0	0.01315837
6240.0	0.01039038
6241.0	0.01783376
6242.0	0.006050858
6243.0	0.008836659
6244.0	0.0277535
6245.0	0.02640626
6246.0	0.02976315
6247.0	0.02848537
6248.0	0.02277851
6249.0	0.01825313
6250.0	0.0305107
6251.0	0.02436714
6252.0	0.01460947
6253.0	0.01787183
6254.0	0.03333961
6255.0	0.03427425
6256.0	0.04841912
6257.0	0.04492795
6258.0	0.01608848
6259.0	-0.002867737
6260.0	0.02439247
6261.0	0.03008845
6262.0	0.02908028
6263.0	0.0257362
6264.0	0.02905734
6265.0	0.02175074
6266.0	0.007901234
6267.0	0.00953992
6268.0	0.03482356
6269.0	0.02299251
6270.0	0.02117041
6271.0	0.01192853
6272.0	0.01791534
6273.0	0.01765635
6274.0	0.01475887
6275.0	0.01232664
6276.0	0.01594093
6277.0	0.01465526
6278.0	0.0271797
6279.0	0.01385024
6280.0	0.01802036
6281.0	0.02621859
6282.0	0.02060494
6283.0	0.02124715
6284.0	0.01574321
6285.0	0.01499757
6286.0	0.004132519
6287.0	0.007180573
6288.0	0.00601866
6289.0	0.02126563
6290.0	0.01819191
6291.0	0.02451711
6292.0	0.02388456
6293.0	0.01953485
6294.0	0.007020249
6295.0	0.006256158
6296.0	0.01910019
6297.0	0.01107126
6298.0	0.02219642
6299.0	0.01525163
6300.0	0.02902404
6301.0	-0.003045597
6302.0	0.01740199
6303.0	0.01971683
6304.0	0.01831019
6305.0	0.02117658
6306.0	0.01379815
6307.0	-0.002185571
6308.0	0.001843678
6309.0	0.0112454
6310.0	0.009439086
6311.0	0.002267045
6312.0	0.01536052
6313.0	0.01679608
6314.0	0.02589025
6315.0	0.01680401
6316.0	0.009752714
6317.0	0.005761917
6318.0	0.009039883
6319.0	0.01728004
6320.0	0.01581122
6321.0	0.01587433
6322.0	0.02702411
6323.0	0.01796445
6324.0	0.01484174
6325.0	0.01470622
6326.0	0.01032948
6327.0	0.01500894
6328.0	0.007156999
6329.0	0.02250456
6330.0	0.03848008
6331.0	0.03982611
6332.0	0.02019171
6333.0	0.01565988
6334.0	0.0135747
6335.0	0.02255217
6336.0	0.01363613
6337.0	0.01876565
6338.0	0.02569924
6339.0	0.02707969
6340.0	0.0212306
6341.0	0.02212233
6342.0	0.01452726
6343.0	0.02588549
6344.0	0.02380273
6345.0	0.02873874
6346.0	0.022073
6347.0	0.02302444
6348.0	0.01873821
6349.0	0.01968989
6350.0	0.01784777
6351.0	0.0212242
6352.0	0.02929467
6353.0	0.02784456
6354.0	0.0339972
6355.0	0.02341615
6356.0	0.03167979
6357.0	0.02024508
6358.0	0.02150242
6359.0	0.0175317
6360.0	0.00880545
6361.0	0.0141564
6362.0	0.02010097
6363.0	0.03007822
6364.0	0.03014782
6365.0	0.03122066
6366.0	0.02837308
6367.0	0.03309194
6368.0	0.02889151
6369.0	0.03667382
6370.0	0.03849253
6371.0	0.01739154
6372.0	0.02640712
6373.0	0.01413912
6374.0	0.02293774
6375.0	0.03317012
6376.0	0.02265241
6377.0	0.01558407
6378.0	0.02994888
6379.0	0.02953942
6380.0	0.02168847
6381.0	0.02745054
6382.0	0.02689392
6383.0	0.02455942
6384.0	0.01435489
6385.0	0.01628909
6386.0	0.01707835
6387.0	0.03407949
6388.0	0.03470873
6389.0	0.01768605
6390.0	0.0153372
6391.0	0.02215315
6392.0	0.02803567
6393.0	0.03404082
6394.0	0.02882583
6395.0	0.03384444
6396.0	0.01540296
6397.0	0.02042279
6398.0	0.02599484
6399.0	0.03263605
6400.0	0.0409297
6401.0	0.03424536
6402.0	0.01812665
6403.0	0.02215137
6404.0	0.01890616
6405.0	0.02231936
6406.0	0.02569667
6407.0	0.02318029
6408.0	0.03536537
6409.0	0.03109539
6410.0	0.02104837
6411.0	0.02541717
6412.0	0.03622715
6413.0	0.03403402
6414.0	0.02880931
6415.0	0.02690462
6416.0	0.02554044
6417.0	0.0309798
6418.0	0.02829242
6419.0	0.0278873
6420.0	0.02801137
6421.0	0.01371956
6422.0	0.01927513
6423.0	0.03753605
6424.0	0.04071579
6425.0	0.02785621
6426.0	0.03023271
6427.0	0.02680444
6428.0	0.03493946
6429.0	0.03142194
6430.0	0.0255652
6431.0	0.02286433
6432.0	0.02690679
6433.0	0.02694363
6434.0	0.02926775
6435.0	0.0291303
6436.0	0.02428294
6437.0	0.02743343
6438.0	0.01393997
6439.0	0.0256055
6440.0	0.01513106
6441.0	0.02247934
6442.0	0.01942961
6443.0	0.02110201
6444.0	0.02210474
6445.0	0.01487856
6446.0	0.02390593
6447.0	0.02912001
6448.0	0.01793361
6449.0	0.03014626
6450.0	0.01709069
6451.0	0.01802193
6452.0	0.02157733
6453.0	0.02650306
6454.0	0.02300364
6455.0	0.04216571
6456.0	0.0437765
6457.0	0.01705549
6458.0	0.009720929
6459.0	0.02337391
6460.0	0.02281003
6461.0	0.02882784
6462.0	0.01882086
6463.0	0.02783643
6464.0	0.02607277
6465.0	0.03206512
6466.0	0.02839117
6467.0	0.01625791
6468.0	0.02291903
6469.0	0.02964038
6470.0	0.02667953
6471.0	0.02041296
6472.0	0.0200231
6473.0	0.02684432
6474.0	0.02170242
6475.0	0.03195848
6476.0	0.02392943
6477.0	0.01341734
6478.0	0.01609775
6479.0	0.02789001
6480.0	0.01362446
6481.0	0.01626983
6482.0	0.009923374
6483.0	0.01490441
6484.0	0.02273191
6485.0	0.03145323
6486.0	0.03331379
6487.0	0.02851408
6488.0	0.01502919
6489.0	0.006172884
6490.0	0.02127989
6491.0	0.01547917
6492.0	0.01969289
6493.0	0.02410865
6494.0	0.02168285
6495.0	0.02676415
6496.0	0.02656439
6497.0	0.02128011
6498.0	0.0199578
6499.0	0.02753149
6500.0	0.01992046
6501.0	0.01865674
6502.0	0.02045948
6503.0	0.016799
6504.0	0.02040054
6505.0	0.0203411
6506.0	0.03764165
6507.0	0.03832518
6508.0	0.02841583
6509.0	0.01225167
6510.0	0.03026059
6511.0	0.01612565
6512.0	0.02402073
6513.0	0.02281942
6514.0	0.03003762
6515.0	0.03193755
6516.0	0.03540197
6517.0	0.0288412
6518.0	0.02770259
6519.0	0.04334722
6520.0	0.03261274
6521.0	0.03425743
6522.0	0.02615149
6523.0	0.03706874
6524.0	0.02337965
6525.0	0.01733393
6526.0	0.02509612
6527.0	0.02697486
6528.0	0.02045363
6529.0	0.01433578
6530.0	0.03120507
6531.0	0.02140272
6532.0	0.02121639
6533.0	0.02480778
6534.0	0.04403861
6535.0	0.03161359
6536.0	0.01257089
6537.0	0.02094377
6538.0	0.02577028
6539.0	0.02477935
6540.0	0.02190446
6541.0	0.01774129
6542.0	0.01657661
6543.0	0.008122333
6544.0	0.02764228
6545.0	0.01678843
6546.0	0.01708628
6547.0	0.02387391
6548.0	0.02722613
6549.0	0.02582108
6550.0	0.02547849
6551.0	0.02469625
6552.0	0.03735098
6553.0	0.04510818
6554.0	0.02378293
6555.0	0.03022042
6556.0	0.02644227
6557.0	0.02704619
6558.0	0.030377
6559.0	0.02052109
6560.0	0.03656074
6561.0	0.03821291
6562.0	0.0442585
6563.0	0.04077387
6564.0	0.02967915
6565.0	0.02418244
6566.0	0.02584385
6567.0	0.03330066
6568.0	0.03066845
6569.0	0.01877081
6570.0	0.03022247
6571.0	0.02304196
6572.0	0.03232526
6573.0	0.03443847
6574.0	0.04711816
6575.0	0.03902404
6576.0	0.02661897
6577.0	0.0290766
6578.0	0.01973557
6579.0	0.03414648
6580.0	0.02211733
6581.0	0.03415122
6582.0	0.03189245
6583.0	0.03202629
6584.0	0.03432013
6585.0	0.02891951
6586.0	0.02756386
6587.0	0.03052503
6588.0	0.02313615
6589.0	0.02370507
6590.0	0.03444934
6591.0	0.03313977
6592.0	0.03373615
6593.0	0.04062697
6594.0	0.04683413
6595.0	0.04089841
6596.0	0.03072514
6597.0	0.03196749
6598.0	0.03567152
6599.0	0.03486671
6600.0	0.03626578
6601.0	0.02805482
6602.0	0.02405852
6603.0	0.04190038
6604.0	0.02279633
6605.0	0.02069636
6606.0	0.03334842
6607.0	0.0293961
6608.0	0.03347943
6609.0	0.04232949
6610.0	0.04112983
6611.0	0.0463354
6612.0	0.04161676
6613.0	0.03754422
6614.0	0.04550491
6615.0	0.03658359
6616.0	0.04130413
6617.0	0.04080125
6618.0	0.05265617
6619.0	0.04083941
6620.0	0.03683539
6621.0	0.03305051
6622.0	0.02292891
6623.0	0.03391323
6624.0	0.02899742
6625.0	0.04098249
6626.0	0.0404955
6627.0	0.03614051
6628.0	0.04236905
6629.0	0.03502595
6630.0	0.04279238
6631.0	0.03312381
6632.0	0.03169765
6633.0	0.03984439
6634.0	0.04247017
6635.0	0.04605506
6636.0	0.04081189
6637.0	0.05624314
6638.0	0.04380719
6639.0	0.03585351
6640.0	0.02564162
6641.0	0.03125897
6642.0	0.03123858
6643.0	0.02397262
6644.0	0.03689525
6645.0	0.03871515
6646.0	0.02495863
6647.0	0.03275342
6648.0	0.04283068
6649.0	0.04382249
6650.0	0.02737281
6651.0	0.04541261
6652.0	0.04416378
6653.0	0.03967296
6654.0	0.03901812
6655.0	0.05431923
6656.0	0.04453734
6657.0	0.02596874
6658.0	0.0366989
6659.0	0.03975127
6660.0	0.03725944
6661.0	0.04367917
6662.0	0.03262215
6663.0	0.03976387
6664.0	0.0354487
6665.0	0.04113708
6666.0	0.04528163
6667.0	0.03114607
6668.0	0.02921748
6669.0	0.04038246
6670.0	0.03526105
6671.0	0.03447259
6672.0	0.04763246
6673.0	0.04704747
6674.0	0.02732408
6675.0	0.04929707
6676.0	0.04358768
6677.0	0.03295853
6678.0	0.03231934
6679.0	0.03744625
6680.0	0.04311588
6681.0	0.03639514
6682.0	0.05801739
6683.0	0.03820989
6684.0	0.045958
6685.0	0.04128701
6686.0	0.03699346
6687.0	0.02806265
6688.0	0.02433721
6689.0	0.03215844
6690.0	0.04294859
6691.0	0.04654719
6692.0	0.04533026
6693.0	0.03953871
6694.0	0.03476245
6695.0	0.04490152
6696.0	0.04871105
6697.0	0.04826258
6698.0	0.04596071
6699.0	0.04554239
6700.0	0.03450601
6701.0	0.03734691
6702.0	0.03473129
6703.0	0.03616095
6704.0	0.03381787
6705.0	0.03627817
6706.0	0.04557261
6707.0	0.04837251
6708.0	0.04654788
6709.0	0.03411556
6710.0	0.03163213
6711.0	0.04844028
6712.0	0.0517044
6713.0	0.03066568
6714.0	0.04061956
6715.0	0.03842624
6716.0	0.04000319
6717.0	0.03543793
6718.0	0.03333829
6719.0	0.03907778
6720.0	0.03847143
6721.0	0.03541642
6722.0	0.0419988
6723.0	0.04587431
6724.0	0.0438006
6725.0	0.03993633
6726.0	0.04529711
6727.0	0.03164671
6728.0	0.04761586
6729.0	0.04354786
6730.0	0.04044517
6731.0	0.03773686
6732.0	0.04142869
6733.0	0.03394453
6734.0	0.03315434
6735.0	0.03164171
6736.0	0.03716675
6737.0	0.03984935
6738.0	0.04086811
6739.0	0.04573994
6740.0	0.03817689
6741.0	0.03821138
6742.0	0.03413079
6743.0	0.0392775
6744.0	0.04369305
6745.0	0.04501993
6746.0	0.05034202
6747.0	0.03874583
6748.0	0.04231824
6749.0	0.04276169
6750.0	0.03273348
6751.0	0.03181285
6752.0	0.04715533
6753.0	0.04096862
6754.0	0.03568433
6755.0	0.0325425
6756.0	0.03693955
6757.0	0.03563325
6758.0	0.03654708
6759.0	0.03696798
6760.0	0.03319987
6761.0	0.03661374
6762.0	0.04164968
6763.0	0.04730529
6764.0	0.04391425
6765.0	0.04013478
6766.0	0.04061062
6767.0	0.03059646
6768.0	0.0374664
6769.0	0.03728205
6770.0	0.03678295
6771.0	0.04096794
6772.0	0.04122179
6773.0	0.04909275
6774.0	0.04026635
6775.0	0.02823323
6776.0	0.02569911
6777.0	0.02166829
6778.0	0.02466946
6779.0	0.03633576
6780.0	0.05047664
6781.0	0.03008733
6782.0	0.03225122
6783.0	0.04761609
6784.0	0.03888367
6785.0	0.02861253
6786.0	0.02763619
6787.0	0.03383178
6788.0	0.03375548
6789.0	0.02937899
6790.0	0.03234033
6791.0	0.02763059
6792.0	0.03053942
6793.0	0.04429177
6794.0	0.03535154
6795.0	0.03540753
6796.0	0.02309717
6797.0	0.02459847
6798.0	0.03397105
6799.0	0.02361298
6800.0	0.03389347
6801.0	0.02676554
6802.0	0.03052013
6803.0	0.03379843
6804.0	0.01819789
6805.0	0.02801295
6806.0	0.03368241
6807.0	0.03378479
6808.0	0.03760157
6809.0	0.03415482
6810.0	0.04082888
6811.0	0.02245286
6812.0	0.02881022
6813.0	0.03460079
6814.0	0.03271301
6815.0	0.03962585
6816.0	0.0316872
6817.0	0.03888495
6818.0	0.02994685
6819.0	0.03197739
6820.0	0.03158918
6821.0	0.03176773
6822.0	0.02867531
6823.0	0.02885312
6824.0	0.02888992
6825.0	0.01846999
6826.0	0.02219563
6827.0	0.02323806
6828.0	0.03155187
6829.0	0.03188587
6830.0	0.02116989
6831.0	0.03358668
6832.0	0.03040394
6833.0	0.02159907
6834.0	0.01950347
6835.0	0.020207
6836.0	0.01974481
6837.0	0.01014665
6838.0	0.02957464
6839.0	0.03733074
6840.0	0.02763599
6841.0	0.03783417
6842.0	0.03119263
6843.0	0.03723948
6844.0	0.02084458
6845.0	0.01725993
6846.0	0.05068051
6847.0	0.03317578
6848.0	0.0300672
6849.0	0.03305392
6850.0	0.0248945
6851.0	0.03000216
6852.0	0.02764134
6853.0	0.02163216
6854.0	0.02189326
6855.0	0.02350063
6856.0	0.03345398
6857.0	0.0295644
6858.0	0.03186945
6859.0	0.03436483
6860.0	0.03476274
6861.0	0.02294074
6862.0	0.03595389
6863.0	0.02883104
6864.0	0.02200047
6865.0	0.02936962
6866.0	0.04920669
6867.0	0.03048014
6868.0	0.01302507
6869.0	0.01509028
6870.0	0.02196256
6871.0	0.02460295
6872.0	0.03296766
6873.0	0.02187488
6874.0	0.01382773
6875.0	0.03940393
6876.0	0.03451744
6877.0	0.02975038
6878.0	0.02089071
6879.0	0.005217796
6880.0	0.007944849
6881.0	0.02287671
6882.0	0.0325637
6883.0	0.02251572
6884.0	0.0142567
6885.0	0.02319031
6886.0	0.02684632
6887.0	0.03466886
6888.0	0.02293414
6889.0	0.0129753
6890.0	-7.180147e-05
6891.0	0.01437978
6892.0	0.01855733
6893.0	0.02251071
6894.0	0.005458817
6895.0	0.01710704
6896.0	0.02539192
6897.0	0.01470651
6898.0	0.02660304
6899.0	0.04451404
6900.0	0.0311336
6901.0	0.0269504
6902.0	0.01397823
6903.0	0.02212021
6904.0	0.02244192
6905.0	0.02242925
6906.0	0.03616403
6907.0	0.02952585
6908.0	0.02160725
6909.0	0.03145462
6910.0	0.02324772
6911.0	0.02203717
6912.0	0.02323003
6913.0	0.02454626
6914.0	0.02861748
6915.0	0.01651062
6916.0	0.006105175
6917.0	0.02050021
6918.0	0.01465107
6919.0	0.01329395
6920.0	0.01303319
6921.0	0.01758506
6922.0	0.01404307
6923.0	0.01741686
6924.0	0.02771577
6925.0	0.03459337
6926.0	0.02020945
6927.0	0.01043864
6928.0	0.02871705
6929.0	0.02600342
6930.0	0.01513631
6931.0	0.01178402
6932.0	0.01868236
6933.0	0.02058509
6934.0	0.01668296
6935.0	0.0188913
6936.0	0.02067986
6937.0	0.01527957
6938.0	0.0003831887
6939.0	0.002530924
6940.0	0.03719891
6941.0	0.04408587
6942.0	0.02218761
6943.0	0.03202489
6944.0	0.02383892
6945.0	0.0163888
6946.0	0.01582569
6947.0	0.01804109
6948.0	0.01883738
6949.0	0.02042044
6950.0	0.00489689
6951.0	0.02504247
6952.0	0.009850321
6953.0	0.02210801
6954.0	0.01095407
6955.0	0.02297696
6956.0	0.02651918
6957.0	0.0141396
6958.0	0.009602546
6959.0	0.01810747
6960.0	0.01442311
6961.0	0.012775
6962.0	0.01408313
6963.0	0.01498435
6964.0	0.02309444
6965.0	0.01376424
6966.0	0.03400479
6967.0	0.03534011
6968.0	0.01506805
6969.0	0.02534337
6970.0	0.03475092
6971.0	0.01266645
6972.0	0.02388371
6973.0	0.01853571
6974.0	0.02013697
6975.0	0.02255338
6976.0	0.009894133
6977.0	0.02399152
6978.0	0.02140193
6979.0	0.01377029
6980.0	0.01685376
6981.0	0.01580765
6982.0	0.01837669
6983.0	0.02777613
6984.0	0.01567249
6985.0	0.01248988
6986.0	0.01636943
6987.0	0.01945332
6988.0	0.01666377
6989.0	0.01631727
6990.0	0.01889554
6991.0	0.01105865
6992.0	1.923846e-06
6993.0	0.005165403
6994.0	0.01209354
6995.0	0.02318113
6996.0	0.01307294
6997.0	0.008322458
6998.0	0.01177566
6999.0	0.01982317
7000.0	0.01759222
7001.0	0.01867509
7002.0	0.02787274
7003.0	0.01233683
7004.0	0.01750608
7005.0	0.02387982
7006.0	0.02352236
7007.0	0.0398979
7008.0	0.02318977
7009.0	0.01870743
7010.0	0.01394159
7011.0	0.01988813
7012.0	0.01636594
7013.0	0.01020829
7014.0	0.02717603
7015.0	0.000347141
7016.0	0.01571392
7017.0	0.01690722
7018.0	0.005426402
7019.0	0.005952889
7020.0	0.009879871
7021.0	0.01877809
7022.0	0.01933046
7023.0	0.01430592
7024.0	0.01668798
7025.0	0.01269586
7026.0	0.01053801
7027.0	0.01341111
7028.0	0.03063302
7029.0	0.02123312
7030.0	0.02251016
7031.0	0.02079498
7032.0	0.01411192
7033.0	-0.002615822
7034.0	0.006991721
7035.0	0.01525802
7036.0	0.02866879
7037.0	0.02858325
7038.0	0.02916297
7039.0	0.009776865
7040.0	0.01413419
7041.0	0.02554585
7042.0	0.02668935
7043.0	0.01820106
7044.0	0.01348788
7045.0	0.01056991
7046.0	0.002538683
7047.0	0.01649476
7048.0	0.03075235
7049.0	0.01759882
7050.0	0.01739097
7051.0	0.01255379
7052.0	0.0004820486
7053.0	0.00251879
7054.0	0.01865709
7055.0	0.02864249
7056.0	0.01087248
7057.0	0.01198872
7058.0	0.02421873
7059.0	0.01399874
7060.0	0.02440081
