#	 master151647 
#	 UT date of observation: 20160728 
#	 Telescope/Instrument: SOAR/Goodman 
#	 Estimated Peak MJD: 57582.461 
#	 Estimated redshift: 0.056 
#	 Estimated Phase: 13.8 
#	 Published in Dettman et al. 2020 
#	 Observed barycentric wavelength (Angstroms)    F_lambda
3700.0	0.04078841
3702.0	0.02801676
3704.0	0.06494175
3706.0	0.0642563
3708.0	0.07454553
3710.0	0.0561352
3712.0	0.05314764
3714.0	0.02828373
3716.0	-0.001048378
3718.0	-0.01760444
3720.0	0.02488966
3722.0	0.0549909
3724.0	0.05623964
3726.0	0.0796981
3728.0	0.05720168
3730.0	0.02901571
3732.0	-0.0005055084
3734.0	0.03689187
3736.0	0.06601848
3738.0	0.04787332
3740.0	0.03911822
3742.0	0.06998792
3744.0	0.06083488
3746.0	0.08649984
3748.0	0.05456173
3750.0	0.07465113
3752.0	0.09776773
3754.0	0.03147575
3756.0	0.04944036
3758.0	0.07082042
3760.0	0.06868706
3762.0	0.0907268
3764.0	0.07424076
3766.0	0.06437167
3768.0	0.09003926
3770.0	0.04331379
3772.0	0.01996163
3774.0	0.04592272
3776.0	0.071584
3778.0	0.1137119
3780.0	0.1230489
3782.0	0.05754263
3784.0	0.04782219
3786.0	0.05813935
3788.0	0.05203434
3790.0	0.09149216
3792.0	0.08378546
3794.0	0.04564499
3796.0	0.04562238
3798.0	0.04392219
3800.0	0.041442
3802.0	0.04842249
3804.0	0.03372346
3806.0	0.02597145
3808.0	0.07821634
3810.0	0.08851959
3812.0	0.04771707
3814.0	0.02984786
3816.0	0.04216497
3818.0	0.04290862
3820.0	0.03570777
3822.0	0.04535004
3824.0	0.03321062
3826.0	0.04174951
3828.0	0.0590442
3830.0	0.05502982
3832.0	0.05689414
3834.0	0.0617664
3836.0	0.06012604
3838.0	0.05092181
3840.0	0.05043504
3842.0	0.05697559
3844.0	0.0638175
3846.0	0.07649472
3848.0	0.07177665
3850.0	0.06288558
3852.0	0.08478827
3854.0	0.09576687
3856.0	0.0788423
3858.0	0.06424604
3860.0	0.08331563
3862.0	0.1027849
3864.0	0.09360953
3866.0	0.09310758
3868.0	0.08676539
3870.0	0.08097496
3872.0	0.08363944
3874.0	0.08829307
3876.0	0.08729953
3878.0	0.0598594
3880.0	0.04915983
3882.0	0.0756832
3884.0	0.1018174
3886.0	0.1012107
3888.0	0.09171773
3890.0	0.0826354
3892.0	0.100525
3894.0	0.09891371
3896.0	0.06726962
3898.0	0.07819529
3900.0	0.1083366
3902.0	0.09420948
3904.0	0.07533941
3906.0	0.09536465
3908.0	0.1130207
3910.0	0.09347644
3912.0	0.08232716
3914.0	0.09295182
3916.0	0.1000519
3918.0	0.08468408
3920.0	0.07679793
3922.0	0.06635897
3924.0	0.05856432
3926.0	0.05877572
3928.0	0.06244322
3930.0	0.08310138
3932.0	0.1107109
3934.0	0.1180839
3936.0	0.08238909
3938.0	0.06073533
3940.0	0.07332393
3942.0	0.09647837
3944.0	0.1134666
3946.0	0.1275765
3948.0	0.1436272
3950.0	0.118193
3952.0	0.07934405
3954.0	0.0664537
3956.0	0.08994501
3958.0	0.09689248
3960.0	0.1033375
3962.0	0.1195082
3964.0	0.1234656
3966.0	0.08154082
3968.0	0.04933763
3970.0	0.05798426
3972.0	0.08539938
3974.0	0.07451459
3976.0	0.05684916
3978.0	0.07334729
3980.0	0.06405123
3982.0	0.0525593
3984.0	0.08687193
3986.0	0.09729747
3988.0	0.09127364
3990.0	0.0620478
3992.0	0.05238185
3994.0	0.052597
3996.0	0.0688756
3998.0	0.07227001
4000.0	0.08283909
4002.0	0.07404305
4004.0	0.05812959
4006.0	0.02895265
4008.0	0.04739406
4010.0	0.06558249
4012.0	0.06178273
4014.0	0.04438839
4016.0	0.04009933
4018.0	0.04253382
4020.0	0.03257006
4022.0	0.03678179
4024.0	0.04726991
4026.0	0.01517024
4028.0	0.03656626
4030.0	0.04801171
4032.0	0.02016372
4034.0	0.04845447
4036.0	0.02781286
4038.0	0.03290162
4040.0	0.04320661
4042.0	0.03215409
4044.0	0.049243
4046.0	0.07826073
4048.0	0.06504294
4050.0	0.0560921
4052.0	0.0497913
4054.0	0.03352399
4056.0	0.07040975
4058.0	0.05963251
4060.0	0.06241268
4062.0	0.07157859
4064.0	0.07014292
4066.0	0.06361127
4068.0	0.08403645
4070.0	0.04877454
4072.0	0.05872333
4074.0	0.07849971
4076.0	0.09086531
4078.0	0.08396393
4080.0	0.08134679
4082.0	0.08413872
4084.0	0.09575027
4086.0	0.08986183
4088.0	0.07464866
4090.0	0.07923565
4092.0	0.08805843
4094.0	0.0998318
4096.0	0.09508155
4098.0	0.0947559
4100.0	0.09107079
4102.0	0.1166452
4104.0	0.1074646
4106.0	0.1020276
4108.0	0.08975398
4110.0	0.09979352
4112.0	0.1031719
4114.0	0.09031879
4116.0	0.08056007
4118.0	0.1223068
4120.0	0.1437239
4122.0	0.1274662
4124.0	0.1104164
4126.0	0.1089325
4128.0	0.1050534
4130.0	0.1202925
4132.0	0.1307619
4134.0	0.1275573
4136.0	0.1192283
4138.0	0.1040157
4140.0	0.1081401
4142.0	0.1163604
4144.0	0.1254624
4146.0	0.1208298
4148.0	0.1070084
4150.0	0.1235253
4152.0	0.1326945
4154.0	0.1141018
4156.0	0.1268206
4158.0	0.1254677
4160.0	0.1170152
4162.0	0.1223335
4164.0	0.1065278
4166.0	0.1180067
4168.0	0.1453833
4170.0	0.1250863
4172.0	0.1116261
4174.0	0.1213652
4176.0	0.1165996
4178.0	0.1634378
4180.0	0.1639956
4182.0	0.1465398
4184.0	0.1588849
4186.0	0.149227
4188.0	0.1538735
4190.0	0.1553125
4192.0	0.1529562
4194.0	0.1203949
4196.0	0.1489171
4198.0	0.1552389
4200.0	0.1244415
4202.0	0.1337575
4204.0	0.146613
4206.0	0.1437277
4208.0	0.1399199
4210.0	0.140055
4212.0	0.1443209
4214.0	0.1396237
4216.0	0.1277739
4218.0	0.1366846
4220.0	0.1154315
4222.0	0.1215706
4224.0	0.128701
4226.0	0.1361447
4228.0	0.1392747
4230.0	0.1183141
4232.0	0.1167814
4234.0	0.1066921
4236.0	0.1105666
4238.0	0.1264184
4240.0	0.1190212
4242.0	0.1014171
4244.0	0.08832777
4246.0	0.105879
4248.0	0.1190615
4250.0	0.09156878
4252.0	0.07587188
4254.0	0.09917192
4256.0	0.1082932
4258.0	0.08758003
4260.0	0.08959924
4262.0	0.08219498
4264.0	0.0909811
4266.0	0.1092738
4268.0	0.09077773
4270.0	0.08157478
4272.0	0.09276633
4274.0	0.09768055
4276.0	0.103405
4278.0	0.09148921
4280.0	0.07849721
4282.0	0.1002937
4284.0	0.08939391
4286.0	0.1055336
4288.0	0.1129948
4290.0	0.1028838
4292.0	0.09684512
4294.0	0.1050123
4296.0	0.09414524
4298.0	0.09099256
4300.0	0.09484964
4302.0	0.09929216
4304.0	0.07818595
4306.0	0.08204886
4308.0	0.08761104
4310.0	0.1061224
4312.0	0.1045931
4314.0	0.1011111
4316.0	0.0966811
4318.0	0.09212786
4320.0	0.0934019
4322.0	0.09769804
4324.0	0.109063
4326.0	0.06590591
4328.0	0.08155718
4330.0	0.09998108
4332.0	0.1088384
4334.0	0.08048841
4336.0	0.08562822
4338.0	0.09530775
4340.0	0.09431525
4342.0	0.09826222
4344.0	0.0907214
4346.0	0.07228947
4348.0	0.06962088
4350.0	0.103905
4352.0	0.1141575
4354.0	0.07756172
4356.0	0.06849103
4358.0	0.0679333
4360.0	0.08481728
4362.0	0.104463
4364.0	0.09502132
4366.0	0.08775102
4368.0	0.09594613
4370.0	0.1007903
4372.0	0.08397416
4374.0	0.08343512
4376.0	0.08218089
4378.0	0.08274446
4380.0	0.06844161
4382.0	0.05878398
4384.0	0.09246441
4386.0	0.09246315
4388.0	0.08062529
4390.0	0.06992818
4392.0	0.0841132
4394.0	0.08703748
4396.0	0.09064867
4398.0	0.07919622
4400.0	0.09751982
4402.0	0.09565529
4404.0	0.08701885
4406.0	0.09715207
4408.0	0.1051857
4410.0	0.1039449
4412.0	0.09764502
4414.0	0.08308123
4416.0	0.08631873
4418.0	0.0892668
4420.0	0.07909321
4422.0	0.07647725
4424.0	0.07603376
4426.0	0.07871912
4428.0	0.1041629
4430.0	0.09985461
4432.0	0.08927217
4434.0	0.09199203
4436.0	0.1067578
4438.0	0.1168087
4440.0	0.1058225
4442.0	0.1070785
4444.0	0.09830515
4446.0	0.09261575
4448.0	0.1047238
4450.0	0.09328636
4452.0	0.1034134
4454.0	0.1025597
4456.0	0.08295984
4458.0	0.09967843
4460.0	0.09584922
4462.0	0.09016112
4464.0	0.09877057
4466.0	0.0963788
4468.0	0.09678099
4470.0	0.08807189
4472.0	0.09525787
4474.0	0.1045541
4476.0	0.100989
4478.0	0.09656101
4480.0	0.07242929
4482.0	0.0802672
4484.0	0.09873728
4486.0	0.09786581
4488.0	0.09352198
4490.0	0.08978112
4492.0	0.1021859
4494.0	0.0867844
4496.0	0.06856426
4498.0	0.08171222
4500.0	0.08531581
4502.0	0.08399618
4504.0	0.08398191
4506.0	0.0826955
4508.0	0.09419587
4510.0	0.1111241
4512.0	0.1072749
4514.0	0.08941321
4516.0	0.08589007
4518.0	0.08911207
4520.0	0.08936346
4522.0	0.09552701
4524.0	0.1026727
4526.0	0.1022967
4528.0	0.0967517
4530.0	0.09885276
4532.0	0.1073871
4534.0	0.1066447
4536.0	0.1123816
4538.0	0.1152524
4540.0	0.1068178
4542.0	0.09760312
4544.0	0.09639189
4546.0	0.09570874
4548.0	0.09472946
4550.0	0.1106162
4552.0	0.1108977
4554.0	0.1091103
4556.0	0.1136341
4558.0	0.1061481
4560.0	0.1097896
4562.0	0.1124099
4564.0	0.1135698
4566.0	0.1325651
4568.0	0.1300123
4570.0	0.1154303
4572.0	0.1230631
4574.0	0.1222699
4576.0	0.1151463
4578.0	0.1217445
4580.0	0.1198585
4582.0	0.1074998
4584.0	0.1014774
4586.0	0.09294241
4588.0	0.1000551
4590.0	0.0956414
4592.0	0.09114435
4594.0	0.09604046
4596.0	0.09948865
4598.0	0.1010838
4600.0	0.09631464
4602.0	0.1012421
4604.0	0.1030267
4606.0	0.1000523
4608.0	0.101717
4610.0	0.08691964
4612.0	0.08859808
4614.0	0.1109827
4616.0	0.09626988
4618.0	0.08028379
4620.0	0.08150669
4622.0	0.0766193
4624.0	0.07652728
4626.0	0.06884346
4628.0	0.07260062
4630.0	0.06847329
4632.0	0.05979919
4634.0	0.07385439
4636.0	0.08170984
4638.0	0.07349144
4640.0	0.0769094
4642.0	0.06533457
4644.0	0.06478724
4646.0	0.06672918
4648.0	0.07277653
4650.0	0.07686335
4652.0	0.05148626
4654.0	0.06659846
4656.0	0.07048836
4658.0	0.05212068
4660.0	0.05882533
4662.0	0.05814626
4664.0	0.05479133
4666.0	0.04768376
4668.0	0.04823188
4670.0	0.05103315
4672.0	0.05508788
4674.0	0.06322255
4676.0	0.0542441
4678.0	0.05403997
4680.0	0.07238631
4682.0	0.0653166
4684.0	0.07410475
4686.0	0.06737232
4688.0	0.06775907
4690.0	0.06394328
4692.0	0.06499055
4694.0	0.06521712
4696.0	0.06507414
4698.0	0.07197481
4700.0	0.0617089
4702.0	0.06470808
4704.0	0.06112228
4706.0	0.06827317
4708.0	0.07736567
4710.0	0.07367352
4712.0	0.09002646
4714.0	0.08875668
4716.0	0.07917137
4718.0	0.08309122
4720.0	0.07675774
4722.0	0.07408383
4724.0	0.07303456
4726.0	0.07144931
4728.0	0.07451868
4730.0	0.08620775
4732.0	0.06958455
4734.0	0.07502382
4736.0	0.08625605
4738.0	0.06500676
4740.0	0.0767032
4742.0	0.0873336
4744.0	0.0822771
4746.0	0.08073953
4748.0	0.08589512
4750.0	0.07649746
4752.0	0.0830019
4754.0	0.0851651
4756.0	0.06966045
4758.0	0.07575712
4760.0	0.09062255
4762.0	0.08553311
4764.0	0.08803895
4766.0	0.1006953
4768.0	0.1094046
4770.0	0.1018156
4772.0	0.09782431
4774.0	0.093655
4776.0	0.1090412
4778.0	0.1048891
4780.0	0.1112426
4782.0	0.1137638
4784.0	0.103217
4786.0	0.09879988
4788.0	0.1172981
4790.0	0.1244231
4792.0	0.1359546
4794.0	0.1314879
4796.0	0.1441698
4798.0	0.1410568
4800.0	0.1418508
4802.0	0.1449582
4804.0	0.1494157
4806.0	0.156537
4808.0	0.1558406
4810.0	0.1592332
4812.0	0.1842183
4814.0	0.195797
4816.0	0.1805282
4818.0	0.1717471
4820.0	0.19028
4822.0	0.1935671
4824.0	0.1932714
4826.0	0.1867895
4828.0	0.1845892
4830.0	0.206249
4832.0	0.2073868
4834.0	0.2069685
4836.0	0.2238632
4838.0	0.22613
4840.0	0.2055097
4842.0	0.1977975
4844.0	0.2093478
4846.0	0.2272809
4848.0	0.2125832
4850.0	0.2093027
4852.0	0.2025046
4854.0	0.1866254
4856.0	0.2066715
4858.0	0.2167644
4860.0	0.1997079
4862.0	0.2037811
4864.0	0.2106414
4866.0	0.2054208
4868.0	0.2249603
4870.0	0.2392218
4872.0	0.2401362
4874.0	0.2263951
4876.0	0.218052
4878.0	0.2213087
4880.0	0.2221624
4882.0	0.2358817
4884.0	0.2286028
4886.0	0.2256589
4888.0	0.2472926
4890.0	0.237662
4892.0	0.2248982
4894.0	0.2233705
4896.0	0.2372327
4898.0	0.2466038
4900.0	0.2188709
4902.0	0.2253236
4904.0	0.2268708
4906.0	0.2232425
4908.0	0.2411192
4910.0	0.2323578
4912.0	0.2076549
4914.0	0.2156552
4916.0	0.2240478
4918.0	0.2181578
4920.0	0.2102888
4922.0	0.1874316
4924.0	0.1995962
4926.0	0.2001556
4928.0	0.1839809
4930.0	0.1554106
4932.0	0.1515642
4934.0	0.1499988
4936.0	0.1620625
4938.0	0.1502889
4940.0	0.1621061
4942.0	0.139535
4944.0	0.1259467
4946.0	0.1372214
4948.0	0.1316822
4950.0	0.1406448
4952.0	0.1386243
4954.0	0.1443643
4956.0	0.1234463
4958.0	0.1147284
4960.0	0.1029753
4962.0	0.09074434
4964.0	0.08939838
4966.0	0.1042162
4968.0	0.1083646
4970.0	0.1159965
4972.0	0.09666935
4974.0	0.0893137
4976.0	0.09451992
4978.0	0.09666554
4980.0	0.111131
4982.0	0.1028468
4984.0	0.1010564
4986.0	0.1059771
4988.0	0.1092406
4990.0	0.1062665
4992.0	0.1124638
4994.0	0.09934331
4996.0	0.08800624
4998.0	0.0918363
5000.0	0.09123912
5002.0	0.08644789
5004.0	0.08025178
5006.0	0.08654109
5008.0	0.09752356
5010.0	0.08476212
5012.0	0.09283156
5014.0	0.1005536
5016.0	0.101044
5018.0	0.1093251
5020.0	0.0820986
5022.0	0.06648523
5024.0	0.07737936
5026.0	0.08005334
5028.0	0.08057602
5030.0	0.09550264
5032.0	0.0893793
5034.0	0.07273705
5036.0	0.08020105
5038.0	0.08340325
5040.0	0.08857603
5042.0	0.09406293
5044.0	0.09012341
5046.0	0.09637058
5048.0	0.0919738
5050.0	0.09515712
5052.0	0.1016713
5054.0	0.09741253
5056.0	0.09388743
5058.0	0.1105161
5060.0	0.123152
5062.0	0.1087525
5064.0	0.09741781
5066.0	0.1002695
5068.0	0.1125916
5070.0	0.1229369
5072.0	0.1290022
5074.0	0.1305376
5076.0	0.1352276
5078.0	0.1388949
5080.0	0.1280673
5082.0	0.1211115
5084.0	0.1262717
5086.0	0.1364569
5088.0	0.138025
5090.0	0.1293953
5092.0	0.1322087
5094.0	0.1292829
5096.0	0.1208189
5098.0	0.1220127
5100.0	0.1231103
5102.0	0.1347562
5104.0	0.1263901
5106.0	0.106873
5108.0	0.1052891
5110.0	0.1142875
5112.0	0.1113405
5114.0	0.1042973
5116.0	0.1070138
5118.0	0.104305
5120.0	0.1025624
5122.0	0.1025479
5124.0	0.1126573
5126.0	0.1081362
5128.0	0.1098102
5130.0	0.1222015
5132.0	0.1154418
5134.0	0.1093211
5136.0	0.1055649
5138.0	0.1116215
5140.0	0.1182302
5142.0	0.1057148
5144.0	0.1053104
5146.0	0.1181746
5148.0	0.1194871
5150.0	0.1233682
5152.0	0.1217183
5154.0	0.1129972
5156.0	0.1283364
5158.0	0.1482473
5160.0	0.1420796
5162.0	0.1376294
5164.0	0.1443129
5166.0	0.1407522
5168.0	0.1376253
5170.0	0.1424618
5172.0	0.1467016
5174.0	0.149417
5176.0	0.1464681
5178.0	0.1480973
5180.0	0.1547001
5182.0	0.1615214
5184.0	0.1725663
5186.0	0.1719357
5188.0	0.1795688
5190.0	0.2025482
5192.0	0.1939669
5194.0	0.1810616
5196.0	0.1931179
5198.0	0.1937168
5200.0	0.1863357
5202.0	0.1782609
5204.0	0.1795467
5206.0	0.2024024
5208.0	0.2015912
5210.0	0.1941918
5212.0	0.2098306
5214.0	0.2131904
5216.0	0.1985078
5218.0	0.1905198
5220.0	0.1921001
5222.0	0.1979346
5224.0	0.2083012
5226.0	0.218721
5228.0	0.2110595
5230.0	0.1971005
5232.0	0.1986846
5234.0	0.1951657
5236.0	0.1858521
5238.0	0.1908404
5240.0	0.1911708
5242.0	0.1870466
5244.0	0.1867949
5246.0	0.1837377
5248.0	0.1722782
5250.0	0.1682273
5252.0	0.1747503
5254.0	0.1687972
5256.0	0.1472211
5258.0	0.141695
5260.0	0.15123
5262.0	0.1474582
5264.0	0.1416706
5266.0	0.1369381
5268.0	0.1375127
5270.0	0.1419665
5272.0	0.1356116
5274.0	0.1283333
5276.0	0.1249074
5278.0	0.1292714
5280.0	0.1241683
5282.0	0.1093598
5284.0	0.1154735
5286.0	0.1204091
5288.0	0.1093915
5290.0	0.1099004
5292.0	0.11013
5294.0	0.1062929
5296.0	0.114957
5298.0	0.1244741
5300.0	0.114624
5302.0	0.1005454
5304.0	0.1012974
5306.0	0.1009503
5308.0	0.1012026
5310.0	0.1057071
5312.0	0.1006895
5314.0	0.1020497
5316.0	0.09867697
5318.0	0.09136584
5320.0	0.09904153
5322.0	0.1031987
5324.0	0.1070564
5326.0	0.09313706
5328.0	0.08049025
5330.0	0.0916416
5332.0	0.09341627
5334.0	0.1008534
5336.0	0.0954078
5338.0	0.08890376
5340.0	0.1039652
5342.0	0.1080124
5344.0	0.09918848
5346.0	0.09998828
5348.0	0.09675079
5350.0	0.09718177
5352.0	0.09871767
5354.0	0.09186003
5356.0	0.08461935
5358.0	0.07589424
5360.0	0.05881014
5362.0	0.06736317
5364.0	0.09188335
5366.0	0.09010979
5368.0	0.07616769
5370.0	0.07916449
5372.0	0.08670457
5374.0	0.08610237
5376.0	0.08715636
5378.0	0.09580621
5380.0	0.09319606
5382.0	0.08602974
5384.0	0.08456134
5386.0	0.08554906
5388.0	0.08174703
5390.0	0.09425403
5392.0	0.0949202
5394.0	0.07868578
5396.0	0.07566579
5398.0	0.0868848
5400.0	0.08874138
5402.0	0.08563688
5404.0	0.0950648
5406.0	0.08600757
5408.0	0.07984755
5410.0	0.08542122
5412.0	0.07689009
5414.0	0.06590439
5416.0	0.06742973
5418.0	0.07711065
5420.0	0.0936374
5422.0	0.08117961
5424.0	0.08384628
5426.0	0.09088262
5428.0	0.0993674
5430.0	0.09697928
5432.0	0.0978898
5434.0	0.09387098
5436.0	0.08004629
5438.0	0.09626209
5440.0	0.09134303
5442.0	0.09222005
5444.0	0.09778468
5446.0	0.09415479
5448.0	0.08934184
5450.0	0.08342671
5452.0	0.09646022
5454.0	0.1001627
5456.0	0.09466778
5458.0	0.1016345
5460.0	0.1030841
5462.0	0.1130803
5464.0	0.0994672
5466.0	0.1007235
5468.0	0.1041248
5470.0	0.1094311
5472.0	0.1014507
5474.0	0.1085498
5476.0	0.1149649
5478.0	0.1175829
5480.0	0.1180572
5482.0	0.1145348
5484.0	0.09312073
5486.0	0.07977191
5488.0	0.1075496
5490.0	0.1186353
5492.0	0.1226953
5494.0	0.1147552
5496.0	0.109899
5498.0	0.1282979
5500.0	0.1278844
5502.0	0.1215001
5504.0	0.1344131
5506.0	0.1461892
5508.0	0.1342732
5510.0	0.132325
5512.0	0.1369442
5514.0	0.1390031
5516.0	0.1308118
5518.0	0.1352141
5520.0	0.1627943
5522.0	0.1655995
5524.0	0.156879
5526.0	0.1596146
5528.0	0.1548841
5530.0	0.1503413
5532.0	0.1531583
5534.0	0.1680494
5536.0	0.181884
5538.0	0.1735981
5540.0	0.1412272
5542.0	0.1529252
5544.0	0.1554574
5546.0	0.1604664
5548.0	0.1695273
5550.0	0.1826401
5552.0	0.1808704
5554.0	0.1686019
5556.0	0.1746032
5558.0	0.1856696
5560.0	0.171418
5562.0	0.173924
5564.0	0.182255
5566.0	0.1807085
5568.0	0.1810795
5570.0	0.1868141
5572.0	0.201448
5574.0	0.1959755
5576.0	0.2091229
5578.0	0.2395211
5580.0	0.2057816
5582.0	0.2066119
5584.0	0.1965721
5586.0	0.2047706
5588.0	0.2105273
5590.0	0.1965917
5592.0	0.1894135
5594.0	0.2003113
5596.0	0.2126262
5598.0	0.2006104
5600.0	0.2003627
5602.0	0.2099528
5604.0	0.217651
5606.0	0.2223992
5608.0	0.20913
5610.0	0.2108749
5612.0	0.1849529
5614.0	0.203346
5616.0	0.2010904
5618.0	0.1914127
5620.0	0.1955098
5622.0	0.1899798
5624.0	0.1959968
5626.0	0.1942799
5628.0	0.1971112
5630.0	0.1786656
5632.0	0.1885927
5634.0	0.1987346
5636.0	0.1802869
5638.0	0.1833436
5640.0	0.1906832
5642.0	0.1947074
5644.0	0.1922084
5646.0	0.186003
5648.0	0.1719362
5650.0	0.1763226
5652.0	0.1832837
5654.0	0.1822059
5656.0	0.1724772
5658.0	0.1796581
5660.0	0.1689973
5662.0	0.170719
5664.0	0.1735321
5666.0	0.1743367
5668.0	0.1836535
5670.0	0.177469
5672.0	0.1847543
5674.0	0.1881763
5676.0	0.1820584
5678.0	0.1865705
5680.0	0.1846537
5682.0	0.1847526
5684.0	0.1818198
5686.0	0.1809695
5688.0	0.1589229
5690.0	0.1322965
5692.0	0.1564983
5694.0	0.190575
5696.0	0.1965588
5698.0	0.1845294
5700.0	0.1923855
5702.0	0.2014957
5704.0	0.2065738
5706.0	0.2103655
5708.0	0.206342
5710.0	0.2095533
5712.0	0.2025261
5714.0	0.2021575
5716.0	0.2187203
5718.0	0.2147418
5720.0	0.212023
5722.0	0.2313268
5724.0	0.2254101
5726.0	0.2317421
5728.0	0.2280011
5730.0	0.2322633
5732.0	0.2328249
5734.0	0.235614
5736.0	0.2290589
5738.0	0.2323486
5740.0	0.2302064
5742.0	0.2290699
5744.0	0.2393481
5746.0	0.2348762
5748.0	0.2399948
5750.0	0.2376378
5752.0	0.2369384
5754.0	0.2466822
5756.0	0.235198
5758.0	0.2403717
5760.0	0.2507451
5762.0	0.2517653
5764.0	0.2535274
5766.0	0.2551353
5768.0	0.2526693
5770.0	0.2417488
5772.0	0.238403
5774.0	0.2289161
5776.0	0.2221597
5778.0	0.2350466
5780.0	0.2511923
5782.0	0.2494884
5784.0	0.2338269
5786.0	0.2262258
5788.0	0.2307795
5790.0	0.2324694
5792.0	0.2348563
5794.0	0.2350507
5796.0	0.2263441
5798.0	0.213887
5800.0	0.2214514
5802.0	0.2341848
5804.0	0.2227457
5806.0	0.2104418
5808.0	0.2189173
5810.0	0.2477238
5812.0	0.2657703
5814.0	0.2672441
5816.0	0.2479406
5818.0	0.220287
5820.0	0.2171502
5822.0	0.2346086
5824.0	0.2480249
5826.0	0.2329401
5828.0	0.2206881
5830.0	0.2088502
5832.0	0.2066162
5834.0	0.2266475
5836.0	0.2302373
5838.0	0.2239361
5840.0	0.2137437
5842.0	0.2013422
5844.0	0.2227284
5846.0	0.2288126
5848.0	0.2156453
5850.0	0.2140955
5852.0	0.2110926
5854.0	0.2056541
5856.0	0.2005922
5858.0	0.2126502
5860.0	0.2147971
5862.0	0.203319
5864.0	0.2044049
5866.0	0.2066115
5868.0	0.197712
5870.0	0.1758244
5872.0	0.1792234
5874.0	0.1981975
5876.0	0.210612
5878.0	0.2106719
5880.0	0.1940995
5882.0	0.1957307
5884.0	0.194466
5886.0	0.1735788
5888.0	0.1788727
5890.0	0.2039934
5892.0	0.1942399
5894.0	0.1874138
5896.0	0.1924417
5898.0	0.1762564
5900.0	0.1765784
5902.0	0.1879763
5904.0	0.1848675
5906.0	0.1843731
5908.0	0.1780109
5910.0	0.1698029
5912.0	0.1842765
5914.0	0.1873424
5916.0	0.182891
5918.0	0.173536
5920.0	0.159042
5922.0	0.1623783
5924.0	0.1739373
5926.0	0.1795907
5928.0	0.1705699
5930.0	0.157786
5932.0	0.1654622
5934.0	0.1699022
5936.0	0.1592004
5938.0	0.1566835
5940.0	0.1475251
5942.0	0.1470383
5944.0	0.1532392
5946.0	0.1468139
5948.0	0.1350951
5950.0	0.1301763
5952.0	0.1429206
5954.0	0.1514801
5956.0	0.1479736
5958.0	0.1472579
5960.0	0.1441674
5962.0	0.145913
5964.0	0.144685
5966.0	0.1310495
5968.0	0.1318951
5970.0	0.1393959
5972.0	0.1437702
5974.0	0.1385358
5976.0	0.1274796
5978.0	0.123355
5980.0	0.1291949
5982.0	0.1153995
5984.0	0.1061287
5986.0	0.1141229
5988.0	0.1112307
5990.0	0.1100149
5992.0	0.1130861
5994.0	0.1194335
5996.0	0.1136752
5998.0	0.1113115
6000.0	0.1078883
6002.0	0.1190965
6004.0	0.1169065
6006.0	0.1087361
6008.0	0.1163919
6010.0	0.1027346
6012.0	0.09730881
6014.0	0.1162656
6016.0	0.1223877
6018.0	0.1030705
6020.0	0.09934316
6022.0	0.1121232
6024.0	0.1146783
6026.0	0.1071697
6028.0	0.1101441
6030.0	0.1049362
6032.0	0.09831638
6034.0	0.1100028
6036.0	0.1038828
6038.0	0.1010051
6040.0	0.09965852
6042.0	0.1043011
6044.0	0.09696272
6046.0	0.1026872
6048.0	0.1083247
6050.0	0.08270667
6052.0	0.09854201
6054.0	0.1141113
6056.0	0.09661273
6058.0	0.07578184
6060.0	0.0919258
6062.0	0.1213166
6064.0	0.1058697
6066.0	0.1010565
6068.0	0.1107325
6070.0	0.1027531
6072.0	0.09884002
6074.0	0.1086663
6076.0	0.1046641
6078.0	0.1000446
6080.0	0.1085118
6082.0	0.104462
6084.0	0.1191458
6086.0	0.1169592
6088.0	0.1291852
6090.0	0.1282424
6092.0	0.1199053
6094.0	0.1213133
6096.0	0.1192011
6098.0	0.1345032
6100.0	0.1378811
6102.0	0.1304966
6104.0	0.1312982
6106.0	0.1395217
6108.0	0.1388086
6110.0	0.1356275
6112.0	0.1409779
6114.0	0.1553058
6116.0	0.1396754
6118.0	0.1387999
6120.0	0.1470768
6122.0	0.1516776
6124.0	0.1541193
6126.0	0.1527065
6128.0	0.1680853
6130.0	0.1656443
6132.0	0.1620534
6134.0	0.1632675
6136.0	0.1635849
6138.0	0.1748676
6140.0	0.1688656
6142.0	0.1511926
6144.0	0.1674897
6146.0	0.1748075
6148.0	0.1661344
6150.0	0.1677357
6152.0	0.1810711
6154.0	0.1733696
6156.0	0.1754339
6158.0	0.1822437
6160.0	0.169272
6162.0	0.1798581
6164.0	0.1915867
6166.0	0.1955642
6168.0	0.1820846
6170.0	0.1834728
6172.0	0.1964573
6174.0	0.2079642
6176.0	0.2031486
6178.0	0.1975615
6180.0	0.2006927
6182.0	0.199832
6184.0	0.2059705
6186.0	0.1896352
6188.0	0.1992123
6190.0	0.2057343
6192.0	0.2057645
6194.0	0.2060053
6196.0	0.2194311
6198.0	0.216664
6200.0	0.2133389
6202.0	0.2083018
6204.0	0.2031936
6206.0	0.2200762
6208.0	0.2022552
6210.0	0.2069698
6212.0	0.1981208
6214.0	0.1937549
6216.0	0.2007421
6218.0	0.1957309
6220.0	0.1905715
6222.0	0.1944664
6224.0	0.1975387
6226.0	0.2050989
6228.0	0.2001567
6230.0	0.1928087
6232.0	0.2034255
6234.0	0.1998622
6236.0	0.1985011
6238.0	0.2007824
6240.0	0.17922
6242.0	0.1877756
6244.0	0.1895363
6246.0	0.1881579
6248.0	0.189629
6250.0	0.1884755
6252.0	0.1759071
6254.0	0.1545595
6256.0	0.1717051
6258.0	0.1842788
6260.0	0.1742038
6262.0	0.1858869
6264.0	0.1956514
6266.0	0.1706917
6268.0	0.1609888
6270.0	0.1638839
6272.0	0.1486763
6274.0	0.154494
6276.0	0.1543248
6278.0	0.1551088
6280.0	0.1568663
6282.0	0.1451151
6284.0	0.1464376
6286.0	0.1521551
6288.0	0.1329977
6290.0	0.1363323
6292.0	0.1425835
6294.0	0.1359877
6296.0	0.1437576
6298.0	0.1055195
6300.0	0.08742414
6302.0	0.1347321
6304.0	0.1487626
6306.0	0.1344356
6308.0	0.1264092
6310.0	0.1158065
6312.0	0.1134922
6314.0	0.1189872
6316.0	0.1120636
6318.0	0.1294498
6320.0	0.1247549
6322.0	0.1048941
6324.0	0.1096061
6326.0	0.1135266
6328.0	0.1132242
6330.0	0.1256371
6332.0	0.1184785
6334.0	0.1084824
6336.0	0.1204576
6338.0	0.1263037
6340.0	0.1175021
6342.0	0.1207205
6344.0	0.1282882
6346.0	0.1177012
6348.0	0.116271
6350.0	0.1417121
6352.0	0.1376698
6354.0	0.119749
6356.0	0.1227822
6358.0	0.128068
6360.0	0.1118411
6362.0	0.1003692
6364.0	0.1258019
6366.0	0.1374282
6368.0	0.1225931
6370.0	0.1204013
6372.0	0.120379
6374.0	0.1262082
6376.0	0.1032227
6378.0	0.1113694
6380.0	0.1220957
6382.0	0.1113791
6384.0	0.1123546
6386.0	0.1130519
6388.0	0.1091876
6390.0	0.1085918
6392.0	0.1204248
6394.0	0.1052514
6396.0	0.09583788
6398.0	0.09849044
6400.0	0.1032083
6402.0	0.1190943
6404.0	0.1255919
6406.0	0.1135653
6408.0	0.1018662
6410.0	0.1177239
6412.0	0.1209416
6414.0	0.1090512
6416.0	0.1055873
6418.0	0.1245591
6420.0	0.1153236
6422.0	0.1195968
6424.0	0.1122925
6426.0	0.1167166
6428.0	0.1231541
6430.0	0.1171191
6432.0	0.1194806
6434.0	0.1098048
6436.0	0.1034554
6438.0	0.1088779
6440.0	0.1110302
6442.0	0.1163341
6444.0	0.10985
6446.0	0.1094768
6448.0	0.1054991
6450.0	0.1136979
6452.0	0.1077006
6454.0	0.1036872
6456.0	0.09474759
6458.0	0.09921618
6460.0	0.09125037
6462.0	0.09792903
6464.0	0.1011684
6466.0	0.1012843
6468.0	0.09900846
6470.0	0.09396558
6472.0	0.08229744
6474.0	0.08875678
6476.0	0.08515275
6478.0	0.07237663
6480.0	0.07938293
6482.0	0.08497977
6484.0	0.09228275
6486.0	0.08637995
6488.0	0.07852981
6490.0	0.08265986
6492.0	0.08113365
6494.0	0.07183059
6496.0	0.07305028
6498.0	0.08721273
6500.0	0.08768944
6502.0	0.08931486
6504.0	0.08880132
6506.0	0.07093694
6508.0	0.07605741
6510.0	0.08243165
6512.0	0.07877669
6514.0	0.08042094
6516.0	0.07305475
6518.0	0.0669557
6520.0	0.06810427
6522.0	0.0622109
6524.0	0.06981044
6526.0	0.07786363
6528.0	0.07752243
6530.0	0.08452001
6532.0	0.07939045
6534.0	0.07285207
6536.0	0.07631288
6538.0	0.07946208
6540.0	0.0878566
6542.0	0.08950441
6544.0	0.07866909
6546.0	0.07776541
6548.0	0.08373857
6550.0	0.08828861
6552.0	0.09795644
6554.0	0.09053421
6556.0	0.07841357
6558.0	0.07520071
6560.0	0.08960048
6562.0	0.1027806
6564.0	0.1009908
6566.0	0.08460896
6568.0	0.07501312
6570.0	0.08367893
6572.0	0.08745445
6574.0	0.1002058
6576.0	0.1052682
6578.0	0.08842378
6580.0	0.0904623
6582.0	0.1069398
6584.0	0.1054984
6586.0	0.1069292
6588.0	0.1054447
6590.0	0.1003203
6592.0	0.09816275
6594.0	0.09829973
6596.0	0.09859678
6598.0	0.09857292
6600.0	0.09420582
6602.0	0.09218249
6604.0	0.1005667
6606.0	0.104527
6608.0	0.09687674
6610.0	0.0902205
6612.0	0.1027473
6614.0	0.1104023
6616.0	0.1079976
6618.0	0.1091533
6620.0	0.1111747
6622.0	0.1126793
6624.0	0.1076846
6626.0	0.1023701
6628.0	0.1010522
6630.0	0.1019353
6632.0	0.1031145
6634.0	0.109612
6636.0	0.1151165
6638.0	0.1109596
6640.0	0.1157971
6642.0	0.1210856
6644.0	0.1114334
6646.0	0.1098786
6648.0	0.111358
6650.0	0.113526
6652.0	0.1240991
6654.0	0.1247813
6656.0	0.1212404
6658.0	0.126478
6660.0	0.132707
6662.0	0.1331487
6664.0	0.1245404
6666.0	0.1266062
6668.0	0.1333052
6670.0	0.1426718
6672.0	0.1465574
6674.0	0.1356153
6676.0	0.1418347
6678.0	0.1363552
6680.0	0.1305066
6682.0	0.136833
6684.0	0.1436664
6686.0	0.1440831
6688.0	0.1461698
6690.0	0.1574254
6692.0	0.160641
6694.0	0.1522346
6696.0	0.1540736
6698.0	0.1527972
6700.0	0.1421296
6702.0	0.1508134
6704.0	0.1559667
6706.0	0.1476804
6708.0	0.1507711
6710.0	0.1600236
6712.0	0.1668977
6714.0	0.1633293
6716.0	0.1581633
6718.0	0.1596852
6720.0	0.1667385
6722.0	0.1661756
6724.0	0.1602943
6726.0	0.1703732
6728.0	0.1748426
6730.0	0.1695679
6732.0	0.1755142
6734.0	0.177225
6736.0	0.1735256
6738.0	0.1845995
6740.0	0.1945465
6742.0	0.1883883
6744.0	0.1778904
6746.0	0.1726562
6748.0	0.1690358
6750.0	0.1736211
6752.0	0.1832892
6754.0	0.179418
6756.0	0.1775633
6758.0	0.1832288
6760.0	0.1836278
6762.0	0.1850395
6764.0	0.171705
6766.0	0.176569
6768.0	0.1935598
6770.0	0.1930959
6772.0	0.1892016
6774.0	0.1858542
6776.0	0.1899278
6778.0	0.1871081
6780.0	0.1833897
6782.0	0.1835605
6784.0	0.1930977
6786.0	0.2003918
6788.0	0.1985594
6790.0	0.1896495
6792.0	0.1914939
6794.0	0.2007739
6796.0	0.2024141
6798.0	0.2006515
6800.0	0.2014019
6802.0	0.186843
6804.0	0.1877287
6806.0	0.1918805
6808.0	0.1891776
6810.0	0.1976961
6812.0	0.1981441
6814.0	0.2006687
6816.0	0.1988564
6818.0	0.2006012
6820.0	0.2049744
6822.0	0.2017614
6824.0	0.1954867
6826.0	0.179636
6828.0	0.1850917
6830.0	0.1832246
6832.0	0.1914717
6834.0	0.2008587
6836.0	0.2034058
6838.0	0.2039297
6840.0	0.1944797
6842.0	0.2009191
6844.0	0.2076045
6846.0	0.215008
6848.0	0.2033307
6850.0	0.2077467
6852.0	0.2026886
6854.0	0.1978521
6856.0	0.1848864
6858.0	0.1948454
6860.0	0.2022676
6862.0	0.1845224
6864.0	0.2039563
6866.0	0.2057551
6868.0	0.1882332
6870.0	0.1964325
6872.0	0.2003368
6874.0	0.207517
6876.0	0.2015249
6878.0	0.1961058
6880.0	0.192313
6882.0	0.2038763
6884.0	0.1991
6886.0	0.1939128
6888.0	0.202049
6890.0	0.1983861
6892.0	0.1786493
6894.0	0.1921545
6896.0	0.1979123
6898.0	0.2043096
6900.0	0.1964668
6902.0	0.1943382
6904.0	0.1848264
6906.0	0.1915447
6908.0	0.2044579
6910.0	0.2000756
6912.0	0.1849028
6914.0	0.1963211
6916.0	0.2013291
6918.0	0.1810136
6920.0	0.1762075
6922.0	0.1951379
6924.0	0.1883409
6926.0	0.1852992
6928.0	0.1864392
6930.0	0.1831331
6932.0	0.1840525
6934.0	0.1761549
6936.0	0.1805346
6938.0	0.1796582
6940.0	0.1646126
6942.0	0.183538
6944.0	0.1644782
6946.0	0.1640293
6948.0	0.1669981
6950.0	0.1783465
6952.0	0.1669258
6954.0	0.1590222
6956.0	0.1681975
6958.0	0.171127
6960.0	0.1560132
6962.0	0.1692897
6964.0	0.1482664
6966.0	0.1467539
6968.0	0.1510541
6970.0	0.1578083
6972.0	0.1662772
6974.0	0.1429176
6976.0	0.1481105
6978.0	0.1445961
6980.0	0.1752369
6982.0	0.1557661
6984.0	0.1329039
6986.0	0.1527657
6988.0	0.1603274
6990.0	0.1391982
6992.0	0.1374105
6994.0	0.1370284
6996.0	0.1458932
6998.0	0.1386663
7000.0	0.1234732
7002.0	0.138018
7004.0	0.1358558
7006.0	0.148429
7008.0	0.1344884
7010.0	0.1181948
7012.0	0.1177995
7014.0	0.1231173
7016.0	0.1206691
7018.0	0.1215744
7020.0	0.12712
7022.0	0.1257514
7024.0	0.1218532
7026.0	0.1207195
7028.0	0.1140133
7030.0	0.1258371
7032.0	0.1309339
7034.0	0.1271186
7036.0	0.1185915
7038.0	0.1091618
7040.0	0.1177742
7042.0	0.1109365
7044.0	0.1071929
7046.0	0.11524
7048.0	0.111241
7050.0	0.1123261
7052.0	0.1146061
7054.0	0.1080584
7056.0	0.1084071
7058.0	0.1161148
7060.0	0.1076121
7062.0	0.09449407
7064.0	0.09774932
7066.0	0.1034136
7068.0	0.09975397
7070.0	0.1049071
7072.0	0.1110723
7074.0	0.1117259
7076.0	0.1009975
7078.0	0.09954125
7080.0	0.093683
7082.0	0.09749592
7084.0	0.09479872
7086.0	0.09239818
7088.0	0.09032109
7090.0	0.09857897
7092.0	0.08477823
7094.0	0.1024548
7096.0	0.09834864
7098.0	0.08960958
7100.0	0.08684132
