#	 masterj222 
#	 UT date of observation: 20150616 
#	 Telescope/Instrument: SOAR/Goodman 
#	 Estimated Peak MJD: 57183.355 
#	 Estimated redshift: 0.024 
#	 Estimated Phase: 5.5 
#	 Published in Dettman et al. 2020 
#	 Observed barycentric wavelength (Angstroms)    F_lambda
3500.0	2.126938e-17
3502.0	1.311338e-17
3504.0	1.749839e-17
3506.0	2.794088e-17
3508.0	2.507497e-17
3510.0	2.141423e-17
3512.0	1.59623e-17
3514.0	1.445394e-17
3516.0	1.376367e-17
3518.0	1.055344e-17
3520.0	1.418012e-17
3522.0	1.717297e-17
3524.0	1.290537e-17
3526.0	1.258883e-17
3528.0	1.668201e-17
3530.0	1.349296e-17
3532.0	9.433179e-18
3534.0	1.457639e-17
3536.0	1.381878e-17
3538.0	1.018829e-17
3540.0	4.614204e-18
3542.0	1.088012e-17
3544.0	2.082782e-17
3546.0	1.347675e-17
3548.0	1.198465e-17
3550.0	1.876443e-17
3552.0	1.599387e-17
3554.0	1.755964e-17
3556.0	1.76578e-17
3558.0	1.504809e-17
3560.0	1.074127e-17
3562.0	1.151389e-17
3564.0	7.676669e-18
3566.0	1.538211e-17
3568.0	2.850218e-17
3570.0	3.873748e-17
3572.0	3.457777e-17
3574.0	2.863091e-17
3576.0	3.016797e-17
3578.0	1.51179e-17
3580.0	1.290243e-17
3582.0	1.472509e-17
3584.0	5.597039e-18
3586.0	1.258581e-17
3588.0	1.826928e-17
3590.0	2.4334e-17
3592.0	2.916675e-17
3594.0	1.863426e-17
3596.0	1.921476e-17
3598.0	2.05585e-17
3600.0	1.628593e-17
3602.0	1.813565e-17
3604.0	2.164296e-17
3606.0	2.093872e-17
3608.0	1.43574e-17
3610.0	1.699848e-17
3612.0	2.298997e-17
3614.0	2.079788e-17
3616.0	2.555805e-17
3618.0	2.911815e-17
3620.0	1.935678e-17
3622.0	1.913084e-17
3624.0	2.381656e-17
3626.0	2.793794e-17
3628.0	2.404663e-17
3630.0	2.08116e-17
3632.0	1.703407e-17
3634.0	1.155334e-17
3636.0	1.842106e-17
3638.0	2.764101e-17
3640.0	1.826544e-17
3642.0	2.13848e-17
3644.0	1.885988e-17
3646.0	1.151804e-17
3648.0	1.463e-17
3650.0	1.532092e-17
3652.0	1.035618e-17
3654.0	1.108797e-17
3656.0	1.571813e-17
3658.0	1.834623e-17
3660.0	1.637415e-17
3662.0	1.393492e-17
3664.0	1.243619e-17
3666.0	1.361427e-17
3668.0	1.855926e-17
3670.0	1.793227e-17
3672.0	1.582581e-17
3674.0	1.702017e-17
3676.0	1.51947e-17
3678.0	1.996493e-17
3680.0	2.105709e-17
3682.0	2.054945e-17
3684.0	2.298533e-17
3686.0	2.177311e-17
3688.0	2.048558e-17
3690.0	1.971346e-17
3692.0	2.112393e-17
3694.0	2.440616e-17
3696.0	2.456397e-17
3698.0	2.203295e-17
3700.0	2.199632e-17
3702.0	2.10237e-17
3704.0	2.284871e-17
3706.0	2.49425e-17
3708.0	2.414985e-17
3710.0	2.875139e-17
3712.0	3.253331e-17
3714.0	2.853599e-17
3716.0	3.182869e-17
3718.0	3.854414e-17
3720.0	3.961769e-17
3722.0	4.276881e-17
3724.0	3.8767e-17
3726.0	2.757215e-17
3728.0	3.519387e-17
3730.0	3.28789e-17
3732.0	3.427578e-17
3734.0	3.602389e-17
3736.0	3.127126e-17
3738.0	2.888756e-17
3740.0	2.690773e-17
3742.0	2.872339e-17
3744.0	3.056582e-17
3746.0	3.705265e-17
3748.0	3.852335e-17
3750.0	3.611552e-17
3752.0	3.382113e-17
3754.0	2.983329e-17
3756.0	3.380835e-17
3758.0	3.642213e-17
3760.0	3.119212e-17
3762.0	3.006324e-17
3764.0	3.43473e-17
3766.0	3.447166e-17
3768.0	3.407634e-17
3770.0	3.263564e-17
3772.0	3.362311e-17
3774.0	3.71471e-17
3776.0	3.56306e-17
3778.0	3.527053e-17
3780.0	3.903857e-17
3782.0	3.95432e-17
3784.0	3.590977e-17
3786.0	3.439729e-17
3788.0	3.797658e-17
3790.0	3.773877e-17
3792.0	3.414014e-17
3794.0	3.24746e-17
3796.0	3.293913e-17
3798.0	3.51464e-17
3800.0	3.408416e-17
3802.0	3.257429e-17
3804.0	3.020339e-17
3806.0	2.892275e-17
3808.0	2.799089e-17
3810.0	2.72717e-17
3812.0	2.887493e-17
3814.0	2.937118e-17
3816.0	2.883607e-17
3818.0	2.595164e-17
3820.0	2.527618e-17
3822.0	2.946389e-17
3824.0	2.613424e-17
3826.0	1.846238e-17
3828.0	2.057786e-17
3830.0	2.281108e-17
3832.0	2.071792e-17
3834.0	1.480559e-17
3836.0	1.811956e-17
3838.0	2.060088e-17
3840.0	2.511111e-17
3842.0	2.188479e-17
3844.0	2.077947e-17
3846.0	2.250056e-17
3848.0	2.310515e-17
3850.0	1.880701e-17
3852.0	1.983186e-17
3854.0	1.926091e-17
3856.0	1.687756e-17
3858.0	1.650706e-17
3860.0	1.569251e-17
3862.0	1.407996e-17
3864.0	1.396985e-17
3866.0	1.725941e-17
3868.0	1.587638e-17
3870.0	1.252327e-17
3872.0	1.855064e-17
3874.0	1.990319e-17
3876.0	1.446482e-17
3878.0	1.984114e-17
3880.0	1.874136e-17
3882.0	1.766513e-17
3884.0	1.792871e-17
3886.0	1.813743e-17
3888.0	1.89925e-17
3890.0	1.750308e-17
3892.0	1.968979e-17
3894.0	2.12595e-17
3896.0	2.489773e-17
3898.0	2.646187e-17
3900.0	2.159411e-17
3902.0	1.989216e-17
3904.0	2.144017e-17
3906.0	2.086295e-17
3908.0	2.116581e-17
3910.0	2.237022e-17
3912.0	2.340531e-17
3914.0	2.072838e-17
3916.0	1.990309e-17
3918.0	2.494325e-17
3920.0	2.4459e-17
3922.0	2.486793e-17
3924.0	2.415274e-17
3926.0	2.466668e-17
3928.0	2.552938e-17
3930.0	2.483029e-17
3932.0	2.676304e-17
3934.0	2.831168e-17
3936.0	2.751466e-17
3938.0	3.041735e-17
3940.0	3.176575e-17
3942.0	3.228857e-17
3944.0	3.217361e-17
3946.0	3.021896e-17
3948.0	3.061529e-17
3950.0	3.137387e-17
3952.0	3.219019e-17
3954.0	3.29683e-17
3956.0	3.465553e-17
3958.0	3.737951e-17
3960.0	3.794628e-17
3962.0	3.73678e-17
3964.0	3.827877e-17
3966.0	4.098446e-17
3968.0	4.155092e-17
3970.0	4.069987e-17
3972.0	4.181537e-17
3974.0	4.088869e-17
3976.0	4.847347e-17
3978.0	5.101607e-17
3980.0	5.20102e-17
3982.0	5.117403e-17
3984.0	5.471011e-17
3986.0	5.578799e-17
3988.0	5.823341e-17
3990.0	6.206394e-17
3992.0	6.589816e-17
3994.0	6.897262e-17
3996.0	7.428499e-17
3998.0	7.606964e-17
4000.0	7.919245e-17
4002.0	8.024259e-17
4004.0	8.437733e-17
4006.0	8.837449e-17
4008.0	8.990908e-17
4010.0	9.112445e-17
4012.0	9.610221e-17
4014.0	1.048013e-16
4016.0	1.057452e-16
4018.0	1.072319e-16
4020.0	1.117665e-16
4022.0	1.135454e-16
4024.0	1.185889e-16
4026.0	1.233968e-16
4028.0	1.229599e-16
4030.0	1.256628e-16
4032.0	1.217538e-16
4034.0	1.213426e-16
4036.0	1.218205e-16
4038.0	1.237368e-16
4040.0	1.263097e-16
4042.0	1.26514e-16
4044.0	1.232801e-16
4046.0	1.244529e-16
4048.0	1.241491e-16
4050.0	1.203355e-16
4052.0	1.192274e-16
4054.0	1.151264e-16
4056.0	1.128031e-16
4058.0	1.083691e-16
4060.0	1.039568e-16
4062.0	1.048254e-16
4064.0	1.080246e-16
4066.0	1.040256e-16
4068.0	1.021004e-16
4070.0	1.012299e-16
4072.0	9.521651e-17
4074.0	9.010549e-17
4076.0	8.971097e-17
4078.0	8.529583e-17
4080.0	8.539549e-17
4082.0	8.528813e-17
4084.0	7.970898e-17
4086.0	7.824631e-17
4088.0	7.704888e-17
4090.0	7.443556e-17
4092.0	7.283227e-17
4094.0	7.275724e-17
4096.0	7.55654e-17
4098.0	7.314352e-17
4100.0	6.971403e-17
4102.0	6.984033e-17
4104.0	6.501931e-17
4106.0	6.441811e-17
4108.0	6.487683e-17
4110.0	6.352404e-17
4112.0	5.930859e-17
4114.0	5.61102e-17
4116.0	6.013896e-17
4118.0	5.962813e-17
4120.0	5.816186e-17
4122.0	5.79302e-17
4124.0	5.491805e-17
4126.0	5.444773e-17
4128.0	5.38024e-17
4130.0	5.494443e-17
4132.0	5.52136e-17
4134.0	5.51827e-17
4136.0	5.655916e-17
4138.0	5.45709e-17
4140.0	5.256092e-17
4142.0	5.28285e-17
4144.0	5.470533e-17
4146.0	5.404111e-17
4148.0	5.437596e-17
4150.0	5.430574e-17
4152.0	5.149182e-17
4154.0	4.887012e-17
4156.0	5.043365e-17
4158.0	4.705239e-17
4160.0	4.825407e-17
4162.0	4.749553e-17
4164.0	4.815585e-17
4166.0	5.000744e-17
4168.0	4.87386e-17
4170.0	4.699873e-17
4172.0	4.531622e-17
4174.0	4.709481e-17
4176.0	4.61698e-17
4178.0	4.398408e-17
4180.0	4.526019e-17
4182.0	4.612835e-17
4184.0	4.399096e-17
4186.0	4.198138e-17
4188.0	4.061512e-17
4190.0	3.7918e-17
4192.0	3.624017e-17
4194.0	3.739351e-17
4196.0	3.732514e-17
4198.0	3.620013e-17
4200.0	3.650584e-17
4202.0	3.648004e-17
4204.0	3.475856e-17
4206.0	3.26937e-17
4208.0	3.24519e-17
4210.0	3.287782e-17
4212.0	3.162136e-17
4214.0	3.119677e-17
4216.0	3.2639e-17
4218.0	3.12919e-17
4220.0	3.014318e-17
4222.0	3.036748e-17
4224.0	3.215211e-17
4226.0	3.339077e-17
4228.0	3.268268e-17
4230.0	3.184229e-17
4232.0	3.05434e-17
4234.0	2.912766e-17
4236.0	3.163933e-17
4238.0	3.118291e-17
4240.0	2.955064e-17
4242.0	3.032001e-17
4244.0	3.234077e-17
4246.0	3.095111e-17
4248.0	3.063371e-17
4250.0	3.11187e-17
4252.0	2.864737e-17
4254.0	2.981206e-17
4256.0	2.945813e-17
4258.0	3.098796e-17
4260.0	3.104325e-17
4262.0	2.947809e-17
4264.0	2.985643e-17
4266.0	2.719685e-17
4268.0	3.077799e-17
4270.0	3.083394e-17
4272.0	2.875415e-17
4274.0	3.304548e-17
4276.0	3.473176e-17
4278.0	3.395786e-17
4280.0	3.159247e-17
4282.0	3.067796e-17
4284.0	3.246475e-17
4286.0	3.394288e-17
4288.0	3.42053e-17
4290.0	3.245605e-17
4292.0	3.147436e-17
4294.0	3.168001e-17
4296.0	3.030793e-17
4298.0	2.991091e-17
4300.0	2.997244e-17
4302.0	2.971719e-17
4304.0	3.353712e-17
4306.0	3.523714e-17
4308.0	3.328025e-17
4310.0	3.223272e-17
4312.0	3.270042e-17
4314.0	3.22482e-17
4316.0	3.152384e-17
4318.0	3.16798e-17
4320.0	3.226488e-17
4322.0	3.360246e-17
4324.0	3.411354e-17
4326.0	3.282698e-17
4328.0	3.135015e-17
4330.0	3.153121e-17
4332.0	3.232043e-17
4334.0	2.916644e-17
4336.0	2.923965e-17
4338.0	2.978257e-17
4340.0	3.238801e-17
4342.0	3.399914e-17
4344.0	3.315462e-17
4346.0	3.228725e-17
4348.0	3.167847e-17
4350.0	3.292086e-17
4352.0	3.347899e-17
4354.0	3.194543e-17
4356.0	3.184891e-17
4358.0	3.380257e-17
4360.0	3.409988e-17
4362.0	3.329391e-17
4364.0	3.296552e-17
4366.0	3.441831e-17
4368.0	3.356734e-17
4370.0	3.255698e-17
4372.0	3.394894e-17
4374.0	3.613109e-17
4376.0	3.740979e-17
4378.0	3.629688e-17
4380.0	3.499656e-17
4382.0	3.410954e-17
4384.0	3.443103e-17
4386.0	3.5479e-17
4388.0	3.517691e-17
4390.0	3.395617e-17
4392.0	3.325184e-17
4394.0	3.230369e-17
4396.0	3.245762e-17
4398.0	3.328014e-17
4400.0	3.462587e-17
4402.0	3.764611e-17
4404.0	3.537962e-17
4406.0	3.573424e-17
4408.0	3.651997e-17
4410.0	3.674536e-17
4412.0	3.37794e-17
4414.0	3.255327e-17
4416.0	3.227562e-17
4418.0	3.402158e-17
4420.0	3.544668e-17
4422.0	3.450669e-17
4424.0	3.429598e-17
4426.0	3.191481e-17
4428.0	3.165852e-17
4430.0	3.513394e-17
4432.0	3.405403e-17
4434.0	3.079505e-17
4436.0	3.271066e-17
4438.0	3.409992e-17
4440.0	3.415161e-17
4442.0	3.419135e-17
4444.0	3.250414e-17
4446.0	2.961163e-17
4448.0	3.089532e-17
4450.0	2.85878e-17
4452.0	2.862827e-17
4454.0	3.227234e-17
4456.0	3.272851e-17
4458.0	3.128602e-17
4460.0	3.055044e-17
4462.0	2.936207e-17
4464.0	3.253114e-17
4466.0	3.276342e-17
4468.0	3.028844e-17
4470.0	3.149119e-17
4472.0	3.175392e-17
4474.0	3.314848e-17
4476.0	3.417588e-17
4478.0	3.354176e-17
4480.0	3.538031e-17
4482.0	3.541435e-17
4484.0	3.393851e-17
4486.0	3.355171e-17
4488.0	3.661195e-17
4490.0	3.909663e-17
4492.0	4.254605e-17
4494.0	4.279434e-17
4496.0	3.878914e-17
4498.0	3.803588e-17
4500.0	4.011156e-17
4502.0	4.129258e-17
4504.0	4.370002e-17
4506.0	4.484796e-17
4508.0	4.392621e-17
4510.0	4.512522e-17
4512.0	4.620386e-17
4514.0	4.625757e-17
4516.0	4.864271e-17
4518.0	5.323203e-17
4520.0	5.351304e-17
4522.0	5.104515e-17
4524.0	4.964071e-17
4526.0	5.234091e-17
4528.0	5.490512e-17
4530.0	5.907949e-17
4532.0	6.002816e-17
4534.0	5.942039e-17
4536.0	6.014371e-17
4538.0	6.196352e-17
4540.0	6.206795e-17
4542.0	6.441402e-17
4544.0	6.632901e-17
4546.0	6.665394e-17
4548.0	6.889953e-17
4550.0	7.111717e-17
4552.0	7.375917e-17
4554.0	7.468032e-17
4556.0	7.65093e-17
4558.0	7.575012e-17
4560.0	7.857029e-17
4562.0	8.296332e-17
4564.0	8.547996e-17
4566.0	9.000865e-17
4568.0	9.226619e-17
4570.0	9.770528e-17
4572.0	1.003592e-16
4574.0	9.646343e-17
4576.0	9.800841e-17
4578.0	1.020474e-16
4580.0	1.019383e-16
4582.0	1.034989e-16
4584.0	1.074197e-16
4586.0	1.085282e-16
4588.0	1.097224e-16
4590.0	1.12583e-16
4592.0	1.121305e-16
4594.0	1.084549e-16
4596.0	1.099213e-16
4598.0	1.130919e-16
4600.0	1.148595e-16
4602.0	1.162714e-16
4604.0	1.201906e-16
4606.0	1.18993e-16
4608.0	1.178635e-16
4610.0	1.205721e-16
4612.0	1.260115e-16
4614.0	1.255747e-16
4616.0	1.282852e-16
4618.0	1.321632e-16
4620.0	1.340497e-16
4622.0	1.323791e-16
4624.0	1.350337e-16
4626.0	1.393046e-16
4628.0	1.39593e-16
4630.0	1.406858e-16
4632.0	1.443093e-16
4634.0	1.433741e-16
4636.0	1.409353e-16
4638.0	1.403204e-16
4640.0	1.39319e-16
4642.0	1.391162e-16
4644.0	1.378911e-16
4646.0	1.354456e-16
4648.0	1.334312e-16
4650.0	1.323141e-16
4652.0	1.315731e-16
4654.0	1.298971e-16
4656.0	1.261179e-16
4658.0	1.214746e-16
4660.0	1.271668e-16
4662.0	1.251089e-16
4664.0	1.217285e-16
4666.0	1.192249e-16
4668.0	1.191381e-16
4670.0	1.198605e-16
4672.0	1.14418e-16
4674.0	1.090238e-16
4676.0	1.085405e-16
4678.0	1.0828e-16
4680.0	1.057384e-16
4682.0	1.026375e-16
4684.0	9.827869e-17
4686.0	9.669156e-17
4688.0	9.573615e-17
4690.0	9.553314e-17
4692.0	9.003233e-17
4694.0	9.182604e-17
4696.0	8.960509e-17
4698.0	8.514597e-17
4700.0	8.525984e-17
4702.0	8.306466e-17
4704.0	8.051042e-17
4706.0	8.000969e-17
4708.0	8.150351e-17
4710.0	7.875992e-17
4712.0	7.915233e-17
4714.0	7.898072e-17
4716.0	7.746589e-17
4718.0	7.754969e-17
4720.0	7.68622e-17
4722.0	7.600775e-17
4724.0	7.636164e-17
4726.0	7.735108e-17
4728.0	7.725272e-17
4730.0	7.572956e-17
4732.0	7.584099e-17
4734.0	7.378039e-17
4736.0	7.475965e-17
4738.0	7.627993e-17
4740.0	7.962886e-17
4742.0	8.024203e-17
4744.0	7.743361e-17
4746.0	7.719114e-17
4748.0	7.573184e-17
4750.0	7.920274e-17
4752.0	8.240523e-17
4754.0	8.180955e-17
4756.0	8.183026e-17
4758.0	8.09225e-17
4760.0	8.297773e-17
4762.0	8.414745e-17
4764.0	8.55542e-17
4766.0	8.520768e-17
4768.0	8.38021e-17
4770.0	8.264458e-17
4772.0	8.422657e-17
4774.0	9.020521e-17
4776.0	9.098814e-17
4778.0	8.595129e-17
4780.0	8.712837e-17
4782.0	8.864599e-17
4784.0	9.000131e-17
4786.0	8.829622e-17
4788.0	8.600399e-17
4790.0	8.476073e-17
4792.0	8.230273e-17
4794.0	8.358543e-17
4796.0	8.758361e-17
4798.0	8.786606e-17
4800.0	8.734821e-17
4802.0	9.141941e-17
4804.0	8.942062e-17
4806.0	8.901907e-17
4808.0	9.346381e-17
4810.0	9.52065e-17
4812.0	9.495852e-17
4814.0	9.525868e-17
4816.0	9.622731e-17
4818.0	9.915273e-17
4820.0	1.034542e-16
4822.0	1.057248e-16
4824.0	1.049246e-16
4826.0	1.056105e-16
4828.0	1.070276e-16
4830.0	1.074129e-16
4832.0	1.09211e-16
4834.0	1.108542e-16
4836.0	1.135181e-16
4838.0	1.139119e-16
4840.0	1.118416e-16
4842.0	1.147735e-16
4844.0	1.171544e-16
4846.0	1.161654e-16
4848.0	1.180582e-16
4850.0	1.194866e-16
4852.0	1.199222e-16
4854.0	1.194222e-16
4856.0	1.225964e-16
4858.0	1.267385e-16
4860.0	1.286744e-16
4862.0	1.27945e-16
4864.0	1.303392e-16
4866.0	1.334236e-16
4868.0	1.343749e-16
4870.0	1.349991e-16
4872.0	1.343878e-16
4874.0	1.338261e-16
4876.0	1.33047e-16
4878.0	1.324567e-16
4880.0	1.324801e-16
4882.0	1.309268e-16
4884.0	1.238336e-16
4886.0	1.243054e-16
4888.0	1.28218e-16
4890.0	1.230563e-16
4892.0	1.255287e-16
4894.0	1.22425e-16
4896.0	1.214971e-16
4898.0	1.172184e-16
4900.0	1.129061e-16
4902.0	1.155093e-16
4904.0	1.151268e-16
4906.0	1.137855e-16
4908.0	1.151381e-16
4910.0	1.10843e-16
4912.0	1.095e-16
4914.0	1.108962e-16
4916.0	1.104242e-16
4918.0	1.075672e-16
4920.0	1.0753e-16
4922.0	1.110297e-16
4924.0	1.125588e-16
4926.0	1.103724e-16
4928.0	1.074682e-16
4930.0	1.043459e-16
4932.0	1.093361e-16
4934.0	1.108226e-16
4936.0	1.099702e-16
4938.0	1.102969e-16
4940.0	1.121764e-16
4942.0	1.110023e-16
4944.0	1.084643e-16
4946.0	1.060126e-16
4948.0	1.052717e-16
4950.0	1.051293e-16
4952.0	1.057511e-16
4954.0	1.091351e-16
4956.0	1.089689e-16
4958.0	1.076622e-16
4960.0	1.088773e-16
4962.0	1.116632e-16
4964.0	1.134044e-16
4966.0	1.131825e-16
4968.0	1.117754e-16
4970.0	1.106047e-16
4972.0	1.129527e-16
4974.0	1.158269e-16
4976.0	1.154104e-16
4978.0	1.159097e-16
4980.0	1.132457e-16
4982.0	1.082099e-16
4984.0	1.116953e-16
4986.0	1.182461e-16
4988.0	1.102639e-16
4990.0	1.076903e-16
4992.0	1.065801e-16
4994.0	1.062519e-16
4996.0	1.049878e-16
4998.0	1.060835e-16
5000.0	1.05117e-16
5002.0	1.01946e-16
5004.0	9.8273e-17
5006.0	9.885975e-17
5008.0	1.003542e-16
5010.0	9.608914e-17
5012.0	9.287422e-17
5014.0	9.170845e-17
5016.0	8.983731e-17
5018.0	8.682554e-17
5020.0	8.314187e-17
5022.0	8.233195e-17
5024.0	8.010727e-17
5026.0	7.868461e-17
5028.0	7.833424e-17
5030.0	7.849521e-17
5032.0	7.639403e-17
5034.0	7.612862e-17
5036.0	7.400223e-17
5038.0	7.394714e-17
5040.0	7.492826e-17
5042.0	7.244846e-17
5044.0	7.04067e-17
5046.0	6.770215e-17
5048.0	6.656273e-17
5050.0	6.681913e-17
5052.0	6.618523e-17
5054.0	6.603175e-17
5056.0	6.430851e-17
5058.0	6.312457e-17
5060.0	6.276936e-17
5062.0	6.354646e-17
5064.0	6.282118e-17
5066.0	5.988632e-17
5068.0	5.863606e-17
5070.0	5.810424e-17
5072.0	5.75088e-17
5074.0	5.794353e-17
5076.0	5.617535e-17
5078.0	5.55273e-17
5080.0	5.794878e-17
5082.0	5.613315e-17
5084.0	5.620367e-17
5086.0	5.735608e-17
5088.0	5.200019e-17
5090.0	5.443336e-17
5092.0	5.742682e-17
5094.0	6.155524e-17
5096.0	6.831335e-17
5098.0	6.209051e-17
5100.0	5.259234e-17
5102.0	5.108394e-17
5104.0	5.244102e-17
5106.0	5.141729e-17
5108.0	5.150958e-17
5110.0	5.290249e-17
5112.0	5.231094e-17
5114.0	5.196682e-17
5116.0	5.195487e-17
5118.0	5.144681e-17
5120.0	5.284018e-17
5122.0	5.279878e-17
5124.0	5.300801e-17
5126.0	5.391395e-17
5128.0	5.378781e-17
5130.0	5.492088e-17
5132.0	5.547395e-17
5134.0	5.759109e-17
5136.0	5.515346e-17
5138.0	5.64112e-17
5140.0	5.885105e-17
5142.0	6.057023e-17
5144.0	6.120485e-17
5146.0	6.10206e-17
5148.0	6.027463e-17
5150.0	6.160354e-17
5152.0	6.226496e-17
5154.0	6.198535e-17
5156.0	6.237136e-17
5158.0	6.283443e-17
5160.0	6.801356e-17
5162.0	7.083646e-17
5164.0	6.960945e-17
5166.0	7.103318e-17
5168.0	7.359718e-17
5170.0	7.243615e-17
5172.0	7.288819e-17
5174.0	7.399176e-17
5176.0	7.595342e-17
5178.0	7.884723e-17
5180.0	7.92003e-17
5182.0	8.066657e-17
5184.0	8.006447e-17
5186.0	7.955482e-17
5188.0	8.07086e-17
5190.0	8.212158e-17
5192.0	8.388165e-17
5194.0	8.556753e-17
5196.0	8.400085e-17
5198.0	8.557884e-17
5200.0	8.773937e-17
5202.0	8.643327e-17
5204.0	8.413383e-17
5206.0	8.496007e-17
5208.0	8.735404e-17
5210.0	8.809202e-17
5212.0	8.720324e-17
5214.0	8.762746e-17
5216.0	8.953498e-17
5218.0	9.137189e-17
5220.0	9.122021e-17
5222.0	9.009045e-17
5224.0	8.906387e-17
5226.0	9.286067e-17
5228.0	9.615108e-17
5230.0	9.154706e-17
5232.0	8.976189e-17
5234.0	9.207865e-17
5236.0	9.378764e-17
5238.0	9.474197e-17
5240.0	9.277166e-17
5242.0	9.3349e-17
5244.0	9.439227e-17
5246.0	9.283548e-17
5248.0	9.083442e-17
5250.0	9.139856e-17
5252.0	9.170213e-17
5254.0	9.119928e-17
5256.0	9.186034e-17
5258.0	9.403792e-17
5260.0	9.366582e-17
5262.0	9.271644e-17
5264.0	9.215718e-17
5266.0	9.367407e-17
5268.0	9.566333e-17
5270.0	9.599514e-17
5272.0	9.446337e-17
5274.0	9.440364e-17
5276.0	9.557596e-17
5278.0	9.535789e-17
5280.0	9.618508e-17
5282.0	9.887161e-17
5284.0	1.00751e-16
5286.0	1.047653e-16
5288.0	1.033931e-16
5290.0	9.75253e-17
5292.0	9.790518e-17
5294.0	9.920265e-17
5296.0	9.905558e-17
5298.0	1.002377e-16
5300.0	1.000095e-16
5302.0	1.012693e-16
5304.0	1.021421e-16
5306.0	1.033579e-16
5308.0	1.059207e-16
5310.0	1.046086e-16
5312.0	1.049853e-16
5314.0	1.063649e-16
5316.0	1.114692e-16
5318.0	1.131362e-16
5320.0	1.132184e-16
5322.0	1.127017e-16
5324.0	1.131329e-16
5326.0	1.150911e-16
5328.0	1.201039e-16
5330.0	1.222056e-16
5332.0	1.219818e-16
5334.0	1.206522e-16
5336.0	1.223843e-16
5338.0	1.264926e-16
5340.0	1.287184e-16
5342.0	1.3096e-16
5344.0	1.328936e-16
5346.0	1.33951e-16
5348.0	1.334965e-16
5350.0	1.314262e-16
5352.0	1.330009e-16
5354.0	1.367407e-16
5356.0	1.351828e-16
5358.0	1.301492e-16
5360.0	1.287265e-16
5362.0	1.267501e-16
5364.0	1.286825e-16
5366.0	1.336941e-16
5368.0	1.301499e-16
5370.0	1.334189e-16
5372.0	1.361287e-16
5374.0	1.331017e-16
5376.0	1.350107e-16
5378.0	1.351715e-16
5380.0	1.314324e-16
5382.0	1.342297e-16
5384.0	1.387839e-16
5386.0	1.367804e-16
5388.0	1.318664e-16
5390.0	1.310631e-16
5392.0	1.353694e-16
5394.0	1.32849e-16
5396.0	1.315372e-16
5398.0	1.332025e-16
5400.0	1.336695e-16
5402.0	1.340525e-16
5404.0	1.341308e-16
5406.0	1.360781e-16
5408.0	1.383879e-16
5410.0	1.386397e-16
5412.0	1.375018e-16
5414.0	1.396952e-16
5416.0	1.455831e-16
5418.0	1.462683e-16
5420.0	1.469192e-16
5422.0	1.450368e-16
5424.0	1.488573e-16
5426.0	1.498677e-16
5428.0	1.498513e-16
5430.0	1.572313e-16
5432.0	1.562136e-16
5434.0	1.543635e-16
5436.0	1.537961e-16
5438.0	1.580496e-16
5440.0	1.602089e-16
5442.0	1.607168e-16
5444.0	1.647965e-16
5446.0	1.694179e-16
5448.0	1.70438e-16
5450.0	1.708202e-16
5452.0	1.726736e-16
5454.0	1.738396e-16
5456.0	1.769898e-16
5458.0	1.795366e-16
5460.0	1.804136e-16
5462.0	1.828003e-16
5464.0	1.863809e-16
5466.0	1.855184e-16
5468.0	1.806153e-16
5470.0	1.853301e-16
5472.0	1.933049e-16
5474.0	1.9377e-16
5476.0	1.973768e-16
5478.0	1.956598e-16
5480.0	1.93503e-16
5482.0	1.947624e-16
5484.0	1.928006e-16
5486.0	1.98081e-16
5488.0	1.991744e-16
5490.0	1.962229e-16
5492.0	1.926783e-16
5494.0	1.973895e-16
5496.0	1.976278e-16
5498.0	1.93733e-16
5500.0	1.918594e-16
5502.0	1.885997e-16
5504.0	1.877346e-16
5506.0	1.88815e-16
5508.0	1.831011e-16
5510.0	1.796766e-16
5512.0	1.804576e-16
5514.0	1.744166e-16
5516.0	1.72912e-16
5518.0	1.751878e-16
5520.0	1.722816e-16
5522.0	1.698556e-16
5524.0	1.688646e-16
5526.0	1.693114e-16
5528.0	1.683398e-16
5530.0	1.649299e-16
5532.0	1.637069e-16
5534.0	1.617434e-16
5536.0	1.619244e-16
5538.0	1.597133e-16
5540.0	1.609086e-16
5542.0	1.610422e-16
5544.0	1.578795e-16
5546.0	1.538462e-16
5548.0	1.554508e-16
5550.0	1.580302e-16
5552.0	1.591307e-16
5554.0	1.553988e-16
5556.0	1.557014e-16
5558.0	1.63553e-16
5560.0	1.652491e-16
5562.0	1.664096e-16
5564.0	1.625236e-16
5566.0	1.625288e-16
5568.0	1.646802e-16
5570.0	1.655367e-16
5572.0	1.582726e-16
5574.0	1.628028e-16
5576.0	1.664837e-16
5578.0	1.634354e-16
5580.0	1.626852e-16
5582.0	1.647559e-16
5584.0	1.642188e-16
5586.0	1.633294e-16
5588.0	1.640679e-16
5590.0	1.611969e-16
5592.0	1.604462e-16
5594.0	1.626062e-16
5596.0	1.660311e-16
5598.0	1.665112e-16
5600.0	1.646641e-16
5602.0	1.640848e-16
5604.0	1.628064e-16
5606.0	1.632951e-16
5608.0	1.645365e-16
5610.0	1.673104e-16
5612.0	1.657198e-16
5614.0	1.677365e-16
5616.0	1.6589e-16
5618.0	1.681374e-16
5620.0	1.69747e-16
5622.0	1.666278e-16
5624.0	1.642235e-16
5626.0	1.646489e-16
5628.0	1.651652e-16
5630.0	1.678051e-16
5632.0	1.67956e-16
5634.0	1.649434e-16
5636.0	1.628736e-16
5638.0	1.60455e-16
5640.0	1.600735e-16
5642.0	1.60309e-16
5644.0	1.58623e-16
5646.0	1.572517e-16
5648.0	1.577545e-16
5650.0	1.564252e-16
5652.0	1.53208e-16
5654.0	1.558473e-16
5656.0	1.55571e-16
5658.0	1.531875e-16
5660.0	1.537659e-16
5662.0	1.522364e-16
5664.0	1.520266e-16
5666.0	1.515501e-16
5668.0	1.490844e-16
5670.0	1.485558e-16
5672.0	1.504155e-16
5674.0	1.474594e-16
5676.0	1.420951e-16
5678.0	1.411698e-16
5680.0	1.395123e-16
5682.0	1.37531e-16
5684.0	1.35313e-16
5686.0	1.374548e-16
5688.0	1.387584e-16
5690.0	1.357468e-16
5692.0	1.361657e-16
5694.0	1.38559e-16
5696.0	1.359229e-16
5698.0	1.364627e-16
5700.0	1.404265e-16
5702.0	1.416217e-16
5704.0	1.4101e-16
5706.0	1.411108e-16
5708.0	1.431884e-16
5710.0	1.437548e-16
5712.0	1.446358e-16
5714.0	1.472377e-16
5716.0	1.476849e-16
5718.0	1.464161e-16
5720.0	1.450867e-16
5722.0	1.48037e-16
5724.0	1.507448e-16
5726.0	1.50754e-16
5728.0	1.496907e-16
5730.0	1.533014e-16
5732.0	1.574254e-16
5734.0	1.58684e-16
5736.0	1.583076e-16
5738.0	1.569263e-16
5740.0	1.583882e-16
5742.0	1.570324e-16
5744.0	1.55343e-16
5746.0	1.55708e-16
5748.0	1.559754e-16
5750.0	1.535164e-16
5752.0	1.521218e-16
5754.0	1.526098e-16
5756.0	1.516641e-16
5758.0	1.465988e-16
5760.0	1.449259e-16
5762.0	1.481155e-16
5764.0	1.459526e-16
5766.0	1.425938e-16
5768.0	1.413019e-16
5770.0	1.401068e-16
5772.0	1.400835e-16
5774.0	1.380332e-16
5776.0	1.332197e-16
5778.0	1.286946e-16
5780.0	1.259505e-16
5782.0	1.260295e-16
5784.0	1.22661e-16
5786.0	1.237745e-16
5788.0	1.237566e-16
5790.0	1.234729e-16
5792.0	1.227372e-16
5794.0	1.231585e-16
5796.0	1.224733e-16
5798.0	1.18406e-16
5800.0	1.171447e-16
5802.0	1.169585e-16
5804.0	1.15878e-16
5806.0	1.141084e-16
5808.0	1.157093e-16
5810.0	1.203078e-16
5812.0	1.212594e-16
5814.0	1.19543e-16
5816.0	1.184913e-16
5818.0	1.196049e-16
5820.0	1.222784e-16
5822.0	1.209939e-16
5824.0	1.186078e-16
5826.0	1.187965e-16
5828.0	1.209225e-16
5830.0	1.239049e-16
5832.0	1.238122e-16
5834.0	1.264461e-16
5836.0	1.284311e-16
5838.0	1.260506e-16
5840.0	1.263096e-16
5842.0	1.337668e-16
5844.0	1.355093e-16
5846.0	1.333015e-16
5848.0	1.365465e-16
5850.0	1.392529e-16
5852.0	1.421755e-16
5854.0	1.423103e-16
5856.0	1.394871e-16
5858.0	1.419609e-16
5860.0	1.473748e-16
5862.0	1.452692e-16
5864.0	1.45411e-16
5866.0	1.432518e-16
5868.0	1.437711e-16
5870.0	1.434547e-16
5872.0	1.404653e-16
5874.0	1.37239e-16
5876.0	1.338894e-16
5878.0	1.325589e-16
5880.0	1.314318e-16
5882.0	1.307475e-16
5884.0	1.27293e-16
5886.0	1.236585e-16
5888.0	1.224967e-16
5890.0	1.189477e-16
5892.0	1.192131e-16
5894.0	1.187736e-16
5896.0	1.178573e-16
5898.0	1.178164e-16
5900.0	1.187683e-16
5902.0	1.171121e-16
5904.0	1.162585e-16
5906.0	1.117205e-16
5908.0	1.131178e-16
5910.0	1.139904e-16
5912.0	1.126853e-16
5914.0	1.095905e-16
5916.0	1.094251e-16
5918.0	1.092323e-16
5920.0	1.070183e-16
5922.0	1.043041e-16
5924.0	1.053844e-16
5926.0	1.064118e-16
5928.0	1.051289e-16
5930.0	1.026861e-16
5932.0	1.037198e-16
5934.0	1.042724e-16
5936.0	1.024501e-16
5938.0	1.008538e-16
5940.0	1.016697e-16
5942.0	1.027025e-16
5944.0	1.031042e-16
5946.0	1.020413e-16
5948.0	1.013088e-16
5950.0	1.016858e-16
5952.0	1.036491e-16
5954.0	1.026695e-16
5956.0	1.020684e-16
5958.0	1.006445e-16
5960.0	1.042787e-16
5962.0	1.070993e-16
5964.0	1.069197e-16
5966.0	1.050139e-16
5968.0	1.060284e-16
5970.0	1.079347e-16
5972.0	1.077578e-16
5974.0	1.077521e-16
5976.0	1.130114e-16
5978.0	1.129976e-16
5980.0	1.129181e-16
5982.0	1.145161e-16
5984.0	1.155606e-16
5986.0	1.154446e-16
5988.0	1.177014e-16
5990.0	1.180261e-16
5992.0	1.172738e-16
5994.0	1.171118e-16
5996.0	1.188706e-16
5998.0	1.249093e-16
6000.0	1.275676e-16
6002.0	1.264037e-16
6004.0	1.28075e-16
6006.0	1.288616e-16
6008.0	1.298593e-16
6010.0	1.325846e-16
6012.0	1.354468e-16
6014.0	1.352975e-16
6016.0	1.382377e-16
6018.0	1.413056e-16
6020.0	1.449302e-16
6022.0	1.486447e-16
6024.0	1.505624e-16
6026.0	1.505613e-16
6028.0	1.528421e-16
6030.0	1.569525e-16
6032.0	1.590404e-16
6034.0	1.621093e-16
6036.0	1.665561e-16
6038.0	1.671082e-16
6040.0	1.653762e-16
6042.0	1.651218e-16
6044.0	1.677824e-16
6046.0	1.719623e-16
6048.0	1.758716e-16
6050.0	1.77384e-16
6052.0	1.756216e-16
6054.0	1.744821e-16
6056.0	1.775487e-16
6058.0	1.767908e-16
6060.0	1.730518e-16
6062.0	1.734737e-16
6064.0	1.73604e-16
6066.0	1.733587e-16
6068.0	1.73544e-16
6070.0	1.716542e-16
6072.0	1.717433e-16
6074.0	1.723455e-16
6076.0	1.708212e-16
6078.0	1.715063e-16
6080.0	1.708303e-16
6082.0	1.674074e-16
6084.0	1.615458e-16
6086.0	1.609578e-16
6088.0	1.621316e-16
6090.0	1.594799e-16
6092.0	1.603125e-16
6094.0	1.623899e-16
6096.0	1.573106e-16
6098.0	1.551268e-16
6100.0	1.586309e-16
6102.0	1.588141e-16
6104.0	1.563542e-16
6106.0	1.546574e-16
6108.0	1.514222e-16
6110.0	1.539557e-16
6112.0	1.550947e-16
6114.0	1.517009e-16
6116.0	1.475416e-16
6118.0	1.478647e-16
6120.0	1.497271e-16
6122.0	1.47405e-16
6124.0	1.461261e-16
6126.0	1.470762e-16
6128.0	1.49231e-16
6130.0	1.50822e-16
6132.0	1.498785e-16
6134.0	1.486341e-16
6136.0	1.496779e-16
6138.0	1.475554e-16
6140.0	1.469084e-16
6142.0	1.47549e-16
6144.0	1.469145e-16
6146.0	1.481176e-16
6148.0	1.484623e-16
6150.0	1.478884e-16
6152.0	1.475592e-16
6154.0	1.480158e-16
6156.0	1.517249e-16
6158.0	1.564411e-16
6160.0	1.556175e-16
6162.0	1.550537e-16
6164.0	1.572958e-16
6166.0	1.591042e-16
6168.0	1.587649e-16
6170.0	1.592383e-16
6172.0	1.590496e-16
6174.0	1.606585e-16
6176.0	1.615343e-16
6178.0	1.61643e-16
6180.0	1.633135e-16
6182.0	1.631609e-16
6184.0	1.606383e-16
6186.0	1.621697e-16
6188.0	1.61859e-16
6190.0	1.60695e-16
6192.0	1.648763e-16
6194.0	1.645419e-16
6196.0	1.611067e-16
6198.0	1.611666e-16
6200.0	1.591929e-16
6202.0	1.610539e-16
6204.0	1.593027e-16
6206.0	1.555735e-16
6208.0	1.514452e-16
6210.0	1.514583e-16
6212.0	1.473015e-16
6214.0	1.434518e-16
6216.0	1.428631e-16
6218.0	1.404526e-16
6220.0	1.390406e-16
6222.0	1.386068e-16
6224.0	1.345145e-16
6226.0	1.306316e-16
6228.0	1.267123e-16
6230.0	1.23016e-16
6232.0	1.202061e-16
6234.0	1.15944e-16
6236.0	1.124485e-16
6238.0	1.125551e-16
6240.0	1.104332e-16
6242.0	1.064172e-16
6244.0	1.012508e-16
6246.0	9.947688e-17
6248.0	9.606194e-17
6250.0	9.671933e-17
6252.0	9.341664e-17
6254.0	9.503798e-17
6256.0	9.414784e-17
6258.0	9.074821e-17
6260.0	8.768283e-17
6262.0	8.658879e-17
6264.0	8.693245e-17
6266.0	8.542073e-17
6268.0	8.27779e-17
6270.0	8.201418e-17
6272.0	8.145422e-17
6274.0	7.982075e-17
6276.0	7.832424e-17
6278.0	7.755762e-17
6280.0	7.826065e-17
6282.0	7.960377e-17
6284.0	7.877768e-17
6286.0	7.801055e-17
6288.0	7.845492e-17
6290.0	7.804892e-17
6292.0	7.960482e-17
6294.0	7.883296e-17
6296.0	7.781014e-17
6298.0	7.886339e-17
6300.0	7.889375e-17
6302.0	7.727638e-17
6304.0	7.689193e-17
6306.0	7.790487e-17
6308.0	7.853619e-17
6310.0	7.74649e-17
6312.0	8.038903e-17
6314.0	8.210182e-17
6316.0	8.048788e-17
6318.0	7.841256e-17
6320.0	7.749989e-17
6322.0	7.783679e-17
6324.0	7.677585e-17
6326.0	7.57867e-17
6328.0	7.466189e-17
6330.0	7.414222e-17
6332.0	7.465388e-17
6334.0	7.330872e-17
6336.0	7.328952e-17
6338.0	7.503518e-17
6340.0	7.444052e-17
6342.0	7.609487e-17
6344.0	7.729339e-17
6346.0	7.672928e-17
6348.0	7.812957e-17
6350.0	7.682469e-17
6352.0	7.453538e-17
6354.0	7.580142e-17
6356.0	8.066763e-17
6358.0	8.226667e-17
6360.0	8.132903e-17
6362.0	8.129429e-17
6364.0	8.086096e-17
6366.0	8.296125e-17
6368.0	8.386052e-17
6370.0	8.290122e-17
6372.0	8.362631e-17
6374.0	8.937686e-17
6376.0	9.086014e-17
6378.0	8.905758e-17
6380.0	8.861954e-17
6382.0	9.149656e-17
6384.0	9.094621e-17
6386.0	8.895992e-17
6388.0	9.022951e-17
6390.0	9.458731e-17
6392.0	9.235241e-17
6394.0	9.169758e-17
6396.0	9.311587e-17
6398.0	9.429162e-17
6400.0	9.57527e-17
6402.0	9.537923e-17
6404.0	9.458673e-17
6406.0	9.401908e-17
6408.0	9.607179e-17
6410.0	9.795342e-17
6412.0	9.744196e-17
6414.0	9.984072e-17
6416.0	1.021768e-16
6418.0	1.030548e-16
6420.0	1.050101e-16
6422.0	1.069958e-16
6424.0	1.075793e-16
6426.0	1.076507e-16
6428.0	1.090682e-16
6430.0	1.078533e-16
6432.0	1.102116e-16
6434.0	1.097898e-16
6436.0	1.112397e-16
6438.0	1.108597e-16
6440.0	1.112247e-16
6442.0	1.137985e-16
6444.0	1.140437e-16
6446.0	1.121852e-16
6448.0	1.169544e-16
6450.0	1.158261e-16
6452.0	1.159321e-16
6454.0	1.165416e-16
6456.0	1.173642e-16
6458.0	1.194339e-16
6460.0	1.225906e-16
6462.0	1.225972e-16
6464.0	1.222042e-16
6466.0	1.232184e-16
6468.0	1.254232e-16
6470.0	1.286655e-16
6472.0	1.309966e-16
6474.0	1.305308e-16
6476.0	1.322612e-16
6478.0	1.347652e-16
6480.0	1.352145e-16
6482.0	1.329885e-16
6484.0	1.36205e-16
6486.0	1.382171e-16
6488.0	1.378866e-16
6490.0	1.380872e-16
6492.0	1.39926e-16
6494.0	1.458554e-16
6496.0	1.456936e-16
6498.0	1.445518e-16
6500.0	1.466998e-16
6502.0	1.453225e-16
6504.0	1.465713e-16
6506.0	1.459704e-16
6508.0	1.462797e-16
6510.0	1.47748e-16
6512.0	1.472576e-16
6514.0	1.496597e-16
6516.0	1.508343e-16
6518.0	1.489041e-16
6520.0	1.493748e-16
6522.0	1.510552e-16
6524.0	1.499001e-16
6526.0	1.474679e-16
6528.0	1.454733e-16
6530.0	1.444141e-16
6532.0	1.467722e-16
6534.0	1.494335e-16
6536.0	1.53042e-16
6538.0	1.531549e-16
6540.0	1.525304e-16
6542.0	1.480176e-16
6544.0	1.472515e-16
6546.0	1.477295e-16
6548.0	1.444814e-16
6550.0	1.465199e-16
6552.0	1.45965e-16
6554.0	1.417503e-16
6556.0	1.401419e-16
6558.0	1.442825e-16
6560.0	1.472455e-16
6562.0	1.479563e-16
6564.0	1.447506e-16
6566.0	1.453036e-16
6568.0	1.458425e-16
6570.0	1.412929e-16
6572.0	1.402981e-16
6574.0	1.407092e-16
6576.0	1.393586e-16
6578.0	1.393597e-16
6580.0	1.43652e-16
6582.0	1.46513e-16
6584.0	1.455371e-16
6586.0	1.448933e-16
6588.0	1.445295e-16
6590.0	1.449486e-16
6592.0	1.447004e-16
6594.0	1.469421e-16
6596.0	1.476471e-16
6598.0	1.465654e-16
6600.0	1.497461e-16
6602.0	1.530404e-16
6604.0	1.512182e-16
6606.0	1.51378e-16
6608.0	1.502019e-16
6610.0	1.508006e-16
6612.0	1.521369e-16
6614.0	1.531512e-16
6616.0	1.52748e-16
6618.0	1.513395e-16
6620.0	1.521882e-16
6622.0	1.520438e-16
6624.0	1.530801e-16
6626.0	1.557394e-16
6628.0	1.560042e-16
6630.0	1.572178e-16
6632.0	1.552102e-16
6634.0	1.519252e-16
6636.0	1.489557e-16
6638.0	1.479968e-16
6640.0	1.504255e-16
6642.0	1.493853e-16
6644.0	1.475542e-16
6646.0	1.518492e-16
6648.0	1.562295e-16
6650.0	1.553434e-16
6652.0	1.532169e-16
6654.0	1.516604e-16
6656.0	1.488075e-16
6658.0	1.447358e-16
6660.0	1.442095e-16
6662.0	1.468639e-16
6664.0	1.446368e-16
6666.0	1.411884e-16
6668.0	1.42549e-16
6670.0	1.434768e-16
6672.0	1.425105e-16
6674.0	1.411769e-16
6676.0	1.389151e-16
6678.0	1.375321e-16
6680.0	1.345254e-16
6682.0	1.369413e-16
6684.0	1.360801e-16
6686.0	1.35758e-16
6688.0	1.365923e-16
6690.0	1.361997e-16
6692.0	1.353292e-16
6694.0	1.359429e-16
6696.0	1.350968e-16
6698.0	1.334612e-16
6700.0	1.32425e-16
6702.0	1.342672e-16
6704.0	1.339246e-16
6706.0	1.332228e-16
6708.0	1.345852e-16
6710.0	1.327343e-16
6712.0	1.317067e-16
6714.0	1.322493e-16
6716.0	1.332932e-16
6718.0	1.350723e-16
6720.0	1.331894e-16
6722.0	1.311599e-16
6724.0	1.329107e-16
6726.0	1.345124e-16
6728.0	1.339973e-16
6730.0	1.352745e-16
6732.0	1.348923e-16
6734.0	1.375068e-16
6736.0	1.401646e-16
6738.0	1.36768e-16
6740.0	1.369168e-16
6742.0	1.382409e-16
6744.0	1.363577e-16
6746.0	1.390434e-16
6748.0	1.365507e-16
6750.0	1.380729e-16
6752.0	1.405978e-16
6754.0	1.430772e-16
6756.0	1.45591e-16
6758.0	1.45034e-16
6760.0	1.402947e-16
6762.0	1.392433e-16
6764.0	1.392031e-16
6766.0	1.373905e-16
6768.0	1.415185e-16
6770.0	1.426985e-16
6772.0	1.396203e-16
6774.0	1.410206e-16
6776.0	1.448569e-16
6778.0	1.452533e-16
6780.0	1.419638e-16
6782.0	1.413328e-16
6784.0	1.422948e-16
6786.0	1.388785e-16
6788.0	1.368401e-16
6790.0	1.393069e-16
6792.0	1.40289e-16
6794.0	1.399327e-16
6796.0	1.38633e-16
6798.0	1.373426e-16
6800.0	1.360725e-16
6802.0	1.336118e-16
6804.0	1.331833e-16
6806.0	1.325287e-16
6808.0	1.328455e-16
6810.0	1.32003e-16
6812.0	1.310767e-16
6814.0	1.276712e-16
6816.0	1.243776e-16
6818.0	1.213856e-16
6820.0	1.20818e-16
6822.0	1.168392e-16
6824.0	1.13888e-16
6826.0	1.140904e-16
6828.0	1.138984e-16
6830.0	1.121345e-16
6832.0	1.075724e-16
6834.0	1.044274e-16
6836.0	1.035905e-16
6838.0	1.026476e-16
6840.0	1.003899e-16
6842.0	9.79934e-17
6844.0	9.521346e-17
6846.0	9.376943e-17
6848.0	9.158744e-17
6850.0	9.150408e-17
6852.0	9.19985e-17
6854.0	9.198862e-17
6856.0	8.991611e-17
6858.0	8.984287e-17
6860.0	9.042235e-17
6862.0	8.943174e-17
6864.0	9.17006e-17
6866.0	9.341191e-17
6868.0	9.190012e-17
6870.0	9.021539e-17
6872.0	8.898438e-17
6874.0	8.534054e-17
6876.0	8.630446e-17
6878.0	9.127606e-17
6880.0	8.952319e-17
6882.0	8.967557e-17
6884.0	8.965179e-17
6886.0	9.119258e-17
6888.0	9.230647e-17
6890.0	9.184463e-17
6892.0	9.330276e-17
6894.0	9.453643e-17
6896.0	9.611091e-17
6898.0	9.689559e-17
6900.0	9.781496e-17
6902.0	9.964654e-17
6904.0	1.011571e-16
6906.0	1.022539e-16
6908.0	1.036034e-16
6910.0	1.067198e-16
6912.0	1.048373e-16
6914.0	1.067284e-16
6916.0	1.088652e-16
6918.0	1.117496e-16
6920.0	1.096913e-16
6922.0	1.131811e-16
6924.0	1.130147e-16
6926.0	1.157993e-16
6928.0	1.15162e-16
6930.0	1.184974e-16
6932.0	1.214833e-16
6934.0	1.207704e-16
6936.0	1.21376e-16
6938.0	1.223097e-16
6940.0	1.238847e-16
6942.0	1.241754e-16
6944.0	1.254574e-16
6946.0	1.288146e-16
6948.0	1.30901e-16
6950.0	1.293949e-16
6952.0	1.262049e-16
6954.0	1.272472e-16
6956.0	1.28326e-16
6958.0	1.255566e-16
6960.0	1.246578e-16
6962.0	1.289269e-16
6964.0	1.328075e-16
6966.0	1.332348e-16
6968.0	1.313849e-16
6970.0	1.294717e-16
6972.0	1.292224e-16
6974.0	1.266065e-16
6976.0	1.262997e-16
6978.0	1.265502e-16
6980.0	1.293101e-16
6982.0	1.303674e-16
6984.0	1.267037e-16
6986.0	1.238162e-16
6988.0	1.239492e-16
6990.0	1.2328e-16
6992.0	1.204249e-16
6994.0	1.194559e-16
6996.0	1.20238e-16
6998.0	1.200474e-16
7000.0	1.198864e-16
7002.0	1.1648e-16
7004.0	1.131891e-16
7006.0	1.134568e-16
7008.0	1.129896e-16
7010.0	1.102378e-16
7012.0	1.127677e-16
7014.0	1.144136e-16
7016.0	1.108177e-16
7018.0	1.102848e-16
7020.0	1.085127e-16
7022.0	1.023008e-16
7024.0	1.017608e-16
7026.0	1.034247e-16
7028.0	1.050707e-16
7030.0	1.021125e-16
7032.0	9.869078e-17
7034.0	9.704632e-17
7036.0	9.627598e-17
7038.0	9.710059e-17
7040.0	9.730542e-17
7042.0	9.457412e-17
7044.0	9.176719e-17
7046.0	9.109024e-17
7048.0	8.971118e-17
7050.0	8.949665e-17
