#	 ps15cku 
#	 UT date of observation: 20151114 
#	 Telescope/Instrument: SOAR/Goodman 
#	 Estimated Peak MJD: 57319.289 
#	 Estimated redshift: 0.023 
#	 Estimated Phase: 20.2 
#	 Published in Dettman et al. 2020 
#	 Observed barycentric wavelength (Angstroms)    F_lambda
3200.0	3.167448e-16
3202.0	2.167387e-16
3204.0	1.004863e-16
3206.0	3.572732e-16
3208.0	3.279517e-16
3210.0	2.73657e-16
3212.0	1.838572e-16
3214.0	6.272759e-17
3216.0	1.166545e-16
3218.0	-5.887982e-18
3220.0	-1.410305e-16
3222.0	2.909524e-17
3224.0	2.067946e-16
3226.0	2.708615e-16
3228.0	2.529861e-16
3230.0	2.532391e-16
3232.0	1.324259e-16
3234.0	9.911051e-17
3236.0	1.208539e-16
3238.0	4.397427e-17
3240.0	3.921616e-17
3242.0	7.585443e-17
3244.0	1.597192e-16
3246.0	1.154099e-16
3248.0	1.757941e-17
3250.0	1.005622e-16
3252.0	1.403371e-16
3254.0	1.38239e-16
3256.0	2.652755e-16
3258.0	2.526661e-16
3260.0	1.528822e-16
3262.0	1.481865e-16
3264.0	8.613972e-17
3266.0	1.021671e-16
3268.0	2.105576e-16
3270.0	2.049063e-16
3272.0	1.168853e-16
3274.0	-1.018032e-17
3276.0	7.376225e-17
3278.0	2.403627e-16
3280.0	1.405403e-16
3282.0	3.150107e-17
3284.0	9.057603e-17
3286.0	1.013186e-16
3288.0	6.634434e-17
3290.0	5.027454e-17
3292.0	2.546003e-17
3294.0	5.418697e-17
3296.0	9.712599e-17
3298.0	8.457554e-17
3300.0	9.293031e-17
3302.0	1.095585e-16
3304.0	9.182263e-17
3306.0	1.062548e-16
3308.0	1.260335e-16
3310.0	1.176255e-16
3312.0	1.119899e-16
3314.0	1.127173e-16
3316.0	8.178643e-17
3318.0	1.178035e-16
3320.0	1.53386e-16
3322.0	1.383514e-16
3324.0	8.491532e-17
3326.0	3.676617e-17
3328.0	1.016478e-16
3330.0	7.287797e-17
3332.0	5.842166e-17
3334.0	9.422285e-17
3336.0	9.536068e-17
3338.0	8.625618e-17
3340.0	8.394384e-17
3342.0	9.318433e-17
3344.0	1.062112e-16
3346.0	7.303835e-17
3348.0	4.355641e-17
3350.0	8.491738e-17
3352.0	1.078571e-16
3354.0	9.092707e-17
3356.0	1.435954e-17
3358.0	7.543556e-17
3360.0	1.356689e-16
3362.0	1.060626e-16
3364.0	1.032003e-16
3366.0	1.223468e-16
3368.0	9.138889e-17
3370.0	8.200731e-17
3372.0	7.573976e-17
3374.0	1.14103e-16
3376.0	9.432034e-17
3378.0	8.397542e-17
3380.0	6.72615e-17
3382.0	8.638622e-17
3384.0	1.011505e-16
3386.0	6.768385e-17
3388.0	1.017314e-16
3390.0	1.259629e-16
3392.0	1.105405e-16
3394.0	1.062564e-16
3396.0	1.287721e-16
3398.0	9.972699e-17
3400.0	7.665384e-17
3402.0	9.996197e-17
3404.0	8.46815e-17
3406.0	5.643628e-17
3408.0	7.281973e-17
3410.0	1.098327e-16
3412.0	9.270716e-17
3414.0	9.468545e-17
3416.0	7.955945e-17
3418.0	1.009883e-16
3420.0	1.093523e-16
3422.0	9.122294e-17
3424.0	8.281196e-17
3426.0	8.577624e-17
3428.0	8.394717e-17
3430.0	5.483028e-17
3432.0	9.849989e-17
3434.0	1.27557e-16
3436.0	1.128584e-16
3438.0	7.974083e-17
3440.0	5.730253e-17
3442.0	6.784494e-17
3444.0	1.067306e-16
3446.0	1.101498e-16
3448.0	1.141564e-16
3450.0	1.282073e-16
3452.0	1.253047e-16
3454.0	9.739896e-17
3456.0	6.593838e-17
3458.0	8.723406e-17
3460.0	1.074288e-16
3462.0	9.95357e-17
3464.0	8.874038e-17
3466.0	1.045342e-16
3468.0	1.27008e-16
3470.0	1.444169e-16
3472.0	1.634229e-16
3474.0	1.57317e-16
3476.0	1.378895e-16
3478.0	1.381424e-16
3480.0	1.563381e-16
3482.0	1.383771e-16
3484.0	1.268045e-16
3486.0	1.460983e-16
3488.0	1.156798e-16
3490.0	9.255196e-17
3492.0	9.197178e-17
3494.0	1.203921e-16
3496.0	1.535274e-16
3498.0	1.563944e-16
3500.0	1.336803e-16
3502.0	1.467003e-16
3504.0	1.247563e-16
3506.0	1.226281e-16
3508.0	1.370794e-16
3510.0	1.370134e-16
3512.0	1.387907e-16
3514.0	1.197962e-16
3516.0	1.464875e-16
3518.0	1.358629e-16
3520.0	1.276162e-16
3522.0	1.397591e-16
3524.0	1.2977e-16
3526.0	1.165436e-16
3528.0	1.226278e-16
3530.0	1.201871e-16
3532.0	1.326296e-16
3534.0	1.044009e-16
3536.0	1.133498e-16
3538.0	1.223672e-16
3540.0	1.387337e-16
3542.0	1.618392e-16
3544.0	1.027742e-16
3546.0	1.069203e-16
3548.0	1.297343e-16
3550.0	1.208688e-16
3552.0	1.441869e-16
3554.0	1.568239e-16
3556.0	1.512161e-16
3558.0	1.215662e-16
3560.0	1.236371e-16
3562.0	1.584806e-16
3564.0	1.535956e-16
3566.0	1.313327e-16
3568.0	1.318997e-16
3570.0	1.434576e-16
3572.0	1.483151e-16
3574.0	1.492806e-16
3576.0	1.608329e-16
3578.0	2.035515e-16
3580.0	2.034916e-16
3582.0	1.886353e-16
3584.0	2.102763e-16
3586.0	2.200972e-16
3588.0	2.094818e-16
3590.0	1.892164e-16
3592.0	1.863353e-16
3594.0	2.016046e-16
3596.0	1.998001e-16
3598.0	1.816257e-16
3600.0	1.856467e-16
3602.0	1.935891e-16
3604.0	1.917301e-16
3606.0	1.988776e-16
3608.0	1.878736e-16
3610.0	1.934444e-16
3612.0	2.061573e-16
3614.0	1.848026e-16
3616.0	1.734622e-16
3618.0	1.884087e-16
3620.0	1.944678e-16
3622.0	1.840009e-16
3624.0	2.045356e-16
3626.0	2.134746e-16
3628.0	2.025324e-16
3630.0	2.096735e-16
3632.0	2.108528e-16
3634.0	2.177912e-16
3636.0	2.239966e-16
3638.0	2.150677e-16
3640.0	2.088759e-16
3642.0	2.17798e-16
3644.0	2.287401e-16
3646.0	2.163119e-16
3648.0	2.135748e-16
3650.0	2.352134e-16
3652.0	2.156963e-16
3654.0	2.161084e-16
3656.0	2.222205e-16
3658.0	2.193809e-16
3660.0	2.229822e-16
3662.0	2.17746e-16
3664.0	2.174833e-16
3666.0	2.211999e-16
3668.0	2.145964e-16
3670.0	2.148411e-16
3672.0	2.147043e-16
3674.0	2.22462e-16
3676.0	2.11291e-16
3678.0	2.172242e-16
3680.0	2.097716e-16
3682.0	1.975895e-16
3684.0	2.055421e-16
3686.0	2.053477e-16
3688.0	2.032784e-16
3690.0	2.009084e-16
3692.0	2.001792e-16
3694.0	2.073397e-16
3696.0	1.931365e-16
3698.0	2.014252e-16
3700.0	2.076789e-16
3702.0	2.190173e-16
3704.0	2.297095e-16
3706.0	2.2422e-16
3708.0	2.173441e-16
3710.0	2.273118e-16
3712.0	2.282709e-16
3714.0	2.379086e-16
3716.0	2.213245e-16
3718.0	2.343673e-16
3720.0	2.464499e-16
3722.0	2.261343e-16
3724.0	2.251538e-16
3726.0	2.427487e-16
3728.0	2.489064e-16
3730.0	2.622664e-16
3732.0	2.783491e-16
3734.0	2.868443e-16
3736.0	2.871863e-16
3738.0	2.937622e-16
3740.0	3.040847e-16
3742.0	3.252486e-16
3744.0	3.3436e-16
3746.0	3.455981e-16
3748.0	3.363765e-16
3750.0	3.612709e-16
3752.0	3.801595e-16
3754.0	3.750062e-16
3756.0	3.618423e-16
3758.0	3.749048e-16
3760.0	3.878093e-16
3762.0	3.731835e-16
3764.0	3.665894e-16
3766.0	3.60516e-16
3768.0	3.663007e-16
3770.0	3.690335e-16
3772.0	3.689401e-16
3774.0	3.614859e-16
3776.0	3.452594e-16
3778.0	3.433552e-16
3780.0	3.334695e-16
3782.0	3.300155e-16
3784.0	3.264321e-16
3786.0	3.266725e-16
3788.0	3.157785e-16
3790.0	2.964797e-16
3792.0	3.059915e-16
3794.0	3.078076e-16
3796.0	2.916996e-16
3798.0	2.758947e-16
3800.0	2.749799e-16
3802.0	2.832055e-16
3804.0	2.765693e-16
3806.0	2.78483e-16
3808.0	2.897582e-16
3810.0	2.97513e-16
3812.0	3.204197e-16
3814.0	3.248505e-16
3816.0	2.921132e-16
3818.0	2.625806e-16
3820.0	2.382427e-16
3822.0	2.336866e-16
3824.0	2.382483e-16
3826.0	2.415918e-16
3828.0	2.364149e-16
3830.0	2.224936e-16
3832.0	2.140426e-16
3834.0	2.104225e-16
3836.0	2.005833e-16
3838.0	1.899986e-16
3840.0	1.924192e-16
3842.0	1.902158e-16
3844.0	1.769527e-16
3846.0	1.692769e-16
3848.0	1.691278e-16
3850.0	1.741708e-16
3852.0	1.728828e-16
3854.0	1.640276e-16
3856.0	1.580494e-16
3858.0	1.57956e-16
3860.0	1.648705e-16
3862.0	1.700129e-16
3864.0	1.618648e-16
3866.0	1.515539e-16
3868.0	1.579623e-16
3870.0	1.612557e-16
3872.0	1.524745e-16
3874.0	1.542196e-16
3876.0	1.55598e-16
3878.0	1.544481e-16
3880.0	1.545722e-16
3882.0	1.560796e-16
3884.0	1.606249e-16
3886.0	1.622304e-16
3888.0	1.62645e-16
3890.0	1.642875e-16
3892.0	1.645072e-16
3894.0	1.675448e-16
3896.0	1.792899e-16
3898.0	1.79548e-16
3900.0	1.761278e-16
3902.0	1.876977e-16
3904.0	2.003664e-16
3906.0	2.102455e-16
3908.0	2.22225e-16
3910.0	2.278407e-16
3912.0	2.292867e-16
3914.0	2.388025e-16
3916.0	2.477636e-16
3918.0	2.539865e-16
3920.0	2.636636e-16
3922.0	2.684474e-16
3924.0	2.696757e-16
3926.0	2.808256e-16
3928.0	2.882187e-16
3930.0	2.947817e-16
3932.0	3.063746e-16
3934.0	3.111992e-16
3936.0	3.220504e-16
3938.0	3.373302e-16
3940.0	3.392749e-16
3942.0	3.487095e-16
3944.0	3.659021e-16
3946.0	3.653168e-16
3948.0	3.669991e-16
3950.0	3.7048e-16
3952.0	3.862462e-16
3954.0	4.110789e-16
3956.0	4.353606e-16
3958.0	4.365398e-16
3960.0	4.224381e-16
3962.0	4.336813e-16
3964.0	4.457058e-16
3966.0	4.533544e-16
3968.0	4.51193e-16
3970.0	4.561056e-16
3972.0	4.584346e-16
3974.0	4.680535e-16
3976.0	4.772227e-16
3978.0	4.914647e-16
3980.0	4.890976e-16
3982.0	4.95964e-16
3984.0	4.928373e-16
3986.0	4.930415e-16
3988.0	4.85956e-16
3990.0	4.90024e-16
3992.0	4.980973e-16
3994.0	4.939485e-16
3996.0	5.140836e-16
3998.0	5.072333e-16
4000.0	4.99544e-16
4002.0	4.978797e-16
4004.0	5.115978e-16
4006.0	5.076112e-16
4008.0	5.19055e-16
4010.0	5.251939e-16
4012.0	5.248103e-16
4014.0	5.249235e-16
4016.0	5.315273e-16
4018.0	5.508865e-16
4020.0	5.422315e-16
4022.0	5.259721e-16
4024.0	5.229059e-16
4026.0	5.244451e-16
4028.0	5.476649e-16
4030.0	5.527157e-16
4032.0	5.76312e-16
4034.0	5.840454e-16
4036.0	5.814797e-16
4038.0	5.908233e-16
4040.0	5.966658e-16
4042.0	5.908786e-16
4044.0	5.940675e-16
4046.0	5.952112e-16
4048.0	5.896691e-16
4050.0	6.018347e-16
4052.0	6.10297e-16
4054.0	6.033757e-16
4056.0	5.882607e-16
4058.0	5.785797e-16
4060.0	5.808373e-16
4062.0	5.659728e-16
4064.0	5.615555e-16
4066.0	5.501237e-16
4068.0	5.344695e-16
4070.0	5.200419e-16
4072.0	5.263864e-16
4074.0	5.176321e-16
4076.0	5.023087e-16
4078.0	5.03395e-16
4080.0	4.96373e-16
4082.0	4.677818e-16
4084.0	4.666366e-16
4086.0	4.589982e-16
4088.0	4.423485e-16
4090.0	4.317676e-16
4092.0	4.34429e-16
4094.0	4.234552e-16
4096.0	4.210641e-16
4098.0	4.171575e-16
4100.0	4.094626e-16
4102.0	3.909476e-16
4104.0	3.863622e-16
4106.0	3.757531e-16
4108.0	4.027789e-16
4110.0	3.77321e-16
4112.0	3.824919e-16
4114.0	3.805257e-16
4116.0	3.791325e-16
4118.0	3.62199e-16
4120.0	3.79483e-16
4122.0	3.909092e-16
4124.0	3.810471e-16
4126.0	3.781098e-16
4128.0	3.904145e-16
4130.0	3.85974e-16
4132.0	3.933339e-16
4134.0	3.922676e-16
4136.0	3.919526e-16
4138.0	3.943559e-16
4140.0	3.910432e-16
4142.0	3.863259e-16
4144.0	3.844762e-16
4146.0	3.749022e-16
4148.0	3.833599e-16
4150.0	3.867672e-16
4152.0	3.78796e-16
4154.0	3.782371e-16
4156.0	3.761228e-16
4158.0	3.716548e-16
4160.0	3.626363e-16
4162.0	3.619858e-16
4164.0	3.661846e-16
4166.0	3.642999e-16
4168.0	3.589601e-16
4170.0	3.523414e-16
4172.0	3.560587e-16
4174.0	3.515333e-16
4176.0	3.347956e-16
4178.0	3.3903e-16
4180.0	3.392136e-16
4182.0	3.355739e-16
4184.0	3.358904e-16
4186.0	3.377228e-16
4188.0	3.446846e-16
4190.0	3.395235e-16
4192.0	3.301313e-16
4194.0	3.367199e-16
4196.0	3.495874e-16
4198.0	3.521062e-16
4200.0	3.446813e-16
4202.0	3.349375e-16
4204.0	3.332261e-16
4206.0	3.324127e-16
4208.0	3.307181e-16
4210.0	3.263862e-16
4212.0	3.297081e-16
4214.0	3.395798e-16
4216.0	3.35253e-16
4218.0	3.342817e-16
4220.0	3.403526e-16
4222.0	3.448272e-16
4224.0	3.408405e-16
4226.0	3.465789e-16
4228.0	3.486991e-16
4230.0	3.36523e-16
4232.0	3.420936e-16
4234.0	3.473883e-16
4236.0	3.488005e-16
4238.0	3.420187e-16
4240.0	3.320113e-16
4242.0	3.291862e-16
4244.0	3.302032e-16
4246.0	3.429539e-16
4248.0	3.473594e-16
4250.0	3.445656e-16
4252.0	3.497972e-16
4254.0	3.499774e-16
4256.0	3.578261e-16
4258.0	3.644105e-16
4260.0	3.722813e-16
4262.0	3.759609e-16
4264.0	3.838578e-16
4266.0	3.795842e-16
4268.0	3.840275e-16
4270.0	3.909367e-16
4272.0	3.883492e-16
4274.0	3.900723e-16
4276.0	3.893643e-16
4278.0	3.867926e-16
4280.0	3.940297e-16
4282.0	4.046978e-16
4284.0	4.048168e-16
4286.0	3.977295e-16
4288.0	3.921172e-16
4290.0	3.898468e-16
4292.0	3.952801e-16
4294.0	3.911995e-16
4296.0	3.931417e-16
4298.0	3.939479e-16
4300.0	3.963205e-16
4302.0	3.963629e-16
4304.0	3.960768e-16
4306.0	3.790931e-16
4308.0	3.753409e-16
4310.0	3.789138e-16
4312.0	3.878676e-16
4314.0	3.902544e-16
4316.0	3.907558e-16
4318.0	3.884529e-16
4320.0	3.83886e-16
4322.0	3.903832e-16
4324.0	3.940556e-16
4326.0	3.893201e-16
4328.0	3.889211e-16
4330.0	3.879436e-16
4332.0	3.861909e-16
4334.0	3.907648e-16
4336.0	3.899777e-16
4338.0	3.934892e-16
4340.0	3.88346e-16
4342.0	3.9134e-16
4344.0	3.862539e-16
4346.0	3.880802e-16
4348.0	3.919378e-16
4350.0	3.971817e-16
4352.0	3.999866e-16
4354.0	3.973141e-16
4356.0	3.919619e-16
4358.0	3.901261e-16
4360.0	3.968153e-16
4362.0	3.940041e-16
4364.0	3.903902e-16
4366.0	4.023115e-16
4368.0	4.039569e-16
4370.0	4.043198e-16
4372.0	4.076886e-16
4374.0	4.051758e-16
4376.0	4.038073e-16
4378.0	4.151795e-16
4380.0	4.226246e-16
4382.0	4.241122e-16
4384.0	4.245415e-16
4386.0	4.241831e-16
4388.0	4.357632e-16
4390.0	4.464382e-16
4392.0	4.535869e-16
4394.0	4.470648e-16
4396.0	4.448119e-16
4398.0	4.561388e-16
4400.0	4.640286e-16
4402.0	4.653435e-16
4404.0	4.619602e-16
4406.0	4.631241e-16
4408.0	4.611066e-16
4410.0	4.616101e-16
4412.0	4.563731e-16
4414.0	4.508674e-16
4416.0	4.536307e-16
4418.0	4.508494e-16
4420.0	4.363541e-16
4422.0	4.158465e-16
4424.0	4.100599e-16
4426.0	4.139846e-16
4428.0	4.169414e-16
4430.0	3.981065e-16
4432.0	3.869496e-16
4434.0	3.896608e-16
4436.0	3.869206e-16
4438.0	3.822076e-16
4440.0	3.783437e-16
4442.0	3.717013e-16
4444.0	3.586492e-16
4446.0	3.451886e-16
4448.0	3.416476e-16
4450.0	3.466654e-16
4452.0	3.415737e-16
4454.0	3.267484e-16
4456.0	3.152871e-16
4458.0	3.101319e-16
4460.0	3.022344e-16
4462.0	3.000495e-16
4464.0	2.914851e-16
4466.0	2.83152e-16
4468.0	2.874925e-16
4470.0	2.872825e-16
4472.0	2.832963e-16
4474.0	2.779364e-16
4476.0	2.674759e-16
4478.0	2.639345e-16
4480.0	2.602161e-16
4482.0	2.549606e-16
4484.0	2.564454e-16
4486.0	2.552182e-16
4488.0	2.501866e-16
4490.0	2.414259e-16
4492.0	2.463995e-16
4494.0	2.451736e-16
4496.0	2.352194e-16
4498.0	2.333644e-16
4500.0	2.31534e-16
4502.0	2.270535e-16
4504.0	2.285275e-16
4506.0	2.345662e-16
4508.0	2.36065e-16
4510.0	2.36137e-16
4512.0	2.250004e-16
4514.0	2.147452e-16
4516.0	2.241165e-16
4518.0	2.345343e-16
4520.0	2.328301e-16
4522.0	2.290922e-16
4524.0	2.322151e-16
4526.0	2.358762e-16
4528.0	2.333446e-16
4530.0	2.340433e-16
4532.0	2.442718e-16
4534.0	2.482951e-16
4536.0	2.476686e-16
4538.0	2.518926e-16
4540.0	2.4723e-16
4542.0	2.439551e-16
4544.0	2.501049e-16
4546.0	2.556533e-16
4548.0	2.635881e-16
4550.0	2.641005e-16
4552.0	2.654388e-16
4554.0	2.681581e-16
4556.0	2.709895e-16
4558.0	2.701453e-16
4560.0	2.730246e-16
4562.0	2.782122e-16
4564.0	2.701623e-16
4566.0	2.691752e-16
4568.0	2.754138e-16
4570.0	2.818599e-16
4572.0	2.913418e-16
4574.0	2.931529e-16
4576.0	2.877756e-16
4578.0	2.933328e-16
4580.0	2.94889e-16
4582.0	2.960658e-16
4584.0	2.991056e-16
4586.0	3.051125e-16
4588.0	3.091319e-16
4590.0	3.183097e-16
4592.0	3.276534e-16
4594.0	3.162069e-16
4596.0	3.279668e-16
4598.0	3.444288e-16
4600.0	3.463979e-16
4602.0	3.435828e-16
4604.0	3.500567e-16
4606.0	3.562521e-16
4608.0	3.562589e-16
4610.0	3.71838e-16
4612.0	3.805508e-16
4614.0	3.860114e-16
4616.0	3.989332e-16
4618.0	4.024162e-16
4620.0	4.14278e-16
4622.0	4.261149e-16
4624.0	4.400249e-16
4626.0	4.517259e-16
4628.0	4.719563e-16
4630.0	4.850509e-16
4632.0	4.923514e-16
4634.0	4.948307e-16
4636.0	5.06913e-16
4638.0	5.27081e-16
4640.0	5.483481e-16
4642.0	5.63207e-16
4644.0	5.925756e-16
4646.0	6.055479e-16
4648.0	6.109553e-16
4650.0	6.19851e-16
4652.0	6.482084e-16
4654.0	6.597623e-16
4656.0	6.696781e-16
4658.0	6.861069e-16
4660.0	6.976307e-16
4662.0	7.006939e-16
4664.0	7.223099e-16
4666.0	7.183777e-16
4668.0	7.373724e-16
4670.0	7.611016e-16
4672.0	7.473082e-16
4674.0	7.727818e-16
4676.0	7.869993e-16
4678.0	7.971711e-16
4680.0	8.023388e-16
4682.0	8.21649e-16
4684.0	8.148889e-16
4686.0	8.259899e-16
4688.0	8.44809e-16
4690.0	8.346258e-16
4692.0	8.447608e-16
4694.0	8.540432e-16
4696.0	8.648871e-16
4698.0	8.702959e-16
4700.0	8.774888e-16
4702.0	8.80442e-16
4704.0	8.890404e-16
4706.0	8.987137e-16
4708.0	9.130627e-16
4710.0	9.278549e-16
4712.0	9.430996e-16
4714.0	9.55089e-16
4716.0	9.70175e-16
4718.0	9.741161e-16
4720.0	9.760854e-16
4722.0	1.002727e-15
4724.0	1.003421e-15
4726.0	9.896565e-16
4728.0	9.961679e-16
4730.0	9.994797e-16
4732.0	9.908094e-16
4734.0	9.780169e-16
4736.0	9.670858e-16
4738.0	9.609528e-16
4740.0	9.399213e-16
4742.0	9.551883e-16
4744.0	9.464928e-16
4746.0	9.230424e-16
4748.0	8.83412e-16
4750.0	8.549875e-16
4752.0	8.457301e-16
4754.0	8.178693e-16
4756.0	7.976924e-16
4758.0	7.673175e-16
4760.0	7.381009e-16
4762.0	7.234685e-16
4764.0	7.141595e-16
4766.0	6.826741e-16
4768.0	6.659487e-16
4770.0	6.414347e-16
4772.0	6.240934e-16
4774.0	6.056604e-16
4776.0	5.847037e-16
4778.0	5.728805e-16
4780.0	5.56755e-16
4782.0	5.316552e-16
4784.0	5.273351e-16
4786.0	5.211279e-16
4788.0	5.003432e-16
4790.0	4.846523e-16
4792.0	4.63345e-16
4794.0	4.520062e-16
4796.0	4.510964e-16
4798.0	4.458943e-16
4800.0	4.446372e-16
4802.0	4.4129e-16
4804.0	4.236518e-16
4806.0	4.198258e-16
4808.0	4.251107e-16
4810.0	4.210656e-16
4812.0	4.175375e-16
4814.0	4.049699e-16
4816.0	3.94482e-16
4818.0	3.891633e-16
4820.0	3.814121e-16
4822.0	3.745521e-16
4824.0	3.713926e-16
4826.0	3.616534e-16
4828.0	3.544227e-16
4830.0	3.528893e-16
4832.0	3.512497e-16
4834.0	3.492532e-16
4836.0	3.480062e-16
4838.0	3.501431e-16
4840.0	3.399625e-16
4842.0	3.227464e-16
4844.0	3.160921e-16
4846.0	3.135156e-16
4848.0	3.118566e-16
4850.0	3.135927e-16
4852.0	3.160854e-16
4854.0	3.096439e-16
4856.0	3.060748e-16
4858.0	3.147565e-16
4860.0	3.173086e-16
4862.0	3.172207e-16
4864.0	3.184231e-16
4866.0	3.174837e-16
4868.0	3.221089e-16
4870.0	3.218715e-16
4872.0	3.296138e-16
4874.0	3.387498e-16
4876.0	3.36448e-16
4878.0	3.446628e-16
4880.0	3.548359e-16
4882.0	3.591405e-16
4884.0	3.631188e-16
4886.0	3.70438e-16
4888.0	3.757193e-16
4890.0	3.756077e-16
4892.0	3.837781e-16
4894.0	3.960674e-16
4896.0	4.019045e-16
4898.0	4.060753e-16
4900.0	4.137727e-16
4902.0	4.174938e-16
4904.0	4.118559e-16
4906.0	4.124038e-16
4908.0	4.203802e-16
4910.0	4.198609e-16
4912.0	4.170218e-16
4914.0	4.186328e-16
4916.0	4.178226e-16
4918.0	4.141292e-16
4920.0	4.080651e-16
4922.0	4.065117e-16
4924.0	4.11073e-16
4926.0	4.125226e-16
4928.0	4.058376e-16
4930.0	3.985965e-16
4932.0	3.967132e-16
4934.0	3.89481e-16
4936.0	3.913849e-16
4938.0	3.898811e-16
4940.0	3.822336e-16
4942.0	3.836963e-16
4944.0	3.809033e-16
4946.0	3.814776e-16
4948.0	3.837334e-16
4950.0	3.786263e-16
4952.0	3.739955e-16
4954.0	3.75999e-16
4956.0	3.800871e-16
4958.0	3.87441e-16
4960.0	3.892517e-16
4962.0	3.866333e-16
4964.0	3.947239e-16
4966.0	4.007239e-16
4968.0	4.011229e-16
4970.0	4.145293e-16
4972.0	4.354248e-16
4974.0	4.48584e-16
4976.0	4.499859e-16
4978.0	4.426187e-16
4980.0	4.399884e-16
4982.0	4.395348e-16
4984.0	4.471747e-16
4986.0	4.606985e-16
4988.0	4.623725e-16
4990.0	4.694676e-16
4992.0	4.85816e-16
4994.0	4.880391e-16
4996.0	4.87272e-16
4998.0	4.954486e-16
5000.0	5.007431e-16
5002.0	5.035858e-16
5004.0	5.139493e-16
5006.0	5.29188e-16
5008.0	5.408636e-16
5010.0	5.496648e-16
5012.0	5.547893e-16
5014.0	5.589163e-16
5016.0	5.708577e-16
5018.0	5.850906e-16
5020.0	5.893407e-16
5022.0	6.00052e-16
5024.0	6.149568e-16
5026.0	6.246279e-16
5028.0	6.256759e-16
5030.0	6.227051e-16
5032.0	6.399995e-16
5034.0	6.532823e-16
5036.0	6.526326e-16
5038.0	6.57319e-16
5040.0	6.655314e-16
5042.0	6.597017e-16
5044.0	6.566563e-16
5046.0	6.510976e-16
5048.0	6.460387e-16
5050.0	6.460393e-16
5052.0	6.471249e-16
5054.0	6.363685e-16
5056.0	6.262842e-16
5058.0	6.196677e-16
5060.0	6.033274e-16
5062.0	5.977188e-16
5064.0	5.950768e-16
5066.0	5.829073e-16
5068.0	5.667214e-16
5070.0	5.543787e-16
5072.0	5.552894e-16
5074.0	5.48156e-16
5076.0	5.346651e-16
5078.0	5.249576e-16
5080.0	5.076337e-16
5082.0	4.944751e-16
5084.0	4.918912e-16
5086.0	4.760174e-16
5088.0	4.638009e-16
5090.0	4.587669e-16
5092.0	4.558398e-16
5094.0	4.444144e-16
5096.0	4.322203e-16
5098.0	4.386924e-16
5100.0	4.328014e-16
5102.0	4.274454e-16
5104.0	4.195406e-16
5106.0	4.140691e-16
5108.0	4.137604e-16
5110.0	4.05988e-16
5112.0	4.000754e-16
5114.0	3.972163e-16
5116.0	3.965882e-16
5118.0	4.06507e-16
5120.0	4.268339e-16
5122.0	4.289897e-16
5124.0	4.21877e-16
5126.0	4.01748e-16
5128.0	3.81183e-16
5130.0	3.769405e-16
5132.0	3.799347e-16
5134.0	3.723403e-16
5136.0	3.747663e-16
5138.0	3.75778e-16
5140.0	3.663518e-16
5142.0	3.558484e-16
5144.0	3.600325e-16
5146.0	3.556398e-16
5148.0	3.532675e-16
5150.0	3.540581e-16
5152.0	3.522175e-16
5154.0	3.459666e-16
5156.0	3.504476e-16
5158.0	3.494368e-16
5160.0	3.512933e-16
5162.0	3.482655e-16
5164.0	3.477882e-16
5166.0	3.526176e-16
5168.0	3.408116e-16
5170.0	3.346818e-16
5172.0	3.35339e-16
5174.0	3.386919e-16
5176.0	3.340254e-16
5178.0	3.314913e-16
5180.0	3.280918e-16
5182.0	3.301861e-16
5184.0	3.315694e-16
5186.0	3.372294e-16
5188.0	3.344786e-16
5190.0	3.379681e-16
5192.0	3.337746e-16
5194.0	3.323767e-16
5196.0	3.338032e-16
5198.0	3.284515e-16
5200.0	3.20953e-16
5202.0	3.283872e-16
5204.0	3.278389e-16
5206.0	3.188904e-16
5208.0	3.145937e-16
5210.0	3.221746e-16
5212.0	3.26126e-16
5214.0	3.258151e-16
5216.0	3.178174e-16
5218.0	3.172916e-16
5220.0	3.15997e-16
5222.0	3.129771e-16
5224.0	3.201792e-16
5226.0	3.214554e-16
5228.0	3.174928e-16
5230.0	3.148282e-16
5232.0	3.097163e-16
5234.0	3.100481e-16
5236.0	3.100033e-16
5238.0	3.1937e-16
5240.0	3.20497e-16
5242.0	3.165355e-16
5244.0	3.11667e-16
5246.0	3.183859e-16
5248.0	3.201165e-16
5250.0	3.209053e-16
5252.0	3.22778e-16
5254.0	3.254449e-16
5256.0	3.252039e-16
5258.0	3.284041e-16
5260.0	3.286874e-16
5262.0	3.353599e-16
5264.0	3.378985e-16
5266.0	3.441316e-16
5268.0	3.421352e-16
5270.0	3.491548e-16
5272.0	3.575528e-16
5274.0	3.629042e-16
5276.0	3.695223e-16
5278.0	3.675652e-16
5280.0	3.780345e-16
5282.0	3.889463e-16
5284.0	3.890222e-16
5286.0	3.882779e-16
5288.0	3.960429e-16
5290.0	3.951044e-16
5292.0	3.969965e-16
5294.0	4.093368e-16
5296.0	4.275332e-16
5298.0	4.297077e-16
5300.0	4.353624e-16
5302.0	4.454662e-16
5304.0	4.548665e-16
5306.0	4.682535e-16
5308.0	4.764331e-16
5310.0	4.861688e-16
5312.0	4.881759e-16
5314.0	4.872077e-16
5316.0	4.976376e-16
5318.0	4.978865e-16
5320.0	5.130592e-16
5322.0	5.276738e-16
5324.0	5.387667e-16
5326.0	5.610485e-16
5328.0	5.65349e-16
5330.0	5.720944e-16
5332.0	5.851661e-16
5334.0	5.912537e-16
5336.0	6.004747e-16
5338.0	6.132891e-16
5340.0	6.315271e-16
5342.0	6.391725e-16
5344.0	6.512945e-16
5346.0	6.529022e-16
5348.0	6.658117e-16
5350.0	6.742213e-16
5352.0	6.793618e-16
5354.0	6.914103e-16
5356.0	6.980069e-16
5358.0	6.918193e-16
5360.0	6.935687e-16
5362.0	7.029133e-16
5364.0	7.120398e-16
5366.0	7.141514e-16
5368.0	7.204772e-16
5370.0	7.301743e-16
5372.0	7.446636e-16
5374.0	7.413447e-16
5376.0	7.428533e-16
5378.0	7.500549e-16
5380.0	7.541396e-16
5382.0	7.657196e-16
5384.0	7.793526e-16
5386.0	7.886601e-16
5388.0	7.781767e-16
5390.0	7.884841e-16
5392.0	8.060822e-16
5394.0	8.134305e-16
5396.0	8.214528e-16
5398.0	8.273675e-16
5400.0	8.325971e-16
5402.0	8.374103e-16
5404.0	8.357801e-16
5406.0	8.387911e-16
5408.0	8.403015e-16
5410.0	8.464388e-16
5412.0	8.457618e-16
5414.0	8.407123e-16
5416.0	8.332014e-16
5418.0	8.337724e-16
5420.0	8.34291e-16
5422.0	8.395297e-16
5424.0	8.350899e-16
5426.0	8.275531e-16
5428.0	8.254544e-16
5430.0	8.156946e-16
5432.0	8.141085e-16
5434.0	8.141097e-16
5436.0	8.116519e-16
5438.0	8.093316e-16
5440.0	8.058998e-16
5442.0	8.036727e-16
5444.0	7.965643e-16
5446.0	7.918645e-16
5448.0	7.847067e-16
5450.0	7.759824e-16
5452.0	7.748666e-16
5454.0	7.737145e-16
5456.0	7.6619e-16
5458.0	7.597732e-16
5460.0	7.516552e-16
5462.0	7.429963e-16
5464.0	7.448994e-16
5466.0	7.586e-16
5468.0	7.575444e-16
5470.0	7.472804e-16
5472.0	7.469704e-16
5474.0	7.468521e-16
5476.0	7.403619e-16
5478.0	7.290559e-16
5480.0	7.26014e-16
5482.0	7.37332e-16
5484.0	7.339565e-16
5486.0	7.280582e-16
5488.0	7.334148e-16
5490.0	7.306516e-16
5492.0	7.332881e-16
5494.0	7.404265e-16
5496.0	7.414084e-16
5498.0	7.466297e-16
5500.0	7.496665e-16
5502.0	7.582523e-16
5504.0	7.644471e-16
5506.0	7.602079e-16
5508.0	7.630069e-16
5510.0	7.633622e-16
5512.0	7.664265e-16
5514.0	7.806982e-16
5516.0	7.926179e-16
5518.0	7.941637e-16
5520.0	7.873854e-16
5522.0	7.843861e-16
5524.0	7.871439e-16
5526.0	7.994713e-16
5528.0	8.05409e-16
5530.0	7.940307e-16
5532.0	7.897775e-16
5534.0	7.965063e-16
5536.0	7.999939e-16
5538.0	7.978056e-16
5540.0	7.950942e-16
5542.0	7.902553e-16
5544.0	7.929484e-16
5546.0	8.093652e-16
5548.0	8.107042e-16
5550.0	7.965777e-16
5552.0	7.967923e-16
5554.0	7.983785e-16
5556.0	7.951238e-16
5558.0	7.911773e-16
5560.0	7.894034e-16
5562.0	7.938318e-16
5564.0	7.953576e-16
5566.0	7.890336e-16
5568.0	7.833885e-16
5570.0	7.829738e-16
5572.0	7.835708e-16
5574.0	7.761724e-16
5576.0	7.704883e-16
5578.0	7.773374e-16
5580.0	7.786862e-16
5582.0	7.701376e-16
5584.0	7.630931e-16
5586.0	7.666224e-16
5588.0	7.740664e-16
5590.0	7.73769e-16
5592.0	7.705536e-16
5594.0	7.666256e-16
5596.0	7.600397e-16
5598.0	7.530015e-16
5600.0	7.458712e-16
5602.0	7.412907e-16
5604.0	7.375405e-16
5606.0	7.308928e-16
5608.0	7.259911e-16
5610.0	7.214758e-16
5612.0	7.182387e-16
5614.0	7.196437e-16
5616.0	7.144333e-16
5618.0	7.07363e-16
5620.0	7.089664e-16
5622.0	7.056642e-16
5624.0	6.978171e-16
5626.0	6.923903e-16
5628.0	6.845627e-16
5630.0	6.821449e-16
5632.0	6.801712e-16
5634.0	6.696257e-16
5636.0	6.641208e-16
5638.0	6.710329e-16
5640.0	6.764062e-16
5642.0	6.674351e-16
5644.0	6.537848e-16
5646.0	6.51232e-16
5648.0	6.504094e-16
5650.0	6.43882e-16
5652.0	6.379947e-16
5654.0	6.366788e-16
5656.0	6.298669e-16
5658.0	6.200947e-16
5660.0	6.189064e-16
5662.0	6.144076e-16
5664.0	6.074015e-16
5666.0	6.018121e-16
5668.0	5.970658e-16
5670.0	5.886819e-16
5672.0	5.797643e-16
5674.0	5.802437e-16
5676.0	5.769352e-16
5678.0	5.717423e-16
5680.0	5.683327e-16
5682.0	5.616885e-16
5684.0	5.541608e-16
5686.0	5.470683e-16
5688.0	5.464113e-16
5690.0	5.448974e-16
5692.0	5.366126e-16
5694.0	5.318976e-16
5696.0	5.342797e-16
5698.0	5.393818e-16
5700.0	5.328035e-16
5702.0	5.19668e-16
5704.0	5.184245e-16
5706.0	5.158321e-16
5708.0	5.075701e-16
5710.0	5.039186e-16
5712.0	4.973255e-16
5714.0	4.924599e-16
5716.0	4.933616e-16
5718.0	4.868476e-16
5720.0	4.806355e-16
5722.0	4.812308e-16
5724.0	4.809971e-16
5726.0	4.806558e-16
5728.0	4.757943e-16
5730.0	4.675551e-16
5732.0	4.663372e-16
5734.0	4.618878e-16
5736.0	4.507275e-16
5738.0	4.408406e-16
5740.0	4.393614e-16
5742.0	4.376977e-16
5744.0	4.353479e-16
5746.0	4.363571e-16
5748.0	4.301075e-16
5750.0	4.170928e-16
5752.0	4.172083e-16
5754.0	4.197272e-16
5756.0	4.119616e-16
5758.0	4.065534e-16
5760.0	4.040309e-16
5762.0	3.971993e-16
5764.0	3.9245e-16
5766.0	3.923362e-16
5768.0	3.875944e-16
5770.0	3.829031e-16
5772.0	3.875541e-16
5774.0	3.820078e-16
5776.0	3.718293e-16
5778.0	3.642071e-16
5780.0	3.53666e-16
5782.0	3.524778e-16
5784.0	3.578528e-16
5786.0	3.5997e-16
5788.0	3.6079e-16
5790.0	3.528012e-16
5792.0	3.423303e-16
5794.0	3.454197e-16
5796.0	3.487243e-16
5798.0	3.405993e-16
5800.0	3.326513e-16
5802.0	3.289967e-16
5804.0	3.311412e-16
5806.0	3.34084e-16
5808.0	3.3399e-16
5810.0	3.348687e-16
5812.0	3.279068e-16
5814.0	3.228727e-16
5816.0	3.139832e-16
5818.0	3.163987e-16
5820.0	3.135121e-16
5822.0	3.059307e-16
5824.0	3.022468e-16
5826.0	3.039013e-16
5828.0	3.061746e-16
5830.0	3.010967e-16
5832.0	3.01205e-16
5834.0	2.979955e-16
5836.0	2.976748e-16
5838.0	3.031686e-16
5840.0	3.0279e-16
5842.0	2.967324e-16
5844.0	3.050125e-16
5846.0	3.082459e-16
5848.0	3.067981e-16
5850.0	3.112769e-16
5852.0	3.10382e-16
5854.0	3.077012e-16
5856.0	3.100226e-16
5858.0	3.175206e-16
5860.0	3.193042e-16
5862.0	3.227309e-16
5864.0	3.268372e-16
5866.0	3.287886e-16
5868.0	3.349737e-16
5870.0	3.433414e-16
5872.0	3.325321e-16
5874.0	3.333199e-16
5876.0	3.466615e-16
5878.0	3.501426e-16
5880.0	3.55964e-16
5882.0	3.569204e-16
5884.0	3.685713e-16
5886.0	3.694427e-16
5888.0	3.700517e-16
5890.0	3.822492e-16
5892.0	3.872349e-16
5894.0	3.938705e-16
5896.0	4.003073e-16
5898.0	4.06301e-16
5900.0	4.16162e-16
5902.0	4.333832e-16
5904.0	4.340726e-16
5906.0	4.402815e-16
5908.0	4.427272e-16
5910.0	4.517486e-16
5912.0	4.650538e-16
5914.0	4.661519e-16
5916.0	4.80419e-16
5918.0	4.872361e-16
5920.0	4.938441e-16
5922.0	5.014203e-16
5924.0	5.101885e-16
5926.0	5.146699e-16
5928.0	5.182584e-16
5930.0	5.283233e-16
5932.0	5.36313e-16
5934.0	5.443997e-16
5936.0	5.561307e-16
5938.0	5.491041e-16
5940.0	5.612389e-16
5942.0	5.765185e-16
5944.0	5.871826e-16
5946.0	5.994563e-16
5948.0	5.983994e-16
5950.0	6.03733e-16
5952.0	6.157201e-16
5954.0	6.276783e-16
5956.0	6.394927e-16
5958.0	6.471392e-16
5960.0	6.487279e-16
5962.0	6.553195e-16
5964.0	6.673432e-16
5966.0	6.647116e-16
5968.0	6.83286e-16
5970.0	6.852675e-16
5972.0	6.888476e-16
5974.0	6.985661e-16
5976.0	7.03088e-16
5978.0	7.023779e-16
5980.0	7.103131e-16
5982.0	7.169991e-16
5984.0	7.309293e-16
5986.0	7.368073e-16
5988.0	7.32834e-16
5990.0	7.338194e-16
5992.0	7.31414e-16
5994.0	7.299145e-16
5996.0	7.234503e-16
5998.0	7.352278e-16
6000.0	7.435189e-16
6002.0	7.499601e-16
6004.0	7.517235e-16
6006.0	7.503521e-16
6008.0	7.532723e-16
6010.0	7.467519e-16
6012.0	7.418504e-16
6014.0	7.425288e-16
6016.0	7.389572e-16
6018.0	7.351775e-16
6020.0	7.294093e-16
6022.0	7.317492e-16
6024.0	7.12496e-16
6026.0	7.037022e-16
6028.0	6.859389e-16
6030.0	6.689199e-16
6032.0	6.664097e-16
6034.0	6.748907e-16
6036.0	6.808191e-16
6038.0	6.795726e-16
6040.0	6.85021e-16
6042.0	6.880714e-16
6044.0	6.937972e-16
6046.0	6.825692e-16
6048.0	6.706753e-16
6050.0	6.618924e-16
6052.0	6.577719e-16
6054.0	6.609499e-16
6056.0	6.471e-16
6058.0	6.357746e-16
6060.0	6.266644e-16
6062.0	6.173892e-16
6064.0	6.107518e-16
6066.0	5.990564e-16
6068.0	5.890572e-16
6070.0	5.833281e-16
6072.0	5.761708e-16
6074.0	5.62597e-16
6076.0	5.548446e-16
6078.0	5.532566e-16
6080.0	5.504231e-16
6082.0	5.405998e-16
6084.0	5.26859e-16
6086.0	5.206651e-16
6088.0	5.098927e-16
6090.0	5.029187e-16
6092.0	5.00529e-16
6094.0	4.976044e-16
6096.0	4.885626e-16
6098.0	4.858862e-16
6100.0	4.847439e-16
6102.0	4.736034e-16
6104.0	4.744777e-16
6106.0	4.802471e-16
6108.0	4.784035e-16
6110.0	4.813458e-16
6112.0	4.764111e-16
6114.0	4.748701e-16
6116.0	4.689732e-16
6118.0	4.596421e-16
6120.0	4.648306e-16
6122.0	4.754015e-16
6124.0	4.710705e-16
6126.0	4.703374e-16
6128.0	4.701355e-16
6130.0	4.673703e-16
6132.0	4.593379e-16
6134.0	4.529808e-16
6136.0	4.509558e-16
6138.0	4.500998e-16
6140.0	4.467225e-16
6142.0	4.51919e-16
6144.0	4.530407e-16
6146.0	4.456842e-16
6148.0	4.367369e-16
6150.0	4.307656e-16
6152.0	4.31829e-16
6154.0	4.303437e-16
6156.0	4.20715e-16
6158.0	4.133673e-16
6160.0	4.1161e-16
6162.0	4.116797e-16
6164.0	4.092697e-16
6166.0	4.064301e-16
6168.0	4.025006e-16
6170.0	4.062172e-16
6172.0	4.08195e-16
6174.0	3.942028e-16
6176.0	3.807035e-16
6178.0	3.846501e-16
6180.0	3.86125e-16
6182.0	3.767472e-16
6184.0	3.825586e-16
6186.0	3.891399e-16
6188.0	3.853382e-16
6190.0	3.800971e-16
6192.0	3.757948e-16
6194.0	3.783839e-16
6196.0	3.833896e-16
6198.0	3.845075e-16
6200.0	3.85393e-16
6202.0	3.847409e-16
6204.0	3.831043e-16
6206.0	3.839231e-16
6208.0	3.806612e-16
6210.0	3.812509e-16
6212.0	3.81516e-16
6214.0	3.771795e-16
6216.0	3.788514e-16
6218.0	3.771535e-16
6220.0	3.698069e-16
6222.0	3.637501e-16
6224.0	3.625668e-16
6226.0	3.642484e-16
6228.0	3.576143e-16
6230.0	3.472471e-16
6232.0	3.439719e-16
6234.0	3.393803e-16
6236.0	3.287483e-16
6238.0	3.219461e-16
6240.0	3.217696e-16
6242.0	3.172048e-16
6244.0	3.078562e-16
6246.0	3.000154e-16
6248.0	2.971301e-16
6250.0	2.980687e-16
6252.0	2.974547e-16
6254.0	2.913955e-16
6256.0	2.784315e-16
6258.0	2.686147e-16
6260.0	2.640927e-16
6262.0	2.624875e-16
6264.0	2.618234e-16
6266.0	2.603693e-16
6268.0	2.560222e-16
6270.0	2.501535e-16
6272.0	2.480437e-16
6274.0	2.471607e-16
6276.0	2.415327e-16
6278.0	2.352591e-16
6280.0	2.313881e-16
6282.0	2.293726e-16
6284.0	2.273305e-16
6286.0	2.305858e-16
6288.0	2.376213e-16
6290.0	2.332612e-16
6292.0	2.305627e-16
6294.0	2.365346e-16
6296.0	2.347604e-16
6298.0	2.301835e-16
6300.0	2.321684e-16
6302.0	2.365798e-16
6304.0	2.337516e-16
6306.0	2.36426e-16
6308.0	2.410366e-16
6310.0	2.373913e-16
6312.0	2.342868e-16
6314.0	2.370307e-16
6316.0	2.459491e-16
6318.0	2.477615e-16
6320.0	2.525387e-16
6322.0	2.545148e-16
6324.0	2.492611e-16
6326.0	2.513512e-16
6328.0	2.632247e-16
6330.0	2.694162e-16
6332.0	2.790922e-16
6334.0	2.845076e-16
6336.0	2.917522e-16
6338.0	3.026789e-16
6340.0	3.058894e-16
6342.0	3.098143e-16
6344.0	3.070098e-16
6346.0	3.157958e-16
6348.0	3.187663e-16
6350.0	3.179495e-16
6352.0	3.218802e-16
6354.0	3.225241e-16
6356.0	3.263936e-16
6358.0	3.30135e-16
6360.0	3.340979e-16
6362.0	3.3382e-16
6364.0	3.32476e-16
6366.0	3.318232e-16
6368.0	3.339222e-16
6370.0	3.350007e-16
6372.0	3.372638e-16
6374.0	3.392137e-16
6376.0	3.412186e-16
6378.0	3.427073e-16
6380.0	3.462086e-16
6382.0	3.490746e-16
6384.0	3.432368e-16
6386.0	3.481178e-16
6388.0	3.552412e-16
6390.0	3.570636e-16
6392.0	3.524396e-16
6394.0	3.492526e-16
6396.0	3.515562e-16
6398.0	3.609851e-16
6400.0	3.615749e-16
6402.0	3.648713e-16
6404.0	3.702395e-16
6406.0	3.768585e-16
6408.0	3.76129e-16
6410.0	3.843932e-16
6412.0	3.886338e-16
6414.0	3.881969e-16
6416.0	3.920437e-16
6418.0	3.947386e-16
6420.0	4.005969e-16
6422.0	4.118041e-16
6424.0	4.175116e-16
6426.0	4.116241e-16
6428.0	4.133756e-16
6430.0	4.19624e-16
6432.0	4.229208e-16
6434.0	4.195422e-16
6436.0	4.281774e-16
6438.0	4.263753e-16
6440.0	4.323856e-16
6442.0	4.418114e-16
6444.0	4.494335e-16
6446.0	4.381874e-16
6448.0	4.460418e-16
6450.0	4.5292e-16
6452.0	4.579033e-16
6454.0	4.605887e-16
6456.0	4.552407e-16
6458.0	4.622555e-16
6460.0	4.652888e-16
6462.0	4.566196e-16
6464.0	4.621495e-16
6466.0	4.694954e-16
6468.0	4.731283e-16
6470.0	4.777832e-16
6472.0	4.817632e-16
6474.0	4.857021e-16
6476.0	4.856118e-16
6478.0	4.867853e-16
6480.0	4.880784e-16
6482.0	4.932798e-16
6484.0	5.046179e-16
6486.0	5.083399e-16
6488.0	5.086431e-16
6490.0	5.127991e-16
6492.0	5.137088e-16
6494.0	5.180289e-16
6496.0	5.194978e-16
6498.0	5.1253e-16
6500.0	5.074034e-16
6502.0	5.108154e-16
6504.0	5.196307e-16
6506.0	5.174486e-16
6508.0	5.137287e-16
6510.0	5.171873e-16
6512.0	5.195771e-16
6514.0	5.247186e-16
6516.0	5.294545e-16
6518.0	5.354083e-16
6520.0	5.377116e-16
6522.0	5.368303e-16
6524.0	5.360114e-16
6526.0	5.353398e-16
6528.0	5.338004e-16
6530.0	5.280817e-16
6532.0	5.271637e-16
6534.0	5.49529e-16
6536.0	5.453459e-16
6538.0	5.423944e-16
6540.0	5.451627e-16
6542.0	5.456949e-16
6544.0	5.401389e-16
6546.0	5.380154e-16
6548.0	5.35195e-16
6550.0	5.366257e-16
6552.0	5.388557e-16
6554.0	5.426424e-16
6556.0	5.433217e-16
6558.0	5.492125e-16
6560.0	5.544069e-16
6562.0	5.552173e-16
6564.0	5.569863e-16
6566.0	5.559968e-16
6568.0	5.527355e-16
6570.0	5.514703e-16
6572.0	5.466222e-16
6574.0	5.578641e-16
6576.0	5.590871e-16
6578.0	5.452005e-16
6580.0	5.512451e-16
6582.0	5.47494e-16
6584.0	5.587611e-16
6586.0	5.629344e-16
6588.0	5.602856e-16
6590.0	5.635609e-16
6592.0	5.554754e-16
6594.0	5.499669e-16
6596.0	5.508815e-16
6598.0	5.585194e-16
6600.0	5.609284e-16
6602.0	5.6725e-16
6604.0	5.670285e-16
6606.0	5.65545e-16
6608.0	5.634592e-16
6610.0	5.70056e-16
6612.0	5.66753e-16
6614.0	5.625889e-16
6616.0	5.599613e-16
6618.0	5.558111e-16
6620.0	5.554961e-16
6622.0	5.596341e-16
6624.0	5.63496e-16
6626.0	5.636595e-16
6628.0	5.648042e-16
6630.0	5.642684e-16
6632.0	5.633581e-16
6634.0	5.592792e-16
6636.0	5.545781e-16
6638.0	5.629747e-16
6640.0	5.573021e-16
6642.0	5.53229e-16
6644.0	5.633424e-16
6646.0	5.613995e-16
6648.0	5.609184e-16
6650.0	5.637361e-16
6652.0	5.652166e-16
6654.0	5.589398e-16
6656.0	5.578069e-16
6658.0	5.60681e-16
6660.0	5.632414e-16
6662.0	5.599707e-16
6664.0	5.555153e-16
6666.0	5.567057e-16
6668.0	5.635741e-16
6670.0	5.633192e-16
6672.0	5.610833e-16
6674.0	5.607535e-16
6676.0	5.617758e-16
6678.0	5.612933e-16
6680.0	5.538633e-16
6682.0	5.490727e-16
6684.0	5.43496e-16
6686.0	5.424339e-16
6688.0	5.470039e-16
6690.0	5.522345e-16
6692.0	5.532457e-16
6694.0	5.54529e-16
6696.0	5.554033e-16
6698.0	5.552927e-16
6700.0	5.496428e-16
6702.0	5.401747e-16
6704.0	5.401526e-16
6706.0	5.372193e-16
6708.0	5.327623e-16
6710.0	5.457966e-16
6712.0	5.932994e-16
6714.0	6.355325e-16
6716.0	6.291401e-16
6718.0	5.965668e-16
6720.0	5.562115e-16
6722.0	5.254165e-16
6724.0	5.04769e-16
6726.0	4.890951e-16
6728.0	4.909014e-16
6730.0	4.979507e-16
6732.0	4.990859e-16
6734.0	5.057782e-16
6736.0	5.081237e-16
6738.0	5.014262e-16
6740.0	4.86257e-16
6742.0	4.727445e-16
6744.0	4.653348e-16
6746.0	4.544856e-16
6748.0	4.50514e-16
6750.0	4.514571e-16
6752.0	4.572981e-16
6754.0	4.515019e-16
6756.0	4.436567e-16
6758.0	4.42503e-16
6760.0	4.340988e-16
6762.0	4.257102e-16
6764.0	4.175215e-16
6766.0	4.150502e-16
6768.0	4.14611e-16
6770.0	4.106768e-16
6772.0	4.066863e-16
6774.0	4.067104e-16
6776.0	4.100469e-16
6778.0	4.019966e-16
6780.0	3.904721e-16
6782.0	3.842748e-16
6784.0	3.760833e-16
6786.0	3.722005e-16
6788.0	3.705533e-16
6790.0	3.705228e-16
6792.0	3.776486e-16
6794.0	3.788588e-16
6796.0	3.732278e-16
6798.0	3.658369e-16
6800.0	3.56776e-16
6802.0	3.492319e-16
6804.0	3.453803e-16
6806.0	3.447807e-16
6808.0	3.447094e-16
6810.0	3.441234e-16
6812.0	3.451364e-16
6814.0	3.451133e-16
6816.0	3.405363e-16
6818.0	3.323887e-16
6820.0	3.218107e-16
6822.0	3.130839e-16
6824.0	3.115668e-16
6826.0	3.132747e-16
6828.0	3.112647e-16
6830.0	3.092646e-16
6832.0	3.08343e-16
6834.0	3.055724e-16
6836.0	3.063211e-16
6838.0	3.062201e-16
6840.0	3.018565e-16
6842.0	2.989733e-16
6844.0	2.921464e-16
6846.0	2.90274e-16
6848.0	2.952096e-16
6850.0	2.925887e-16
6852.0	2.84058e-16
6854.0	2.80232e-16
6856.0	2.833937e-16
6858.0	2.794968e-16
6860.0	2.768931e-16
6862.0	2.717309e-16
6864.0	2.576995e-16
6866.0	2.513105e-16
6868.0	2.667382e-16
6870.0	2.806485e-16
6872.0	2.892055e-16
6874.0	2.788806e-16
6876.0	2.679462e-16
6878.0	2.68566e-16
6880.0	2.619999e-16
6882.0	2.576479e-16
6884.0	2.612361e-16
6886.0	2.595886e-16
6888.0	2.618672e-16
6890.0	2.620034e-16
6892.0	2.53316e-16
6894.0	2.430362e-16
6896.0	2.420896e-16
6898.0	2.423189e-16
6900.0	2.41044e-16
6902.0	2.446873e-16
6904.0	2.438278e-16
6906.0	2.409382e-16
6908.0	2.37681e-16
6910.0	2.401476e-16
6912.0	2.391517e-16
6914.0	2.375281e-16
6916.0	2.346479e-16
6918.0	2.339877e-16
6920.0	2.30663e-16
6922.0	2.25782e-16
6924.0	2.248072e-16
6926.0	2.312173e-16
6928.0	2.294815e-16
6930.0	2.31153e-16
6932.0	2.241756e-16
6934.0	2.19529e-16
6936.0	2.223861e-16
6938.0	2.219508e-16
6940.0	2.209015e-16
6942.0	2.177488e-16
6944.0	2.179393e-16
6946.0	2.19445e-16
6948.0	2.201523e-16
6950.0	2.221632e-16
6952.0	2.193957e-16
6954.0	2.141705e-16
6956.0	2.144441e-16
6958.0	2.138059e-16
6960.0	2.148212e-16
6962.0	2.17364e-16
6964.0	2.199625e-16
6966.0	2.181437e-16
6968.0	2.16372e-16
6970.0	2.166566e-16
6972.0	2.137192e-16
6974.0	2.138285e-16
6976.0	2.114078e-16
6978.0	2.080703e-16
6980.0	2.101216e-16
6982.0	2.132614e-16
6984.0	2.148298e-16
6986.0	2.139045e-16
6988.0	2.143806e-16
6990.0	2.146486e-16
6992.0	2.118653e-16
6994.0	2.141447e-16
6996.0	2.179451e-16
6998.0	2.139908e-16
7000.0	2.121624e-16
7002.0	2.107604e-16
7004.0	2.131061e-16
7006.0	2.117273e-16
7008.0	2.084229e-16
7010.0	2.12253e-16
7012.0	2.061438e-16
7014.0	2.116341e-16
7016.0	2.145313e-16
7018.0	2.109572e-16
7020.0	2.093244e-16
7022.0	2.128398e-16
7024.0	2.088561e-16
7026.0	2.081705e-16
7028.0	2.144739e-16
7030.0	2.181196e-16
7032.0	2.185189e-16
7034.0	2.162385e-16
7036.0	2.132565e-16
7038.0	2.172266e-16
7040.0	2.153078e-16
7042.0	2.085331e-16
7044.0	2.079386e-16
7046.0	2.152321e-16
7048.0	2.194135e-16
7050.0	2.162907e-16
