#	 PS15bzz 
#	 UT date of observation: 20150916 
#	 Telescope/Instrument: SALT/RSS 
#	 Estimated Peak MJD: 57284.391 
#	 Estimated redshift: 0.080 
#	 Estimated Phase: -3.1 
#	 Published in Dettman et al. 2020 
#	 Observed barycentric wavelength (Angstroms)    F_lambda
3598.89404297	6.186797e-17
3601.8873477	8.67106e-17
3604.88065243	7.080252e-17
3607.87395716	7.710187e-17
3610.86726189	7.969637e-17
3613.86056662	6.881044e-17
3616.85387135	6.555082e-17
3619.84717607	7.440306e-17
3622.8404808	7.060435e-17
3625.83378553	5.382668e-17
3628.82709026	6.063717e-17
3631.82039499	7.328437e-17
3634.81369972	7.243409e-17
3637.80700445	8.456486e-17
3640.80030918	9.588739e-17
3643.79361391	8.4437e-17
3646.78691864	7.794455e-17
3649.78022337	6.640907e-17
3652.7735281	8.174431e-17
3655.76683283	6.564612e-17
3658.76013756	7.473297e-17
3661.75344229	1.045812e-16
3664.74674702	1.032243e-16
3667.74005175	8.136386e-17
3670.73335648	6.627456e-17
3673.72666121	7.215712e-17
3676.71996593	7.30426e-17
3679.71327066	9.202996e-17
3682.70657539	9.540064e-17
3685.69988012	7.100957e-17
3688.69318485	7.11433e-17
3691.68648958	6.34094e-17
3694.67979431	9.221337e-17
3697.67309904	1.012593e-16
3700.66640377	7.573162e-17
3703.6597085	6.671851e-17
3706.65301323	7.209976e-17
3709.64631796	9.505996e-17
3712.63962269	8.145999e-17
3715.63292742	6.635943e-17
3718.62623215	9.072298e-17
3721.61953688	7.785627e-17
3724.61284161	9.52274e-17
3727.60614634	8.369466e-17
3730.59945107	8.964432e-17
3733.59275579	8.438696e-17
3736.58606052	7.525837e-17
3739.57936525	8.383505e-17
3742.57266998	8.895957e-17
3745.56597471	9.20398e-17
3748.55927944	9.276455e-17
3751.55258417	9.439418e-17
3754.5458889	9.588313e-17
3757.53919363	8.703831e-17
3760.53249836	8.213037e-17
3763.52580309	8.215144e-17
3766.51910782	8.507858e-17
3769.51241255	1.003736e-16
3772.50571728	1.027841e-16
3775.49902201	9.513985e-17
3778.49232674	1.092045e-16
3781.48563147	1.171152e-16
3784.4789362	1.04828e-16
3787.47224092	9.414472e-17
3790.46554565	8.697456e-17
3793.45885038	1.000791e-16
3796.45215511	1.086985e-16
3799.44545984	9.047548e-17
3802.43876457	8.880119e-17
3805.4320693	1.069718e-16
3808.42537403	1.142484e-16
3811.41867876	1.099699e-16
3814.41198349	1.074762e-16
3817.40528822	1.084418e-16
3820.39859295	1.077201e-16
3823.39189768	1.233744e-16
3826.38520241	1.092233e-16
3829.37850714	1.072336e-16
3832.37181187	1.185006e-16
3835.3651166	1.090858e-16
3838.35842133	1.055009e-16
3841.35172606	1.241197e-16
3844.34503078	1.139823e-16
3847.33833551	1.142927e-16
3850.33164024	1.172609e-16
3853.32494497	1.221148e-16
3856.3182497	1.245888e-16
3859.31155443	1.204695e-16
3862.30485916	1.225461e-16
3865.29816389	1.189124e-16
3868.29146862	1.165012e-16
3871.28477335	1.136982e-16
3874.27807808	1.323245e-16
3877.27138281	1.302814e-16
3880.26468754	1.133829e-16
3883.25799227	1.154713e-16
3886.251297	1.101508e-16
3889.24460173	1.155348e-16
3892.23790646	1.146634e-16
3895.23121119	1.201356e-16
3898.22451591	1.27831e-16
3901.21782064	1.234306e-16
3904.21112537	1.265505e-16
3907.2044301	1.117569e-16
3910.19773483	1.059417e-16
3913.19103956	1.169187e-16
3916.18434429	1.069313e-16
3919.17764902	1.031946e-16
3922.17095375	1.138392e-16
3925.16425848	1.195263e-16
3928.15756321	1.22883e-16
3931.15086794	1.233863e-16
3934.14417267	1.164097e-16
3937.1374774	1.187024e-16
3940.13078213	1.204506e-16
3943.12408686	1.077985e-16
3946.11739159	1.101047e-16
3949.11069632	1.177721e-16
3952.10400105	1.199458e-16
3955.09730577	1.068485e-16
3958.0906105	9.411342e-17
3961.08391523	9.639296e-17
3964.07721996	8.795895e-17
3967.07052469	8.522732e-17
3970.06382942	8.545237e-17
3973.05713415	8.216707e-17
3976.05043888	8.184618e-17
3979.04374361	7.665731e-17
3982.03704834	7.405918e-17
3985.03035307	7.573405e-17
3988.0236578	6.983507e-17
3991.01696253	7.65182e-17
3994.01026726	6.574727e-17
3997.00357199	5.871481e-17
3999.99687672	5.721586e-17
4002.99018145	5.810412e-17
4005.98348618	5.500446e-17
4008.97679091	5.540161e-17
4011.97009563	5.635243e-17
4014.96340036	5.837596e-17
4017.95670509	6.568156e-17
4020.95000982	6.032248e-17
4023.94331455	5.157534e-17
4026.93661928	6.152915e-17
4029.92992401	6.677975e-17
4032.92322874	6.088348e-17
4035.91653347	5.936314e-17
4038.9098382	5.190763e-17
4041.90314293	5.219654e-17
4044.89644766	6.313553e-17
4047.88975239	6.266936e-17
4050.88305712	4.998427e-17
4053.87636185	5.330299e-17
4056.86966658	5.817833e-17
4059.86297131	5.749405e-17
4062.85627604	5.815414e-17
4065.84958076	5.698942e-17
4068.84288549	6.008349e-17
4071.83619022	5.915601e-17
4074.82949495	5.764193e-17
4077.82279968	6.189921e-17
4080.81610441	6.421981e-17
4083.80940914	5.95183e-17
4086.80271387	4.418577e-17
4089.7960186	4.687337e-17
4092.78932333	6.294743e-17
4095.78262806	6.277173e-17
4098.77593279	6.16868e-17
4101.76923752	6.035405e-17
4104.76254225	5.950894e-17
4107.75584698	5.400714e-17
4110.74915171	6.118744e-17
4113.74245644	6.443899e-17
4116.73576117	6.926983e-17
4119.7290659	6.307155e-17
4122.72237062	6.214225e-17
4125.71567535	7.021887e-17
4128.70898008	7.205247e-17
4131.70228481	7.076076e-17
4134.69558954	8.2785e-17
4137.68889427	8.318954e-17
4140.682199	7.778642e-17
4143.67550373	8.640073e-17
4146.66880846	9.203605e-17
4149.66211319	9.626587e-17
4152.65541792	1.003716e-16
4155.64872265	9.666237e-17
4158.64202738	9.520847e-17
4161.63533211	1.105041e-16
4164.62863684	1.109629e-16
4167.62194157	1.237855e-16
4170.6152463	1.194463e-16
4173.60855103	1.193054e-16
4176.60185575	1.245815e-16
4179.59516048	1.307729e-16
4182.58846521	1.322129e-16
4185.58176994	1.309747e-16
4188.57507467	1.344613e-16
4191.5683794	1.371232e-16
4194.56168413	1.400195e-16
4197.55498886	1.462136e-16
4200.54829359	1.476932e-16
4203.54159832	1.452708e-16
4206.53490305	1.415153e-16
4209.52820778	1.50273e-16
4212.52151251	1.507083e-16
4215.51481724	1.48835e-16
4218.50812197	1.431145e-16
4221.5014267	1.469275e-16
4224.49473143	1.560098e-16
4227.48803616	1.539243e-16
4230.48134089	1.510193e-16
4233.47464561	1.515698e-16
4236.46795034	1.515653e-16
4239.46125507	1.549426e-16
4242.4545598	1.568734e-16
4245.44786453	1.640829e-16
4248.44116926	1.652345e-16
4251.43447399	1.591636e-16
4254.42777872	1.585075e-16
4257.42108345	1.642753e-16
4260.41438818	1.743594e-16
4263.40769291	1.62418e-16
4266.40099764	1.548969e-16
4269.39430237	1.507618e-16
4272.3876071	1.431586e-16
4275.38091183	1.415256e-16
4278.37421656	1.425814e-16
4281.36752129	1.456527e-16
4284.36082602	1.410493e-16
4287.35413074	1.3894e-16
4290.34743547	1.432123e-16
4293.3407402	1.278251e-16
4296.33404493	1.234454e-16
4299.32734966	1.274305e-16
4302.32065439	1.262516e-16
4305.31395912	1.223636e-16
4308.30726385	1.179847e-16
4311.30056858	1.18205e-16
4314.29387331	1.175614e-16
4317.28717804	1.259157e-16
4320.28048277	1.259681e-16
4323.2737875	1.242993e-16
4326.26709223	1.2312e-16
4329.26039696	1.191639e-16
4332.25370169	1.147039e-16
4335.24700642	1.21923e-16
4338.24031115	1.233773e-16
4341.23361588	1.174585e-16
4344.2269206	1.177653e-16
4347.22022533	1.209452e-16
4350.21353006	1.22708e-16
4353.20683479	1.240743e-16
4356.20013952	1.319685e-16
4359.19344425	1.299387e-16
4362.18674898	1.308093e-16
4365.18005371	1.341534e-16
4368.17335844	1.386988e-16
4371.16666317	1.376093e-16
4374.1599679	1.418684e-16
4377.15327263	1.421416e-16
4380.14657736	1.42203e-16
4383.13988209	1.423277e-16
4386.13318682	1.422597e-16
4389.12649155	1.483616e-16
4392.11979628	1.447391e-16
4395.11310101	1.411693e-16
4398.10640574	1.481092e-16
4401.09971046	1.564047e-16
4404.09301519	1.508906e-16
4407.08631992	1.432902e-16
4410.07962465	1.488569e-16
4413.07292938	1.515675e-16
4416.06623411	1.477922e-16
4419.05953884	1.440367e-16
4422.05284357	1.476346e-16
4425.0461483	1.590618e-16
4428.03945303	1.591062e-16
4431.03275776	1.495063e-16
4434.02606249	1.45441e-16
4437.01936722	1.481346e-16
4440.01267195	1.518427e-16
4443.00597668	1.534689e-16
4445.99928141	1.521357e-16
4448.99258614	1.41101e-16
4451.98589087	1.363402e-16
4454.97919559	1.436787e-16
4457.97250032	1.401465e-16
4460.96580505	1.392968e-16
4463.95910978	1.423679e-16
4466.95241451	1.31194e-16
4469.94571924	1.340244e-16
4472.93902397	1.422379e-16
4475.9323287	1.351924e-16
4478.92563343	1.329629e-16
4481.91893816	1.349764e-16
4484.91224289	1.341416e-16
4487.90554762	1.401136e-16
4490.89885235	1.362732e-16
4493.89215708	1.335048e-16
4496.88546181	1.377658e-16
4499.87876654	1.37845e-16
4502.87207127	1.35449e-16
4505.865376	1.416975e-16
4508.85868073	1.385699e-16
4511.85198545	1.39467e-16
4514.84529018	1.318243e-16
4517.83859491	1.314517e-16
4520.83189964	1.331727e-16
4523.82520437	1.30723e-16
4526.8185091	1.2728e-16
4529.81181383	1.277082e-16
4532.80511856	1.298784e-16
4535.79842329	1.256514e-16
4538.79172802	1.294542e-16
4541.78503275	1.158035e-16
4544.77833748	1.143159e-16
4547.77164221	1.193135e-16
4550.76494694	1.181596e-16
4553.75825167	1.210918e-16
4556.7515564	1.16446e-16
4559.74486113	1.127366e-16
4562.73816586	1.065604e-16
4565.73147058	1.124929e-16
4568.72477531	1.108649e-16
4571.71808004	1.05446e-16
4574.71138477	1.04865e-16
4577.7046895	1.090427e-16
4580.69799423	1.124089e-16
4583.69129896	1.034679e-16
4586.68460369	9.930355e-17
4589.67790842	9.71388e-17
4592.67121315	9.663946e-17
4595.66451788	9.773215e-17
4598.65782261	9.607575e-17
4601.65112734	1.00025e-16
4604.64443207	9.723774e-17
4607.6377368	8.877069e-17
4610.63104153	8.830243e-17
4613.62434626	9.149308e-17
4616.61765099	9.329466e-17
4619.61095572	8.964375e-17
4622.60426044	8.47292e-17
4625.59756517	8.430605e-17
4628.5908699	8.218104e-17
4631.58417463	8.112447e-17
4634.57747936	8.145991e-17
4637.57078409	8.196637e-17
4640.56408882	8.351667e-17
4643.55739355	8.061676e-17
4646.55069828	7.883933e-17
4649.54400301	7.980991e-17
4652.53730774	8.216456e-17
4655.53061247	7.915975e-17
4658.5239172	7.656907e-17
4661.51722193	8.142269e-17
4664.51052666	8.507505e-17
4667.50383139	8.473276e-17
4670.49713612	8.319574e-17
4673.49044085	8.633197e-17
4676.48374557	8.769699e-17
4679.4770503	8.37698e-17
4682.47035503	8.820464e-17
4685.46365976	8.75313e-17
4688.45696449	9.220241e-17
4691.45026922	9.779364e-17
4694.44357395	8.947951e-17
4697.43687868	8.52658e-17
4700.43018341	8.493207e-17
4703.42348814	8.535572e-17
4706.41679287	9.042739e-17
4709.4100976	9.533396e-17
4712.40340233	9.520278e-17
4715.39670706	9.129199e-17
4718.39001179	9.460002e-17
4721.38331652	9.599532e-17
4724.37662125	9.954618e-17
4727.36992598	9.547433e-17
4730.36323071	9.248145e-17
4733.35653543	9.126675e-17
4736.34984016	1.01426e-16
4739.34314489	1.063827e-16
4742.33644962	1.007157e-16
4745.32975435	9.816883e-17
4748.32305908	1.014616e-16
4751.31636381	9.987948e-17
4754.30966854	9.664062e-17
4757.30297327	9.161782e-17
4760.296278	9.019076e-17
4763.28958273	9.389362e-17
4766.28288746	1.007956e-16
4769.27619219	9.52209e-17
4772.26949692	9.25113e-17
4775.26280165	1.000201e-16
4778.25610638	9.970961e-17
4781.24941111	9.357218e-17
4784.24271584	9.585791e-17
4787.23602057	9.121941e-17
4790.22932529	8.627264e-17
4793.22263002	8.893892e-17
4796.21593475	8.711234e-17
4799.20923948	9.354138e-17
4802.20254421	9.815652e-17
4805.19584894	9.095959e-17
4808.18915367	9.062834e-17
4811.1824584	9.913159e-17
4814.17576313	1.004031e-16
4817.16906786	1.010553e-16
4820.16237259	1.063098e-16
4823.15567732	1.095505e-16
4826.14898205	1.064053e-16
4829.14228678	1.036117e-16
4832.13559151	1.102962e-16
4835.12889624	1.137817e-16
4838.12220097	1.154765e-16
4841.1155057	1.171114e-16
4844.10881042	1.118408e-16
4847.10211515	1.076248e-16
4850.09541988	1.166898e-16
4853.08872461	1.235875e-16
4856.08202934	1.123019e-16
4859.07533407	1.12889e-16
4862.0686388	1.18947e-16
4865.06194353	1.178378e-16
4868.05524826	1.166381e-16
4871.04855299	1.155689e-16
4874.04185772	1.15397e-16
4877.03516245	1.132825e-16
4880.02846718	1.172606e-16
4883.02177191	1.217817e-16
4886.01507664	1.205895e-16
4889.00838137	1.192822e-16
4892.0016861	1.217108e-16
4894.99499083	1.127718e-16
4897.98829556	1.138438e-16
4900.98160028	1.135865e-16
4903.97490501	1.134594e-16
4906.96820974	1.175031e-16
4909.96151447	1.158208e-16
4912.9548192	1.161675e-16
4915.94812393	1.125697e-16
4918.94142866	1.05243e-16
4921.93473339	1.04432e-16
4924.92803812	1.063234e-16
4927.92134285	1.11564e-16
4930.91464758	1.07873e-16
4933.90795231	1.07201e-16
4936.90125704	1.065306e-16
4939.89456177	1.058625e-16
4942.8878665	1.051956e-16
4945.88117123	1.045294e-16
4948.87447596	1.038653e-16
4951.86778069	1.032023e-16
4954.86108541	1.025412e-16
4957.85439014	1.018817e-16
4960.84769487	1.012233e-16
4963.8409996	1.005663e-16
4966.83430433	9.991077e-17
4969.82760906	9.925651e-17
4972.82091379	9.860425e-17
4975.81421852	9.795258e-17
4978.80752325	9.730319e-17
4981.80082798	9.665543e-17
4984.79413271	9.60093e-17
4987.78743744	9.536491e-17
4990.78074217	9.472273e-17
4993.7740469	9.40816e-17
4996.76735163	9.344418e-17
4999.76065636	9.281041e-17
5002.75396109	9.218204e-17
5005.74726582	9.155526e-17
5008.74057055	9.093146e-17
5011.73387527	9.030898e-17
5014.72718	8.968897e-17
5017.72048473	8.907097e-17
5020.71378946	8.845436e-17
5023.70709419	8.783963e-17
5026.70039892	8.72274e-17
5029.69370365	8.661621e-17
5032.68700838	8.600644e-17
5035.68031311	8.539872e-17
5038.67361784	8.479225e-17
5041.66692257	8.418667e-17
5044.6602273	8.358407e-17
5047.65353203	8.298136e-17
5050.64683676	8.238026e-17
5053.64014149	8.178042e-17
5056.63344622	8.118246e-17
5059.62675095	8.058521e-17
5062.62005568	7.998966e-17
5065.6133604	7.939459e-17
5068.60666513	7.880118e-17
5071.59996986	7.820801e-17
5074.59327459	7.761708e-17
5077.58657932	7.702675e-17
5080.57988405	7.643748e-17
5083.57318878	7.584943e-17
5086.56649351	7.526187e-17
5089.55979824	7.467611e-17
5092.55310297	7.409075e-17
5095.5464077	7.350651e-17
5098.53971243	7.292314e-17
5101.53301716	7.234093e-17
5104.52632189	7.175979e-17
5107.51962662	7.117918e-17
5110.51293135	7.135261e-17
5113.50623608	7.34789e-17
5116.49954081	7.522313e-17
5119.49284554	7.524439e-17
5122.48615026	6.720592e-17
5125.47945499	6.825242e-17
5128.47275972	6.927485e-17
5131.46606445	7.276844e-17
5134.45936918	7.125996e-17
5137.45267391	7.45689e-17
5140.44597864	7.31994e-17
5143.43928337	7.48628e-17
5146.4325881	7.368512e-17
5149.42589283	7.262376e-17
5152.41919756	7.776125e-17
5155.41250229	6.914345e-17
5158.40580702	6.7936e-17
5161.39911175	7.198697e-17
5164.39241648	6.607451e-17
5167.38572121	7.010434e-17
5170.37902594	6.834841e-17
5173.37233067	7.764484e-17
5176.3656354	7.255397e-17
5179.35894012	7.326506e-17
5182.35224485	7.657687e-17
5185.34554958	7.623306e-17
5188.33885431	6.966434e-17
5191.33215904	6.221405e-17
5194.32546377	6.632938e-17
5197.3187685	6.405016e-17
5200.31207323	6.70133e-17
5203.30537796	6.736399e-17
5206.29868269	6.487333e-17
5209.29198742	6.190248e-17
5212.28529215	5.676498e-17
5215.27859688	5.704794e-17
5218.27190161	5.948254e-17
5221.26520634	6.243216e-17
5224.25851107	6.116961e-17
5227.2518158	5.456909e-17
5230.24512053	5.19436e-17
5233.23842525	5.585223e-17
5236.23172998	5.359333e-17
5239.22503471	5.896346e-17
5242.21833944	5.320957e-17
5245.21164417	5.691233e-17
5248.2049489	5.264802e-17
5251.19825363	5.964829e-17
5254.19155836	6.319066e-17
5257.18486309	5.598808e-17
5260.17816782	5.605173e-17
5263.17147255	5.305889e-17
5266.16477728	5.616132e-17
5269.15808201	5.927645e-17
5272.15138674	6.094409e-17
5275.14469147	6.242753e-17
5278.1379962	6.282833e-17
5281.13130093	6.239065e-17
5284.12460566	5.904565e-17
5287.11791039	6.038268e-17
5290.11121511	6.420536e-17
5293.10451984	6.696701e-17
5296.09782457	6.619842e-17
5299.0911293	6.101137e-17
5302.08443403	6.43323e-17
5305.07773876	6.773759e-17
5308.07104349	6.788453e-17
5311.06434822	6.590143e-17
5314.05765295	6.102015e-17
5317.05095768	6.462482e-17
5320.04426241	6.606694e-17
5323.03756714	6.552163e-17
5326.03087187	7.058611e-17
5329.0241766	6.890778e-17
5332.01748133	6.594144e-17
5335.01078606	6.457305e-17
5338.00409079	6.660939e-17
5340.99739552	6.840516e-17
5343.99070024	6.227929e-17
5346.98400497	6.48033e-17
5349.9773097	6.562003e-17
5352.97061443	6.288386e-17
5355.96391916	6.360351e-17
5358.95722389	6.731904e-17
5361.95052862	6.503814e-17
5364.94383335	6.117887e-17
5367.93713808	5.459825e-17
5370.93044281	6.027405e-17
5373.92374754	6.283832e-17
5376.91705227	5.846701e-17
5379.910357	6.608489e-17
5382.90366173	6.568297e-17
5385.89696646	6.509532e-17
5388.89027119	6.717501e-17
5391.88357592	7.035947e-17
5394.87688065	6.204141e-17
5397.87018538	6.130122e-17
5400.8634901	6.898874e-17
5403.85679483	6.318737e-17
5406.85009956	6.400873e-17
5409.84340429	6.962068e-17
5412.83670902	6.790132e-17
5415.83001375	6.500118e-17
5418.82331848	7.105375e-17
5421.81662321	7.538538e-17
5424.80992794	7.086296e-17
5427.80323267	6.770729e-17
5430.7965374	7.09264e-17
5433.78984213	6.929004e-17
5436.78314686	7.056349e-17
5439.77645159	6.905771e-17
5442.76975632	7.457165e-17
5445.76306105	7.069854e-17
5448.75636578	7.471566e-17
5451.74967051	7.05606e-17
5454.74297523	6.987919e-17
5457.73627996	8.092227e-17
5460.72958469	8.115585e-17
5463.72288942	7.609791e-17
5466.71619415	7.708227e-17
5469.70949888	7.793362e-17
5472.70280361	7.756133e-17
5475.69610834	7.968423e-17
5478.68941307	8.345912e-17
5481.6827178	8.320569e-17
5484.67602253	8.178443e-17
5487.66932726	8.380518e-17
5490.66263199	8.387442e-17
5493.65593672	9.049409e-17
5496.64924145	9.36302e-17
5499.64254618	9.100503e-17
5502.63585091	8.779213e-17
5505.62915564	8.510759e-17
5508.62246037	8.428679e-17
5511.61576509	8.308305e-17
5514.60906982	8.86195e-17
5517.60237455	8.58017e-17
5520.59567928	8.59849e-17
5523.58898401	9.073997e-17
5526.58228874	9.733163e-17
5529.57559347	9.420193e-17
5532.5688982	8.852414e-17
5535.56220293	8.954823e-17
5538.55550766	9.458533e-17
5541.54881239	8.947181e-17
5544.54211712	8.25909e-17
5547.53542185	8.388976e-17
5550.52872658	8.527443e-17
5553.52203131	8.355058e-17
5556.51533604	8.811798e-17
5559.50864077	8.44306e-17
5562.5019455	7.87304e-17
5565.49525023	8.024328e-17
5568.48855495	8.175459e-17
5571.48185968	8.326467e-17
5574.47516441	8.477396e-17
5577.46846914	8.138522e-17
5580.46177387	7.938391e-17
5583.4550786	8.593389e-17
5586.44838333	9.420385e-17
5589.44168806	9.425062e-17
5592.43499279	8.613625e-17
5595.42829752	8.571571e-17
5598.42160225	8.480146e-17
5601.41490698	8.447415e-17
5604.40821171	8.616435e-17
5607.40151644	9.148364e-17
5610.39482117	8.97097e-17
5613.3881259	8.787958e-17
5616.38143063	8.372389e-17
5619.37473536	8.650669e-17
5622.36804008	8.817338e-17
5625.36134481	8.717315e-17
5628.35464954	8.392174e-17
5631.34795427	8.043446e-17
5634.341259	8.370587e-17
5637.33456373	8.333399e-17
5640.32786846	8.374142e-17
5643.32117319	8.303763e-17
5646.31447792	8.197934e-17
5649.30778265	8.081441e-17
5652.30108738	7.776943e-17
5655.29439211	6.702054e-17
5658.28769684	7.173651e-17
5661.28100157	6.806191e-17
5664.2743063	6.217362e-17
5667.26761103	6.725371e-17
5670.26091576	6.618035e-17
5673.25422049	6.245323e-17
5676.24752522	6.144417e-17
5679.24082994	6.186146e-17
5682.23413467	6.098743e-17
5685.2274394	6.342799e-17
5688.22074413	5.719791e-17
5691.21404886	5.350863e-17
5694.20735359	5.614353e-17
5697.20065832	5.743263e-17
5700.19396305	5.362802e-17
5703.18726778	5.691359e-17
5706.18057251	5.541518e-17
5709.17387724	4.816077e-17
5712.16718197	5.979619e-17
5715.1604867	5.135549e-17
5718.15379143	5.160676e-17
5721.14709616	6.270366e-17
5724.14040089	5.900497e-17
5727.13370562	5.654689e-17
5730.12701035	5.430454e-17
5733.12031507	5.648971e-17
5736.1136198	6.39183e-17
5739.10692453	4.967671e-17
5742.10022926	5.186723e-17
5745.09353399	5.458202e-17
5748.08683872	5.730898e-17
5751.08014345	5.96116e-17
5754.07344818	5.944952e-17
5757.06675291	5.903001e-17
5760.06005764	5.157006e-17
5763.05336237	5.501022e-17
5766.0466671	5.780382e-17
5769.03997183	6.051074e-17
5772.03327656	6.308648e-17
5775.02658129	6.012456e-17
5778.01988602	5.777644e-17
5781.01319075	6.219034e-17
5784.00649548	6.101381e-17
5786.99980021	5.525157e-17
5789.99310493	5.66352e-17
5792.98640966	6.074566e-17
5795.97971439	5.875885e-17
5798.97301912	5.937125e-17
5801.96632385	6.551071e-17
5804.95962858	6.410035e-17
5807.95293331	6.246347e-17
5810.94623804	5.505943e-17
5813.93954277	6.334899e-17
5816.9328475	6.500763e-17
5819.92615223	6.010629e-17
5822.91945696	6.061295e-17
5825.91276169	5.792741e-17
5828.90606642	5.871349e-17
5831.89937115	6.11463e-17
5834.89267588	6.905109e-17
5837.88598061	6.28388e-17
5840.87928534	5.935483e-17
5843.87259007	5.843396e-17
5846.86589479	5.763968e-17
5849.85919952	5.434102e-17
5852.85250425	5.012667e-17
5855.84580898	4.44643e-17
5858.83911371	4.426462e-17
5861.83241844	5.184008e-17
5864.82572317	5.266461e-17
5867.8190279	4.790392e-17
5870.81233263	4.504618e-17
5873.80563736	4.675114e-17
5876.79894209	4.663814e-17
5879.79224682	4.443989e-17
5882.78555155	4.708486e-17
5885.77885628	5.266545e-17
5888.77216101	5.135322e-17
5891.76546574	5.044149e-17
5894.75877047	4.940669e-17
5897.7520752	4.717253e-17
5900.74537992	4.732274e-17
5903.73868465	4.203966e-17
5906.73198938	4.412417e-17
5909.72529411	4.656012e-17
5912.71859884	4.4163e-17
5915.71190357	4.612196e-17
5918.7052083	4.719244e-17
5921.69851303	4.571506e-17
5924.69181776	4.95418e-17
5927.68512249	4.871096e-17
5930.67842722	5.094481e-17
5933.67173195	5.111202e-17
5936.66503668	5.685351e-17
5939.65834141	5.444375e-17
5942.65164614	5.475404e-17
5945.64495087	5.146859e-17
5948.6382556	5.36577e-17
5951.63156033	5.540407e-17
5954.62486506	5.219123e-17
5957.61816978	5.54359e-17
5960.61147451	6.301884e-17
5963.60477924	5.899916e-17
5966.59808397	6.546618e-17
5969.5913887	6.713309e-17
5972.58469343	5.986114e-17
5975.57799816	6.294893e-17
5978.57130289	6.529035e-17
5981.56460762	6.496555e-17
5984.55791235	6.004231e-17
5987.55121708	6.290979e-17
5990.54452181	6.375821e-17
5993.53782654	6.435804e-17
5996.53113127	6.72115e-17
5999.524436	6.530202e-17
6002.51774073	6.266675e-17
6005.51104546	6.859294e-17
6008.50435019	6.200277e-17
6011.49765491	6.12592e-17
6014.49095964	5.869973e-17
6017.48426437	6.60061e-17
6020.4775691	6.306033e-17
6023.47087383	6.993279e-17
6026.46417856	6.441519e-17
6029.45748329	6.518325e-17
6032.45078802	6.085903e-17
6035.44409275	6.513902e-17
6038.43739748	6.732475e-17
6041.43070221	6.62793e-17
6044.42400694	6.825013e-17
6047.41731167	6.612686e-17
6050.4106164	7.054748e-17
6053.40392113	6.73384e-17
6056.39722586	6.375155e-17
6059.39053059	6.270855e-17
6062.38383532	6.268739e-17
6065.37714005	6.679652e-17
6068.37044477	6.358017e-17
6071.3637495	6.842992e-17
6074.35705423	5.901042e-17
6077.35035896	5.907026e-17
6080.34366369	6.125756e-17
6083.33696842	6.759752e-17
6086.33027315	7.044204e-17
6089.32357788	6.777584e-17
6092.31688261	6.870069e-17
6095.31018734	6.846401e-17
6098.30349207	6.520485e-17
6101.2967968	6.845444e-17
6104.29010153	6.90064e-17
6107.28340626	7.011215e-17
6110.27671099	6.808927e-17
6113.27001572	6.176584e-17
6116.26332045	6.507814e-17
6119.25662518	6.722576e-17
6122.2499299	6.571794e-17
6125.24323463	6.251318e-17
6128.23653936	6.554514e-17
6131.22984409	6.889543e-17
6134.22314882	6.408628e-17
6137.21645355	6.503637e-17
6140.20975828	6.463683e-17
6143.20306301	6.200711e-17
6146.19636774	6.628938e-17
6149.18967247	6.396126e-17
6152.1829772	6.298011e-17
6155.17628193	6.151984e-17
6158.16958666	6.099779e-17
6161.16289139	5.942962e-17
6164.15619612	6.204705e-17
6167.14950085	6.3906e-17
6170.14280558	5.981962e-17
6173.13611031	5.779523e-17
6176.12941504	5.74144e-17
6179.12271976	5.929238e-17
6182.11602449	6.304509e-17
6185.10932922	6.128982e-17
6188.10263395	5.945111e-17
6191.09593868	5.393999e-17
6194.08924341	4.960821e-17
6197.08254814	5.509104e-17
6200.07585287	5.519869e-17
6203.0691576	5.962025e-17
6206.06246233	6.05834e-17
6209.05576706	5.102151e-17
6212.04907179	5.255326e-17
6215.04237652	5.485208e-17
6218.03568125	5.384055e-17
6221.02898598	5.756688e-17
6224.02229071	5.781296e-17
6227.01559544	5.384386e-17
6230.00890017	5.409729e-17
6233.0022049	5.690678e-17
6235.99550962	5.825403e-17
6238.98881435	5.53795e-17
6241.98211908	5.26848e-17
6244.97542381	5.77608e-17
6247.96872854	5.692405e-17
6250.96203327	5.317335e-17
6253.955338	5.00548e-17
6256.94864273	4.953958e-17
6259.94194746	5.702464e-17
6262.93525219	5.430163e-17
6265.92855692	5.223177e-17
6268.92186165	5.475577e-17
6271.91516638	6.078355e-17
6274.90847111	5.49794e-17
6277.90177584	5.175417e-17
6280.89508057	5.641854e-17
6283.8883853	5.917516e-17
6286.88169003	5.18763e-17
6289.87499475	5.39104e-17
6292.86829948	6.343391e-17
6295.86160421	6.204558e-17
6298.85490894	5.272333e-17
6301.84821367	5.081084e-17
6304.8415184	5.883474e-17
6307.83482313	6.072979e-17
6310.82812786	6.121868e-17
6313.82143259	6.054779e-17
6316.81473732	6.127753e-17
6319.80804205	6.224085e-17
6322.80134678	5.821839e-17
6325.79465151	5.63305e-17
6328.78795624	5.338717e-17
6331.78126097	5.636155e-17
6334.7745657	5.691811e-17
6337.76787043	5.951469e-17
6340.76117516	6.06477e-17
6343.75447989	6.150504e-17
6346.74778461	6.348505e-17
6349.74108934	5.778258e-17
6352.73439407	5.695313e-17
6355.7276988	6.257537e-17
6358.72100353	5.862249e-17
6361.71430826	5.652324e-17
6364.70761299	5.650997e-17
6367.70091772	5.408852e-17
6370.69422245	5.594644e-17
6373.68752718	5.748653e-17
6376.68083191	5.670971e-17
6379.67413664	5.977759e-17
6382.66744137	6.201107e-17
6385.6607461	6.186082e-17
6388.65405083	5.897413e-17
6391.64735556	5.916955e-17
6394.64066029	6.83783e-17
6397.63396502	6.090096e-17
6400.62726974	5.875122e-17
6403.62057447	6.17541e-17
6406.6138792	6.444395e-17
6409.60718393	6.151645e-17
6412.60048866	5.950903e-17
6415.59379339	5.826374e-17
6418.58709812	5.919382e-17
6421.58040285	5.569632e-17
6424.57370758	5.553857e-17
6427.56701231	6.094846e-17
6430.56031704	6.139644e-17
6433.55362177	5.551709e-17
6436.5469265	5.260426e-17
6439.54023123	5.529596e-17
6442.53353596	5.410856e-17
6445.52684069	5.20933e-17
6448.52014542	5.039936e-17
6451.51345015	5.79203e-17
6454.50675488	5.910552e-17
6457.5000596	5.779966e-17
6460.49336433	5.645546e-17
6463.48666906	5.772047e-17
6466.47997379	5.61227e-17
6469.47327852	5.270831e-17
6472.46658325	5.401967e-17
6475.45988798	5.148047e-17
6478.45319271	5.237905e-17
6481.44649744	5.650027e-17
6484.43980217	4.961995e-17
6487.4331069	5.013491e-17
6490.42641163	5.37671e-17
6493.41971636	5.349669e-17
6496.41302109	5.051388e-17
6499.40632582	4.851984e-17
6502.39963055	4.371443e-17
6505.39293528	4.513157e-17
6508.38624001	4.248061e-17
6511.37954473	4.335554e-17
6514.37284946	4.189611e-17
6517.36615419	4.05055e-17
6520.35945892	4.278563e-17
6523.35276365	4.127277e-17
6526.34606838	4.272785e-17
6529.33937311	4.020801e-17
6532.33267784	3.457737e-17
6535.32598257	3.116432e-17
6538.3192873	2.92036e-17
6541.31259203	2.948351e-17
6544.30589676	3.150182e-17
6547.29920149	3.025551e-17
6550.29250622	2.522395e-17
6553.28581095	2.526892e-17
6556.27911568	2.406288e-17
6559.27242041	2.133532e-17
6562.26572514	2.524174e-17
6565.25902987	2.201283e-17
6568.25233459	1.839022e-17
6571.24563932	2.268552e-17
6574.23894405	2.059896e-17
6577.23224878	1.84539e-17
6580.22555351	2.086729e-17
6583.21885824	2.235072e-17
6586.21216297	1.970813e-17
6589.2054677	1.412884e-17
6592.19877243	1.595377e-17
6595.19207716	1.764488e-17
6598.18538189	1.443361e-17
6601.17868662	2.090479e-17
6604.17199135	2.066773e-17
6607.16529608	1.414514e-17
6610.15860081	1.303334e-17
6613.15190554	1.58784e-17
6616.14521027	1.960291e-17
6619.138515	1.805804e-17
6622.13181973	1.805551e-17
6625.12512445	1.997533e-17
6628.11842918	1.78483e-17
6631.11173391	1.773118e-17
6634.10503864	2.074271e-17
6637.09834337	1.925539e-17
6640.0916481	1.597346e-17
6643.08495283	2.003194e-17
6646.07825756	1.790905e-17
6649.07156229	2.16511e-17
6652.06486702	2.423361e-17
6655.05817175	1.874312e-17
6658.05147648	1.889223e-17
6661.04478121	2.141608e-17
6664.03808594	2.60631e-17
6667.03139067	2.835475e-17
6670.0246954	2.417029e-17
6673.01800013	2.632033e-17
6676.01130486	2.699629e-17
6679.00460958	2.760799e-17
6681.99791431	2.816663e-17
6684.99121904	2.833838e-17
6687.98452377	2.774499e-17
6690.9778285	2.877761e-17
6693.97113323	3.08008e-17
6696.96443796	2.931382e-17
6699.95774269	3.519304e-17
6702.95104742	3.300389e-17
6705.94435215	3.821719e-17
6708.93765688	3.415418e-17
6711.93096161	3.976258e-17
6714.92426634	3.844173e-17
6717.91757107	3.299889e-17
6720.9108758	3.468284e-17
6723.90418053	3.599333e-17
6726.89748526	3.838498e-17
6729.89078999	3.715323e-17
6732.88409472	4.362353e-17
6735.87739944	4.28559e-17
6738.87070417	4.070832e-17
6741.8640089	4.71492e-17
6744.85731363	4.317064e-17
6747.85061836	4.371869e-17
6750.84392309	4.359546e-17
6753.83722782	4.542382e-17
6756.83053255	4.223526e-17
6759.82383728	4.258663e-17
6762.81714201	4.730126e-17
6765.81044674	4.584282e-17
6768.80375147	4.939527e-17
6771.7970562	4.962332e-17
6774.79036093	4.879101e-17
6777.78366566	4.836124e-17
6780.77697039	4.653386e-17
6783.77027512	4.923178e-17
6786.76357985	5.009394e-17
6789.75688457	4.746343e-17
6792.7501893	5.039596e-17
6795.74349403	4.995092e-17
6798.73679876	5.01948e-17
6801.73010349	4.988766e-17
6804.72340822	4.942987e-17
6807.71671295	5.140013e-17
6810.71001768	4.98672e-17
6813.70332241	5.019768e-17
6816.69662714	4.875318e-17
6819.68993187	4.999758e-17
6822.6832366	5.021978e-17
6825.67654133	4.770364e-17
6828.66984606	5.242251e-17
6831.66315079	5.026981e-17
6834.65645552	4.734761e-17
6837.64976025	4.744833e-17
6840.64306498	4.71571e-17
6843.63636971	4.81377e-17
6846.62967443	4.659918e-17
6849.62297916	4.933704e-17
6852.61628389	5.136064e-17
6855.60958862	4.624938e-17
6858.60289335	4.375226e-17
6861.59619808	4.474122e-17
6864.58950281	4.259676e-17
6867.58280754	3.875969e-17
6870.57611227	3.865263e-17
6873.569417	3.844405e-17
6876.56272173	4.103118e-17
6879.55602646	4.018361e-17
6882.54933119	3.878584e-17
6885.54263592	4.233003e-17
6888.53594065	4.343901e-17
6891.52924538	4.387679e-17
6894.52255011	4.309922e-17
6897.51585484	4.08958e-17
6900.50915956	4.31012e-17
6903.50246429	4.423981e-17
6906.49576902	3.967132e-17
6909.48907375	4.342962e-17
6912.48237848	4.736169e-17
6915.47568321	4.378575e-17
6918.46898794	3.885042e-17
6921.46229267	3.970519e-17
6924.4555974	4.044998e-17
6927.44890213	4.065865e-17
6930.44220686	4.134442e-17
6933.43551159	4.169594e-17
6936.42881632	4.20721e-17
6939.42212105	4.110174e-17
6942.41542578	3.965472e-17
6945.40873051	4.038809e-17
6948.40203524	4.348125e-17
6951.39533997	4.179296e-17
6954.3886447	4.140333e-17
6957.38194942	4.459575e-17
6960.37525415	4.203091e-17
6963.36855888	4.038557e-17
6966.36186361	4.183739e-17
6969.35516834	4.034815e-17
6972.34847307	4.589906e-17
6975.3417778	4.860289e-17
6978.33508253	4.343199e-17
6981.32838726	3.943563e-17
6984.32169199	3.64775e-17
6987.31499672	3.991897e-17
6990.30830145	4.218692e-17
6993.30160618	4.142942e-17
6996.29491091	4.229106e-17
6999.28821564	3.899414e-17
7002.28152037	3.802312e-17
7005.2748251	3.924624e-17
7008.26812983	3.784939e-17
7011.26143456	3.985622e-17
7014.25473928	3.61893e-17
7017.24804401	3.408172e-17
7020.24134874	3.520744e-17
7023.23465347	3.400928e-17
7026.2279582	3.586738e-17
7029.22126293	3.875365e-17
7032.21456766	4.045653e-17
7035.20787239	4.247317e-17
7038.20117712	4.201442e-17
7041.19448185	3.952429e-17
7044.18778658	3.76794e-17
7047.18109131	3.605603e-17
7050.17439604	3.777041e-17
7053.16770077	3.782556e-17
7056.1610055	3.803728e-17
7059.15431023	3.818016e-17
7062.14761496	3.485153e-17
7065.14091969	3.853017e-17
7068.13422441	3.973344e-17
7071.12752914	3.479929e-17
7074.12083387	3.515466e-17
7077.1141386	3.60522e-17
7080.10744333	3.609004e-17
7083.10074806	3.674825e-17
7086.09405279	3.821638e-17
7089.08735752	3.65173e-17
7092.08066225	3.726638e-17
7095.07396698	3.707235e-17
7098.06727171	3.614213e-17
7101.06057644	3.643006e-17
7104.05388117	3.856062e-17
7107.0471859	3.872153e-17
7110.04049063	3.825227e-17
7113.03379536	3.628639e-17
7116.02710009	3.382091e-17
7119.02040482	3.635321e-17
7122.01370955	3.469306e-17
7125.00701427	3.622273e-17
7128.000319	3.273078e-17
7130.99362373	3.334738e-17
7133.98692846	3.420003e-17
7136.98023319	3.5528e-17
7139.97353792	3.310281e-17
7142.96684265	3.332744e-17
7145.96014738	3.320974e-17
7148.95345211	3.384082e-17
7151.94675684	3.341488e-17
7154.94006157	3.151874e-17
7157.9333663	3.040689e-17
7160.92667103	3.230634e-17
7163.91997576	3.361746e-17
7166.91328049	3.192912e-17
7169.90658522	2.997337e-17
7172.89988995	3.317947e-17
7175.89319468	3.286962e-17
7178.8864994	2.501087e-17
7181.87980413	3.040144e-17
7184.87310886	2.794257e-17
7187.86641359	2.471134e-17
7190.85971832	2.462541e-17
7193.85302305	2.620259e-17
7196.84632778	3.001239e-17
7199.83963251	2.885192e-17
7202.83293724	2.832989e-17
7205.82624197	2.371443e-17
7208.8195467	3.080497e-17
7211.81285143	3.105123e-17
7214.80615616	3.025863e-17
7217.79946089	3.095193e-17
7220.79276562	3.382725e-17
7223.78607035	3.475249e-17
7226.77937508	3.455538e-17
7229.77267981	3.2776e-17
7232.76598454	2.923632e-17
7235.75928926	2.743954e-17
7238.75259399	3.001559e-17
7241.74589872	2.609669e-17
7244.73920345	3.092815e-17
7247.73250818	2.457864e-17
7250.72581291	2.237114e-17
7253.71911764	2.92383e-17
7256.71242237	2.085418e-17
7259.7057271	2.612747e-17
7262.69903183	2.379815e-17
7265.69233656	2.474058e-17
7268.68564129	2.58469e-17
7271.67894602	2.368227e-17
7274.67225075	2.257586e-17
7277.66555548	2.689248e-17
7280.65886021	2.642071e-17
7283.65216494	2.695191e-17
7286.64546967	2.634255e-17
7289.63877439	2.867226e-17
7292.63207912	3.054099e-17
7295.62538385	2.363483e-17
7298.61868858	2.876434e-17
7301.61199331	3.265557e-17
7304.60529804	2.876022e-17
7307.59860277	2.616381e-17
7310.5919075	2.613866e-17
7313.58521223	2.645176e-17
7316.57851696	2.689021e-17
7319.57182169	2.79653e-17
7322.56512642	2.91056e-17
7325.55843115	2.588821e-17
7328.55173588	3.066201e-17
7331.54504061	2.927962e-17
7334.53834534	3.166038e-17
7337.53165007	2.892196e-17
7340.5249548	2.534672e-17
7343.51825953	2.893934e-17
7346.51156425	2.762971e-17
7349.50486898	2.702089e-17
7352.49817371	2.829875e-17
7355.49147844	2.810417e-17
7358.48478317	2.37339e-17
7361.4780879	2.701354e-17
7364.47139263	2.298483e-17
7367.46469736	2.722402e-17
7370.45800209	2.900317e-17
7373.45130682	2.743605e-17
7376.44461155	2.846287e-17
7379.43791628	2.532156e-17
7382.43122101	2.428404e-17
7385.42452574	2.528492e-17
7388.41783047	2.687782e-17
7391.4111352	2.854295e-17
7394.40443993	2.749445e-17
7397.39774466	2.15176e-17
7400.39104939	2.792647e-17
7403.38435411	2.846368e-17
7406.37765884	2.59757e-17
7409.37096357	2.850632e-17
7412.3642683	2.78642e-17
7415.35757303	2.674274e-17
7418.35087776	2.794556e-17
7421.34418249	2.581924e-17
7424.33748722	2.547156e-17
7427.33079195	2.852784e-17
7430.32409668	2.60961e-17
7433.31740141	2.204666e-17
7436.31070614	2.301158e-17
7439.30401087	2.372176e-17
7442.2973156	2.942773e-17
7445.29062033	2.943345e-17
7448.28392506	2.699327e-17
7451.27722979	2.471184e-17
7454.27053452	2.514005e-17
7457.26383924	2.675851e-17
7460.25714397	2.634065e-17
7463.2504487	2.525349e-17
7466.24375343	2.43459e-17
7469.23705816	3.037103e-17
7472.23036289	2.669504e-17
7475.22366762	2.333582e-17
7478.21697235	2.613461e-17
7481.21027708	2.536202e-17
7484.20358181	2.268179e-17
7487.19688654	2.638475e-17
7490.19019127	2.481434e-17
7493.183496	2.475205e-17
7496.17680073	2.695899e-17
7499.17010546	2.595377e-17
7502.16341019	2.652542e-17
7505.15671492	2.586804e-17
7508.15001965	2.53853e-17
7511.14332438	2.172528e-17
7514.1366291	2.406901e-17
7517.12993383	2.83352e-17
7520.12323856	2.647424e-17
7523.11654329	2.314367e-17
7526.10984802	2.213234e-17
7529.10315275	2.483999e-17
7532.09645748	2.44486e-17
7535.08976221	2.276725e-17
7538.08306694	2.353776e-17
7541.07637167	2.320187e-17
7544.0696764	2.392556e-17
7547.06298113	2.901286e-17
7550.05628586	2.574808e-17
7553.04959059	1.993984e-17
7556.04289532	2.348931e-17
7559.03620005	2.550824e-17
7562.02950478	2.582136e-17
7565.02280951	2.689782e-17
7568.01611423	2.631444e-17
7571.00941896	2.855335e-17
7574.00272369	3.034056e-17
7576.99602842	3.055358e-17
7579.98933315	2.981287e-17
7582.98263788	2.777581e-17
7585.97594261	2.280455e-17
7588.96924734	2.126142e-17
7591.96255207	2.238669e-17
7594.9558568	1.810144e-17
7597.94916153	1.853992e-17
7600.94246626	1.870671e-17
7603.93577099	1.353404e-17
7606.92907572	1.330071e-17
7609.92238045	1.321979e-17
7612.91568518	1.243339e-17
7615.90898991	1.283723e-17
7618.90229464	1.262195e-17
7621.89559937	1.36492e-17
7624.88890409	1.408212e-17
7627.88220882	1.74647e-17
7630.87551355	1.828513e-17
7633.86881828	1.889259e-17
7636.86212301	1.967555e-17
7639.85542774	1.5242e-17
7642.84873247	1.614899e-17
7645.8420372	1.771211e-17
7648.83534193	1.945211e-17
7651.82864666	2.34591e-17
7654.82195139	2.355738e-17
7657.81525612	2.131999e-17
7660.80856085	2.285732e-17
7663.80186558	2.316168e-17
7666.79517031	2.161142e-17
7669.78847504	2.062148e-17
7672.78177977	1.994259e-17
7675.7750845	2.30166e-17
7678.76838923	2.413248e-17
7681.76169395	2.59232e-17
7684.75499868	2.306334e-17
7687.74830341	2.437207e-17
7690.74160814	2.581501e-17
7693.73491287	2.596586e-17
7696.7282176	2.823094e-17
7699.72152233	2.162362e-17
7702.71482706	2.567867e-17
7705.70813179	2.905767e-17
7708.70143652	2.835331e-17
7711.69474125	2.990598e-17
7714.68804598	2.953439e-17
7717.68135071	2.693761e-17
7720.67465544	2.357337e-17
7723.66796017	2.600849e-17
7726.6612649	2.683338e-17
7729.65456963	2.54854e-17
7732.64787436	2.768489e-17
7735.64117908	2.698275e-17
7738.63448381	2.428977e-17
7741.62778854	2.684932e-17
7744.62109327	2.799597e-17
7747.614398	2.720934e-17
7750.60770273	2.328218e-17
7753.60100746	2.150426e-17
7756.59431219	2.496578e-17
7759.58761692	2.493054e-17
7762.58092165	2.316099e-17
7765.57422638	2.264524e-17
7768.56753111	2.737431e-17
7771.56083584	3.089161e-17
7774.55414057	2.708519e-17
7777.5474453	2.418102e-17
7780.54075003	2.450277e-17
7783.53405476	2.272606e-17
7786.52735949	2.298084e-17
7789.52066422	2.68315e-17
7792.51396894	2.869642e-17
7795.50727367	3.020591e-17
7798.5005784	2.798433e-17
7801.49388313	2.494378e-17
7804.48718786	2.474276e-17
7807.48049259	2.270252e-17
7810.47379732	2.618927e-17
7813.46710205	2.71778e-17
7816.46040678	2.426539e-17
7819.45371151	2.384293e-17
7822.44701624	2.685167e-17
7825.44032097	2.903117e-17
7828.4336257	2.677838e-17
7831.42693043	2.507403e-17
7834.42023516	2.423546e-17
7837.41353989	2.569041e-17
7840.40684462	2.592644e-17
7843.40014935	2.434558e-17
7846.39345407	2.601953e-17
7849.3867588	1.964379e-17
7852.38006353	1.6739e-17
7855.37336826	2.661811e-17
7858.36667299	3.426365e-17
7861.35997772	3.440782e-17
7864.35328245	2.408772e-17
7867.34658718	2.239737e-17
7870.33989191	2.720727e-17
7873.33319664	2.779371e-17
7876.32650137	2.395865e-17
7879.3198061	2.282702e-17
7882.31311083	2.281975e-17
7885.30641556	1.884887e-17
7888.29972029	1.966614e-17
7891.29302502	1.837491e-17
7894.28632975	1.807475e-17
7897.27963448	2.490921e-17
7900.27293921	2.254461e-17
7903.26624393	2.566981e-17
7906.25954866	2.777933e-17
7909.25285339	2.797376e-17
7912.24615812	2.466701e-17
7915.23946285	2.128314e-17
7918.23276758	2.221602e-17
7921.22607231	2.34766e-17
7924.21937704	2.275129e-17
7927.21268177	2.245073e-17
7930.2059865	2.05765e-17
7933.19929123	2.359071e-17
7936.19259596	2.637849e-17
7939.18590069	2.480858e-17
7942.17920542	2.231659e-17
7945.17251015	2.262121e-17
7948.16581488	2.579154e-17
7951.15911961	2.186172e-17
7954.15242434	2.060053e-17
7957.14572906	2.869704e-17
7960.13903379	2.195672e-17
7963.13233852	1.833618e-17
7966.12564325	2.41104e-17
7969.11894798	2.68652e-17
7972.11225271	2.482833e-17
7975.10555744	1.884711e-17
7978.09886217	1.515862e-17
7981.0921669	1.608392e-17
7984.08547163	1.870281e-17
7987.07877636	1.571039e-17
7990.07208109	1.893604e-17
7993.06538582	2.398443e-17
7996.05869055	1.926782e-17
7999.05199528	1.788712e-17
8002.04530001	1.64108e-17
8005.03860474	1.914718e-17
8008.03190947	1.884638e-17
8011.0252142	1.779104e-17
8014.01851892	2.004474e-17
8017.01182365	1.424663e-17
8020.00512838	1.385629e-17
8022.99843311	1.585864e-17
8025.99173784	1.694028e-17
8028.98504257	1.837268e-17
8031.9783473	1.841915e-17
8034.97165203	1.680013e-17
8037.96495676	1.395804e-17
8040.95826149	1.414208e-17
8043.95156622	1.073973e-17
8046.94487095	1.414848e-17
8049.93817568	1.505758e-17
8052.93148041	1.622567e-17
8055.92478514	1.399468e-17
8058.91808987	1.338876e-17
8061.9113946	1.898206e-17
8064.90469933	1.861374e-17
8067.89800406	1.645102e-17
8070.89130878	1.244178e-17
8073.88461351	1.480428e-17
8076.87791824	1.600712e-17
8079.87122297	1.646378e-17
8082.8645277	1.571674e-17
8085.85783243	1.700742e-17
8088.85113716	1.637242e-17
8091.84444189	1.620531e-17
8094.83774662	1.818164e-17
8097.83105135	1.923341e-17
8100.82435608	1.192226e-17
8103.81766081	1.355538e-17
8106.81096554	1.397121e-17
8109.80427027	1.445211e-17
8112.797575	1.231595e-17
8115.79087973	1.351916e-17
8118.78418446	1.483515e-17
8121.77748919	1.527917e-17
8124.77079391	1.395327e-17
8127.76409864	1.413377e-17
8130.75740337	1.305775e-17
8133.7507081	1.21829e-17
8136.74401283	1.576899e-17
8139.73731756	1.565311e-17
8142.73062229	1.282028e-17
8145.72392702	1.552752e-17
8148.71723175	1.887424e-17
