#	 ps15cge 
#	 UT date of observation: 20151011 
#	 Telescope/Instrument: SOAR/Goodman 
#	 Estimated Peak MJD: 57313.504 
#	 Estimated redshift: 0.085 
#	 Estimated Phase: -6.9 
#	 Published in Dettman et al. 2020 
#	 Observed barycentric wavelength (Angstroms)    F_lambda
3700.0	7.573486e-16
3702.0	7.103056e-16
3704.0	6.580936e-16
3706.0	6.573485e-16
3708.0	6.181906e-16
3710.0	5.8221e-16
3712.0	6.315728e-16
3714.0	6.861803e-16
3716.0	8.099063e-16
3718.0	8.193741e-16
3720.0	7.510333e-16
3722.0	7.502071e-16
3724.0	7.848172e-16
3726.0	7.912023e-16
3728.0	7.727001e-16
3730.0	7.631118e-16
3732.0	7.741988e-16
3734.0	8.426258e-16
3736.0	8.622861e-16
3738.0	8.292496e-16
3740.0	8.177906e-16
3742.0	9.040528e-16
3744.0	9.835519e-16
3746.0	9.752838e-16
3748.0	9.912155e-16
3750.0	9.380269e-16
3752.0	9.540388e-16
3754.0	9.465051e-16
3756.0	7.395592e-16
3758.0	7.348008e-16
3760.0	8.834835e-16
3762.0	9.766747e-16
3764.0	9.398769e-16
3766.0	8.283151e-16
3768.0	8.606077e-16
3770.0	8.490145e-16
3772.0	7.994933e-16
3774.0	9.217874e-16
3776.0	9.189033e-16
3778.0	8.609468e-16
3780.0	8.499803e-16
3782.0	8.384239e-16
3784.0	8.605494e-16
3786.0	9.362743e-16
3788.0	9.77689e-16
3790.0	9.423626e-16
3792.0	9.219436e-16
3794.0	9.197064e-16
3796.0	8.979873e-16
3798.0	8.897085e-16
3800.0	9.453815e-16
3802.0	9.804786e-16
3804.0	9.893256e-16
3806.0	9.67961e-16
3808.0	9.607385e-16
3810.0	9.743427e-16
3812.0	9.566322e-16
3814.0	9.819396e-16
3816.0	1.014904e-15
3818.0	1.013611e-15
3820.0	9.669281e-16
3822.0	9.908005e-16
3824.0	9.177041e-16
3826.0	8.659935e-16
3828.0	9.529473e-16
3830.0	9.688337e-16
3832.0	9.287017e-16
3834.0	9.551621e-16
3836.0	9.9873e-16
3838.0	1.061345e-15
3840.0	1.126909e-15
3842.0	1.154073e-15
3844.0	1.129223e-15
3846.0	1.039225e-15
3848.0	9.559197e-16
3850.0	9.868103e-16
3852.0	9.672538e-16
3854.0	9.729586e-16
3856.0	1.034003e-15
3858.0	1.100123e-15
3860.0	1.101799e-15
3862.0	1.080926e-15
3864.0	9.712138e-16
3866.0	9.242256e-16
3868.0	9.145138e-16
3870.0	8.938588e-16
3872.0	8.652405e-16
3874.0	8.778532e-16
3876.0	9.348758e-16
3878.0	9.106066e-16
3880.0	9.167446e-16
3882.0	9.84464e-16
3884.0	9.269527e-16
3886.0	9.136981e-16
3888.0	8.992544e-16
3890.0	8.98851e-16
3892.0	8.712128e-16
3894.0	8.853925e-16
3896.0	8.7869e-16
3898.0	8.218087e-16
3900.0	7.802186e-16
3902.0	8.306926e-16
3904.0	7.460796e-16
3906.0	7.644505e-16
3908.0	6.99683e-16
3910.0	6.863805e-16
3912.0	6.262622e-16
3914.0	6.691983e-16
3916.0	6.834832e-16
3918.0	7.223419e-16
3920.0	7.19365e-16
3922.0	6.825757e-16
3924.0	6.386173e-16
3926.0	6.682199e-16
3928.0	7.047502e-16
3930.0	6.103907e-16
3932.0	5.564061e-16
3934.0	5.300041e-16
3936.0	5.515107e-16
3938.0	4.972721e-16
3940.0	4.00897e-16
3942.0	4.22555e-16
3944.0	4.841386e-16
3946.0	4.674267e-16
3948.0	4.794218e-16
3950.0	5.183627e-16
3952.0	4.548736e-16
3954.0	3.701967e-16
3956.0	3.835972e-16
3958.0	4.202364e-16
3960.0	3.992031e-16
3962.0	3.582068e-16
3964.0	3.321279e-16
3966.0	3.833584e-16
3968.0	4.244417e-16
3970.0	3.883051e-16
3972.0	3.341942e-16
3974.0	3.585178e-16
3976.0	3.37432e-16
3978.0	3.701474e-16
3980.0	3.534286e-16
3982.0	3.041107e-16
3984.0	2.573129e-16
3986.0	2.10706e-16
3988.0	2.572845e-16
3990.0	3.117543e-16
3992.0	3.012711e-16
3994.0	2.225622e-16
3996.0	2.228792e-16
3998.0	2.431061e-16
4000.0	1.696786e-16
4002.0	1.251248e-16
4004.0	1.886358e-16
4006.0	2.570403e-16
4008.0	2.782555e-16
4010.0	2.972265e-16
4012.0	2.84727e-16
4014.0	2.683681e-16
4016.0	2.287696e-16
4018.0	2.666082e-16
4020.0	2.68253e-16
4022.0	1.811351e-16
4024.0	2.136199e-16
4026.0	2.435047e-16
4028.0	2.171364e-16
4030.0	2.523073e-16
4032.0	3.066221e-16
4034.0	2.656904e-16
4036.0	2.537211e-16
4038.0	2.580459e-16
4040.0	1.933312e-16
4042.0	2.246762e-16
4044.0	2.740526e-16
4046.0	2.909415e-16
4048.0	3.587486e-16
4050.0	3.643273e-16
4052.0	3.286108e-16
4054.0	2.850151e-16
4056.0	3.202801e-16
4058.0	3.463518e-16
4060.0	3.78943e-16
4062.0	3.851302e-16
4064.0	3.944108e-16
4066.0	3.747318e-16
4068.0	3.802808e-16
4070.0	3.493958e-16
4072.0	3.997273e-16
4074.0	4.445117e-16
4076.0	4.4101e-16
4078.0	4.412566e-16
4080.0	4.086659e-16
4082.0	3.986283e-16
4084.0	4.087857e-16
4086.0	4.390564e-16
4088.0	4.71563e-16
4090.0	4.275517e-16
4092.0	4.235366e-16
4094.0	4.511066e-16
4096.0	4.081679e-16
4098.0	4.161801e-16
4100.0	4.829938e-16
4102.0	4.962669e-16
4104.0	5.119468e-16
4106.0	5.434776e-16
4108.0	5.386486e-16
4110.0	4.980425e-16
4112.0	5.064893e-16
4114.0	5.271926e-16
4116.0	5.006512e-16
4118.0	5.247753e-16
4120.0	5.346006e-16
4122.0	5.442222e-16
4124.0	6.182515e-16
4126.0	6.471942e-16
4128.0	5.742987e-16
4130.0	5.747443e-16
4132.0	6.146874e-16
4134.0	6.84671e-16
4136.0	6.218234e-16
4138.0	5.937012e-16
4140.0	6.004921e-16
4142.0	6.588005e-16
4144.0	7.278935e-16
4146.0	6.957156e-16
4148.0	6.75549e-16
4150.0	6.984541e-16
4152.0	6.554311e-16
4154.0	7.499008e-16
4156.0	7.806713e-16
4158.0	7.87942e-16
4160.0	7.454031e-16
4162.0	8.190968e-16
4164.0	8.949103e-16
4166.0	9.017335e-16
4168.0	8.868525e-16
4170.0	8.680564e-16
4172.0	8.824109e-16
4174.0	1.00428e-15
4176.0	1.031186e-15
4178.0	1.005132e-15
4180.0	1.040043e-15
4182.0	1.162325e-15
4184.0	1.159174e-15
4186.0	1.138609e-15
4188.0	1.076621e-15
4190.0	1.123942e-15
4192.0	1.169767e-15
4194.0	1.173494e-15
4196.0	1.158715e-15
4198.0	1.152486e-15
4200.0	1.192831e-15
4202.0	1.224808e-15
4204.0	1.268786e-15
4206.0	1.263676e-15
4208.0	1.301478e-15
4210.0	1.252254e-15
4212.0	1.126613e-15
4214.0	1.219184e-15
4216.0	1.260469e-15
4218.0	1.280964e-15
4220.0	1.333092e-15
4222.0	1.300078e-15
4224.0	1.307066e-15
4226.0	1.275497e-15
4228.0	1.251098e-15
4230.0	1.302682e-15
4232.0	1.335019e-15
4234.0	1.294818e-15
4236.0	1.32367e-15
4238.0	1.332288e-15
4240.0	1.329015e-15
4242.0	1.346028e-15
4244.0	1.350626e-15
4246.0	1.41344e-15
4248.0	1.417614e-15
4250.0	1.355832e-15
4252.0	1.363211e-15
4254.0	1.399089e-15
4256.0	1.49013e-15
4258.0	1.48346e-15
4260.0	1.394873e-15
4262.0	1.402102e-15
4264.0	1.397945e-15
4266.0	1.295936e-15
4268.0	1.238972e-15
4270.0	1.251896e-15
4272.0	1.34389e-15
4274.0	1.398581e-15
4276.0	1.371684e-15
4278.0	1.364392e-15
4280.0	1.341205e-15
4282.0	1.308527e-15
4284.0	1.275056e-15
4286.0	1.271255e-15
4288.0	1.299006e-15
4290.0	1.264634e-15
4292.0	1.289799e-15
4294.0	1.314008e-15
4296.0	1.293544e-15
4298.0	1.355624e-15
4300.0	1.281437e-15
4302.0	1.144014e-15
4304.0	1.175003e-15
4306.0	1.208362e-15
4308.0	1.164154e-15
4310.0	1.155307e-15
4312.0	1.179798e-15
4314.0	1.248487e-15
4316.0	1.223575e-15
4318.0	1.143479e-15
4320.0	1.110307e-15
4322.0	1.125435e-15
4324.0	1.116534e-15
4326.0	1.17852e-15
4328.0	1.233757e-15
4330.0	1.135898e-15
4332.0	1.117547e-15
4334.0	1.182199e-15
4336.0	1.198655e-15
4338.0	1.216585e-15
4340.0	1.189879e-15
4342.0	1.199159e-15
4344.0	1.247904e-15
4346.0	1.189195e-15
4348.0	1.151473e-15
4350.0	1.211114e-15
4352.0	1.243463e-15
4354.0	1.181957e-15
4356.0	1.159793e-15
4358.0	1.267534e-15
4360.0	1.27116e-15
4362.0	1.175402e-15
4364.0	1.196781e-15
4366.0	1.262959e-15
4368.0	1.287468e-15
4370.0	1.283263e-15
4372.0	1.289484e-15
4374.0	1.298873e-15
4376.0	1.311803e-15
4378.0	1.331218e-15
4380.0	1.315062e-15
4382.0	1.304912e-15
4384.0	1.333051e-15
4386.0	1.376267e-15
4388.0	1.384454e-15
4390.0	1.353542e-15
4392.0	1.388608e-15
4394.0	1.418385e-15
4396.0	1.385769e-15
4398.0	1.340459e-15
4400.0	1.345389e-15
4402.0	1.406021e-15
4404.0	1.376153e-15
4406.0	1.340924e-15
4408.0	1.435185e-15
4410.0	1.506987e-15
4412.0	1.505765e-15
4414.0	1.50449e-15
4416.0	1.476326e-15
4418.0	1.465711e-15
4420.0	1.506601e-15
4422.0	1.536668e-15
4424.0	1.543513e-15
4426.0	1.50763e-15
4428.0	1.483767e-15
4430.0	1.491256e-15
4432.0	1.447083e-15
4434.0	1.403828e-15
4436.0	1.428233e-15
4438.0	1.488565e-15
4440.0	1.519906e-15
4442.0	1.48481e-15
4444.0	1.445462e-15
4446.0	1.412604e-15
4448.0	1.36634e-15
4450.0	1.393933e-15
4452.0	1.472315e-15
4454.0	1.475757e-15
4456.0	1.425861e-15
4458.0	1.381097e-15
4460.0	1.337211e-15
4462.0	1.331551e-15
4464.0	1.386733e-15
4466.0	1.3744e-15
4468.0	1.287937e-15
4470.0	1.278479e-15
4472.0	1.273672e-15
4474.0	1.286652e-15
4476.0	1.299691e-15
4478.0	1.279427e-15
4480.0	1.262274e-15
4482.0	1.30885e-15
4484.0	1.327823e-15
4486.0	1.304204e-15
4488.0	1.334125e-15
4490.0	1.29001e-15
4492.0	1.218127e-15
4494.0	1.233445e-15
4496.0	1.253936e-15
4498.0	1.242051e-15
4500.0	1.24101e-15
4502.0	1.264241e-15
4504.0	1.189363e-15
4506.0	1.161794e-15
4508.0	1.234028e-15
4510.0	1.266593e-15
4512.0	1.258861e-15
4514.0	1.315825e-15
4516.0	1.361524e-15
4518.0	1.27668e-15
4520.0	1.25826e-15
4522.0	1.213291e-15
4524.0	1.204238e-15
4526.0	1.182889e-15
4528.0	1.14201e-15
4530.0	1.135512e-15
4532.0	1.176546e-15
4534.0	1.120292e-15
4536.0	1.149658e-15
4538.0	1.115781e-15
4540.0	1.120959e-15
4542.0	1.161489e-15
4544.0	1.180157e-15
4546.0	1.115183e-15
4548.0	1.08572e-15
4550.0	1.066227e-15
4552.0	1.047748e-15
4554.0	1.045333e-15
4556.0	1.065703e-15
4558.0	1.051411e-15
4560.0	1.044021e-15
4562.0	9.958928e-16
4564.0	9.768877e-16
4566.0	9.557866e-16
4568.0	9.579051e-16
4570.0	9.650416e-16
4572.0	9.612049e-16
4574.0	1.046106e-15
4576.0	1.025026e-15
4578.0	1.076049e-15
4580.0	9.836608e-16
4582.0	8.987079e-16
4584.0	9.055214e-16
4586.0	8.849107e-16
4588.0	9.428239e-16
4590.0	9.505033e-16
4592.0	9.034817e-16
4594.0	8.750789e-16
4596.0	8.714095e-16
4598.0	8.269658e-16
4600.0	8.706855e-16
4602.0	8.925631e-16
4604.0	8.487169e-16
4606.0	8.750639e-16
4608.0	8.172026e-16
4610.0	7.736706e-16
4612.0	7.419973e-16
4614.0	7.623803e-16
4616.0	7.947839e-16
4618.0	8.034033e-16
4620.0	7.542036e-16
4622.0	7.43403e-16
4624.0	8.20259e-16
4626.0	7.52904e-16
4628.0	7.315553e-16
4630.0	6.587984e-16
4632.0	6.44235e-16
4634.0	6.84822e-16
4636.0	6.672927e-16
4638.0	7.277168e-16
4640.0	6.722766e-16
4642.0	6.98863e-16
4644.0	7.538892e-16
4646.0	7.069773e-16
4648.0	6.858405e-16
4650.0	7.356908e-16
4652.0	7.250463e-16
4654.0	7.098316e-16
4656.0	6.883627e-16
4658.0	7.002741e-16
4660.0	7.819852e-16
4662.0	7.355747e-16
4664.0	7.176096e-16
4666.0	6.64293e-16
4668.0	7.227488e-16
4670.0	7.469364e-16
4672.0	7.278075e-16
4674.0	6.889896e-16
4676.0	7.688102e-16
4678.0	7.684997e-16
4680.0	7.826826e-16
4682.0	8.054307e-16
4684.0	8.266468e-16
4686.0	7.735407e-16
4688.0	7.918525e-16
4690.0	8.305172e-16
4692.0	7.786133e-16
4694.0	7.707146e-16
4696.0	7.581905e-16
4698.0	8.186211e-16
4700.0	8.008265e-16
4702.0	7.459165e-16
4704.0	8.02669e-16
4706.0	8.49576e-16
4708.0	8.076308e-16
4710.0	7.910981e-16
4712.0	8.135719e-16
4714.0	8.694099e-16
4716.0	8.959045e-16
4718.0	8.834108e-16
4720.0	9.544469e-16
4722.0	8.674937e-16
4724.0	8.299088e-16
4726.0	8.622967e-16
4728.0	9.061585e-16
4730.0	9.159064e-16
4732.0	8.991627e-16
4734.0	9.318293e-16
4736.0	9.31974e-16
4738.0	9.742749e-16
4740.0	9.638155e-16
4742.0	9.225523e-16
4744.0	9.005714e-16
4746.0	9.376172e-16
4748.0	9.848468e-16
4750.0	9.212348e-16
4752.0	9.111133e-16
4754.0	9.869913e-16
4756.0	9.353403e-16
4758.0	9.305488e-16
4760.0	1.005454e-15
4762.0	9.748635e-16
4764.0	9.25867e-16
4766.0	9.413614e-16
4768.0	9.235011e-16
4770.0	8.86974e-16
4772.0	9.055414e-16
4774.0	9.444091e-16
4776.0	9.203129e-16
4778.0	9.535344e-16
4780.0	9.261377e-16
4782.0	8.70922e-16
4784.0	8.950601e-16
4786.0	8.670677e-16
4788.0	8.328323e-16
4790.0	8.412895e-16
4792.0	8.937842e-16
4794.0	8.829804e-16
4796.0	8.137725e-16
4798.0	8.174626e-16
4800.0	8.70413e-16
4802.0	8.765845e-16
4804.0	8.586669e-16
4806.0	8.225761e-16
4808.0	8.210028e-16
4810.0	8.58084e-16
4812.0	8.537284e-16
4814.0	8.602413e-16
4816.0	8.698455e-16
4818.0	8.785938e-16
4820.0	9.526216e-16
4822.0	1.009346e-15
4824.0	9.802743e-16
4826.0	9.613422e-16
4828.0	9.453397e-16
4830.0	9.350153e-16
4832.0	1.002796e-15
4834.0	1.036223e-15
4836.0	1.005483e-15
4838.0	9.997403e-16
4840.0	1.018903e-15
4842.0	1.008773e-15
4844.0	9.815851e-16
4846.0	1.03207e-15
4848.0	1.070056e-15
4850.0	1.048676e-15
4852.0	1.057801e-15
4854.0	1.050091e-15
4856.0	1.068853e-15
4858.0	1.099499e-15
4860.0	1.078413e-15
4862.0	1.072512e-15
4864.0	1.106977e-15
4866.0	1.144696e-15
4868.0	1.154239e-15
4870.0	1.144127e-15
4872.0	1.112649e-15
4874.0	1.126407e-15
4876.0	1.119668e-15
4878.0	1.140393e-15
4880.0	1.178281e-15
4882.0	1.141552e-15
4884.0	1.145139e-15
4886.0	1.195144e-15
4888.0	1.15814e-15
4890.0	1.171169e-15
4892.0	1.175025e-15
4894.0	1.182686e-15
4896.0	1.200014e-15
4898.0	1.23161e-15
4900.0	1.172276e-15
4902.0	1.156823e-15
4904.0	1.159917e-15
4906.0	1.132274e-15
4908.0	1.136856e-15
4910.0	1.137704e-15
4912.0	1.115115e-15
4914.0	1.109004e-15
4916.0	1.126902e-15
4918.0	1.129308e-15
4920.0	1.152726e-15
4922.0	1.128268e-15
4924.0	1.078801e-15
4926.0	1.102268e-15
4928.0	1.11801e-15
4930.0	1.052275e-15
4932.0	1.04398e-15
4934.0	1.103915e-15
4936.0	1.130936e-15
4938.0	1.152488e-15
4940.0	1.141287e-15
4942.0	1.14917e-15
4944.0	1.137616e-15
4946.0	1.113679e-15
4948.0	1.105752e-15
4950.0	1.134266e-15
4952.0	1.117584e-15
4954.0	1.135122e-15
4956.0	1.179846e-15
4958.0	1.17189e-15
4960.0	1.1414e-15
4962.0	1.105645e-15
4964.0	1.095035e-15
4966.0	1.121608e-15
4968.0	1.136517e-15
4970.0	1.093642e-15
4972.0	1.098685e-15
4974.0	1.175226e-15
4976.0	1.166719e-15
4978.0	1.144184e-15
4980.0	1.14303e-15
4982.0	1.148772e-15
4984.0	1.146874e-15
4986.0	1.113603e-15
4988.0	1.130393e-15
4990.0	1.123215e-15
4992.0	1.085783e-15
4994.0	1.08283e-15
4996.0	1.067847e-15
4998.0	1.046868e-15
5000.0	1.055598e-15
5002.0	1.040063e-15
5004.0	1.033659e-15
5006.0	1.028751e-15
5008.0	1.0293e-15
5010.0	1.029745e-15
5012.0	1.000037e-15
5014.0	9.97239e-16
5016.0	9.647599e-16
5018.0	9.21098e-16
5020.0	9.474283e-16
5022.0	9.645806e-16
5024.0	9.487835e-16
5026.0	9.2269e-16
5028.0	9.251266e-16
5030.0	9.616677e-16
5032.0	9.498236e-16
5034.0	8.934851e-16
5036.0	8.804133e-16
5038.0	8.898637e-16
5040.0	9.438586e-16
5042.0	9.317155e-16
5044.0	8.872588e-16
5046.0	9.146174e-16
5048.0	9.189005e-16
5050.0	8.830762e-16
5052.0	8.858383e-16
5054.0	8.936555e-16
5056.0	8.550779e-16
5058.0	8.612218e-16
5060.0	8.291189e-16
5062.0	8.215121e-16
5064.0	8.069918e-16
5066.0	7.94842e-16
5068.0	8.075667e-16
5070.0	8.538253e-16
5072.0	8.451211e-16
5074.0	8.274866e-16
5076.0	8.914265e-16
5078.0	8.763646e-16
5080.0	8.390693e-16
5082.0	8.379058e-16
5084.0	8.12087e-16
5086.0	8.049798e-16
5088.0	8.522741e-16
5090.0	8.700843e-16
5092.0	8.358442e-16
5094.0	8.434643e-16
5096.0	8.17587e-16
5098.0	8.178867e-16
5100.0	8.25079e-16
5102.0	8.326662e-16
5104.0	8.530718e-16
5106.0	8.518771e-16
5108.0	8.124111e-16
5110.0	8.353328e-16
5112.0	8.428958e-16
5114.0	7.894298e-16
5116.0	7.706867e-16
5118.0	8.043073e-16
5120.0	7.954386e-16
5122.0	7.722161e-16
5124.0	7.310862e-16
5126.0	7.086615e-16
5128.0	7.630408e-16
5130.0	7.464315e-16
5132.0	7.289089e-16
5134.0	7.399177e-16
5136.0	7.735229e-16
5138.0	7.380417e-16
5140.0	7.412831e-16
5142.0	7.303928e-16
5144.0	7.694279e-16
5146.0	7.368305e-16
5148.0	6.853745e-16
5150.0	6.812477e-16
5152.0	6.920683e-16
5154.0	7.284537e-16
5156.0	7.581005e-16
5158.0	7.617417e-16
5160.0	7.217641e-16
5162.0	6.98385e-16
5164.0	7.178772e-16
5166.0	7.263176e-16
5168.0	7.577718e-16
5170.0	7.986096e-16
5172.0	7.609018e-16
5174.0	8.031287e-16
5176.0	8.328475e-16
5178.0	8.211746e-16
5180.0	8.235526e-16
5182.0	8.186416e-16
5184.0	7.798342e-16
5186.0	7.773518e-16
5188.0	8.074401e-16
5190.0	8.011464e-16
5192.0	7.633465e-16
5194.0	7.563265e-16
5196.0	7.244925e-16
5198.0	7.6584e-16
5200.0	7.79619e-16
5202.0	7.336079e-16
5204.0	7.302762e-16
5206.0	7.336884e-16
5208.0	7.46249e-16
5210.0	6.964782e-16
5212.0	7.161938e-16
5214.0	6.899342e-16
5216.0	6.553232e-16
5218.0	6.475054e-16
5220.0	6.580742e-16
5222.0	6.67038e-16
5224.0	6.749703e-16
5226.0	6.611288e-16
5228.0	6.70932e-16
5230.0	6.961602e-16
5232.0	6.443106e-16
5234.0	6.285472e-16
5236.0	6.324131e-16
5238.0	6.130946e-16
5240.0	5.871014e-16
5242.0	5.895982e-16
5244.0	5.972126e-16
5246.0	6.12455e-16
5248.0	5.999887e-16
5250.0	5.749671e-16
5252.0	6.250804e-16
5254.0	6.396243e-16
5256.0	5.88626e-16
5258.0	5.910365e-16
5260.0	6.214303e-16
5262.0	5.962266e-16
5264.0	5.678248e-16
5266.0	5.602653e-16
5268.0	5.820415e-16
5270.0	6.115653e-16
5272.0	5.848082e-16
5274.0	4.852565e-16
5276.0	4.780661e-16
5278.0	5.511221e-16
5280.0	6.442056e-16
5282.0	6.470829e-16
5284.0	6.166399e-16
5286.0	6.424652e-16
5288.0	6.394792e-16
5290.0	6.175691e-16
5292.0	6.132193e-16
5294.0	6.084877e-16
5296.0	6.709268e-16
5298.0	6.851994e-16
5300.0	6.431216e-16
5302.0	6.198265e-16
5304.0	5.873367e-16
5306.0	5.860421e-16
5308.0	6.312988e-16
5310.0	6.309501e-16
5312.0	6.554049e-16
5314.0	6.442242e-16
5316.0	6.500177e-16
5318.0	6.753454e-16
5320.0	6.707885e-16
5322.0	6.77649e-16
5324.0	6.439704e-16
5326.0	6.079611e-16
5328.0	5.996426e-16
5330.0	6.033027e-16
5332.0	6.342477e-16
5334.0	6.49163e-16
5336.0	6.490405e-16
5338.0	6.531163e-16
5340.0	6.090796e-16
5342.0	6.223517e-16
5344.0	6.367061e-16
5346.0	6.471082e-16
5348.0	6.769971e-16
5350.0	6.557378e-16
5352.0	6.155067e-16
5354.0	6.013843e-16
5356.0	6.307895e-16
5358.0	6.714932e-16
5360.0	6.928044e-16
5362.0	6.517061e-16
5364.0	6.560072e-16
5366.0	6.911584e-16
5368.0	6.511204e-16
5370.0	6.138675e-16
5372.0	6.20691e-16
5374.0	6.26378e-16
5376.0	6.241512e-16
5378.0	6.016678e-16
5380.0	6.04567e-16
5382.0	6.606432e-16
5384.0	6.637124e-16
5386.0	6.39242e-16
5388.0	6.329659e-16
5390.0	6.255003e-16
5392.0	6.275976e-16
5394.0	6.630399e-16
5396.0	6.947831e-16
5398.0	6.933894e-16
5400.0	6.995416e-16
5402.0	6.840531e-16
5404.0	6.611507e-16
5406.0	6.724187e-16
5408.0	6.884015e-16
5410.0	6.764311e-16
5412.0	6.139019e-16
5414.0	6.414549e-16
5416.0	6.871726e-16
5418.0	6.87559e-16
5420.0	6.727281e-16
5422.0	6.797326e-16
5424.0	7.058618e-16
5426.0	6.992778e-16
5428.0	6.660211e-16
5430.0	6.555402e-16
5432.0	6.770628e-16
5434.0	7.063261e-16
5436.0	7.262961e-16
5438.0	7.477241e-16
5440.0	7.439321e-16
5442.0	7.287119e-16
5444.0	7.177577e-16
5446.0	7.095836e-16
5448.0	7.062475e-16
5450.0	7.300643e-16
5452.0	7.331517e-16
5454.0	7.123103e-16
5456.0	7.311929e-16
5458.0	7.367317e-16
5460.0	7.442468e-16
5462.0	7.853074e-16
5464.0	8.310682e-16
5466.0	8.129844e-16
5468.0	7.621798e-16
5470.0	7.436711e-16
5472.0	7.700579e-16
5474.0	7.951367e-16
5476.0	7.887189e-16
5478.0	8.071582e-16
5480.0	7.995008e-16
5482.0	8.10451e-16
5484.0	8.410564e-16
5486.0	8.296242e-16
5488.0	8.065078e-16
5490.0	7.722327e-16
5492.0	7.740943e-16
5494.0	8.062712e-16
5496.0	8.238159e-16
5498.0	8.488688e-16
5500.0	8.665565e-16
5502.0	8.898213e-16
5504.0	8.611127e-16
5506.0	8.253516e-16
5508.0	8.327569e-16
5510.0	8.698257e-16
5512.0	8.802885e-16
5514.0	8.659223e-16
5516.0	8.544222e-16
5518.0	8.649803e-16
5520.0	8.935179e-16
5522.0	9.349263e-16
5524.0	9.451857e-16
5526.0	9.534087e-16
5528.0	9.746804e-16
5530.0	9.806671e-16
5532.0	9.602806e-16
5534.0	9.343248e-16
5536.0	8.997922e-16
5538.0	8.737284e-16
5540.0	8.77561e-16
5542.0	9.049209e-16
5544.0	9.279593e-16
5546.0	9.401693e-16
5548.0	9.246121e-16
5550.0	8.955097e-16
5552.0	8.921053e-16
5554.0	8.646453e-16
5556.0	8.674654e-16
5558.0	8.616204e-16
5560.0	8.553319e-16
5562.0	8.939959e-16
5564.0	8.949842e-16
5566.0	8.632505e-16
5568.0	8.723934e-16
5570.0	9.066264e-16
5572.0	8.83596e-16
5574.0	7.828679e-16
5576.0	7.854233e-16
5578.0	8.248973e-16
5580.0	8.642714e-16
5582.0	9.619125e-16
5584.0	9.026749e-16
5586.0	8.821707e-16
5588.0	8.832774e-16
5590.0	9.096681e-16
5592.0	9.196976e-16
5594.0	8.976723e-16
5596.0	8.906456e-16
5598.0	8.681966e-16
5600.0	8.603957e-16
5602.0	8.985684e-16
5604.0	9.006643e-16
5606.0	9.150631e-16
5608.0	9.655071e-16
5610.0	9.565535e-16
5612.0	9.13937e-16
5614.0	9.043834e-16
5616.0	9.017647e-16
5618.0	9.235935e-16
5620.0	9.057652e-16
5622.0	8.677286e-16
5624.0	8.779202e-16
5626.0	9.004749e-16
5628.0	9.082579e-16
5630.0	8.888436e-16
5632.0	8.85136e-16
5634.0	8.736724e-16
5636.0	8.498925e-16
5638.0	8.91705e-16
5640.0	9.188077e-16
5642.0	8.403542e-16
5644.0	7.987559e-16
5646.0	8.181459e-16
5648.0	8.27274e-16
5650.0	8.31109e-16
5652.0	8.101499e-16
5654.0	7.997352e-16
5656.0	7.765793e-16
5658.0	7.469084e-16
5660.0	7.595947e-16
5662.0	7.451083e-16
5664.0	7.221817e-16
5666.0	7.043801e-16
5668.0	6.853241e-16
5670.0	6.746371e-16
5672.0	6.665497e-16
5674.0	6.779823e-16
5676.0	6.772697e-16
5678.0	6.609768e-16
5680.0	6.451074e-16
5682.0	6.324524e-16
5684.0	6.20921e-16
5686.0	6.009696e-16
5688.0	5.817672e-16
5690.0	5.85345e-16
5692.0	5.927338e-16
5694.0	5.926838e-16
5696.0	5.741545e-16
5698.0	5.770918e-16
5700.0	5.839106e-16
5702.0	5.732857e-16
5704.0	5.920175e-16
5706.0	5.847186e-16
5708.0	5.354658e-16
5710.0	4.925933e-16
5712.0	5.208661e-16
5714.0	5.89148e-16
5716.0	5.92248e-16
5718.0	5.793847e-16
5720.0	5.825001e-16
5722.0	5.793154e-16
5724.0	5.835128e-16
5726.0	5.784231e-16
5728.0	5.841052e-16
5730.0	5.895269e-16
5732.0	5.628331e-16
5734.0	5.207394e-16
5736.0	5.253251e-16
5738.0	5.398288e-16
5740.0	5.290846e-16
5742.0	5.424374e-16
5744.0	5.671789e-16
5746.0	5.451155e-16
5748.0	5.306355e-16
5750.0	5.566008e-16
5752.0	5.99155e-16
5754.0	6.006724e-16
5756.0	5.588314e-16
5758.0	5.607854e-16
5760.0	5.813986e-16
5762.0	5.829602e-16
5764.0	5.649143e-16
5766.0	5.665901e-16
5768.0	5.894687e-16
5770.0	5.994595e-16
5772.0	5.799401e-16
5774.0	5.65351e-16
5776.0	5.919251e-16
5778.0	5.929891e-16
5780.0	5.928099e-16
5782.0	6.409097e-16
5784.0	6.713965e-16
5786.0	6.287529e-16
5788.0	6.243062e-16
5790.0	6.180385e-16
5792.0	6.484043e-16
5794.0	6.353534e-16
5796.0	6.420446e-16
5798.0	6.844434e-16
5800.0	6.834823e-16
5802.0	6.715249e-16
5804.0	6.756989e-16
5806.0	6.879432e-16
5808.0	6.855732e-16
5810.0	6.743294e-16
5812.0	6.571e-16
5814.0	6.500708e-16
5816.0	6.611823e-16
5818.0	6.769916e-16
5820.0	6.512979e-16
5822.0	6.552411e-16
5824.0	6.854434e-16
5826.0	6.998467e-16
5828.0	6.911575e-16
5830.0	6.888968e-16
5832.0	6.724142e-16
5834.0	6.25122e-16
5836.0	6.351971e-16
5838.0	6.806025e-16
5840.0	6.256029e-16
5842.0	6.194524e-16
5844.0	6.249144e-16
5846.0	6.086309e-16
5848.0	6.734696e-16
5850.0	6.356813e-16
5852.0	5.873509e-16
5854.0	6.221398e-16
5856.0	6.288809e-16
5858.0	6.199737e-16
5860.0	6.16992e-16
5862.0	5.945848e-16
5864.0	5.573987e-16
5866.0	5.549967e-16
5868.0	5.644522e-16
5870.0	5.871212e-16
5872.0	5.80777e-16
5874.0	5.629342e-16
5876.0	5.718599e-16
5878.0	5.934386e-16
5880.0	5.714537e-16
5882.0	5.316705e-16
5884.0	5.439631e-16
5886.0	5.495898e-16
5888.0	5.237653e-16
5890.0	4.964703e-16
5892.0	4.820019e-16
5894.0	5.174274e-16
5896.0	5.162846e-16
5898.0	5.026959e-16
5900.0	5.270635e-16
5902.0	5.097916e-16
5904.0	5.354696e-16
5906.0	4.865519e-16
5908.0	4.860646e-16
5910.0	4.938725e-16
5912.0	4.929558e-16
5914.0	5.181064e-16
5916.0	5.112697e-16
5918.0	5.127554e-16
5920.0	5.004039e-16
5922.0	5.090461e-16
5924.0	5.289131e-16
5926.0	5.381642e-16
5928.0	5.227462e-16
5930.0	5.782835e-16
5932.0	6.323051e-16
5934.0	6.46168e-16
5936.0	6.271432e-16
5938.0	6.135724e-16
5940.0	5.79788e-16
5942.0	5.626379e-16
5944.0	6.333115e-16
5946.0	6.229254e-16
5948.0	6.21898e-16
5950.0	7.025226e-16
5952.0	6.691013e-16
5954.0	6.504687e-16
5956.0	6.771038e-16
5958.0	6.92175e-16
5960.0	7.061149e-16
5962.0	6.837063e-16
5964.0	7.258716e-16
5966.0	7.07854e-16
5968.0	6.896996e-16
5970.0	6.999688e-16
5972.0	7.088718e-16
5974.0	6.856231e-16
5976.0	6.964444e-16
5978.0	7.203191e-16
5980.0	6.915521e-16
5982.0	6.966883e-16
5984.0	7.469374e-16
5986.0	7.293056e-16
5988.0	7.784373e-16
5990.0	8.051682e-16
5992.0	7.730818e-16
5994.0	7.845074e-16
5996.0	7.780215e-16
5998.0	7.596348e-16
6000.0	7.621527e-16
6002.0	7.668736e-16
6004.0	7.805622e-16
6006.0	7.732042e-16
6008.0	7.476656e-16
6010.0	7.901722e-16
6012.0	7.601145e-16
6014.0	7.483235e-16
6016.0	7.870417e-16
6018.0	7.900856e-16
6020.0	7.83646e-16
6022.0	7.628972e-16
6024.0	7.55227e-16
6026.0	7.495505e-16
6028.0	7.585159e-16
6030.0	7.806926e-16
6032.0	7.781649e-16
6034.0	7.715083e-16
6036.0	7.918315e-16
6038.0	7.990768e-16
6040.0	7.748812e-16
6042.0	7.995308e-16
6044.0	8.146467e-16
6046.0	7.891847e-16
6048.0	7.864e-16
6050.0	8.033823e-16
6052.0	8.025797e-16
6054.0	8.175351e-16
6056.0	8.169555e-16
6058.0	7.943704e-16
6060.0	8.073763e-16
6062.0	8.12407e-16
6064.0	8.012031e-16
6066.0	7.874499e-16
6068.0	7.978153e-16
6070.0	8.13153e-16
6072.0	7.990437e-16
6074.0	7.955257e-16
6076.0	8.077979e-16
6078.0	8.044966e-16
6080.0	7.863598e-16
6082.0	7.94991e-16
6084.0	8.154398e-16
6086.0	8.18377e-16
6088.0	8.181404e-16
6090.0	8.102081e-16
6092.0	7.839733e-16
6094.0	7.72335e-16
6096.0	7.840647e-16
6098.0	7.870183e-16
6100.0	8.42545e-16
6102.0	8.255188e-16
6104.0	7.671323e-16
6106.0	8.02108e-16
6108.0	8.501326e-16
6110.0	8.040848e-16
6112.0	7.327956e-16
6114.0	7.665038e-16
6116.0	7.631263e-16
6118.0	7.59562e-16
6120.0	7.988185e-16
6122.0	8.044673e-16
6124.0	7.846896e-16
6126.0	7.779867e-16
6128.0	7.987709e-16
6130.0	7.918695e-16
6132.0	7.781142e-16
6134.0	7.758365e-16
6136.0	8.005856e-16
6138.0	7.871682e-16
6140.0	7.848185e-16
6142.0	8.378958e-16
6144.0	8.742531e-16
6146.0	8.54295e-16
6148.0	8.461961e-16
6150.0	8.203851e-16
6152.0	7.797e-16
6154.0	7.783214e-16
6156.0	7.883379e-16
6158.0	7.681185e-16
6160.0	7.769401e-16
6162.0	7.844499e-16
6164.0	7.896016e-16
6166.0	8.171826e-16
6168.0	7.849816e-16
6170.0	7.531181e-16
6172.0	7.496519e-16
6174.0	7.558483e-16
6176.0	7.485484e-16
6178.0	7.530018e-16
6180.0	7.448991e-16
6182.0	7.212419e-16
6184.0	7.514408e-16
6186.0	7.392841e-16
6188.0	7.305659e-16
6190.0	7.52306e-16
6192.0	7.219814e-16
6194.0	6.803298e-16
6196.0	6.975839e-16
6198.0	7.246158e-16
6200.0	7.231958e-16
6202.0	6.861729e-16
6204.0	6.905368e-16
6206.0	6.903162e-16
6208.0	6.940271e-16
6210.0	7.024616e-16
6212.0	6.777546e-16
6214.0	6.661181e-16
6216.0	6.875642e-16
6218.0	6.686636e-16
6220.0	6.695756e-16
6222.0	6.865346e-16
6224.0	6.754307e-16
6226.0	6.675807e-16
6228.0	6.568687e-16
6230.0	6.497566e-16
6232.0	6.606723e-16
6234.0	6.682324e-16
6236.0	6.745464e-16
6238.0	6.823001e-16
6240.0	6.753324e-16
6242.0	6.858532e-16
6244.0	6.924023e-16
6246.0	6.819765e-16
6248.0	6.8453e-16
6250.0	6.937182e-16
6252.0	6.859598e-16
6254.0	6.724114e-16
6256.0	6.972056e-16
6258.0	6.979609e-16
6260.0	6.721872e-16
6262.0	6.665152e-16
6264.0	6.94497e-16
6266.0	6.885751e-16
6268.0	6.647531e-16
6270.0	6.746158e-16
6272.0	6.690283e-16
6274.0	6.803383e-16
6276.0	6.66911e-16
6278.0	6.462388e-16
6280.0	7.070374e-16
6282.0	7.392301e-16
6284.0	7.144198e-16
6286.0	7.003537e-16
6288.0	6.994995e-16
6290.0	7.14768e-16
6292.0	7.09919e-16
6294.0	8.614151e-16
6296.0	9.993284e-16
6298.0	8.896621e-16
6300.0	6.890923e-16
6302.0	6.144885e-16
6304.0	6.290921e-16
6306.0	6.131792e-16
6308.0	6.720392e-16
6310.0	7.511448e-16
6312.0	7.553922e-16
6314.0	6.896354e-16
6316.0	6.752902e-16
6318.0	7.075336e-16
6320.0	7.393642e-16
6322.0	7.500318e-16
6324.0	6.872409e-16
6326.0	6.519644e-16
6328.0	7.336082e-16
6330.0	7.172465e-16
6332.0	7.180069e-16
6334.0	7.153723e-16
6336.0	6.816535e-16
6338.0	6.853368e-16
6340.0	7.267212e-16
6342.0	6.868454e-16
6344.0	7.047325e-16
6346.0	7.177561e-16
6348.0	7.304336e-16
6350.0	6.967218e-16
6352.0	6.90048e-16
6354.0	7.178527e-16
6356.0	7.320721e-16
6358.0	7.312811e-16
6360.0	6.62853e-16
6362.0	6.43305e-16
6364.0	6.750134e-16
6366.0	7.197914e-16
6368.0	6.693174e-16
6370.0	6.641387e-16
6372.0	7.084058e-16
6374.0	7.052384e-16
6376.0	6.974259e-16
6378.0	7.02793e-16
6380.0	6.828033e-16
6382.0	7.053596e-16
6384.0	7.006084e-16
6386.0	6.716123e-16
6388.0	6.763973e-16
6390.0	6.068639e-16
6392.0	5.815964e-16
6394.0	6.216313e-16
6396.0	6.549558e-16
6398.0	6.597433e-16
6400.0	6.558672e-16
6402.0	6.60283e-16
6404.0	7.355457e-16
6406.0	7.191078e-16
6408.0	7.025084e-16
6410.0	7.05978e-16
6412.0	7.284258e-16
6414.0	6.967746e-16
6416.0	7.147072e-16
6418.0	7.511643e-16
6420.0	7.405553e-16
6422.0	7.53274e-16
6424.0	7.272644e-16
6426.0	7.281613e-16
6428.0	7.3826e-16
6430.0	7.280594e-16
6432.0	7.092985e-16
6434.0	7.106088e-16
6436.0	6.829529e-16
6438.0	7.059363e-16
6440.0	7.297733e-16
6442.0	7.534045e-16
6444.0	7.382451e-16
6446.0	7.222628e-16
6448.0	7.145934e-16
6450.0	7.155846e-16
6452.0	7.010847e-16
6454.0	7.063509e-16
6456.0	6.989948e-16
6458.0	6.716464e-16
6460.0	6.899197e-16
6462.0	7.25699e-16
6464.0	7.581783e-16
6466.0	7.298972e-16
6468.0	7.189297e-16
6470.0	7.170224e-16
6472.0	6.721881e-16
6474.0	6.702881e-16
6476.0	7.027082e-16
6478.0	6.791517e-16
6480.0	6.72742e-16
6482.0	6.747568e-16
6484.0	6.608695e-16
6486.0	6.727339e-16
6488.0	6.853941e-16
6490.0	6.586163e-16
6492.0	6.779078e-16
6494.0	6.988312e-16
6496.0	6.637532e-16
6498.0	6.485984e-16
6500.0	6.609391e-16
6502.0	6.636076e-16
6504.0	6.053676e-16
6506.0	5.737637e-16
6508.0	6.017966e-16
6510.0	6.094188e-16
6512.0	6.090324e-16
6514.0	6.090873e-16
6516.0	5.985283e-16
6518.0	6.127051e-16
6520.0	6.125558e-16
6522.0	6.003371e-16
6524.0	5.645049e-16
6526.0	5.630218e-16
6528.0	5.924634e-16
6530.0	5.537521e-16
6532.0	5.347759e-16
6534.0	5.570814e-16
6536.0	5.108136e-16
6538.0	4.782788e-16
6540.0	5.187051e-16
6542.0	5.368663e-16
6544.0	5.015182e-16
6546.0	4.630254e-16
6548.0	4.744879e-16
6550.0	4.518807e-16
6552.0	4.490212e-16
6554.0	4.485531e-16
6556.0	4.218228e-16
6558.0	4.340416e-16
6560.0	4.413853e-16
6562.0	3.971572e-16
6564.0	4.075305e-16
6566.0	4.083506e-16
6568.0	3.855583e-16
6570.0	3.743804e-16
6572.0	3.581666e-16
6574.0	3.405727e-16
6576.0	3.558017e-16
6578.0	3.604628e-16
6580.0	3.521506e-16
6582.0	3.498645e-16
6584.0	3.434545e-16
6586.0	3.624489e-16
6588.0	3.194456e-16
6590.0	2.848016e-16
6592.0	3.491012e-16
6594.0	3.460438e-16
6596.0	3.356812e-16
6598.0	3.053797e-16
6600.0	3.075073e-16
6602.0	2.777494e-16
6604.0	2.520315e-16
6606.0	2.768061e-16
6608.0	2.715897e-16
6610.0	2.801577e-16
6612.0	2.906821e-16
6614.0	2.693999e-16
6616.0	2.816344e-16
6618.0	2.643873e-16
6620.0	2.405142e-16
6622.0	2.276497e-16
6624.0	2.368458e-16
6626.0	2.24298e-16
6628.0	2.143302e-16
6630.0	2.476891e-16
6632.0	2.607916e-16
6634.0	2.038293e-16
6636.0	2.469664e-16
6638.0	2.853917e-16
6640.0	2.678568e-16
6642.0	2.732005e-16
6644.0	2.560877e-16
6646.0	2.409402e-16
6648.0	2.40792e-16
6650.0	2.258884e-16
6652.0	2.144585e-16
6654.0	2.389723e-16
6656.0	2.640654e-16
6658.0	2.592203e-16
6660.0	2.444374e-16
6662.0	2.539983e-16
6664.0	2.752118e-16
6666.0	2.920425e-16
6668.0	2.80073e-16
6670.0	2.961066e-16
6672.0	2.730301e-16
6674.0	2.887823e-16
6676.0	3.097533e-16
6678.0	3.297044e-16
6680.0	3.286564e-16
6682.0	3.45353e-16
6684.0	3.317268e-16
6686.0	3.364063e-16
6688.0	3.306266e-16
6690.0	3.49595e-16
6692.0	3.552999e-16
6694.0	3.575692e-16
6696.0	3.746583e-16
6698.0	4.084387e-16
6700.0	3.777055e-16
6702.0	3.983155e-16
6704.0	4.031237e-16
6706.0	3.791e-16
6708.0	4.103484e-16
6710.0	4.238627e-16
6712.0	4.245411e-16
6714.0	4.177734e-16
6716.0	4.645813e-16
6718.0	5.183759e-16
6720.0	4.433113e-16
6722.0	4.290539e-16
6724.0	4.553615e-16
6726.0	4.675208e-16
6728.0	4.600938e-16
6730.0	4.674669e-16
6732.0	4.811179e-16
6734.0	4.878294e-16
6736.0	5.144023e-16
6738.0	5.282459e-16
6740.0	5.194254e-16
6742.0	5.005472e-16
6744.0	4.91367e-16
6746.0	5.058598e-16
6748.0	5.401912e-16
6750.0	5.45666e-16
6752.0	5.626026e-16
6754.0	5.690153e-16
6756.0	5.790115e-16
6758.0	5.676069e-16
6760.0	5.498017e-16
6762.0	5.803168e-16
6764.0	5.734943e-16
6766.0	5.350069e-16
6768.0	5.494895e-16
6770.0	5.699117e-16
6772.0	5.94582e-16
6774.0	6.138857e-16
6776.0	6.336011e-16
6778.0	6.17278e-16
6780.0	6.311012e-16
6782.0	6.545962e-16
6784.0	6.574479e-16
6786.0	6.259144e-16
6788.0	5.999433e-16
6790.0	5.918996e-16
6792.0	6.040959e-16
6794.0	6.506965e-16
6796.0	6.641541e-16
6798.0	6.448121e-16
6800.0	6.407916e-16
6802.0	6.332847e-16
6804.0	6.48297e-16
6806.0	6.506973e-16
6808.0	6.264052e-16
6810.0	5.904498e-16
6812.0	5.951508e-16
6814.0	6.223791e-16
6816.0	6.383954e-16
6818.0	6.523085e-16
6820.0	6.811944e-16
6822.0	6.568926e-16
6824.0	6.369708e-16
6826.0	6.425317e-16
6828.0	6.604353e-16
6830.0	6.484845e-16
6832.0	6.157141e-16
6834.0	6.242833e-16
6836.0	6.295687e-16
6838.0	6.830271e-16
6840.0	6.880223e-16
6842.0	6.594661e-16
6844.0	6.819927e-16
6846.0	6.58324e-16
6848.0	6.486832e-16
6850.0	6.82126e-16
6852.0	6.690653e-16
6854.0	6.728367e-16
6856.0	6.674218e-16
6858.0	6.674261e-16
6860.0	6.631689e-16
6862.0	6.42297e-16
6864.0	6.577323e-16
6866.0	6.681897e-16
6868.0	6.836349e-16
6870.0	6.812037e-16
6872.0	6.672809e-16
6874.0	6.621611e-16
6876.0	6.642028e-16
6878.0	6.780048e-16
6880.0	6.677702e-16
6882.0	6.501749e-16
6884.0	6.4472e-16
6886.0	6.448878e-16
6888.0	6.270224e-16
6890.0	6.391717e-16
6892.0	6.898563e-16
6894.0	7.110823e-16
6896.0	6.69975e-16
6898.0	6.171554e-16
6900.0	6.380907e-16
6902.0	6.832149e-16
6904.0	6.642042e-16
6906.0	6.157811e-16
6908.0	6.23504e-16
6910.0	6.294533e-16
6912.0	6.389571e-16
6914.0	6.891894e-16
6916.0	6.874004e-16
6918.0	6.417349e-16
6920.0	6.265419e-16
6922.0	6.402082e-16
6924.0	6.662455e-16
6926.0	6.277705e-16
6928.0	5.820045e-16
6930.0	6.386471e-16
6932.0	6.84391e-16
6934.0	6.458502e-16
6936.0	6.025202e-16
6938.0	6.362306e-16
6940.0	6.522298e-16
6942.0	6.386907e-16
6944.0	6.366301e-16
6946.0	6.272393e-16
6948.0	6.283068e-16
6950.0	6.412815e-16
6952.0	6.604274e-16
6954.0	6.460511e-16
6956.0	5.9195e-16
6958.0	5.755405e-16
6960.0	5.793931e-16
6962.0	5.712169e-16
6964.0	6.058405e-16
6966.0	6.133048e-16
6968.0	6.066222e-16
6970.0	5.982706e-16
6972.0	6.207726e-16
6974.0	5.972212e-16
6976.0	5.76799e-16
6978.0	5.519325e-16
6980.0	5.652515e-16
6982.0	5.715006e-16
6984.0	5.831289e-16
6986.0	6.284349e-16
6988.0	6.108295e-16
6990.0	5.89316e-16
6992.0	5.72243e-16
6994.0	5.4503e-16
6996.0	5.226807e-16
6998.0	5.472918e-16
7000.0	5.693709e-16
7002.0	5.749795e-16
7004.0	6.063683e-16
7006.0	6.001983e-16
7008.0	5.91744e-16
7010.0	5.664543e-16
7012.0	5.441509e-16
7014.0	5.501084e-16
7016.0	5.665646e-16
7018.0	5.617955e-16
7020.0	5.538258e-16
7022.0	5.425104e-16
7024.0	5.501104e-16
7026.0	5.824938e-16
7028.0	5.747077e-16
7030.0	5.695572e-16
7032.0	5.542024e-16
7034.0	5.44462e-16
7036.0	5.676872e-16
7038.0	6.048704e-16
7040.0	5.791239e-16
7042.0	5.178276e-16
7044.0	5.351394e-16
7046.0	5.568406e-16
7048.0	5.367552e-16
7050.0	5.427195e-16
