#	 ps15akf 
#	 UT date of observation: 20150517 
#	 Telescope/Instrument: SOAR/Goodman 
#	 Estimated Peak MJD: 57163.984 
#	 Estimated redshift: 0.059 
#	 Estimated Phase: -4.7 
#	 Published in Dettman et al. 2020 
#	 Observed barycentric wavelength (Angstroms)    F_lambda
3500.0	9.732524e-17
3502.0	1.061545e-16
3504.0	1.135654e-16
3506.0	1.008813e-16
3508.0	9.057786e-17
3510.0	9.92794e-17
3512.0	1.038819e-16
3514.0	1.226759e-16
3516.0	1.223726e-16
3518.0	1.361264e-16
3520.0	1.358581e-16
3522.0	1.475651e-16
3524.0	1.239139e-16
3526.0	1.270885e-16
3528.0	1.274501e-16
3530.0	1.012478e-16
3532.0	1.172766e-16
3534.0	1.333859e-16
3536.0	1.173243e-16
3538.0	1.24146e-16
3540.0	1.424227e-16
3542.0	1.647675e-16
3544.0	1.592634e-16
3546.0	1.405191e-16
3548.0	1.485425e-16
3550.0	1.453444e-16
3552.0	1.446338e-16
3554.0	1.551344e-16
3556.0	1.399934e-16
3558.0	1.447195e-16
3560.0	1.482624e-16
3562.0	1.509059e-16
3564.0	1.558164e-16
3566.0	1.651186e-16
3568.0	1.385826e-16
3570.0	1.47617e-16
3572.0	1.578118e-16
3574.0	1.575693e-16
3576.0	1.599929e-16
3578.0	1.854825e-16
3580.0	1.728736e-16
3582.0	1.656719e-16
3584.0	1.727628e-16
3586.0	1.802421e-16
3588.0	1.815182e-16
3590.0	1.912611e-16
3592.0	1.860466e-16
3594.0	1.668359e-16
3596.0	1.536089e-16
3598.0	1.642373e-16
3600.0	1.588001e-16
3602.0	1.51302e-16
3604.0	1.712779e-16
3606.0	1.862635e-16
3608.0	1.802492e-16
3610.0	1.831772e-16
3612.0	1.895414e-16
3614.0	1.706302e-16
3616.0	1.727572e-16
3618.0	1.708576e-16
3620.0	1.731273e-16
3622.0	1.807999e-16
3624.0	1.885123e-16
3626.0	1.926919e-16
3628.0	1.943763e-16
3630.0	1.996125e-16
3632.0	1.942421e-16
3634.0	1.940519e-16
3636.0	2.157934e-16
3638.0	2.251757e-16
3640.0	2.147752e-16
3642.0	2.146958e-16
3644.0	2.274135e-16
3646.0	2.318046e-16
3648.0	2.397744e-16
3650.0	2.469412e-16
3652.0	2.380039e-16
3654.0	2.358544e-16
3656.0	2.46956e-16
3658.0	2.56714e-16
3660.0	2.615619e-16
3662.0	2.705983e-16
3664.0	2.673384e-16
3666.0	2.662643e-16
3668.0	2.834744e-16
3670.0	2.880305e-16
3672.0	2.87465e-16
3674.0	2.96612e-16
3676.0	2.845598e-16
3678.0	2.682745e-16
3680.0	2.70981e-16
3682.0	2.779462e-16
3684.0	2.878661e-16
3686.0	2.93318e-16
3688.0	2.849948e-16
3690.0	2.744283e-16
3692.0	2.774375e-16
3694.0	2.822395e-16
3696.0	2.728586e-16
3698.0	2.648434e-16
3700.0	2.838178e-16
3702.0	3.028021e-16
3704.0	2.940712e-16
3706.0	2.945489e-16
3708.0	3.010093e-16
3710.0	2.957109e-16
3712.0	2.987057e-16
3714.0	3.062536e-16
3716.0	3.124877e-16
3718.0	3.129325e-16
3720.0	3.020521e-16
3722.0	3.027007e-16
3724.0	3.140517e-16
3726.0	3.098088e-16
3728.0	2.984146e-16
3730.0	3.079472e-16
3732.0	3.234558e-16
3734.0	3.205002e-16
3736.0	3.129261e-16
3738.0	3.194315e-16
3740.0	3.339227e-16
3742.0	3.297928e-16
3744.0	3.12094e-16
3746.0	3.097498e-16
3748.0	3.009904e-16
3750.0	2.84934e-16
3752.0	2.956823e-16
3754.0	3.032384e-16
3756.0	2.924401e-16
3758.0	2.955863e-16
3760.0	3.01261e-16
3762.0	2.986742e-16
3764.0	2.983442e-16
3766.0	2.885286e-16
3768.0	2.737836e-16
3770.0	2.722133e-16
3772.0	2.82846e-16
3774.0	2.81494e-16
3776.0	2.677676e-16
3778.0	2.583825e-16
3780.0	2.486195e-16
3782.0	2.473025e-16
3784.0	2.421599e-16
3786.0	2.314616e-16
3788.0	2.27814e-16
3790.0	2.249414e-16
3792.0	2.246918e-16
3794.0	2.222668e-16
3796.0	2.135864e-16
3798.0	2.034615e-16
3800.0	2.062441e-16
3802.0	2.041233e-16
3804.0	1.97875e-16
3806.0	1.92916e-16
3808.0	1.77886e-16
3810.0	1.754679e-16
3812.0	1.658665e-16
3814.0	1.569325e-16
3816.0	1.470268e-16
3818.0	1.340244e-16
3820.0	1.323854e-16
3822.0	1.360167e-16
3824.0	1.309484e-16
3826.0	1.259464e-16
3828.0	1.275924e-16
3830.0	1.298999e-16
3832.0	1.206885e-16
3834.0	1.20704e-16
3836.0	1.139345e-16
3838.0	9.971646e-17
3840.0	9.543094e-17
3842.0	9.06249e-17
3844.0	9.256625e-17
3846.0	8.791565e-17
3848.0	7.719003e-17
3850.0	7.015635e-17
3852.0	7.205398e-17
3854.0	8.276683e-17
3856.0	8.738513e-17
3858.0	8.392121e-17
3860.0	7.531045e-17
3862.0	6.546908e-17
3864.0	7.223801e-17
3866.0	6.572479e-17
3868.0	7.094972e-17
3870.0	7.23675e-17
3872.0	6.987177e-17
3874.0	7.007463e-17
3876.0	7.250895e-17
3878.0	7.304688e-17
3880.0	6.614908e-17
3882.0	6.322171e-17
3884.0	6.66118e-17
3886.0	6.431176e-17
3888.0	7.033989e-17
3890.0	6.9326e-17
3892.0	7.182968e-17
3894.0	6.605334e-17
3896.0	6.268655e-17
3898.0	6.750237e-17
3900.0	6.363872e-17
3902.0	5.701105e-17
3904.0	7.134666e-17
3906.0	7.736156e-17
3908.0	7.761871e-17
3910.0	7.400974e-17
3912.0	7.277846e-17
3914.0	7.888455e-17
3916.0	7.681878e-17
3918.0	6.998197e-17
3920.0	7.59375e-17
3922.0	8.61475e-17
3924.0	8.516108e-17
3926.0	8.605143e-17
3928.0	8.16864e-17
3930.0	7.502217e-17
3932.0	8.172392e-17
3934.0	8.28389e-17
3936.0	9.013663e-17
3938.0	9.353719e-17
3940.0	8.845365e-17
3942.0	8.577926e-17
3944.0	1.036498e-16
3946.0	9.878489e-17
3948.0	9.827674e-17
3950.0	9.520834e-17
3952.0	9.686094e-17
3954.0	1.103763e-16
3956.0	1.089322e-16
3958.0	1.097031e-16
3960.0	1.123029e-16
3962.0	1.174674e-16
3964.0	1.262383e-16
3966.0	1.238468e-16
3968.0	1.273954e-16
3970.0	1.286204e-16
3972.0	1.339784e-16
3974.0	1.316858e-16
3976.0	1.376518e-16
3978.0	1.360492e-16
3980.0	1.448033e-16
3982.0	1.547292e-16
3984.0	1.563227e-16
3986.0	1.550763e-16
3988.0	1.551785e-16
3990.0	1.672039e-16
3992.0	1.649793e-16
3994.0	1.637194e-16
3996.0	1.742999e-16
3998.0	1.7516e-16
4000.0	1.801868e-16
4002.0	1.841383e-16
4004.0	1.821255e-16
4006.0	1.929656e-16
4008.0	2.025331e-16
4010.0	2.018233e-16
4012.0	2.065891e-16
4014.0	2.089802e-16
4016.0	2.122589e-16
4018.0	2.230983e-16
4020.0	2.184734e-16
4022.0	2.230886e-16
4024.0	2.332771e-16
4026.0	2.396629e-16
4028.0	2.561828e-16
4030.0	2.597583e-16
4032.0	2.585493e-16
4034.0	2.614197e-16
4036.0	2.687805e-16
4038.0	2.677226e-16
4040.0	2.685297e-16
4042.0	2.744639e-16
4044.0	2.869495e-16
4046.0	2.96716e-16
4048.0	2.932637e-16
4050.0	2.967178e-16
4052.0	3.105777e-16
4054.0	3.144456e-16
4056.0	3.285321e-16
4058.0	3.431063e-16
4060.0	3.475085e-16
4062.0	3.629273e-16
4064.0	3.658387e-16
4066.0	3.671855e-16
4068.0	3.796764e-16
4070.0	3.857094e-16
4072.0	3.886745e-16
4074.0	4.022081e-16
4076.0	4.076868e-16
4078.0	4.06845e-16
4080.0	4.157579e-16
4082.0	4.179612e-16
4084.0	4.299689e-16
4086.0	4.391192e-16
4088.0	4.431736e-16
4090.0	4.502429e-16
4092.0	4.495773e-16
4094.0	4.555152e-16
4096.0	4.652417e-16
4098.0	4.69282e-16
4100.0	4.713077e-16
4102.0	4.636057e-16
4104.0	4.747184e-16
4106.0	4.759139e-16
4108.0	4.722546e-16
4110.0	4.858821e-16
4112.0	4.906033e-16
4114.0	4.824729e-16
4116.0	4.804964e-16
4118.0	4.762031e-16
4120.0	4.695635e-16
4122.0	4.7851e-16
4124.0	4.77826e-16
4126.0	4.749526e-16
4128.0	4.65327e-16
4130.0	4.602121e-16
4132.0	4.59237e-16
4134.0	4.493291e-16
4136.0	4.505226e-16
4138.0	4.435266e-16
4140.0	4.396346e-16
4142.0	4.394061e-16
4144.0	4.365739e-16
4146.0	4.426382e-16
4148.0	4.380643e-16
4150.0	4.198924e-16
4152.0	4.197836e-16
4154.0	4.248922e-16
4156.0	4.180418e-16
4158.0	4.154063e-16
4160.0	4.104835e-16
4162.0	4.063388e-16
4164.0	4.140458e-16
4166.0	4.113249e-16
4168.0	4.113517e-16
4170.0	4.088772e-16
4172.0	4.120847e-16
4174.0	4.082966e-16
4176.0	3.968906e-16
4178.0	3.986822e-16
4180.0	3.964224e-16
4182.0	3.890919e-16
4184.0	3.805896e-16
4186.0	3.774051e-16
4188.0	3.738401e-16
4190.0	3.667899e-16
4192.0	3.665604e-16
4194.0	3.615174e-16
4196.0	3.556555e-16
4198.0	3.458995e-16
4200.0	3.522708e-16
4202.0	3.592898e-16
4204.0	3.578239e-16
4206.0	3.549103e-16
4208.0	3.448088e-16
4210.0	3.441764e-16
4212.0	3.386693e-16
4214.0	3.399379e-16
4216.0	3.290445e-16
4218.0	3.301019e-16
4220.0	3.270025e-16
4222.0	3.303197e-16
4224.0	3.296108e-16
4226.0	3.31086e-16
4228.0	3.365034e-16
4230.0	3.379349e-16
4232.0	3.31147e-16
4234.0	3.2619e-16
4236.0	3.353181e-16
4238.0	3.357988e-16
4240.0	3.275777e-16
4242.0	3.274235e-16
4244.0	3.336481e-16
4246.0	3.375133e-16
4248.0	3.373719e-16
4250.0	3.344049e-16
4252.0	3.406413e-16
4254.0	3.486916e-16
4256.0	3.527334e-16
4258.0	3.535542e-16
4260.0	3.559634e-16
4262.0	3.635929e-16
4264.0	3.778128e-16
4266.0	3.84071e-16
4268.0	3.802775e-16
4270.0	3.870563e-16
4272.0	3.88446e-16
4274.0	3.856017e-16
4276.0	3.937711e-16
4278.0	3.979088e-16
4280.0	4.06167e-16
4282.0	4.111653e-16
4284.0	4.132969e-16
4286.0	4.112464e-16
4288.0	4.107228e-16
4290.0	4.21887e-16
4292.0	4.240403e-16
4294.0	4.241317e-16
4296.0	4.247675e-16
4298.0	4.288254e-16
4300.0	4.361564e-16
4302.0	4.384489e-16
4304.0	4.448617e-16
4306.0	4.528205e-16
4308.0	4.509521e-16
4310.0	4.555003e-16
4312.0	4.567048e-16
4314.0	4.568898e-16
4316.0	4.602727e-16
4318.0	4.621039e-16
4320.0	4.646674e-16
4322.0	4.711971e-16
4324.0	4.789529e-16
4326.0	4.825618e-16
4328.0	4.814679e-16
4330.0	4.773135e-16
4332.0	4.746754e-16
4334.0	4.756086e-16
4336.0	4.726184e-16
4338.0	4.700328e-16
4340.0	4.729838e-16
4342.0	4.674184e-16
4344.0	4.627153e-16
4346.0	4.690501e-16
4348.0	4.708745e-16
4350.0	4.685917e-16
4352.0	4.706489e-16
4354.0	4.721105e-16
4356.0	4.699613e-16
4358.0	4.607791e-16
4360.0	4.475251e-16
4362.0	4.461655e-16
4364.0	4.49587e-16
4366.0	4.458165e-16
4368.0	4.367875e-16
4370.0	4.346353e-16
4372.0	4.40226e-16
4374.0	4.317587e-16
4376.0	4.251991e-16
4378.0	4.320247e-16
4380.0	4.29747e-16
4382.0	4.259736e-16
4384.0	4.286634e-16
4386.0	4.298575e-16
4388.0	4.310299e-16
4390.0	4.305081e-16
4392.0	4.291825e-16
4394.0	4.318187e-16
4396.0	4.297687e-16
4398.0	4.307115e-16
4400.0	4.326414e-16
4402.0	4.251925e-16
4404.0	4.183315e-16
4406.0	4.199747e-16
4408.0	4.211591e-16
4410.0	4.147678e-16
4412.0	4.168941e-16
4414.0	4.196684e-16
4416.0	4.163775e-16
4418.0	4.135113e-16
4420.0	4.118026e-16
4422.0	4.062415e-16
4424.0	4.058029e-16
4426.0	4.039693e-16
4428.0	4.053052e-16
4430.0	4.014274e-16
4432.0	3.911449e-16
4434.0	3.834799e-16
4436.0	3.801967e-16
4438.0	3.80975e-16
4440.0	3.8248e-16
4442.0	3.79383e-16
4444.0	3.806124e-16
4446.0	3.749522e-16
4448.0	3.574611e-16
4450.0	3.586696e-16
4452.0	3.597926e-16
4454.0	3.479532e-16
4456.0	3.406582e-16
4458.0	3.390643e-16
4460.0	3.309391e-16
4462.0	3.260469e-16
4464.0	3.214481e-16
4466.0	3.190613e-16
4468.0	3.146247e-16
4470.0	3.164442e-16
4472.0	3.090919e-16
4474.0	3.004454e-16
4476.0	2.963068e-16
4478.0	2.952075e-16
4480.0	2.825363e-16
4482.0	2.763816e-16
4484.0	2.726354e-16
4486.0	2.684873e-16
4488.0	2.644913e-16
4490.0	2.547164e-16
4492.0	2.446279e-16
4494.0	2.430566e-16
4496.0	2.442624e-16
4498.0	2.364742e-16
4500.0	2.247589e-16
4502.0	2.227227e-16
4504.0	2.110334e-16
4506.0	2.09473e-16
4508.0	2.115377e-16
4510.0	2.107954e-16
4512.0	2.092228e-16
4514.0	1.975075e-16
4516.0	1.961062e-16
4518.0	1.978793e-16
4520.0	2.001932e-16
4522.0	1.899587e-16
4524.0	1.845697e-16
4526.0	1.913028e-16
4528.0	1.931391e-16
4530.0	1.842634e-16
4532.0	1.760772e-16
4534.0	1.777692e-16
4536.0	1.782973e-16
4538.0	1.757745e-16
4540.0	1.752978e-16
4542.0	1.739589e-16
4544.0	1.702878e-16
4546.0	1.662634e-16
4548.0	1.749151e-16
4550.0	1.743544e-16
4552.0	1.773432e-16
4554.0	1.782044e-16
4556.0	1.777052e-16
4558.0	1.742371e-16
4560.0	1.748001e-16
4562.0	1.79802e-16
4564.0	1.798182e-16
4566.0	1.883865e-16
4568.0	1.87581e-16
4570.0	1.914507e-16
4572.0	1.933126e-16
4574.0	1.94766e-16
4576.0	1.971314e-16
4578.0	1.98926e-16
4580.0	1.983275e-16
4582.0	2.017532e-16
4584.0	2.042648e-16
4586.0	2.050283e-16
4588.0	2.0762e-16
4590.0	2.126243e-16
4592.0	2.153157e-16
4594.0	2.149531e-16
4596.0	2.157915e-16
4598.0	2.189627e-16
4600.0	2.24411e-16
4602.0	2.300866e-16
4604.0	2.307148e-16
4606.0	2.321013e-16
4608.0	2.430207e-16
4610.0	2.405302e-16
4612.0	2.375408e-16
4614.0	2.48026e-16
4616.0	2.491129e-16
4618.0	2.521619e-16
4620.0	2.558512e-16
4622.0	2.534462e-16
4624.0	2.551685e-16
4626.0	2.652365e-16
4628.0	2.71523e-16
4630.0	2.683834e-16
4632.0	2.662243e-16
4634.0	2.706187e-16
4636.0	2.751943e-16
4638.0	2.844025e-16
4640.0	2.870432e-16
4642.0	2.927944e-16
4644.0	2.952005e-16
4646.0	2.918669e-16
4648.0	2.876778e-16
4650.0	2.871324e-16
4652.0	2.866594e-16
4654.0	2.912864e-16
4656.0	2.924216e-16
4658.0	2.922363e-16
4660.0	2.995257e-16
4662.0	3.065471e-16
4664.0	2.969034e-16
4666.0	2.977722e-16
4668.0	3.054301e-16
4670.0	3.052355e-16
4672.0	3.027028e-16
4674.0	2.970554e-16
4676.0	2.991423e-16
4678.0	3.013838e-16
4680.0	3.051673e-16
4682.0	3.110559e-16
4684.0	3.074303e-16
4686.0	3.082794e-16
4688.0	3.198584e-16
4690.0	3.262435e-16
4692.0	3.278831e-16
4694.0	3.273705e-16
4696.0	3.312213e-16
4698.0	3.405993e-16
4700.0	3.448275e-16
4702.0	3.561267e-16
4704.0	3.588208e-16
4706.0	3.562645e-16
4708.0	3.659735e-16
4710.0	3.699716e-16
4712.0	3.683444e-16
4714.0	3.727753e-16
4716.0	3.842864e-16
4718.0	3.904447e-16
4720.0	3.964939e-16
4722.0	3.941021e-16
4724.0	3.994438e-16
4726.0	4.037192e-16
4728.0	4.083454e-16
4730.0	4.133509e-16
4732.0	4.143763e-16
4734.0	4.283669e-16
4736.0	4.304569e-16
4738.0	4.334398e-16
4740.0	4.308471e-16
4742.0	4.184554e-16
4744.0	4.302021e-16
4746.0	4.468979e-16
4748.0	4.536235e-16
4750.0	4.421164e-16
4752.0	4.376375e-16
4754.0	4.436097e-16
4756.0	4.534689e-16
4758.0	4.53936e-16
4760.0	4.478355e-16
4762.0	4.451883e-16
4764.0	4.530314e-16
4766.0	4.519442e-16
4768.0	4.4861e-16
4770.0	4.476051e-16
4772.0	4.496967e-16
4774.0	4.569517e-16
4776.0	4.586128e-16
4778.0	4.539562e-16
4780.0	4.541581e-16
4782.0	4.598969e-16
4784.0	4.531356e-16
4786.0	4.489468e-16
4788.0	4.495991e-16
4790.0	4.518857e-16
4792.0	4.47268e-16
4794.0	4.394832e-16
4796.0	4.442573e-16
4798.0	4.39068e-16
4800.0	4.379598e-16
4802.0	4.293164e-16
4804.0	4.282828e-16
4806.0	4.270756e-16
4808.0	4.247556e-16
4810.0	4.195305e-16
4812.0	4.1105e-16
4814.0	4.15803e-16
4816.0	4.121898e-16
4818.0	4.172222e-16
4820.0	4.099832e-16
4822.0	4.036806e-16
4824.0	4.001074e-16
4826.0	3.958652e-16
4828.0	3.917392e-16
4830.0	3.95728e-16
4832.0	3.906935e-16
4834.0	3.854815e-16
4836.0	3.872293e-16
4838.0	3.834205e-16
4840.0	3.77326e-16
4842.0	3.639471e-16
4844.0	3.610486e-16
4846.0	3.570188e-16
4848.0	3.494882e-16
4850.0	3.499243e-16
4852.0	3.452635e-16
4854.0	3.454476e-16
4856.0	3.407215e-16
4858.0	3.421453e-16
4860.0	3.384979e-16
4862.0	3.408883e-16
4864.0	3.359299e-16
4866.0	3.31982e-16
4868.0	3.288612e-16
4870.0	3.257225e-16
4872.0	3.211274e-16
4874.0	3.281517e-16
4876.0	3.263352e-16
4878.0	3.252962e-16
4880.0	3.24621e-16
4882.0	3.249705e-16
4884.0	3.241398e-16
4886.0	3.212458e-16
4888.0	3.200316e-16
4890.0	3.11903e-16
4892.0	3.084352e-16
4894.0	3.089698e-16
4896.0	2.987149e-16
4898.0	2.993406e-16
4900.0	2.989404e-16
4902.0	2.877906e-16
4904.0	2.805325e-16
4906.0	2.776726e-16
4908.0	2.746446e-16
4910.0	2.672466e-16
4912.0	2.64535e-16
4914.0	2.585005e-16
4916.0	2.510551e-16
4918.0	2.482123e-16
4920.0	2.490875e-16
4922.0	2.458394e-16
4924.0	2.397707e-16
4926.0	2.301954e-16
4928.0	2.282394e-16
4930.0	2.282324e-16
4932.0	2.218609e-16
4934.0	2.198858e-16
4936.0	2.165652e-16
4938.0	2.138836e-16
4940.0	2.147847e-16
4942.0	2.107741e-16
4944.0	2.017044e-16
4946.0	2.044542e-16
4948.0	2.079881e-16
4950.0	2.090663e-16
4952.0	2.021088e-16
4954.0	1.973216e-16
4956.0	1.996426e-16
4958.0	2.05099e-16
4960.0	2.059425e-16
4962.0	2.041589e-16
4964.0	2.051752e-16
4966.0	2.047787e-16
4968.0	2.031019e-16
4970.0	2.071399e-16
4972.0	2.099772e-16
4974.0	2.093387e-16
4976.0	2.130061e-16
4978.0	2.128192e-16
4980.0	2.104353e-16
4982.0	2.149104e-16
4984.0	2.175883e-16
4986.0	2.114206e-16
4988.0	2.119094e-16
4990.0	2.161564e-16
4992.0	2.102812e-16
4994.0	2.046807e-16
4996.0	2.043779e-16
4998.0	2.007738e-16
5000.0	1.962327e-16
5002.0	1.940896e-16
5004.0	1.920399e-16
5006.0	1.930726e-16
5008.0	1.908015e-16
5010.0	1.82906e-16
5012.0	1.800441e-16
5014.0	1.807944e-16
5016.0	1.780357e-16
5018.0	1.795155e-16
5020.0	1.834018e-16
5022.0	1.77395e-16
5024.0	1.73539e-16
5026.0	1.804756e-16
5028.0	1.839609e-16
5030.0	1.799541e-16
5032.0	1.76678e-16
5034.0	1.789069e-16
5036.0	1.813817e-16
5038.0	1.793743e-16
5040.0	1.768474e-16
5042.0	1.782342e-16
5044.0	1.827943e-16
5046.0	1.840943e-16
5048.0	1.800507e-16
5050.0	1.825335e-16
5052.0	1.849802e-16
5054.0	1.825128e-16
5056.0	1.845997e-16
5058.0	1.849608e-16
5060.0	1.855786e-16
5062.0	1.884597e-16
5064.0	1.879138e-16
5066.0	1.854975e-16
5068.0	1.840837e-16
5070.0	1.844535e-16
5072.0	1.861677e-16
5074.0	1.858823e-16
5076.0	1.868161e-16
5078.0	1.900912e-16
5080.0	1.862937e-16
5082.0	1.819528e-16
5084.0	1.843455e-16
5086.0	1.842766e-16
5088.0	1.80794e-16
5090.0	1.824431e-16
5092.0	1.825831e-16
5094.0	1.764721e-16
5096.0	1.714196e-16
5098.0	1.663994e-16
5100.0	1.630458e-16
5102.0	1.662862e-16
5104.0	1.67203e-16
5106.0	1.644358e-16
5108.0	1.587492e-16
5110.0	1.564864e-16
5112.0	1.561492e-16
5114.0	1.533406e-16
5116.0	1.50203e-16
5118.0	1.48366e-16
5120.0	1.464009e-16
5122.0	1.464733e-16
5124.0	1.49505e-16
5126.0	1.4886e-16
5128.0	1.460613e-16
5130.0	1.442989e-16
5132.0	1.404895e-16
5134.0	1.401592e-16
5136.0	1.442704e-16
5138.0	1.477761e-16
5140.0	1.464798e-16
5142.0	1.462997e-16
5144.0	1.481204e-16
5146.0	1.459315e-16
5148.0	1.450971e-16
5150.0	1.417677e-16
5152.0	1.437989e-16
5154.0	1.438677e-16
5156.0	1.417673e-16
5158.0	1.444613e-16
5160.0	1.467092e-16
5162.0	1.449738e-16
5164.0	1.471997e-16
5166.0	1.480834e-16
5168.0	1.448539e-16
5170.0	1.443629e-16
5172.0	1.423834e-16
5174.0	1.440565e-16
5176.0	1.436202e-16
5178.0	1.439854e-16
5180.0	1.45361e-16
5182.0	1.431633e-16
5184.0	1.439999e-16
5186.0	1.457272e-16
5188.0	1.475002e-16
5190.0	1.46166e-16
5192.0	1.484735e-16
5194.0	1.489039e-16
5196.0	1.48838e-16
5198.0	1.530599e-16
5200.0	1.583834e-16
5202.0	1.614968e-16
5204.0	1.58627e-16
5206.0	1.518734e-16
5208.0	1.520592e-16
5210.0	1.5397e-16
5212.0	1.57071e-16
5214.0	1.544517e-16
5216.0	1.600587e-16
5218.0	1.66744e-16
5220.0	1.652787e-16
5222.0	1.663846e-16
5224.0	1.625637e-16
5226.0	1.604959e-16
5228.0	1.604187e-16
5230.0	1.649334e-16
5232.0	1.698162e-16
5234.0	1.650783e-16
5236.0	1.657368e-16
5238.0	1.709044e-16
5240.0	1.688434e-16
5242.0	1.672935e-16
5244.0	1.717394e-16
5246.0	1.712027e-16
5248.0	1.719958e-16
5250.0	1.697776e-16
5252.0	1.770607e-16
5254.0	1.728905e-16
5256.0	1.699501e-16
5258.0	1.759692e-16
5260.0	1.751954e-16
5262.0	1.736991e-16
5264.0	1.71323e-16
5266.0	1.671142e-16
5268.0	1.696454e-16
5270.0	1.767141e-16
5272.0	1.701888e-16
5274.0	1.736225e-16
5276.0	1.746371e-16
5278.0	1.756508e-16
5280.0	1.744089e-16
5282.0	1.772297e-16
5284.0	1.806783e-16
5286.0	1.827298e-16
5288.0	1.792233e-16
5290.0	1.788548e-16
5292.0	1.783644e-16
5294.0	1.766322e-16
5296.0	1.777403e-16
5298.0	1.839293e-16
5300.0	1.847694e-16
5302.0	1.809217e-16
5304.0	1.857299e-16
5306.0	1.917876e-16
5308.0	1.930644e-16
5310.0	1.905593e-16
5312.0	1.910431e-16
5314.0	1.913915e-16
5316.0	1.996307e-16
5318.0	2.039785e-16
5320.0	2.032429e-16
5322.0	2.079433e-16
5324.0	2.072984e-16
5326.0	2.108839e-16
5328.0	2.094204e-16
5330.0	2.201762e-16
5332.0	2.150249e-16
5334.0	2.18059e-16
5336.0	2.194791e-16
5338.0	2.218602e-16
5340.0	2.250394e-16
5342.0	2.330108e-16
5344.0	2.37361e-16
5346.0	2.434706e-16
5348.0	2.425467e-16
5350.0	2.366512e-16
5352.0	2.430253e-16
5354.0	2.452012e-16
5356.0	2.480198e-16
5358.0	2.500236e-16
5360.0	2.542513e-16
5362.0	2.594925e-16
5364.0	2.557286e-16
5366.0	2.649102e-16
5368.0	2.603481e-16
5370.0	2.574112e-16
5372.0	2.672329e-16
5374.0	2.749394e-16
5376.0	2.703072e-16
5378.0	2.773128e-16
5380.0	2.760535e-16
5382.0	2.783344e-16
5384.0	2.772019e-16
5386.0	2.766246e-16
5388.0	2.793226e-16
5390.0	2.770273e-16
5392.0	2.834267e-16
5394.0	2.917792e-16
5396.0	2.906344e-16
5398.0	2.894877e-16
5400.0	2.891619e-16
5402.0	2.902482e-16
5404.0	2.976237e-16
5406.0	2.897408e-16
5408.0	2.928567e-16
5410.0	2.976074e-16
5412.0	2.956765e-16
5414.0	2.923934e-16
5416.0	2.920592e-16
5418.0	2.891345e-16
5420.0	2.865893e-16
5422.0	2.933758e-16
5424.0	2.944619e-16
5426.0	2.915115e-16
5428.0	2.940247e-16
5430.0	2.873112e-16
5432.0	2.86254e-16
5434.0	2.88159e-16
5436.0	2.925946e-16
5438.0	2.912663e-16
5440.0	2.906359e-16
5442.0	2.89492e-16
5444.0	2.874509e-16
5446.0	2.928514e-16
5448.0	2.906319e-16
5450.0	2.875469e-16
5452.0	2.908438e-16
5454.0	2.92166e-16
5456.0	2.873735e-16
5458.0	2.854682e-16
5460.0	2.90126e-16
5462.0	2.94485e-16
5464.0	2.926714e-16
5466.0	2.968122e-16
5468.0	2.980181e-16
5470.0	2.928625e-16
5472.0	2.879232e-16
5474.0	2.888156e-16
5476.0	2.92197e-16
5478.0	3.005899e-16
5480.0	2.961233e-16
5482.0	2.934497e-16
5484.0	2.960057e-16
5486.0	2.963163e-16
5488.0	2.977443e-16
5490.0	2.945318e-16
5492.0	2.883625e-16
5494.0	2.872501e-16
5496.0	2.900713e-16
5498.0	2.894615e-16
5500.0	2.87517e-16
5502.0	2.841021e-16
5504.0	2.798234e-16
5506.0	2.816141e-16
5508.0	2.81392e-16
5510.0	2.790325e-16
5512.0	2.734405e-16
5514.0	2.72082e-16
5516.0	2.734548e-16
5518.0	2.627301e-16
5520.0	2.596577e-16
5522.0	2.560159e-16
5524.0	2.56356e-16
5526.0	2.520663e-16
5528.0	2.465894e-16
5530.0	2.490462e-16
5532.0	2.427994e-16
5534.0	2.396316e-16
5536.0	2.366698e-16
5538.0	2.341803e-16
5540.0	2.352563e-16
5542.0	2.315644e-16
5544.0	2.283478e-16
5546.0	2.266075e-16
5548.0	2.230035e-16
5550.0	2.256217e-16
5552.0	2.237679e-16
5554.0	2.164805e-16
5556.0	2.161741e-16
5558.0	2.203441e-16
5560.0	2.156653e-16
5562.0	2.069012e-16
5564.0	2.071084e-16
5566.0	2.027125e-16
5568.0	2.028272e-16
5570.0	2.094278e-16
5572.0	2.030423e-16
5574.0	1.959419e-16
5576.0	1.969192e-16
5578.0	1.969173e-16
5580.0	2.056838e-16
5582.0	2.117467e-16
5584.0	2.074324e-16
5586.0	2.046818e-16
5588.0	2.012495e-16
5590.0	1.999867e-16
5592.0	2.000339e-16
5594.0	1.994904e-16
5596.0	1.973924e-16
5598.0	1.97626e-16
5600.0	2.083339e-16
5602.0	2.18923e-16
5604.0	2.105366e-16
5606.0	2.021345e-16
5608.0	2.028019e-16
5610.0	2.034517e-16
5612.0	2.054251e-16
5614.0	2.056245e-16
5616.0	2.057659e-16
5618.0	2.045096e-16
5620.0	2.045766e-16
5622.0	2.106107e-16
5624.0	2.122099e-16
5626.0	2.10066e-16
5628.0	2.117746e-16
5630.0	2.078643e-16
5632.0	2.043946e-16
5634.0	2.078206e-16
5636.0	2.100241e-16
5638.0	2.119633e-16
5640.0	2.157559e-16
5642.0	2.149334e-16
5644.0	2.159065e-16
5646.0	2.168082e-16
5648.0	2.136484e-16
5650.0	2.155315e-16
5652.0	2.199475e-16
5654.0	2.222931e-16
5656.0	2.192556e-16
5658.0	2.157397e-16
5660.0	2.203007e-16
5662.0	2.248853e-16
5664.0	2.24185e-16
5666.0	2.223636e-16
5668.0	2.271077e-16
5670.0	2.263858e-16
5672.0	2.180853e-16
5674.0	2.170121e-16
5676.0	2.218929e-16
5678.0	2.270126e-16
5680.0	2.216868e-16
5682.0	2.198075e-16
5684.0	2.179196e-16
5686.0	2.188069e-16
5688.0	2.218513e-16
5690.0	2.189445e-16
5692.0	2.20085e-16
5694.0	2.187985e-16
5696.0	2.132779e-16
5698.0	2.142364e-16
5700.0	2.14435e-16
5702.0	2.118131e-16
5704.0	2.12234e-16
5706.0	2.129902e-16
5708.0	2.070573e-16
5710.0	2.01262e-16
5712.0	2.033247e-16
5714.0	2.04633e-16
5716.0	2.012979e-16
5718.0	1.980454e-16
5720.0	1.967939e-16
5722.0	1.987954e-16
5724.0	1.930237e-16
5726.0	1.904583e-16
5728.0	1.92192e-16
5730.0	1.86614e-16
5732.0	1.833431e-16
5734.0	1.849279e-16
5736.0	1.855049e-16
5738.0	1.860145e-16
5740.0	1.811034e-16
5742.0	1.782925e-16
5744.0	1.790912e-16
5746.0	1.799773e-16
5748.0	1.773179e-16
5750.0	1.748475e-16
5752.0	1.764799e-16
5754.0	1.761071e-16
5756.0	1.740899e-16
5758.0	1.711394e-16
5760.0	1.691933e-16
5762.0	1.713505e-16
5764.0	1.752005e-16
5766.0	1.710614e-16
5768.0	1.699476e-16
5770.0	1.739535e-16
5772.0	1.72186e-16
5774.0	1.737328e-16
5776.0	1.771072e-16
5778.0	1.776302e-16
5780.0	1.754817e-16
5782.0	1.785401e-16
5784.0	1.794869e-16
5786.0	1.811235e-16
5788.0	1.781219e-16
5790.0	1.773141e-16
5792.0	1.851475e-16
5794.0	1.884247e-16
5796.0	1.901809e-16
5798.0	1.952244e-16
5800.0	1.943055e-16
5802.0	1.920156e-16
5804.0	1.903274e-16
5806.0	1.983375e-16
5808.0	2.055114e-16
5810.0	2.102526e-16
5812.0	2.075591e-16
5814.0	2.089186e-16
5816.0	2.131789e-16
5818.0	2.122207e-16
5820.0	2.142056e-16
5822.0	2.189509e-16
5824.0	2.234272e-16
5826.0	2.226943e-16
5828.0	2.283051e-16
5830.0	2.287051e-16
5832.0	2.272626e-16
5834.0	2.294528e-16
5836.0	2.303025e-16
5838.0	2.334158e-16
5840.0	2.346187e-16
5842.0	2.40074e-16
5844.0	2.40951e-16
5846.0	2.477233e-16
5848.0	2.436552e-16
5850.0	2.43877e-16
5852.0	2.488831e-16
5854.0	2.491194e-16
5856.0	2.504348e-16
5858.0	2.523122e-16
5860.0	2.566279e-16
5862.0	2.565053e-16
5864.0	2.513987e-16
5866.0	2.512498e-16
5868.0	2.541213e-16
5870.0	2.559493e-16
5872.0	2.544941e-16
5874.0	2.54088e-16
5876.0	2.533576e-16
5878.0	2.538506e-16
5880.0	2.462567e-16
5882.0	2.536445e-16
5884.0	2.534739e-16
5886.0	2.53833e-16
5888.0	2.543694e-16
5890.0	2.515689e-16
5892.0	2.551196e-16
5894.0	2.503655e-16
5896.0	2.510401e-16
5898.0	2.495404e-16
5900.0	2.536561e-16
5902.0	2.58371e-16
5904.0	2.591968e-16
5906.0	2.547147e-16
5908.0	2.56376e-16
5910.0	2.560171e-16
5912.0	2.528321e-16
5914.0	2.514285e-16
5916.0	2.562393e-16
5918.0	2.593291e-16
5920.0	2.547539e-16
5922.0	2.530713e-16
5924.0	2.510929e-16
5926.0	2.504185e-16
5928.0	2.513877e-16
5930.0	2.511875e-16
5932.0	2.509074e-16
5934.0	2.490822e-16
5936.0	2.570518e-16
5938.0	2.573015e-16
5940.0	2.571302e-16
5942.0	2.540336e-16
5944.0	2.565685e-16
5946.0	2.553862e-16
5948.0	2.573555e-16
5950.0	2.531286e-16
5952.0	2.501658e-16
5954.0	2.499718e-16
5956.0	2.475565e-16
5958.0	2.50493e-16
5960.0	2.509127e-16
5962.0	2.563672e-16
5964.0	2.511717e-16
5966.0	2.548743e-16
5968.0	2.472597e-16
5970.0	2.481258e-16
5972.0	2.502307e-16
5974.0	2.436493e-16
5976.0	2.422038e-16
5978.0	2.422425e-16
5980.0	2.366062e-16
5982.0	2.364189e-16
5984.0	2.394276e-16
5986.0	2.390019e-16
5988.0	2.369206e-16
5990.0	2.400873e-16
5992.0	2.372578e-16
5994.0	2.359109e-16
5996.0	2.384857e-16
5998.0	2.312186e-16
6000.0	2.2983e-16
6002.0	2.347147e-16
6004.0	2.338517e-16
6006.0	2.272564e-16
6008.0	2.278081e-16
6010.0	2.295439e-16
6012.0	2.322215e-16
6014.0	2.354785e-16
6016.0	2.349155e-16
6018.0	2.286296e-16
6020.0	2.234992e-16
6022.0	2.248599e-16
6024.0	2.232596e-16
6026.0	2.228814e-16
6028.0	2.221115e-16
6030.0	2.225295e-16
6032.0	2.232237e-16
6034.0	2.219519e-16
6036.0	2.247937e-16
6038.0	2.242989e-16
6040.0	2.182095e-16
6042.0	2.16488e-16
6044.0	2.169439e-16
6046.0	2.152499e-16
6048.0	2.19461e-16
6050.0	2.1696e-16
6052.0	2.15732e-16
6054.0	2.088527e-16
6056.0	2.088848e-16
6058.0	2.049634e-16
6060.0	2.033619e-16
6062.0	2.031797e-16
6064.0	1.998777e-16
6066.0	2.020806e-16
6068.0	2.024867e-16
6070.0	2.044265e-16
6072.0	1.978236e-16
6074.0	1.972812e-16
6076.0	1.942661e-16
6078.0	1.960739e-16
6080.0	1.947663e-16
6082.0	1.925826e-16
6084.0	1.917591e-16
6086.0	1.918489e-16
6088.0	1.93508e-16
6090.0	1.977671e-16
6092.0	1.967501e-16
6094.0	1.950378e-16
6096.0	1.921263e-16
6098.0	1.920319e-16
6100.0	1.942371e-16
6102.0	1.934643e-16
6104.0	1.895627e-16
6106.0	1.916778e-16
6108.0	1.95008e-16
6110.0	1.966259e-16
6112.0	1.949505e-16
6114.0	1.94594e-16
6116.0	1.959743e-16
6118.0	1.972152e-16
6120.0	1.977923e-16
6122.0	2.01552e-16
6124.0	2.005747e-16
6126.0	1.988981e-16
6128.0	1.999479e-16
6130.0	2.03911e-16
6132.0	2.042555e-16
6134.0	2.028797e-16
6136.0	2.044558e-16
6138.0	2.010676e-16
6140.0	2.000575e-16
6142.0	2.00953e-16
6144.0	2.016228e-16
6146.0	2.024017e-16
6148.0	2.009372e-16
6150.0	2.057925e-16
6152.0	2.066594e-16
6154.0	2.060406e-16
6156.0	2.063014e-16
6158.0	2.081141e-16
6160.0	2.091578e-16
6162.0	2.085896e-16
6164.0	2.052949e-16
6166.0	2.050295e-16
6168.0	2.109187e-16
6170.0	2.15807e-16
6172.0	2.14998e-16
6174.0	2.108283e-16
6176.0	2.087504e-16
6178.0	2.114901e-16
6180.0	2.141878e-16
6182.0	2.135015e-16
6184.0	2.135637e-16
6186.0	2.115148e-16
6188.0	2.105889e-16
6190.0	2.138836e-16
6192.0	2.133888e-16
6194.0	2.120674e-16
6196.0	2.141052e-16
6198.0	2.138615e-16
6200.0	2.134164e-16
6202.0	2.150862e-16
6204.0	2.167206e-16
6206.0	2.164191e-16
6208.0	2.150944e-16
6210.0	2.152155e-16
6212.0	2.178319e-16
6214.0	2.22414e-16
6216.0	2.218223e-16
6218.0	2.211203e-16
6220.0	2.255934e-16
6222.0	2.250341e-16
6224.0	2.225899e-16
6226.0	2.2159e-16
6228.0	2.215369e-16
6230.0	2.241235e-16
6232.0	2.232505e-16
6234.0	2.232697e-16
6236.0	2.219377e-16
6238.0	2.194218e-16
6240.0	2.227746e-16
6242.0	2.226507e-16
6244.0	2.212447e-16
6246.0	2.239564e-16
6248.0	2.214308e-16
6250.0	2.174357e-16
6252.0	2.158017e-16
6254.0	2.171393e-16
6256.0	2.201309e-16
6258.0	2.187104e-16
6260.0	2.173672e-16
6262.0	2.161052e-16
6264.0	2.115787e-16
6266.0	2.074457e-16
6268.0	2.073432e-16
6270.0	2.067892e-16
6272.0	2.076966e-16
6274.0	2.090813e-16
6276.0	2.074739e-16
6278.0	2.023955e-16
6280.0	1.998411e-16
6282.0	2.045574e-16
6284.0	2.054943e-16
6286.0	2.001765e-16
6288.0	1.959841e-16
6290.0	1.944494e-16
6292.0	1.929634e-16
6294.0	1.905782e-16
6296.0	1.926113e-16
6298.0	1.975771e-16
6300.0	1.977726e-16
6302.0	1.934854e-16
6304.0	1.896034e-16
6306.0	1.855488e-16
6308.0	1.865077e-16
6310.0	1.882589e-16
6312.0	1.825381e-16
6314.0	1.791877e-16
6316.0	1.780447e-16
6318.0	1.787726e-16
6320.0	1.758186e-16
6322.0	1.719737e-16
6324.0	1.707521e-16
6326.0	1.667583e-16
6328.0	1.635955e-16
6330.0	1.621112e-16
6332.0	1.58964e-16
6334.0	1.529481e-16
6336.0	1.488134e-16
6338.0	1.446075e-16
6340.0	1.400481e-16
6342.0	1.415345e-16
6344.0	1.385088e-16
6346.0	1.33609e-16
6348.0	1.34325e-16
6350.0	1.306292e-16
6352.0	1.245091e-16
6354.0	1.21739e-16
6356.0	1.206201e-16
6358.0	1.204035e-16
6360.0	1.205362e-16
6362.0	1.163333e-16
6364.0	1.153693e-16
6366.0	1.146161e-16
6368.0	1.076194e-16
6370.0	1.021068e-16
6372.0	1.030616e-16
6374.0	1.042863e-16
6376.0	1.035827e-16
6378.0	1.015932e-16
6380.0	1.000447e-16
6382.0	1.008254e-16
6384.0	9.882857e-17
6386.0	9.50674e-17
6388.0	9.461362e-17
6390.0	9.28078e-17
6392.0	9.050338e-17
6394.0	9.090025e-17
6396.0	8.972489e-17
6398.0	8.806634e-17
6400.0	9.06457e-17
6402.0	8.645402e-17
6404.0	8.024997e-17
6406.0	8.358878e-17
6408.0	8.534348e-17
6410.0	8.138214e-17
6412.0	7.929373e-17
6414.0	8.032734e-17
6416.0	8.070763e-17
6418.0	8.079011e-17
6420.0	8.133975e-17
6422.0	7.988534e-17
6424.0	8.138823e-17
6426.0	7.889501e-17
6428.0	7.703034e-17
6430.0	7.721385e-17
6432.0	7.785955e-17
6434.0	7.754827e-17
6436.0	7.395954e-17
6438.0	7.327293e-17
6440.0	7.313644e-17
6442.0	7.183039e-17
6444.0	7.068665e-17
6446.0	6.976397e-17
6448.0	7.023427e-17
6450.0	7.034846e-17
6452.0	7.063924e-17
6454.0	6.773907e-17
6456.0	6.791791e-17
6458.0	7.14045e-17
6460.0	7.123115e-17
6462.0	7.168873e-17
6464.0	7.305528e-17
6466.0	7.200561e-17
6468.0	7.26687e-17
6470.0	7.216779e-17
6472.0	7.338781e-17
6474.0	7.689425e-17
6476.0	7.970673e-17
6478.0	7.835188e-17
6480.0	7.846917e-17
6482.0	8.024809e-17
6484.0	8.256732e-17
6486.0	8.262947e-17
6488.0	8.171661e-17
6490.0	8.511098e-17
6492.0	8.587101e-17
6494.0	8.571886e-17
6496.0	8.96116e-17
6498.0	8.915702e-17
6500.0	9.230124e-17
6502.0	9.431767e-17
6504.0	9.098614e-17
6506.0	9.422759e-17
6508.0	9.747469e-17
6510.0	9.828169e-17
6512.0	1.011466e-16
6514.0	1.037672e-16
6516.0	1.061942e-16
6518.0	1.107763e-16
6520.0	1.126435e-16
6522.0	1.1233e-16
6524.0	1.132247e-16
6526.0	1.09261e-16
6528.0	1.152638e-16
6530.0	1.192294e-16
6532.0	1.184007e-16
6534.0	1.177132e-16
6536.0	1.214946e-16
6538.0	1.288107e-16
6540.0	1.291354e-16
6542.0	1.293457e-16
6544.0	1.336802e-16
6546.0	1.38281e-16
6548.0	1.336437e-16
6550.0	1.407905e-16
6552.0	1.404845e-16
6554.0	1.408294e-16
6556.0	1.453311e-16
6558.0	1.465687e-16
6560.0	1.539231e-16
6562.0	1.555281e-16
6564.0	1.561103e-16
6566.0	1.560067e-16
6568.0	1.562412e-16
6570.0	1.574495e-16
6572.0	1.600581e-16
6574.0	1.674454e-16
6576.0	1.73307e-16
6578.0	1.717157e-16
6580.0	1.665962e-16
6582.0	1.753452e-16
6584.0	1.79159e-16
6586.0	1.769612e-16
6588.0	1.791779e-16
6590.0	1.81824e-16
6592.0	1.796258e-16
6594.0	1.862174e-16
6596.0	1.875529e-16
6598.0	1.872864e-16
6600.0	1.858814e-16
6602.0	1.920885e-16
6604.0	1.919965e-16
6606.0	1.929391e-16
6608.0	1.940207e-16
6610.0	1.905742e-16
6612.0	1.958589e-16
6614.0	1.940344e-16
6616.0	1.971873e-16
6618.0	2.016258e-16
6620.0	2.019589e-16
6622.0	2.068152e-16
6624.0	2.064246e-16
6626.0	2.049921e-16
6628.0	2.097312e-16
6630.0	2.113782e-16
6632.0	2.080973e-16
6634.0	2.064993e-16
6636.0	2.049208e-16
6638.0	2.082451e-16
6640.0	2.113022e-16
6642.0	2.171989e-16
6644.0	2.168282e-16
6646.0	2.156396e-16
6648.0	2.201748e-16
6650.0	2.210487e-16
6652.0	2.196465e-16
6654.0	2.182934e-16
6656.0	2.153783e-16
6658.0	2.138361e-16
6660.0	2.155752e-16
6662.0	2.191416e-16
6664.0	2.238578e-16
6666.0	2.217593e-16
6668.0	2.249249e-16
6670.0	2.309318e-16
6672.0	2.314047e-16
6674.0	2.264512e-16
6676.0	2.191681e-16
6678.0	2.187618e-16
6680.0	2.258636e-16
6682.0	2.264437e-16
6684.0	2.231787e-16
6686.0	2.23112e-16
6688.0	2.202086e-16
6690.0	2.24703e-16
6692.0	2.256654e-16
6694.0	2.275224e-16
6696.0	2.272205e-16
6698.0	2.219476e-16
6700.0	2.217607e-16
6702.0	2.252024e-16
6704.0	2.2677e-16
6706.0	2.237424e-16
6708.0	2.268911e-16
6710.0	2.295867e-16
6712.0	2.314484e-16
6714.0	2.311518e-16
6716.0	2.296817e-16
6718.0	2.246239e-16
6720.0	2.250569e-16
6722.0	2.230312e-16
6724.0	2.227443e-16
6726.0	2.245875e-16
6728.0	2.239873e-16
6730.0	2.243369e-16
6732.0	2.232696e-16
6734.0	2.235955e-16
6736.0	2.239546e-16
6738.0	2.216927e-16
6740.0	2.16268e-16
6742.0	2.171105e-16
6744.0	2.184825e-16
6746.0	2.218237e-16
6748.0	2.275629e-16
6750.0	2.295002e-16
6752.0	2.26148e-16
6754.0	2.194314e-16
6756.0	2.173759e-16
6758.0	2.174475e-16
6760.0	2.138264e-16
6762.0	2.122552e-16
6764.0	2.133542e-16
6766.0	2.150699e-16
6768.0	2.215022e-16
6770.0	2.217309e-16
6772.0	2.189559e-16
6774.0	2.158008e-16
6776.0	2.150061e-16
6778.0	2.140257e-16
6780.0	2.12141e-16
6782.0	2.128751e-16
6784.0	2.103142e-16
6786.0	2.11476e-16
6788.0	2.145908e-16
6790.0	2.14764e-16
6792.0	2.109935e-16
6794.0	2.072801e-16
6796.0	2.061162e-16
6798.0	2.035459e-16
6800.0	2.015982e-16
6802.0	2.024796e-16
6804.0	2.0162e-16
6806.0	2.023369e-16
6808.0	2.019151e-16
6810.0	2.010005e-16
6812.0	1.987245e-16
6814.0	1.993694e-16
6816.0	2.001183e-16
6818.0	1.983863e-16
6820.0	1.966924e-16
6822.0	1.987788e-16
6824.0	1.996248e-16
6826.0	1.97305e-16
6828.0	1.960245e-16
6830.0	1.939851e-16
6832.0	1.958738e-16
6834.0	1.956292e-16
6836.0	1.916185e-16
6838.0	1.91784e-16
6840.0	1.897692e-16
6842.0	1.882007e-16
6844.0	1.879125e-16
6846.0	1.908578e-16
6848.0	1.910083e-16
6850.0	1.932495e-16
6852.0	1.913478e-16
6854.0	1.891614e-16
6856.0	1.853173e-16
6858.0	1.830596e-16
6860.0	1.863293e-16
6862.0	1.88983e-16
6864.0	1.882634e-16
6866.0	1.835731e-16
6868.0	1.765585e-16
6870.0	1.77319e-16
6872.0	1.813828e-16
6874.0	1.815299e-16
6876.0	1.802357e-16
6878.0	1.799625e-16
6880.0	1.814668e-16
6882.0	1.810982e-16
6884.0	1.799094e-16
6886.0	1.795714e-16
6888.0	1.795035e-16
6890.0	1.810608e-16
6892.0	1.797496e-16
6894.0	1.757937e-16
6896.0	1.746358e-16
6898.0	1.742935e-16
6900.0	1.729304e-16
6902.0	1.740496e-16
6904.0	1.757977e-16
6906.0	1.726797e-16
6908.0	1.727411e-16
6910.0	1.731101e-16
6912.0	1.722734e-16
6914.0	1.698146e-16
6916.0	1.706505e-16
6918.0	1.716795e-16
6920.0	1.708316e-16
6922.0	1.697533e-16
6924.0	1.70121e-16
6926.0	1.718677e-16
6928.0	1.717792e-16
6930.0	1.701614e-16
6932.0	1.675542e-16
6934.0	1.673887e-16
6936.0	1.694504e-16
6938.0	1.686408e-16
6940.0	1.682534e-16
6942.0	1.682986e-16
6944.0	1.658608e-16
6946.0	1.631139e-16
6948.0	1.66921e-16
6950.0	1.700146e-16
6952.0	1.690126e-16
6954.0	1.706983e-16
6956.0	1.708778e-16
6958.0	1.684862e-16
6960.0	1.631007e-16
6962.0	1.607225e-16
6964.0	1.647281e-16
6966.0	1.642718e-16
6968.0	1.602056e-16
6970.0	1.622423e-16
6972.0	1.650996e-16
6974.0	1.630435e-16
6976.0	1.619057e-16
6978.0	1.610128e-16
6980.0	1.607099e-16
6982.0	1.608432e-16
6984.0	1.608221e-16
6986.0	1.60428e-16
6988.0	1.585601e-16
6990.0	1.57688e-16
6992.0	1.568807e-16
6994.0	1.570359e-16
6996.0	1.603553e-16
6998.0	1.589937e-16
7000.0	1.545644e-16
7002.0	1.512324e-16
7004.0	1.504104e-16
7006.0	1.552963e-16
7008.0	1.59108e-16
7010.0	1.566025e-16
7012.0	1.539265e-16
7014.0	1.537739e-16
7016.0	1.551402e-16
7018.0	1.553856e-16
7020.0	1.557792e-16
7022.0	1.550669e-16
7024.0	1.516506e-16
7026.0	1.494373e-16
7028.0	1.519884e-16
7030.0	1.552668e-16
7032.0	1.541694e-16
7034.0	1.5176e-16
7036.0	1.487278e-16
7038.0	1.482457e-16
7040.0	1.50462e-16
7042.0	1.51547e-16
7044.0	1.502627e-16
7046.0	1.48706e-16
7048.0	1.480722e-16
7050.0	1.499378e-16
