#	 ps15brr 
#	 UT date of observation: 20151011 
#	 Telescope/Instrument: SOAR/Goodman 
#	 Estimated Peak MJD: 57259.34 
#	 Estimated redshift: 0.052 
#	 Estimated Phase: 44.4 
#	 Published in Dettman et al. 2020 
#	 Observed barycentric wavelength (Angstroms)    F_lambda
3700.0	1.626828e-16
3702.0	2.567768e-16
3704.0	2.734015e-16
3706.0	2.318626e-16
3708.0	1.949102e-16
3710.0	2.155248e-16
3712.0	2.535147e-16
3714.0	2.339875e-16
3716.0	2.139035e-16
3718.0	2.051841e-16
3720.0	2.077575e-16
3722.0	1.632699e-16
3724.0	1.517162e-16
3726.0	1.6559e-16
3728.0	2.205235e-16
3730.0	2.499471e-16
3732.0	2.75967e-16
3734.0	2.748842e-16
3736.0	1.732224e-16
3738.0	1.323243e-16
3740.0	2.88109e-16
3742.0	3.20499e-16
3744.0	3.004069e-16
3746.0	1.947696e-16
3748.0	2.881837e-16
3750.0	2.413971e-16
3752.0	1.772385e-16
3754.0	2.894521e-16
3756.0	2.916847e-16
3758.0	2.622347e-16
3760.0	2.438436e-16
3762.0	3.31648e-16
3764.0	2.744755e-16
3766.0	1.849604e-16
3768.0	2.99437e-16
3770.0	2.700306e-16
3772.0	2.922113e-16
3774.0	3.883178e-16
3776.0	3.523287e-16
3778.0	2.698703e-16
3780.0	2.768913e-16
3782.0	3.067365e-16
3784.0	3.837147e-16
3786.0	3.070573e-16
3788.0	2.607455e-16
3790.0	3.09419e-16
3792.0	2.672481e-16
3794.0	3.1013e-16
3796.0	3.073794e-16
3798.0	2.534809e-16
3800.0	2.81233e-16
3802.0	3.515716e-16
3804.0	3.123709e-16
3806.0	3.008445e-16
3808.0	3.32258e-16
3810.0	2.784091e-16
3812.0	2.552716e-16
3814.0	2.888043e-16
3816.0	2.748356e-16
3818.0	3.047224e-16
3820.0	3.159878e-16
3822.0	2.967161e-16
3824.0	3.182211e-16
3826.0	3.396823e-16
3828.0	2.954192e-16
3830.0	2.897218e-16
3832.0	2.710393e-16
3834.0	2.15084e-16
3836.0	2.160943e-16
3838.0	2.870992e-16
3840.0	2.966675e-16
3842.0	3.382268e-16
3844.0	3.261399e-16
3846.0	3.100545e-16
3848.0	3.162088e-16
3850.0	2.80542e-16
3852.0	2.33555e-16
3854.0	2.47277e-16
3856.0	2.86012e-16
3858.0	2.755536e-16
3860.0	2.658227e-16
3862.0	3.706171e-16
3864.0	4.168742e-16
3866.0	3.472642e-16
3868.0	3.380034e-16
3870.0	4.230462e-16
3872.0	4.36425e-16
3874.0	5.014479e-16
3876.0	4.652777e-16
3878.0	4.437107e-16
3880.0	4.215606e-16
3882.0	4.292967e-16
3884.0	4.317573e-16
3886.0	4.559093e-16
3888.0	4.516312e-16
3890.0	4.674856e-16
3892.0	5.053591e-16
3894.0	4.750832e-16
3896.0	4.84808e-16
3898.0	4.869936e-16
3900.0	5.097454e-16
3902.0	5.204923e-16
3904.0	4.52609e-16
3906.0	3.990929e-16
3908.0	4.377597e-16
3910.0	4.860383e-16
3912.0	4.453209e-16
3914.0	4.542582e-16
3916.0	4.977433e-16
3918.0	4.313011e-16
3920.0	4.363893e-16
3922.0	4.176374e-16
3924.0	3.711073e-16
3926.0	3.861593e-16
3928.0	4.408731e-16
3930.0	4.323434e-16
3932.0	3.900945e-16
3934.0	3.810803e-16
3936.0	3.99131e-16
3938.0	4.026085e-16
3940.0	4.401683e-16
3942.0	3.973958e-16
3944.0	3.609094e-16
3946.0	3.51448e-16
3948.0	3.353457e-16
3950.0	3.301482e-16
3952.0	3.239421e-16
3954.0	3.412816e-16
3956.0	3.458564e-16
3958.0	2.914278e-16
3960.0	2.794139e-16
3962.0	2.860528e-16
3964.0	2.856877e-16
3966.0	2.874694e-16
3968.0	2.73535e-16
3970.0	2.656215e-16
3972.0	2.679795e-16
3974.0	2.322678e-16
3976.0	2.038543e-16
3978.0	2.344104e-16
3980.0	2.473777e-16
3982.0	2.350109e-16
3984.0	2.425279e-16
3986.0	2.121337e-16
3988.0	2.121961e-16
3990.0	2.121882e-16
3992.0	2.082641e-16
3994.0	2.11802e-16
3996.0	1.995822e-16
3998.0	1.468895e-16
4000.0	1.375605e-16
4002.0	1.72485e-16
4004.0	1.983529e-16
4006.0	1.937468e-16
4008.0	1.399833e-16
4010.0	1.253969e-16
4012.0	1.546033e-16
4014.0	2.001258e-16
4016.0	2.119537e-16
4018.0	1.639519e-16
4020.0	1.534665e-16
4022.0	1.666211e-16
4024.0	1.69373e-16
4026.0	1.882908e-16
4028.0	2.062915e-16
4030.0	2.06035e-16
4032.0	2.106545e-16
4034.0	1.86828e-16
4036.0	1.582104e-16
4038.0	1.943108e-16
4040.0	2.292552e-16
4042.0	2.308011e-16
4044.0	2.249922e-16
4046.0	2.310908e-16
4048.0	2.607852e-16
4050.0	2.79195e-16
4052.0	2.410276e-16
4054.0	2.067488e-16
4056.0	2.304534e-16
4058.0	2.71099e-16
4060.0	2.925188e-16
4062.0	3.073919e-16
4064.0	3.626464e-16
4066.0	3.968298e-16
4068.0	3.52034e-16
4070.0	3.446435e-16
4072.0	3.760196e-16
4074.0	3.548305e-16
4076.0	3.510256e-16
4078.0	3.845942e-16
4080.0	4.286521e-16
4082.0	4.475096e-16
4084.0	4.411005e-16
4086.0	4.409307e-16
4088.0	4.374407e-16
4090.0	4.797254e-16
4092.0	5.251511e-16
4094.0	5.338969e-16
4096.0	5.375636e-16
4098.0	5.318883e-16
4100.0	5.359819e-16
4102.0	5.39392e-16
4104.0	5.162088e-16
4106.0	4.999971e-16
4108.0	5.419272e-16
4110.0	5.916459e-16
4112.0	5.952876e-16
4114.0	5.901712e-16
4116.0	5.432448e-16
4118.0	5.177333e-16
4120.0	5.262097e-16
4122.0	5.447646e-16
4124.0	5.893553e-16
4126.0	5.5331e-16
4128.0	5.294266e-16
4130.0	5.828474e-16
4132.0	5.965713e-16
4134.0	5.556109e-16
4136.0	5.331808e-16
4138.0	5.463783e-16
4140.0	6.079055e-16
4142.0	6.32827e-16
4144.0	6.269352e-16
4146.0	6.210949e-16
4148.0	6.074308e-16
4150.0	6.223319e-16
4152.0	6.055137e-16
4154.0	6.05026e-16
4156.0	6.319286e-16
4158.0	5.927601e-16
4160.0	5.992861e-16
4162.0	6.560142e-16
4164.0	6.650178e-16
4166.0	6.774113e-16
4168.0	7.047048e-16
4170.0	7.291118e-16
4172.0	6.925219e-16
4174.0	6.393949e-16
4176.0	6.669579e-16
4178.0	6.411301e-16
4180.0	6.63172e-16
4182.0	6.945083e-16
4184.0	6.722278e-16
4186.0	6.797224e-16
4188.0	6.96699e-16
4190.0	6.676894e-16
4192.0	6.283504e-16
4194.0	6.206289e-16
4196.0	6.873104e-16
4198.0	7.052721e-16
4200.0	6.829878e-16
4202.0	7.315304e-16
4204.0	7.086573e-16
4206.0	6.705432e-16
4208.0	6.262927e-16
4210.0	6.075577e-16
4212.0	6.498144e-16
4214.0	6.427439e-16
4216.0	5.720327e-16
4218.0	5.851841e-16
4220.0	5.922836e-16
4222.0	5.802566e-16
4224.0	6.044256e-16
4226.0	5.794232e-16
4228.0	5.753096e-16
4230.0	5.649462e-16
4232.0	5.708255e-16
4234.0	5.598869e-16
4236.0	5.075941e-16
4238.0	5.100095e-16
4240.0	5.055159e-16
4242.0	4.864694e-16
4244.0	5.149943e-16
4246.0	5.108301e-16
4248.0	4.756851e-16
4250.0	5.16354e-16
4252.0	5.241767e-16
4254.0	5.067983e-16
4256.0	4.909439e-16
4258.0	5.055606e-16
4260.0	5.159582e-16
4262.0	5.131128e-16
4264.0	5.130212e-16
4266.0	4.419262e-16
4268.0	4.170659e-16
4270.0	4.635112e-16
4272.0	4.382673e-16
4274.0	4.870729e-16
4276.0	4.882852e-16
4278.0	4.626146e-16
4280.0	4.681881e-16
4282.0	5.035162e-16
4284.0	4.660311e-16
4286.0	4.563483e-16
4288.0	4.673572e-16
4290.0	4.577022e-16
4292.0	4.564553e-16
4294.0	5.026665e-16
4296.0	4.89172e-16
4298.0	4.968554e-16
4300.0	5.146753e-16
4302.0	4.934881e-16
4304.0	4.541652e-16
4306.0	4.666318e-16
4308.0	4.62885e-16
4310.0	4.476683e-16
4312.0	4.65776e-16
4314.0	4.088003e-16
4316.0	4.351569e-16
4318.0	4.772157e-16
4320.0	4.457382e-16
4322.0	4.096287e-16
4324.0	4.443032e-16
4326.0	4.86511e-16
4328.0	4.656316e-16
4330.0	4.349476e-16
4332.0	4.299774e-16
4334.0	4.151932e-16
4336.0	4.122403e-16
4338.0	4.204564e-16
4340.0	4.187131e-16
4342.0	4.215286e-16
4344.0	4.544065e-16
4346.0	4.499752e-16
4348.0	3.992869e-16
4350.0	4.082768e-16
4352.0	4.317012e-16
4354.0	3.877686e-16
4356.0	3.363119e-16
4358.0	3.597133e-16
4360.0	3.661842e-16
4362.0	3.869579e-16
4364.0	3.526739e-16
4366.0	3.274116e-16
4368.0	4.062176e-16
4370.0	4.415499e-16
4372.0	4.458713e-16
4374.0	4.455539e-16
4376.0	4.204814e-16
4378.0	3.904895e-16
4380.0	4.068071e-16
4382.0	4.344107e-16
4384.0	3.851497e-16
4386.0	3.54134e-16
4388.0	3.819896e-16
4390.0	4.077192e-16
4392.0	4.254293e-16
4394.0	4.390554e-16
4396.0	4.360944e-16
4398.0	4.24854e-16
4400.0	4.534899e-16
4402.0	4.489972e-16
4404.0	4.086549e-16
4406.0	4.351333e-16
4408.0	4.332211e-16
4410.0	3.89209e-16
4412.0	4.393881e-16
4414.0	4.506757e-16
4416.0	4.529659e-16
4418.0	4.79469e-16
4420.0	4.801716e-16
4422.0	5.209709e-16
4424.0	4.361572e-16
4426.0	4.43391e-16
4428.0	4.815073e-16
4430.0	4.739714e-16
4432.0	4.840794e-16
4434.0	4.33823e-16
4436.0	4.418196e-16
4438.0	4.549705e-16
4440.0	4.854722e-16
4442.0	4.99043e-16
4444.0	4.758784e-16
4446.0	4.660655e-16
4448.0	4.749949e-16
4450.0	4.32855e-16
4452.0	4.248596e-16
4454.0	4.830821e-16
4456.0	4.654065e-16
4458.0	4.614117e-16
4460.0	5.224645e-16
4462.0	5.074165e-16
4464.0	4.706018e-16
4466.0	4.622251e-16
4468.0	4.609734e-16
4470.0	4.85009e-16
4472.0	4.689225e-16
4474.0	4.586516e-16
4476.0	5.010134e-16
4478.0	4.770442e-16
4480.0	4.955512e-16
4482.0	5.164728e-16
4484.0	4.62461e-16
4486.0	4.810433e-16
4488.0	4.385837e-16
4490.0	4.797089e-16
4492.0	5.039848e-16
4494.0	5.160123e-16
4496.0	4.934449e-16
4498.0	4.680349e-16
4500.0	4.818657e-16
4502.0	4.512251e-16
4504.0	4.188215e-16
4506.0	4.448826e-16
4508.0	4.5375e-16
4510.0	4.853248e-16
4512.0	5.103159e-16
4514.0	4.646078e-16
4516.0	4.413746e-16
4518.0	4.798351e-16
4520.0	5.300423e-16
4522.0	4.854455e-16
4524.0	4.984583e-16
4526.0	5.504052e-16
4528.0	5.521661e-16
4530.0	5.250091e-16
4532.0	5.342885e-16
4534.0	5.203711e-16
4536.0	5.044201e-16
4538.0	5.350879e-16
4540.0	5.232621e-16
4542.0	5.076334e-16
4544.0	5.249994e-16
4546.0	5.216721e-16
4548.0	5.403932e-16
4550.0	5.285402e-16
4552.0	5.77084e-16
4554.0	5.657193e-16
4556.0	5.731195e-16
4558.0	5.382497e-16
4560.0	5.802698e-16
4562.0	5.651957e-16
4564.0	5.690196e-16
4566.0	5.801031e-16
4568.0	5.635663e-16
4570.0	5.463998e-16
4572.0	5.658715e-16
4574.0	5.635404e-16
4576.0	5.179824e-16
4578.0	4.709379e-16
4580.0	4.864951e-16
4582.0	4.801612e-16
4584.0	4.85083e-16
4586.0	4.89767e-16
4588.0	4.320859e-16
4590.0	4.586949e-16
4592.0	5.241491e-16
4594.0	5.315377e-16
4596.0	5.031827e-16
4598.0	4.692488e-16
4600.0	4.625962e-16
4602.0	4.59096e-16
4604.0	4.451751e-16
4606.0	4.334358e-16
4608.0	4.363684e-16
4610.0	4.298585e-16
4612.0	4.348827e-16
4614.0	4.012032e-16
4616.0	4.033783e-16
4618.0	4.020451e-16
4620.0	4.387244e-16
4622.0	4.167071e-16
4624.0	3.330367e-16
4626.0	3.484098e-16
4628.0	3.640428e-16
4630.0	3.686507e-16
4632.0	3.754267e-16
4634.0	3.642757e-16
4636.0	3.542208e-16
4638.0	3.349392e-16
4640.0	3.104626e-16
4642.0	3.014215e-16
4644.0	3.005954e-16
4646.0	2.807731e-16
4648.0	3.184405e-16
4650.0	3.60896e-16
4652.0	3.384976e-16
4654.0	3.111561e-16
4656.0	3.098958e-16
4658.0	2.856133e-16
4660.0	2.775171e-16
4662.0	3.0158e-16
4664.0	3.015605e-16
4666.0	2.836441e-16
4668.0	2.817205e-16
4670.0	2.836211e-16
4672.0	2.884729e-16
4674.0	2.967654e-16
4676.0	3.02526e-16
4678.0	3.082848e-16
4680.0	2.775841e-16
4682.0	2.690258e-16
4684.0	2.963468e-16
4686.0	2.940785e-16
4688.0	3.118645e-16
4690.0	3.125511e-16
4692.0	3.197721e-16
4694.0	3.396499e-16
4696.0	3.144378e-16
4698.0	3.104315e-16
4700.0	3.020343e-16
4702.0	2.978225e-16
4704.0	3.241661e-16
4706.0	3.355048e-16
4708.0	3.311374e-16
4710.0	3.174699e-16
4712.0	3.182299e-16
4714.0	3.400302e-16
4716.0	3.420891e-16
4718.0	3.185829e-16
4720.0	3.481168e-16
4722.0	3.653728e-16
4724.0	3.345846e-16
4726.0	3.275486e-16
4728.0	3.457614e-16
4730.0	3.768438e-16
4732.0	3.973806e-16
4734.0	3.79999e-16
4736.0	3.581324e-16
4738.0	3.871847e-16
4740.0	4.401501e-16
4742.0	4.761222e-16
4744.0	4.609379e-16
4746.0	3.879715e-16
4748.0	3.773545e-16
4750.0	4.476134e-16
4752.0	4.930861e-16
4754.0	4.609724e-16
4756.0	4.3063e-16
4758.0	4.511849e-16
4760.0	4.633585e-16
4762.0	5.026173e-16
4764.0	5.331293e-16
4766.0	5.108976e-16
4768.0	5.145424e-16
4770.0	5.429244e-16
4772.0	5.460957e-16
4774.0	5.567848e-16
4776.0	5.603297e-16
4778.0	5.310464e-16
4780.0	5.690543e-16
4782.0	5.98679e-16
4784.0	5.825293e-16
4786.0	6.137049e-16
4788.0	6.164946e-16
4790.0	6.056877e-16
4792.0	6.349672e-16
4794.0	6.5029e-16
4796.0	6.460653e-16
4798.0	6.792212e-16
4800.0	6.82501e-16
4802.0	6.779355e-16
4804.0	7.390176e-16
4806.0	7.728427e-16
4808.0	7.797714e-16
4810.0	7.712662e-16
4812.0	7.337285e-16
4814.0	8.033769e-16
4816.0	8.804651e-16
4818.0	8.664862e-16
4820.0	8.465986e-16
4822.0	8.12543e-16
4824.0	8.167696e-16
4826.0	8.420539e-16
4828.0	8.768609e-16
4830.0	9.174365e-16
4832.0	9.275887e-16
4834.0	9.018541e-16
4836.0	9.036113e-16
4838.0	9.134417e-16
4840.0	8.905445e-16
4842.0	8.902397e-16
4844.0	9.459725e-16
4846.0	9.808126e-16
4848.0	9.450656e-16
4850.0	9.189706e-16
4852.0	9.179107e-16
4854.0	9.415374e-16
4856.0	9.331291e-16
4858.0	9.410344e-16
4860.0	9.610067e-16
4862.0	9.53483e-16
4864.0	9.555184e-16
4866.0	1.001525e-15
4868.0	1.005098e-15
4870.0	9.799139e-16
4872.0	9.431779e-16
4874.0	9.990276e-16
4876.0	1.035744e-15
4878.0	9.819577e-16
4880.0	9.554919e-16
4882.0	9.460351e-16
4884.0	9.626944e-16
4886.0	9.833127e-16
4888.0	9.346318e-16
4890.0	9.444076e-16
4892.0	9.632886e-16
4894.0	9.362242e-16
4896.0	9.442882e-16
4898.0	1.011538e-15
4900.0	1.028103e-15
4902.0	9.933967e-16
4904.0	9.299243e-16
4906.0	9.225513e-16
4908.0	9.015309e-16
4910.0	8.834959e-16
4912.0	9.013372e-16
4914.0	9.057601e-16
4916.0	9.083834e-16
4918.0	8.719329e-16
4920.0	8.70843e-16
4922.0	8.727428e-16
4924.0	8.63479e-16
4926.0	8.728906e-16
4928.0	8.409252e-16
4930.0	7.897121e-16
4932.0	7.788924e-16
4934.0	7.574045e-16
4936.0	7.467446e-16
4938.0	7.554767e-16
4940.0	7.356799e-16
4942.0	6.93801e-16
4944.0	6.681973e-16
4946.0	6.960329e-16
4948.0	6.510055e-16
4950.0	6.135724e-16
4952.0	5.940673e-16
4954.0	5.772043e-16
4956.0	5.797288e-16
4958.0	5.94543e-16
4960.0	5.554923e-16
4962.0	5.17575e-16
4964.0	5.050073e-16
4966.0	5.327533e-16
4968.0	5.153364e-16
4970.0	4.928442e-16
4972.0	4.687111e-16
4974.0	4.844741e-16
4976.0	5.149197e-16
4978.0	5.054019e-16
4980.0	4.759115e-16
4982.0	4.835293e-16
4984.0	4.576923e-16
4986.0	4.683934e-16
4988.0	5.07514e-16
4990.0	4.340751e-16
4992.0	4.121426e-16
4994.0	4.397003e-16
4996.0	4.363988e-16
4998.0	4.416383e-16
5000.0	4.450076e-16
5002.0	3.92884e-16
5004.0	4.024965e-16
5006.0	4.203271e-16
5008.0	4.033089e-16
5010.0	4.06618e-16
5012.0	4.155376e-16
5014.0	4.153916e-16
5016.0	4.158622e-16
5018.0	4.274193e-16
5020.0	4.016173e-16
5022.0	4.136373e-16
5024.0	4.176561e-16
5026.0	4.247352e-16
5028.0	4.210977e-16
5030.0	4.636441e-16
5032.0	4.754564e-16
5034.0	4.345407e-16
5036.0	4.798759e-16
5038.0	4.712136e-16
5040.0	4.783591e-16
5042.0	4.969829e-16
5044.0	4.982141e-16
5046.0	4.942791e-16
5048.0	4.877916e-16
5050.0	4.703852e-16
5052.0	4.85936e-16
5054.0	4.838469e-16
5056.0	4.841251e-16
5058.0	5.132809e-16
5060.0	5.205299e-16
5062.0	5.227833e-16
5064.0	5.375677e-16
5066.0	5.706483e-16
5068.0	5.598436e-16
5070.0	5.891093e-16
5072.0	5.896845e-16
5074.0	5.532001e-16
5076.0	5.64301e-16
5078.0	5.725729e-16
5080.0	5.53405e-16
5082.0	5.680998e-16
5084.0	6.180214e-16
5086.0	5.757764e-16
5088.0	5.532906e-16
5090.0	5.739026e-16
5092.0	6.074105e-16
5094.0	5.940766e-16
5096.0	5.649346e-16
5098.0	5.847131e-16
5100.0	6.076261e-16
5102.0	6.25539e-16
5104.0	5.918449e-16
5106.0	5.538246e-16
5108.0	5.396336e-16
5110.0	5.864169e-16
5112.0	5.893928e-16
5114.0	5.771213e-16
5116.0	5.567946e-16
5118.0	5.438207e-16
5120.0	5.479326e-16
5122.0	5.556954e-16
5124.0	5.503423e-16
5126.0	5.588049e-16
5128.0	5.675216e-16
5130.0	5.621064e-16
5132.0	5.662907e-16
5134.0	5.523264e-16
5136.0	5.77033e-16
5138.0	5.57606e-16
5140.0	5.715275e-16
5142.0	5.671048e-16
5144.0	5.416902e-16
5146.0	5.239096e-16
5148.0	5.013591e-16
5150.0	5.463695e-16
5152.0	5.95065e-16
5154.0	6.003296e-16
5156.0	5.807484e-16
5158.0	5.73231e-16
5160.0	5.826369e-16
5162.0	6.314276e-16
5164.0	6.480258e-16
5166.0	6.758217e-16
5168.0	6.643784e-16
5170.0	6.729237e-16
5172.0	7.224163e-16
5174.0	7.171398e-16
5176.0	7.234853e-16
5178.0	7.462948e-16
5180.0	7.416486e-16
5182.0	7.53467e-16
5184.0	7.504269e-16
5186.0	7.410878e-16
5188.0	7.658237e-16
5190.0	8.023118e-16
5192.0	8.323195e-16
5194.0	8.454101e-16
5196.0	8.646051e-16
5198.0	8.816198e-16
5200.0	9.047469e-16
5202.0	9.135731e-16
5204.0	9.118856e-16
5206.0	9.188805e-16
5208.0	9.252413e-16
5210.0	9.319565e-16
5212.0	9.470241e-16
5214.0	9.247726e-16
5216.0	9.176397e-16
5218.0	9.449217e-16
5220.0	9.401117e-16
5222.0	9.300415e-16
5224.0	9.067001e-16
5226.0	9.008775e-16
5228.0	9.193526e-16
5230.0	9.111348e-16
5232.0	8.950105e-16
5234.0	8.986942e-16
5236.0	8.804213e-16
5238.0	8.62242e-16
5240.0	8.317284e-16
5242.0	7.850376e-16
5244.0	7.862119e-16
5246.0	7.73599e-16
5248.0	7.289093e-16
5250.0	7.510261e-16
5252.0	7.712062e-16
5254.0	7.414734e-16
5256.0	6.95861e-16
5258.0	6.760192e-16
5260.0	6.920674e-16
5262.0	6.558603e-16
5264.0	6.284944e-16
5266.0	6.305067e-16
5268.0	6.217964e-16
5270.0	6.048993e-16
5272.0	6.120634e-16
5274.0	6.209387e-16
5276.0	5.899784e-16
5278.0	5.632987e-16
5280.0	5.718914e-16
5282.0	5.544633e-16
5284.0	5.577291e-16
5286.0	5.344916e-16
5288.0	5.312726e-16
5290.0	5.156068e-16
5292.0	4.941795e-16
5294.0	4.918583e-16
5296.0	4.939596e-16
5298.0	4.774835e-16
5300.0	4.759137e-16
5302.0	4.55853e-16
5304.0	4.506851e-16
5306.0	4.503682e-16
5308.0	4.524786e-16
5310.0	4.547936e-16
5312.0	4.515288e-16
5314.0	4.793359e-16
5316.0	4.82771e-16
5318.0	4.651656e-16
5320.0	4.466138e-16
5322.0	4.581076e-16
5324.0	4.612213e-16
5326.0	4.476868e-16
5328.0	4.702912e-16
5330.0	4.6636e-16
5332.0	4.238183e-16
5334.0	4.316802e-16
5336.0	4.408072e-16
5338.0	4.228396e-16
5340.0	4.133455e-16
5342.0	4.026161e-16
5344.0	4.010852e-16
5346.0	4.164758e-16
5348.0	4.05491e-16
5350.0	4.097335e-16
5352.0	4.537601e-16
5354.0	4.471595e-16
5356.0	4.235906e-16
5358.0	4.364011e-16
5360.0	4.301898e-16
5362.0	4.189711e-16
5364.0	4.325135e-16
5366.0	4.431916e-16
5368.0	4.360392e-16
5370.0	4.270868e-16
5372.0	4.284182e-16
5374.0	4.537353e-16
5376.0	4.540408e-16
5378.0	4.599615e-16
5380.0	4.322322e-16
5382.0	4.217088e-16
5384.0	4.077894e-16
5386.0	4.054212e-16
5388.0	4.228634e-16
5390.0	4.28758e-16
5392.0	4.179907e-16
5394.0	3.98107e-16
5396.0	3.850879e-16
5398.0	4.126102e-16
5400.0	4.649867e-16
5402.0	4.615691e-16
5404.0	4.357005e-16
5406.0	4.362604e-16
5408.0	4.483733e-16
5410.0	4.601599e-16
5412.0	4.701611e-16
5414.0	4.387502e-16
5416.0	4.314261e-16
5418.0	4.372075e-16
5420.0	4.45987e-16
5422.0	4.456089e-16
5424.0	4.613601e-16
5426.0	4.669569e-16
5428.0	4.466425e-16
5430.0	4.324674e-16
5432.0	4.175289e-16
5434.0	4.109716e-16
5436.0	4.249383e-16
5438.0	4.560191e-16
5440.0	4.754193e-16
5442.0	4.56654e-16
5444.0	4.42465e-16
5446.0	4.412708e-16
5448.0	4.484756e-16
5450.0	4.462989e-16
5452.0	4.641257e-16
5454.0	4.69988e-16
5456.0	4.568223e-16
5458.0	4.588983e-16
5460.0	4.505381e-16
5462.0	4.814706e-16
5464.0	4.920339e-16
5466.0	4.903457e-16
5468.0	4.990681e-16
5470.0	5.092305e-16
5472.0	4.948387e-16
5474.0	5.064532e-16
5476.0	5.444211e-16
5478.0	5.517842e-16
5480.0	5.50715e-16
5482.0	5.501615e-16
5484.0	5.580418e-16
5486.0	5.618725e-16
5488.0	5.58743e-16
5490.0	5.614322e-16
5492.0	5.685793e-16
5494.0	5.543808e-16
5496.0	5.688901e-16
5498.0	6.194053e-16
5500.0	6.354959e-16
5502.0	6.239662e-16
5504.0	6.271255e-16
5506.0	6.426198e-16
5508.0	6.458444e-16
5510.0	6.272194e-16
5512.0	6.446784e-16
5514.0	6.860286e-16
5516.0	6.800603e-16
5518.0	6.647611e-16
5520.0	6.761421e-16
5522.0	6.742582e-16
5524.0	6.55875e-16
5526.0	6.676819e-16
5528.0	6.913263e-16
5530.0	7.178002e-16
5532.0	7.378038e-16
5534.0	7.408573e-16
5536.0	7.64675e-16
5538.0	7.394773e-16
5540.0	7.082379e-16
5542.0	7.183861e-16
5544.0	7.589082e-16
5546.0	7.899183e-16
5548.0	7.676623e-16
5550.0	7.240992e-16
5552.0	7.253912e-16
5554.0	7.873253e-16
5556.0	8.220908e-16
5558.0	8.23849e-16
5560.0	8.304162e-16
5562.0	8.240722e-16
5564.0	8.141074e-16
5566.0	8.485439e-16
5568.0	8.583382e-16
5570.0	8.397725e-16
5572.0	7.637685e-16
5574.0	8.239773e-16
5576.0	9.423195e-16
5578.0	1.01278e-15
5580.0	9.75149e-16
5582.0	8.905623e-16
5584.0	8.47538e-16
5586.0	8.43408e-16
5588.0	8.377018e-16
5590.0	8.655698e-16
5592.0	8.441498e-16
5594.0	8.1258e-16
5596.0	8.40246e-16
5598.0	8.646338e-16
5600.0	8.430666e-16
5602.0	8.532173e-16
5604.0	8.822853e-16
5606.0	8.672392e-16
5608.0	8.321506e-16
5610.0	8.716637e-16
5612.0	9.206447e-16
5614.0	8.88958e-16
5616.0	8.893161e-16
5618.0	8.956924e-16
5620.0	8.278024e-16
5622.0	8.465991e-16
5624.0	9.081699e-16
5626.0	9.194913e-16
5628.0	8.57997e-16
5630.0	8.58976e-16
5632.0	8.969724e-16
5634.0	9.177758e-16
5636.0	9.015786e-16
5638.0	8.972515e-16
5640.0	9.009243e-16
5642.0	9.202703e-16
5644.0	9.224494e-16
5646.0	8.676824e-16
5648.0	8.82329e-16
5650.0	8.883925e-16
5652.0	8.705915e-16
5654.0	8.91295e-16
5656.0	9.15218e-16
5658.0	9.254275e-16
5660.0	9.105617e-16
5662.0	8.94798e-16
5664.0	9.005963e-16
5666.0	9.33591e-16
5668.0	9.276183e-16
5670.0	9.027774e-16
5672.0	9.084226e-16
5674.0	9.06158e-16
5676.0	8.971723e-16
5678.0	9.082269e-16
5680.0	8.97403e-16
5682.0	8.582008e-16
5684.0	9.071426e-16
5686.0	9.259412e-16
5688.0	8.835196e-16
5690.0	8.770112e-16
5692.0	9.029874e-16
5694.0	8.694493e-16
5696.0	8.812719e-16
5698.0	8.915631e-16
5700.0	8.666638e-16
5702.0	8.947607e-16
5704.0	9.25388e-16
5706.0	8.964169e-16
5708.0	8.724042e-16
5710.0	9.029847e-16
5712.0	9.350008e-16
5714.0	9.527908e-16
5716.0	9.337885e-16
5718.0	9.383396e-16
5720.0	9.738955e-16
5722.0	9.798746e-16
5724.0	9.934892e-16
5726.0	1.023717e-15
5728.0	1.070466e-15
5730.0	1.067271e-15
5732.0	1.039545e-15
5734.0	1.003821e-15
5736.0	1.026536e-15
5738.0	1.072021e-15
5740.0	1.050369e-15
5742.0	1.077467e-15
5744.0	1.11122e-15
5746.0	1.11095e-15
5748.0	1.110952e-15
5750.0	1.12403e-15
5752.0	1.172599e-15
5754.0	1.195939e-15
5756.0	1.213137e-15
5758.0	1.241878e-15
5760.0	1.249965e-15
5762.0	1.199882e-15
5764.0	1.218834e-15
5766.0	1.231293e-15
5768.0	1.252031e-15
5770.0	1.252593e-15
5772.0	1.244937e-15
5774.0	1.269888e-15
5776.0	1.274541e-15
5778.0	1.254699e-15
5780.0	1.291875e-15
5782.0	1.331812e-15
5784.0	1.360962e-15
5786.0	1.306895e-15
5788.0	1.326444e-15
5790.0	1.37197e-15
5792.0	1.288897e-15
5794.0	1.305319e-15
5796.0	1.345096e-15
5798.0	1.316099e-15
5800.0	1.302527e-15
5802.0	1.302945e-15
5804.0	1.309316e-15
5806.0	1.308222e-15
5808.0	1.306638e-15
5810.0	1.341893e-15
5812.0	1.339986e-15
5814.0	1.300705e-15
5816.0	1.248523e-15
5818.0	1.268663e-15
5820.0	1.309074e-15
5822.0	1.314815e-15
5824.0	1.251867e-15
5826.0	1.236484e-15
5828.0	1.227815e-15
5830.0	1.247541e-15
5832.0	1.237228e-15
5834.0	1.249857e-15
5836.0	1.238051e-15
5838.0	1.225593e-15
5840.0	1.216134e-15
5842.0	1.208472e-15
5844.0	1.23569e-15
5846.0	1.227374e-15
5848.0	1.208305e-15
5850.0	1.219844e-15
5852.0	1.211852e-15
5854.0	1.178453e-15
5856.0	1.166048e-15
5858.0	1.167226e-15
5860.0	1.172631e-15
5862.0	1.179073e-15
5864.0	1.129238e-15
5866.0	1.08879e-15
5868.0	1.07946e-15
5870.0	1.12771e-15
5872.0	1.129833e-15
5874.0	1.084461e-15
5876.0	1.122166e-15
5878.0	1.090883e-15
5880.0	1.037189e-15
5882.0	1.069631e-15
5884.0	1.04741e-15
5886.0	1.024127e-15
5888.0	1.027258e-15
5890.0	9.939186e-16
5892.0	1.030416e-15
5894.0	9.884805e-16
5896.0	9.86386e-16
5898.0	9.920881e-16
5900.0	9.970378e-16
5902.0	9.954699e-16
5904.0	9.590642e-16
5906.0	9.66976e-16
5908.0	9.448653e-16
5910.0	9.276412e-16
5912.0	9.093058e-16
5914.0	9.348199e-16
5916.0	9.464037e-16
5918.0	9.169451e-16
5920.0	8.974817e-16
5922.0	8.818681e-16
5924.0	8.789283e-16
5926.0	9.026082e-16
5928.0	9.109028e-16
5930.0	8.711685e-16
5932.0	8.274652e-16
5934.0	8.154768e-16
5936.0	8.372333e-16
5938.0	8.01285e-16
5940.0	7.918251e-16
5942.0	8.062502e-16
5944.0	7.744066e-16
5946.0	7.779267e-16
5948.0	7.879222e-16
5950.0	7.642896e-16
5952.0	7.544619e-16
5954.0	7.220523e-16
5956.0	7.125501e-16
5958.0	7.300227e-16
5960.0	7.097253e-16
5962.0	7.101405e-16
5964.0	6.694921e-16
5966.0	6.642324e-16
5968.0	6.558773e-16
5970.0	6.361795e-16
5972.0	6.362279e-16
5974.0	6.382548e-16
5976.0	6.364992e-16
5978.0	6.640581e-16
5980.0	6.397713e-16
5982.0	5.895115e-16
5984.0	6.019665e-16
5986.0	5.829084e-16
5988.0	5.537334e-16
5990.0	5.912393e-16
5992.0	6.284621e-16
5994.0	6.018184e-16
5996.0	5.977114e-16
5998.0	5.945746e-16
6000.0	5.887909e-16
6002.0	5.809325e-16
6004.0	5.487802e-16
6006.0	5.705889e-16
6008.0	5.714531e-16
6010.0	5.603919e-16
6012.0	5.854103e-16
6014.0	5.760421e-16
6016.0	5.521098e-16
6018.0	5.571396e-16
6020.0	5.835061e-16
6022.0	6.115127e-16
6024.0	6.226855e-16
6026.0	6.012231e-16
6028.0	6.080361e-16
6030.0	6.216367e-16
6032.0	6.104048e-16
6034.0	6.05064e-16
6036.0	6.194361e-16
6038.0	6.500596e-16
6040.0	6.785044e-16
6042.0	6.750224e-16
6044.0	6.583016e-16
6046.0	6.843727e-16
6048.0	7.225399e-16
6050.0	7.231533e-16
6052.0	7.535452e-16
6054.0	7.837103e-16
6056.0	7.790334e-16
6058.0	7.879106e-16
6060.0	8.133203e-16
6062.0	8.219341e-16
6064.0	8.197366e-16
6066.0	8.527155e-16
6068.0	8.629946e-16
6070.0	8.396138e-16
6072.0	8.387011e-16
6074.0	8.629151e-16
6076.0	9.212059e-16
6078.0	9.738045e-16
6080.0	9.647796e-16
6082.0	9.444484e-16
6084.0	9.607132e-16
6086.0	9.761864e-16
6088.0	9.914837e-16
6090.0	1.02536e-15
6092.0	1.048672e-15
6094.0	1.0635e-15
6096.0	1.057718e-15
6098.0	1.035022e-15
6100.0	1.054409e-15
6102.0	1.084314e-15
6104.0	1.11233e-15
6106.0	1.082024e-15
6108.0	1.102209e-15
6110.0	1.122452e-15
6112.0	1.099695e-15
6114.0	1.106682e-15
6116.0	1.138653e-15
6118.0	1.165102e-15
6120.0	1.162352e-15
6122.0	1.13472e-15
6124.0	1.126789e-15
6126.0	1.119125e-15
6128.0	1.13456e-15
6130.0	1.148068e-15
6132.0	1.13738e-15
6134.0	1.12693e-15
6136.0	1.134194e-15
6138.0	1.146889e-15
6140.0	1.157323e-15
6142.0	1.140809e-15
6144.0	1.14149e-15
6146.0	1.128967e-15
6148.0	1.09613e-15
6150.0	1.068686e-15
6152.0	1.07559e-15
6154.0	1.102287e-15
6156.0	1.124191e-15
6158.0	1.069001e-15
6160.0	1.045121e-15
6162.0	1.041852e-15
6164.0	1.020888e-15
6166.0	1.044188e-15
6168.0	1.020624e-15
6170.0	1.00316e-15
6172.0	1.013883e-15
6174.0	9.977762e-16
6176.0	9.723666e-16
6178.0	9.995942e-16
6180.0	1.009657e-15
6182.0	9.955236e-16
6184.0	9.529494e-16
6186.0	9.286687e-16
6188.0	9.434083e-16
6190.0	9.581694e-16
6192.0	9.758265e-16
6194.0	9.380517e-16
6196.0	8.95788e-16
6198.0	9.381068e-16
6200.0	9.52048e-16
6202.0	9.269012e-16
6204.0	9.00774e-16
6206.0	8.859646e-16
6208.0	9.040116e-16
6210.0	9.129083e-16
6212.0	9.016379e-16
6214.0	8.992088e-16
6216.0	9.090406e-16
6218.0	9.268177e-16
6220.0	9.322824e-16
6222.0	9.145237e-16
6224.0	9.119216e-16
6226.0	8.987323e-16
6228.0	8.674345e-16
6230.0	8.455132e-16
6232.0	8.57045e-16
6234.0	8.948685e-16
6236.0	9.078944e-16
6238.0	8.995734e-16
6240.0	8.998104e-16
6242.0	9.210196e-16
6244.0	8.890359e-16
6246.0	8.480786e-16
6248.0	8.660852e-16
6250.0	8.412671e-16
6252.0	8.228251e-16
6254.0	8.292666e-16
6256.0	8.120102e-16
6258.0	8.449035e-16
6260.0	8.759445e-16
6262.0	8.35564e-16
6264.0	7.973718e-16
6266.0	8.001542e-16
6268.0	7.940906e-16
6270.0	7.948683e-16
6272.0	7.929893e-16
6274.0	7.669007e-16
6276.0	7.363568e-16
6278.0	7.18075e-16
6280.0	7.362082e-16
6282.0	7.426209e-16
6284.0	7.225497e-16
6286.0	6.991354e-16
6288.0	6.881786e-16
6290.0	7.123525e-16
6292.0	6.781717e-16
6294.0	5.988325e-16
6296.0	5.495992e-16
6298.0	6.440243e-16
6300.0	6.791556e-16
6302.0	6.439827e-16
6304.0	6.469716e-16
6306.0	6.281364e-16
6308.0	6.034777e-16
6310.0	6.033925e-16
6312.0	6.216544e-16
6314.0	6.124722e-16
6316.0	5.965329e-16
6318.0	5.767134e-16
6320.0	5.61255e-16
6322.0	5.621236e-16
6324.0	5.778883e-16
6326.0	5.876181e-16
6328.0	5.947185e-16
6330.0	5.813365e-16
6332.0	5.761625e-16
6334.0	5.711998e-16
6336.0	5.502222e-16
6338.0	5.50451e-16
6340.0	5.571056e-16
6342.0	5.665202e-16
6344.0	5.859345e-16
6346.0	5.901961e-16
6348.0	5.979716e-16
6350.0	6.056474e-16
6352.0	6.073322e-16
6354.0	6.480144e-16
6356.0	6.629993e-16
6358.0	5.649591e-16
6360.0	5.146933e-16
6362.0	5.574061e-16
6364.0	6.133645e-16
6366.0	5.89472e-16
6368.0	5.980496e-16
6370.0	6.054091e-16
6372.0	5.782464e-16
6374.0	5.834156e-16
6376.0	5.905088e-16
6378.0	6.019574e-16
6380.0	6.036368e-16
6382.0	5.897657e-16
6384.0	5.883884e-16
6386.0	5.909309e-16
6388.0	5.992852e-16
6390.0	5.909541e-16
6392.0	5.928934e-16
6394.0	6.314269e-16
6396.0	6.213828e-16
6398.0	5.904277e-16
6400.0	5.760668e-16
6402.0	5.76506e-16
6404.0	5.710031e-16
6406.0	5.817997e-16
6408.0	5.903816e-16
6410.0	5.6574e-16
6412.0	5.78216e-16
6414.0	5.866924e-16
6416.0	5.861093e-16
6418.0	6.070507e-16
6420.0	5.940698e-16
6422.0	5.902704e-16
6424.0	6.076127e-16
6426.0	6.111727e-16
6428.0	6.12921e-16
6430.0	6.008122e-16
6432.0	5.928902e-16
6434.0	6.165054e-16
6436.0	6.215571e-16
6438.0	6.007567e-16
6440.0	6.006748e-16
6442.0	5.857898e-16
6444.0	6.021743e-16
6446.0	6.372333e-16
6448.0	6.295012e-16
6450.0	6.104988e-16
6452.0	6.289048e-16
6454.0	6.243853e-16
6456.0	6.16289e-16
6458.0	6.266362e-16
6460.0	6.11009e-16
6462.0	6.307374e-16
6464.0	6.181518e-16
6466.0	6.593485e-16
6468.0	6.621038e-16
6470.0	6.427093e-16
6472.0	6.245327e-16
6474.0	5.975704e-16
6476.0	6.399238e-16
6478.0	6.154305e-16
6480.0	6.001506e-16
6482.0	6.001011e-16
6484.0	6.373177e-16
6486.0	6.169132e-16
6488.0	6.289601e-16
6490.0	6.21814e-16
6492.0	6.227264e-16
6494.0	6.8181e-16
6496.0	6.731706e-16
6498.0	6.502481e-16
6500.0	6.566559e-16
6502.0	6.84772e-16
6504.0	6.834998e-16
6506.0	6.941436e-16
6508.0	7.133835e-16
6510.0	7.218638e-16
6512.0	6.823222e-16
6514.0	6.875776e-16
6516.0	6.841362e-16
6518.0	6.932865e-16
6520.0	7.062365e-16
6522.0	7.418985e-16
6524.0	6.905556e-16
6526.0	7.129076e-16
6528.0	7.425338e-16
6530.0	7.300426e-16
6532.0	7.347e-16
6534.0	6.966706e-16
6536.0	7.28293e-16
6538.0	7.365334e-16
6540.0	7.26849e-16
6542.0	7.166027e-16
6544.0	7.19556e-16
6546.0	7.671701e-16
6548.0	7.708057e-16
6550.0	7.43969e-16
6552.0	7.325747e-16
6554.0	7.316055e-16
6556.0	6.757008e-16
6558.0	7.063981e-16
6560.0	7.366129e-16
6562.0	7.420271e-16
6564.0	7.461105e-16
6566.0	7.402716e-16
6568.0	7.23491e-16
6570.0	7.362775e-16
6572.0	6.780151e-16
6574.0	6.938768e-16
6576.0	6.798935e-16
6578.0	7.128983e-16
6580.0	7.077319e-16
6582.0	6.931343e-16
6584.0	6.675275e-16
6586.0	6.623701e-16
6588.0	6.688798e-16
6590.0	6.390904e-16
6592.0	6.45854e-16
6594.0	6.471307e-16
6596.0	6.484744e-16
6598.0	6.36521e-16
6600.0	5.839115e-16
6602.0	5.924133e-16
6604.0	6.053612e-16
6606.0	5.981855e-16
6608.0	6.091006e-16
6610.0	6.002205e-16
6612.0	6.167887e-16
6614.0	5.930828e-16
6616.0	5.661674e-16
6618.0	5.73097e-16
6620.0	5.764896e-16
6622.0	5.656611e-16
6624.0	5.656352e-16
6626.0	5.787739e-16
6628.0	5.507559e-16
6630.0	5.388671e-16
6632.0	5.396206e-16
6634.0	5.468957e-16
6636.0	5.634324e-16
6638.0	5.461956e-16
6640.0	5.488315e-16
6642.0	5.470028e-16
6644.0	5.520337e-16
6646.0	5.727146e-16
6648.0	5.734655e-16
6650.0	5.77189e-16
6652.0	5.744197e-16
6654.0	5.838562e-16
6656.0	5.725854e-16
6658.0	5.360747e-16
6660.0	5.703093e-16
6662.0	5.430833e-16
6664.0	5.717914e-16
6666.0	5.999691e-16
6668.0	6.068284e-16
6670.0	6.215704e-16
6672.0	6.177792e-16
6674.0	6.154596e-16
6676.0	6.269676e-16
6678.0	6.130179e-16
6680.0	6.296702e-16
6682.0	6.370179e-16
6684.0	6.457182e-16
6686.0	6.192051e-16
6688.0	6.10109e-16
6690.0	6.496062e-16
6692.0	6.444028e-16
6694.0	6.401838e-16
6696.0	6.562722e-16
6698.0	6.536067e-16
6700.0	6.569031e-16
6702.0	6.51133e-16
6704.0	6.726849e-16
6706.0	7.001785e-16
6708.0	6.990467e-16
6710.0	6.795196e-16
6712.0	6.994779e-16
6714.0	6.697457e-16
6716.0	7.023261e-16
6718.0	7.032991e-16
6720.0	7.152558e-16
6722.0	7.03699e-16
6724.0	7.253675e-16
6726.0	7.248271e-16
6728.0	7.117991e-16
6730.0	7.425144e-16
6732.0	7.658782e-16
6734.0	7.675141e-16
6736.0	7.95829e-16
6738.0	8.103981e-16
6740.0	7.826073e-16
6742.0	8.314949e-16
6744.0	8.104962e-16
6746.0	8.032237e-16
6748.0	8.282235e-16
6750.0	8.167276e-16
6752.0	8.123282e-16
6754.0	8.21242e-16
6756.0	8.499968e-16
6758.0	8.634117e-16
6760.0	8.366516e-16
6762.0	8.498864e-16
6764.0	8.901064e-16
6766.0	9.386562e-16
6768.0	9.59704e-16
6770.0	9.33889e-16
6772.0	9.340253e-16
6774.0	9.429419e-16
6776.0	9.723572e-16
6778.0	9.609547e-16
6780.0	9.709587e-16
6782.0	9.69784e-16
6784.0	9.602998e-16
6786.0	9.691754e-16
6788.0	9.799233e-16
6790.0	9.942509e-16
6792.0	9.991463e-16
6794.0	9.984647e-16
6796.0	1.016368e-15
6798.0	1.02541e-15
6800.0	1.015182e-15
6802.0	9.967869e-16
6804.0	9.958027e-16
6806.0	9.904299e-16
6808.0	1.007146e-15
6810.0	1.036945e-15
6812.0	1.0055e-15
6814.0	9.973065e-16
6816.0	1.055464e-15
6818.0	1.059038e-15
6820.0	1.027722e-15
6822.0	1.024337e-15
6824.0	1.013997e-15
6826.0	1.008698e-15
6828.0	1.00966e-15
6830.0	9.918296e-16
6832.0	9.960992e-16
6834.0	1.02534e-15
6836.0	1.055171e-15
6838.0	1.055573e-15
6840.0	1.035234e-15
6842.0	1.006725e-15
6844.0	1.029278e-15
6846.0	1.036555e-15
6848.0	1.011386e-15
6850.0	1.013715e-15
6852.0	1.009354e-15
6854.0	1.004781e-15
6856.0	1.008927e-15
6858.0	9.937494e-16
6860.0	9.909045e-16
6862.0	9.787916e-16
6864.0	9.924948e-16
6866.0	1.004798e-15
6868.0	9.657622e-16
6870.0	9.710335e-16
6872.0	1.045184e-15
6874.0	1.063546e-15
6876.0	1.037816e-15
6878.0	9.762063e-16
6880.0	9.477274e-16
6882.0	9.829359e-16
6884.0	9.817991e-16
6886.0	1.005447e-15
6888.0	1.032287e-15
6890.0	1.005137e-15
6892.0	9.783291e-16
6894.0	9.558472e-16
6896.0	9.265348e-16
6898.0	9.031846e-16
6900.0	8.907691e-16
6902.0	8.945277e-16
6904.0	9.198648e-16
6906.0	9.44724e-16
6908.0	9.146719e-16
6910.0	8.761554e-16
6912.0	8.729147e-16
6914.0	8.731456e-16
6916.0	8.879851e-16
6918.0	8.888815e-16
6920.0	8.518589e-16
6922.0	8.320374e-16
6924.0	8.57218e-16
6926.0	8.700556e-16
6928.0	8.628941e-16
6930.0	8.528332e-16
6932.0	8.377207e-16
6934.0	8.057343e-16
6936.0	7.867405e-16
6938.0	7.991725e-16
6940.0	7.916802e-16
6942.0	7.75441e-16
6944.0	7.778793e-16
6946.0	7.762166e-16
6948.0	7.630746e-16
6950.0	7.568456e-16
6952.0	7.519867e-16
6954.0	7.205234e-16
6956.0	7.195298e-16
6958.0	7.556026e-16
6960.0	7.427616e-16
6962.0	7.202204e-16
6964.0	7.338318e-16
6966.0	7.190425e-16
6968.0	6.902601e-16
6970.0	6.664084e-16
6972.0	6.651551e-16
6974.0	6.658017e-16
6976.0	6.538873e-16
6978.0	6.699196e-16
6980.0	6.766703e-16
6982.0	6.580557e-16
6984.0	6.332761e-16
6986.0	5.960339e-16
6988.0	5.892873e-16
6990.0	5.834789e-16
6992.0	6.059768e-16
6994.0	6.009448e-16
6996.0	5.80372e-16
6998.0	5.976608e-16
7000.0	5.732902e-16
7002.0	5.456198e-16
7004.0	5.459882e-16
7006.0	5.339461e-16
7008.0	5.058902e-16
7010.0	5.104016e-16
7012.0	5.196251e-16
7014.0	5.115203e-16
7016.0	5.246008e-16
7018.0	5.069953e-16
7020.0	4.879257e-16
7022.0	4.832179e-16
7024.0	4.718132e-16
7026.0	4.469999e-16
7028.0	4.585317e-16
7030.0	4.67488e-16
7032.0	4.717769e-16
7034.0	4.49908e-16
7036.0	4.184125e-16
7038.0	4.248063e-16
7040.0	4.475303e-16
7042.0	4.626835e-16
7044.0	4.524649e-16
7046.0	4.364825e-16
7048.0	4.17303e-16
7050.0	4.213865e-16
