#	 ps15cfn 
#	 UT date of observation: 20151011 
#	 Telescope/Instrument: SOAR/Goodman 
#	 Estimated Peak MJD: 57309.887 
#	 Estimated redshift: 0.111 
#	 Estimated Phase: -3.5 
#	 Published in Dettman et al. 2020 
#	 Observed barycentric wavelength (Angstroms)    F_lambda
3700.0	6.975102e-16
3702.0	8.595845e-16
3704.0	8.448831e-16
3706.0	7.842637e-16
3708.0	8.36709e-16
3710.0	8.576514e-16
3712.0	8.257341e-16
3714.0	9.086402e-16
3716.0	9.337852e-16
3718.0	9.477639e-16
3720.0	9.458679e-16
3722.0	8.78484e-16
3724.0	8.424982e-16
3726.0	8.341363e-16
3728.0	8.219844e-16
3730.0	8.077884e-16
3732.0	8.503199e-16
3734.0	8.588005e-16
3736.0	8.456907e-16
3738.0	8.59025e-16
3740.0	8.062987e-16
3742.0	8.302477e-16
3744.0	8.719812e-16
3746.0	7.910787e-16
3748.0	7.817949e-16
3750.0	8.271445e-16
3752.0	8.386322e-16
3754.0	8.118135e-16
3756.0	7.877261e-16
3758.0	8.894623e-16
3760.0	9.603036e-16
3762.0	8.518127e-16
3764.0	8.389257e-16
3766.0	8.849492e-16
3768.0	9.114972e-16
3770.0	9.863832e-16
3772.0	9.22328e-16
3774.0	8.919398e-16
3776.0	9.869064e-16
3778.0	1.067299e-15
3780.0	1.066391e-15
3782.0	9.950713e-16
3784.0	9.526717e-16
3786.0	9.743868e-16
3788.0	9.728151e-16
3790.0	9.794638e-16
3792.0	9.886518e-16
3794.0	1.011169e-15
3796.0	1.031348e-15
3798.0	1.023561e-15
3800.0	1.050595e-15
3802.0	1.046156e-15
3804.0	9.733214e-16
3806.0	9.990078e-16
3808.0	1.123897e-15
3810.0	1.186382e-15
3812.0	1.129853e-15
3814.0	1.074403e-15
3816.0	1.139723e-15
3818.0	1.208584e-15
3820.0	1.194876e-15
3822.0	1.181183e-15
3824.0	1.163649e-15
3826.0	1.26319e-15
3828.0	1.299281e-15
3830.0	1.368335e-15
3832.0	1.412053e-15
3834.0	1.35467e-15
3836.0	1.263288e-15
3838.0	1.237971e-15
3840.0	1.276914e-15
3842.0	1.282761e-15
3844.0	1.28292e-15
3846.0	1.241683e-15
3848.0	1.27664e-15
3850.0	1.344881e-15
3852.0	1.252866e-15
3854.0	1.170856e-15
3856.0	1.262316e-15
3858.0	1.349693e-15
3860.0	1.263074e-15
3862.0	1.24235e-15
3864.0	1.289173e-15
3866.0	1.306362e-15
3868.0	1.204383e-15
3870.0	1.17356e-15
3872.0	1.232695e-15
3874.0	1.292669e-15
3876.0	1.307727e-15
3878.0	1.352326e-15
3880.0	1.356586e-15
3882.0	1.353612e-15
3884.0	1.293145e-15
3886.0	1.281781e-15
3888.0	1.25436e-15
3890.0	1.276721e-15
3892.0	1.28934e-15
3894.0	1.307152e-15
3896.0	1.280221e-15
3898.0	1.311593e-15
3900.0	1.340564e-15
3902.0	1.294632e-15
3904.0	1.31396e-15
3906.0	1.349003e-15
3908.0	1.324746e-15
3910.0	1.237773e-15
3912.0	1.241648e-15
3914.0	1.319398e-15
3916.0	1.253975e-15
3918.0	1.286421e-15
3920.0	1.371944e-15
3922.0	1.374095e-15
3924.0	1.340874e-15
3926.0	1.371183e-15
3928.0	1.420069e-15
3930.0	1.387518e-15
3932.0	1.315479e-15
3934.0	1.310116e-15
3936.0	1.329357e-15
3938.0	1.372543e-15
3940.0	1.352142e-15
3942.0	1.356019e-15
3944.0	1.357608e-15
3946.0	1.396683e-15
3948.0	1.385872e-15
3950.0	1.333208e-15
3952.0	1.404363e-15
3954.0	1.474836e-15
3956.0	1.454057e-15
3958.0	1.541086e-15
3960.0	1.545738e-15
3962.0	1.426536e-15
3964.0	1.374956e-15
3966.0	1.371275e-15
3968.0	1.411622e-15
3970.0	1.428014e-15
3972.0	1.492175e-15
3974.0	1.407899e-15
3976.0	1.353836e-15
3978.0	1.368699e-15
3980.0	1.369868e-15
3982.0	1.427999e-15
3984.0	1.499721e-15
3986.0	1.44089e-15
3988.0	1.451103e-15
3990.0	1.469556e-15
3992.0	1.469516e-15
3994.0	1.404062e-15
3996.0	1.396124e-15
3998.0	1.459763e-15
4000.0	1.495799e-15
4002.0	1.516565e-15
4004.0	1.528074e-15
4006.0	1.574933e-15
4008.0	1.587257e-15
4010.0	1.512319e-15
4012.0	1.384612e-15
4014.0	1.359609e-15
4016.0	1.358009e-15
4018.0	1.302094e-15
4020.0	1.261682e-15
4022.0	1.249831e-15
4024.0	1.258627e-15
4026.0	1.224984e-15
4028.0	1.214239e-15
4030.0	1.210564e-15
4032.0	1.159782e-15
4034.0	1.18182e-15
4036.0	1.170795e-15
4038.0	1.053254e-15
4040.0	1.030296e-15
4042.0	1.032357e-15
4044.0	9.727661e-16
4046.0	9.304689e-16
4048.0	9.497679e-16
4050.0	9.430827e-16
4052.0	9.628279e-16
4054.0	9.343623e-16
4056.0	9.064431e-16
4058.0	8.65333e-16
4060.0	8.5933e-16
4062.0	8.188737e-16
4064.0	7.553583e-16
4066.0	7.62844e-16
4068.0	7.315963e-16
4070.0	7.147611e-16
4072.0	7.317969e-16
4074.0	7.524659e-16
4076.0	7.570307e-16
4078.0	7.446825e-16
4080.0	7.281284e-16
4082.0	7.141141e-16
4084.0	6.960977e-16
4086.0	7.035115e-16
4088.0	7.524665e-16
4090.0	7.033289e-16
4092.0	6.504671e-16
4094.0	6.487876e-16
4096.0	7.116419e-16
4098.0	7.773459e-16
4100.0	7.562042e-16
4102.0	6.713416e-16
4104.0	6.769975e-16
4106.0	7.253368e-16
4108.0	7.466081e-16
4110.0	7.592569e-16
4112.0	7.328925e-16
4114.0	6.503337e-16
4116.0	6.630053e-16
4118.0	6.944584e-16
4120.0	6.560028e-16
4122.0	6.665441e-16
4124.0	6.28927e-16
4126.0	6.657249e-16
4128.0	6.963993e-16
4130.0	7.316648e-16
4132.0	7.236873e-16
4134.0	7.96083e-16
4136.0	8.54906e-16
4138.0	8.55291e-16
4140.0	9.405731e-16
4142.0	8.740615e-16
4144.0	8.115889e-16
4146.0	7.871071e-16
4148.0	8.357974e-16
4150.0	8.611986e-16
4152.0	8.822825e-16
4154.0	9.404732e-16
4156.0	9.553328e-16
4158.0	1.017014e-15
4160.0	1.020374e-15
4162.0	1.00802e-15
4164.0	1.014207e-15
4166.0	1.047816e-15
4168.0	1.060013e-15
4170.0	1.134722e-15
4172.0	1.089476e-15
4174.0	1.108298e-15
4176.0	1.108306e-15
4178.0	1.080756e-15
4180.0	1.142959e-15
4182.0	1.169373e-15
4184.0	1.12348e-15
4186.0	1.155858e-15
4188.0	1.118143e-15
4190.0	1.112962e-15
4192.0	1.058526e-15
4194.0	1.087331e-15
4196.0	1.104415e-15
4198.0	1.120852e-15
4200.0	1.11549e-15
4202.0	1.032685e-15
4204.0	9.62648e-16
4206.0	9.987124e-16
4208.0	1.081091e-15
4210.0	9.816434e-16
4212.0	9.786893e-16
4214.0	1.054158e-15
4216.0	1.063607e-15
4218.0	9.889048e-16
4220.0	1.033042e-15
4222.0	1.078827e-15
4224.0	1.094658e-15
4226.0	1.086995e-15
4228.0	1.087805e-15
4230.0	1.059263e-15
4232.0	9.951069e-16
4234.0	1.014974e-15
4236.0	1.063059e-15
4238.0	1.127851e-15
4240.0	1.101529e-15
4242.0	1.077624e-15
4244.0	1.085371e-15
4246.0	1.098283e-15
4248.0	1.072705e-15
4250.0	1.064936e-15
4252.0	1.063457e-15
4254.0	1.052084e-15
4256.0	1.11971e-15
4258.0	1.153327e-15
4260.0	1.136291e-15
4262.0	1.101459e-15
4264.0	1.124038e-15
4266.0	1.186953e-15
4268.0	1.212621e-15
4270.0	1.21519e-15
4272.0	1.195543e-15
4274.0	1.174058e-15
4276.0	1.214701e-15
4278.0	1.23891e-15
4280.0	1.191929e-15
4282.0	1.238025e-15
4284.0	1.243465e-15
4286.0	1.216743e-15
4288.0	1.286409e-15
4290.0	1.322406e-15
4292.0	1.290095e-15
4294.0	1.317965e-15
4296.0	1.339028e-15
4298.0	1.280448e-15
4300.0	1.198861e-15
4302.0	1.215156e-15
4304.0	1.304757e-15
4306.0	1.292167e-15
4308.0	1.272712e-15
4310.0	1.329646e-15
4312.0	1.311242e-15
4314.0	1.281054e-15
4316.0	1.365238e-15
4318.0	1.385734e-15
4320.0	1.340305e-15
4322.0	1.326688e-15
4324.0	1.325218e-15
4326.0	1.342273e-15
4328.0	1.399446e-15
4330.0	1.4102e-15
4332.0	1.386056e-15
4334.0	1.423415e-15
4336.0	1.423628e-15
4338.0	1.422392e-15
4340.0	1.508898e-15
4342.0	1.520574e-15
4344.0	1.488709e-15
4346.0	1.457547e-15
4348.0	1.443464e-15
4350.0	1.51025e-15
4352.0	1.524805e-15
4354.0	1.493737e-15
4356.0	1.522257e-15
4358.0	1.550961e-15
4360.0	1.524009e-15
4362.0	1.483131e-15
4364.0	1.440398e-15
4366.0	1.436324e-15
4368.0	1.457628e-15
4370.0	1.478825e-15
4372.0	1.552085e-15
4374.0	1.621939e-15
4376.0	1.601022e-15
4378.0	1.547161e-15
4380.0	1.551791e-15
4382.0	1.564451e-15
4384.0	1.557358e-15
4386.0	1.529286e-15
4388.0	1.487793e-15
4390.0	1.480073e-15
4392.0	1.534762e-15
4394.0	1.556053e-15
4396.0	1.486477e-15
4398.0	1.475187e-15
4400.0	1.55044e-15
4402.0	1.526427e-15
4404.0	1.436503e-15
4406.0	1.454035e-15
4408.0	1.5019e-15
4410.0	1.492024e-15
4412.0	1.476032e-15
4414.0	1.450448e-15
4416.0	1.44022e-15
4418.0	1.427797e-15
4420.0	1.401491e-15
4422.0	1.418234e-15
4424.0	1.41114e-15
4426.0	1.376223e-15
4428.0	1.353977e-15
4430.0	1.366143e-15
4432.0	1.39638e-15
4434.0	1.409622e-15
4436.0	1.412917e-15
4438.0	1.398783e-15
4440.0	1.38934e-15
4442.0	1.379168e-15
4444.0	1.404711e-15
4446.0	1.461564e-15
4448.0	1.413149e-15
4450.0	1.388241e-15
4452.0	1.422035e-15
4454.0	1.43965e-15
4456.0	1.44532e-15
4458.0	1.432853e-15
4460.0	1.449508e-15
4462.0	1.471146e-15
4464.0	1.465942e-15
4466.0	1.5007e-15
4468.0	1.481403e-15
4470.0	1.447785e-15
4472.0	1.506223e-15
4474.0	1.506432e-15
4476.0	1.467806e-15
4478.0	1.489592e-15
4480.0	1.530281e-15
4482.0	1.512946e-15
4484.0	1.508478e-15
4486.0	1.504149e-15
4488.0	1.498412e-15
4490.0	1.5626e-15
4492.0	1.525038e-15
4494.0	1.553978e-15
4496.0	1.574939e-15
4498.0	1.568996e-15
4500.0	1.548348e-15
4502.0	1.558869e-15
4504.0	1.499642e-15
4506.0	1.561253e-15
4508.0	1.614077e-15
4510.0	1.513551e-15
4512.0	1.50234e-15
4514.0	1.542435e-15
4516.0	1.54357e-15
4518.0	1.501981e-15
4520.0	1.499101e-15
4522.0	1.44718e-15
4524.0	1.417595e-15
4526.0	1.453742e-15
4528.0	1.500236e-15
4530.0	1.498595e-15
4532.0	1.444789e-15
4534.0	1.455386e-15
4536.0	1.481353e-15
4538.0	1.449766e-15
4540.0	1.481999e-15
4542.0	1.517392e-15
4544.0	1.450012e-15
4546.0	1.413572e-15
4548.0	1.458238e-15
4550.0	1.386073e-15
4552.0	1.386512e-15
4554.0	1.369225e-15
4556.0	1.419028e-15
4558.0	1.368902e-15
4560.0	1.311952e-15
4562.0	1.313851e-15
4564.0	1.327329e-15
4566.0	1.331013e-15
4568.0	1.363521e-15
4570.0	1.360322e-15
4572.0	1.404855e-15
4574.0	1.37817e-15
4576.0	1.33484e-15
4578.0	1.335408e-15
4580.0	1.348265e-15
4582.0	1.320882e-15
4584.0	1.310973e-15
4586.0	1.327332e-15
4588.0	1.29424e-15
4590.0	1.303716e-15
4592.0	1.32637e-15
4594.0	1.265407e-15
4596.0	1.28801e-15
4598.0	1.255459e-15
4600.0	1.289999e-15
4602.0	1.332566e-15
4604.0	1.273718e-15
4606.0	1.283991e-15
4608.0	1.240481e-15
4610.0	1.305248e-15
4612.0	1.359942e-15
4614.0	1.31439e-15
4616.0	1.316533e-15
4618.0	1.25305e-15
4620.0	1.249999e-15
4622.0	1.269801e-15
4624.0	1.292752e-15
4626.0	1.18292e-15
4628.0	1.205882e-15
4630.0	1.206569e-15
4632.0	1.224718e-15
4634.0	1.192755e-15
4636.0	1.191257e-15
4638.0	1.147202e-15
4640.0	1.138247e-15
4642.0	1.148439e-15
4644.0	1.105211e-15
4646.0	1.189104e-15
4648.0	1.183666e-15
4650.0	1.121151e-15
4652.0	1.077409e-15
4654.0	1.129713e-15
4656.0	1.081854e-15
4658.0	1.09528e-15
4660.0	1.042354e-15
4662.0	1.057121e-15
4664.0	1.052495e-15
4666.0	9.869799e-16
4668.0	1.003822e-15
4670.0	1.0175e-15
4672.0	1.015705e-15
4674.0	1.022694e-15
4676.0	9.243844e-16
4678.0	9.719702e-16
4680.0	1.002887e-15
4682.0	9.505024e-16
4684.0	9.551012e-16
4686.0	1.014598e-15
4688.0	9.972381e-16
4690.0	9.628238e-16
4692.0	9.350271e-16
4694.0	9.291363e-16
4696.0	9.365427e-16
4698.0	9.540069e-16
4700.0	9.704949e-16
4702.0	9.702215e-16
4704.0	8.855889e-16
4706.0	8.811685e-16
4708.0	9.167762e-16
4710.0	8.376921e-16
4712.0	8.515162e-16
4714.0	9.029026e-16
4716.0	8.949691e-16
4718.0	8.431139e-16
4720.0	8.599933e-16
4722.0	8.186583e-16
4724.0	8.039337e-16
4726.0	8.541029e-16
4728.0	8.874655e-16
4730.0	8.425734e-16
4732.0	8.708658e-16
4734.0	8.531739e-16
4736.0	7.689696e-16
4738.0	7.601387e-16
4740.0	7.930933e-16
4742.0	8.405007e-16
4744.0	8.146113e-16
4746.0	8.232005e-16
4748.0	8.40088e-16
4750.0	8.742784e-16
4752.0	8.805476e-16
4754.0	8.85597e-16
4756.0	8.869014e-16
4758.0	9.07417e-16
4760.0	8.967835e-16
4762.0	8.771375e-16
4764.0	8.031915e-16
4766.0	8.683366e-16
4768.0	9.261663e-16
4770.0	8.64799e-16
4772.0	8.812611e-16
4774.0	8.778384e-16
4776.0	8.505942e-16
4778.0	8.685888e-16
4780.0	9.011958e-16
4782.0	9.160395e-16
4784.0	9.080426e-16
4786.0	9.050437e-16
4788.0	9.714804e-16
4790.0	1.002101e-15
4792.0	9.532121e-16
4794.0	9.113667e-16
4796.0	9.336106e-16
4798.0	9.727926e-16
4800.0	9.584126e-16
4802.0	9.66617e-16
4804.0	9.502823e-16
4806.0	9.355669e-16
4808.0	9.855086e-16
4810.0	1.003154e-15
4812.0	9.729009e-16
4814.0	9.861108e-16
4816.0	1.051562e-15
4818.0	1.066188e-15
4820.0	1.016838e-15
4822.0	1.014957e-15
4824.0	1.055188e-15
4826.0	1.074536e-15
4828.0	1.100159e-15
4830.0	1.099643e-15
4832.0	1.096648e-15
4834.0	1.09697e-15
4836.0	1.065996e-15
4838.0	1.076626e-15
4840.0	1.099053e-15
4842.0	1.110474e-15
4844.0	1.124626e-15
4846.0	1.105056e-15
4848.0	1.098475e-15
4850.0	1.142276e-15
4852.0	1.160255e-15
4854.0	1.13488e-15
4856.0	1.114781e-15
4858.0	1.098389e-15
4860.0	1.11135e-15
4862.0	1.12081e-15
4864.0	1.100594e-15
4866.0	1.084022e-15
4868.0	1.051963e-15
4870.0	1.053549e-15
4872.0	1.074097e-15
4874.0	1.043485e-15
4876.0	1.026122e-15
4878.0	1.072047e-15
4880.0	1.068858e-15
4882.0	1.016033e-15
4884.0	9.965807e-16
4886.0	9.961549e-16
4888.0	1.002123e-15
4890.0	1.007685e-15
4892.0	9.471005e-16
4894.0	9.059861e-16
4896.0	9.003475e-16
4898.0	9.320654e-16
4900.0	9.645623e-16
4902.0	9.681e-16
4904.0	9.674803e-16
4906.0	9.683321e-16
4908.0	9.847626e-16
4910.0	9.869651e-16
4912.0	9.819793e-16
4914.0	1.000287e-15
4916.0	9.966972e-16
4918.0	1.017809e-15
4920.0	1.047036e-15
4922.0	1.055939e-15
4924.0	1.072899e-15
4926.0	1.059139e-15
4928.0	1.066817e-15
4930.0	1.100672e-15
4932.0	1.100904e-15
4934.0	1.070192e-15
4936.0	1.10193e-15
4938.0	1.124485e-15
4940.0	1.101497e-15
4942.0	1.099585e-15
4944.0	1.101678e-15
4946.0	1.095864e-15
4948.0	1.104491e-15
4950.0	1.126936e-15
4952.0	1.140593e-15
4954.0	1.144185e-15
4956.0	1.112172e-15
4958.0	1.13119e-15
4960.0	1.203297e-15
4962.0	1.184937e-15
4964.0	1.124921e-15
4966.0	1.132776e-15
4968.0	1.110345e-15
4970.0	1.13034e-15
4972.0	1.180804e-15
4974.0	1.150543e-15
4976.0	1.132002e-15
4978.0	1.143196e-15
4980.0	1.124913e-15
4982.0	1.127708e-15
4984.0	1.14008e-15
4986.0	1.167984e-15
4988.0	1.181621e-15
4990.0	1.165047e-15
4992.0	1.162745e-15
4994.0	1.149985e-15
4996.0	1.112722e-15
4998.0	1.088113e-15
5000.0	1.111101e-15
5002.0	1.128979e-15
5004.0	1.104693e-15
5006.0	1.086347e-15
5008.0	1.099373e-15
5010.0	1.104188e-15
5012.0	1.091533e-15
5014.0	1.060207e-15
5016.0	1.063695e-15
5018.0	1.110789e-15
5020.0	1.117484e-15
5022.0	1.127571e-15
5024.0	1.116787e-15
5026.0	1.112264e-15
5028.0	1.134023e-15
5030.0	1.089348e-15
5032.0	1.036101e-15
5034.0	1.057292e-15
5036.0	1.116872e-15
5038.0	1.100445e-15
5040.0	1.075517e-15
5042.0	1.093314e-15
5044.0	1.106536e-15
5046.0	1.123238e-15
5048.0	1.14106e-15
5050.0	1.137117e-15
5052.0	1.114811e-15
5054.0	1.112005e-15
5056.0	1.106042e-15
5058.0	1.118801e-15
5060.0	1.108199e-15
5062.0	1.138752e-15
5064.0	1.155432e-15
5066.0	1.106989e-15
5068.0	1.081517e-15
5070.0	1.082642e-15
5072.0	1.089398e-15
5074.0	1.096348e-15
5076.0	1.098954e-15
5078.0	1.106304e-15
5080.0	1.111148e-15
5082.0	1.057844e-15
5084.0	1.008139e-15
5086.0	1.05965e-15
5088.0	1.100661e-15
5090.0	1.060296e-15
5092.0	1.054978e-15
5094.0	1.087968e-15
5096.0	1.105648e-15
5098.0	1.112913e-15
5100.0	1.099404e-15
5102.0	1.072832e-15
5104.0	1.084541e-15
5106.0	1.11133e-15
5108.0	1.098605e-15
5110.0	1.087153e-15
5112.0	1.068795e-15
5114.0	1.079235e-15
5116.0	1.06424e-15
5118.0	1.085205e-15
5120.0	1.113564e-15
5122.0	1.087113e-15
5124.0	1.035909e-15
5126.0	1.033393e-15
5128.0	1.050302e-15
5130.0	1.041952e-15
5132.0	1.030718e-15
5134.0	1.009186e-15
5136.0	1.002458e-15
5138.0	9.811328e-16
5140.0	9.630398e-16
5142.0	9.81264e-16
5144.0	9.713166e-16
5146.0	9.662806e-16
5148.0	9.316135e-16
5150.0	9.684866e-16
5152.0	9.635028e-16
5154.0	9.872676e-16
5156.0	9.449095e-16
5158.0	9.589529e-16
5160.0	9.65275e-16
5162.0	9.369625e-16
5164.0	9.120788e-16
5166.0	9.141264e-16
5168.0	9.061411e-16
5170.0	8.813084e-16
5172.0	9.03994e-16
5174.0	9.099767e-16
5176.0	8.919971e-16
5178.0	8.843436e-16
5180.0	9.009704e-16
5182.0	9.265572e-16
5184.0	8.793968e-16
5186.0	8.432826e-16
5188.0	8.694802e-16
5190.0	8.947208e-16
5192.0	9.202116e-16
5194.0	9.152619e-16
5196.0	9.091666e-16
5198.0	9.018082e-16
5200.0	9.264888e-16
5202.0	9.069365e-16
5204.0	8.779691e-16
5206.0	9.148884e-16
5208.0	9.015404e-16
5210.0	8.667134e-16
5212.0	9.140331e-16
5214.0	9.362014e-16
5216.0	8.966328e-16
5218.0	8.959028e-16
5220.0	9.009779e-16
5222.0	8.983593e-16
5224.0	8.817282e-16
5226.0	9.118516e-16
5228.0	9.07361e-16
5230.0	9.043414e-16
5232.0	9.313434e-16
5234.0	9.417949e-16
5236.0	9.070265e-16
5238.0	8.769706e-16
5240.0	9.027331e-16
5242.0	8.938841e-16
5244.0	9.134201e-16
5246.0	9.141063e-16
5248.0	8.862703e-16
5250.0	9.175614e-16
5252.0	8.848027e-16
5254.0	8.611351e-16
5256.0	8.254152e-16
5258.0	8.032568e-16
5260.0	8.549194e-16
5262.0	8.909774e-16
5264.0	9.147247e-16
5266.0	8.85848e-16
5268.0	8.827209e-16
5270.0	8.26108e-16
5272.0	8.261708e-16
5274.0	8.590273e-16
5276.0	8.784797e-16
5278.0	9.027454e-16
5280.0	9.067416e-16
5282.0	8.608127e-16
5284.0	8.446716e-16
5286.0	8.70511e-16
5288.0	8.50623e-16
5290.0	8.526651e-16
5292.0	8.631513e-16
5294.0	9.160173e-16
5296.0	8.870832e-16
5298.0	8.735613e-16
5300.0	8.730556e-16
5302.0	9.014575e-16
5304.0	8.725748e-16
5306.0	8.70977e-16
5308.0	8.789153e-16
5310.0	8.978247e-16
5312.0	8.907652e-16
5314.0	8.861659e-16
5316.0	8.613606e-16
5318.0	9.091114e-16
5320.0	9.372954e-16
5322.0	8.876934e-16
5324.0	8.945364e-16
5326.0	9.317599e-16
5328.0	9.058976e-16
5330.0	8.700116e-16
5332.0	8.714709e-16
5334.0	8.837823e-16
5336.0	9.139428e-16
5338.0	8.939076e-16
5340.0	8.313732e-16
5342.0	8.561575e-16
5344.0	8.634829e-16
5346.0	8.335416e-16
5348.0	8.065012e-16
5350.0	7.49838e-16
5352.0	7.671879e-16
5354.0	8.024895e-16
5356.0	8.075074e-16
5358.0	8.14068e-16
5360.0	7.947921e-16
5362.0	7.876291e-16
5364.0	7.545082e-16
5366.0	7.364387e-16
5368.0	7.509409e-16
5370.0	7.512804e-16
5372.0	7.586475e-16
5374.0	7.394605e-16
5376.0	7.11177e-16
5378.0	7.319255e-16
5380.0	7.530921e-16
5382.0	7.224041e-16
5384.0	7.072188e-16
5386.0	7.049278e-16
5388.0	6.746352e-16
5390.0	6.819513e-16
5392.0	7.227913e-16
5394.0	7.254952e-16
5396.0	7.23539e-16
5398.0	7.574219e-16
5400.0	7.64927e-16
5402.0	6.994733e-16
5404.0	6.480732e-16
5406.0	6.500183e-16
5408.0	6.456668e-16
5410.0	6.715162e-16
5412.0	7.017962e-16
5414.0	6.793264e-16
5416.0	6.585321e-16
5418.0	6.753585e-16
5420.0	7.110182e-16
5422.0	6.975134e-16
5424.0	6.66008e-16
5426.0	6.735659e-16
5428.0	6.659696e-16
5430.0	6.545884e-16
5432.0	6.472438e-16
5434.0	6.515464e-16
5436.0	6.763473e-16
5438.0	6.96506e-16
5440.0	7.209734e-16
5442.0	7.191869e-16
5444.0	7.066084e-16
5446.0	6.72382e-16
5448.0	6.634947e-16
5450.0	7.087997e-16
5452.0	7.075185e-16
5454.0	6.973551e-16
5456.0	7.067134e-16
5458.0	6.863739e-16
5460.0	6.942099e-16
5462.0	7.293209e-16
5464.0	7.379981e-16
5466.0	6.991236e-16
5468.0	6.780922e-16
5470.0	6.967584e-16
5472.0	7.243529e-16
5474.0	7.091194e-16
5476.0	6.969822e-16
5478.0	7.091105e-16
5480.0	7.143818e-16
5482.0	7.271613e-16
5484.0	7.21397e-16
5486.0	7.051054e-16
5488.0	7.34683e-16
5490.0	7.142938e-16
5492.0	6.876369e-16
5494.0	7.103802e-16
5496.0	7.1704e-16
5498.0	6.972244e-16
5500.0	7.108826e-16
5502.0	7.246189e-16
5504.0	7.165632e-16
5506.0	7.169024e-16
5508.0	6.924549e-16
5510.0	6.744793e-16
5512.0	7.146505e-16
5514.0	7.13609e-16
5516.0	6.825697e-16
5518.0	6.931079e-16
5520.0	6.805616e-16
5522.0	6.6303e-16
5524.0	6.784917e-16
5526.0	6.82366e-16
5528.0	7.127373e-16
5530.0	7.575617e-16
5532.0	7.721124e-16
5534.0	7.346811e-16
5536.0	7.093569e-16
5538.0	7.24851e-16
5540.0	7.181717e-16
5542.0	6.947287e-16
5544.0	6.972689e-16
5546.0	7.235916e-16
5548.0	7.251147e-16
5550.0	7.258425e-16
5552.0	7.294429e-16
5554.0	7.725091e-16
5556.0	8.274249e-16
5558.0	8.422415e-16
5560.0	8.14309e-16
5562.0	7.631782e-16
5564.0	7.463689e-16
5566.0	7.421321e-16
5568.0	7.400525e-16
5570.0	7.511558e-16
5572.0	7.834306e-16
5574.0	8.715067e-16
5576.0	8.345191e-16
5578.0	7.133292e-16
5580.0	7.504841e-16
5582.0	8.114763e-16
5584.0	7.936214e-16
5586.0	7.639845e-16
5588.0	7.641344e-16
5590.0	7.805558e-16
5592.0	8.025848e-16
5594.0	8.089348e-16
5596.0	7.80616e-16
5598.0	7.759839e-16
5600.0	8.011773e-16
5602.0	8.304998e-16
5604.0	8.201593e-16
5606.0	8.001966e-16
5608.0	8.160534e-16
5610.0	8.085587e-16
5612.0	8.033204e-16
5614.0	8.257638e-16
5616.0	8.410309e-16
5618.0	8.384471e-16
5620.0	8.233639e-16
5622.0	8.365246e-16
5624.0	8.719595e-16
5626.0	8.797151e-16
5628.0	8.555612e-16
5630.0	8.433028e-16
5632.0	8.345845e-16
5634.0	8.525436e-16
5636.0	8.886331e-16
5638.0	8.784545e-16
5640.0	8.741747e-16
5642.0	8.91002e-16
5644.0	9.180244e-16
5646.0	9.093307e-16
5648.0	8.789273e-16
5650.0	8.944517e-16
5652.0	9.26025e-16
5654.0	9.272876e-16
5656.0	9.178353e-16
5658.0	8.810363e-16
5660.0	8.515874e-16
5662.0	8.760132e-16
5664.0	8.864996e-16
5666.0	9.078065e-16
5668.0	9.119905e-16
5670.0	8.921926e-16
5672.0	8.911352e-16
5674.0	8.865352e-16
5676.0	8.616559e-16
5678.0	8.691705e-16
5680.0	8.845547e-16
5682.0	8.830037e-16
5684.0	8.932687e-16
5686.0	9.00239e-16
5688.0	8.932572e-16
5690.0	9.025918e-16
5692.0	8.710215e-16
5694.0	8.485853e-16
5696.0	8.674403e-16
5698.0	8.43857e-16
5700.0	8.251009e-16
5702.0	8.58204e-16
5704.0	8.521619e-16
5706.0	8.170493e-16
5708.0	8.413717e-16
5710.0	8.660268e-16
5712.0	8.875076e-16
5714.0	8.807002e-16
5716.0	8.532435e-16
5718.0	8.251664e-16
5720.0	8.405043e-16
5722.0	8.701621e-16
5724.0	8.423487e-16
5726.0	8.057125e-16
5728.0	8.551445e-16
5730.0	8.710893e-16
5732.0	8.362636e-16
5734.0	8.320366e-16
5736.0	8.622916e-16
5738.0	8.685456e-16
5740.0	8.204662e-16
5742.0	8.064296e-16
5744.0	8.237003e-16
5746.0	8.462509e-16
5748.0	8.227591e-16
5750.0	8.27118e-16
5752.0	8.232731e-16
5754.0	8.528038e-16
5756.0	8.752118e-16
5758.0	8.645203e-16
5760.0	8.528357e-16
5762.0	8.521491e-16
5764.0	8.458117e-16
5766.0	8.649531e-16
5768.0	8.601387e-16
5770.0	8.34165e-16
5772.0	8.551441e-16
5774.0	8.462215e-16
5776.0	8.434863e-16
5778.0	8.532584e-16
5780.0	8.378827e-16
5782.0	8.503167e-16
5784.0	8.653889e-16
5786.0	8.534858e-16
5788.0	8.508273e-16
5790.0	8.590587e-16
5792.0	8.380173e-16
5794.0	7.858079e-16
5796.0	7.922764e-16
5798.0	8.262259e-16
5800.0	7.82547e-16
5802.0	7.425155e-16
5804.0	7.151191e-16
5806.0	7.252973e-16
5808.0	7.623355e-16
5810.0	7.519114e-16
5812.0	7.166476e-16
5814.0	7.647437e-16
5816.0	7.437143e-16
5818.0	7.027907e-16
5820.0	7.298549e-16
5822.0	7.299372e-16
5824.0	7.055178e-16
5826.0	6.957522e-16
5828.0	7.119611e-16
5830.0	7.116943e-16
5832.0	6.979206e-16
5834.0	6.572003e-16
5836.0	6.181805e-16
5838.0	6.382991e-16
5840.0	6.795956e-16
5842.0	6.885189e-16
5844.0	6.789918e-16
5846.0	6.813133e-16
5848.0	6.802413e-16
5850.0	6.526836e-16
5852.0	6.417313e-16
5854.0	6.430792e-16
5856.0	6.478325e-16
5858.0	6.156268e-16
5860.0	6.307427e-16
5862.0	6.426867e-16
5864.0	6.505983e-16
5866.0	6.633221e-16
5868.0	6.684581e-16
5870.0	6.649183e-16
5872.0	6.334631e-16
5874.0	6.340736e-16
5876.0	6.351301e-16
5878.0	6.186664e-16
5880.0	6.394371e-16
5882.0	6.533795e-16
5884.0	6.265326e-16
5886.0	6.490645e-16
5888.0	6.055332e-16
5890.0	6.109164e-16
5892.0	5.969865e-16
5894.0	5.753581e-16
5896.0	6.589884e-16
5898.0	6.727347e-16
5900.0	6.610336e-16
5902.0	6.58549e-16
5904.0	6.65648e-16
5906.0	6.90825e-16
5908.0	7.042516e-16
5910.0	6.95287e-16
5912.0	6.663939e-16
5914.0	6.846016e-16
5916.0	6.568449e-16
5918.0	6.754828e-16
5920.0	7.016995e-16
5922.0	6.690577e-16
5924.0	6.727385e-16
5926.0	7.043419e-16
5928.0	6.996367e-16
5930.0	7.124449e-16
5932.0	7.254982e-16
5934.0	7.167847e-16
5936.0	6.936728e-16
5938.0	6.920405e-16
5940.0	6.906494e-16
5942.0	6.890829e-16
5944.0	7.039874e-16
5946.0	6.642016e-16
5948.0	6.614962e-16
5950.0	6.588141e-16
5952.0	6.914785e-16
5954.0	7.010553e-16
5956.0	6.761719e-16
5958.0	6.912875e-16
5960.0	6.586266e-16
5962.0	6.658645e-16
5964.0	6.565058e-16
5966.0	6.652235e-16
5968.0	6.768511e-16
5970.0	6.819084e-16
5972.0	6.929237e-16
5974.0	7.163809e-16
5976.0	7.400154e-16
5978.0	6.880037e-16
5980.0	6.702798e-16
5982.0	6.495537e-16
5984.0	6.395077e-16
5986.0	6.309995e-16
5988.0	6.307117e-16
5990.0	6.483481e-16
5992.0	6.395001e-16
5994.0	6.767503e-16
5996.0	6.848031e-16
5998.0	6.545179e-16
6000.0	6.460903e-16
6002.0	6.468697e-16
6004.0	6.43742e-16
6006.0	6.394313e-16
6008.0	6.680199e-16
6010.0	6.92538e-16
6012.0	6.665865e-16
6014.0	6.585289e-16
6016.0	6.604338e-16
6018.0	6.41027e-16
6020.0	6.371338e-16
6022.0	6.328301e-16
6024.0	6.273935e-16
6026.0	6.266862e-16
6028.0	6.419515e-16
6030.0	6.163327e-16
6032.0	5.983249e-16
6034.0	6.117541e-16
6036.0	5.886833e-16
6038.0	5.587635e-16
6040.0	5.527263e-16
6042.0	5.755216e-16
6044.0	5.960714e-16
6046.0	5.797757e-16
6048.0	5.968456e-16
6050.0	5.977864e-16
6052.0	5.693441e-16
6054.0	5.871005e-16
6056.0	6.179546e-16
6058.0	6.214959e-16
6060.0	5.874835e-16
6062.0	5.736992e-16
6064.0	5.65682e-16
6066.0	5.933063e-16
6068.0	6.279814e-16
6070.0	6.052279e-16
6072.0	5.921223e-16
6074.0	6.135916e-16
6076.0	6.307672e-16
6078.0	6.098424e-16
6080.0	6.191211e-16
6082.0	6.451146e-16
6084.0	6.468463e-16
6086.0	6.272861e-16
6088.0	6.099788e-16
6090.0	6.416586e-16
6092.0	6.515881e-16
6094.0	6.385692e-16
6096.0	6.393432e-16
6098.0	6.548821e-16
6100.0	6.749221e-16
6102.0	7.018622e-16
6104.0	7.16879e-16
6106.0	6.808659e-16
6108.0	6.457847e-16
6110.0	6.481189e-16
6112.0	6.909951e-16
6114.0	7.045796e-16
6116.0	6.897732e-16
6118.0	6.942187e-16
6120.0	6.887127e-16
6122.0	6.913492e-16
6124.0	7.093044e-16
6126.0	7.360076e-16
6128.0	7.430224e-16
6130.0	6.954269e-16
6132.0	6.653919e-16
6134.0	7.039528e-16
6136.0	6.959584e-16
6138.0	6.732072e-16
6140.0	6.75184e-16
6142.0	6.413137e-16
6144.0	6.222672e-16
6146.0	6.42421e-16
6148.0	6.384006e-16
6150.0	6.192584e-16
6152.0	6.361724e-16
6154.0	6.342189e-16
6156.0	6.189447e-16
6158.0	6.380126e-16
6160.0	6.606903e-16
6162.0	6.777619e-16
6164.0	6.748072e-16
6166.0	6.658671e-16
6168.0	6.601487e-16
6170.0	6.482106e-16
6172.0	6.33041e-16
6174.0	6.431771e-16
6176.0	6.807111e-16
6178.0	6.773047e-16
6180.0	6.412189e-16
6182.0	6.286697e-16
6184.0	6.461768e-16
6186.0	6.459269e-16
6188.0	6.744715e-16
6190.0	6.842575e-16
6192.0	6.760668e-16
6194.0	6.688152e-16
6196.0	6.51071e-16
6198.0	6.401487e-16
6200.0	6.47238e-16
6202.0	6.646879e-16
6204.0	6.779962e-16
6206.0	6.535617e-16
6208.0	6.33101e-16
6210.0	6.534584e-16
6212.0	6.702326e-16
6214.0	6.823895e-16
6216.0	6.593826e-16
6218.0	6.552545e-16
6220.0	6.556719e-16
6222.0	6.521153e-16
6224.0	6.803714e-16
6226.0	6.820355e-16
6228.0	6.669986e-16
6230.0	6.497055e-16
6232.0	6.458034e-16
6234.0	6.121092e-16
6236.0	6.328374e-16
6238.0	6.766433e-16
6240.0	6.82368e-16
6242.0	6.913094e-16
6244.0	6.709062e-16
6246.0	6.396699e-16
6248.0	6.531972e-16
6250.0	6.806844e-16
6252.0	6.637018e-16
6254.0	6.696751e-16
6256.0	6.847459e-16
6258.0	6.351303e-16
6260.0	6.28554e-16
6262.0	6.723656e-16
6264.0	6.593302e-16
6266.0	6.515555e-16
6268.0	6.687137e-16
6270.0	6.612618e-16
6272.0	6.362883e-16
6274.0	6.250891e-16
6276.0	6.415521e-16
6278.0	6.368054e-16
6280.0	6.458969e-16
6282.0	6.772928e-16
6284.0	6.831871e-16
6286.0	6.77133e-16
6288.0	6.688766e-16
6290.0	6.845806e-16
6292.0	6.539819e-16
6294.0	6.510821e-16
6296.0	6.497371e-16
6298.0	6.535151e-16
6300.0	6.660695e-16
6302.0	6.855014e-16
6304.0	6.716688e-16
6306.0	6.233794e-16
6308.0	6.292538e-16
6310.0	6.486631e-16
6312.0	6.332658e-16
6314.0	6.250935e-16
6316.0	6.318912e-16
6318.0	6.570385e-16
6320.0	6.522503e-16
6322.0	6.363625e-16
6324.0	6.49985e-16
6326.0	6.577968e-16
6328.0	6.462549e-16
6330.0	6.888748e-16
6332.0	6.866054e-16
6334.0	6.409789e-16
6336.0	6.43298e-16
6338.0	6.552508e-16
6340.0	6.498448e-16
6342.0	6.301379e-16
6344.0	6.193342e-16
6346.0	6.347605e-16
6348.0	6.616307e-16
6350.0	6.225823e-16
6352.0	6.242409e-16
6354.0	6.028281e-16
6356.0	6.168197e-16
6358.0	6.440915e-16
6360.0	6.265223e-16
6362.0	6.562784e-16
6364.0	6.533317e-16
6366.0	6.276685e-16
6368.0	6.105549e-16
6370.0	6.313621e-16
6372.0	6.367799e-16
6374.0	6.375319e-16
6376.0	6.11718e-16
6378.0	6.05797e-16
6380.0	6.315995e-16
6382.0	6.44487e-16
6384.0	6.134845e-16
6386.0	6.17918e-16
6388.0	6.355783e-16
6390.0	6.398401e-16
6392.0	6.319469e-16
6394.0	6.068674e-16
6396.0	6.186028e-16
6398.0	6.294205e-16
6400.0	5.928459e-16
6402.0	5.730292e-16
6404.0	6.110572e-16
6406.0	6.296951e-16
6408.0	6.247254e-16
6410.0	6.126086e-16
6412.0	6.023594e-16
6414.0	5.963004e-16
6416.0	6.114262e-16
6418.0	6.124326e-16
6420.0	5.954589e-16
6422.0	6.108245e-16
6424.0	6.371588e-16
6426.0	6.18903e-16
6428.0	5.976958e-16
6430.0	6.270207e-16
6432.0	6.443533e-16
6434.0	6.479995e-16
6436.0	6.365308e-16
6438.0	5.960685e-16
6440.0	6.097683e-16
6442.0	6.268513e-16
6444.0	6.277457e-16
6446.0	6.126649e-16
6448.0	5.862318e-16
6450.0	6.130839e-16
6452.0	6.431731e-16
6454.0	6.072518e-16
6456.0	5.727027e-16
6458.0	5.893629e-16
6460.0	6.222091e-16
6462.0	6.161074e-16
6464.0	6.083599e-16
6466.0	6.074006e-16
6468.0	6.27166e-16
6470.0	6.497343e-16
6472.0	6.334796e-16
6474.0	6.08877e-16
6476.0	5.879402e-16
6478.0	6.111971e-16
6480.0	6.089785e-16
6482.0	6.009816e-16
6484.0	5.92774e-16
6486.0	6.182407e-16
6488.0	6.313572e-16
6490.0	6.359835e-16
6492.0	6.36574e-16
6494.0	6.36169e-16
6496.0	6.358077e-16
6498.0	5.900842e-16
6500.0	6.104241e-16
6502.0	6.469197e-16
6504.0	6.102212e-16
6506.0	5.993222e-16
6508.0	6.083505e-16
6510.0	6.250674e-16
6512.0	6.54313e-16
6514.0	6.39481e-16
6516.0	6.292505e-16
6518.0	6.529424e-16
6520.0	6.341981e-16
6522.0	6.41654e-16
6524.0	6.454357e-16
6526.0	6.535745e-16
6528.0	6.282373e-16
6530.0	5.9169e-16
6532.0	6.16942e-16
6534.0	6.613254e-16
6536.0	6.473464e-16
6538.0	6.52774e-16
6540.0	6.478625e-16
6542.0	6.178469e-16
6544.0	6.309376e-16
6546.0	6.258152e-16
6548.0	6.65503e-16
6550.0	6.462112e-16
6552.0	6.364649e-16
6554.0	6.258138e-16
6556.0	6.054641e-16
6558.0	6.155505e-16
6560.0	6.333101e-16
6562.0	6.658691e-16
6564.0	6.313499e-16
6566.0	6.448271e-16
6568.0	6.219263e-16
6570.0	5.682164e-16
6572.0	5.735025e-16
6574.0	5.817055e-16
6576.0	6.32213e-16
6578.0	6.352501e-16
6580.0	6.440732e-16
6582.0	6.026946e-16
6584.0	5.966321e-16
6586.0	6.325978e-16
6588.0	6.051285e-16
6590.0	5.818464e-16
6592.0	6.01004e-16
6594.0	5.861787e-16
6596.0	6.338766e-16
6598.0	6.139596e-16
6600.0	6.035176e-16
6602.0	6.189278e-16
6604.0	5.802619e-16
6606.0	5.760212e-16
6608.0	6.358771e-16
6610.0	5.873867e-16
6612.0	6.039237e-16
6614.0	6.234263e-16
6616.0	5.994432e-16
6618.0	6.225647e-16
6620.0	6.201442e-16
6622.0	6.06314e-16
6624.0	5.951124e-16
6626.0	6.294244e-16
6628.0	6.160238e-16
6630.0	5.731277e-16
6632.0	5.50933e-16
6634.0	5.696615e-16
6636.0	5.674601e-16
6638.0	5.992779e-16
6640.0	5.855994e-16
6642.0	5.708028e-16
6644.0	5.716058e-16
6646.0	5.950934e-16
6648.0	6.209367e-16
6650.0	6.111966e-16
6652.0	6.059039e-16
6654.0	5.871729e-16
6656.0	6.12515e-16
6658.0	5.849272e-16
6660.0	5.744827e-16
6662.0	5.735139e-16
6664.0	5.575971e-16
6666.0	5.576131e-16
6668.0	5.842093e-16
6670.0	5.803417e-16
6672.0	5.848409e-16
6674.0	5.861329e-16
6676.0	5.762646e-16
6678.0	5.602507e-16
6680.0	5.855238e-16
6682.0	5.831742e-16
6684.0	5.67623e-16
6686.0	5.831024e-16
6688.0	5.445474e-16
6690.0	5.2082e-16
6692.0	5.589097e-16
6694.0	5.720416e-16
6696.0	5.71434e-16
6698.0	5.888348e-16
6700.0	5.955092e-16
6702.0	5.690528e-16
6704.0	5.605864e-16
6706.0	5.57647e-16
6708.0	5.575931e-16
6710.0	5.455489e-16
6712.0	5.24316e-16
6714.0	5.106616e-16
6716.0	5.344689e-16
6718.0	5.581417e-16
6720.0	5.333076e-16
6722.0	5.177011e-16
6724.0	5.251929e-16
6726.0	5.142765e-16
6728.0	5.218566e-16
6730.0	5.266115e-16
6732.0	4.939732e-16
6734.0	4.971865e-16
6736.0	5.134857e-16
6738.0	5.090639e-16
6740.0	4.899803e-16
6742.0	4.833616e-16
6744.0	4.975319e-16
6746.0	4.779176e-16
6748.0	4.638184e-16
6750.0	4.641194e-16
6752.0	4.807096e-16
6754.0	4.881346e-16
6756.0	4.858229e-16
6758.0	4.715221e-16
6760.0	4.52013e-16
6762.0	4.740844e-16
6764.0	4.762096e-16
6766.0	4.535387e-16
6768.0	4.340534e-16
6770.0	4.257422e-16
6772.0	4.081452e-16
6774.0	4.267679e-16
6776.0	4.291191e-16
6778.0	4.283701e-16
6780.0	4.052196e-16
6782.0	4.040852e-16
6784.0	4.015745e-16
6786.0	3.904694e-16
6788.0	3.852713e-16
6790.0	3.805824e-16
6792.0	3.71558e-16
6794.0	3.820352e-16
6796.0	3.903536e-16
6798.0	3.743805e-16
6800.0	3.9507e-16
6802.0	3.679536e-16
6804.0	3.640447e-16
6806.0	3.70783e-16
6808.0	3.561431e-16
6810.0	3.700479e-16
6812.0	3.893834e-16
6814.0	3.747021e-16
6816.0	3.705022e-16
6818.0	3.763833e-16
6820.0	3.864735e-16
6822.0	3.827447e-16
6824.0	3.607941e-16
6826.0	3.428308e-16
6828.0	3.393133e-16
6830.0	3.53168e-16
6832.0	3.829377e-16
6834.0	3.879211e-16
6836.0	3.685868e-16
6838.0	3.507269e-16
6840.0	3.643082e-16
6842.0	4.013974e-16
6844.0	3.846525e-16
6846.0	3.572092e-16
6848.0	3.843615e-16
6850.0	4.109272e-16
6852.0	4.132269e-16
6854.0	3.91918e-16
6856.0	4.006698e-16
6858.0	4.124167e-16
6860.0	4.019784e-16
6862.0	4.238171e-16
6864.0	4.584982e-16
6866.0	4.415629e-16
6868.0	4.434276e-16
6870.0	4.569066e-16
6872.0	4.31764e-16
6874.0	4.189235e-16
6876.0	4.268871e-16
6878.0	4.574411e-16
6880.0	4.353072e-16
6882.0	4.140412e-16
6884.0	4.359687e-16
6886.0	4.576379e-16
6888.0	4.44578e-16
6890.0	4.276088e-16
6892.0	4.506079e-16
6894.0	4.772282e-16
6896.0	4.790534e-16
6898.0	4.498166e-16
6900.0	4.316371e-16
6902.0	4.32998e-16
6904.0	4.233764e-16
6906.0	4.201607e-16
6908.0	4.252546e-16
6910.0	4.393683e-16
6912.0	4.645419e-16
6914.0	4.918696e-16
6916.0	4.858234e-16
6918.0	4.659191e-16
6920.0	4.653219e-16
6922.0	4.525725e-16
6924.0	4.360386e-16
6926.0	4.517119e-16
6928.0	4.601994e-16
6930.0	4.716573e-16
6932.0	4.827994e-16
6934.0	4.855787e-16
6936.0	5.019883e-16
6938.0	5.095158e-16
6940.0	4.981154e-16
6942.0	4.859033e-16
6944.0	4.934844e-16
6946.0	5.078318e-16
6948.0	5.13382e-16
6950.0	5.399186e-16
6952.0	5.119871e-16
6954.0	4.971271e-16
6956.0	5.406776e-16
6958.0	5.158965e-16
6960.0	4.931385e-16
6962.0	4.707571e-16
6964.0	4.6035e-16
6966.0	4.782763e-16
6968.0	5.104541e-16
6970.0	5.103603e-16
6972.0	5.207648e-16
6974.0	5.229029e-16
6976.0	4.897523e-16
6978.0	4.726164e-16
6980.0	5.071939e-16
6982.0	5.401386e-16
6984.0	5.269844e-16
6986.0	5.058819e-16
6988.0	5.01844e-16
6990.0	5.180411e-16
6992.0	5.369926e-16
6994.0	5.091072e-16
6996.0	4.832666e-16
6998.0	4.940301e-16
7000.0	5.185858e-16
7002.0	4.989084e-16
7004.0	5.248939e-16
7006.0	5.445316e-16
7008.0	5.244613e-16
7010.0	4.881046e-16
7012.0	4.493711e-16
7014.0	4.514338e-16
7016.0	4.796447e-16
7018.0	4.832841e-16
7020.0	4.96839e-16
7022.0	4.974274e-16
7024.0	4.982216e-16
7026.0	4.873822e-16
7028.0	4.734409e-16
7030.0	4.817584e-16
7032.0	4.916446e-16
7034.0	5.013042e-16
7036.0	5.268223e-16
7038.0	5.24081e-16
7040.0	5.189929e-16
7042.0	4.85153e-16
7044.0	4.61882e-16
7046.0	4.864345e-16
7048.0	4.80075e-16
7050.0	4.701463e-16
