#	 ps16cqa 
#	 UT date of observation: 20160608 
#	 Telescope/Instrument: KPNO4m/KOSMOS 
#	 Estimated Peak MJD: 57545.277 
#	 Estimated redshift: 0.044 
#	 Estimated Phase: 1.7 
#	 Published in Dettman et al. 2020 
#	 Observed barycentric wavelength (Angstroms)    F_lambda
4165.0	0.1448016
4166.0	0.168566
4167.0	0.1348466
4168.0	0.2188773
4169.0	0.1987607
4170.0	0.1894954
4171.0	0.2310947
4172.0	0.2399525
4173.0	0.2096286
4174.0	0.2005732
4175.0	0.2450762
4176.0	0.2609484
4177.0	0.1764501
4178.0	0.2173363
4179.0	0.1862245
4180.0	0.2060108
4181.0	0.2238563
4182.0	0.172363
4183.0	0.3003592
4184.0	0.151174
4185.0	0.26035
4186.0	0.2268854
4187.0	0.2209734
4188.0	0.2295426
4189.0	0.2582168
4190.0	0.1680803
4191.0	0.2354674
4192.0	0.213886
4193.0	0.2787035
4194.0	0.2466766
4195.0	0.1924924
4196.0	0.2004593
4197.0	0.2122354
4198.0	0.1336629
4199.0	0.2425613
4200.0	0.2565489
4201.0	0.2246583
4202.0	0.2646997
4203.0	0.160365
4204.0	0.2388128
4205.0	0.201101
4206.0	0.281096
4207.0	0.2036346
4208.0	0.2160216
4209.0	0.1908548
4210.0	0.2409383
4211.0	0.2149929
4212.0	0.288693
4213.0	0.2502778
4214.0	0.2187541
4215.0	0.1918934
4216.0	0.2083814
4217.0	0.2590532
4218.0	0.2306838
4219.0	0.2204409
4220.0	0.177802
4221.0	0.2136422
4222.0	0.2117833
4223.0	0.2407525
4224.0	0.2097204
4225.0	0.2215007
4226.0	0.2601106
4227.0	0.2023815
4228.0	0.1940664
4229.0	0.1828887
4230.0	0.2300908
4231.0	0.1980474
4232.0	0.1551795
4233.0	0.1621994
4234.0	0.2060333
4235.0	0.186009
4236.0	0.2007491
4237.0	0.1919584
4238.0	0.2404943
4239.0	0.2258699
4240.0	0.1989389
4241.0	0.1672965
4242.0	0.1188849
4243.0	0.1893118
4244.0	0.2098682
4245.0	0.193965
4246.0	0.2211328
4247.0	0.2030351
4248.0	0.2095024
4249.0	0.1716679
4250.0	0.1422539
4251.0	0.1482726
4252.0	0.09566822
4253.0	0.1737282
4254.0	0.1855383
4255.0	0.1914884
4256.0	0.2050152
4257.0	0.2133209
4258.0	0.1654585
4259.0	0.1287616
4260.0	0.1865613
4261.0	0.1431128
4262.0	0.1757405
4263.0	0.1497269
4264.0	0.1665861
4265.0	0.1438304
4266.0	0.1441476
4267.0	0.1745609
4268.0	0.1786082
4269.0	0.1131567
4270.0	0.1303498
4271.0	0.1583355
4272.0	0.1567053
4273.0	0.1848385
4274.0	0.1684192
4275.0	0.1676825
4276.0	0.1446212
4277.0	0.1631208
4278.0	0.15043
4279.0	0.166841
4280.0	0.1606943
4281.0	0.1747218
4282.0	0.1488918
4283.0	0.1437981
4284.0	0.1675965
4285.0	0.1593492
4286.0	0.1568943
4287.0	0.1439588
4288.0	0.1822049
4289.0	0.1774286
4290.0	0.1779934
4291.0	0.1865784
4292.0	0.1413693
4293.0	0.1182409
4294.0	0.1511051
4295.0	0.1795149
4296.0	0.1765186
4297.0	0.142425
4298.0	0.1674604
4299.0	0.1837729
4300.0	0.1793064
4301.0	0.1743539
4302.0	0.1791862
4303.0	0.1493485
4304.0	0.1347852
4305.0	0.1502734
4306.0	0.1617646
4307.0	0.1555412
4308.0	0.1443623
4309.0	0.1534929
4310.0	0.1545561
4311.0	0.1643735
4312.0	0.1847274
4313.0	0.1268896
4314.0	0.1611047
4315.0	0.1660348
4316.0	0.2029911
4317.0	0.138436
4318.0	0.1634401
4319.0	0.1729967
4320.0	0.1814727
4321.0	0.1335286
4322.0	0.1582557
4323.0	0.1471335
4324.0	0.161659
4325.0	0.1460636
4326.0	0.1206263
4327.0	0.1643171
4328.0	0.1706585
4329.0	0.1658773
4330.0	0.1154905
4331.0	0.1743156
4332.0	0.1778266
4333.0	0.1838944
4334.0	0.1780309
4335.0	0.1560506
4336.0	0.1814272
4337.0	0.169714
4338.0	0.145141
4339.0	0.1404992
4340.0	0.1564983
4341.0	0.1524895
4342.0	0.1425667
4343.0	0.1660915
4344.0	0.1703275
4345.0	0.1450774
4346.0	0.1587161
4347.0	0.167898
4348.0	0.1619149
4349.0	0.143525
4350.0	0.168401
4351.0	0.1672564
4352.0	0.1667602
4353.0	0.1788936
4354.0	0.1429265
4355.0	0.1589537
4356.0	0.1514624
4357.0	0.1583972
4358.0	0.1448974
4359.0	0.1875747
4360.0	0.1839734
4361.0	0.182031
4362.0	0.16819
4363.0	0.1866397
4364.0	0.2222948
4365.0	0.2132721
4366.0	0.197906
4367.0	0.1867409
4368.0	0.2151242
4369.0	0.1666245
4370.0	0.1848432
4371.0	0.1317341
4372.0	0.1345114
4373.0	0.2036389
4374.0	0.1519188
4375.0	0.1496365
4376.0	0.1575591
4377.0	0.1449883
4378.0	0.1526315
4379.0	0.1757492
4380.0	0.1869264
4381.0	0.151342
4382.0	0.1586431
4383.0	0.1498416
4384.0	0.149635
4385.0	0.1437614
4386.0	0.1578173
4387.0	0.1234461
4388.0	0.09092746
4389.0	0.1348757
4390.0	0.1221051
4391.0	0.1302525
4392.0	0.1540309
4393.0	0.1421082
4394.0	0.1844369
4395.0	0.1709875
4396.0	0.1669491
4397.0	0.1398837
4398.0	0.1525924
4399.0	0.1476596
4400.0	0.1448763
4401.0	0.1645194
4402.0	0.1497257
4403.0	0.1357443
4404.0	0.1139777
4405.0	0.1357117
4406.0	0.1515025
4407.0	0.1569686
4408.0	0.1329314
4409.0	0.1310005
4410.0	0.1404999
4411.0	0.1512888
4412.0	0.1556622
4413.0	0.1699297
4414.0	0.1578831
4415.0	0.1664436
4416.0	0.1809795
4417.0	0.1858071
4418.0	0.1342505
4419.0	0.1516141
4420.0	0.1589485
4421.0	0.1827677
4422.0	0.1729897
4423.0	0.1332267
4424.0	0.1731343
4425.0	0.1514169
4426.0	0.1716249
4427.0	0.174339
4428.0	0.2001564
4429.0	0.1711106
4430.0	0.1662764
4431.0	0.1652046
4432.0	0.1509779
4433.0	0.1690241
4434.0	0.1349864
4435.0	0.1464452
4436.0	0.1316109
4437.0	0.1531965
4438.0	0.1429041
4439.0	0.1609438
4440.0	0.1592661
4441.0	0.1399055
4442.0	0.1664787
4443.0	0.1500364
4444.0	0.1688256
4445.0	0.1461881
4446.0	0.1542434
4447.0	0.1437785
4448.0	0.1183968
4449.0	0.09952488
4450.0	0.1679215
4451.0	0.1437292
4452.0	0.1353822
4453.0	0.1308037
4454.0	0.1654628
4455.0	0.1702411
4456.0	0.1332763
4457.0	0.1435572
4458.0	0.1550326
4459.0	0.1594697
4460.0	0.1407899
4461.0	0.1647285
4462.0	0.1659354
4463.0	0.1402464
4464.0	0.1362371
4465.0	0.1597262
4466.0	0.124776
4467.0	0.1552563
4468.0	0.1481329
4469.0	0.1110312
4470.0	0.1215727
4471.0	0.1332375
4472.0	0.1299971
4473.0	0.1452024
4474.0	0.1331043
4475.0	0.1561391
4476.0	0.1193229
4477.0	0.14194
4478.0	0.1487817
4479.0	0.1251022
4480.0	0.1069868
4481.0	0.1464186
4482.0	0.1172871
4483.0	0.1369089
4484.0	0.137174
4485.0	0.1260313
4486.0	0.1785164
4487.0	0.12991
4488.0	0.1504658
4489.0	0.1236183
4490.0	0.1447891
4491.0	0.143242
4492.0	0.09947804
4493.0	0.1024384
4494.0	0.1272744
4495.0	0.1100448
4496.0	0.1015124
4497.0	0.1034532
4498.0	0.1063122
4499.0	0.129908
4500.0	0.1100964
4501.0	0.1183464
4502.0	0.07911057
4503.0	0.1150386
4504.0	0.1151141
4505.0	0.09111957
4506.0	0.1164706
4507.0	0.1246261
4508.0	0.08857629
4509.0	0.108652
4510.0	0.1196785
4511.0	0.1379891
4512.0	0.1575075
4513.0	0.134605
4514.0	0.09922567
4515.0	0.09924061
4516.0	0.09804076
4517.0	0.09322316
4518.0	0.1380502
4519.0	0.1160698
4520.0	0.1242622
4521.0	0.1346226
4522.0	0.1126672
4523.0	0.1343168
4524.0	0.1268834
4525.0	0.0971984
4526.0	0.09504554
4527.0	0.1258284
4528.0	0.1411707
4529.0	0.1069904
4530.0	0.1077079
4531.0	0.1444944
4532.0	0.121908
4533.0	0.1123914
4534.0	0.1264833
4535.0	0.1212587
4536.0	0.1202783
4537.0	0.1071441
4538.0	0.1317765
4539.0	0.1071101
4540.0	0.1152962
4541.0	0.1010493
4542.0	0.1341722
4543.0	0.1275821
4544.0	0.1076233
4545.0	0.1307736
4546.0	0.1207588
4547.0	0.1312763
4548.0	0.1239642
4549.0	0.1287017
4550.0	0.1370473
4551.0	0.1339688
4552.0	0.1232876
4553.0	0.1109647
4554.0	0.1333078
4555.0	0.130953
4556.0	0.1247223
4557.0	0.1415935
4558.0	0.1362229
4559.0	0.1182349
4560.0	0.1454646
4561.0	0.1440528
4562.0	0.1619445
4563.0	0.1460104
4564.0	0.1246538
4565.0	0.1435978
4566.0	0.1404728
4567.0	0.1675095
4568.0	0.1642309
4569.0	0.1394814
4570.0	0.1256096
4571.0	0.1096561
4572.0	0.1590344
4573.0	0.178771
4574.0	0.1427791
4575.0	0.1590077
4576.0	0.1546076
4577.0	0.1415777
4578.0	0.1849616
4579.0	0.1331243
4580.0	0.1519412
4581.0	0.1567155
4582.0	0.1484087
4583.0	0.167674
4584.0	0.1630774
4585.0	0.1535562
4586.0	0.1808307
4587.0	0.1869313
4588.0	0.1827606
4589.0	0.1990259
4590.0	0.1996286
4591.0	0.1910998
4592.0	0.1876684
4593.0	0.163946
4594.0	0.167062
4595.0	0.1440245
4596.0	0.1872143
4597.0	0.1730602
4598.0	0.1618693
4599.0	0.1801039
4600.0	0.1912073
4601.0	0.1980791
4602.0	0.1893227
4603.0	0.2134512
4604.0	0.2221993
4605.0	0.2173735
4606.0	0.1895042
4607.0	0.2154888
4608.0	0.1996609
4609.0	0.1987314
4610.0	0.2095023
4611.0	0.1915104
4612.0	0.1954744
4613.0	0.2152694
4614.0	0.2297723
4615.0	0.1939155
4616.0	0.2204219
4617.0	0.2169446
4618.0	0.1906599
4619.0	0.2120446
4620.0	0.2027875
4621.0	0.1826786
4622.0	0.1938253
4623.0	0.2096119
4624.0	0.2299003
4625.0	0.2329457
4626.0	0.2009515
4627.0	0.2164947
4628.0	0.2539805
4629.0	0.2312684
4630.0	0.2325117
4631.0	0.2335467
4632.0	0.2040794
4633.0	0.2145806
4634.0	0.2469496
4635.0	0.2359773
4636.0	0.2203404
4637.0	0.1991644
4638.0	0.2261919
4639.0	0.2393913
4640.0	0.2339143
4641.0	0.2444364
4642.0	0.2613797
4643.0	0.2389846
4644.0	0.2354549
4645.0	0.2605998
4646.0	0.2412568
4647.0	0.2325806
4648.0	0.2621627
4649.0	0.2447474
4650.0	0.2648662
4651.0	0.2300345
4652.0	0.2496441
4653.0	0.2637103
4654.0	0.2466572
4655.0	0.2343638
4656.0	0.2420187
4657.0	0.2389742
4658.0	0.2684205
4659.0	0.2414068
4660.0	0.2384481
4661.0	0.2681828
4662.0	0.2715597
4663.0	0.2589226
4664.0	0.2718696
4665.0	0.2773161
4666.0	0.2407719
4667.0	0.2748857
4668.0	0.2598722
4669.0	0.284005
4670.0	0.2739975
4671.0	0.2833295
4672.0	0.2567378
4673.0	0.2492945
4674.0	0.2712145
4675.0	0.2552944
4676.0	0.299742
4677.0	0.2910866
4678.0	0.2621655
4679.0	0.2785751
4680.0	0.2648388
4681.0	0.2801206
4682.0	0.2450712
4683.0	0.2832459
4684.0	0.2812664
4685.0	0.2788636
4686.0	0.2951793
4687.0	0.2893015
4688.0	0.2848399
4689.0	0.2867986
4690.0	0.2701285
4691.0	0.2757917
4692.0	0.3004637
4693.0	0.3001506
4694.0	0.2568324
4695.0	0.2599734
4696.0	0.2577541
4697.0	0.2596449
4698.0	0.2610889
4699.0	0.2930732
4700.0	0.2715829
4701.0	0.2733611
4702.0	0.2667826
4703.0	0.2801969
4704.0	0.2671759
4705.0	0.2742929
4706.0	0.2663507
4707.0	0.2549971
4708.0	0.2866434
4709.0	0.285481
4710.0	0.2998302
4711.0	0.2746692
4712.0	0.2797059
4713.0	0.2983248
4714.0	0.2747519
4715.0	0.2700945
4716.0	0.2656644
4717.0	0.2759165
4718.0	0.2759188
4719.0	0.275741
4720.0	0.2855819
4721.0	0.3103851
4722.0	0.3174284
4723.0	0.2652934
4724.0	0.2907782
4725.0	0.311004
4726.0	0.2831174
4727.0	0.3103848
4728.0	0.2985106
4729.0	0.2835677
4730.0	0.2913277
4731.0	0.3068003
4732.0	0.2942898
4733.0	0.2961329
4734.0	0.297038
4735.0	0.2962389
4736.0	0.2858932
4737.0	0.2830786
4738.0	0.2992944
4739.0	0.2853884
4740.0	0.2782398
4741.0	0.2912791
4742.0	0.3015935
4743.0	0.2729361
4744.0	0.2561961
4745.0	0.2804052
4746.0	0.276953
4747.0	0.2772851
4748.0	0.2822393
4749.0	0.2670479
4750.0	0.2807645
4751.0	0.2886418
4752.0	0.2823197
4753.0	0.3032823
4754.0	0.3038031
4755.0	0.2708503
4756.0	0.2996384
4757.0	0.2703457
4758.0	0.2721947
4759.0	0.3038123
4760.0	0.2942251
4761.0	0.2751144
4762.0	0.279477
4763.0	0.2979861
4764.0	0.2850034
4765.0	0.2866731
4766.0	0.2730768
4767.0	0.2709511
4768.0	0.2849596
4769.0	0.2773286
4770.0	0.2997392
4771.0	0.2853405
4772.0	0.2791215
4773.0	0.2777199
4774.0	0.2801871
4775.0	0.2886006
4776.0	0.261003
4777.0	0.2918057
4778.0	0.2672789
4779.0	0.2627369
4780.0	0.2672828
4781.0	0.300286
4782.0	0.2930288
4783.0	0.262132
4784.0	0.2522773
4785.0	0.2426013
4786.0	0.2679286
4787.0	0.3052066
4788.0	0.257177
4789.0	0.2445994
4790.0	0.2856349
4791.0	0.2674454
4792.0	0.2955751
4793.0	0.2942612
4794.0	0.2768411
4795.0	0.2528658
4796.0	0.2620859
4797.0	0.283671
4798.0	0.2555293
4799.0	0.2770828
4800.0	0.2601911
4801.0	0.2649331
4802.0	0.2860477
4803.0	0.261049
4804.0	0.2473287
4805.0	0.2563192
4806.0	0.2830853
4807.0	0.2496085
4808.0	0.2597202
4809.0	0.2611342
4810.0	0.2769743
4811.0	0.258545
4812.0	0.2664483
4813.0	0.2889202
4814.0	0.284099
4815.0	0.2734987
4816.0	0.2594239
4817.0	0.2854304
4818.0	0.2769257
4819.0	0.2786644
4820.0	0.3053936
4821.0	0.280683
4822.0	0.2599945
4823.0	0.2457705
4824.0	0.2778272
4825.0	0.2510365
4826.0	0.2620832
4827.0	0.2485134
4828.0	0.2921753
4829.0	0.2723944
4830.0	0.2727245
4831.0	0.2663422
4832.0	0.2740183
4833.0	0.285191
4834.0	0.2825047
4835.0	0.3091266
4836.0	0.2719839
4837.0	0.2689038
4838.0	0.2787443
4839.0	0.2595614
4840.0	0.2511672
4841.0	0.269977
4842.0	0.2720754
4843.0	0.2587156
4844.0	0.2501109
4845.0	0.2660734
4846.0	0.2574756
4847.0	0.2414015
4848.0	0.2419048
4849.0	0.2607642
4850.0	0.2616899
4851.0	0.260782
4852.0	0.2677119
4853.0	0.2510094
4854.0	0.2547292
4855.0	0.2495205
4856.0	0.2570687
4857.0	0.2570455
4858.0	0.2421525
4859.0	0.2329618
4860.0	0.2564835
4861.0	0.2738426
4862.0	0.250576
4863.0	0.2314708
4864.0	0.2348143
4865.0	0.1998441
4866.0	0.2182261
4867.0	0.216264
4868.0	0.2452403
4869.0	0.2313573
4870.0	0.2206927
4871.0	0.2535762
4872.0	0.2315485
4873.0	0.2321909
4874.0	0.225914
4875.0	0.2490663
4876.0	0.2285049
4877.0	0.2245468
4878.0	0.2288902
4879.0	0.2151683
4880.0	0.2089247
4881.0	0.2242215
4882.0	0.2089058
4883.0	0.2038676
4884.0	0.2168968
4885.0	0.2300907
4886.0	0.2134468
4887.0	0.2177654
4888.0	0.2200492
4889.0	0.2021178
4890.0	0.2190635
4891.0	0.1978653
4892.0	0.1873351
4893.0	0.1955777
4894.0	0.19627
4895.0	0.2093051
4896.0	0.2058728
4897.0	0.1947158
4898.0	0.2034944
4899.0	0.1977068
4900.0	0.2041461
4901.0	0.2029368
4902.0	0.2088956
4903.0	0.2312502
4904.0	0.2107678
4905.0	0.2033896
4906.0	0.2101106
4907.0	0.2269785
4908.0	0.1918042
4909.0	0.2168603
4910.0	0.2169177
4911.0	0.1934249
4912.0	0.2137103
4913.0	0.1975362
4914.0	0.2226805
4915.0	0.2072259
4916.0	0.2083398
4917.0	0.188087
4918.0	0.1940772
4919.0	0.1855218
4920.0	0.2134639
4921.0	0.2111353
4922.0	0.1952583
4923.0	0.2008787
4924.0	0.2265151
4925.0	0.2236551
4926.0	0.192266
4927.0	0.2053277
4928.0	0.2126216
4929.0	0.2023523
4930.0	0.2097574
4931.0	0.2035429
4932.0	0.2106054
4933.0	0.2176117
4934.0	0.216643
4935.0	0.2452073
4936.0	0.2254832
4937.0	0.2191386
4938.0	0.2287731
4939.0	0.21566
4940.0	0.1916467
4941.0	0.202151
4942.0	0.2010934
4943.0	0.1956164
4944.0	0.2162222
4945.0	0.2027881
4946.0	0.2060734
4947.0	0.2319333
4948.0	0.2177827
4949.0	0.1986283
4950.0	0.2013905
4951.0	0.2060202
4952.0	0.2068036
4953.0	0.2103021
4954.0	0.2001226
4955.0	0.210335
4956.0	0.1954572
4957.0	0.1934182
4958.0	0.1906469
4959.0	0.1830195
4960.0	0.1932223
4961.0	0.2074778
4962.0	0.2052473
4963.0	0.2173408
4964.0	0.1866415
4965.0	0.205966
4966.0	0.1788024
4967.0	0.154605
4968.0	0.1758197
4969.0	0.1952395
4970.0	0.2025237
4971.0	0.1910903
4972.0	0.1874842
4973.0	0.1823116
4974.0	0.2047198
4975.0	0.1841846
4976.0	0.1876282
4977.0	0.1932449
4978.0	0.17326
4979.0	0.1645441
4980.0	0.1508689
4981.0	0.2083146
4982.0	0.1650305
4983.0	0.2018948
4984.0	0.182327
4985.0	0.169686
4986.0	0.1787696
4987.0	0.1942458
4988.0	0.1644038
4989.0	0.1719827
4990.0	0.2011191
4991.0	0.1828004
4992.0	0.2138619
4993.0	0.181223
4994.0	0.192352
4995.0	0.1820568
4996.0	0.1838158
4997.0	0.1881766
4998.0	0.1702515
4999.0	0.1788196
5000.0	0.1860186
5001.0	0.1978566
5002.0	0.1934157
5003.0	0.2039272
5004.0	0.1804979
5005.0	0.1914268
5006.0	0.163583
5007.0	0.2178179
5008.0	0.1943617
5009.0	0.1969918
5010.0	0.1970759
5011.0	0.1846431
5012.0	0.187534
5013.0	0.1920476
5014.0	0.1780151
5015.0	0.1909534
5016.0	0.2045733
5017.0	0.1988766
5018.0	0.2149453
5019.0	0.1852673
5020.0	0.2010559
5021.0	0.1910984
5022.0	0.1923118
5023.0	0.1961055
5024.0	0.1969017
5025.0	0.1818335
5026.0	0.1926891
5027.0	0.2002664
5028.0	0.2023565
5029.0	0.1694449
5030.0	0.1848106
5031.0	0.1896636
5032.0	0.2126646
5033.0	0.2103613
5034.0	0.2224658
5035.0	0.1825844
5036.0	0.2070317
5037.0	0.1846194
5038.0	0.170144
5039.0	0.1905943
5040.0	0.1819059
5041.0	0.19459
5042.0	0.1586615
5043.0	0.1743655
5044.0	0.1810926
5045.0	0.1946797
5046.0	0.1865593
5047.0	0.1757376
5048.0	0.1687991
5049.0	0.1703245
5050.0	0.1705744
5051.0	0.1884819
5052.0	0.1687101
5053.0	0.1550279
5054.0	0.1558209
5055.0	0.1779734
5056.0	0.156752
5057.0	0.1718571
5058.0	0.1489749
5059.0	0.1640856
5060.0	0.1831446
5061.0	0.1731337
5062.0	0.1402695
5063.0	0.1468864
5064.0	0.156122
5065.0	0.140881
5066.0	0.161364
5067.0	0.1543885
5068.0	0.1361761
5069.0	0.1240281
5070.0	0.155968
5071.0	0.1293337
5072.0	0.1263408
5073.0	0.1488555
5074.0	0.1521366
5075.0	0.1379642
5076.0	0.1384706
5077.0	0.1464459
5078.0	0.1366918
5079.0	0.1350234
5080.0	0.135119
5081.0	0.1373266
5082.0	0.1282304
5083.0	0.127517
5084.0	0.1270144
5085.0	0.1247017
5086.0	0.1399556
5087.0	0.1553346
5088.0	0.1254187
5089.0	0.1314971
5090.0	0.114873
5091.0	0.1143365
5092.0	0.1214202
5093.0	0.1351426
5094.0	0.1321939
5095.0	0.1405869
5096.0	0.1389705
5097.0	0.1284454
5098.0	0.1342029
5099.0	0.1158755
5100.0	0.09753586
5101.0	0.1179629
5102.0	0.1285194
5103.0	0.1228263
5104.0	0.1324431
5105.0	0.1222723
5106.0	0.1118266
5107.0	0.1212191
5108.0	0.1173315
5109.0	0.118545
5110.0	0.1128882
5111.0	0.1272571
5112.0	0.1182254
5113.0	0.1311944
5114.0	0.1437611
5115.0	0.1352204
5116.0	0.1273496
5117.0	0.122091
5118.0	0.1434299
5119.0	0.1447119
5120.0	0.1281822
5121.0	0.1544188
5122.0	0.1356058
5123.0	0.1274012
5124.0	0.1345503
5125.0	0.1333665
5126.0	0.1393328
5127.0	0.1171737
5128.0	0.1210639
5129.0	0.1335786
5130.0	0.143544
5131.0	0.1396506
5132.0	0.1193733
5133.0	0.1509613
5134.0	0.1398859
5135.0	0.1355177
5136.0	0.1252872
5137.0	0.1127482
5138.0	0.128844
5139.0	0.1334286
5140.0	0.1320287
5141.0	0.1408102
5142.0	0.1445786
5143.0	0.142456
5144.0	0.1415556
5145.0	0.1379056
5146.0	0.1568022
5147.0	0.1385696
5148.0	0.1379592
5149.0	0.1561985
5150.0	0.1405594
5151.0	0.1305162
5152.0	0.1493483
5153.0	0.1412752
5154.0	0.1416351
5155.0	0.1424307
5156.0	0.1266443
5157.0	0.1515685
5158.0	0.1502009
5159.0	0.1593963
5160.0	0.133822
5161.0	0.1688998
5162.0	0.1424939
5163.0	0.1422877
5164.0	0.1536727
5165.0	0.1638224
5166.0	0.1568115
5167.0	0.1418718
5168.0	0.1565867
5169.0	0.1566926
5170.0	0.1189238
5171.0	0.139748
5172.0	0.1722046
5173.0	0.1470309
5174.0	0.1533442
5175.0	0.1359212
5176.0	0.1537262
5177.0	0.1564294
5178.0	0.1571298
5179.0	0.1470037
5180.0	0.1535216
5181.0	0.1609076
5182.0	0.1438433
5183.0	0.1572632
5184.0	0.1424905
5185.0	0.1783035
5186.0	0.1681576
5187.0	0.1730658
5188.0	0.1543604
5189.0	0.1549187
5190.0	0.1598197
5191.0	0.1712443
5192.0	0.1477692
5193.0	0.1400339
5194.0	0.1505346
5195.0	0.1574452
5196.0	0.1717138
5197.0	0.1523744
5198.0	0.158711
5199.0	0.1496186
5200.0	0.1575062
5201.0	0.1509888
5202.0	0.1717842
5203.0	0.1569629
5204.0	0.1504136
5205.0	0.1373666
5206.0	0.1773854
5207.0	0.1586123
5208.0	0.1574633
5209.0	0.1579767
5210.0	0.1672288
5211.0	0.1721535
5212.0	0.1447282
5213.0	0.1565326
5214.0	0.1250755
5215.0	0.1478873
5216.0	0.1628466
5217.0	0.1453555
5218.0	0.1624555
5219.0	0.1489983
5220.0	0.1763037
5221.0	0.1640762
5222.0	0.1605452
5223.0	0.12438
5224.0	0.1414308
5225.0	0.1487952
5226.0	0.1773829
5227.0	0.1729511
5228.0	0.1473582
5229.0	0.1599443
5230.0	0.1656038
5231.0	0.1739695
5232.0	0.1697734
5233.0	0.174968
5234.0	0.1721278
5235.0	0.1364556
5236.0	0.1558075
5237.0	0.1474313
5238.0	0.1697049
5239.0	0.1700424
5240.0	0.1602679
5241.0	0.1574591
5242.0	0.1730977
5243.0	0.1733865
5244.0	0.1829161
5245.0	0.1783597
5246.0	0.1619217
5247.0	0.1527494
5248.0	0.1594291
5249.0	0.1674442
5250.0	0.1595566
5251.0	0.1649729
5252.0	0.1654501
5253.0	0.1697399
5254.0	0.1802812
5255.0	0.1589145
5256.0	0.143636
5257.0	0.1500674
5258.0	0.1651554
5259.0	0.1569116
5260.0	0.1698557
5261.0	0.1563731
5262.0	0.1520519
5263.0	0.1576045
5264.0	0.1561264
5265.0	0.1760765
5266.0	0.1671131
5267.0	0.1822126
5268.0	0.1683111
5269.0	0.1382749
5270.0	0.1517664
5271.0	0.1944777
5272.0	0.1911789
5273.0	0.1655049
5274.0	0.1807088
5275.0	0.174874
5276.0	0.1703888
5277.0	0.1829813
5278.0	0.1724253
5279.0	0.1659886
5280.0	0.1766174
5281.0	0.1704294
5282.0	0.1806573
5283.0	0.1453561
5284.0	0.1726716
5285.0	0.1680229
5286.0	0.1848179
5287.0	0.2016605
5288.0	0.1763048
5289.0	0.1796359
5290.0	0.1779813
5291.0	0.1713863
5292.0	0.1837556
5293.0	0.1921257
5294.0	0.1635727
5295.0	0.1721461
5296.0	0.1612856
5297.0	0.1572009
5298.0	0.1738572
5299.0	0.1943735
5300.0	0.1448675
5301.0	0.1843286
5302.0	0.1538612
5303.0	0.1588435
5304.0	0.1705896
5305.0	0.1430725
5306.0	0.1867994
5307.0	0.184166
5308.0	0.1840641
5309.0	0.176558
5310.0	0.1699228
5311.0	0.1923285
5312.0	0.1745587
5313.0	0.1756582
5314.0	0.1721851
5315.0	0.1814184
5316.0	0.1770334
5317.0	0.1780949
5318.0	0.1744013
5319.0	0.1726053
5320.0	0.1979301
5321.0	0.1727027
5322.0	0.1825043
5323.0	0.1719684
5324.0	0.1734098
5325.0	0.1801394
5326.0	0.1754937
5327.0	0.1886798
5328.0	0.151935
5329.0	0.1823054
5330.0	0.1880243
5331.0	0.1853966
5332.0	0.1825851
5333.0	0.1816842
5334.0	0.1928727
5335.0	0.1809333
5336.0	0.1754934
5337.0	0.2024716
5338.0	0.2198675
5339.0	0.2207556
5340.0	0.1887215
5341.0	0.1843432
5342.0	0.1872116
5343.0	0.1901693
5344.0	0.1892001
5345.0	0.1821238
5346.0	0.1877225
5347.0	0.1848447
5348.0	0.1965347
5349.0	0.1951724
5350.0	0.1853599
5351.0	0.1934376
5352.0	0.1849871
5353.0	0.1651326
5354.0	0.1891963
5355.0	0.1885957
5356.0	0.1959889
5357.0	0.1648091
5358.0	0.1814514
5359.0	0.2057625
5360.0	0.1939917
5361.0	0.1889211
5362.0	0.1941954
5363.0	0.1815759
5364.0	0.1914599
5365.0	0.190752
5366.0	0.1916807
5367.0	0.1820168
5368.0	0.1962651
5369.0	0.1840122
5370.0	0.1823372
5371.0	0.1937022
5372.0	0.187078
5373.0	0.1918945
5374.0	0.1936147
5375.0	0.1835987
5376.0	0.2140137
5377.0	0.2044974
5378.0	0.1992995
5379.0	0.2041389
5380.0	0.1748429
5381.0	0.175091
5382.0	0.2105827
5383.0	0.1899807
5384.0	0.1865737
5385.0	0.1858933
5386.0	0.190616
5387.0	0.2044299
5388.0	0.2016193
5389.0	0.1942922
5390.0	0.2062335
5391.0	0.1917845
5392.0	0.1839445
5393.0	0.1975768
5394.0	0.1913554
5395.0	0.1995151
5396.0	0.2012607
5397.0	0.1784148
5398.0	0.201639
5399.0	0.1860119
5400.0	0.194111
5401.0	0.1902082
5402.0	0.1970338
5403.0	0.1976849
5404.0	0.1906047
5405.0	0.1945468
5406.0	0.200067
5407.0	0.1827634
5408.0	0.1884613
5409.0	0.1785336
5410.0	0.1701859
5411.0	0.1865827
5412.0	0.200515
5413.0	0.205537
5414.0	0.1688601
5415.0	0.1866012
5416.0	0.1834573
5417.0	0.1957821
5418.0	0.1856755
5419.0	0.1785834
5420.0	0.179895
5421.0	0.1986172
5422.0	0.2140428
5423.0	0.1934127
5424.0	0.2053747
5425.0	0.2115062
5426.0	0.175736
5427.0	0.1808525
5428.0	0.1984053
5429.0	0.1835266
5430.0	0.1885554
5431.0	0.1974221
5432.0	0.189378
5433.0	0.2044562
5434.0	0.1859341
5435.0	0.2027476
5436.0	0.1772718
5437.0	0.2046029
5438.0	0.2084762
5439.0	0.2072935
5440.0	0.1911215
5441.0	0.2085483
5442.0	0.2221203
5443.0	0.202714
5444.0	0.2165418
5445.0	0.2011517
5446.0	0.2008212
5447.0	0.1901925
5448.0	0.1981378
5449.0	0.1920567
5450.0	0.2095492
5451.0	0.2053345
5452.0	0.1922408
5453.0	0.1769159
5454.0	0.1821282
5455.0	0.200611
5456.0	0.1997011
5457.0	0.1797345
5458.0	0.1820344
5459.0	0.2236704
5460.0	0.2036729
5461.0	0.2058509
5462.0	0.1937912
5463.0	0.2037824
5464.0	0.1997507
5465.0	0.201804
5466.0	0.2041508
5467.0	0.2031092
5468.0	0.206784
5469.0	0.2081757
5470.0	0.1853854
5471.0	0.2010399
5472.0	0.2150503
5473.0	0.2004363
5474.0	0.2219614
5475.0	0.2014077
5476.0	0.2187985
5477.0	0.2142312
5478.0	0.2015397
5479.0	0.1977564
5480.0	0.2013724
5481.0	0.2066313
5482.0	0.2051718
5483.0	0.1948563
5484.0	0.2088173
5485.0	0.2095092
5486.0	0.2020769
5487.0	0.2178545
5488.0	0.1908413
5489.0	0.1937361
5490.0	0.1999683
5491.0	0.1836756
5492.0	0.1944229
5493.0	0.1945789
5494.0	0.1897176
5495.0	0.180754
5496.0	0.1856885
5497.0	0.2000219
5498.0	0.1882521
5499.0	0.1632334
5500.0	0.1791988
5501.0	0.1857691
5502.0	0.1757867
5503.0	0.162701
5504.0	0.157676
5505.0	0.1704808
5506.0	0.1723404
5507.0	0.1641792
5508.0	0.1846206
5509.0	0.1684828
5510.0	0.1565595
5511.0	0.1627581
5512.0	0.1718997
5513.0	0.1851474
5514.0	0.1708809
5515.0	0.1695505
5516.0	0.1811494
5517.0	0.1684543
5518.0	0.1610627
5519.0	0.1605019
5520.0	0.1675586
5521.0	0.1585571
5522.0	0.1502954
5523.0	0.1630252
5524.0	0.161219
5525.0	0.1531548
5526.0	0.1460772
5527.0	0.142099
5528.0	0.157313
5529.0	0.1674729
5530.0	0.1749386
5531.0	0.1464187
5532.0	0.164191
5533.0	0.1530261
5534.0	0.1519644
5535.0	0.1614835
5536.0	0.1516111
5537.0	0.166429
5538.0	0.1538945
5539.0	0.1431183
5540.0	0.1556919
5541.0	0.1531608
5542.0	0.1524137
5543.0	0.156232
5544.0	0.1380925
5545.0	0.1300882
5546.0	0.1363973
5547.0	0.1430107
5548.0	0.1554465
5549.0	0.1830508
5550.0	0.1640703
5551.0	0.1402378
5552.0	0.1466556
5553.0	0.154367
5554.0	0.1403759
5555.0	0.153521
5556.0	0.1543251
5557.0	0.1589506
5558.0	0.1542973
5559.0	0.1456178
5560.0	0.1597171
5561.0	0.1463103
5562.0	0.1390636
5563.0	0.1493154
5564.0	0.1579355
5565.0	0.1453509
5566.0	0.1337269
5567.0	0.1396653
5568.0	0.1481901
5569.0	0.1699525
5570.0	0.1476884
5571.0	0.142738
5572.0	0.1568463
5573.0	0.1720943
5574.0	0.1557145
5575.0	0.1452473
5576.0	0.1682742
5577.0	0.1422364
5578.0	0.1058454
5579.0	0.1433869
5580.0	0.1599141
5581.0	0.1479547
5582.0	0.1496391
5583.0	0.153061
5584.0	0.1435019
5585.0	0.1519845
5586.0	0.1483715
5587.0	0.1584383
5588.0	0.1605082
5589.0	0.1381812
5590.0	0.1526289
5591.0	0.1466013
5592.0	0.1377371
5593.0	0.1473671
5594.0	0.1721471
5595.0	0.1692775
5596.0	0.1466438
5597.0	0.162127
5598.0	0.1619827
5599.0	0.1442705
5600.0	0.1439207
5601.0	0.1552546
5602.0	0.1444715
5603.0	0.1480433
5604.0	0.152708
5605.0	0.1448039
5606.0	0.1743152
5607.0	0.1548338
5608.0	0.1475255
5609.0	0.1484325
5610.0	0.1624841
5611.0	0.1577416
5612.0	0.1588145
5613.0	0.1640268
5614.0	0.1535584
5615.0	0.1402989
5616.0	0.1377328
5617.0	0.1339591
5618.0	0.1577438
5619.0	0.1700321
5620.0	0.172176
5621.0	0.1796735
5622.0	0.1475069
5623.0	0.1594969
5624.0	0.1667342
5625.0	0.1648539
5626.0	0.1891821
5627.0	0.1647564
5628.0	0.1418959
5629.0	0.1479977
5630.0	0.1600678
5631.0	0.1624517
5632.0	0.1603937
5633.0	0.1685288
5634.0	0.1428925
5635.0	0.1477394
5636.0	0.150757
5637.0	0.1574352
5638.0	0.1560913
5639.0	0.1505972
5640.0	0.1398417
5641.0	0.1539322
5642.0	0.1778531
5643.0	0.1448747
5644.0	0.1533776
5645.0	0.1677793
5646.0	0.1564891
5647.0	0.1531979
5648.0	0.1424325
5649.0	0.1478094
5650.0	0.1615381
5651.0	0.1395343
5652.0	0.1519483
5653.0	0.166769
5654.0	0.1489871
5655.0	0.1506491
5656.0	0.161579
5657.0	0.1493284
5658.0	0.1457216
5659.0	0.1570757
5660.0	0.1337377
5661.0	0.1535398
5662.0	0.1423439
5663.0	0.1146919
5664.0	0.1434505
5665.0	0.1437204
5666.0	0.1185587
5667.0	0.1441689
5668.0	0.1460276
5669.0	0.1316814
5670.0	0.1611802
5671.0	0.1522639
5672.0	0.151757
5673.0	0.1493888
5674.0	0.1500234
5675.0	0.1495982
5676.0	0.1266297
5677.0	0.1365103
5678.0	0.1611656
5679.0	0.1552426
5680.0	0.1419443
5681.0	0.122971
5682.0	0.1171613
5683.0	0.136334
5684.0	0.1274161
5685.0	0.1461379
5686.0	0.1457112
5687.0	0.1453485
5688.0	0.1530896
5689.0	0.1311189
5690.0	0.1279447
5691.0	0.1257182
5692.0	0.1208474
5693.0	0.1412323
5694.0	0.1430947
5695.0	0.1310408
5696.0	0.1280179
5697.0	0.1209934
5698.0	0.1111277
5699.0	0.1106732
5700.0	0.1151117
5701.0	0.1325923
5702.0	0.1261246
5703.0	0.1168877
5704.0	0.1322052
5705.0	0.1237542
5706.0	0.1376656
5707.0	0.1296112
5708.0	0.1138641
5709.0	0.1247617
5710.0	0.119611
5711.0	0.1185908
5712.0	0.1297091
5713.0	0.1350778
5714.0	0.09932021
5715.0	0.1120804
5716.0	0.1442953
5717.0	0.1148512
5718.0	0.111665
5719.0	0.1338711
5720.0	0.1255088
5721.0	0.1250821
5722.0	0.1218625
5723.0	0.134975
5724.0	0.1334696
5725.0	0.1332224
5726.0	0.1219705
5727.0	0.1079089
5728.0	0.1196409
5729.0	0.1370079
5730.0	0.1220777
5731.0	0.1339725
5732.0	0.1265029
5733.0	0.1132123
5734.0	0.1126709
5735.0	0.1314728
5736.0	0.1234368
5737.0	0.1026744
5738.0	0.1185792
5739.0	0.1416954
5740.0	0.1227604
5741.0	0.1142085
5742.0	0.1141676
5743.0	0.1105561
5744.0	0.1244036
5745.0	0.1164493
5746.0	0.1272144
5747.0	0.1362226
5748.0	0.1217559
5749.0	0.1125828
5750.0	0.1244292
5751.0	0.1313388
5752.0	0.1290534
5753.0	0.1290452
5754.0	0.1201982
5755.0	0.106196
5756.0	0.1299233
5757.0	0.1371881
5758.0	0.1194046
5759.0	0.1210297
5760.0	0.131926
5761.0	0.1295421
5762.0	0.1281754
5763.0	0.1218783
5764.0	0.1151005
5765.0	0.1244399
5766.0	0.1359953
5767.0	0.117118
5768.0	0.1225467
5769.0	0.137875
5770.0	0.122682
5771.0	0.1169043
5772.0	0.1435626
5773.0	0.1344157
5774.0	0.136459
5775.0	0.144058
5776.0	0.1349045
5777.0	0.1236226
5778.0	0.1401641
5779.0	0.1453661
5780.0	0.1251801
5781.0	0.1490021
5782.0	0.1332287
5783.0	0.1338589
5784.0	0.142663
5785.0	0.150756
5786.0	0.148503
5787.0	0.1287498
5788.0	0.1358424
5789.0	0.1337259
5790.0	0.1522397
5791.0	0.156273
5792.0	0.1668315
5793.0	0.1653861
5794.0	0.1489842
5795.0	0.1528318
5796.0	0.1475147
5797.0	0.1497899
5798.0	0.159702
5799.0	0.1562185
5800.0	0.1527587
5801.0	0.1582199
5802.0	0.1672027
5803.0	0.1682385
5804.0	0.1513264
5805.0	0.177202
5806.0	0.1748097
5807.0	0.1583945
5808.0	0.1806295
5809.0	0.1707778
5810.0	0.1735203
5811.0	0.1821133
5812.0	0.1836173
5813.0	0.1744484
5814.0	0.1568901
5815.0	0.1642524
5816.0	0.1688363
5817.0	0.1554153
5818.0	0.17233
5819.0	0.1815633
5820.0	0.1725059
5821.0	0.1703026
5822.0	0.1830824
5823.0	0.1767813
5824.0	0.186315
5825.0	0.179701
5826.0	0.1686017
5827.0	0.1672781
5828.0	0.1862662
5829.0	0.1607267
5830.0	0.1780376
5831.0	0.187531
5832.0	0.1808936
5833.0	0.1687282
5834.0	0.1475633
5835.0	0.1585986
5836.0	0.1814924
5837.0	0.1796325
5838.0	0.1775596
5839.0	0.1827551
5840.0	0.1651865
5841.0	0.1582754
5842.0	0.1715955
5843.0	0.182577
5844.0	0.1695279
5845.0	0.1554465
5846.0	0.1562251
5847.0	0.1770088
5848.0	0.175493
5849.0	0.1715059
5850.0	0.1716747
5851.0	0.1750167
5852.0	0.1684615
5853.0	0.1717096
5854.0	0.1749974
5855.0	0.1752346
5856.0	0.1806373
5857.0	0.1579529
5858.0	0.1672451
5859.0	0.1800434
5860.0	0.1658494
5861.0	0.1471923
5862.0	0.1603463
5863.0	0.1668521
5864.0	0.172776
5865.0	0.1585357
5866.0	0.1360825
5867.0	0.1616808
5868.0	0.1899391
5869.0	0.1620243
5870.0	0.1613938
5871.0	0.1629959
5872.0	0.1531817
5873.0	0.1651341
5874.0	0.1755525
5875.0	0.1598906
5876.0	0.1645475
5877.0	0.1846383
5878.0	0.1652716
5879.0	0.1595727
5880.0	0.1683706
5881.0	0.1478714
5882.0	0.1605785
5883.0	0.1766729
5884.0	0.1605263
5885.0	0.1440215
5886.0	0.1647686
5887.0	0.1670773
5888.0	0.1535707
5889.0	0.1661991
5890.0	0.1685638
5891.0	0.1425333
5892.0	0.1763034
5893.0	0.1803198
5894.0	0.1831844
5895.0	0.177045
5896.0	0.1436958
5897.0	0.1576923
5898.0	0.1630278
5899.0	0.1740276
5900.0	0.1512241
5901.0	0.1476991
5902.0	0.1639084
5903.0	0.1556699
5904.0	0.1437696
5905.0	0.1397334
5906.0	0.1546433
5907.0	0.1578635
5908.0	0.1623778
5909.0	0.1377083
5910.0	0.1543446
5911.0	0.1684825
5912.0	0.1424853
5913.0	0.1394971
5914.0	0.1594512
5915.0	0.1699661
5916.0	0.1473093
5917.0	0.1541698
5918.0	0.1585106
5919.0	0.1454364
5920.0	0.1456444
5921.0	0.1586416
5922.0	0.1756169
5923.0	0.1565394
5924.0	0.1538784
5925.0	0.1729864
5926.0	0.1500074
5927.0	0.1472054
5928.0	0.1623985
5929.0	0.1803803
5930.0	0.1631111
5931.0	0.1540078
5932.0	0.1462478
5933.0	0.1623893
5934.0	0.1659956
5935.0	0.1702785
5936.0	0.1637756
5937.0	0.1393801
5938.0	0.1562463
5939.0	0.1650115
5940.0	0.1507443
5941.0	0.1473686
5942.0	0.1505068
5943.0	0.1486294
5944.0	0.1484698
5945.0	0.1482692
5946.0	0.1706365
5947.0	0.1508276
5948.0	0.1386883
5949.0	0.1704874
5950.0	0.1571001
5951.0	0.1600713
5952.0	0.152735
5953.0	0.1486337
5954.0	0.1446508
5955.0	0.1539781
5956.0	0.1641753
5957.0	0.1565606
5958.0	0.1471304
5959.0	0.1679613
5960.0	0.1613442
5961.0	0.1723942
5962.0	0.1622951
5963.0	0.1617917
5964.0	0.1353202
5965.0	0.1298325
5966.0	0.1381818
5967.0	0.1556155
5968.0	0.1504725
5969.0	0.1574512
5970.0	0.1461873
5971.0	0.1498299
5972.0	0.1390573
5973.0	0.1382655
5974.0	0.1414106
5975.0	0.1303936
5976.0	0.1177887
5977.0	0.1372297
5978.0	0.139142
5979.0	0.1368679
5980.0	0.1235737
5981.0	0.1274347
5982.0	0.120967
5983.0	0.1197981
5984.0	0.1336198
5985.0	0.1266473
5986.0	0.1291739
5987.0	0.1284254
5988.0	0.1226158
5989.0	0.1270376
5990.0	0.1061318
5991.0	0.1182766
5992.0	0.133823
5993.0	0.1294717
5994.0	0.1238305
5995.0	0.127819
5996.0	0.1342973
5997.0	0.1098499
5998.0	0.1127084
5999.0	0.1175679
6000.0	0.112242
6001.0	0.1161375
6002.0	0.1067594
6003.0	0.1098599
6004.0	0.1125908
6005.0	0.1199599
6006.0	0.1349152
6007.0	0.1096786
6008.0	0.1183967
6009.0	0.1111042
6010.0	0.1034559
6011.0	0.09893674
6012.0	0.09136951
6013.0	0.08947503
6014.0	0.09899087
6015.0	0.1188012
6016.0	0.1073274
6017.0	0.1099979
6018.0	0.1051315
6019.0	0.09877194
6020.0	0.1068846
6021.0	0.09331659
6022.0	0.08328143
6023.0	0.09791742
6024.0	0.09287349
6025.0	0.1165533
6026.0	0.1158296
6027.0	0.09999759
6028.0	0.1168752
6029.0	0.09005779
6030.0	0.09118196
6031.0	0.1006373
6032.0	0.1120413
6033.0	0.1154065
6034.0	0.09155084
6035.0	0.1057236
6036.0	0.1178208
6037.0	0.09680951
6038.0	0.1096031
6039.0	0.1190045
6040.0	0.08809281
6041.0	0.08894523
6042.0	0.09910448
6043.0	0.1054297
6044.0	0.1012238
6045.0	0.09423353
6046.0	0.1077914
6047.0	0.1201692
6048.0	0.1077346
6049.0	0.1142883
6050.0	0.1192152
6051.0	0.1053253
6052.0	0.1082434
6053.0	0.1164792
6054.0	0.1201355
6055.0	0.1141648
6056.0	0.1072896
6057.0	0.103875
6058.0	0.1086641
6059.0	0.1118338
6060.0	0.1278646
6061.0	0.1300223
6062.0	0.1067794
6063.0	0.1120441
6064.0	0.115919
6065.0	0.1054446
6066.0	0.1006418
6067.0	0.1046439
6068.0	0.1156711
6069.0	0.1150178
6070.0	0.1330227
6071.0	0.1302861
6072.0	0.1217778
6073.0	0.1128333
6074.0	0.1080983
6075.0	0.1065402
6076.0	0.1115969
6077.0	0.1274337
6078.0	0.1219536
6079.0	0.1240233
6080.0	0.1424262
6081.0	0.1270784
6082.0	0.1328003
6083.0	0.1427622
6084.0	0.1235764
6085.0	0.1326456
6086.0	0.1226234
6087.0	0.1194027
6088.0	0.1366141
6089.0	0.1176772
6090.0	0.1331066
6091.0	0.138774
6092.0	0.127005
6093.0	0.1182309
6094.0	0.128
6095.0	0.1373919
6096.0	0.1442557
6097.0	0.1331752
6098.0	0.1286635
6099.0	0.1177802
6100.0	0.1207523
6101.0	0.132305
6102.0	0.1455414
6103.0	0.1353746
6104.0	0.1576109
6105.0	0.1705163
6106.0	0.1516214
6107.0	0.1454508
6108.0	0.1402379
6109.0	0.1540135
6110.0	0.1462802
6111.0	0.1372602
6112.0	0.1334822
6113.0	0.1322913
6114.0	0.149252
6115.0	0.1548085
6116.0	0.152523
6117.0	0.1450034
6118.0	0.1464584
6119.0	0.1644215
6120.0	0.1523636
6121.0	0.1550765
6122.0	0.1597113
6123.0	0.1522951
6124.0	0.1411182
6125.0	0.1259872
6126.0	0.1437183
6127.0	0.1456124
6128.0	0.1460898
6129.0	0.1579687
6130.0	0.1691896
6131.0	0.1878191
6132.0	0.1581506
6133.0	0.1620733
6134.0	0.1518453
6135.0	0.1551083
6136.0	0.1564366
6137.0	0.1794312
6138.0	0.1689921
6139.0	0.1574074
6140.0	0.1432027
6141.0	0.1510451
6142.0	0.1668959
6143.0	0.1545715
6144.0	0.1554202
6145.0	0.1715773
6146.0	0.1651214
6147.0	0.154886
6148.0	0.1532169
6149.0	0.1531309
6150.0	0.1364379
6151.0	0.1377572
6152.0	0.1426385
6153.0	0.1538061
6154.0	0.1582047
6155.0	0.14868
6156.0	0.1470585
6157.0	0.1592916
6158.0	0.155416
6159.0	0.1721026
6160.0	0.1658933
6161.0	0.1592337
6162.0	0.1745655
6163.0	0.1641842
6164.0	0.1711504
6165.0	0.1689424
6166.0	0.1756769
6167.0	0.1753792
6168.0	0.1749987
6169.0	0.1707147
6170.0	0.15974
6171.0	0.1691687
6172.0	0.1817475
6173.0	0.1963602
6174.0	0.1666005
6175.0	0.1557181
6176.0	0.1540377
6177.0	0.1859937
6178.0	0.1856543
6179.0	0.1814359
6180.0	0.1731752
6181.0	0.1456118
6182.0	0.1695603
6183.0	0.1651178
6184.0	0.1701526
6185.0	0.1765202
6186.0	0.1577391
6187.0	0.1720507
6188.0	0.1506997
6189.0	0.1551103
6190.0	0.1579906
6191.0	0.1619731
6192.0	0.1465394
6193.0	0.1710054
6194.0	0.1695496
6195.0	0.1735171
6196.0	0.160291
6197.0	0.1566625
6198.0	0.1497149
6199.0	0.1702109
6200.0	0.1707658
6201.0	0.1592376
6202.0	0.1671052
6203.0	0.1765213
6204.0	0.18734
6205.0	0.1584103
6206.0	0.1520038
6207.0	0.168882
6208.0	0.1643892
6209.0	0.1592581
6210.0	0.1554698
6211.0	0.1648761
6212.0	0.1897228
6213.0	0.1848533
6214.0	0.1659551
6215.0	0.1798913
6216.0	0.1803532
6217.0	0.1569489
6218.0	0.1612744
6219.0	0.1812656
6220.0	0.1643346
6221.0	0.1508466
6222.0	0.1432654
6223.0	0.1481609
6224.0	0.1863567
6225.0	0.1802663
6226.0	0.1803199
6227.0	0.1697207
6228.0	0.1652503
6229.0	0.1519678
6230.0	0.1659889
6231.0	0.1687528
6232.0	0.1727931
6233.0	0.1735188
6234.0	0.1733056
6235.0	0.1694063
6236.0	0.1760448
6237.0	0.1744907
6238.0	0.1731741
6239.0	0.1575321
6240.0	0.160977
6241.0	0.155972
6242.0	0.1625303
6243.0	0.1710306
6244.0	0.1647068
6245.0	0.1793997
6246.0	0.1731522
6247.0	0.1753106
6248.0	0.1750153
6249.0	0.1557455
6250.0	0.1703211
6251.0	0.1592401
6252.0	0.1571972
6253.0	0.1446674
6254.0	0.171643
6255.0	0.1665471
6256.0	0.171713
6257.0	0.1763884
6258.0	0.1556718
6259.0	0.1562761
6260.0	0.1554973
6261.0	0.1564658
6262.0	0.148595
6263.0	0.1575535
6264.0	0.1795918
6265.0	0.1585477
6266.0	0.1357493
6267.0	0.1417937
6268.0	0.1724735
6269.0	0.1599919
6270.0	0.1505811
6271.0	0.1469372
6272.0	0.1578166
6273.0	0.1366894
6274.0	0.1399149
6275.0	0.1565042
6276.0	0.1488644
6277.0	0.1605679
6278.0	0.1687168
6279.0	0.1469821
6280.0	0.1480013
6281.0	0.161699
6282.0	0.1551737
6283.0	0.1443539
6284.0	0.1279522
6285.0	0.1237498
6286.0	0.132079
6287.0	0.1449488
6288.0	0.1537965
6289.0	0.1606112
6290.0	0.1325203
6291.0	0.1277933
6292.0	0.1551907
6293.0	0.152907
6294.0	0.1316887
6295.0	0.1371043
6296.0	0.1472954
6297.0	0.1698233
6298.0	0.1471962
6299.0	0.1339477
6300.0	0.1296301
6301.0	0.1274829
6302.0	0.1185279
6303.0	0.1125393
6304.0	0.1216835
6305.0	0.1309777
6306.0	0.1370772
6307.0	0.1207378
6308.0	0.1183924
6309.0	0.1249213
6310.0	0.1359121
6311.0	0.1009445
6312.0	0.1029677
6313.0	0.1188478
6314.0	0.1326367
6315.0	0.1150374
6316.0	0.1004287
6317.0	0.100821
6318.0	0.1095161
6319.0	0.1213517
6320.0	0.1026907
6321.0	0.1047339
6322.0	0.1010422
6323.0	0.09306443
6324.0	0.08724494
6325.0	0.09293693
6326.0	0.10038
6327.0	0.08967302
6328.0	0.07633995
6329.0	0.08619294
6330.0	0.1004849
6331.0	0.1004067
6332.0	0.08091186
6333.0	0.08100666
6334.0	0.09861903
6335.0	0.09791774
6336.0	0.08182988
6337.0	0.09534764
6338.0	0.101257
6339.0	0.08016577
6340.0	0.06086905
6341.0	0.06967332
6342.0	0.09668748
6343.0	0.09255116
6344.0	0.08201411
6345.0	0.0704105
6346.0	0.07200877
6347.0	0.08179238
6348.0	0.08073922
6349.0	0.06840108
6350.0	0.06799882
6351.0	0.05091599
6352.0	0.07818386
6353.0	0.08531614
6354.0	0.08166953
6355.0	0.07058679
6356.0	0.07806025
6357.0	0.08625318
6358.0	0.09431598
6359.0	0.05956308
6360.0	0.04864777
6361.0	0.04852249
6362.0	0.07117006
6363.0	0.04855498
6364.0	0.05905353
6365.0	0.07372748
6366.0	0.06390925
6367.0	0.03465047
6368.0	0.06505765
6369.0	0.07422962
6370.0	0.0563239
6371.0	0.06155383
6372.0	0.05656367
6373.0	0.06542531
6374.0	0.0550288
6375.0	0.05483542
6376.0	0.04968422
6377.0	0.0563539
6378.0	0.06327909
6379.0	0.06472822
6380.0	0.06289288
6381.0	0.06080363
6382.0	0.06107363
6383.0	0.05345365
6384.0	0.05929399
6385.0	0.05446994
6386.0	0.04882994
6387.0	0.05166491
6388.0	0.04961914
6389.0	0.04405811
6390.0	0.06350455
6391.0	0.05326543
6392.0	0.05104712
6393.0	0.07250787
6394.0	0.05671666
6395.0	0.05785848
6396.0	0.06680887
6397.0	0.04419036
6398.0	0.04247301
6399.0	0.07053355
6400.0	0.06189004
6401.0	0.06762367
6402.0	0.06908621
6403.0	0.06092389
6404.0	0.0375108
6405.0	0.04759897
6406.0	0.06300995
6407.0	0.05478842
6408.0	0.06258648
6409.0	0.04948179
6410.0	0.04070288
6411.0	0.04209284
6412.0	0.03538702
6413.0	0.06757988
6414.0	0.07034474
6415.0	0.04862503
6416.0	0.06230715
6417.0	0.05737794
6418.0	0.04830703
6419.0	0.07201149
6420.0	0.08679859
6421.0	0.07152244
6422.0	0.05804303
6423.0	0.05889764
6424.0	0.06189919
6425.0	0.06308563
6426.0	0.0702313
6427.0	0.06849746
6428.0	0.04397086
6429.0	0.0437042
6430.0	0.04160956
6431.0	0.05544188
6432.0	0.05565719
6433.0	0.05515443
6434.0	0.06097124
6435.0	0.07334556
6436.0	0.07489686
6437.0	0.05823154
6438.0	0.06342195
6439.0	0.06044711
6440.0	0.06633762
6441.0	0.07071675
6442.0	0.06735644
6443.0	0.07225467
6444.0	0.06426565
6445.0	0.06480731
6446.0	0.07752841
6447.0	0.08556309
6448.0	0.07550977
6449.0	0.06443027
6450.0	0.08083004
6451.0	0.09300107
6452.0	0.08945107
6453.0	0.08339193
6454.0	0.05986967
6455.0	0.07741969
6456.0	0.08855292
6457.0	0.07732358
6458.0	0.06934001
6459.0	0.08212529
6460.0	0.06842368
6461.0	0.07714011
6462.0	0.07445274
6463.0	0.06718999
6464.0	0.06314906
6465.0	0.07181875
6466.0	0.08378816
6467.0	0.08155253
6468.0	0.07294411
6469.0	0.09016258
6470.0	0.0838187
6471.0	0.08906589
6472.0	0.08576274
6473.0	0.08337182
6474.0	0.1014543
6475.0	0.07899781
6476.0	0.08373775
6477.0	0.08826322
6478.0	0.0964481
6479.0	0.09892201
6480.0	0.09922783
6481.0	0.1083764
6482.0	0.09718099
6483.0	0.1058123
6484.0	0.09753444
6485.0	0.09257353
6486.0	0.1065152
6487.0	0.1170531
6488.0	0.09566125
6489.0	0.09127656
6490.0	0.1037349
6491.0	0.1128117
6492.0	0.10033
6493.0	0.09049124
6494.0	0.100488
6495.0	0.1165426
6496.0	0.1078458
6497.0	0.122064
6498.0	0.1235386
6499.0	0.09224161
6500.0	0.08666302
6501.0	0.1015177
6502.0	0.1177961
6503.0	0.1014111
6504.0	0.1181231
6505.0	0.1078298
6506.0	0.1307058
6507.0	0.1103975
6508.0	0.1088339
6509.0	0.1116586
6510.0	0.1146939
6511.0	0.1108867
6512.0	0.1104109
6513.0	0.1091601
6514.0	0.1209199
6515.0	0.1108929
6516.0	0.1096959
6517.0	0.1203526
6518.0	0.1111115
6519.0	0.1120703
6520.0	0.1086601
6521.0	0.1328014
6522.0	0.1239937
6523.0	0.1210734
6524.0	0.1208472
6525.0	0.1287825
6526.0	0.1274249
6527.0	0.1088415
6528.0	0.1145561
6529.0	0.1074434
6530.0	0.1117256
6531.0	0.1409272
6532.0	0.1332297
6533.0	0.1326215
6534.0	0.1228126
6535.0	0.1329544
6536.0	0.1514908
6537.0	0.1299363
6538.0	0.126368
6539.0	0.1418915
6540.0	0.1456638
6541.0	0.1548262
6542.0	0.132705
6543.0	0.1539744
6544.0	0.1736314
6545.0	0.1409408
6546.0	0.1296747
6547.0	0.1284185
6548.0	0.1458688
6549.0	0.1309551
6550.0	0.1386326
6551.0	0.1446043
6552.0	0.1522423
6553.0	0.1473894
6554.0	0.1411166
6555.0	0.1426735
6556.0	0.1445699
6557.0	0.1579122
6558.0	0.1546472
6559.0	0.1420081
6560.0	0.1399159
6561.0	0.14449
6562.0	0.154424
6563.0	0.1569644
6564.0	0.1573283
6565.0	0.1359091
6566.0	0.1305184
6567.0	0.149305
6568.0	0.1641604
6569.0	0.1577067
6570.0	0.14099
6571.0	0.1427539
6572.0	0.144869
6573.0	0.1274348
6574.0	0.1270856
6575.0	0.1547949
6576.0	0.1579114
6577.0	0.1588146
6578.0	0.1603438
6579.0	0.1580404
6580.0	0.1507472
6581.0	0.1664711
6582.0	0.168953
6583.0	0.1540965
6584.0	0.1539571
6585.0	0.1524335
6586.0	0.1541706
6587.0	0.1622329
6588.0	0.152331
6589.0	0.1473278
6590.0	0.1401777
6591.0	0.1492404
6592.0	0.1675078
6593.0	0.1625613
6594.0	0.1521411
6595.0	0.153871
6596.0	0.173178
6597.0	0.1817875
6598.0	0.1626337
6599.0	0.1588503
6600.0	0.1506369
6601.0	0.1489403
6602.0	0.1546825
6603.0	0.1717011
6604.0	0.1740988
6605.0	0.148142
6606.0	0.158579
6607.0	0.1746464
6608.0	0.1736504
6609.0	0.1646988
6610.0	0.1552884
6611.0	0.1619473
6612.0	0.1686189
6613.0	0.1492871
6614.0	0.1682779
6615.0	0.159944
6616.0	0.1513046
6617.0	0.1643297
6618.0	0.1550429
6619.0	0.1619733
6620.0	0.1602775
6621.0	0.160483
6622.0	0.1505246
6623.0	0.1553902
6624.0	0.1686291
6625.0	0.1797967
6626.0	0.1702602
6627.0	0.1607521
6628.0	0.1601204
6629.0	0.1672989
6630.0	0.1654807
6631.0	0.153862
6632.0	0.1603458
6633.0	0.1528899
6634.0	0.1702853
6635.0	0.1564863
6636.0	0.1578788
6637.0	0.1675169
6638.0	0.1460614
6639.0	0.1606635
6640.0	0.1738763
6641.0	0.1714879
6642.0	0.1716312
6643.0	0.1684872
6644.0	0.1796156
6645.0	0.1770648
6646.0	0.1674041
6647.0	0.1579151
6648.0	0.1723465
6649.0	0.1525246
6650.0	0.1617224
6651.0	0.1638729
6652.0	0.1791966
6653.0	0.178182
6654.0	0.1650246
6655.0	0.1566679
6656.0	0.1570366
6657.0	0.1780345
6658.0	0.1676503
6659.0	0.1730371
6660.0	0.1647567
6661.0	0.1636213
6662.0	0.1590488
6663.0	0.1687046
6664.0	0.159425
6665.0	0.1704883
6666.0	0.1688172
6667.0	0.1594425
6668.0	0.1631122
6669.0	0.1756137
6670.0	0.1590406
6671.0	0.1700302
6672.0	0.1523422
6673.0	0.1430161
6674.0	0.1671537
6675.0	0.1736105
6676.0	0.1761601
6677.0	0.1569409
6678.0	0.1454883
6679.0	0.1434217
6680.0	0.1419136
6681.0	0.1492299
6682.0	0.155461
6683.0	0.1671056
6684.0	0.1656295
6685.0	0.1605824
6686.0	0.1593767
6687.0	0.1673021
6688.0	0.1646348
6689.0	0.1695411
6690.0	0.1569848
6691.0	0.1358966
6692.0	0.1526024
6693.0	0.1533928
6694.0	0.1475015
6695.0	0.1671108
6696.0	0.1559325
6697.0	0.1484813
6698.0	0.1513475
6699.0	0.1455881
6700.0	0.1568348
6701.0	0.1526049
6702.0	0.1558582
6703.0	0.1585136
6704.0	0.1540978
6705.0	0.1680539
6706.0	0.1538803
6707.0	0.1442603
6708.0	0.1375102
6709.0	0.1433794
6710.0	0.1590985
6711.0	0.156071
6712.0	0.1449948
6713.0	0.140363
6714.0	0.1387895
6715.0	0.1455659
6716.0	0.1663744
6717.0	0.1559236
6718.0	0.1538383
6719.0	0.1641701
6720.0	0.1575766
6721.0	0.1547007
6722.0	0.1608143
6723.0	0.1534287
6724.0	0.1580082
6725.0	0.1568962
6726.0	0.1524274
6727.0	0.132875
6728.0	0.1367455
6729.0	0.143164
6730.0	0.1467113
6731.0	0.1485803
6732.0	0.1426907
6733.0	0.1412541
6734.0	0.1604394
6735.0	0.144523
6736.0	0.1636538
6737.0	0.1572602
6738.0	0.1401601
6739.0	0.1460161
6740.0	0.1371337
6741.0	0.1463235
6742.0	0.1439801
6743.0	0.1365284
6744.0	0.1261837
6745.0	0.1249351
6746.0	0.1571931
6747.0	0.1467958
6748.0	0.1546024
6749.0	0.1425168
6750.0	0.1442827
6751.0	0.1413944
6752.0	0.155682
6753.0	0.1668874
6754.0	0.1619843
6755.0	0.1495206
6756.0	0.1289155
6757.0	0.1246894
6758.0	0.1412955
6759.0	0.1477903
6760.0	0.1662258
6761.0	0.153267
6762.0	0.126768
6763.0	0.1304781
6764.0	0.1400755
6765.0	0.142276
6766.0	0.1406431
6767.0	0.1596253
6768.0	0.1455978
6769.0	0.1310665
6770.0	0.1333932
6771.0	0.1431905
6772.0	0.1601634
6773.0	0.1559712
6774.0	0.1646318
6775.0	0.1382701
6776.0	0.1485175
6777.0	0.1628035
6778.0	0.158786
6779.0	0.1398821
6780.0	0.1315891
6781.0	0.1415777
6782.0	0.1439438
6783.0	0.1472887
6784.0	0.1373868
6785.0	0.1284945
6786.0	0.1429099
6787.0	0.1355937
6788.0	0.1448855
6789.0	0.1477305
6790.0	0.1450247
6791.0	0.1274839
6792.0	0.1221047
6793.0	0.1270843
6794.0	0.1298019
6795.0	0.1376255
6796.0	0.1489163
6797.0	0.134189
6798.0	0.141841
6799.0	0.1253213
6800.0	0.1340728
6801.0	0.1422925
6802.0	0.1345181
6803.0	0.1405989
6804.0	0.1408689
6805.0	0.1336757
6806.0	0.1361569
6807.0	0.1435682
6808.0	0.1416944
6809.0	0.142632
6810.0	0.1303023
6811.0	0.1265489
6812.0	0.1308297
6813.0	0.1458682
6814.0	0.1244498
6815.0	0.1205864
6816.0	0.1441832
6817.0	0.1297725
6818.0	0.1275396
6819.0	0.1365013
6820.0	0.1336238
6821.0	0.1480819
6822.0	0.1384308
6823.0	0.1232175
6824.0	0.1334245
6825.0	0.1314195
6826.0	0.1429253
6827.0	0.1260273
6828.0	0.1186444
6829.0	0.1214381
6830.0	0.141884
6831.0	0.1397022
6832.0	0.1200006
6833.0	0.1286761
6834.0	0.1220808
6835.0	0.1248872
6836.0	0.1269654
6837.0	0.1311324
6838.0	0.1548044
6839.0	0.1413072
6840.0	0.1504014
6841.0	0.1089154
6842.0	0.1121938
6843.0	0.1297835
6844.0	0.1446512
6845.0	0.131491
6846.0	0.1213609
6847.0	0.1205695
6848.0	0.1256984
6849.0	0.1386539
6850.0	0.1466754
6851.0	0.1338707
6852.0	0.1202513
6853.0	0.1387372
6854.0	0.1373916
6855.0	0.1442386
6856.0	0.1124701
6857.0	0.1016739
6858.0	0.1139899
6859.0	0.1003933
6860.0	0.1259727
6861.0	0.1418166
6862.0	0.1215558
6863.0	0.1145782
6864.0	0.1082244
6865.0	0.1296477
6866.0	0.1303192
6867.0	0.1334687
6868.0	0.1404883
6869.0	0.1280289
6870.0	0.1465938
6871.0	0.1142763
6872.0	0.1494567
6873.0	0.1289933
6874.0	0.1165007
6875.0	0.1152596
6876.0	0.1324417
6877.0	0.1250223
6878.0	0.1296232
6879.0	0.1428239
6880.0	0.1357201
6881.0	0.1148905
6882.0	0.1461737
6883.0	0.1258177
6884.0	0.1159215
6885.0	0.1211871
6886.0	0.1245799
6887.0	0.1244731
6888.0	0.1245119
6889.0	0.1091949
6890.0	0.1191216
6891.0	0.1058821
6892.0	0.1292722
6893.0	0.1428932
6894.0	0.1215554
6895.0	0.101162
6896.0	0.1127038
6897.0	0.1136519
6898.0	0.1351169
6899.0	0.1242371
6900.0	0.1168544
6901.0	0.1343729
6902.0	0.1140675
6903.0	0.1094175
6904.0	0.1380088
6905.0	0.1398479
6906.0	0.1331367
6907.0	0.1192968
6908.0	0.121227
6909.0	0.1282816
6910.0	0.1363678
6911.0	0.1246966
6912.0	0.1269177
6913.0	0.1354088
6914.0	0.1292915
6915.0	0.1110265
6916.0	0.1197637
6917.0	0.09888319
6918.0	0.1017554
6919.0	0.1002304
6920.0	0.1146493
6921.0	0.1096345
6922.0	0.1247987
6923.0	0.1105096
6924.0	0.1046275
6925.0	0.09479938
6926.0	0.1149464
6927.0	0.1227445
6928.0	0.1302433
6929.0	0.1095588
6930.0	0.1256108
6931.0	0.1157726
6932.0	0.1227902
6933.0	0.1331428
6934.0	0.1304123
6935.0	0.1114502
6936.0	0.1277922
6937.0	0.117644
6938.0	0.1223036
6939.0	0.1372667
6940.0	0.09444667
6941.0	0.105073
6942.0	0.1236221
6943.0	0.1149141
6944.0	0.1166534
6945.0	0.1303875
6946.0	0.1299086
6947.0	0.09979425
6948.0	0.1130084
6949.0	0.1236879
6950.0	0.1309971
6951.0	0.1237029
6952.0	0.1378763
6953.0	0.1209719
6954.0	0.09324975
6955.0	0.1148955
6956.0	0.1137132
6957.0	0.1020866
6958.0	0.1148012
6959.0	0.110783
6960.0	0.1082598
6961.0	0.1216608
6962.0	0.1036537
6963.0	0.1090896
6964.0	0.1262323
6965.0	0.1234956
6966.0	0.1075143
6967.0	0.1225203
6968.0	0.1055299
6969.0	0.09898772
6970.0	0.1103992
6971.0	0.1240679
6972.0	0.1110671
6973.0	0.1055553
6974.0	0.116834
6975.0	0.1093431
6976.0	0.1141457
6977.0	0.1116285
6978.0	0.1156996
6979.0	0.1228061
6980.0	0.1026184
6981.0	0.09935173
6982.0	0.1146011
6983.0	0.1189004
6984.0	0.1001692
6985.0	0.111211
6986.0	0.09888662
6987.0	0.1000855
6988.0	0.1180871
6989.0	0.1079438
6990.0	0.1293699
6991.0	0.1384304
6992.0	0.1160797
6993.0	0.1052889
6994.0	0.09431184
6995.0	0.09656777
6996.0	0.1002797
6997.0	0.1042843
6998.0	0.1202928
6999.0	0.1101409
7000.0	0.1110832
7001.0	0.1113422
7002.0	0.1081245
7003.0	0.1182347
7004.0	0.1199781
7005.0	0.1159197
7006.0	0.1089408
7007.0	0.09996571
7008.0	0.09961206
7009.0	0.1116875
7010.0	0.09943512
7011.0	0.09238776
7012.0	0.1075611
7013.0	0.1021972
7014.0	0.09708285
7015.0	0.1169089
7016.0	0.1004112
7017.0	0.09673226
7018.0	0.1062605
7019.0	0.09490599
7020.0	0.09327148
7021.0	0.1147354
7022.0	0.09446714
7023.0	0.09534618
7024.0	0.1003086
7025.0	0.1122145
7026.0	0.1104927
7027.0	0.09868341
7028.0	0.1058366
7029.0	0.1080302
7030.0	0.1098174
7031.0	0.1179912
7032.0	0.1121834
7033.0	0.1124376
7034.0	0.1118141
7035.0	0.1141384
7036.0	0.1236396
7037.0	0.1299965
7038.0	0.1331145
7039.0	0.110806
7040.0	0.1134027
7041.0	0.1124233
7042.0	0.09674906
7043.0	0.1052252
7044.0	0.1185099
7045.0	0.1191651
7046.0	0.1223112
7047.0	0.0963266
7048.0	0.0974018
7049.0	0.1111026
7050.0	0.1097431
7051.0	0.1256633
7052.0	0.1392452
7053.0	0.1087233
7054.0	0.09936186
7055.0	0.09032924
7056.0	0.1025524
7057.0	0.1282135
7058.0	0.1067507
7059.0	0.1166497
7060.0	0.1140731
7061.0	0.08880152
7062.0	0.1184845
7063.0	0.1167404
7064.0	0.1233934
7065.0	0.1182534
