#	 ps16eqv 
#	 UT date of observation: 20161027 
#	 Telescope/Instrument: SALT/RSS 
#	 Estimated Peak MJD: 57683.488 
#	 Estimated redshift: 0.085 
#	 Estimated Phase: 4.2 
#	 Published in Dettman et al. 2020 
#	 Observed barycentric wavelength (Angstroms)    F_lambda
3349.16821289	1.562115e-17
3352.15746617	3.60896e-17
3355.14671946	4.971196e-17
3358.13597274	4.183081e-17
3361.12522602	3.385889e-17
3364.1144793	4.134431e-17
3367.10373259	5.230397e-17
3370.09298587	5.069058e-17
3373.08223915	5.695648e-17
3376.07149243	5.149388e-17
3379.06074572	3.645757e-17
3382.049999	4.617081e-17
3385.03925228	5.709982e-17
3388.02850556	6.082989e-17
3391.01775885	5.940703e-17
3394.00701213	5.398633e-17
3396.99626541	5.106565e-17
3399.98551869	6.000296e-17
3402.97477198	6.620355e-17
3405.96402526	7.020883e-17
3408.95327854	7.777304e-17
3411.94253182	7.984168e-17
3414.93178511	8.527335e-17
3417.92103839	1.088596e-16
3420.91029167	1.060611e-16
3423.89954495	8.934487e-17
3426.88879824	9.144152e-17
3429.87805152	9.93574e-17
3432.8673048	1.024784e-16
3435.85655808	1.001427e-16
3438.84581137	9.666581e-17
3441.83506465	1.021521e-16
3444.82431793	1.167411e-16
3447.81357121	1.170774e-16
3450.8028245	1.095068e-16
3453.79207778	1.236813e-16
3456.78133106	1.161956e-16
3459.77058434	1.245268e-16
3462.75983763	1.250993e-16
3465.74909091	1.211811e-16
3468.73834419	1.345363e-16
3471.72759748	1.276401e-16
3474.71685076	1.26064e-16
3477.70610404	1.197152e-16
3480.69535732	1.248689e-16
3483.68461061	1.256516e-16
3486.67386389	1.245785e-16
3489.66311717	1.158593e-16
3492.65237045	1.066029e-16
3495.64162374	1.113984e-16
3498.63087702	1.237775e-16
3501.6201303	1.273386e-16
3504.60938358	1.20984e-16
3507.59863687	1.147522e-16
3510.58789015	1.215463e-16
3513.57714343	1.323495e-16
3516.56639671	1.262198e-16
3519.55565	1.330579e-16
3522.54490328	1.218335e-16
3525.53415656	1.203168e-16
3528.52340984	1.382538e-16
3531.51266313	1.42727e-16
3534.50191641	1.270266e-16
3537.49116969	1.17524e-16
3540.48042297	1.199828e-16
3543.46967626	1.335866e-16
3546.45892954	1.315667e-16
3549.44818282	1.369544e-16
3552.4374361	1.317785e-16
3555.42668939	1.246906e-16
3558.41594267	1.314769e-16
3561.40519595	1.381719e-16
3564.39444923	1.33291e-16
3567.38370252	1.3744e-16
3570.3729558	1.409489e-16
3573.36220908	1.476981e-16
3576.35146236	1.494025e-16
3579.34071565	1.448395e-16
3582.32996893	1.444387e-16
3585.31922221	1.466923e-16
3588.30847549	1.526352e-16
3591.29772878	1.511187e-16
3594.28698206	1.546253e-16
3597.27623534	1.579149e-16
3600.26548862	1.628523e-16
3603.25474191	1.592224e-16
3606.24399519	1.531388e-16
3609.23324847	1.56363e-16
3612.22250175	1.732893e-16
3615.21175504	1.648382e-16
3618.20100832	1.565276e-16
3621.1902616	1.603944e-16
3624.17951488	1.611926e-16
3627.16876817	1.54808e-16
3630.15802145	1.452434e-16
3633.14727473	1.484731e-16
3636.13652802	1.544084e-16
3639.1257813	1.567565e-16
3642.11503458	1.49044e-16
3645.10428786	1.404111e-16
3648.09354115	1.47198e-16
3651.08279443	1.636789e-16
3654.07204771	1.670825e-16
3657.06130099	1.62362e-16
3660.05055428	1.615585e-16
3663.03980756	1.638925e-16
3666.02906084	1.656451e-16
3669.01831412	1.626274e-16
3672.00756741	1.631744e-16
3674.99682069	1.574151e-16
3677.98607397	1.556555e-16
3680.97532725	1.678712e-16
3683.96458054	1.686208e-16
3686.95383382	1.680929e-16
3689.9430871	1.712856e-16
3692.93234038	1.703969e-16
3695.92159367	1.60867e-16
3698.91084695	1.63608e-16
3701.90010023	1.679574e-16
3704.88935351	1.700337e-16
3707.8786068	1.698033e-16
3710.86786008	1.702106e-16
3713.85711336	1.727064e-16
3716.84636664	1.742529e-16
3719.83561993	1.731283e-16
3722.82487321	1.727872e-16
3725.81412649	1.695008e-16
3728.80337977	1.660987e-16
3731.79263306	1.689229e-16
3734.78188634	1.681089e-16
3737.77113962	1.730291e-16
3740.7603929	1.747236e-16
3743.74964619	1.686333e-16
3746.73889947	1.721278e-16
3749.72815275	1.831808e-16
3752.71740603	1.758932e-16
3755.70665932	1.799851e-16
3758.6959126	1.86174e-16
3761.68516588	1.869327e-16
3764.67441916	1.83838e-16
3767.66367245	1.851749e-16
3770.65292573	1.847032e-16
3773.64217901	1.848497e-16
3776.63143229	1.868766e-16
3779.62068558	1.940316e-16
3782.60993886	1.956551e-16
3785.59919214	1.997329e-16
3788.58844543	2.067401e-16
3791.57769871	2.11543e-16
3794.56695199	2.148211e-16
3797.55620527	2.139356e-16
3800.54545856	2.193583e-16
3803.53471184	2.242005e-16
3806.52396512	2.273192e-16
3809.5132184	2.309658e-16
3812.50247169	2.319256e-16
3815.49172497	2.349572e-16
3818.48097825	2.366079e-16
3821.47023153	2.367198e-16
3824.45948482	2.387219e-16
3827.4487381	2.397987e-16
3830.43799138	2.441919e-16
3833.42724466	2.514072e-16
3836.41649795	2.535627e-16
3839.40575123	2.521385e-16
3842.39500451	2.547162e-16
3845.38425779	2.545169e-16
3848.37351108	2.55714e-16
3851.36276436	2.607536e-16
3854.35201764	2.603402e-16
3857.34127092	2.598084e-16
3860.33052421	2.614845e-16
3863.31977749	2.641056e-16
3866.30903077	2.656969e-16
3869.29828405	2.708105e-16
3872.28753734	2.743727e-16
3875.27679062	2.763184e-16
3878.2660439	2.731626e-16
3881.25529718	2.714835e-16
3884.24455047	2.811448e-16
3887.23380375	2.824424e-16
3890.22305703	2.763999e-16
3893.21231031	2.745289e-16
3896.2015636	2.797199e-16
3899.19081688	2.794533e-16
3902.18007016	2.812791e-16
3905.16932344	2.797553e-16
3908.15857673	2.764797e-16
3911.14783001	2.750662e-16
3914.13708329	2.752725e-16
3917.12633657	2.713374e-16
3920.11558986	2.666703e-16
3923.10484314	2.664599e-16
3926.09409642	2.66404e-16
3929.0833497	2.653584e-16
3932.07260299	2.590088e-16
3935.06185627	2.668692e-16
3938.05110955	2.678515e-16
3941.04036283	2.620486e-16
3944.02961612	2.628745e-16
3947.0188694	2.603574e-16
3950.00812268	2.539282e-16
3952.99737597	2.530417e-16
3955.98662925	2.518503e-16
3958.97588253	2.46317e-16
3961.96513581	2.471258e-16
3964.9543891	2.467743e-16
3967.94364238	2.478022e-16
3970.93289566	2.512835e-16
3973.92214894	2.50037e-16
3976.91140223	2.496009e-16
3979.90065551	2.51526e-16
3982.88990879	2.517472e-16
3985.87916207	2.551181e-16
3988.86841536	2.621348e-16
3991.85766864	2.631027e-16
3994.84692192	2.60757e-16
3997.8361752	2.601305e-16
4000.82542849	2.576369e-16
4003.81468177	2.568085e-16
4006.80393505	2.528525e-16
4009.79318833	2.526686e-16
4012.78244162	2.566604e-16
4015.7716949	2.539417e-16
4018.76094818	2.509582e-16
4021.75020146	2.574444e-16
4024.73945475	2.610417e-16
4027.72870803	2.62856e-16
4030.71796131	2.641776e-16
4033.70721459	2.651187e-16
4036.69646788	2.678685e-16
4039.68572116	2.716154e-16
4042.67497444	2.694765e-16
4045.66422772	2.708653e-16
4048.65348101	2.706037e-16
4051.64273429	2.689815e-16
4054.63198757	2.719937e-16
4057.62124085	2.731963e-16
4060.61049414	2.704405e-16
4063.59974742	2.66817e-16
4066.5890007	2.667672e-16
4069.57825398	2.715886e-16
4072.56750727	2.743663e-16
4075.55676055	2.706908e-16
4078.54601383	2.674413e-16
4081.53526711	2.671146e-16
4084.5245204	2.648025e-16
4087.51377368	2.629143e-16
4090.50302696	2.665208e-16
4093.49228024	2.648579e-16
4096.48153353	2.618211e-16
4099.47078681	2.605575e-16
4102.46004009	2.594005e-16
4105.44929338	2.584361e-16
4108.43854666	2.559865e-16
4111.42779994	2.555103e-16
4114.41705322	2.532288e-16
4117.40630651	2.509382e-16
4120.39555979	2.504821e-16
4123.38481307	2.470345e-16
4126.37406635	2.411816e-16
4129.36331964	2.395243e-16
4132.35257292	2.40248e-16
4135.3418262	2.380825e-16
4138.33107948	2.355149e-16
4141.32033277	2.385843e-16
4144.30958605	2.396921e-16
4147.29883933	2.375229e-16
4150.28809261	2.355414e-16
4153.2773459	2.362382e-16
4156.26659918	2.394423e-16
4159.25585246	2.423883e-16
4162.24510574	2.452308e-16
4165.23435903	2.456846e-16
4168.22361231	2.569469e-16
4171.21286559	2.563945e-16
4174.20211887	2.567017e-16
4177.19137216	2.537897e-16
4180.18062544	2.553282e-16
4183.16987872	2.581374e-16
4186.159132	2.584864e-16
4189.14838529	2.57442e-16
4192.13763857	2.569797e-16
4195.12689185	2.590699e-16
4198.11614513	2.610941e-16
4201.10539842	2.555702e-16
4204.0946517	2.529989e-16
4207.08390498	2.537346e-16
4210.07315826	2.556752e-16
4213.06241155	2.522127e-16
4216.05166483	2.557923e-16
4219.04091811	2.623977e-16
4222.03017139	2.543473e-16
4225.01942468	2.480927e-16
4228.00867796	2.455707e-16
4230.99793124	2.456777e-16
4233.98718452	2.482711e-16
4236.97643781	2.534205e-16
4239.96569109	2.583508e-16
4242.95494437	2.618151e-16
4245.94419765	2.624725e-16
4248.93345094	2.609827e-16
4251.92270422	2.612262e-16
4254.9119575	2.614211e-16
4257.90121078	2.616487e-16
4260.89046407	2.632095e-16
4263.87971735	2.631078e-16
4266.86897063	2.616249e-16
4269.85822392	2.606354e-16
4272.8474772	2.619514e-16
4275.83673048	2.643418e-16
4278.82598376	2.637601e-16
4281.81523705	2.643996e-16
4284.80449033	2.652517e-16
4287.79374361	2.642609e-16
4290.78299689	2.624134e-16
4293.77225018	2.592047e-16
4296.76150346	2.556613e-16
4299.75075674	2.549516e-16
4302.74001002	2.530763e-16
4305.72926331	2.502351e-16
4308.71851659	2.523785e-16
4311.70776987	2.553924e-16
4314.69702315	2.563525e-16
4317.68627644	2.59293e-16
4320.67552972	2.608274e-16
4323.664783	2.60584e-16
4326.65403628	2.613369e-16
4329.64328957	2.597627e-16
4332.63254285	2.634761e-16
4335.62179613	2.748172e-16
4338.61104941	2.740799e-16
4341.6003027	2.715727e-16
4344.58955598	2.63216e-16
4347.57880926	2.616229e-16
4350.56806254	2.656398e-16
4353.55731583	2.676688e-16
4356.54656911	2.688831e-16
4359.53582239	2.716417e-16
4362.52507567	2.708516e-16
4365.51432896	2.718196e-16
4368.50358224	2.747204e-16
4371.49283552	2.763738e-16
4374.4820888	2.757619e-16
4377.47134209	2.767382e-16
4380.46059537	2.766316e-16
4383.44984865	2.767849e-16
4386.43910193	2.730548e-16
4389.42835522	2.715272e-16
4392.4176085	2.741263e-16
4395.40686178	2.724275e-16
4398.39611506	2.70584e-16
4401.38536835	2.669546e-16
4404.37462163	2.649715e-16
4407.36387491	2.658168e-16
4410.35312819	2.633507e-16
4413.34238148	2.603429e-16
4416.33163476	2.587799e-16
4419.32088804	2.579967e-16
4422.31014133	2.556602e-16
4425.29939461	2.526898e-16
4428.28864789	2.514607e-16
4431.27790117	2.508387e-16
4434.26715446	2.4696e-16
4437.25640774	2.452885e-16
4440.24566102	2.451666e-16
4443.2349143	2.426995e-16
4446.22416759	2.428355e-16
4449.21342087	2.387327e-16
4452.20267415	2.38181e-16
4455.19192743	2.385678e-16
4458.18118072	2.385916e-16
4461.170434	2.397001e-16
4464.15968728	2.385748e-16
4467.14894056	2.3934e-16
4470.13819385	2.422878e-16
4473.12744713	2.44836e-16
4476.11670041	2.464834e-16
4479.10595369	2.462314e-16
4482.09520698	2.480234e-16
4485.08446026	2.485357e-16
4488.07371354	2.50596e-16
4491.06296682	2.550544e-16
4494.05222011	2.575704e-16
4497.04147339	2.613815e-16
4500.03072667	2.649673e-16
4503.01997995	2.520716e-16
4506.00923324	2.518292e-16
4508.99848652	2.525788e-16
4511.9877398	2.494427e-16
4514.97699308	2.473617e-16
4517.96624637	2.48255e-16
4520.95549965	2.442881e-16
4523.94475293	2.408756e-16
4526.93400621	2.443512e-16
4529.9232595	2.423406e-16
4532.91251278	2.345915e-16
4535.90176606	2.334458e-16
4538.89101934	2.330286e-16
4541.88027263	2.305308e-16
4544.86952591	2.303812e-16
4547.85877919	2.28995e-16
4550.84803247	2.248118e-16
4553.83728576	2.277486e-16
4556.82653904	2.262042e-16
4559.81579232	2.230581e-16
4562.8050456	2.242275e-16
4565.79429889	2.192638e-16
4568.78355217	2.195761e-16
4571.77280545	2.186592e-16
4574.76205873	2.171835e-16
4577.75131202	2.144093e-16
4580.7405653	2.065628e-16
4583.72981858	2.075344e-16
4586.71907187	2.060271e-16
4589.70832515	2.010306e-16
4592.69757843	2.001987e-16
4595.68683171	1.982091e-16
4598.676085	1.977124e-16
4601.66533828	1.944873e-16
4604.65459156	1.924464e-16
4607.64384484	1.904267e-16
4610.63309813	1.902284e-16
4613.62235141	1.886855e-16
4616.61160469	1.866606e-16
4619.60085797	1.812753e-16
4622.59011126	1.83361e-16
4625.57936454	1.832314e-16
4628.56861782	1.798909e-16
4631.5578711	1.834653e-16
4634.54712439	1.823459e-16
4637.53637767	1.780865e-16
4640.52563095	1.801788e-16
4643.51488423	1.801777e-16
4646.50413752	1.774553e-16
4649.4933908	1.805818e-16
4652.48264408	1.842244e-16
4655.47189736	1.849985e-16
4658.46115065	1.831374e-16
4661.45040393	1.859018e-16
4664.43965721	1.853631e-16
4667.42891049	1.848689e-16
4670.41816378	1.769033e-16
4673.40741706	1.767601e-16
4676.39667034	1.782458e-16
4679.38592362	1.805356e-16
4682.37517691	1.824303e-16
4685.36443019	1.842386e-16
4688.35368347	1.852023e-16
4691.34293675	1.865784e-16
4694.33219004	1.876972e-16
4697.32144332	1.882361e-16
4700.3106966	1.869861e-16
4703.29994988	1.898509e-16
4706.28920317	1.903795e-16
4709.27845645	1.910985e-16
4712.26770973	1.930661e-16
4715.25696301	1.935868e-16
4718.2462163	1.949929e-16
4721.23546958	1.966191e-16
4724.22472286	1.990351e-16
4727.21397614	2.022573e-16
4730.20322943	2.030877e-16
4733.19248271	2.033262e-16
4736.18173599	2.063819e-16
4739.17098927	2.088322e-16
4742.16024256	2.101134e-16
4745.14949584	2.110238e-16
4748.13874912	2.122087e-16
4751.12800241	2.113379e-16
4754.11725569	2.135732e-16
4757.10650897	2.152568e-16
4760.09576225	2.167313e-16
4763.08501554	2.19199e-16
4766.07426882	2.18765e-16
4769.0635221	2.191811e-16
4772.05277538	2.227773e-16
4775.04202867	2.226547e-16
4778.03128195	2.22776e-16
4781.02053523	2.221933e-16
4784.00978851	2.234575e-16
4786.9990418	2.258056e-16
4789.98829508	2.259245e-16
4792.97754836	2.246314e-16
4795.96680164	2.255184e-16
4798.95605493	2.291612e-16
4801.94530821	2.314968e-16
4804.93456149	2.333758e-16
4807.92381477	2.355341e-16
4810.91306806	2.350658e-16
4813.90232134	2.345826e-16
4816.89157462	2.319063e-16
4819.8808279	2.354746e-16
4822.87008119	2.378087e-16
4825.85933447	2.350561e-16
4828.84858775	2.366272e-16
4831.83784103	2.393306e-16
4834.82709432	2.397976e-16
4837.8163476	2.402586e-16
4840.80560088	2.391605e-16
4843.79485416	2.412202e-16
4846.78410745	2.406625e-16
4849.77336073	2.383391e-16
4852.76261401	2.390843e-16
4855.75186729	2.412876e-16
4858.74112058	2.407635e-16
4861.73037386	2.400827e-16
4864.71962714	2.376006e-16
4867.70888042	2.365885e-16
4870.69813371	2.382333e-16
4873.68738699	2.383453e-16
4876.67664027	2.365507e-16
4879.66589355	2.375225e-16
4882.65514684	2.400064e-16
4885.64440012	2.386778e-16
4888.6336534	2.372702e-16
4891.62290668	2.363721e-16
4894.61215997	2.35327e-16
4897.60141325	2.341747e-16
4900.59066653	2.333582e-16
4903.57991982	2.353452e-16
4906.5691731	2.36082e-16
4909.55842638	2.351164e-16
4912.54767966	2.341707e-16
4915.53693295	2.314558e-16
4918.52618623	2.329775e-16
4921.51543951	2.355855e-16
4924.50469279	2.440851e-16
4927.49394608	2.533993e-16
4930.48319936	2.335338e-16
4933.47245264	2.275485e-16
4936.46170592	2.342126e-16
4939.45095921	2.345923e-16
4942.44021249	2.372783e-16
4945.42946577	2.405782e-16
4948.41871905	2.397218e-16
4951.40797234	2.406126e-16
4954.39722562	2.414806e-16
4957.3864789	2.415565e-16
4960.37573218	2.429564e-16
4963.36498547	2.447499e-16
4966.35423875	2.459289e-16
4969.34349203	2.462432e-16
4972.33274531	2.419674e-16
4975.3219986	2.409742e-16
4978.31125188	2.443522e-16
4981.30050516	2.424155e-16
4984.28975844	2.417016e-16
4987.27901173	2.427212e-16
4990.26826501	2.416448e-16
4993.25751829	2.401665e-16
4996.24677157	2.392201e-16
4999.23602486	2.384116e-16
5002.22527814	2.379871e-16
5005.21453142	2.377974e-16
5008.2037847	2.356376e-16
5011.19303799	2.341263e-16
5014.18229127	2.309017e-16
5017.17154455	2.293169e-16
5020.16079783	2.299577e-16
5023.15005112	2.282009e-16
5026.1393044	2.239081e-16
5029.12855768	2.20906e-16
5032.11781096	2.206933e-16
5035.10706425	2.213817e-16
5038.09631753	2.188511e-16
5041.08557081	2.163585e-16
5044.07482409	2.138355e-16
5047.06407738	2.091293e-16
5050.05333066	2.095404e-16
5053.04258394	2.081166e-16
5056.03183722	2.028474e-16
5059.02109051	2.027761e-16
5062.01034379	2.038338e-16
5064.99959707	2.026857e-16
5067.98885036	1.99226e-16
5070.97810364	1.979162e-16
5073.96735692	1.98511e-16
5076.9566102	1.9822e-16
5079.94586349	1.953398e-16
5082.93511677	1.940115e-16
5085.92437005	1.947243e-16
5088.91362333	1.968915e-16
5091.90287662	1.955683e-16
5094.8921299	1.938653e-16
5097.88138318	1.923373e-16
5100.87063646	1.952142e-16
5103.85988975	2.006332e-16
5106.84914303	1.989823e-16
5109.83839631	1.974799e-16
5112.82764959	1.949036e-16
5115.81690288	1.93252e-16
5118.80615616	1.917164e-16
5121.79540944	1.911382e-16
5124.78466272	1.903662e-16
5127.77391601	1.867735e-16
5130.76316929	1.848557e-16
5133.75242257	1.87183e-16
5136.74167585	1.855434e-16
5139.73092914	1.834921e-16
5142.72018242	1.836924e-16
5145.7094357	1.823004e-16
5148.69868898	1.851468e-16
5151.68794227	1.842216e-16
5154.67719555	1.803704e-16
5157.66644883	1.807047e-16
5160.65570211	1.822851e-16
5163.6449554	1.79799e-16
5166.63420868	1.821234e-16
5169.62346196	1.827523e-16
5172.61271524	1.805955e-16
5175.60196853	1.787902e-16
5178.59122181	1.796061e-16
5181.58047509	1.799718e-16
5184.56972837	1.76412e-16
5187.55898166	1.764608e-16
5190.54823494	1.784246e-16
5193.53748822	1.763943e-16
5196.5267415	1.737147e-16
5199.51599479	1.744703e-16
5202.50524807	1.755425e-16
5205.49450135	1.747236e-16
5208.48375463	1.726489e-16
5211.47300792	1.741689e-16
5214.4622612	1.720098e-16
5217.45151448	1.702651e-16
5220.44076777	1.731032e-16
5223.43002105	1.729246e-16
5226.41927433	1.725371e-16
5229.40852761	1.727235e-16
5232.3977809	1.721326e-16
5235.38703418	1.722525e-16
5238.37628746	1.69919e-16
5241.36554074	1.682256e-16
5244.35479403	1.69176e-16
5247.34404731	1.713776e-16
5250.33330059	1.71515e-16
5253.32255387	1.719495e-16
5256.31180716	1.728079e-16
5259.30106044	1.735969e-16
5262.29031372	1.725993e-16
5265.279567	1.707971e-16
5268.26882029	1.739782e-16
5271.25807357	1.763423e-16
5274.24732685	1.722464e-16
5277.23658013	1.691147e-16
5280.22583342	1.695857e-16
5283.2150867	1.71562e-16
5286.20433998	1.704207e-16
5289.19359326	1.684109e-16
5292.18284655	1.653957e-16
5295.17209983	1.667034e-16
5298.16135311	1.662355e-16
5301.15060639	1.662151e-16
5304.13985968	1.658556e-16
5307.12911296	1.654966e-16
5310.11836624	1.623128e-16
5313.10761952	1.611316e-16
5316.09687281	1.586995e-16
5319.08612609	1.605441e-16
5322.07537937	1.610208e-16
5325.06463265	1.583945e-16
5328.05388594	1.566124e-16
5331.04313922	1.542938e-16
5334.0323925	1.513068e-16
5337.02164578	1.487141e-16
5340.01089907	1.48213e-16
5343.00015235	1.481496e-16
5345.98940563	1.463851e-16
5348.97865891	1.442505e-16
5351.9679122	1.438855e-16
5354.95716548	1.44257e-16
5357.94641876	1.442263e-16
5360.93567204	1.429039e-16
5363.92492533	1.404259e-16
5366.91417861	1.397577e-16
5369.90343189	1.413796e-16
5372.89268517	1.411692e-16
5375.88193846	1.392074e-16
5378.87119174	1.371169e-16
5381.86044502	1.357802e-16
5384.84969831	1.35965e-16
5387.83895159	1.35947e-16
5390.82820487	1.343348e-16
5393.81745815	1.337855e-16
5396.80671144	1.345634e-16
5399.79596472	1.347091e-16
5402.785218	1.353844e-16
5405.77447128	1.364239e-16
5408.76372457	1.376866e-16
5411.75297785	1.38795e-16
5414.74223113	1.367468e-16
5417.73148441	1.385648e-16
5420.7207377	1.409624e-16
5423.70999098	1.416594e-16
5426.69924426	1.431435e-16
5429.68849754	1.442215e-16
5432.67775083	1.439785e-16
5435.66700411	1.445856e-16
5438.65625739	1.462705e-16
5441.64551067	1.465784e-16
5444.63476396	1.466406e-16
5447.62401724	1.488364e-16
5450.61327052	1.504521e-16
5453.6025238	1.520748e-16
5456.59177709	1.533218e-16
5459.58103037	1.54939e-16
5462.57028365	1.567814e-16
5465.55953693	1.59351e-16
5468.54879022	1.595704e-16
5471.5380435	1.607893e-16
5474.52729678	1.631832e-16
5477.51655006	1.651668e-16
5480.50580335	1.678693e-16
5483.49505663	1.687295e-16
5486.48430991	1.699686e-16
5489.47356319	1.705657e-16
5492.46281648	1.717981e-16
5495.45206976	1.743339e-16
5498.44132304	1.757288e-16
5501.43057632	1.764959e-16
5504.41982961	1.766305e-16
5507.40908289	1.763392e-16
5510.39833617	1.776526e-16
5513.38758945	1.779907e-16
5516.37684274	1.808288e-16
5519.36609602	1.806714e-16
5522.3553493	1.813638e-16
5525.34460258	1.840222e-16
5528.33385587	1.816198e-16
5531.32310915	1.814905e-16
5534.31236243	1.818888e-16
5537.30161572	1.82747e-16
5540.290869	1.832737e-16
5543.28012228	1.842152e-16
5546.26937556	1.826025e-16
5549.25862885	1.824954e-16
5552.24788213	1.83186e-16
5555.23713541	1.825714e-16
5558.22638869	1.83025e-16
5561.21564198	1.833641e-16
5564.20489526	1.827517e-16
5567.19414854	1.748111e-16
5570.18340182	1.700126e-16
5573.17265511	1.71771e-16
5576.16190839	1.685085e-16
5579.15116167	1.756072e-16
5582.14041495	1.754168e-16
5585.12966824	1.746731e-16
5588.11892152	1.76358e-16
5591.1081748	1.791933e-16
5594.09742808	1.800324e-16
5597.08668137	1.815242e-16
5600.07593465	1.821252e-16
5603.06518793	1.811451e-16
5606.05444121	1.821794e-16
5609.0436945	1.831819e-16
5612.03294778	1.805556e-16
5615.02220106	1.77874e-16
5618.01145434	1.783109e-16
5621.00070763	1.799719e-16
5623.98996091	1.788072e-16
5626.97921419	1.791599e-16
5629.96846747	1.811375e-16
5632.95772076	1.809019e-16
5635.94697404	1.79358e-16
5638.93622732	1.812446e-16
5641.9254806	1.804166e-16
5644.91473389	1.792978e-16
5647.90398717	1.783988e-16
5650.89324045	1.768124e-16
5653.88249373	1.770423e-16
5656.87174702	1.767842e-16
5659.8610003	1.764305e-16
5662.85025358	1.763793e-16
5665.83950686	1.75226e-16
5668.82876015	1.736828e-16
5671.81801343	1.742306e-16
5674.80726671	1.73856e-16
5677.79651999	1.74255e-16
5680.78577328	1.728263e-16
5683.77502656	1.733705e-16
5686.76427984	1.744582e-16
5689.75353312	1.73172e-16
5692.74278641	1.698025e-16
5695.73203969	1.67866e-16
5698.72129297	1.68643e-16
5701.71054626	1.674166e-16
5704.69979954	1.676828e-16
5707.68905282	1.649349e-16
5710.6783061	1.614254e-16
5713.66755939	1.620034e-16
5716.65681267	1.611036e-16
5719.64606595	1.575998e-16
5722.63531923	1.591965e-16
5725.62457252	1.575214e-16
5728.6138258	1.57209e-16
5731.60307908	1.573002e-16
5734.59233236	1.549082e-16
5737.58158565	1.529421e-16
5740.57083893	1.534469e-16
5743.56009221	1.520942e-16
5746.54934549	1.507182e-16
5749.53859878	1.524753e-16
5752.52785206	1.529096e-16
5755.51710534	1.520205e-16
5758.50635862	1.496326e-16
5761.49561191	1.503021e-16
5764.48486519	1.508781e-16
5767.47411847	1.530727e-16
5770.46337175	1.52027e-16
5773.45262504	1.503032e-16
5776.44187832	1.520373e-16
5779.4311316	1.509886e-16
5782.42038488	1.505964e-16
5785.40963817	1.505578e-16
5788.39889145	1.494899e-16
5791.38814473	1.494476e-16
5794.37739801	1.518261e-16
5797.3666513	1.519588e-16
5800.35590458	1.517859e-16
5803.34515786	1.517834e-16
5806.33441114	1.522963e-16
5809.32366443	1.533917e-16
5812.31291771	1.553171e-16
5815.30217099	1.538512e-16
5818.29142427	1.533867e-16
5821.28067756	1.550337e-16
5824.26993084	1.523616e-16
5827.25918412	1.517494e-16
5830.2484374	1.53828e-16
5833.23769069	1.543047e-16
5836.22694397	1.55323e-16
5839.21619725	1.54483e-16
5842.20545053	1.543957e-16
5845.19470382	1.556019e-16
5848.1839571	1.538869e-16
5851.17321038	1.53263e-16
5854.16246367	1.542524e-16
5857.15171695	1.527799e-16
5860.14097023	1.518853e-16
5863.13022351	1.51316e-16
5866.1194768	1.503672e-16
5869.10873008	1.496213e-16
5872.09798336	1.48261e-16
5875.08723664	1.487821e-16
5878.07648993	1.492371e-16
5881.06574321	1.475404e-16
5884.05499649	1.462554e-16
5887.04424977	1.471125e-16
5890.03350306	1.45359e-16
5893.02275634	1.448812e-16
5896.01200962	1.451189e-16
5899.0012629	1.468071e-16
5901.99051619	1.477188e-16
5904.97976947	1.466131e-16
5907.96902275	1.497986e-16
5910.95827603	1.483242e-16
5913.94752932	1.483049e-16
5916.9367826	1.496358e-16
5919.92603588	1.523661e-16
5922.91528916	1.512147e-16
5925.90454245	1.502818e-16
5928.89379573	1.52192e-16
5931.88304901	1.528527e-16
5934.87230229	1.537894e-16
5937.86155558	1.527623e-16
5940.85080886	1.52867e-16
5943.84006214	1.532932e-16
5946.82931542	1.548455e-16
5949.81856871	1.51984e-16
5952.80782199	1.524837e-16
5955.79707527	1.557737e-16
5958.78632855	1.551539e-16
5961.77558184	1.533617e-16
5964.76483512	1.553811e-16
5967.7540884	1.548848e-16
5970.74334168	1.542222e-16
5973.73259497	1.554971e-16
5976.72184825	1.564299e-16
5979.71110153	1.55863e-16
5982.70035481	1.574089e-16
5985.6896081	1.588298e-16
5988.67886138	1.585725e-16
5991.66811466	1.576726e-16
5994.65736794	1.60079e-16
5997.64662123	1.619941e-16
6000.63587451	1.621053e-16
6003.62512779	1.613541e-16
6006.61438107	1.632322e-16
6009.60363436	1.619957e-16
6012.59288764	1.623148e-16
6015.58214092	1.633728e-16
6018.57139421	1.642442e-16
6021.56064749	1.626141e-16
6024.54990077	1.637943e-16
6027.53915405	1.61665e-16
6030.52840734	1.643185e-16
6033.51766062	1.641346e-16
6036.5069139	1.652217e-16
6039.49616718	1.659398e-16
6042.48542047	1.657068e-16
6045.47467375	1.650977e-16
6048.46392703	1.648778e-16
6051.45318031	1.644347e-16
6054.4424336	1.63136e-16
6057.43168688	1.627162e-16
6060.42094016	1.632629e-16
6063.41019344	1.616672e-16
6066.39944673	1.624785e-16
6069.38870001	1.635313e-16
6072.37795329	1.61163e-16
6075.36720657	1.604914e-16
6078.35645986	1.603747e-16
6081.34571314	1.599834e-16
6084.33496642	1.619985e-16
6087.3242197	1.586554e-16
6090.31347299	1.583929e-16
6093.30272627	1.606725e-16
6096.29197955	1.594354e-16
6099.28123283	1.56552e-16
6102.27048612	1.555444e-16
6105.2597394	1.559631e-16
6108.24899268	1.564542e-16
6111.23824596	1.567764e-16
6114.22749925	1.560014e-16
6117.21675253	1.554243e-16
6120.20600581	1.553059e-16
6123.19525909	1.524843e-16
6126.18451238	1.529309e-16
6129.17376566	1.54388e-16
6132.16301894	1.542782e-16
6135.15227222	1.538238e-16
6138.14152551	1.514339e-16
6141.13077879	1.504159e-16
6144.12003207	1.514346e-16
6147.10928535	1.520879e-16
6150.09853864	1.508198e-16
6153.08779192	1.506913e-16
6156.0770452	1.521919e-16
6159.06629848	1.537609e-16
6162.05555177	1.523874e-16
6165.04480505	1.520077e-16
6168.03405833	1.529277e-16
6171.02331162	1.526522e-16
6174.0125649	1.512585e-16
6177.00181818	1.504311e-16
6179.99107146	1.499145e-16
6182.98032475	1.50342e-16
6185.96957803	1.510114e-16
6188.95883131	1.497933e-16
6191.94808459	1.505878e-16
6194.93733788	1.494421e-16
6197.92659116	1.492292e-16
6200.91584444	1.496497e-16
6203.90509772	1.464423e-16
6206.89435101	1.461924e-16
6209.88360429	1.479476e-16
6212.87285757	1.504291e-16
6215.86211085	1.495859e-16
6218.85136414	1.481417e-16
6221.84061742	1.503593e-16
6224.8298707	1.491811e-16
6227.81912398	1.513905e-16
6230.80837727	1.515031e-16
6233.79763055	1.519822e-16
6236.78688383	1.525589e-16
6239.77613711	1.520738e-16
6242.7653904	1.502279e-16
6245.75464368	1.484105e-16
6248.74389696	1.507854e-16
6251.73315024	1.503765e-16
6254.72240353	1.492433e-16
6257.71165681	1.507919e-16
6260.70091009	1.518109e-16
6263.69016337	1.516746e-16
6266.67941666	1.516413e-16
6269.66866994	1.527352e-16
6272.65792322	1.512701e-16
6275.6471765	1.506106e-16
6278.63642979	1.486163e-16
6281.62568307	1.502563e-16
6284.61493635	1.501482e-16
6287.60418963	1.483362e-16
6290.59344292	1.465796e-16
6293.5826962	1.476256e-16
6296.57194948	1.47735e-16
6299.56120276	1.49538e-16
6302.55045605	1.501366e-16
6305.53970933	1.511943e-16
6308.52896261	1.501289e-16
6311.51821589	1.519096e-16
6314.50746918	1.530806e-16
6317.49672246	1.550854e-16
6320.48597574	1.531353e-16
6323.47522902	1.527903e-16
6326.46448231	1.539545e-16
6329.45373559	1.545235e-16
6332.44298887	1.531722e-16
6335.43224216	1.543794e-16
6338.42149544	1.514844e-16
6341.41074872	1.504675e-16
6344.400002	1.529137e-16
6347.38925529	1.519506e-16
6350.37850857	1.541282e-16
6353.36776185	1.511571e-16
6356.35701513	1.514416e-16
6359.34626842	1.514264e-16
6362.3355217	1.512304e-16
6365.32477498	1.52985e-16
6368.31402826	1.520319e-16
6371.30328155	1.539116e-16
6374.29253483	1.525906e-16
6377.28178811	1.511428e-16
6380.27104139	1.525134e-16
6383.26029468	1.53392e-16
6386.24954796	1.535053e-16
6389.23880124	1.518341e-16
6392.22805452	1.48936e-16
6395.21730781	1.502659e-16
6398.20656109	1.505355e-16
6401.19581437	1.488499e-16
6404.18506765	1.487258e-16
6407.17432094	1.487303e-16
6410.16357422	1.497349e-16
6413.1528275	1.514139e-16
6416.14208078	1.511498e-16
6419.13133407	1.502754e-16
6422.12058735	1.512068e-16
6425.10984063	1.511606e-16
6428.09909391	1.514422e-16
6431.0883472	1.521702e-16
6434.07760048	1.520006e-16
6437.06685376	1.515793e-16
6440.05610704	1.499443e-16
6443.04536033	1.489283e-16
6446.03461361	1.486618e-16
6449.02386689	1.510891e-16
6452.01312017	1.496574e-16
6455.00237346	1.496905e-16
6457.99162674	1.498775e-16
6460.98088002	1.497999e-16
6463.9701333	1.498068e-16
6466.95938659	1.458499e-16
6469.94863987	1.462205e-16
6472.93789315	1.458519e-16
6475.92714643	1.464662e-16
6478.91639972	1.442328e-16
6481.905653	1.437503e-16
6484.89490628	1.45912e-16
6487.88415956	1.465247e-16
6490.87341285	1.455807e-16
6493.86266613	1.459523e-16
6496.85191941	1.446159e-16
6499.8411727	1.456243e-16
6502.83042598	1.449025e-16
6505.81967926	1.450199e-16
6508.80893254	1.435798e-16
6511.79818583	1.436862e-16
6514.78743911	1.436514e-16
6517.77669239	1.412381e-16
6520.76594567	1.43031e-16
6523.75519896	1.42041e-16
6526.74445224	1.414673e-16
6529.73370552	1.399881e-16
6532.7229588	1.417271e-16
6535.71221209	1.422963e-16
6538.70146537	1.408307e-16
6541.69071865	1.389613e-16
6544.67997193	1.385939e-16
6547.66922522	1.38707e-16
6550.6584785	1.39309e-16
6553.64773178	1.388437e-16
6556.63698506	1.377809e-16
6559.62623835	1.377208e-16
6562.61549163	1.371493e-16
6565.60474491	1.362226e-16
6568.59399819	1.364325e-16
6571.58325148	1.352889e-16
6574.57250476	1.352988e-16
6577.56175804	1.34662e-16
6580.55101132	1.333743e-16
6583.54026461	1.322499e-16
6586.52951789	1.316762e-16
6589.51877117	1.316071e-16
6592.50802445	1.303733e-16
6595.49727774	1.301629e-16
6598.48653102	1.2878e-16
6601.4757843	1.256653e-16
6604.46503758	1.248187e-16
6607.45429087	1.249068e-16
6610.44354415	1.240521e-16
6613.43279743	1.23743e-16
6616.42205071	1.23452e-16
6619.411304	1.210375e-16
6622.40055728	1.20161e-16
6625.38981056	1.194938e-16
6628.37906384	1.195756e-16
6631.36831713	1.177344e-16
6634.35757041	1.188636e-16
6637.34682369	1.189028e-16
6640.33607697	1.185895e-16
6643.32533026	1.183128e-16
6646.31458354	1.192848e-16
6649.30383682	1.200916e-16
6652.29309011	1.214902e-16
6655.28234339	1.202878e-16
6658.27159667	1.195003e-16
6661.26084995	1.176001e-16
6664.25010324	1.188986e-16
6667.23935652	1.187452e-16
6670.2286098	1.184597e-16
6673.21786308	1.186162e-16
6676.20711637	1.181568e-16
6679.19636965	1.185217e-16
6682.18562293	1.170372e-16
6685.17487621	1.163396e-16
6688.1641295	1.162296e-16
6691.15338278	1.165633e-16
6694.14263606	1.15596e-16
6697.13188934	1.171218e-16
6700.12114263	1.176064e-16
6703.11039591	1.171942e-16
6706.09964919	1.169664e-16
6709.08890247	1.169661e-16
6712.07815576	1.172613e-16
6715.06740904	1.185794e-16
6718.05666232	1.191444e-16
6721.0459156	1.194109e-16
6724.03516889	1.189349e-16
6727.02442217	1.200763e-16
6730.01367545	1.207734e-16
6733.00292873	1.200861e-16
6735.99218202	1.179462e-16
6738.9814353	1.19469e-16
6741.97068858	1.205161e-16
6744.95994186	1.187362e-16
6747.94919515	1.200846e-16
6750.93844843	1.185567e-16
6753.92770171	1.167323e-16
6756.91695499	1.178932e-16
6759.90620828	1.179737e-16
6762.89546156	1.194022e-16
6765.88471484	1.192151e-16
6768.87396812	1.173851e-16
6771.86322141	1.180429e-16
6774.85247469	1.171803e-16
6777.84172797	1.165075e-16
6780.83098125	1.166454e-16
6783.82023454	1.173214e-16
6786.80948782	1.180195e-16
6789.7987411	1.173179e-16
6792.78799438	1.166659e-16
6795.77724767	1.171537e-16
6798.76650095	1.167084e-16
6801.75575423	1.166955e-16
6804.74500751	1.155719e-16
6807.7342608	1.17011e-16
6810.72351408	1.173155e-16
6813.71276736	1.168979e-16
6816.70202065	1.160894e-16
6819.69127393	1.157756e-16
6822.68052721	1.150253e-16
6825.66978049	1.15335e-16
6828.65903378	1.126178e-16
6831.64828706	1.122867e-16
6834.63754034	1.138227e-16
6837.62679362	1.131773e-16
6840.61604691	1.117268e-16
6843.60530019	1.115077e-16
6846.59455347	1.112887e-16
6849.58380675	1.110696e-16
6852.57306004	1.108506e-16
6855.56231332	1.106315e-16
6858.5515666	1.104124e-16
6861.54081988	1.101934e-16
6864.53007317	1.099743e-16
6867.51932645	1.097553e-16
6870.50857973	1.095362e-16
6873.49783301	1.093172e-16
6876.4870863	1.090981e-16
6879.47633958	1.08879e-16
6882.46559286	1.0866e-16
6885.45484614	1.084409e-16
6888.44409943	1.082219e-16
6891.43335271	1.080028e-16
6894.42260599	1.077838e-16
6897.41185927	1.075647e-16
6900.40111256	1.073457e-16
6903.39036584	1.071266e-16
6906.37961912	1.069076e-16
6909.3688724	1.066885e-16
6912.35812569	1.064695e-16
6915.34737897	1.062504e-16
6918.33663225	1.060313e-16
6921.32588553	1.058123e-16
6924.31513882	1.055932e-16
6927.3043921	1.053742e-16
6930.29364538	1.051551e-16
6933.28289866	1.049361e-16
6936.27215195	1.04717e-16
6939.26140523	1.04498e-16
6942.25065851	1.042789e-16
6945.23991179	1.040598e-16
6948.22916508	1.038408e-16
6951.21841836	1.036217e-16
6954.20767164	1.034027e-16
6957.19692492	1.031836e-16
6960.18617821	1.029646e-16
6963.17543149	1.027455e-16
6966.16468477	1.025264e-16
6969.15393806	1.023074e-16
6972.14319134	1.012877e-16
6975.13244462	1.013411e-16
6978.1216979	1.019157e-16
6981.11095119	1.015995e-16
6984.10020447	1.021558e-16
6987.08945775	1.014429e-16
6990.07871103	9.997251e-17
6993.06796432	9.868954e-17
6996.0572176	9.935711e-17
6999.04647088	9.997752e-17
7002.03572416	9.845699e-17
7005.02497745	9.947452e-17
7008.01423073	1.006512e-16
7011.00348401	1.000198e-16
7013.99273729	1.003204e-16
7016.98199058	1.000672e-16
7019.97124386	9.904256e-17
7022.96049714	9.978343e-17
7025.94975042	9.917388e-17
7028.93900371	9.863233e-17
7031.92825699	9.836747e-17
7034.91751027	9.862476e-17
7037.90676355	9.924615e-17
7040.89601684	9.881594e-17
7043.88527012	9.724135e-17
7046.8745234	9.651193e-17
7049.86377668	9.726896e-17
7052.85302997	9.738198e-17
7055.84228325	9.738675e-17
7058.83153653	9.750791e-17
7061.82078981	9.689711e-17
7064.8100431	9.711821e-17
7067.79929638	9.591052e-17
7070.78854966	9.686919e-17
7073.77780294	9.764583e-17
7076.76705623	9.807603e-17
7079.75630951	9.641536e-17
7082.74556279	9.588634e-17
7085.73481607	9.736117e-17
7088.72406936	9.719456e-17
7091.71332264	9.712745e-17
7094.70257592	9.557179e-17
7097.6918292	9.588518e-17
7100.68108249	9.760917e-17
7103.67033577	9.684833e-17
7106.65958905	9.640094e-17
7109.64884233	9.72241e-17
7112.63809562	9.909995e-17
7115.6273489	9.961825e-17
7118.61660218	9.867125e-17
7121.60585546	9.827729e-17
7124.59510875	9.652187e-17
7127.58436203	9.660738e-17
7130.57361531	9.718652e-17
7133.5628686	9.651346e-17
7136.55212188	9.568066e-17
7139.54137516	9.454962e-17
7142.53062844	9.323662e-17
7145.51988173	9.261145e-17
7148.50913501	9.41233e-17
7151.49838829	9.507231e-17
7154.48764157	9.367335e-17
7157.47689486	9.08079e-17
7160.46614814	8.829739e-17
7163.45540142	8.842514e-17
7166.4446547	8.799214e-17
7169.43390799	8.487935e-17
7172.42316127	8.45279e-17
7175.41241455	8.293431e-17
7178.40166783	8.162795e-17
7181.39092112	8.042676e-17
7184.3801744	8.190423e-17
7187.36942768	8.092624e-17
7190.35868096	7.908759e-17
7193.34793425	7.952612e-17
7196.33718753	8.02819e-17
7199.32644081	8.041937e-17
7202.31569409	8.204732e-17
7205.30494738	8.287239e-17
7208.29420066	8.290903e-17
7211.28345394	8.23403e-17
7214.27270722	8.245249e-17
7217.26196051	8.342944e-17
7220.25121379	8.595059e-17
7223.24046707	8.529568e-17
7226.22972035	8.30862e-17
7229.21897364	8.229822e-17
7232.20822692	8.231464e-17
7235.1974802	8.122769e-17
7238.18673348	7.919241e-17
7241.17598677	7.990915e-17
7244.16524005	7.892612e-17
7247.15449333	7.90649e-17
7250.14374661	7.521151e-17
7253.1329999	7.517755e-17
7256.12225318	7.676458e-17
7259.11150646	7.721656e-17
7262.10075974	7.885047e-17
7265.09001303	7.734787e-17
7268.07926631	7.760201e-17
7271.06851959	7.755184e-17
7274.05777287	7.740501e-17
7277.04702616	7.475476e-17
7280.03627944	7.66824e-17
7283.02553272	7.723536e-17
7286.01478601	7.83001e-17
7289.00403929	7.833842e-17
7291.99329257	7.798178e-17
7294.98254585	7.81651e-17
7297.97179914	7.809631e-17
7300.96105242	7.777163e-17
7303.9503057	7.671461e-17
7306.93955898	7.771644e-17
7309.92881227	7.784955e-17
7312.91806555	7.637924e-17
7315.90731883	7.486674e-17
7318.89657211	7.701597e-17
7321.8858254	7.740661e-17
7324.87507868	7.594779e-17
7327.86433196	7.627663e-17
7330.85358524	7.799411e-17
7333.84283853	7.613814e-17
7336.83209181	7.607826e-17
7339.82134509	7.655816e-17
7342.81059837	7.819651e-17
7345.79985166	7.718175e-17
7348.78910494	7.729612e-17
7351.77835822	7.623815e-17
7354.7676115	7.747113e-17
7357.75686479	7.663206e-17
7360.74611807	7.707461e-17
7363.73537135	7.79999e-17
7366.72462463	7.65256e-17
7369.71387792	7.461482e-17
7372.7031312	7.57703e-17
7375.69238448	7.507782e-17
7378.68163776	7.492883e-17
7381.67089105	7.686662e-17
7384.66014433	7.741468e-17
7387.64939761	7.74784e-17
7390.63865089	7.769735e-17
7393.62790418	7.594807e-17
7396.61715746	7.681818e-17
7399.60641074	7.69643e-17
7402.59566402	7.620448e-17
7405.58491731	7.728511e-17
7408.57417059	7.709254e-17
7411.56342387	7.650048e-17
7414.55267715	7.687269e-17
7417.54193044	7.533041e-17
7420.53118372	7.5355e-17
7423.520437	7.476663e-17
7426.50969028	7.415109e-17
7429.49894357	7.35854e-17
7432.48819685	7.33536e-17
7435.47745013	7.400297e-17
7438.46670341	7.435129e-17
7441.4559567	7.495377e-17
7444.44520998	7.431001e-17
7447.43446326	7.487108e-17
7450.42371655	7.598218e-17
7453.41296983	7.421171e-17
7456.40222311	7.38367e-17
7459.39147639	7.403623e-17
7462.38072968	7.328446e-17
7465.36998296	7.440342e-17
7468.35923624	7.364447e-17
7471.34848952	7.24391e-17
7474.33774281	7.257708e-17
7477.32699609	7.261731e-17
7480.31624937	7.266838e-17
7483.30550265	7.419478e-17
7486.29475594	7.391417e-17
7489.28400922	7.301137e-17
7492.2732625	7.328822e-17
7495.26251578	7.330349e-17
7498.25176907	7.280026e-17
7501.24102235	7.315035e-17
7504.23027563	7.260655e-17
7507.21952891	7.236687e-17
7510.2087822	7.166431e-17
7513.19803548	7.160195e-17
7516.18728876	7.135407e-17
7519.17654204	7.132949e-17
7522.16579533	7.076124e-17
7525.15504861	7.165367e-17
7528.14430189	7.174243e-17
7531.13355517	7.130437e-17
7534.12280846	7.107753e-17
7537.11206174	7.077855e-17
7540.10131502	6.949537e-17
7543.0905683	6.970219e-17
7546.07982159	6.978429e-17
7549.06907487	6.909133e-17
7552.05832815	6.95714e-17
7555.04758143	6.950368e-17
7558.03683472	6.943596e-17
7561.026088	6.936825e-17
7564.01534128	6.930052e-17
7567.00459456	6.923281e-17
7569.99384785	6.916509e-17
7572.98310113	6.909737e-17
7575.97235441	6.902965e-17
7578.96160769	6.896194e-17
7581.95086098	6.889422e-17
7584.94011426	6.88265e-17
7587.92936754	6.875878e-17
7590.91862082	6.869106e-17
7593.90787411	6.862334e-17
7596.89712739	6.855562e-17
7599.88638067	6.848791e-17
7602.87563396	6.842018e-17
7605.86488724	6.835247e-17
7608.85414052	6.828475e-17
7611.8433938	6.821703e-17
7614.83264709	6.814931e-17
7617.82190037	6.80816e-17
7620.81115365	6.801387e-17
7623.80040693	6.794616e-17
7626.78966022	6.787844e-17
7629.7789135	6.781072e-17
7632.76816678	6.7743e-17
7635.75742006	6.767529e-17
7638.74667335	6.760757e-17
7641.73592663	6.753985e-17
7644.72517991	6.747213e-17
7647.71443319	6.740441e-17
7650.70368648	6.733669e-17
7653.69293976	6.726897e-17
7656.68219304	6.720126e-17
7659.67144632	6.713354e-17
7662.66069961	6.706582e-17
7665.64995289	6.69981e-17
7668.63920617	6.693038e-17
7671.62845945	6.686266e-17
7674.61771274	6.679495e-17
7677.60696602	6.672722e-17
7680.5962193	6.665951e-17
7683.58547258	6.659179e-17
7686.57472587	6.652408e-17
7689.56397915	6.645635e-17
7692.55323243	6.638864e-17
7695.54248571	6.632092e-17
7698.531739	6.62532e-17
7701.52099228	6.618548e-17
7704.51024556	6.611776e-17
7707.49949884	6.605004e-17
7710.48875213	6.598232e-17
7713.47800541	6.591461e-17
7716.46725869	6.584689e-17
7719.45651197	6.577917e-17
7722.44576526	6.571145e-17
7725.43501854	6.564373e-17
7728.42427182	6.557601e-17
7731.4135251	6.55083e-17
7734.40277839	6.544057e-17
7737.39203167	6.537286e-17
7740.38128495	6.530514e-17
7743.37053823	6.523742e-17
7746.35979152	6.51697e-17
7749.3490448	6.510199e-17
7752.33829808	6.503427e-17
7755.32755136	6.391851e-17
7758.31680465	6.594009e-17
7761.30605793	6.760627e-17
7764.29531121	6.620678e-17
7767.2845645	6.716284e-17
7770.27381778	6.609345e-17
7773.26307106	6.631153e-17
7776.25232434	6.611886e-17
7779.24157763	6.801346e-17
7782.23083091	6.607778e-17
7785.22008419	6.502921e-17
7788.20933747	6.761118e-17
7791.19859076	6.784292e-17
7794.18784404	6.749618e-17
7797.17709732	6.797956e-17
7800.1663506	6.709738e-17
7803.15560389	6.512858e-17
7806.14485717	6.259074e-17
7809.13411045	6.035746e-17
7812.12336373	6.347266e-17
7815.11261702	6.327305e-17
7818.1018703	6.43721e-17
7821.09112358	6.408496e-17
7824.08037686	6.063102e-17
7827.06963015	6.064471e-17
7830.05888343	6.251745e-17
7833.04813671	6.405279e-17
7836.03738999	6.342101e-17
7839.02664328	6.348099e-17
7842.01589656	6.305625e-17
7845.00514984	6.183885e-17
7847.99440312	6.346188e-17
7850.98365641	6.134505e-17
7853.97290969	6.088724e-17
7856.96216297	5.986311e-17
7859.95141625	6.083725e-17
7862.94066954	5.78593e-17
7865.92992282	6.047226e-17
7868.9191761	6.547584e-17
7871.90842938	6.552851e-17
7874.89768267	6.424934e-17
7877.88693595	6.302474e-17
7880.87618923	5.997186e-17
7883.86544251	6.110926e-17
7886.8546958	6.109316e-17
7889.84394908	6.289948e-17
7892.83320236	6.309944e-17
7895.82245564	6.18649e-17
7898.81170893	6.049499e-17
7901.80096221	5.748479e-17
7904.79021549	5.53502e-17
7907.77946877	6.076013e-17
7910.76872206	6.041624e-17
7913.75797534	5.949549e-17
7916.74722862	5.93742e-17
7919.7364819	6.016381e-17
7922.72573519	5.985299e-17
7925.71498847	5.869221e-17
7928.70424175	6.083827e-17
7931.69349504	6.095331e-17
7934.68274832	6.113145e-17
7937.6720016	6.196935e-17
7940.66125488	6.158405e-17
7943.65050817	6.277452e-17
7946.63976145	6.318182e-17
7949.62901473	6.115704e-17
7952.61826801	5.944608e-17
7955.6075213	5.876408e-17
7958.59677458	5.874324e-17
7961.58602786	5.863313e-17
7964.57528114	6.073867e-17
7967.56453443	5.901133e-17
7970.55378771	6.0121e-17
7973.54304099	6.077057e-17
7976.53229427	6.187907e-17
7979.52154756	6.036776e-17
7982.51080084	5.729118e-17
7985.50005412	5.773093e-17
7988.4893074	5.8906e-17
7991.47856069	6.030472e-17
7994.46781397	5.845955e-17
7997.45706725	5.689211e-17
8000.44632053	5.843302e-17
8003.43557382	5.76849e-17
8006.4248271	5.873201e-17
8009.41408038	5.892569e-17
8012.40333366	5.713295e-17
8015.39258695	5.683426e-17
8018.38184023	5.698462e-17
8021.37109351	5.835086e-17
8024.36034679	5.814806e-17
8027.34960008	5.546225e-17
8030.33885336	5.583461e-17
8033.32810664	5.660599e-17
8036.31735992	5.744309e-17
8039.30661321	5.715706e-17
8042.29586649	5.818375e-17
8045.28511977	5.75046e-17
8048.27437305	5.667189e-17
8051.26362634	5.683142e-17
8054.25287962	5.740016e-17
8057.2421329	5.758229e-17
8060.23138618	5.790559e-17
8063.22063947	5.725165e-17
8066.20989275	5.56131e-17
8069.19914603	5.579286e-17
8072.18839931	5.656977e-17
8075.1776526	5.717495e-17
8078.16690588	5.763163e-17
8081.15615916	5.739651e-17
8084.14541245	5.761137e-17
8087.13466573	5.676661e-17
8090.12391901	5.584671e-17
8093.11317229	5.569001e-17
8096.10242558	5.609449e-17
8099.09167886	5.644872e-17
8102.08093214	5.568591e-17
8105.07018542	5.534648e-17
8108.05943871	5.61326e-17
8111.04869199	5.704001e-17
8114.03794527	5.711563e-17
8117.02719855	5.603613e-17
8120.01645184	5.538856e-17
8123.00570512	5.371678e-17
8125.9949584	5.360202e-17
8128.98421168	5.384494e-17
8131.97346497	5.371791e-17
8134.96271825	5.49191e-17
8137.95197153	5.462124e-17
8140.94122481	5.302751e-17
8143.9304781	5.286263e-17
8146.91973138	5.244161e-17
8149.90898466	5.18166e-17
8152.89823794	5.127522e-17
8155.88749123	5.068694e-17
8158.87674451	5.029086e-17
8161.86599779	5.020394e-17
8164.85525107	5.084501e-17
8167.84450436	5.548385e-17
8170.83375764	5.799652e-17
8173.82301092	5.796051e-17
8176.8122642	4.975184e-17
8179.80151749	4.981746e-17
8182.79077077	5.123594e-17
8185.78002405	5.171061e-17
8188.76927733	5.141746e-17
8191.75853062	5.213476e-17
8194.7477839	5.232753e-17
8197.73703718	5.198519e-17
8200.72629046	5.19345e-17
8203.71554375	5.232189e-17
8206.70479703	5.229781e-17
8209.69405031	5.284725e-17
8212.68330359	5.291413e-17
8215.67255688	5.345664e-17
8218.66181016	5.36307e-17
8221.65106344	5.307334e-17
8224.64031672	5.076564e-17
8227.62957001	4.825897e-17
8230.61882329	4.811528e-17
8233.60807657	4.818468e-17
8236.59732985	4.820106e-17
8239.58658314	4.876418e-17
8242.57583642	4.881367e-17
8245.5650897	4.969992e-17
8248.55434299	5.17664e-17
8251.54359627	5.197518e-17
8254.53284955	5.107444e-17
8257.52210283	5.018345e-17
8260.51135612	5.121665e-17
8263.5006094	5.150507e-17
8266.48986268	5.112571e-17
8269.47911596	5.111302e-17
8272.46836925	5.056398e-17
8275.45762253	5.10388e-17
8278.44687581	5.011178e-17
8281.43612909	4.68806e-17
8284.42538238	4.864994e-17
8287.41463566	4.966599e-17
8290.40388894	5.00108e-17
8293.39314222	4.979329e-17
8296.38239551	4.937795e-17
8299.37164879	5.16696e-17
8302.36090207	5.320258e-17
8305.35015535	5.205044e-17
8308.33940864	4.856023e-17
8311.32866192	4.855362e-17
8314.3179152	5.072359e-17
8317.30716848	5.103201e-17
8320.29642177	5.078292e-17
8323.28567505	4.953822e-17
8326.27492833	4.933984e-17
8329.26418161	5.117543e-17
8332.2534349	5.186765e-17
8335.24268818	5.02521e-17
8338.23194146	4.822333e-17
8341.22119474	4.601371e-17
8344.21044803	4.970873e-17
8347.19970131	5.130185e-17
8350.18895459	5.137066e-17
8353.17820787	5.007047e-17
8356.16746116	4.832281e-17
8359.15671444	4.891253e-17
8362.14596772	5.013071e-17
8365.135221	5.062835e-17
8368.12447429	5.264956e-17
8371.11372757	5.286548e-17
8374.10298085	5.357633e-17
8377.09223413	5.342697e-17
8380.08148742	5.305554e-17
8383.0707407	5.422452e-17
8386.05999398	5.557557e-17
8389.04924726	5.642345e-17
8392.03850055	5.428821e-17
8395.02775383	5.336896e-17
8398.01700711	5.542968e-17
8401.0062604	5.723578e-17
8403.99551368	5.650417e-17
8406.98476696	5.515665e-17
8409.97402024	5.275511e-17
8412.96327353	5.286945e-17
8415.95252681	5.291724e-17
8418.94178009	5.182038e-17
8421.93103337	5.230898e-17
8424.92028666	5.375529e-17
8427.90953994	5.165379e-17
8430.89879322	5.114971e-17
8433.8880465	5.032623e-17
8436.87729979	4.909804e-17
8439.86655307	5.046438e-17
8442.85580635	5.141741e-17
8445.84505963	5.334532e-17
8448.83431292	5.385575e-17
8451.8235662	5.113351e-17
8454.81281948	5.195271e-17
8457.80207276	5.409458e-17
8460.79132605	5.377025e-17
8463.78057933	5.56142e-17
8466.76983261	5.843566e-17
8469.75908589	6.093233e-17
8472.74833918	6.184292e-17
8475.73759246	5.809295e-17
8478.72684574	5.480255e-17
8481.71609902	5.558856e-17
8484.70535231	5.703261e-17
8487.69460559	5.644763e-17
8490.68385887	5.60636e-17
8493.67311215	5.711441e-17
8496.66236544	5.921149e-17
8499.65161872	5.980043e-17
8502.640872	5.867393e-17
8505.63012528	5.793357e-17
8508.61937857	5.728702e-17
8511.60863185	5.664625e-17
8514.59788513	5.662896e-17
8517.58713841	5.652281e-17
8520.5763917	5.645736e-17
8523.56564498	5.753888e-17
8526.55489826	5.675634e-17
8529.54415154	5.665664e-17
8532.53340483	5.665911e-17
8535.52265811	5.780875e-17
8538.51191139	5.744607e-17
8541.50116467	5.69659e-17
8544.49041796	5.678975e-17
8547.47967124	5.756897e-17
8550.46892452	5.855299e-17
8553.4581778	5.857253e-17
8556.44743109	5.841858e-17
8559.43668437	5.828864e-17
8562.42593765	5.88877e-17
8565.41519094	5.849962e-17
8568.40444422	5.862089e-17
8571.3936975	5.757982e-17
8574.38295078	5.683017e-17
8577.37220407	5.691369e-17
8580.36145735	5.654777e-17
8583.35071063	5.589472e-17
8586.33996391	5.595265e-17
8589.3292172	5.705316e-17
8592.31847048	5.753336e-17
8595.30772376	5.781852e-17
8598.29697704	5.770569e-17
8601.28623033	5.728409e-17
8604.27548361	5.748526e-17
8607.26473689	5.721979e-17
8610.25399017	5.651798e-17
8613.24324346	5.530499e-17
8616.23249674	5.541567e-17
8619.22175002	5.506087e-17
8622.2110033	5.384016e-17
8625.20025659	5.278706e-17
8628.18950987	5.445507e-17
8631.17876315	5.637173e-17
8634.16801643	5.567436e-17
8637.15726972	5.317281e-17
8640.146523	5.31889e-17
8643.13577628	5.444854e-17
8646.12502956	5.43285e-17
8649.11428285	5.29377e-17
8652.10353613	5.252397e-17
8655.09278941	5.329745e-17
8658.08204269	5.409554e-17
8661.07129598	5.558519e-17
8664.06054926	5.515241e-17
8667.04980254	5.559547e-17
8670.03905582	5.531352e-17
8673.02830911	5.381892e-17
8676.01756239	5.455683e-17
8679.00681567	5.501631e-17
8681.99606895	5.458012e-17
8684.98532224	5.534e-17
8687.97457552	5.641347e-17
8690.9638288	5.605735e-17
8693.95308208	5.536864e-17
8696.94233537	5.510417e-17
8699.93158865	5.522527e-17
8702.92084193	5.542385e-17
8705.91009521	5.671662e-17
8708.8993485	5.747841e-17
8711.88860178	5.787615e-17
8714.87785506	5.746496e-17
8717.86710835	5.675835e-17
8720.85636163	5.518481e-17
8723.84561491	5.490474e-17
8726.83486819	5.537859e-17
8729.82412148	5.596033e-17
8732.81337476	5.596389e-17
8735.80262804	5.5836e-17
8738.79188132	5.482373e-17
8741.78113461	5.589454e-17
8744.77038789	5.586735e-17
8747.75964117	5.52318e-17
8750.74889445	5.210628e-17
8753.73814774	4.655508e-17
8756.72740102	4.105594e-17
8759.7166543	3.897639e-17
8762.70590758	4.19736e-17
8765.69516087	4.631622e-17
8768.68441415	4.793381e-17
8771.67366743	5.241201e-17
8774.66292071	5.737624e-17
8777.652174	5.722304e-17
8780.64142728	5.342424e-17
8783.63068056	5.389844e-17
8786.61993384	5.449469e-17
8789.60918713	5.459962e-17
8792.59844041	5.678103e-17
8795.58769369	5.621562e-17
8798.57694697	5.450137e-17
8801.56620026	5.350804e-17
8804.55545354	5.406288e-17
8807.54470682	5.670229e-17
8810.5339601	5.88705e-17
8813.52321339	6.120387e-17
8816.51246667	6.69358e-17
8819.50171995	7.464267e-17
8822.49097323	8.157503e-17
8825.48022652	8.346668e-17
8828.4694798	8.417461e-17
8831.45873308	7.753528e-17
8834.44798636	7.315985e-17
8837.43723965	6.586057e-17
8840.42649293	5.543578e-17
8843.41574621	5.199786e-17
8846.40499949	5.182285e-17
8849.39425278	5.24536e-17
8852.38350606	5.165268e-17
8855.37275934	5.24955e-17
8858.36201262	5.212565e-17
8861.35126591	5.036253e-17
8864.34051919	4.690973e-17
8867.32977247	4.577967e-17
8870.31902575	4.641938e-17
8873.30827904	4.681476e-17
8876.29753232	4.330233e-17
8879.2867856	3.714412e-17
8882.27603889	3.27585e-17
8885.26529217	2.93231e-17
8888.25454545	3.058165e-17
8891.24379873	3.616993e-17
8894.23305202	3.839949e-17
8897.2223053	4.392324e-17
8900.21155858	5.09195e-17
8903.20081186	5.203425e-17
8906.19006515	5.110972e-17
8909.17931843	5.397941e-17
8912.16857171	5.629542e-17
8915.15782499	5.865298e-17
8918.14707828	6.064093e-17
8921.13633156	6.394585e-17
8924.12558484	6.89928e-17
8927.11483812	6.903044e-17
8930.10409141	6.512263e-17
8933.09334469	6.146534e-17
8936.08259797	5.617199e-17
8939.07185125	5.41293e-17
8942.06110454	5.529777e-17
8945.05035782	5.681948e-17
8948.0396111	5.772269e-17
8951.02886438	5.703201e-17
8954.01811767	5.542538e-17
8957.00737095	5.484228e-17
8959.99662423	5.133324e-17
8962.98587751	4.598762e-17
8965.9751308	4.312223e-17
8968.96438408	4.490412e-17
8971.95363736	5.061336e-17
8974.94289064	5.337148e-17
8977.93214393	5.257203e-17
8980.92139721	5.092466e-17
8983.91065049	4.812064e-17
8986.89990377	4.417376e-17
8989.88915706	4.228501e-17
8992.87841034	3.963908e-17
8995.86766362	4.039008e-17
8998.8569169	4.220605e-17
9001.84617019	4.43448e-17
9004.83542347	4.537371e-17
9007.82467675	4.546311e-17
9010.81393003	4.456948e-17
9013.80318332	4.585264e-17
9016.7924366	4.657653e-17
9019.78168988	4.814572e-17
9022.77094316	4.951724e-17
9025.76019645	5.046059e-17
9028.74944973	4.995874e-17
9031.73870301	5.004832e-17
9034.7279563	4.978612e-17
9037.71720958	4.843351e-17
9040.70646286	4.785462e-17
9043.69571614	4.726108e-17
9046.68496943	4.735208e-17
9049.67422271	4.852142e-17
9052.66347599	5.056915e-17
9055.65272927	5.261661e-17
9058.64198256	5.188413e-17
9061.63123584	4.839823e-17
9064.62048912	4.664581e-17
9067.6097424	4.624634e-17
9070.59899569	4.589488e-17
9073.58824897	4.515001e-17
9076.57750225	4.577469e-17
9079.56675553	4.543637e-17
9082.55600882	4.637808e-17
9085.5452621	4.567474e-17
9088.53451538	4.556304e-17
9091.52376866	4.609899e-17
9094.51302195	4.507631e-17
9097.50227523	4.372458e-17
9100.49152851	4.317576e-17
9103.48078179	4.660136e-17
9106.47003508	4.695257e-17
9109.45928836	4.780808e-17
9112.44854164	4.849935e-17
9115.43779492	4.77229e-17
9118.42704821	4.604981e-17
9121.41630149	4.546483e-17
9124.40555477	4.371418e-17
9127.39480805	4.319474e-17
9130.38406134	4.269783e-17
9133.37331462	4.267705e-17
9136.3625679	4.495335e-17
9139.35182118	4.51358e-17
9142.34107447	4.588487e-17
9145.33032775	4.606612e-17
9148.31958103	4.546116e-17
9151.30883431	4.305692e-17
9154.2980876	4.2475e-17
9157.28734088	4.176404e-17
9160.27659416	4.065626e-17
9163.26584744	4.141231e-17
9166.25510073	4.245969e-17
9169.24435401	4.447564e-17
9172.23360729	4.5848e-17
9175.22286057	4.607815e-17
9178.21211386	4.487382e-17
9181.20136714	4.323511e-17
9184.19062042	4.312659e-17
9187.1798737	4.280883e-17
9190.16912699	4.243043e-17
9193.15838027	4.260504e-17
9196.14763355	4.354183e-17
9199.13688684	4.33944e-17
9202.12614012	4.442723e-17
9205.1153934	4.518326e-17
9208.10464668	4.536175e-17
9211.09389997	4.555773e-17
9214.08315325	4.526129e-17
9217.07240653	4.467452e-17
9220.06165981	4.494206e-17
9223.0509131	4.449382e-17
9226.04016638	4.593759e-17
9229.02941966	4.647505e-17
9232.01867294	4.603577e-17
9235.00792623	4.638782e-17
9237.99717951	4.391774e-17
9240.98643279	4.157987e-17
9243.97568607	4.042384e-17
9246.96493936	4.036021e-17
9249.95419264	4.125029e-17
