#	 ps16n 
#	 UT date of observation: 20160114 
#	 Telescope/Instrument: SOAR/Goodman 
#	 Estimated Peak MJD: 57392.414 
#	 Estimated redshift: 0.053 
#	 Estimated Phase: 8.2 
#	 Published in Dettman et al. 2020 
#	 Observed barycentric wavelength (Angstroms)    F_lambda
3600.62952185	7.469649e-17
3602.61815703	8.994525e-17
3604.60679221	9.885827e-17
3606.59542739	9.839646e-17
3608.58406258	9.535774e-17
3610.57269776	9.881007e-17
3612.56133294	9.894015e-17
3614.54996812	8.172838e-17
3616.53860331	9.606723e-17
3618.52723849	9.858759e-17
3620.51587367	8.063148e-17
3622.50450885	9.451006e-17
3624.49314404	1.065142e-16
3626.48177922	8.9e-17
3628.4704144	7.885537e-17
3630.45904958	8.136586e-17
3632.44768476	9.875323e-17
3634.43631995	9.564912e-17
3636.42495513	9.06712e-17
3638.41359031	9.689761e-17
3640.40222549	8.293111e-17
3642.39086068	9.524177e-17
3644.37949586	1.051851e-16
3646.36813104	8.78438e-17
3648.35676622	9.023063e-17
3650.34540141	1.011446e-16
3652.33403659	1.047045e-16
3654.32267177	9.506469e-17
3656.31130695	9.464687e-17
3658.29994214	1.073502e-16
3660.28857732	1.08171e-16
3662.2772125	1.006805e-16
3664.26584768	9.11517e-17
3666.25448287	1.067389e-16
3668.24311805	1.004013e-16
3670.23175323	9.218471e-17
3672.22038841	1.059247e-16
3674.20902359	1.044672e-16
3676.19765878	1.026033e-16
3678.18629396	1.046757e-16
3680.17492914	1.107736e-16
3682.16356432	1.191771e-16
3684.15219951	1.171435e-16
3686.14083469	1.085695e-16
3688.12946987	1.213021e-16
3690.11810505	1.298977e-16
3692.10674024	1.287166e-16
3694.09537542	1.250398e-16
3696.0840106	1.320951e-16
3698.07264578	1.337696e-16
3700.06128097	1.263983e-16
3702.04991615	1.307052e-16
3704.03855133	1.251054e-16
3706.02718651	1.413288e-16
3708.0158217	1.492103e-16
3710.00445688	1.4469e-16
3711.99309206	1.603022e-16
3713.98172724	1.554377e-16
3715.97036242	1.565168e-16
3717.95899761	1.757051e-16
3719.94763279	1.694717e-16
3721.93626797	1.683458e-16
3723.92490315	1.735943e-16
3725.91353834	1.78635e-16
3727.90217352	1.798691e-16
3729.8908087	1.852968e-16
3731.87944388	2.011446e-16
3733.86807907	1.993692e-16
3735.85671425	1.937641e-16
3737.84534943	1.986743e-16
3739.83398461	1.907797e-16
3741.8226198	1.880135e-16
3743.81125498	2.071199e-16
3745.79989016	2.094132e-16
3747.78852534	1.970304e-16
3749.77716053	1.97616e-16
3751.76579571	1.911597e-16
3753.75443089	1.906012e-16
3755.74306607	1.874572e-16
3757.73170125	1.844138e-16
3759.72033644	1.866106e-16
3761.70897162	1.876992e-16
3763.6976068	1.963088e-16
3765.68624198	2.04374e-16
3767.67487717	1.981257e-16
3769.66351235	1.884487e-16
3771.65214753	1.934249e-16
3773.64078271	1.943758e-16
3775.6294179	1.984355e-16
3777.61805308	2.053103e-16
3779.60668826	1.977641e-16
3781.59532344	1.994271e-16
3783.58395863	2.033642e-16
3785.57259381	1.956383e-16
3787.56122899	1.902953e-16
3789.54986417	1.901563e-16
3791.53849936	1.924114e-16
3793.52713454	1.939721e-16
3795.51576972	1.93486e-16
3797.5044049	1.892886e-16
3799.49304008	1.950049e-16
3801.48167527	1.908891e-16
3803.47031045	1.801587e-16
3805.45894563	1.869965e-16
3807.44758081	1.806509e-16
3809.436216	1.663812e-16
3811.42485118	1.758405e-16
3813.41348636	1.827902e-16
3815.40212154	1.882875e-16
3817.39075673	1.963787e-16
3819.37939191	1.824886e-16
3821.36802709	1.782256e-16
3823.35666227	1.820547e-16
3825.34529746	1.808638e-16
3827.33393264	1.790175e-16
3829.32256782	1.70438e-16
3831.311203	1.752823e-16
3833.29983819	1.800364e-16
3835.28847337	1.820454e-16
3837.27710855	1.792392e-16
3839.26574373	1.788479e-16
3841.25437891	1.832447e-16
3843.2430141	1.862048e-16
3845.23164928	1.86378e-16
3847.22028446	1.912943e-16
3849.20891964	1.830929e-16
3851.19755483	1.963708e-16
3853.18619001	2.027512e-16
3855.17482519	1.966341e-16
3857.16346037	2.00223e-16
3859.15209556	2.072534e-16
3861.14073074	2.021847e-16
3863.12936592	2.012335e-16
3865.1180011	2.020149e-16
3867.10663629	2.037315e-16
3869.09527147	2.025669e-16
3871.08390665	2.10176e-16
3873.07254183	2.071766e-16
3875.06117702	2.052084e-16
3877.0498122	2.073987e-16
3879.03844738	2.089453e-16
3881.02708256	1.952112e-16
3883.01571774	1.999199e-16
3885.00435293	1.958141e-16
3886.99298811	1.833482e-16
3888.98162329	2.026127e-16
3890.97025847	2.030719e-16
3892.95889366	1.913154e-16
3894.94752884	1.826912e-16
3896.93616402	1.78649e-16
3898.9247992	1.78511e-16
3900.91343439	1.788149e-16
3902.90206957	1.731718e-16
3904.89070475	1.821509e-16
3906.87933993	1.770337e-16
3908.86797512	1.604897e-16
3910.8566103	1.575545e-16
3912.84524548	1.445411e-16
3914.83388066	1.468185e-16
3916.82251585	1.429591e-16
3918.81115103	1.412149e-16
3920.79978621	1.41471e-16
3922.78842139	1.406854e-16
3924.77705657	1.467641e-16
3926.76569176	1.37811e-16
3928.75432694	1.305406e-16
3930.74296212	1.294962e-16
3932.7315973	1.147234e-16
3934.72023249	1.072638e-16
3936.70886767	1.043473e-16
3938.69750285	1.090161e-16
3940.68613803	9.846045e-17
3942.67477322	8.941721e-17
3944.6634084	9.838587e-17
3946.65204358	9.490869e-17
3948.64067876	9.902104e-17
3950.62931395	1.007961e-16
3952.61794913	9.059457e-17
3954.60658431	9.163479e-17
3956.59521949	9.935012e-17
3958.58385468	1.045061e-16
3960.57248986	9.928023e-17
3962.56112504	9.353502e-17
3964.54976022	9.723659e-17
3966.5383954	9.907034e-17
3968.52703059	9.254874e-17
3970.51566577	9.004735e-17
3972.50430095	9.497542e-17
3974.49293613	8.977391e-17
3976.48157132	9.460866e-17
3978.4702065	9.785883e-17
3980.45884168	9.564368e-17
3982.44747686	9.716527e-17
3984.43611205	9.663684e-17
3986.42474723	9.409997e-17
3988.41338241	8.98696e-17
3990.40201759	9.51597e-17
3992.39065278	9.237267e-17
3994.37928796	9.552982e-17
3996.36792314	1.025773e-16
3998.35655832	1.009573e-16
4000.34519351	1.016333e-16
4002.33382869	1.04951e-16
4004.32246387	1.103762e-16
4006.31109905	1.163042e-16
4008.29973423	1.181811e-16
4010.28836942	1.160301e-16
4012.2770046	1.236841e-16
4014.26563978	1.234898e-16
4016.25427496	1.155482e-16
4018.24291015	1.234088e-16
4020.23154533	1.285881e-16
4022.22018051	1.29814e-16
4024.20881569	1.390005e-16
4026.19745088	1.34234e-16
4028.18608606	1.353319e-16
4030.17472124	1.412449e-16
4032.16335642	1.429716e-16
4034.15199161	1.483466e-16
4036.14062679	1.523228e-16
4038.12926197	1.562685e-16
4040.11789715	1.586553e-16
4042.10653234	1.685907e-16
4044.09516752	1.673537e-16
4046.0838027	1.706399e-16
4048.07243788	1.794125e-16
4050.06107306	1.866628e-16
4052.04970825	2.026036e-16
4054.03834343	2.048828e-16
4056.02697861	1.956223e-16
4058.01561379	2.024359e-16
4060.00424898	2.125909e-16
4061.99288416	2.122876e-16
4063.98151934	2.149477e-16
4065.97015452	2.249132e-16
4067.95878971	2.354752e-16
4069.94742489	2.330311e-16
4071.93606007	2.372315e-16
4073.92469525	2.404568e-16
4075.91333044	2.488943e-16
4077.90196562	2.597388e-16
4079.8906008	2.634301e-16
4081.87923598	2.686056e-16
4083.86787117	2.731786e-16
4085.85650635	2.819102e-16
4087.84514153	2.811115e-16
4089.83377671	2.894842e-16
4091.82241189	3.016335e-16
4093.81104708	3.0534e-16
4095.79968226	3.093667e-16
4097.78831744	3.137511e-16
4099.77695262	3.182044e-16
4101.76558781	3.211241e-16
4103.75422299	3.265705e-16
4105.74285817	3.229451e-16
4107.73149335	3.171667e-16
4109.72012854	3.319809e-16
4111.70876372	3.336957e-16
4113.6973989	3.27026e-16
4115.68603408	3.441911e-16
4117.67466927	3.52752e-16
4119.66330445	3.457685e-16
4121.65193963	3.491672e-16
4123.64057481	3.545688e-16
4125.62921	3.481431e-16
4127.61784518	3.399976e-16
4129.60648036	3.469543e-16
4131.59511554	3.51573e-16
4133.58375072	3.54995e-16
4135.57238591	3.591595e-16
4137.56102109	3.409678e-16
4139.54965627	3.218844e-16
4141.53829145	3.365733e-16
4143.52692664	3.507642e-16
4145.51556182	3.548326e-16
4147.504197	3.571594e-16
4149.49283218	3.474138e-16
4151.48146737	3.390658e-16
4153.47010255	3.539449e-16
4155.45873773	3.579183e-16
4157.44737291	3.505725e-16
4159.4360081	3.534772e-16
4161.42464328	3.545119e-16
4163.41327846	3.617646e-16
4165.40191364	3.534394e-16
4167.39054883	3.390856e-16
4169.37918401	3.443805e-16
4171.36781919	3.429377e-16
4173.35645437	3.256427e-16
4175.34508955	3.125955e-16
4177.33372474	3.150282e-16
4179.32235992	3.117495e-16
4181.3109951	3.124334e-16
4183.29963028	3.292197e-16
4185.28826547	3.250925e-16
4187.27690065	3.105391e-16
4189.26553583	3.098861e-16
4191.25417101	3.015836e-16
4193.2428062	2.932176e-16
4195.23144138	2.930948e-16
4197.22007656	2.885484e-16
4199.20871174	2.77422e-16
4201.19734693	2.785023e-16
4203.18598211	2.676639e-16
4205.17461729	2.546784e-16
4207.16325247	2.513777e-16
4209.15188766	2.477402e-16
4211.14052284	2.476139e-16
4213.12915802	2.429898e-16
4215.1177932	2.391205e-16
4217.10642838	2.293238e-16
4219.09506357	2.312138e-16
4221.08369875	2.317751e-16
4223.07233393	2.198131e-16
4225.06096911	2.229431e-16
4227.0496043	2.326876e-16
4229.03823948	2.252627e-16
4231.02687466	2.219361e-16
4233.01550984	2.324851e-16
4235.00414503	2.367471e-16
4236.99278021	2.342844e-16
4238.98141539	2.339946e-16
4240.97005057	2.360695e-16
4242.95868576	2.418011e-16
4244.94732094	2.415165e-16
4246.93595612	2.41392e-16
4248.9245913	2.431327e-16
4250.91322649	2.470229e-16
4252.90186167	2.526292e-16
4254.89049685	2.508724e-16
4256.87913203	2.45979e-16
4258.86776721	2.508269e-16
4260.8564024	2.529661e-16
4262.84503758	2.488348e-16
4264.83367276	2.585584e-16
4266.82230794	2.55085e-16
4268.81094313	2.540806e-16
4270.79957831	2.66541e-16
4272.78821349	2.660476e-16
4274.77684867	2.602157e-16
4276.76548386	2.75796e-16
4278.75411904	2.844265e-16
4280.74275422	2.756353e-16
4282.7313894	2.793693e-16
4284.72002459	2.917821e-16
4286.70865977	2.903535e-16
4288.69729495	2.842268e-16
4290.68593013	2.870048e-16
4292.67456532	2.902829e-16
4294.6632005	2.946886e-16
4296.65183568	2.972773e-16
4298.64047086	2.91859e-16
4300.62910604	2.934518e-16
4302.61774123	2.976952e-16
4304.60637641	2.8489e-16
4306.59501159	2.852774e-16
4308.58364677	2.982913e-16
4310.57228196	2.9293e-16
4312.56091714	2.849454e-16
4314.54955232	2.820834e-16
4316.5381875	2.833574e-16
4318.52682269	2.857775e-16
4320.51545787	2.967606e-16
4322.50409305	2.918926e-16
4324.49272823	2.786361e-16
4326.48136342	2.838381e-16
4328.4699986	2.771533e-16
4330.45863378	2.828053e-16
4332.44726896	2.745051e-16
4334.43590415	2.718782e-16
4336.42453933	2.832932e-16
4338.41317451	2.776143e-16
4340.40180969	2.774916e-16
4342.39044487	2.828566e-16
4344.37908006	2.790888e-16
4346.36771524	2.767309e-16
4348.35635042	2.857354e-16
4350.3449856	2.755339e-16
4352.33362079	2.865684e-16
4354.32225597	2.848227e-16
4356.31089115	2.861154e-16
4358.29952633	3.007429e-16
4360.28816152	2.973516e-16
4362.2767967	2.868815e-16
4364.26543188	2.862364e-16
4366.25406706	2.883934e-16
4368.24270225	2.942894e-16
4370.23133743	2.861172e-16
4372.21997261	2.893005e-16
4374.20860779	2.931531e-16
4376.19724298	2.853057e-16
4378.18587816	2.787119e-16
4380.17451334	2.88856e-16
4382.16314852	2.911175e-16
4384.1517837	2.901097e-16
4386.14041889	2.967991e-16
4388.12905407	2.988865e-16
4390.11768925	2.876817e-16
4392.10632443	2.889468e-16
4394.09495962	2.938358e-16
4396.0835948	2.972325e-16
4398.07222998	3.040204e-16
4400.06086516	3.021307e-16
4402.04950035	2.934997e-16
4404.03813553	2.899383e-16
4406.02677071	3.033445e-16
4408.01540589	3.029324e-16
4410.00404108	3.067378e-16
4411.99267626	3.029121e-16
4413.98131144	2.973389e-16
4415.96994662	3.02695e-16
4417.95858181	3.055463e-16
4419.94721699	3.097116e-16
4421.93585217	3.029092e-16
4423.92448735	3.011747e-16
4425.91312253	2.994572e-16
4427.90175772	2.982855e-16
4429.8903929	2.895556e-16
4431.87902808	2.955171e-16
4433.86766326	2.971515e-16
4435.85629845	2.979593e-16
4437.84493363	2.883558e-16
4439.83356881	2.861585e-16
4441.82220399	2.892337e-16
4443.81083918	2.874023e-16
4445.79947436	2.849186e-16
4447.78810954	2.922011e-16
4449.77674472	2.811588e-16
4451.76537991	2.843303e-16
4453.75401509	2.900985e-16
4455.74265027	2.78009e-16
4457.73128545	2.76726e-16
4459.71992064	2.774212e-16
4461.70855582	2.673614e-16
4463.697191	2.724415e-16
4465.68582618	2.690495e-16
4467.67446136	2.688665e-16
4469.66309655	2.74061e-16
4471.65173173	2.724252e-16
4473.64036691	2.723911e-16
4475.62900209	2.693343e-16
4477.61763728	2.633807e-16
4479.60627246	2.726136e-16
4481.59490764	2.672427e-16
4483.58354282	2.698932e-16
4485.57217801	2.62429e-16
4487.56081319	2.646866e-16
4489.54944837	2.688497e-16
4491.53808355	2.617774e-16
4493.52671874	2.635141e-16
4495.51535392	2.515973e-16
4497.5039891	2.598361e-16
4499.49262428	2.638822e-16
4501.48125947	2.537605e-16
4503.46989465	2.554275e-16
4505.45852983	2.506631e-16
4507.44716501	2.546413e-16
4509.43580019	2.492399e-16
4511.42443538	2.442694e-16
4513.41307056	2.578248e-16
4515.40170574	2.458371e-16
4517.39034092	2.356147e-16
4519.37897611	2.3745e-16
4521.36761129	2.425785e-16
4523.35624647	2.327539e-16
4525.34488165	2.34177e-16
4527.33351684	2.267741e-16
4529.32215202	2.260362e-16
4531.3107872	2.290409e-16
4533.29942238	2.298823e-16
4535.28805757	2.343722e-16
4537.27669275	2.184745e-16
4539.26532793	2.153353e-16
4541.25396311	2.230489e-16
4543.2425983	2.229022e-16
4545.23123348	2.107689e-16
4547.21986866	2.139621e-16
4549.20850384	2.200176e-16
4551.19713902	2.131902e-16
4553.18577421	2.054512e-16
4555.17440939	1.953058e-16
4557.16304457	2.008008e-16
4559.15167975	1.962906e-16
4561.14031494	1.899447e-16
4563.12895012	1.948602e-16
4565.1175853	1.901371e-16
4567.10622048	1.841699e-16
4569.09485567	1.821113e-16
4571.08349085	1.883672e-16
4573.07212603	1.909634e-16
4575.06076121	1.917452e-16
4577.0493964	1.897597e-16
4579.03803158	1.921389e-16
4581.02666676	1.976696e-16
4583.01530194	1.927288e-16
4585.00393713	1.921932e-16
4586.99257231	1.935947e-16
4588.98120749	1.973224e-16
4590.96984267	1.962432e-16
4592.95847785	1.883792e-16
4594.94711304	1.922714e-16
4596.93574822	1.878037e-16
4598.9243834	1.944805e-16
4600.91301858	1.989953e-16
4602.90165377	1.886046e-16
4604.89028895	1.889334e-16
4606.87892413	1.960189e-16
4608.86755931	1.897484e-16
4610.8561945	1.855757e-16
4612.84482968	1.840009e-16
4614.83346486	1.821636e-16
4616.82210004	1.87897e-16
4618.81073523	1.893306e-16
4620.79937041	1.818884e-16
4622.78800559	1.827616e-16
4624.77664077	1.85019e-16
4626.76527596	1.762487e-16
4628.75391114	1.799137e-16
4630.74254632	1.831937e-16
4632.7311815	1.843118e-16
4634.71981668	1.840537e-16
4636.70845187	1.806502e-16
4638.69708705	1.814805e-16
4640.68572223	1.846418e-16
4642.67435741	1.847155e-16
4644.6629926	1.81029e-16
4646.65162778	1.869677e-16
4648.64026296	1.879031e-16
4650.62889814	1.874444e-16
4652.61753333	1.876234e-16
4654.60616851	1.901169e-16
4656.59480369	1.929455e-16
4658.58343887	1.94461e-16
4660.57207406	1.935232e-16
4662.56070924	1.961001e-16
4664.54934442	1.985244e-16
4666.5379796	1.98993e-16
4668.52661479	2.053465e-16
4670.51524997	2.035155e-16
4672.50388515	1.9598e-16
4674.49252033	1.976138e-16
4676.48115551	2.050944e-16
4678.4697907	2.086481e-16
4680.45842588	2.145527e-16
4682.44706106	2.135638e-16
4684.43569624	2.118951e-16
4686.42433143	2.246691e-16
4688.41296661	2.223726e-16
4690.40160179	2.226964e-16
4692.39023697	2.309806e-16
4694.37887216	2.312749e-16
4696.36750734	2.282768e-16
4698.35614252	2.369203e-16
4700.3447777	2.391847e-16
4702.33341289	2.333898e-16
4704.32204807	2.343939e-16
4706.31068325	2.393592e-16
4708.29931843	2.445774e-16
4710.28795362	2.361282e-16
4712.2765888	2.443731e-16
4714.26522398	2.49367e-16
4716.25385916	2.567642e-16
4718.24249434	2.562528e-16
4720.23112953	2.553685e-16
4722.21976471	2.585608e-16
4724.20839989	2.59503e-16
4726.19703507	2.65724e-16
4728.18567026	2.659992e-16
4730.17430544	2.73493e-16
4732.16294062	2.63539e-16
4734.1515758	2.71091e-16
4736.14021099	2.717463e-16
4738.12884617	2.704799e-16
4740.11748135	2.886404e-16
4742.10611653	2.823189e-16
4744.09475172	2.834892e-16
4746.0833869	2.931799e-16
4748.07202208	2.889447e-16
4750.06065726	2.881983e-16
4752.04929245	2.947135e-16
4754.03792763	2.884843e-16
4756.02656281	2.958362e-16
4758.01519799	2.936793e-16
4760.00383317	3.008678e-16
4761.99246836	3.02164e-16
4763.98110354	3.022422e-16
4765.96973872	3.010655e-16
4767.9583739	3.065198e-16
4769.94700909	3.006402e-16
4771.93564427	3.037692e-16
4773.92427945	3.11425e-16
4775.91291463	3.076614e-16
4777.90154982	3.187814e-16
4779.890185	3.042673e-16
4781.87882018	3.100167e-16
4783.86745536	3.093065e-16
4785.85609055	3.166781e-16
4787.84472573	3.143105e-16
4789.83336091	3.155754e-16
4791.82199609	3.281631e-16
4793.81063128	3.206016e-16
4795.79926646	3.207717e-16
4797.78790164	3.163936e-16
4799.77653682	3.2352e-16
4801.765172	3.240789e-16
4803.75380719	3.265736e-16
4805.74244237	3.183905e-16
4807.73107755	3.209956e-16
4809.71971273	3.226059e-16
4811.70834792	3.268963e-16
4813.6969831	3.260256e-16
4815.68561828	3.161487e-16
4817.67425346	3.15667e-16
4819.66288865	3.209457e-16
4821.65152383	3.185577e-16
4823.64015901	3.174234e-16
4825.62879419	3.186396e-16
4827.61742938	3.200013e-16
4829.60606456	3.184662e-16
4831.59469974	3.142157e-16
4833.58333492	3.123652e-16
4835.57197011	3.135746e-16
4837.56060529	3.161603e-16
4839.54924047	3.045033e-16
4841.53787565	3.070173e-16
4843.52651083	3.101437e-16
4845.51514602	3.063774e-16
4847.5037812	3.00978e-16
4849.49241638	3.088033e-16
4851.48105156	3.074296e-16
4853.46968675	3.04016e-16
4855.45832193	2.986786e-16
4857.44695711	3.070067e-16
4859.43559229	3.083281e-16
4861.42422748	2.957858e-16
4863.41286266	2.993513e-16
4865.40149784	3.033788e-16
4867.39013302	3.01514e-16
4869.37876821	2.974049e-16
4871.36740339	2.923483e-16
4873.35603857	2.884109e-16
4875.34467375	2.923172e-16
4877.33330894	2.961447e-16
4879.32194412	2.867956e-16
4881.3105793	2.908955e-16
4883.29921448	2.848081e-16
4885.28784966	2.85712e-16
4887.27648485	2.838187e-16
4889.26512003	2.811331e-16
4891.25375521	2.82093e-16
4893.24239039	2.702367e-16
4895.23102558	2.708576e-16
4897.21966076	2.685969e-16
4899.20829594	2.664478e-16
4901.19693112	2.679401e-16
4903.18556631	2.539017e-16
4905.17420149	2.556778e-16
4907.16283667	2.601398e-16
4909.15147185	2.502468e-16
4911.14010704	2.46203e-16
4913.12874222	2.426175e-16
4915.1173774	2.390675e-16
4917.10601258	2.339284e-16
4919.09464777	2.293546e-16
4921.08328295	2.29545e-16
4923.07191813	2.290412e-16
4925.06055331	2.242938e-16
4927.04918849	2.196901e-16
4929.03782368	2.188535e-16
4931.02645886	2.159194e-16
4933.01509404	2.162356e-16
4935.00372922	2.157067e-16
4936.99236441	2.131309e-16
4938.98099959	2.118779e-16
4940.96963477	2.090562e-16
4942.95826995	2.139069e-16
4944.94690514	2.142351e-16
4946.93554032	2.086835e-16
4948.9241755	2.098691e-16
4950.91281068	2.058593e-16
4952.90144587	2.074286e-16
4954.89008105	2.13822e-16
4956.87871623	2.094698e-16
4958.86735141	2.075165e-16
4960.8559866	2.012808e-16
4962.84462178	1.985716e-16
4964.83325696	1.956773e-16
4966.82189214	1.951832e-16
4968.81052732	2.016934e-16
4970.79916251	1.981113e-16
4972.78779769	1.971934e-16
4974.77643287	1.932953e-16
4976.76506805	1.930485e-16
4978.75370324	1.967816e-16
4980.74233842	1.954565e-16
4982.7309736	1.904421e-16
4984.71960878	1.89012e-16
4986.70824397	1.865327e-16
4988.69687915	1.855503e-16
4990.68551433	1.860907e-16
4992.67414951	1.888981e-16
4994.6627847	1.804025e-16
4996.65141988	1.863782e-16
4998.64005506	1.938844e-16
5000.62869024	1.839898e-16
5002.61732543	1.895552e-16
5004.60596061	1.919604e-16
5006.59459579	1.843063e-16
5008.58323097	1.874779e-16
5010.57186615	1.892922e-16
5012.56050134	1.816235e-16
5014.54913652	1.847892e-16
5016.5377717	1.875639e-16
5018.52640688	1.790271e-16
5020.51504207	1.784461e-16
5022.50367725	1.796529e-16
5024.49231243	1.794234e-16
5026.48094761	1.774129e-16
5028.4695828	1.739081e-16
5030.45821798	1.746045e-16
5032.44685316	1.744087e-16
5034.43548834	1.786729e-16
5036.42412353	1.804017e-16
5038.41275871	1.780405e-16
5040.40139389	1.715194e-16
5042.39002907	1.788422e-16
5044.37866426	1.80687e-16
5046.36729944	1.775029e-16
5048.35593462	1.768412e-16
5050.3445698	1.80312e-16
5052.33320498	1.780415e-16
5054.32184017	1.773093e-16
5056.31047535	1.801869e-16
5058.29911053	1.816402e-16
5060.28774571	1.79283e-16
5062.2763809	1.802325e-16
5064.26501608	1.810018e-16
5066.25365126	1.834577e-16
5068.24228644	1.804121e-16
5070.23092163	1.864075e-16
5072.21955681	1.826231e-16
5074.20819199	1.856048e-16
5076.19682717	1.80855e-16
5078.18546236	1.830191e-16
5080.17409754	1.79743e-16
5082.16273272	1.794062e-16
5084.1513679	1.860491e-16
5086.14000309	1.876213e-16
5088.12863827	1.862226e-16
5090.11727345	1.817401e-16
5092.10590863	1.781474e-16
5094.09454381	1.839832e-16
5096.083179	1.831791e-16
5098.07181418	1.81051e-16
5100.06044936	1.783267e-16
5102.04908454	1.791652e-16
5104.03771973	1.737645e-16
5106.02635491	1.69879e-16
5108.01499009	1.684254e-16
5110.00362527	1.679321e-16
5111.99226046	1.670584e-16
5113.98089564	1.708454e-16
5115.96953082	1.739457e-16
5117.958166	1.717994e-16
5119.94680119	1.686938e-16
5121.93543637	1.609105e-16
5123.92407155	1.609257e-16
5125.91270673	1.58463e-16
5127.90134192	1.596587e-16
5129.8899771	1.597444e-16
5131.87861228	1.591499e-16
5133.86724746	1.618064e-16
5135.85588264	1.593841e-16
5137.84451783	1.596169e-16
5139.83315301	1.605066e-16
5141.82178819	1.624342e-16
5143.81042337	1.574169e-16
5145.79905856	1.646665e-16
5147.78769374	1.618749e-16
5149.77632892	1.666767e-16
5151.7649641	1.705925e-16
5153.75359929	1.709504e-16
5155.74223447	1.724616e-16
5157.73086965	1.734391e-16
5159.71950483	1.796708e-16
5161.70814002	1.786113e-16
5163.6967752	1.816145e-16
5165.68541038	1.855915e-16
5167.67404556	1.905636e-16
5169.66268075	1.945846e-16
5171.65131593	1.941623e-16
5173.63995111	1.982825e-16
5175.62858629	2.024728e-16
5177.61722147	2.0116e-16
5179.60585666	1.978369e-16
5181.59449184	1.995658e-16
5183.58312702	2.050122e-16
5185.5717622	2.053867e-16
5187.56039739	2.031141e-16
5189.54903257	2.042092e-16
5191.53766775	2.105533e-16
5193.52630293	2.077318e-16
5195.51493812	2.045374e-16
5197.5035733	2.037981e-16
5199.49220848	2.076624e-16
5201.48084366	2.095631e-16
5203.46947885	2.046788e-16
5205.45811403	1.997207e-16
5207.44674921	1.968628e-16
5209.43538439	1.96248e-16
5211.42401958	1.964937e-16
5213.41265476	1.95443e-16
5215.40128994	1.911222e-16
5217.38992512	1.920878e-16
5219.3785603	1.930578e-16
5221.36719549	1.916057e-16
5223.35583067	1.885813e-16
5225.34446585	1.834761e-16
5227.33310103	1.789885e-16
5229.32173622	1.805222e-16
5231.3103714	1.833009e-16
5233.29900658	1.812801e-16
5235.28764176	1.79947e-16
5237.27627695	1.788086e-16
5239.26491213	1.790488e-16
5241.25354731	1.764426e-16
5243.24218249	1.724164e-16
5245.23081768	1.735213e-16
5247.21945286	1.700229e-16
5249.20808804	1.760731e-16
5251.19672322	1.783331e-16
5253.18535841	1.697216e-16
5255.17399359	1.668602e-16
5257.16262877	1.69875e-16
5259.15126395	1.736297e-16
5261.13989913	1.738465e-16
5263.12853432	1.697598e-16
5265.1171695	1.665775e-16
5267.10580468	1.719375e-16
5269.09443986	1.745194e-16
5271.08307505	1.726138e-16
5273.07171023	1.70855e-16
5275.06034541	1.749588e-16
5277.04898059	1.725919e-16
5279.03761578	1.651171e-16
5281.02625096	1.619122e-16
5283.01488614	1.550486e-16
5285.00352132	1.562493e-16
5286.99215651	1.571187e-16
5288.98079169	1.588502e-16
5290.96942687	1.538934e-16
5292.95806205	1.586711e-16
5294.94669724	1.616481e-16
5296.93533242	1.621351e-16
5298.9239676	1.658085e-16
5300.91260278	1.603944e-16
5302.90123796	1.559738e-16
5304.88987315	1.633473e-16
5306.87850833	1.664624e-16
5308.86714351	1.712086e-16
5310.85577869	1.654611e-16
5312.84441388	1.628101e-16
5314.83304906	1.741512e-16
5316.82168424	1.760209e-16
5318.81031942	1.724743e-16
5320.79895461	1.771411e-16
5322.78758979	1.785777e-16
5324.77622497	1.758583e-16
5326.76486015	1.764632e-16
5328.75349534	1.766001e-16
5330.74213052	1.786464e-16
5332.7307657	1.825276e-16
5334.71940088	1.823875e-16
5336.70803607	1.822895e-16
5338.69667125	1.809526e-16
5340.68530643	1.847461e-16
5342.67394161	1.818839e-16
5344.66257679	1.837498e-16
5346.65121198	1.796503e-16
5348.63984716	1.904684e-16
5350.62848234	1.939289e-16
5352.61711752	1.854562e-16
5354.60575271	1.896264e-16
5356.59438789	1.887295e-16
5358.58302307	1.928549e-16
5360.57165825	1.962729e-16
5362.56029344	1.969783e-16
5364.54892862	1.939675e-16
5366.5375638	1.979154e-16
5368.52619898	1.989365e-16
5370.51483417	2.003528e-16
5372.50346935	2.023246e-16
5374.49210453	2.051078e-16
5376.48073971	2.060943e-16
5378.4693749	2.052453e-16
5380.45801008	2.048439e-16
5382.44664526	2.078558e-16
5384.43528044	2.062695e-16
5386.42391562	2.149392e-16
5388.41255081	2.123669e-16
5390.40118599	2.145537e-16
5392.38982117	2.209827e-16
5394.37845635	2.222686e-16
5396.36709154	2.190329e-16
5398.35572672	2.226977e-16
5400.3443619	2.239025e-16
5402.33299708	2.229923e-16
5404.32163227	2.285587e-16
5406.31026745	2.306015e-16
5408.29890263	2.322872e-16
5410.28753781	2.31594e-16
5412.276173	2.285938e-16
5414.26480818	2.286741e-16
5416.25344336	2.352601e-16
5418.24207854	2.370115e-16
5420.23071373	2.400392e-16
5422.21934891	2.403831e-16
5424.20798409	2.378744e-16
5426.19661927	2.423834e-16
5428.18525445	2.424308e-16
5430.17388964	2.355867e-16
5432.16252482	2.396473e-16
5434.15116	2.369745e-16
5436.13979518	2.392719e-16
5438.12843037	2.410899e-16
5440.11706555	2.348036e-16
5442.10570073	2.336441e-16
5444.09433591	2.386021e-16
5446.0829711	2.418605e-16
5448.07160628	2.462351e-16
5450.06024146	2.446387e-16
5452.04887664	2.417784e-16
5454.03751183	2.363151e-16
5456.02614701	2.463305e-16
5458.01478219	2.496746e-16
5460.00341737	2.457015e-16
5461.99205256	2.432811e-16
5463.98068774	2.470254e-16
5465.96932292	2.495792e-16
5467.9579581	2.416595e-16
5469.94659328	2.372977e-16
5471.93522847	2.4909e-16
5473.92386365	2.515606e-16
5475.91249883	2.455163e-16
5477.90113401	2.419869e-16
5479.8897692	2.420763e-16
5481.87840438	2.44415e-16
5483.86703956	2.507699e-16
5485.85567474	2.558866e-16
5487.84430993	2.557761e-16
5489.83294511	2.574742e-16
5491.82158029	2.567411e-16
5493.81021547	2.496075e-16
5495.79885066	2.533248e-16
5497.78748584	2.545489e-16
5499.77612102	2.528471e-16
5501.7647562	2.535306e-16
5503.75339139	2.563512e-16
5505.74202657	2.51946e-16
5507.73066175	2.459542e-16
5509.71929693	2.559758e-16
5511.70793211	2.618626e-16
5513.6965673	2.570019e-16
5515.68520248	2.539799e-16
5517.67383766	2.523048e-16
5519.66247284	2.529596e-16
5521.65110803	2.501863e-16
5523.63974321	2.469688e-16
5525.62837839	2.477001e-16
5527.61701357	2.436169e-16
5529.60564876	2.43067e-16
5531.59428394	2.390126e-16
5533.58291912	2.346942e-16
5535.5715543	2.345388e-16
5537.56018949	2.320436e-16
5539.54882467	2.303928e-16
5541.53745985	2.193291e-16
5543.52609503	2.123882e-16
5545.51473022	2.159671e-16
5547.5033654	2.195044e-16
5549.49200058	2.13544e-16
5551.48063576	2.049152e-16
5553.46927094	2.083259e-16
5555.45790613	2.087213e-16
5557.44654131	1.973718e-16
5559.43517649	1.945932e-16
5561.42381167	1.966224e-16
5563.41244686	1.923871e-16
5565.40108204	1.86294e-16
5567.38971722	1.854544e-16
5569.3783524	1.90478e-16
5571.36698759	1.879677e-16
5573.35562277	1.861905e-16
5575.34425795	1.876977e-16
5577.33289313	1.85571e-16
5579.32152832	1.803469e-16
5581.3101635	1.821731e-16
5583.29879868	1.782316e-16
5585.28743386	1.786432e-16
5587.27606905	1.797677e-16
5589.26470423	1.787323e-16
5591.25333941	1.782142e-16
5593.24197459	1.787048e-16
5595.23060977	1.790794e-16
5597.21924496	1.818822e-16
5599.20788014	1.787057e-16
5601.19651532	1.801846e-16
5603.1851505	1.77373e-16
5605.17378569	1.789017e-16
5607.16242087	1.864151e-16
5609.15105605	1.819866e-16
5611.13969123	1.788248e-16
5613.12832642	1.835201e-16
5615.1169616	1.869408e-16
5617.10559678	1.843183e-16
5619.09423196	1.859077e-16
5621.08286715	1.856164e-16
5623.07150233	1.86944e-16
5625.06013751	1.834965e-16
5627.04877269	1.832552e-16
5629.03740788	1.902774e-16
5631.02604306	1.88803e-16
5633.01467824	1.852276e-16
5635.00331342	1.841084e-16
5636.9919486	1.819416e-16
5638.98058379	1.831295e-16
5640.96921897	1.844606e-16
5642.95785415	1.828466e-16
5644.94648933	1.837741e-16
5646.93512452	1.84976e-16
5648.9237597	1.82774e-16
5650.91239488	1.862157e-16
5652.90103006	1.863311e-16
5654.88966525	1.845021e-16
5656.87830043	1.847637e-16
5658.86693561	1.867971e-16
5660.85557079	1.890072e-16
5662.84420598	1.880443e-16
5664.83284116	1.894699e-16
5666.82147634	1.901744e-16
5668.81011152	1.91372e-16
5670.79874671	1.903335e-16
5672.78738189	1.928556e-16
5674.77601707	1.860401e-16
5676.76465225	1.88051e-16
5678.75328743	1.900245e-16
5680.74192262	1.892395e-16
5682.7305578	1.897923e-16
5684.71919298	1.894536e-16
5686.70782816	1.863004e-16
5688.69646335	1.896564e-16
5690.68509853	1.911332e-16
5692.67373371	1.833952e-16
5694.66236889	1.896073e-16
5696.65100408	1.929073e-16
5698.63963926	1.858235e-16
5700.62827444	1.87194e-16
5702.61690962	1.855215e-16
5704.60554481	1.928732e-16
5706.59417999	1.892984e-16
5708.58281517	1.883449e-16
5710.57145035	1.789983e-16
5712.56008554	1.869756e-16
5714.54872072	1.843323e-16
5716.5373559	1.797354e-16
5718.52599108	1.815116e-16
5720.51462626	1.841493e-16
5722.50326145	1.804366e-16
5724.49189663	1.774917e-16
5726.48053181	1.780809e-16
5728.46916699	1.727041e-16
5730.45780218	1.705881e-16
5732.44643736	1.73773e-16
5734.43507254	1.680079e-16
5736.42370772	1.6753e-16
5738.41234291	1.621747e-16
5740.40097809	1.641239e-16
5742.38961327	1.617804e-16
5744.37824845	1.631117e-16
5746.36688364	1.606337e-16
5748.35551882	1.637258e-16
5750.344154	1.618824e-16
5752.33278918	1.559665e-16
5754.32142437	1.512985e-16
5756.31005955	1.542409e-16
5758.29869473	1.528841e-16
5760.28732991	1.486049e-16
5762.27596509	1.488786e-16
5764.26460028	1.483931e-16
5766.25323546	1.460447e-16
5768.24187064	1.453729e-16
5770.23050582	1.435372e-16
5772.21914101	1.470415e-16
5774.20777619	1.412152e-16
5776.19641137	1.414001e-16
5778.18504655	1.430039e-16
5780.17368174	1.408822e-16
5782.16231692	1.477988e-16
5784.1509521	1.454211e-16
5786.13958728	1.405595e-16
5788.12822247	1.381665e-16
5790.11685765	1.473951e-16
5792.10549283	1.446671e-16
5794.09412801	1.47786e-16
5796.0827632	1.508577e-16
5798.07139838	1.516634e-16
5800.06003356	1.583359e-16
5802.04866874	1.572663e-16
5804.03730392	1.595605e-16
5806.02593911	1.590125e-16
5808.01457429	1.632928e-16
5810.00320947	1.692551e-16
5811.99184465	1.710772e-16
5813.98047984	1.700171e-16
5815.96911502	1.71268e-16
5817.9577502	1.741441e-16
5819.94638538	1.697957e-16
5821.93502057	1.737546e-16
5823.92365575	1.775262e-16
5825.91229093	1.798789e-16
5827.90092611	1.793104e-16
5829.8895613	1.821456e-16
5831.87819648	1.83386e-16
5833.86683166	1.835126e-16
5835.85546684	1.878705e-16
5837.84410203	1.878043e-16
5839.83273721	1.853834e-16
5841.82137239	1.878313e-16
5843.81000757	1.912354e-16
5845.79864275	1.916368e-16
5847.78727794	1.934856e-16
5849.77591312	1.89444e-16
5851.7645483	1.931912e-16
5853.75318348	1.987374e-16
5855.74181867	2.005552e-16
5857.73045385	1.978291e-16
5859.71908903	1.883066e-16
5861.70772421	1.911487e-16
5863.6963594	2.012649e-16
5865.68499458	2.007591e-16
5867.67362976	1.982063e-16
5869.66226494	1.976166e-16
5871.65090013	1.998402e-16
5873.63953531	1.960506e-16
5875.62817049	1.955874e-16
5877.61680567	1.959694e-16
5879.60544086	1.924435e-16
5881.59407604	1.915655e-16
5883.58271122	1.9125e-16
5885.5713464	1.971653e-16
5887.55998158	1.860678e-16
5889.54861677	1.841554e-16
5891.53725195	1.782957e-16
5893.52588713	1.80595e-16
5895.51452231	1.78702e-16
5897.5031575	1.809101e-16
5899.49179268	1.87661e-16
5901.48042786	1.874915e-16
5903.46906304	1.863952e-16
5905.45769823	1.902381e-16
5907.44633341	1.909147e-16
5909.43496859	1.908597e-16
5911.42360377	1.887022e-16
5913.41223896	1.872667e-16
5915.40087414	1.87482e-16
5917.38950932	1.826098e-16
5919.3781445	1.825619e-16
5921.36677969	1.860632e-16
5923.35541487	1.860708e-16
5925.34405005	1.883061e-16
5927.33268523	1.880371e-16
5929.32132041	1.83775e-16
5931.3099556	1.804593e-16
5933.29859078	1.826201e-16
5935.28722596	1.821384e-16
5937.27586114	1.813745e-16
5939.26449633	1.802475e-16
5941.25313151	1.818788e-16
5943.24176669	1.82623e-16
5945.23040187	1.775793e-16
5947.21903706	1.784814e-16
5949.20767224	1.794205e-16
5951.19630742	1.761648e-16
5953.1849426	1.746859e-16
5955.17357779	1.785242e-16
5957.16221297	1.774811e-16
5959.15084815	1.730444e-16
5961.13948333	1.728115e-16
5963.12811852	1.759582e-16
5965.1167537	1.779969e-16
5967.10538888	1.773181e-16
5969.09402406	1.713107e-16
5971.08265924	1.67756e-16
5973.07129443	1.692626e-16
5975.05992961	1.720057e-16
5977.04856479	1.719826e-16
5979.03719997	1.692508e-16
5981.02583516	1.67548e-16
5983.01447034	1.720347e-16
5985.00310552	1.71063e-16
5986.9917407	1.644247e-16
5988.98037589	1.645894e-16
5990.96901107	1.650513e-16
5992.95764625	1.641645e-16
5994.94628143	1.655614e-16
5996.93491662	1.64932e-16
5998.9235518	1.632139e-16
6000.91218698	1.593643e-16
6002.90082216	1.62995e-16
6004.88945734	1.601885e-16
6006.87809253	1.572849e-16
6008.86672771	1.642315e-16
6010.85536289	1.622548e-16
6012.84399807	1.598627e-16
6014.83263326	1.614854e-16
6016.82126844	1.582653e-16
6018.80990362	1.568393e-16
6020.7985388	1.610549e-16
6022.78717399	1.621505e-16
6024.77580917	1.590194e-16
6026.76444435	1.568353e-16
6028.75307953	1.591975e-16
6030.74171472	1.57451e-16
6032.7303499	1.612069e-16
6034.71898508	1.584791e-16
6036.70762026	1.535645e-16
6038.69625545	1.532725e-16
6040.68489063	1.523565e-16
6042.67352581	1.558085e-16
6044.66216099	1.510281e-16
6046.65079618	1.514561e-16
6048.63943136	1.566394e-16
6050.62806654	1.577534e-16
6052.61670172	1.570703e-16
6054.6053369	1.538818e-16
6056.59397209	1.560415e-16
6058.58260727	1.536838e-16
6060.57124245	1.512989e-16
6062.55987763	1.588316e-16
6064.54851282	1.566978e-16
6066.537148	1.549969e-16
6068.52578318	1.50681e-16
6070.51441836	1.485673e-16
6072.50305355	1.466962e-16
6074.49168873	1.471838e-16
6076.48032391	1.489603e-16
6078.46895909	1.525562e-16
6080.45759428	1.542471e-16
6082.44622946	1.51701e-16
6084.43486464	1.526061e-16
6086.42349982	1.571447e-16
6088.412135	1.585533e-16
6090.40077019	1.537666e-16
6092.38940537	1.53639e-16
6094.37804055	1.556163e-16
6096.36667573	1.577748e-16
6098.35531092	1.582911e-16
6100.3439461	1.591568e-16
6102.33258128	1.624962e-16
6104.32121646	1.623335e-16
6106.30985165	1.623535e-16
6108.29848683	1.657949e-16
6110.28712201	1.597876e-16
6112.27575719	1.589262e-16
6114.26439238	1.649142e-16
6116.25302756	1.651577e-16
6118.24166274	1.675827e-16
6120.23029792	1.715113e-16
6122.21893311	1.72916e-16
6124.20756829	1.737377e-16
6126.19620347	1.719047e-16
6128.18483865	1.757969e-16
6130.17347383	1.783538e-16
6132.16210902	1.789589e-16
6134.1507442	1.784133e-16
6136.13937938	1.806724e-16
6138.12801456	1.847552e-16
6140.11664975	1.839982e-16
6142.10528493	1.869535e-16
6144.09392011	1.893315e-16
6146.08255529	1.857112e-16
6148.07119048	1.819947e-16
6150.05982566	1.818682e-16
6152.04846084	1.860052e-16
6154.03709602	1.882354e-16
6156.02573121	1.875559e-16
6158.01436639	1.888979e-16
6160.00300157	1.962591e-16
6161.99163675	1.946103e-16
6163.98027194	1.93067e-16
6165.96890712	1.96087e-16
6167.9575423	1.912185e-16
6169.94617748	1.936467e-16
6171.93481266	1.95184e-16
6173.92344785	1.913067e-16
6175.91208303	1.904946e-16
6177.90071821	1.940334e-16
6179.88935339	1.924332e-16
6181.87798858	1.911552e-16
6183.86662376	1.965842e-16
6185.85525894	1.916091e-16
6187.84389412	1.973341e-16
6189.83252931	1.963648e-16
6191.82116449	1.913884e-16
6193.80979967	1.957925e-16
6195.79843485	1.969707e-16
6197.78707004	1.875421e-16
6199.77570522	1.837532e-16
6201.7643404	1.80942e-16
6203.75297558	1.811567e-16
6205.74161077	1.856979e-16
6207.73024595	1.831846e-16
6209.71888113	1.839895e-16
6211.70751631	1.773583e-16
6213.69615149	1.845797e-16
6215.68478668	1.905217e-16
6217.67342186	1.872258e-16
6219.66205704	1.884133e-16
6221.65069222	1.907126e-16
6223.63932741	1.83926e-16
6225.62796259	1.826634e-16
6227.61659777	1.852944e-16
6229.60523295	1.829005e-16
6231.59386814	1.799037e-16
6233.58250332	1.771014e-16
6235.5711385	1.777489e-16
6237.55977368	1.858092e-16
6239.54840887	1.834066e-16
6241.53704405	1.792769e-16
6243.52567923	1.815375e-16
6245.51431441	1.752071e-16
6247.5029496	1.817964e-16
6249.49158478	1.791061e-16
6251.48021996	1.745247e-16
6253.46885514	1.734639e-16
6255.45749032	1.762226e-16
6257.44612551	1.768933e-16
6259.43476069	1.793831e-16
6261.42339587	1.702945e-16
6263.41203105	1.689313e-16
6265.40066624	1.72045e-16
6267.38930142	1.728786e-16
6269.3779366	1.687298e-16
6271.36657178	1.645711e-16
6273.35520697	1.646508e-16
6275.34384215	1.603127e-16
6277.33247733	1.57548e-16
6279.32111251	1.575162e-16
6281.3097477	1.633784e-16
6283.29838288	1.613614e-16
6285.28701806	1.581187e-16
6287.27565324	1.589224e-16
6289.26428843	1.576482e-16
6291.25292361	1.565592e-16
6293.24155879	1.55438e-16
6295.23019397	1.555749e-16
6297.21882915	1.594136e-16
6299.20746434	1.54265e-16
6301.19609952	1.598531e-16
6303.1847347	1.55663e-16
6305.17336988	1.545413e-16
6307.16200507	1.504424e-16
6309.15064025	1.511469e-16
6311.13927543	1.52489e-16
6313.12791061	1.518867e-16
6315.1165458	1.520352e-16
6317.10518098	1.54949e-16
6319.09381616	1.548558e-16
6321.08245134	1.588802e-16
6323.07108653	1.546431e-16
6325.05972171	1.557259e-16
6327.04835689	1.538605e-16
6329.03699207	1.520252e-16
6331.02562726	1.54687e-16
6333.01426244	1.547449e-16
6335.00289762	1.535701e-16
6336.9915328	1.515449e-16
6338.98016798	1.503788e-16
6340.96880317	1.508298e-16
6342.95743835	1.600606e-16
6344.94607353	1.564245e-16
6346.93470871	1.521857e-16
6348.9233439	1.506893e-16
6350.91197908	1.579831e-16
6352.90061426	1.53415e-16
6354.88924944	1.45035e-16
6356.87788463	1.453354e-16
6358.86651981	1.45415e-16
6360.85515499	1.506785e-16
6362.84379017	1.474704e-16
6364.83242536	1.456176e-16
6366.82106054	1.517649e-16
6368.80969572	1.497953e-16
6370.7983309	1.407312e-16
6372.78696609	1.390083e-16
6374.77560127	1.417348e-16
6376.76423645	1.462146e-16
6378.75287163	1.365214e-16
6380.74150681	1.37436e-16
6382.730142	1.36249e-16
6384.71877718	1.365258e-16
6386.70741236	1.385245e-16
6388.69604754	1.269931e-16
6390.68468273	1.237229e-16
6392.67331791	1.263656e-16
6394.66195309	1.207862e-16
6396.65058827	1.144207e-16
6398.63922346	1.121585e-16
6400.62785864	1.161516e-16
6402.61649382	1.104879e-16
6404.605129	1.097655e-16
6406.59376419	1.07101e-16
6408.58239937	1.055399e-16
6410.57103455	1.025706e-16
6412.55966973	1.018168e-16
6414.54830492	9.861033e-17
6416.5369401	9.267147e-17
6418.52557528	9.348435e-17
6420.51421046	9.069941e-17
6422.50284564	8.873785e-17
6424.49148083	8.510537e-17
6426.48011601	8.143993e-17
6428.46875119	8.663074e-17
6430.45738637	8.252844e-17
6432.44602156	7.711063e-17
6434.43465674	7.67213e-17
6436.42329192	7.563442e-17
6438.4119271	7.278637e-17
6440.40056229	7.29478e-17
6442.38919747	7.062141e-17
6444.37783265	6.993138e-17
6446.36646783	6.935901e-17
6448.35510302	6.627357e-17
6450.3437382	6.512476e-17
6452.33237338	6.735209e-17
6454.32100856	6.41148e-17
6456.30964375	6.077832e-17
6458.29827893	6.079529e-17
6460.28691411	6.203798e-17
6462.27554929	6.321993e-17
6464.26418447	6.581946e-17
6466.25281966	6.048262e-17
6468.24145484	6.061239e-17
6470.23009002	6.244067e-17
6472.2187252	6.204681e-17
6474.20736039	5.807418e-17
6476.19599557	5.754471e-17
6478.18463075	5.901551e-17
6480.17326593	5.732786e-17
6482.16190112	6.088884e-17
6484.1505363	6.329439e-17
6486.13917148	6.15196e-17
6488.12780666	6.495126e-17
6490.11644185	6.246513e-17
6492.10507703	6.043135e-17
6494.09371221	6.68141e-17
6496.08234739	6.665361e-17
6498.07098258	6.368149e-17
6500.05961776	6.644534e-17
6502.04825294	6.798602e-17
6504.03688812	6.61013e-17
6506.0255233	7.002793e-17
6508.01415849	7.280786e-17
6510.00279367	7.239589e-17
6511.99142885	7.114361e-17
6513.98006403	7.412518e-17
6515.96869922	7.502852e-17
6517.9573344	7.312698e-17
6519.94596958	7.642182e-17
6521.93460476	8.066992e-17
6523.92323995	8.377947e-17
6525.91187513	8.560626e-17
6527.90051031	8.455684e-17
6529.88914549	8.475846e-17
6531.87778068	8.62383e-17
6533.86641586	9.244224e-17
6535.85505104	9.544218e-17
6537.84368622	9.643096e-17
6539.83232141	9.867095e-17
6541.82095659	1.019302e-16
6543.80959177	1.032952e-16
6545.79822695	1.054681e-16
6547.78686213	1.039063e-16
6549.77549732	1.021624e-16
6551.7641325	1.043873e-16
6553.75276768	1.037454e-16
6555.74140286	1.078751e-16
6557.73003805	1.151014e-16
6559.71867323	1.137493e-16
6561.70730841	1.151101e-16
6563.69594359	1.15597e-16
6565.68457878	1.209219e-16
6567.67321396	1.23181e-16
6569.66184914	1.227811e-16
6571.65048432	1.25659e-16
6573.63911951	1.213768e-16
6575.62775469	1.24014e-16
6577.61638987	1.291524e-16
6579.60502505	1.299977e-16
6581.59366024	1.305103e-16
6583.58229542	1.28281e-16
6585.5709306	1.274197e-16
6587.55956578	1.359879e-16
6589.54820096	1.331752e-16
6591.53683615	1.342217e-16
6593.52547133	1.307217e-16
6595.51410651	1.382376e-16
6597.50274169	1.40592e-16
6599.49137688	1.390062e-16
6601.48001206	1.412032e-16
6603.46864724	1.37614e-16
6605.45728242	1.368295e-16
6607.44591761	1.359783e-16
6609.43455279	1.386747e-16
6611.42318797	1.396233e-16
6613.41182315	1.361029e-16
6615.40045834	1.338695e-16
6617.38909352	1.38252e-16
6619.3777287	1.420865e-16
6621.36636388	1.40073e-16
6623.35499907	1.416348e-16
6625.34363425	1.42446e-16
6627.33226943	1.461511e-16
6629.32090461	1.422585e-16
6631.30953979	1.429533e-16
6633.29817498	1.46872e-16
6635.28681016	1.431203e-16
6637.27544534	1.43405e-16
6639.26408052	1.432936e-16
6641.25271571	1.382005e-16
6643.24135089	1.361826e-16
6645.22998607	1.353723e-16
6647.21862125	1.39361e-16
6649.20725644	1.456171e-16
6651.19589162	1.476458e-16
6653.1845268	1.476436e-16
6655.17316198	1.418211e-16
6657.16179717	1.41872e-16
6659.15043235	1.421108e-16
6661.13906753	1.450794e-16
6663.12770271	1.413979e-16
6665.1163379	1.397835e-16
6667.10497308	1.42221e-16
6669.09360826	1.391488e-16
6671.08224344	1.399423e-16
6673.07087862	1.417677e-16
6675.05951381	1.459624e-16
6677.04814899	1.419921e-16
6679.03678417	1.408434e-16
6681.02541935	1.393257e-16
6683.01405454	1.425743e-16
6685.00268972	1.412767e-16
6686.9913249	1.411162e-16
6688.97996008	1.406322e-16
6690.96859527	1.425243e-16
6692.95723045	1.419756e-16
6694.94586563	1.435754e-16
6696.93450081	1.440853e-16
6698.923136	1.41317e-16
6700.91177118	1.411388e-16
6702.90040636	1.384909e-16
6704.88904154	1.372936e-16
6706.87767673	1.409911e-16
6708.86631191	1.419124e-16
6710.85494709	1.409258e-16
6712.84358227	1.389866e-16
6714.83221745	1.406965e-16
6716.82085264	1.415873e-16
6718.80948782	1.38589e-16
6720.798123	1.408208e-16
6722.78675818	1.409485e-16
6724.77539337	1.359406e-16
6726.76402855	1.357285e-16
6728.75266373	1.349004e-16
6730.74129891	1.381814e-16
6732.7299341	1.386536e-16
6734.71856928	1.360125e-16
6736.70720446	1.393265e-16
6738.69583964	1.42562e-16
6740.68447483	1.412942e-16
6742.67311001	1.390068e-16
6744.66174519	1.390943e-16
6746.65038037	1.397023e-16
6748.63901556	1.373011e-16
6750.62765074	1.337785e-16
6752.61628592	1.342139e-16
6754.6049211	1.389906e-16
6756.59355628	1.379661e-16
6758.58219147	1.359302e-16
6760.57082665	1.409745e-16
6762.55946183	1.422203e-16
6764.54809701	1.341179e-16
6766.5367322	1.346771e-16
6768.52536738	1.355117e-16
6770.51400256	1.368862e-16
6772.50263774	1.369517e-16
6774.49127293	1.358523e-16
6776.47990811	1.37694e-16
6778.46854329	1.3897e-16
6780.45717847	1.410077e-16
6782.44581366	1.34006e-16
6784.43444884	1.320125e-16
6786.42308402	1.331007e-16
6788.4117192	1.34497e-16
6790.40035439	1.347182e-16
6792.38898957	1.323756e-16
6794.37762475	1.334642e-16
6796.36625993	1.339407e-16
6798.35489511	1.301943e-16
6800.3435303	1.321787e-16
6802.33216548	1.354518e-16
6804.32080066	1.335171e-16
6806.30943584	1.297956e-16
6808.29807103	1.296287e-16
6810.28670621	1.282065e-16
6812.27534139	1.314788e-16
6814.26397657	1.352702e-16
6816.25261176	1.325543e-16
6818.24124694	1.33751e-16
6820.22988212	1.318651e-16
6822.2185173	1.300173e-16
6824.20715249	1.284004e-16
6826.19578767	1.249913e-16
6828.18442285	1.283007e-16
6830.17305803	1.253997e-16
6832.16169322	1.284439e-16
6834.1503284	1.327426e-16
6836.13896358	1.285479e-16
6838.12759876	1.291668e-16
6840.11623394	1.271533e-16
6842.10486913	1.293002e-16
6844.09350431	1.301137e-16
6846.08213949	1.283611e-16
6848.07077467	1.286297e-16
6850.05940986	1.291683e-16
6852.04804504	1.283519e-16
6854.03668022	1.246092e-16
6856.0253154	1.271106e-16
6858.01395059	1.278957e-16
6860.00258577	1.264834e-16
6861.99122095	1.237554e-16
6863.97985613	1.186325e-16
6865.96849132	1.063357e-16
6867.9571265	9.474373e-17
6869.94576168	9.095542e-17
6871.93439686	9.181402e-17
6873.92303205	9.578541e-17
6875.91166723	1.000793e-16
6877.90030241	1.068785e-16
6879.88893759	1.122563e-16
6881.87757277	1.122156e-16
6883.86620796	1.113522e-16
6885.85484314	1.103156e-16
6887.84347832	1.043512e-16
6889.8321135	1.014069e-16
6891.82074869	1.063393e-16
6893.80938387	1.056521e-16
6895.79801905	1.063792e-16
6897.78665423	1.065626e-16
6899.77528942	1.063167e-16
6901.7639246	1.100448e-16
6903.75255978	1.140038e-16
6905.74119496	1.16504e-16
6907.72983015	1.204815e-16
6909.71846533	1.237454e-16
6911.70710051	1.222294e-16
6913.69573569	1.277414e-16
6915.68437088	1.25724e-16
6917.67300606	1.148909e-16
6919.66164124	1.094645e-16
6921.65027642	1.095862e-16
6923.6389116	1.123159e-16
6925.62754679	1.112543e-16
6927.61618197	1.111931e-16
6929.60481715	1.116552e-16
6931.59345233	1.109372e-16
6933.58208752	1.057904e-16
6935.5707227	1.047407e-16
6937.55935788	1.067842e-16
6939.54799306	1.078561e-16
6941.53662825	1.018245e-16
6943.52526343	1.024186e-16
6945.51389861	1.082897e-16
6947.50253379	1.066796e-16
6949.49116898	1.058443e-16
6951.47980416	1.075251e-16
6953.46843934	1.059818e-16
6955.45707452	1.052688e-16
6957.44570971	1.044431e-16
6959.43434489	1.005526e-16
6961.42298007	1.027727e-16
6963.41161525	1.030715e-16
6965.40025043	1.029755e-16
6967.38888562	1.026081e-16
6969.3775208	1.060284e-16
6971.36615598	1.071797e-16
6973.35479116	9.968583e-17
6975.34342635	1.019746e-16
6977.33206153	1.021102e-16
6979.32069671	9.524214e-17
6981.30933189	9.743038e-17
6983.29796708	1.002882e-16
6985.28660226	9.411014e-17
6987.27523744	9.366101e-17
6989.26387262	9.794353e-17
6991.25250781	9.588773e-17
6993.24114299	9.374276e-17
6995.22977817	9.630042e-17
6997.21841335	9.630387e-17
6999.20704854	9.48514e-17
7001.19568372	9.60791e-17
7003.1843189	9.865577e-17
7005.17295408	9.881704e-17
7007.16158926	9.767234e-17
7009.15022445	9.192493e-17
7011.13885963	8.980666e-17
7013.12749481	9.235498e-17
7015.11612999	8.980778e-17
7017.10476518	9.215642e-17
7019.09340036	9.605921e-17
7021.08203554	9.219935e-17
7023.07067072	9.148139e-17
7025.05930591	9.023172e-17
7027.04794109	8.880771e-17
7029.03657627	8.664941e-17
7031.02521145	8.774881e-17
7033.01384664	9.443908e-17
7035.00248182	9.219025e-17
7036.991117	9.009393e-17
7038.97975218	8.961759e-17
7040.96838737	8.786715e-17
7042.95702255	8.652944e-17
7044.94565773	8.903373e-17
7046.93429291	8.836056e-17
7048.92292809	9.089032e-17
7050.91156328	9.070955e-17
7052.90019846	8.644661e-17
7054.88883364	8.381159e-17
7056.87746882	8.527204e-17
7058.86610401	8.682812e-17
7060.85473919	8.826758e-17
7062.84337437	9.095174e-17
7064.83200955	8.74199e-17
7066.82064474	8.646948e-17
7068.80927992	8.809598e-17
7070.7979151	8.900657e-17
7072.78655028	8.431105e-17
7074.77518547	8.568469e-17
7076.76382065	8.455635e-17
7078.75245583	8.30045e-17
7080.74109101	8.562518e-17
7082.7297262	8.805553e-17
7084.71836138	8.755786e-17
7086.70699656	8.404719e-17
7088.69563174	8.349633e-17
7090.68426692	8.306353e-17
7092.67290211	8.490639e-17
7094.66153729	8.342975e-17
7096.65017247	8.101494e-17
7098.63880765	8.371919e-17
7100.62744284	8.676984e-17
7102.61607802	8.491695e-17
7104.6047132	8.080796e-17
7106.59334838	8.384183e-17
7108.58198357	8.305676e-17
7110.57061875	8.665954e-17
7112.55925393	8.416828e-17
7114.54788911	8.465681e-17
7116.5365243	8.512363e-17
