#	 ps16fbb 
#	 UT date of observation: 20161125 
#	 Telescope/Instrument: SALT/RSS 
#	 Estimated Peak MJD: 57719.5 
#	 Estimated redshift: 0.052 
#	 Estimated Phase: -2.4 
#	 Published in Dettman et al. 2020 
#	 Observed barycentric wavelength (Angstroms)    F_lambda
3348.83300781	5.626236e-17
3351.8199892	4.35772e-17
3354.8069706	6.266921e-17
3357.79395199	7.027074e-17
3360.78093338	3.773415e-17
3363.76791477	4.815285e-17
3366.75489616	6.895425e-17
3369.74187756	8.493041e-17
3372.72885895	8.249867e-17
3375.71584034	6.180188e-17
3378.70282173	4.860195e-17
3381.68980312	6.066463e-17
3384.67678452	6.744405e-17
3387.66376591	6.90942e-17
3390.6507473	6.944079e-17
3393.63772869	8.606876e-17
3396.62471008	1.130018e-16
3399.61169147	9.286499e-17
3402.59867287	7.355849e-17
3405.58565426	9.04541e-17
3408.57263565	1.080154e-16
3411.55961704	1.219017e-16
3414.54659843	1.374564e-16
3417.53357983	1.182687e-16
3420.52056122	8.828157e-17
3423.50754261	1.113999e-16
3426.494524	1.417406e-16
3429.48150539	1.48057e-16
3432.46848679	1.323644e-16
3435.45546818	1.334787e-16
3438.44244957	1.440372e-16
3441.42943096	1.69368e-16
3444.41641235	1.672063e-16
3447.40339375	1.648658e-16
3450.39037514	1.80829e-16
3453.37735653	1.924354e-16
3456.36433792	2.037521e-16
3459.35131931	1.973779e-16
3462.3383007	2.365162e-16
3465.3252821	2.328173e-16
3468.31226349	2.241778e-16
3471.29924488	2.636656e-16
3474.28622627	2.559973e-16
3477.27320766	2.474087e-16
3480.26018906	2.328125e-16
3483.24717045	2.552897e-16
3486.23415184	2.575628e-16
3489.22113323	2.353627e-16
3492.20811462	2.373007e-16
3495.19509602	2.132556e-16
3498.18207741	2.249734e-16
3501.1690588	2.845796e-16
3504.15604019	3.095481e-16
3507.14302158	3.095413e-16
3510.13000298	3.282469e-16
3513.11698437	3.341274e-16
3516.10396576	3.066981e-16
3519.09094715	3.071034e-16
3522.07792854	3.109042e-16
3525.06490993	3.368939e-16
3528.05189133	3.518579e-16
3531.03887272	3.58826e-16
3534.02585411	3.613425e-16
3537.0128355	3.438022e-16
3539.99981689	3.474754e-16
3542.98679829	3.571569e-16
3545.97377968	3.357704e-16
3548.96076107	3.160607e-16
3551.94774246	3.106287e-16
3554.93472385	3.25564e-16
3557.92170525	3.482392e-16
3560.90868664	3.560941e-16
3563.89566803	3.539871e-16
3566.88264942	3.65578e-16
3569.86963081	3.63642e-16
3572.85661221	3.7076e-16
3575.8435936	3.769748e-16
3578.83057499	3.752068e-16
3581.81755638	3.847067e-16
3584.80453777	3.894528e-16
3587.79151917	3.864078e-16
3590.77850056	3.88451e-16
3593.76548195	3.891201e-16
3596.75246334	3.915048e-16
3599.73944473	4.015058e-16
3602.72642612	4.074994e-16
3605.71340752	4.034833e-16
3608.70038891	4.047382e-16
3611.6873703	4.165692e-16
3614.67435169	4.132459e-16
3617.66133308	3.942054e-16
3620.64831448	4.056293e-16
3623.63529587	4.193931e-16
3626.62227726	4.193729e-16
3629.60925865	4.353749e-16
3632.59624004	4.502342e-16
3635.58322144	4.61082e-16
3638.57020283	4.584532e-16
3641.55718422	4.506461e-16
3644.54416561	4.623101e-16
3647.531147	4.735822e-16
3650.5181284	4.785223e-16
3653.50510979	4.632145e-16
3656.49209118	4.502989e-16
3659.47907257	4.508179e-16
3662.46605396	4.561186e-16
3665.45303535	4.511138e-16
3668.44001675	4.59207e-16
3671.42699814	4.726746e-16
3674.41397953	4.760729e-16
3677.40096092	4.692234e-16
3680.38794231	4.827115e-16
3683.37492371	4.839304e-16
3686.3619051	4.905912e-16
3689.34888649	4.938035e-16
3692.33586788	5.177406e-16
3695.32284927	5.274079e-16
3698.30983067	5.239347e-16
3701.29681206	5.411074e-16
3704.28379345	5.4114e-16
3707.27077484	5.514762e-16
3710.25775623	5.378886e-16
3713.24473763	5.283819e-16
3716.23171902	5.486876e-16
3719.21870041	5.558164e-16
3722.2056818	5.517328e-16
3725.19266319	5.537613e-16
3728.17964458	5.578882e-16
3731.16662598	5.758797e-16
3734.15360737	5.681878e-16
3737.14058876	5.632989e-16
3740.12757015	5.666015e-16
3743.11455154	5.653812e-16
3746.10153294	5.721977e-16
3749.08851433	5.777696e-16
3752.07549572	5.816775e-16
3755.06247711	5.787856e-16
3758.0494585	5.738243e-16
3761.0364399	5.725136e-16
3764.02342129	5.740923e-16
3767.01040268	5.643498e-16
3769.99738407	5.604506e-16
3772.98436546	5.629302e-16
3775.97134686	5.527031e-16
3778.95832825	5.463749e-16
3781.94530964	5.367178e-16
3784.93229103	5.157689e-16
3787.91927242	4.973881e-16
3790.90625381	4.771152e-16
3793.89323521	4.568087e-16
3796.8802166	4.402713e-16
3799.86719799	4.201319e-16
3802.85417938	3.998263e-16
3805.84116077	3.781572e-16
3808.82814217	3.607444e-16
3811.81512356	3.470536e-16
3814.80210495	3.304892e-16
3817.78908634	3.114991e-16
3820.77606773	2.921197e-16
3823.76304913	2.774626e-16
3826.75003052	2.64495e-16
3829.73701191	2.498274e-16
3832.7239933	2.387377e-16
3835.71097469	2.254527e-16
3838.69795609	2.160429e-16
3841.68493748	2.092871e-16
3844.67191887	1.935164e-16
3847.65890026	1.804541e-16
3850.64588165	1.718801e-16
3853.63286304	1.666174e-16
3856.61984444	1.607585e-16
3859.60682583	1.559583e-16
3862.59380722	1.519806e-16
3865.58078861	1.424229e-16
3868.56777	1.397884e-16
3871.5547514	1.390041e-16
3874.54173279	1.374949e-16
3877.52871418	1.34652e-16
3880.51569557	1.298051e-16
3883.50267696	1.269894e-16
3886.48965836	1.252963e-16
3889.47663975	1.26838e-16
3892.46362114	1.267394e-16
3895.45060253	1.275886e-16
3898.43758392	1.315949e-16
3901.42456532	1.359036e-16
3904.41154671	1.357421e-16
3907.3985281	1.320671e-16
3910.38550949	1.41337e-16
3913.37249088	1.506075e-16
3916.35947227	1.599362e-16
3919.34645367	1.720495e-16
3922.33343506	1.745681e-16
3925.32041645	1.797736e-16
3928.30739784	1.885983e-16
3931.29437923	1.904825e-16
3934.28136063	1.879167e-16
3937.26834202	1.874519e-16
3940.25532341	1.883059e-16
3943.2423048	1.987089e-16
3946.22928619	2.113187e-16
3949.21626759	2.130458e-16
3952.20324898	2.282675e-16
3955.19023037	2.439419e-16
3958.17721176	2.580411e-16
3961.16419315	2.804776e-16
3964.15117455	2.806235e-16
3967.13815594	2.829943e-16
3970.12513733	2.912666e-16
3973.11211872	2.942842e-16
3976.09910011	2.987925e-16
3979.0860815	2.958219e-16
3982.0730629	2.881233e-16
3985.06004429	2.861789e-16
3988.04702568	2.896937e-16
3991.03400707	2.937667e-16
3994.02098846	2.960464e-16
3997.00796986	2.961001e-16
3999.99495125	3.003903e-16
4002.98193264	3.075004e-16
4005.96891403	3.105009e-16
4008.95589542	3.131021e-16
4011.94287682	3.170103e-16
4014.92985821	3.212939e-16
4017.9168396	3.299518e-16
4020.90382099	3.351635e-16
4023.89080238	3.373295e-16
4026.87778378	3.470475e-16
4029.86476517	3.550557e-16
4032.85174656	3.62087e-16
4035.83872795	3.719197e-16
4038.82570934	3.824801e-16
4041.81269073	3.972991e-16
4044.79967213	4.153853e-16
4047.78665352	4.266639e-16
4050.77363491	4.309584e-16
4053.7606163	4.438569e-16
4056.74759769	4.643329e-16
4059.73457909	4.807645e-16
4062.72156048	4.954835e-16
4065.70854187	5.112581e-16
4068.69552326	5.238416e-16
4071.68250465	5.339805e-16
4074.66948605	5.452527e-16
4077.65646744	5.572096e-16
4080.64344883	5.67722e-16
4083.63043022	5.789231e-16
4086.61741161	5.894498e-16
4089.60439301	5.944917e-16
4092.5913744	5.953903e-16
4095.57835579	6.006152e-16
4098.56533718	6.094367e-16
4101.55231857	6.185478e-16
4104.53929996	6.219657e-16
4107.52628136	6.236057e-16
4110.51326275	6.265488e-16
4113.50024414	6.312932e-16
4116.48722553	6.369432e-16
4119.47420692	6.457769e-16
4122.46118832	6.448652e-16
4125.44816971	6.430944e-16
4128.4351511	6.53105e-16
4131.42213249	6.588694e-16
4134.40911388	6.6484e-16
4137.39609528	6.759828e-16
4140.38307667	6.78703e-16
4143.37005806	6.862691e-16
4146.35703945	6.882189e-16
4149.34402084	6.943895e-16
4152.33100224	7.036406e-16
4155.31798363	7.117956e-16
4158.30496502	7.117737e-16
4161.29194641	7.118119e-16
4164.2789278	7.146096e-16
4167.26590919	7.099176e-16
4170.25289059	7.029328e-16
4173.23987198	6.925419e-16
4176.22685337	6.769629e-16
4179.21383476	6.60701e-16
4182.20081615	6.458868e-16
4185.18779755	6.309803e-16
4188.17477894	6.147041e-16
4191.16176033	6.045351e-16
4194.14874172	5.923234e-16
4197.13572311	5.857633e-16
4200.12270451	5.786448e-16
4203.1096859	5.708457e-16
4206.09666729	5.699402e-16
4209.08364868	5.673822e-16
4212.07063007	5.651023e-16
4215.05761147	5.584482e-16
4218.04459286	5.551831e-16
4221.03157425	5.504508e-16
4224.01855564	5.540119e-16
4227.00553703	5.582034e-16
4229.99251842	5.623998e-16
4232.97949982	5.699015e-16
4235.96648121	5.715161e-16
4238.9534626	5.731309e-16
4241.94044399	5.747455e-16
4244.92742538	5.763601e-16
4247.91440678	5.728081e-16
4250.90138817	5.832233e-16
4253.88836956	5.951961e-16
4256.87535095	6.014546e-16
4259.86233234	6.055895e-16
4262.84931374	6.10052e-16
4265.83629513	6.114446e-16
4268.82327652	6.19631e-16
4271.81025791	6.2728e-16
4274.7972393	6.278212e-16
4277.7842207	6.29627e-16
4280.77120209	6.300155e-16
4283.75818348	6.319211e-16
4286.74516487	6.361123e-16
4289.73214626	6.324899e-16
4292.71912766	6.304825e-16
4295.70610905	6.305433e-16
4298.69309044	6.261974e-16
4301.68007183	6.201522e-16
4304.66705322	6.163814e-16
4307.65403461	6.164815e-16
4310.64101601	6.191111e-16
4313.6279974	6.093032e-16
4316.61497879	6.016372e-16
4319.60196018	6.037218e-16
4322.58894157	5.91499e-16
4325.57592297	5.836028e-16
4328.56290436	5.793458e-16
4331.54988575	5.740933e-16
4334.53686714	5.713478e-16
4337.52384853	5.698331e-16
4340.51082993	5.623381e-16
4343.49781132	5.489932e-16
4346.48479271	5.451882e-16
4349.4717741	5.427855e-16
4352.45875549	5.313189e-16
4355.44573689	5.339855e-16
4358.43271828	5.252912e-16
4361.41969967	5.189986e-16
4364.40668106	5.154542e-16
4367.39366245	5.131519e-16
4370.38064384	5.150922e-16
4373.36762524	5.088455e-16
4376.35460663	5.047987e-16
4379.34158802	5.017822e-16
4382.32856941	4.925633e-16
4385.3155508	4.892643e-16
4388.3025322	4.918536e-16
4391.28951359	4.899296e-16
4394.27649498	4.857387e-16
4397.26347637	4.817423e-16
4400.25045776	4.822174e-16
4403.23743916	4.78666e-16
4406.22442055	4.712433e-16
4409.21140194	4.618101e-16
4412.19838333	4.56055e-16
4415.18536472	4.511354e-16
4418.17234612	4.458574e-16
4421.15932751	4.410375e-16
4424.1463089	4.344595e-16
4427.13329029	4.254017e-16
4430.12027168	4.176246e-16
4433.10725307	4.134647e-16
4436.09423447	4.081346e-16
4439.08121586	4.025014e-16
4442.06819725	3.971646e-16
4445.05517864	3.884971e-16
4448.04216003	3.847711e-16
4451.02914143	3.837727e-16
4454.01612282	3.795034e-16
4457.00310421	3.76552e-16
4459.9900856	3.722642e-16
4462.97706699	3.615599e-16
4465.96404839	3.561109e-16
4468.95102978	3.563972e-16
4471.93801117	3.510034e-16
4474.92499256	3.459226e-16
4477.91197395	3.445544e-16
4480.89895535	3.407263e-16
4483.88593674	3.375229e-16
4486.87291813	3.371703e-16
4489.85989952	3.320269e-16
4492.84688091	3.23265e-16
4495.8338623	3.190639e-16
4498.8208437	3.197298e-16
4501.80782509	3.157136e-16
4504.79480648	3.096836e-16
4507.78178787	3.11887e-16
4510.76876926	3.132514e-16
4513.75575066	3.104437e-16
4516.74273205	3.085568e-16
4519.72971344	3.015752e-16
4522.71669483	2.995336e-16
4525.70367622	2.930634e-16
4528.69065762	2.889014e-16
4531.67763901	2.903715e-16
4534.6646204	2.914574e-16
4537.65160179	2.91526e-16
4540.63858318	2.897446e-16
4543.62556458	2.939299e-16
4546.61254597	2.932333e-16
4549.59952736	2.986364e-16
4552.58650875	3.064846e-16
4555.57349014	3.103801e-16
4558.56047153	3.151203e-16
4561.54745293	3.225412e-16
4564.53443432	3.274184e-16
4567.52141571	3.302221e-16
4570.5083971	3.288927e-16
4573.49537849	3.337272e-16
4576.48235989	3.362942e-16
4579.46934128	3.38961e-16
4582.45632267	3.457242e-16
4585.44330406	3.509773e-16
4588.43028545	3.549531e-16
4591.41726685	3.551106e-16
4594.40424824	3.597934e-16
4597.39122963	3.666036e-16
4600.37821102	3.672654e-16
4603.36519241	3.677258e-16
4606.35217381	3.6901e-16
4609.3391552	3.646296e-16
4612.32613659	3.641804e-16
4615.31311798	3.706686e-16
4618.30009937	3.713558e-16
4621.28708076	3.667746e-16
4624.27406216	3.642364e-16
4627.26104355	3.602445e-16
4630.24802494	3.593543e-16
4633.23500633	3.596292e-16
4636.22198772	3.546036e-16
4639.20896912	3.524766e-16
4642.19595051	3.504564e-16
4645.1829319	3.436264e-16
4648.16991329	3.381906e-16
4651.15689468	3.389611e-16
4654.14387608	3.405457e-16
4657.13085747	3.396948e-16
4660.11783886	3.386898e-16
4663.10482025	3.385585e-16
4666.09180164	3.38438e-16
4669.07878304	3.38287e-16
4672.06576443	3.391922e-16
4675.05274582	3.417697e-16
4678.03972721	3.459879e-16
4681.0267086	3.488018e-16
4684.01368999	3.514986e-16
4687.00067139	3.557381e-16
4689.98765278	3.776569e-16
4692.97463417	4.429217e-16
4695.96161556	5.081866e-16
4698.94859695	5.159561e-16
4701.93557835	5.261795e-16
4704.92255974	5.396837e-16
4707.90954113	5.493411e-16
4710.89652252	5.525422e-16
4713.88350391	5.569883e-16
4716.87048531	5.652151e-16
4719.8574667	5.667832e-16
4722.84444809	5.691661e-16
4725.83142948	5.738223e-16
4728.81841087	5.810028e-16
4731.80539227	5.825951e-16
4734.79237366	5.915031e-16
4737.77935505	6.052607e-16
4740.76633644	6.030718e-16
4743.75331783	6.036461e-16
4746.74029922	6.062951e-16
4749.72728062	6.081874e-16
4752.71426201	6.153344e-16
4755.7012434	6.14472e-16
4758.68822479	6.158949e-16
4761.67520618	6.159769e-16
4764.66218758	6.169344e-16
4767.64916897	6.16496e-16
4770.63615036	6.178472e-16
4773.62313175	6.184972e-16
4776.61011314	6.102974e-16
4779.59709454	6.097669e-16
4782.58407593	6.004404e-16
4785.57105732	5.930713e-16
4788.55803871	5.919176e-16
4791.5450201	5.96577e-16
4794.5320015	5.994631e-16
4797.51898289	5.984843e-16
4800.50596428	6.02319e-16
4803.49294567	5.900943e-16
4806.47992706	5.909596e-16
4809.46690845	5.971817e-16
4812.45388985	5.951352e-16
4815.44087124	5.944839e-16
4818.42785263	5.959306e-16
4821.41483402	5.90102e-16
4824.40181541	5.922933e-16
4827.38879681	5.983591e-16
4830.3757782	5.935396e-16
4833.36275959	5.998341e-16
4836.34974098	6.032237e-16
4839.33672237	5.968673e-16
4842.32370377	5.925993e-16
4845.31068516	5.879514e-16
4848.29766655	5.907175e-16
4851.28464794	5.996262e-16
4854.27162933	5.846012e-16
4857.25861073	5.878398e-16
4860.24559212	5.899199e-16
4863.23257351	5.917291e-16
4866.2195549	5.879777e-16
4869.20653629	5.764445e-16
4872.19351768	5.67392e-16
4875.18049908	5.58063e-16
4878.16748047	5.532157e-16
4881.15446186	5.463868e-16
4884.14144325	5.390306e-16
4887.12842464	5.245433e-16
4890.11540604	5.10766e-16
4893.10238743	5.022132e-16
4896.08936882	5.021314e-16
4899.07635021	4.799039e-16
4902.0633316	4.736527e-16
4905.050313	4.721634e-16
4908.03729439	4.626128e-16
4911.02427578	4.555573e-16
4914.01125717	4.585481e-16
4916.99823856	4.616307e-16
4919.98521996	4.606175e-16
4922.97220135	4.592475e-16
4925.95918274	4.551014e-16
4928.94616413	4.580104e-16
4931.93314552	4.586053e-16
4934.92012691	4.591725e-16
4937.90710831	4.551606e-16
4940.8940897	4.560883e-16
4943.88107109	4.529144e-16
4946.86805248	4.612551e-16
4949.85503387	4.620808e-16
4952.84201527	4.586359e-16
4955.82899666	4.627274e-16
4958.81597805	4.626949e-16
4961.80295944	4.584731e-16
4964.78994083	4.561712e-16
4967.77692223	4.541783e-16
4970.76390362	4.562113e-16
4973.75088501	4.498697e-16
4976.7378664	4.379337e-16
4979.72484779	4.334804e-16
4982.71182919	4.306708e-16
4985.69881058	4.230948e-16
4988.68579197	4.193439e-16
4991.67277336	4.106255e-16
4994.65975475	4.003784e-16
4997.64673615	3.97748e-16
5000.63371754	3.921672e-16
5003.62069893	3.845436e-16
5006.60768032	3.819883e-16
5009.59466171	3.78045e-16
5012.5816431	3.749602e-16
5015.5686245	3.733126e-16
5018.55560589	3.702875e-16
5021.54258728	3.784758e-16
5024.52956867	3.87535e-16
5027.51655006	3.894643e-16
5030.50353146	3.915563e-16
5033.49051285	3.973999e-16
5036.47749424	4.005743e-16
5039.46447563	3.996368e-16
5042.45145702	4.046609e-16
5045.43843842	4.127918e-16
5048.42541981	4.155303e-16
5051.4124012	4.134401e-16
5054.39938259	4.125108e-16
5057.38636398	4.08434e-16
5060.37334538	4.071725e-16
5063.36032677	4.073962e-16
5066.34730816	4.005574e-16
5069.33428955	3.987556e-16
5072.32127094	3.943971e-16
5075.30825233	3.827985e-16
5078.29523373	3.697754e-16
5081.28221512	3.633708e-16
5084.26919651	3.603904e-16
5087.2561779	3.536734e-16
5090.24315929	3.432948e-16
5093.23014069	3.361975e-16
5096.21712208	3.300055e-16
5099.20410347	3.213203e-16
5102.19108486	3.176837e-16
5105.17806625	3.140981e-16
5108.16504765	3.076924e-16
5111.15202904	3.064146e-16
5114.13901043	3.020094e-16
5117.12599182	2.939143e-16
5120.11297321	2.906983e-16
5123.09995461	2.898305e-16
5126.086936	2.894641e-16
5129.07391739	2.876144e-16
5132.06089878	2.857317e-16
5135.04788017	2.87984e-16
5138.03486156	2.864184e-16
5141.02184296	2.820731e-16
5144.00882435	3.05052e-16
5146.99580574	3.12153e-16
5149.98278713	3.140646e-16
5152.96976852	3.150277e-16
5155.95674992	3.206558e-16
5158.94373131	3.21861e-16
5161.9307127	3.251765e-16
5164.91769409	3.285376e-16
5167.90467548	3.306512e-16
5170.89165688	3.34321e-16
5173.87863827	3.371192e-16
5176.86561966	3.364932e-16
5179.85260105	3.407464e-16
5182.83958244	3.452431e-16
5185.82656384	3.449531e-16
5188.81354523	3.445259e-16
5191.80052662	3.442609e-16
5194.78750801	3.51241e-16
5197.7744894	3.525543e-16
5200.76147079	3.507045e-16
5203.74845219	3.507106e-16
5206.73543358	3.588411e-16
5209.72241497	3.567324e-16
5212.70939636	3.559038e-16
5215.69637775	3.584584e-16
5218.68335915	3.596533e-16
5221.67034054	3.568963e-16
5224.65732193	3.5303e-16
5227.64430332	3.487087e-16
5230.63128471	3.438279e-16
5233.61826611	3.342908e-16
5236.6052475	3.355012e-16
5239.59222889	3.334069e-16
5242.57921028	3.29939e-16
5245.56619167	3.305652e-16
5248.55317307	3.287469e-16
5251.54015446	3.31211e-16
5254.52713585	3.290145e-16
5257.51411724	3.333865e-16
5260.50109863	3.417914e-16
5263.48808002	3.533783e-16
5266.47506142	3.604602e-16
5269.46204281	3.594718e-16
5272.4490242	3.623605e-16
5275.43600559	3.674832e-16
5278.42298698	3.701366e-16
5281.40996838	3.615898e-16
5284.39694977	3.535242e-16
5287.38393116	3.504451e-16
5290.37091255	3.545811e-16
5293.35789394	3.575403e-16
5296.34487534	3.555097e-16
5299.33185673	3.57493e-16
5302.31883812	3.591487e-16
5305.30581951	3.603601e-16
5308.2928009	3.616714e-16
5311.2797823	3.670683e-16
5314.26676369	3.72112e-16
5317.25374508	3.747451e-16
5320.24072647	3.845213e-16
5323.22770786	3.855139e-16
5326.21468925	3.854557e-16
5329.20167065	3.881649e-16
5332.18865204	3.907145e-16
5335.17563343	3.953567e-16
5338.16261482	3.98222e-16
5341.14959621	3.997201e-16
5344.13657761	4.005826e-16
5347.123559	4.03505e-16
5350.11054039	4.143677e-16
5353.09752178	4.310439e-16
5356.08450317	4.246881e-16
5359.07148457	4.202063e-16
5362.05846596	4.213886e-16
5365.04544735	4.274356e-16
5368.03242874	4.29832e-16
5371.01941013	4.328338e-16
5374.00639153	4.384966e-16
5376.99337292	4.39277e-16
5379.98035431	4.390035e-16
5382.9673357	4.397763e-16
5385.95431709	4.405297e-16
5388.94129848	4.397718e-16
5391.92827988	4.363268e-16
5394.91526127	4.307635e-16
5397.90224266	4.291886e-16
5400.88922405	4.268587e-16
5403.87620544	4.219738e-16
5406.86318684	4.178835e-16
5409.85016823	4.139497e-16
5412.83714962	4.120265e-16
5415.82413101	4.106127e-16
5418.8111124	4.09993e-16
5421.7980938	4.095943e-16
5424.78507519	4.063237e-16
5427.77205658	4.030046e-16
5430.75903797	4.034241e-16
5433.74601936	4.027085e-16
5436.73300076	4.013649e-16
5439.71998215	3.979905e-16
5442.70696354	3.973073e-16
5445.69394493	4.035094e-16
5448.68092632	4.050831e-16
5451.66790771	4.019962e-16
5454.65488911	4.065953e-16
5457.6418705	4.097078e-16
5460.62885189	4.130012e-16
5463.61583328	4.128082e-16
5466.60281467	4.169941e-16
5469.58979607	4.185929e-16
5472.57677746	4.192937e-16
5475.56375885	4.218707e-16
5478.55074024	4.237018e-16
5481.53772163	4.267358e-16
5484.52470303	4.231856e-16
5487.51168442	4.180266e-16
5490.49866581	4.163244e-16
5493.4856472	4.136026e-16
5496.47262859	4.106862e-16
5499.45960999	4.018231e-16
5502.44659138	3.95378e-16
5505.43357277	3.863895e-16
5508.42055416	3.784121e-16
5511.40753555	3.695434e-16
5514.39451694	3.585581e-16
5517.38149834	3.506589e-16
5520.36847973	3.424885e-16
5523.35546112	3.389807e-16
5526.34244251	3.305907e-16
5529.3294239	3.217171e-16
5532.3164053	3.15256e-16
5535.30338669	3.081278e-16
5538.29036808	3.009156e-16
5541.27734947	2.939257e-16
5544.26433086	2.891894e-16
5547.25131226	2.853724e-16
5550.23829365	2.852638e-16
5553.22527504	2.814043e-16
5556.21225643	2.788104e-16
5559.19923782	2.801494e-16
5562.18621922	2.800378e-16
5565.17320061	2.799576e-16
5568.160182	2.725918e-16
5571.14716339	2.764888e-16
5574.13414478	2.757408e-16
5577.12112617	2.73533e-16
5580.10810757	2.813643e-16
5583.09508896	2.820338e-16
5586.08207035	2.838773e-16
5589.06905174	2.89561e-16
5592.05603313	2.84212e-16
5595.04301453	2.876063e-16
5598.02999592	2.888435e-16
5601.01697731	2.911149e-16
5604.0039587	2.922906e-16
5606.99094009	2.955249e-16
5609.97792149	2.983355e-16
5612.96490288	2.979457e-16
5615.95188427	3.012205e-16
5618.93886566	3.047836e-16
5621.92584705	3.056447e-16
5624.91282845	3.073051e-16
5627.89980984	3.117767e-16
5630.88679123	3.147086e-16
5633.87377262	3.167716e-16
5636.86075401	3.195733e-16
5639.8477354	3.16955e-16
5642.8347168	3.190003e-16
5645.82169819	3.178944e-16
5648.80867958	3.143981e-16
5651.79566097	3.157214e-16
5654.78264236	3.159844e-16
5657.76962376	3.134679e-16
5660.75660515	3.149701e-16
5663.74358654	3.148886e-16
5666.73056793	3.114686e-16
5669.71754932	3.137024e-16
5672.70453072	3.126942e-16
5675.69151211	3.10047e-16
5678.6784935	3.091724e-16
5681.66547489	3.015055e-16
5684.65245628	3.01883e-16
5687.63943768	3.002359e-16
5690.62641907	2.94928e-16
5693.61340046	2.946312e-16
5696.60038185	2.935874e-16
5699.58736324	2.911651e-16
5702.57434464	2.870037e-16
5705.56132603	2.78443e-16
5708.54830742	2.752947e-16
5711.53528881	2.734371e-16
5714.5222702	2.686409e-16
5717.50925159	2.648922e-16
5720.49623299	2.600143e-16
5723.48321438	2.539063e-16
5726.47019577	2.463283e-16
5729.45717716	2.44623e-16
5732.44415855	2.432297e-16
5735.43113995	2.413476e-16
5738.41812134	2.399545e-16
5741.40510273	2.385312e-16
5744.39208412	2.360946e-16
5747.37906551	2.348596e-16
5750.36604691	2.345761e-16
5753.3530283	2.351201e-16
5756.34000969	2.336082e-16
5759.32699108	2.342484e-16
5762.31397247	2.365157e-16
5765.30095387	2.431248e-16
5768.28793526	2.482959e-16
5771.27491665	2.484728e-16
5774.26189804	2.546362e-16
5777.24887943	2.607883e-16
5780.23586082	2.638521e-16
5783.22284222	2.680424e-16
5786.20982361	2.744754e-16
5789.196805	2.799199e-16
5792.18378639	2.824477e-16
5795.17076778	2.877146e-16
5798.15774918	2.965191e-16
5801.14473057	3.023956e-16
5804.13171196	3.05704e-16
5807.11869335	3.083018e-16
5810.10567474	3.144058e-16
5813.09265614	3.189817e-16
5816.07963753	3.219463e-16
5819.06661892	3.246109e-16
5822.05360031	3.303358e-16
5825.0405817	3.3517e-16
5828.0275631	3.347512e-16
5831.01454449	3.362246e-16
5834.00152588	3.42376e-16
5836.98850727	3.433979e-16
5839.97548866	3.44503e-16
5842.96247005	3.399065e-16
5845.94945145	3.389836e-16
5848.93643284	3.402432e-16
5851.92341423	3.314032e-16
5854.91039562	3.357177e-16
5857.89737701	3.350094e-16
5860.88435841	3.345402e-16
5863.8713398	3.342283e-16
5866.85832119	3.31647e-16
5869.84530258	3.26007e-16
5872.83228397	3.247488e-16
5875.81926537	3.219188e-16
5878.80624676	3.189965e-16
5881.79322815	3.215558e-16
5884.78020954	3.24482e-16
5887.76719093	3.276236e-16
5890.75417233	3.263608e-16
5893.74115372	3.298313e-16
5896.72813511	3.327062e-16
5899.7151165	3.239267e-16
5902.70209789	3.264656e-16
5905.68907928	3.300298e-16
5908.67606068	3.263741e-16
5911.66304207	3.282789e-16
5914.65002346	3.338114e-16
5917.63700485	3.289019e-16
5920.62398624	3.248885e-16
5923.61096764	3.28845e-16
5926.59794903	3.286864e-16
5929.58493042	3.269275e-16
5932.57191181	3.250206e-16
5935.5588932	3.236453e-16
5938.5458746	3.253528e-16
5941.53285599	3.233366e-16
5944.51983738	3.240237e-16
5947.50681877	3.235508e-16
5950.49380016	3.2476e-16
5953.48078156	3.254503e-16
5956.46776295	3.25097e-16
5959.45474434	3.256483e-16
5962.44172573	3.280083e-16
5965.42870712	3.297033e-16
5968.41568851	3.322328e-16
5971.40266991	3.294952e-16
5974.3896513	3.267249e-16
5977.37663269	3.25074e-16
5980.36361408	3.239841e-16
5983.35059547	3.253929e-16
5986.33757687	3.291628e-16
5989.32455826	3.283106e-16
5992.31153965	3.269256e-16
5995.29852104	3.31342e-16
5998.28550243	3.309228e-16
6001.27248383	3.283551e-16
6004.25946522	3.310434e-16
6007.24644661	3.273933e-16
6010.233428	3.289027e-16
6013.22040939	3.309481e-16
6016.20739079	3.226041e-16
6019.19437218	3.178578e-16
6022.18135357	3.187187e-16
6025.16833496	3.17165e-16
6028.15531635	3.130443e-16
6031.14229774	3.163328e-16
6034.12927914	3.179759e-16
6037.11626053	3.17734e-16
6040.10324192	3.229373e-16
6043.09022331	3.170986e-16
6046.0772047	3.069638e-16
6049.0641861	2.999473e-16
6052.05116749	2.948331e-16
6055.03814888	2.954449e-16
6058.02513027	2.957178e-16
6061.01211166	2.911836e-16
6063.99909306	2.871734e-16
6066.98607445	2.884597e-16
6069.97305584	2.89471e-16
6072.96003723	2.89012e-16
6075.94701862	2.835045e-16
6078.93400002	2.848678e-16
6081.92098141	2.871925e-16
6084.9079628	2.842377e-16
6087.89494419	2.833342e-16
6090.88192558	2.845104e-16
6093.86890697	2.871156e-16
6096.85588837	2.878802e-16
6099.84286976	2.869111e-16
6102.82985115	2.896556e-16
6105.81683254	2.909734e-16
6108.80381393	2.920284e-16
6111.79079533	2.878525e-16
6114.77777672	2.934203e-16
6117.76475811	2.978775e-16
6120.7517395	2.990505e-16
6123.73872089	3.008264e-16
6126.72570229	3.002073e-16
6129.71268368	3.001681e-16
6132.69966507	3.043904e-16
6135.68664646	3.061974e-16
6138.67362785	3.065541e-16
6141.66060925	3.074853e-16
6144.64759064	3.083241e-16
6147.63457203	3.050592e-16
6150.62155342	3.059181e-16
6153.60853481	3.079675e-16
6156.5955162	3.054856e-16
6159.5824976	3.045506e-16
6162.56947899	3.054365e-16
6165.55646038	3.0822e-16
6168.54344177	3.079269e-16
6171.53042316	3.09801e-16
6174.51740456	3.159122e-16
6177.50438595	3.176181e-16
6180.49136734	3.144825e-16
6183.47834873	3.073796e-16
6186.46533012	3.101489e-16
6189.45231152	3.152757e-16
6192.43929291	3.142308e-16
6195.4262743	3.129089e-16
6198.41325569	3.157398e-16
6201.40023708	3.161887e-16
6204.38721848	3.12677e-16
6207.37419987	3.137426e-16
6210.36118126	3.118015e-16
6213.34816265	3.134312e-16
6216.33514404	3.136238e-16
6219.32212543	3.164164e-16
6222.30910683	3.160339e-16
6225.29608822	3.123926e-16
6228.28306961	3.123009e-16
6231.270051	3.130768e-16
6234.25703239	3.131255e-16
6237.24401379	3.125568e-16
6240.23099518	3.122489e-16
6243.21797657	3.119996e-16
6246.20495796	3.100977e-16
6249.19193935	3.089587e-16
6252.17892075	3.097601e-16
6255.16590214	3.079874e-16
6258.15288353	3.076234e-16
6261.13986492	3.059715e-16
6264.12684631	3.055071e-16
6267.11382771	3.060357e-16
6270.1008091	3.04939e-16
6273.08779049	3.007772e-16
6276.07477188	2.984752e-16
6279.06175327	2.995605e-16
6282.04873466	2.965035e-16
6285.03571606	2.936903e-16
6288.02269745	2.925648e-16
6291.00967884	2.969334e-16
6293.99666023	2.967969e-16
6296.98364162	2.958258e-16
6299.97062302	2.919477e-16
6302.95760441	2.885814e-16
6305.9445858	2.85526e-16
6308.93156719	2.865186e-16
6311.91854858	2.879289e-16
6314.90552998	2.895784e-16
6317.89251137	2.875154e-16
6320.87949276	2.859361e-16
6323.86647415	2.823068e-16
6326.85345554	2.829492e-16
6329.84043694	2.805055e-16
6332.82741833	2.821529e-16
6335.81439972	2.800765e-16
6338.80138111	2.784031e-16
6341.7883625	2.759016e-16
6344.77534389	2.729067e-16
6347.76232529	2.716798e-16
6350.74930668	2.717033e-16
6353.73628807	2.692747e-16
6356.72326946	2.679679e-16
6359.71025085	2.657871e-16
6362.69723225	2.656185e-16
6365.68421364	2.65525e-16
6368.67119503	2.623153e-16
6371.65817642	2.558379e-16
6374.64515781	2.527041e-16
6377.63213921	2.501666e-16
6380.6191206	2.453297e-16
6383.60610199	2.425431e-16
6386.59308338	2.391142e-16
6389.58006477	2.30694e-16
6392.56704617	2.24704e-16
6395.55402756	2.204135e-16
6398.54100895	2.153945e-16
6401.52799034	2.131858e-16
6404.51497173	2.075186e-16
6407.50195313	2.005024e-16
6410.48893452	1.948364e-16
6413.47591591	1.876947e-16
6416.4628973	1.830245e-16
6419.44987869	1.775849e-16
6422.43686008	1.72439e-16
6425.42384148	1.687154e-16
6428.41082287	1.631232e-16
6431.39780426	1.610835e-16
6434.38478565	1.572248e-16
6437.37176704	1.495789e-16
6440.35874844	1.457594e-16
6443.34572983	1.466703e-16
6446.33271122	1.456142e-16
6449.31969261	1.415267e-16
6452.306674	1.379239e-16
6455.2936554	1.361753e-16
6458.28063679	1.352228e-16
6461.26761818	1.36186e-16
6464.25459957	1.360209e-16
6467.24158096	1.373349e-16
6470.22856236	1.360909e-16
6473.21554375	1.348995e-16
6476.20252514	1.386676e-16
6479.18950653	1.400493e-16
6482.17648792	1.396578e-16
6485.16346931	1.441294e-16
6488.15045071	1.489321e-16
6491.1374321	1.485734e-16
6494.12441349	1.474092e-16
6497.11139488	1.52039e-16
6500.09837627	1.542447e-16
6503.08535767	1.579955e-16
6506.07233906	1.642417e-16
6509.05932045	1.701666e-16
6512.04630184	1.736366e-16
6515.03328323	1.768637e-16
6518.02026463	1.813439e-16
6521.00724602	1.858208e-16
6523.99422741	1.890911e-16
6526.9812088	1.91476e-16
6529.96819019	1.958321e-16
6532.95517159	1.977592e-16
6535.94215298	2.002483e-16
6538.92913437	2.060641e-16
6541.91611576	2.117571e-16
6544.90309715	2.16254e-16
6547.89007854	2.144175e-16
6550.87705994	2.201609e-16
6553.86404133	2.207935e-16
6556.85102272	2.248547e-16
6559.83800411	2.274772e-16
6562.8249855	2.318089e-16
6565.8119669	2.31268e-16
6568.79894829	2.394144e-16
6571.78592968	2.406466e-16
6574.77291107	2.373189e-16
6577.75989246	2.396163e-16
6580.74687386	2.435926e-16
6583.73385525	2.457218e-16
6586.72083664	2.476747e-16
6589.70781803	2.518048e-16
6592.69479942	2.523882e-16
6595.68178082	2.519655e-16
6598.66876221	2.54728e-16
6601.6557436	2.574308e-16
6604.64272499	2.580997e-16
6607.62970638	2.599719e-16
6610.61668777	2.615917e-16
6613.60366917	2.592218e-16
6616.59065056	2.581415e-16
6619.57763195	2.619034e-16
6622.56461334	2.631631e-16
6625.55159473	2.630394e-16
6628.53857613	2.636252e-16
6631.52555752	2.671225e-16
6634.51253891	2.702359e-16
6637.4995203	2.690593e-16
6640.48650169	2.67933e-16
6643.47348309	2.663067e-16
6646.46046448	2.671966e-16
6649.44744587	2.677761e-16
6652.43442726	2.662147e-16
6655.42140865	2.668978e-16
6658.40839005	2.663767e-16
6661.39537144	2.646294e-16
6664.38235283	2.648756e-16
6667.36933422	2.649552e-16
6670.35631561	2.654177e-16
6673.343297	2.636822e-16
6676.3302784	2.627247e-16
6679.31725979	2.628244e-16
6682.30424118	2.62621e-16
6685.29122257	2.615567e-16
6688.27820396	2.606452e-16
6691.26518536	2.614959e-16
6694.25216675	2.598288e-16
6697.23914814	2.617203e-16
6700.22612953	2.639084e-16
6703.21311092	2.616233e-16
6706.20009232	2.593621e-16
6709.18707371	2.577592e-16
6712.1740551	2.574429e-16
6715.16103649	2.549641e-16
6718.14801788	2.52274e-16
6721.13499928	2.521036e-16
6724.12198067	2.523922e-16
6727.10896206	2.550291e-16
6730.09594345	2.542996e-16
6733.08292484	2.503116e-16
6736.06990623	2.475699e-16
6739.05688763	2.44865e-16
6742.04386902	2.44397e-16
6745.03085041	2.464938e-16
6748.0178318	2.463723e-16
6751.00481319	2.429413e-16
6753.99179459	2.416978e-16
6756.97877598	2.410898e-16
6759.96575737	2.390957e-16
6762.95273876	2.390107e-16
6765.93972015	2.363231e-16
6768.92670155	2.338151e-16
6771.91368294	2.329625e-16
6774.90066433	2.335922e-16
6777.88764572	2.305065e-16
6780.87462711	2.273867e-16
6783.86160851	2.266435e-16
6786.8485899	2.248403e-16
6789.83557129	2.246891e-16
6792.82255268	2.256449e-16
6795.80953407	2.241934e-16
6798.79651546	2.224032e-16
6801.78349686	2.188375e-16
6804.77047825	2.208017e-16
6807.75745964	2.193795e-16
6810.74444103	2.222314e-16
6813.73142242	2.185241e-16
6816.71840382	2.200341e-16
6819.70538521	2.207465e-16
6822.6923666	2.181034e-16
6825.67934799	2.18338e-16
6828.66632938	2.150281e-16
6831.65331078	2.171937e-16
6834.64029217	2.125041e-16
6837.62727356	2.107541e-16
6840.61425495	2.130089e-16
6843.60123634	2.113197e-16
6846.58821774	2.106369e-16
6849.57519913	2.099542e-16
6852.56218052	2.092716e-16
6855.54916191	2.085888e-16
6858.5361433	2.079061e-16
6861.52312469	2.072234e-16
6864.51010609	2.065406e-16
6867.49708748	2.058579e-16
6870.48406887	2.051753e-16
6873.47105026	2.044925e-16
6876.45803165	2.038098e-16
6879.44501305	2.031271e-16
6882.43199444	2.024443e-16
6885.41897583	2.017616e-16
6888.40595722	2.01079e-16
6891.39293861	2.003962e-16
6894.37992001	1.997135e-16
6897.3669014	1.990308e-16
6900.35388279	1.98348e-16
6903.34086418	1.976653e-16
6906.32784557	1.969826e-16
6909.31482697	1.962999e-16
6912.30180836	1.956172e-16
6915.28878975	1.949345e-16
6918.27577114	1.942517e-16
6921.26275253	1.93569e-16
6924.24973392	1.928863e-16
6927.23671532	1.922036e-16
6930.22369671	1.915209e-16
6933.2106781	1.908382e-16
6936.19765949	1.901554e-16
6939.18464088	1.894727e-16
6942.17162228	1.8879e-16
6945.15860367	1.881073e-16
6948.14558506	1.874246e-16
6951.13256645	1.867419e-16
6954.11954784	1.860591e-16
6957.10652924	1.853764e-16
6960.09351063	1.846936e-16
6963.08049202	1.840109e-16
6966.06747341	1.833283e-16
6969.0544548	1.826455e-16
6972.0414362	1.819628e-16
6975.02841759	1.812883e-16
6978.01539898	1.808494e-16
6981.00238037	1.820081e-16
6983.98936176	1.815535e-16
6986.97634315	1.815497e-16
6989.96332455	1.799066e-16
6992.95030594	1.783596e-16
6995.93728733	1.783446e-16
6998.92426872	1.770551e-16
7001.91125011	1.747736e-16
7004.89823151	1.754269e-16
7007.8852129	1.76508e-16
7010.87219429	1.767891e-16
7013.85917568	1.767354e-16
7016.84615707	1.736372e-16
7019.83313847	1.738979e-16
7022.82011986	1.75815e-16
7025.80710125	1.756949e-16
7028.79408264	1.744457e-16
7031.78106403	1.73543e-16
7034.76804543	1.739756e-16
7037.75502682	1.732416e-16
7040.74200821	1.740089e-16
7043.7289896	1.709492e-16
7046.71597099	1.685776e-16
7049.70295238	1.737411e-16
7052.68993378	1.753362e-16
7055.67691517	1.733023e-16
7058.66389656	1.759355e-16
7061.65087795	1.782096e-16
7064.63785934	1.802749e-16
7067.62484074	1.803906e-16
7070.61182213	1.816221e-16
7073.59880352	1.839675e-16
7076.58578491	1.854e-16
7079.5727663	1.823406e-16
7082.5597477	1.775018e-16
7085.54672909	1.740253e-16
7088.53371048	1.723339e-16
7091.52069187	1.731482e-16
7094.50767326	1.714011e-16
7097.49465466	1.681397e-16
7100.48163605	1.64711e-16
7103.46861744	1.621856e-16
7106.45559883	1.635933e-16
7109.44258022	1.629585e-16
7112.42956162	1.624768e-16
7115.41654301	1.617754e-16
7118.4035244	1.633119e-16
7121.39050579	1.638219e-16
7124.37748718	1.607254e-16
7127.36446857	1.591798e-16
7130.35144997	1.580186e-16
7133.33843136	1.586918e-16
7136.32541275	1.571901e-16
7139.31239414	1.591014e-16
7142.29937553	1.575323e-16
7145.28635693	1.553492e-16
7148.27333832	1.554797e-16
7151.26031971	1.553919e-16
7154.2473011	1.546941e-16
7157.23428249	1.52382e-16
7160.22126389	1.533212e-16
7163.20824528	1.536512e-16
7166.19522667	1.500411e-16
7169.18220806	1.465497e-16
7172.16918945	1.438511e-16
7175.15617085	1.427357e-16
7178.14315224	1.398886e-16
7181.13013363	1.403847e-16
7184.11711502	1.369777e-16
7187.10409641	1.348116e-16
7190.0910778	1.366285e-16
7193.0780592	1.361824e-16
7196.06504059	1.357183e-16
7199.05202198	1.373341e-16
7202.03900337	1.396115e-16
7205.02598476	1.402079e-16
7208.01296616	1.427958e-16
7210.99994755	1.44791e-16
7213.98692894	1.474833e-16
7216.97391033	1.495792e-16
7219.96089172	1.498532e-16
7222.94787312	1.491971e-16
7225.93485451	1.487068e-16
7228.9218359	1.449209e-16
7231.90881729	1.432796e-16
7234.89579868	1.424963e-16
7237.88278008	1.417407e-16
7240.86976147	1.393353e-16
7243.85674286	1.374629e-16
7246.84372425	1.409376e-16
7249.83070564	1.427032e-16
7252.81768703	1.428184e-16
7255.80466843	1.405802e-16
7258.79164982	1.434765e-16
7261.77863121	1.437741e-16
7264.7656126	1.406256e-16
7267.75259399	1.394273e-16
7270.73957539	1.411976e-16
7273.72655678	1.414461e-16
7276.71353817	1.40543e-16
7279.70051956	1.424939e-16
7282.68750095	1.404272e-16
7285.67448235	1.37638e-16
7288.66146374	1.413235e-16
7291.64844513	1.451755e-16
7294.63542652	1.45536e-16
7297.62240791	1.459135e-16
7300.60938931	1.453484e-16
7303.5963707	1.434095e-16
7306.58335209	1.438365e-16
7309.57033348	1.447773e-16
7312.55731487	1.470178e-16
7315.54429626	1.471649e-16
7318.53127766	1.463718e-16
7321.51825905	1.458376e-16
7324.50524044	1.453609e-16
7327.49222183	1.479444e-16
7330.47920322	1.520933e-16
7333.46618462	1.506266e-16
7336.45316601	1.505323e-16
7339.4401474	1.507566e-16
7342.42712879	1.486818e-16
7345.41411018	1.494115e-16
7348.40109158	1.496045e-16
7351.38807297	1.481887e-16
7354.37505436	1.501448e-16
7357.36203575	1.513939e-16
7360.34901714	1.500356e-16
7363.33599854	1.485297e-16
7366.32297993	1.496109e-16
7369.30996132	1.528093e-16
7372.29694271	1.526221e-16
7375.2839241	1.506309e-16
7378.27090549	1.506307e-16
7381.25788689	1.528469e-16
7384.24486828	1.546919e-16
7387.23184967	1.54344e-16
7390.21883106	1.5323e-16
7393.20581245	1.522233e-16
7396.19279385	1.522587e-16
7399.17977524	1.52919e-16
7402.16675663	1.545147e-16
7405.15373802	1.555529e-16
7408.14071941	1.53846e-16
7411.12770081	1.523017e-16
7414.1146822	1.548947e-16
7417.10166359	1.571729e-16
7420.08864498	1.555761e-16
7423.07562637	1.536643e-16
7426.06260777	1.537098e-16
7429.04958916	1.520686e-16
7432.03657055	1.527444e-16
7435.02355194	1.536991e-16
7438.01053333	1.534092e-16
7440.99751472	1.531391e-16
7443.98449612	1.532936e-16
7446.97147751	1.546321e-16
7449.9584589	1.553639e-16
7452.94544029	1.544177e-16
7455.93242168	1.529385e-16
7458.91940308	1.533518e-16
7461.90638447	1.536857e-16
7464.89336586	1.527889e-16
7467.88034725	1.526057e-16
7470.86732864	1.534296e-16
7473.85431004	1.54237e-16
7476.84129143	1.512937e-16
7479.82827282	1.530786e-16
7482.81525421	1.553274e-16
7485.8022356	1.530756e-16
7488.789217	1.507011e-16
7491.77619839	1.544501e-16
7494.76317978	1.538516e-16
7497.75016117	1.514516e-16
7500.73714256	1.525915e-16
7503.72412395	1.522262e-16
7506.71110535	1.52782e-16
7509.69808674	1.525572e-16
7512.68506813	1.508782e-16
7515.67204952	1.506129e-16
7518.65903091	1.532611e-16
7521.64601231	1.506269e-16
7524.6329937	1.491378e-16
7527.61997509	1.50728e-16
7530.60695648	1.506928e-16
7533.59393787	1.529348e-16
7536.58091927	1.513229e-16
7539.56790066	1.503817e-16
7542.55488205	1.508906e-16
7545.54186344	1.495925e-16
7548.52884483	1.464594e-16
7551.51582623	1.489107e-16
7554.50280762	1.483642e-16
7557.48978901	1.478178e-16
7560.4767704	1.472715e-16
7563.46375179	1.46725e-16
7566.45073318	1.461786e-16
7569.43771458	1.456322e-16
7572.42469597	1.444828e-16
7575.41167736	1.441338e-16
7578.39865875	1.462462e-16
7581.38564014	1.454623e-16
7584.37262154	1.446785e-16
7587.35960293	1.438947e-16
7590.34658432	1.431107e-16
7593.33356571	1.423269e-16
7596.3205471	1.415431e-16
7599.3075285	1.407592e-16
7602.29450989	1.399754e-16
7605.28149128	1.391915e-16
7608.26847267	1.384076e-16
7611.25545406	1.376238e-16
7614.24243546	1.368399e-16
7617.22941685	1.360561e-16
7620.21639824	1.352723e-16
7623.20337963	1.344883e-16
7626.19036102	1.337045e-16
7629.17734241	1.329207e-16
7632.16432381	1.321368e-16
7635.1513052	1.31353e-16
7638.13828659	1.305692e-16
7641.12526798	1.297852e-16
7644.11224937	1.290014e-16
7647.09923077	1.282176e-16
7650.08621216	1.274337e-16
7653.07319355	1.266499e-16
7656.06017494	1.258661e-16
7659.04715633	1.250821e-16
7662.03413773	1.242983e-16
7665.02111912	1.235145e-16
7668.00810051	1.227306e-16
7670.9950819	1.219468e-16
7673.98206329	1.21163e-16
7676.96904469	1.20379e-16
7679.95602608	1.195952e-16
7682.94300747	1.188114e-16
7685.92998886	1.180275e-16
7688.91697025	1.172437e-16
7691.90395164	1.164599e-16
7694.89093304	1.156759e-16
7697.87791443	1.148921e-16
7700.86489582	1.141083e-16
7703.85187721	1.133244e-16
7706.8388586	1.106012e-16
7709.82584	1.078039e-16
7712.81282139	1.110497e-16
7715.79980278	1.109612e-16
7718.78678417	1.087852e-16
7721.77376556	1.105605e-16
7724.76074696	1.077907e-16
7727.74772835	1.03321e-16
7730.73470974	1.087141e-16
7733.72169113	1.089043e-16
7736.70867252	1.054303e-16
7739.69565392	1.066744e-16
7742.68263531	1.039729e-16
7745.6696167	1.011387e-16
7748.65659809	9.926795e-17
7751.64357948	1.024479e-16
7754.63056087	1.022742e-16
7757.61754227	1.031897e-16
7760.60452366	9.827428e-17
7763.59150505	1.029809e-16
7766.57848644	1.064557e-16
7769.56546783	1.028093e-16
7772.55244923	1.002027e-16
7775.53943062	1.009463e-16
7778.52641201	1.014508e-16
7781.5133934	9.884445e-17
7784.50037479	1.009483e-16
7787.48735619	1.023738e-16
7790.47433758	1.001312e-16
7793.46131897	9.91406e-17
7796.44830036	1.005923e-16
7799.43528175	1.041403e-16
7802.42226315	9.961931e-17
7805.40924454	1.018747e-16
7808.39622593	1.05893e-16
7811.38320732	1.020798e-16
7814.37018871	9.391849e-17
7817.3571701	9.677819e-17
7820.3441515	9.906795e-17
7823.33113289	9.795043e-17
7826.31811428	9.610427e-17
7829.30509567	9.532645e-17
7832.29207706	9.545213e-17
7835.27905846	1.017986e-16
7838.26603985	1.040214e-16
7841.25302124	1.052434e-16
7844.24000263	1.036764e-16
7847.22698402	1.015448e-16
7850.21396542	1.009748e-16
7853.20094681	9.838828e-17
7856.1879282	9.678333e-17
7859.17490959	9.752727e-17
7862.16189098	9.628607e-17
7865.14887238	9.407717e-17
7868.13585377	9.431597e-17
7871.12283516	9.388612e-17
7874.10981655	8.956775e-17
7877.09679794	8.81869e-17
7880.08377934	9.135353e-17
7883.07076073	9.203132e-17
7886.05774212	9.342752e-17
7889.04472351	9.038164e-17
7892.0317049	8.983777e-17
7895.01868629	8.856854e-17
7898.00566769	8.950075e-17
7900.99264908	9.147661e-17
7903.97963047	9.10481e-17
7906.96661186	8.680697e-17
7909.95359325	8.85991e-17
7912.94057465	9.20602e-17
7915.92755604	9.24445e-17
7918.91453743	9.264241e-17
7921.90151882	9.073413e-17
7924.88850021	9.228512e-17
7927.87548161	9.798007e-17
7930.862463	9.960745e-17
7933.84944439	1.032627e-16
7936.83642578	1.035999e-16
7939.82340717	1.02711e-16
7942.81038857	1.013206e-16
7945.79736996	1.036396e-16
7948.78435135	1.012901e-16
7951.77133274	9.807669e-17
7954.75831413	9.978056e-17
7957.74529552	9.79384e-17
7960.73227692	9.866864e-17
7963.71925831	1.009531e-16
7966.7062397	1.053909e-16
7969.69322109	1.025237e-16
7972.68020248	1.027733e-16
7975.66718388	1.030229e-16
7978.65416527	1.032726e-16
7981.64114666	1.035222e-16
7984.62812805	1.037717e-16
7987.61510944	1.040214e-16
7990.60209084	1.04271e-16
7993.58907223	1.045206e-16
7996.57605362	1.047702e-16
7999.56303501	1.050198e-16
8002.5500164	1.052694e-16
8005.5369978	1.05519e-16
8008.52397919	1.057686e-16
8011.51096058	1.060182e-16
8014.49794197	1.062678e-16
8017.48492336	1.065174e-16
8020.47190475	1.06767e-16
8023.45888615	1.070166e-16
8026.44586754	1.072662e-16
8029.43284893	1.075158e-16
8032.41983032	1.077655e-16
8035.40681171	1.08015e-16
8038.39379311	1.082646e-16
8041.3807745	1.085143e-16
8044.36775589	1.087639e-16
8047.35473728	1.090135e-16
8050.34171867	1.092631e-16
8053.32870007	1.095127e-16
8056.31568146	1.097623e-16
8059.30266285	1.100119e-16
8062.28964424	1.102615e-16
8065.27662563	1.105111e-16
8068.26360703	1.107607e-16
8071.25058842	1.110103e-16
8074.23756981	1.112599e-16
8077.2245512	1.115095e-16
8080.21153259	1.117591e-16
8083.19851398	1.120088e-16
8086.18549538	1.122583e-16
8089.17247677	1.125079e-16
8092.15945816	1.127576e-16
8095.14643955	1.130072e-16
8098.13342094	1.132567e-16
8101.12040234	1.135064e-16
8104.10738373	1.13756e-16
8107.09436512	1.140056e-16
8110.08134651	1.142552e-16
8113.0683279	1.145048e-16
8116.0553093	1.147544e-16
8119.04229069	1.15004e-16
8122.02927208	1.152536e-16
8125.01625347	1.155032e-16
8128.00323486	1.157528e-16
8130.99021626	1.160024e-16
8133.97719765	1.16252e-16
8136.96417904	1.165016e-16
8139.95116043	1.167512e-16
8142.93814182	1.170008e-16
8145.92512321	1.172505e-16
8148.91210461	1.175e-16
8151.899086	1.177496e-16
8154.88606739	1.179993e-16
8157.87304878	1.182489e-16
8160.86003017	1.184985e-16
8163.84701157	1.187481e-16
8166.83399296	1.202455e-16
8169.82097435	1.17359e-16
8172.80795574	1.168444e-16
8175.79493713	1.174304e-16
8178.78191853	1.191284e-16
8181.76889992	1.198852e-16
8184.75588131	1.204817e-16
8187.7428627	1.220513e-16
8190.72984409	1.234671e-16
8193.71682549	1.236426e-16
8196.70380688	1.256396e-16
8199.69078827	1.27204e-16
8202.67776966	1.271763e-16
8205.66475105	1.256283e-16
8208.65173244	1.251772e-16
8211.63871384	1.292573e-16
8214.62569523	1.289237e-16
8217.61267662	1.287221e-16
8220.59965801	1.275989e-16
8223.5866394	1.247836e-16
8226.5736208	1.233644e-16
8229.56060219	1.177684e-16
8232.54758358	1.165009e-16
8235.53456497	1.169026e-16
8238.52154636	1.167288e-16
8241.50852776	1.166375e-16
8244.49550915	1.203571e-16
8247.48249054	1.242989e-16
8250.46947193	1.240489e-16
8253.45645332	1.217565e-16
8256.44343472	1.202377e-16
8259.43041611	1.181901e-16
8262.4173975	1.197785e-16
8265.40437889	1.210836e-16
8268.39136028	1.1777e-16
8271.37834167	1.172595e-16
8274.36532307	1.108059e-16
8277.35230446	1.090833e-16
8280.33928585	1.085294e-16
8283.32626724	1.093865e-16
8286.31324863	1.090789e-16
8289.30023003	1.118557e-16
8292.28721142	1.171859e-16
8295.27419281	1.097944e-16
8298.2611742	1.107868e-16
8301.24815559	1.148819e-16
8304.23513699	1.174614e-16
8307.22211838	1.091955e-16
8310.20909977	1.088075e-16
8313.19608116	1.113623e-16
8316.18306255	1.073548e-16
8319.17004395	1.043901e-16
8322.15702534	1.045404e-16
8325.14400673	1.042731e-16
8328.13098812	1.007432e-16
8331.11796951	9.645218e-17
8334.1049509	9.022385e-17
8337.0919323	8.282908e-17
8340.07891369	8.541509e-17
8343.06589508	9.685414e-17
8346.05287647	1.05122e-16
8349.03985786	1.085616e-16
8352.02683926	1.107925e-16
8355.01382065	1.115061e-16
8358.00080204	1.02064e-16
8360.98778343	8.919176e-17
8363.97476482	8.56851e-17
8366.96174622	8.636347e-17
8369.94872761	8.730734e-17
8372.935709	8.859492e-17
8375.92269039	8.886272e-17
8378.90967178	8.704768e-17
8381.89665318	8.465268e-17
8384.88363457	8.662852e-17
8387.87061596	8.474612e-17
8390.85759735	7.867596e-17
8393.84457874	7.870126e-17
8396.83156013	8.349225e-17
8399.81854153	8.969426e-17
8402.80552292	9.045816e-17
8405.79250431	8.822503e-17
8408.7794857	8.723715e-17
8411.76646709	8.758149e-17
8414.75344849	8.340187e-17
8417.74042988	7.521653e-17
8420.72741127	7.994415e-17
8423.71439266	8.728946e-17
8426.70137405	8.84985e-17
8429.68835545	8.733693e-17
8432.67533684	9.04158e-17
8435.66231823	9.250948e-17
8438.64929962	8.657778e-17
8441.63628101	8.104126e-17
8444.62326241	7.876503e-17
8447.6102438	8.056758e-17
8450.59722519	8.125086e-17
8453.58420658	8.415413e-17
8456.57118797	8.71382e-17
8459.55816936	8.912722e-17
8462.54515076	9.349114e-17
8465.53213215	9.327569e-17
8468.51911354	9.565355e-17
8471.50609493	9.489099e-17
8474.49307632	9.835127e-17
8477.48005772	9.877959e-17
8480.46703911	9.722957e-17
8483.4540205	1.005061e-16
8486.44100189	9.71539e-17
8489.42798328	9.45961e-17
8492.41496468	9.232707e-17
8495.40194607	9.123336e-17
8498.38892746	8.947253e-17
8501.37590885	9.059677e-17
8504.36289024	9.050077e-17
8507.34987164	9.387596e-17
8510.33685303	9.574749e-17
8513.32383442	9.73711e-17
8516.31081581	9.986055e-17
8519.2977972	1.021481e-16
8522.28477859	9.854357e-17
8525.27175999	9.711378e-17
8528.25874138	9.901014e-17
8531.24572277	1.017638e-16
8534.23270416	9.870245e-17
8537.21968555	1.003928e-16
8540.20666695	1.025596e-16
8543.19364834	1.015113e-16
8546.18062973	1.05578e-16
8549.16761112	1.093842e-16
8552.15459251	1.094361e-16
8555.14157391	1.099137e-16
8558.1285553	1.092345e-16
8561.11553669	1.101817e-16
8564.10251808	1.096607e-16
8567.08949947	1.09109e-16
8570.07648087	1.086836e-16
8573.06346226	1.103064e-16
8576.05044365	1.142081e-16
8579.03742504	1.098969e-16
8582.02440643	1.103499e-16
8585.01138783	1.107671e-16
8587.99836922	1.103263e-16
8590.98535061	1.088949e-16
8593.972332	1.095784e-16
8596.95931339	1.10591e-16
8599.94629478	1.128772e-16
8602.93327618	1.126501e-16
8605.92025757	1.129322e-16
8608.90723896	1.120408e-16
8611.89422035	1.099576e-16
8614.88120174	1.084428e-16
8617.86818314	1.049465e-16
8620.85516453	1.035375e-16
8623.84214592	1.030164e-16
8626.82912731	1.02107e-16
8629.8161087	1.014287e-16
8632.8030901	1.026737e-16
8635.79007149	1.009841e-16
8638.77705288	9.820495e-17
8641.76403427	9.759524e-17
8644.75101566	9.844411e-17
8647.73799706	9.626209e-17
8650.72497845	9.663726e-17
8653.71195984	9.638597e-17
8656.69894123	9.504964e-17
8659.68592262	9.52028e-17
8662.67290401	9.386791e-17
8665.65988541	9.257197e-17
8668.6468668	9.243661e-17
8671.63384819	9.258512e-17
8674.62082958	9.439138e-17
8677.60781097	9.535485e-17
8680.59479237	9.546507e-17
8683.58177376	9.538483e-17
8686.56875515	9.653093e-17
8689.55573654	9.436597e-17
8692.54271793	9.379834e-17
8695.52969933	9.459359e-17
8698.51668072	9.634961e-17
8701.50366211	9.614187e-17
8704.4906435	9.590135e-17
8707.47762489	9.684342e-17
8710.46460629	9.844574e-17
8713.45158768	9.907012e-17
8716.43856907	9.741598e-17
8719.42555046	9.693723e-17
8722.41253185	9.773744e-17
8725.39951324	9.853647e-17
8728.38649464	1.002611e-16
8731.37347603	1.025268e-16
8734.36045742	1.030318e-16
8737.34743881	1.016623e-16
8740.3344202	1.016223e-16
8743.3214016	9.847613e-17
8746.30838299	1.0052e-16
8749.29536438	1.071634e-16
8752.28234577	1.123981e-16
8755.26932716	1.135976e-16
8758.25630856	1.079654e-16
8761.24328995	9.769611e-17
8764.23027134	9.52256e-17
8767.21725273	9.390917e-17
8770.20423412	9.543774e-17
8773.19121552	9.629029e-17
8776.17819691	1.010382e-16
8779.1651783	9.282985e-17
8782.15215969	8.109963e-17
8785.13914108	7.847527e-17
8788.12612247	8.53952e-17
8791.11310387	9.364109e-17
8794.10008526	1.006905e-16
8797.08706665	9.998504e-17
8800.07404804	9.995514e-17
8803.06102943	9.766001e-17
8806.04801083	9.525255e-17
8809.03499222	9.464958e-17
8812.02197361	8.782619e-17
8815.008955	7.601085e-17
8817.99593639	6.542437e-17
8820.98291779	4.907239e-17
8823.96989918	4.225138e-17
8826.95688057	5.326547e-17
8829.94386196	6.631703e-17
8832.93084335	7.933321e-17
8835.91782475	9.118736e-17
8838.90480614	1.116115e-16
8841.89178753	1.298192e-16
8844.87876892	1.162212e-16
8847.86575031	9.959328e-17
8850.8527317	9.478055e-17
8853.8397131	9.278141e-17
8856.82669449	9.581154e-17
8859.81367588	1.013298e-16
8862.80065727	1.005886e-16
8865.78763866	9.750029e-17
8868.77462006	9.475406e-17
8871.76160145	1.009349e-16
8874.74858284	1.151743e-16
8877.73556423	1.394805e-16
8880.72254562	1.544848e-16
8883.70952702	1.539159e-16
8886.69650841	1.488199e-16
8889.6834898	1.414576e-16
8892.67047119	1.345165e-16
8895.65745258	1.166912e-16
8898.64443398	1.002204e-16
8901.63141537	1.018565e-16
8904.61839676	1.012687e-16
8907.60537815	9.614953e-17
8910.59235954	8.395527e-17
8913.57934093	7.200742e-17
8916.56632233	7.084071e-17
8919.55330372	7.296675e-17
8922.54028511	7.571016e-17
8925.5272665	8.265778e-17
8928.51424789	8.848538e-17
8931.50122929	9.856844e-17
8934.48821068	1.046262e-16
8937.47519207	1.029626e-16
8940.46217346	9.71973e-17
8943.44915485	9.699615e-17
8946.43613625	9.73374e-17
8949.42311764	9.824905e-17
8952.41009903	9.859899e-17
8955.39708042	9.70036e-17
8958.38406181	9.189257e-17
8961.37104321	9.424163e-17
8964.3580246	9.625608e-17
8967.34500599	9.105754e-17
8970.33198738	9.304279e-17
8973.31896877	9.933061e-17
8976.30595016	9.653301e-17
8979.29293156	9.422897e-17
8982.27991295	9.886063e-17
8985.26689434	9.185058e-17
8988.25387573	8.399754e-17
8991.24085712	8.212436e-17
8994.22783852	7.849744e-17
8997.21481991	7.761332e-17
9000.2018013	8.077581e-17
9003.18878269	8.346285e-17
9006.17576408	8.522975e-17
9009.16274548	8.904543e-17
9012.14972687	9.276341e-17
9015.13670826	9.202363e-17
9018.12368965	8.85387e-17
9021.11067104	8.862961e-17
9024.09765244	9.104453e-17
9027.08463383	9.407108e-17
9030.07161522	9.718323e-17
9033.05859661	9.939463e-17
9036.045578	1.011708e-16
9039.03255939	9.930268e-17
9042.01954079	9.546008e-17
9045.00652218	9.12273e-17
9047.99350357	8.791346e-17
9050.98048496	8.997188e-17
9053.96746635	9.544436e-17
9056.95444775	1.013792e-16
9059.94142914	1.021561e-16
9062.92841053	9.841725e-17
9065.91539192	9.471837e-17
9068.90237331	9.144335e-17
9071.88935471	8.815367e-17
9074.8763361	8.49136e-17
9077.86331749	8.633083e-17
9080.85029888	9.031311e-17
9083.83728027	9.38686e-17
9086.82426167	9.344575e-17
9089.81124306	9.025734e-17
9092.79822445	8.953989e-17
9095.78520584	8.844418e-17
9098.77218723	8.513956e-17
9101.75916862	8.497914e-17
9104.74615002	8.582087e-17
9107.73313141	8.803361e-17
9110.7201128	9.093486e-17
9113.70709419	9.447623e-17
9116.69407558	9.715754e-17
9119.68105698	9.73172e-17
9122.66803837	9.470556e-17
9125.65501976	9.24551e-17
9128.64200115	8.86535e-17
9131.62898254	8.512924e-17
9134.61596394	8.611394e-17
9137.60294533	8.384743e-17
9140.58992672	8.399281e-17
9143.57690811	9.05378e-17
9146.5638895	9.614697e-17
9149.5508709	9.83462e-17
9152.53785229	9.512791e-17
9155.52483368	9.33458e-17
9158.51181507	9.248972e-17
9161.49879646	9.107209e-17
9164.48577785	8.904167e-17
9167.47275925	8.627504e-17
9170.45974064	8.612538e-17
9173.44672203	8.694956e-17
9176.43370342	9.14471e-17
9179.42068481	9.524635e-17
9182.40766621	9.824805e-17
9185.3946476	9.64863e-17
9188.38162899	9.872728e-17
9191.36861038	9.510735e-17
9194.35559177	9.259841e-17
9197.34257317	9.674223e-17
9200.32955456	9.817546e-17
9203.31653595	9.761225e-17
9206.30351734	1.010044e-16
9209.29049873	1.029096e-16
9212.27748013	1.057941e-16
9215.26446152	1.038465e-16
9218.25144291	1.015083e-16
9221.2384243	9.923319e-17
9224.22540569	9.679114e-17
9227.21238708	9.42644e-17
9230.19936848	9.298292e-17
9233.18634987	9.429315e-17
9236.17333126	9.608222e-17
9239.16031265	9.817815e-17
9242.14729404	9.896562e-17
9245.13427544	9.853863e-17
9248.12125683	9.816889e-17
9251.10823822	9.767877e-17
