#	 ps17bii 
#	 UT date of observation: 20170224 
#	 Telescope/Instrument: SALT/RSS 
#	 Estimated Peak MJD: 57812.133 
#	 Estimated redshift: 0.073 
#	 Estimated Phase: -3.9 
#	 Published in Dettman et al. 2020 
#	 Observed barycentric wavelength (Angstroms)    F_lambda
3299.9140625	-1.798258e-18
3302.91003442	3.248132e-18
3305.90600634	-2.539109e-19
3308.90197825	1.764835e-18
3311.89795017	5.525267e-18
3314.89392209	1.687241e-17
3317.88989401	1.407354e-17
3320.88586593	1.488158e-17
3323.88183784	1.810659e-18
3326.87780976	3.745564e-18
3329.87378168	1.72221e-17
3332.8697536	2.500646e-17
3335.86572552	2.411163e-17
3338.86169744	2.186017e-17
3341.85766935	2.856852e-17
3344.85364127	2.847332e-17
3347.84961319	2.936926e-17
3350.84558511	2.133612e-17
3353.84155703	2.312663e-17
3356.83752894	3.252112e-17
3359.83350086	2.219357e-17
3362.82947278	1.252574e-17
3365.8254447	1.52399e-17
3368.82141662	3.047996e-17
3371.81738853	3.897213e-17
3374.81336045	3.25751e-17
3377.80933237	3.526283e-17
3380.80530429	5.17426e-17
3383.80127621	5.458203e-17
3386.79724813	4.241782e-17
3389.79322004	3.377854e-17
3392.78919196	4.617142e-17
3395.78516388	6.106415e-17
3398.7811358	6.546648e-17
3401.77710772	4.922526e-17
3404.77307963	4.872665e-17
3407.76905155	5.222716e-17
3410.76502347	5.790381e-17
3413.76099539	5.720554e-17
3416.75696731	6.949376e-17
3419.75293922	6.795246e-17
3422.74891114	7.101613e-17
3425.74488306	7.318697e-17
3428.74085498	7.180321e-17
3431.7368269	7.22677e-17
3434.73279881	6.674911e-17
3437.72877073	5.358835e-17
3440.72474265	5.959064e-17
3443.72071457	7.455378e-17
3446.71668649	8.199261e-17
3449.71265841	9.030612e-17
3452.70863032	7.596632e-17
3455.70460224	6.932552e-17
3458.70057416	6.785631e-17
3461.69654608	7.51193e-17
3464.692518	6.732962e-17
3467.68848991	7.064019e-17
3470.68446183	7.50286e-17
3473.68043375	8.47169e-17
3476.67640567	7.85008e-17
3479.67237759	8.052694e-17
3482.6683495	9.745262e-17
3485.66432142	1.066657e-16
3488.66029334	1.006588e-16
3491.65626526	9.776929e-17
3494.65223718	9.675643e-17
3497.6482091	8.483325e-17
3500.64418101	8.048882e-17
3503.64015293	8.118955e-17
3506.63612485	8.751719e-17
3509.63209677	9.600719e-17
3512.62806869	1.132124e-16
3515.6240406	1.198353e-16
3518.62001252	1.18064e-16
3521.61598444	1.157622e-16
3524.61195636	1.13326e-16
3527.60792828	1.080688e-16
3530.60390019	1.040004e-16
3533.59987211	1.123696e-16
3536.59584403	1.205794e-16
3539.59181595	1.199437e-16
3542.58778787	1.273374e-16
3545.58375978	1.313188e-16
3548.5797317	1.318066e-16
3551.57570362	1.363527e-16
3554.57167554	1.365134e-16
3557.56764746	1.350896e-16
3560.56361938	1.339173e-16
3563.55959129	1.394026e-16
3566.55556321	1.403382e-16
3569.55153513	1.357634e-16
3572.54750705	1.482235e-16
3575.54347897	1.60167e-16
3578.53945088	1.610605e-16
3581.5354228	1.809093e-16
3584.53139472	1.904716e-16
3587.52736664	1.740189e-16
3590.52333856	1.675418e-16
3593.51931047	1.688945e-16
3596.51528239	1.717933e-16
3599.51125431	1.761578e-16
3602.50722623	1.852105e-16
3605.50319815	1.680099e-16
3608.49917006	1.634068e-16
3611.49514198	1.640749e-16
3614.4911139	1.637107e-16
3617.48708582	1.594698e-16
3620.48305774	1.63883e-16
3623.47902966	1.657809e-16
3626.47500157	1.675051e-16
3629.47097349	1.728239e-16
3632.46694541	1.68414e-16
3635.46291733	1.772907e-16
3638.45888925	1.802509e-16
3641.45486116	1.744629e-16
3644.45083308	1.665551e-16
3647.446805	1.68321e-16
3650.44277692	1.679589e-16
3653.43874884	1.649095e-16
3656.43472075	1.721716e-16
3659.43069267	1.777691e-16
3662.42666459	1.811223e-16
3665.42263651	1.824896e-16
3668.41860843	1.866904e-16
3671.41458035	1.837408e-16
3674.41055226	1.901014e-16
3677.40652418	1.894765e-16
3680.4024961	1.895197e-16
3683.39846802	1.887442e-16
3686.39443994	1.853653e-16
3689.39041185	1.938611e-16
3692.38638377	1.991724e-16
3695.38235569	1.960531e-16
3698.37832761	1.937889e-16
3701.37429953	2.034096e-16
3704.37027144	2.06063e-16
3707.36624336	1.996055e-16
3710.36221528	1.934221e-16
3713.3581872	1.986196e-16
3716.35415912	1.989791e-16
3719.35013103	1.973632e-16
3722.34610295	1.963705e-16
3725.34207487	1.93293e-16
3728.33804679	2.010695e-16
3731.33401871	2.039631e-16
3734.32999063	1.983245e-16
3737.32596254	1.960012e-16
3740.32193446	1.820407e-16
3743.31790638	1.705439e-16
3746.3138783	1.882017e-16
3749.30985022	1.984331e-16
3752.30582213	1.935266e-16
3755.30179405	1.947614e-16
3758.29776597	2.019376e-16
3761.29373789	2.02524e-16
3764.28970981	2.010419e-16
3767.28568172	1.999334e-16
3770.28165364	1.995622e-16
3773.27762556	2.007746e-16
3776.27359748	2.039385e-16
3779.2695694	1.994931e-16
3782.26554132	1.961549e-16
3785.26151323	1.959103e-16
3788.25748515	1.980137e-16
3791.25345707	2.001448e-16
3794.24942899	2.005487e-16
3797.24540091	2.032984e-16
3800.24137282	2.044905e-16
3803.23734474	2.029085e-16
3806.23331666	2.021203e-16
3809.22928858	2.093682e-16
3812.2252605	2.099271e-16
3815.22123241	2.039727e-16
3818.21720433	2.134216e-16
3821.21317625	2.174806e-16
3824.20914817	2.184192e-16
3827.20512009	2.192405e-16
3830.201092	2.126968e-16
3833.19706392	2.214439e-16
3836.19303584	2.227443e-16
3839.18900776	2.155397e-16
3842.18497968	2.167654e-16
3845.1809516	2.136079e-16
3848.17692351	2.165279e-16
3851.17289543	2.141762e-16
3854.16886735	2.033143e-16
3857.16483927	1.993521e-16
3860.16081119	2.055806e-16
3863.1567831	2.03774e-16
3866.15275502	2.057111e-16
3869.14872694	2.087229e-16
3872.14469886	2.046896e-16
3875.14067078	2.03776e-16
3878.13664269	2.000996e-16
3881.13261461	1.972539e-16
3884.12858653	1.988925e-16
3887.12455845	1.981819e-16
3890.12053037	1.930664e-16
3893.11650229	1.934709e-16
3896.1124742	1.95892e-16
3899.10844612	1.925007e-16
3902.10441804	1.933496e-16
3905.10038996	1.927565e-16
3908.09636188	1.908334e-16
3911.09233379	1.832026e-16
3914.08830571	1.755678e-16
3917.08427763	1.677714e-16
3920.08024955	1.666755e-16
3923.07622147	1.672759e-16
3926.07219338	1.646949e-16
3929.0681653	1.605654e-16
3932.06413722	1.549959e-16
3935.06010914	1.492483e-16
3938.05608106	1.437778e-16
3941.05205297	1.369574e-16
3944.04802489	1.345058e-16
3947.04399681	1.32207e-16
3950.03996873	1.298104e-16
3953.03594065	1.233403e-16
3956.03191257	1.217167e-16
3959.02788448	1.221193e-16
3962.0238564	1.224361e-16
3965.01982832	1.200579e-16
3968.01580024	1.073364e-16
3971.01177216	1.032558e-16
3974.00774407	1.018576e-16
3977.00371599	9.696133e-17
3979.99968791	9.180039e-17
3982.99565983	9.14208e-17
3985.99163175	9.294268e-17
3988.98760366	9.22513e-17
3991.98357558	9.007047e-17
3994.9795475	9.306523e-17
3997.97551942	9.256782e-17
4000.97149134	9.303781e-17
4003.96746325	9.58982e-17
4006.96343517	9.85488e-17
4009.95940709	9.877323e-17
4012.95537901	1.000679e-16
4015.95135093	1.029964e-16
4018.94732285	1.049702e-16
4021.94329476	1.095005e-16
4024.93926668	1.168067e-16
4027.9352386	1.163079e-16
4030.93121052	1.192065e-16
4033.92718244	1.218033e-16
4036.92315435	1.208322e-16
4039.91912627	1.190586e-16
4042.91509819	1.183751e-16
4045.91107011	1.204071e-16
4048.90704203	1.168858e-16
4051.90301394	1.156884e-16
4054.89898586	1.166678e-16
4057.89495778	1.173666e-16
4060.8909297	1.156269e-16
4063.88690162	1.166012e-16
4066.88287354	1.185987e-16
4069.87884545	1.163018e-16
4072.87481737	1.144215e-16
4075.87078929	1.140033e-16
4078.86676121	1.117898e-16
4081.86273313	1.108366e-16
4084.85870504	1.142687e-16
4087.85467696	1.181204e-16
4090.85064888	1.185513e-16
4093.8466208	1.150653e-16
4096.84259272	1.203e-16
4099.83856463	1.22599e-16
4102.83453655	1.263645e-16
4105.83050847	1.268589e-16
4108.82648039	1.280948e-16
4111.82245231	1.306603e-16
4114.81842422	1.34233e-16
4117.81439614	1.387041e-16
4120.81036806	1.419135e-16
4123.80633998	1.444671e-16
4126.8023119	1.492128e-16
4129.79828382	1.582262e-16
4132.79425573	1.658114e-16
4135.79022765	1.70694e-16
4138.78619957	1.742021e-16
4141.78217149	1.759355e-16
4144.77814341	1.771899e-16
4147.77411532	1.816024e-16
4150.77008724	1.876415e-16
4153.76605916	1.908357e-16
4156.76203108	1.948698e-16
4159.758003	1.976971e-16
4162.75397491	1.978258e-16
4165.74994683	1.989124e-16
4168.74591875	2.0397e-16
4171.74189067	2.100722e-16
4174.73786259	2.152941e-16
4177.73383451	2.176531e-16
4180.72980642	2.137132e-16
4183.72577834	2.094359e-16
4186.72175026	2.082736e-16
4189.71772218	2.121532e-16
4192.7136941	2.16088e-16
4195.70966601	2.182517e-16
4198.70563793	2.197097e-16
4201.70160985	2.225335e-16
4204.69758177	2.246163e-16
4207.69355369	2.276486e-16
4210.6895256	2.297106e-16
4213.68549752	2.323572e-16
4216.68146944	2.337177e-16
4219.67744136	2.341965e-16
4222.67341328	2.345333e-16
4225.66938519	2.354942e-16
4228.66535711	2.363409e-16
4231.66132903	2.368404e-16
4234.65730095	2.360614e-16
4237.65327287	2.350981e-16
4240.64924479	2.344542e-16
4243.6452167	2.375023e-16
4246.64118862	2.331184e-16
4249.63716054	2.301977e-16
4252.63313246	2.26356e-16
4255.62910438	2.216151e-16
4258.62507629	2.15471e-16
4261.62104821	2.069647e-16
4264.61702013	2.06129e-16
4267.61299205	2.067586e-16
4270.60896397	2.023044e-16
4273.60493588	2.017073e-16
4276.6009078	1.975238e-16
4279.59687972	1.972193e-16
4282.59285164	1.948898e-16
4285.58882356	1.998382e-16
4288.58479548	2.00956e-16
4291.58076739	1.958902e-16
4294.57673931	1.916574e-16
4297.57271123	1.912906e-16
4300.56868315	1.9163e-16
4303.56465507	1.929166e-16
4306.56062698	1.949938e-16
4309.5565989	1.955733e-16
4312.55257082	1.96967e-16
4315.54854274	1.988914e-16
4318.54451466	1.975732e-16
4321.54048657	1.99174e-16
4324.53645849	2.0347e-16
4327.53243041	2.032267e-16
4330.52840233	2.026237e-16
4333.52437425	2.031244e-16
4336.52034616	2.054215e-16
4339.51631808	2.097117e-16
4342.51229	2.114259e-16
4345.50826192	2.121047e-16
4348.50423384	2.144085e-16
4351.50020576	2.114809e-16
4354.49617767	2.108022e-16
4357.49214959	2.15254e-16
4360.48812151	2.196687e-16
4363.48409343	2.210208e-16
4366.48006535	2.193216e-16
4369.47603726	2.187595e-16
4372.47200918	2.177854e-16
4375.4679811	2.176941e-16
4378.46395302	2.199576e-16
4381.45992494	2.195697e-16
4384.45589685	2.184193e-16
4387.45186877	2.193235e-16
4390.44784069	2.198256e-16
4393.44381261	2.188087e-16
4396.43978453	2.167518e-16
4399.43575644	2.132919e-16
4402.43172836	2.151331e-16
4405.42770028	2.182949e-16
4408.4236722	2.148233e-16
4411.41964412	2.082545e-16
4414.41561604	2.066853e-16
4417.41158795	2.054491e-16
4420.40755987	2.021687e-16
4423.40353179	2.01491e-16
4426.39950371	1.998608e-16
4429.39547563	1.971455e-16
4432.39144754	1.978446e-16
4435.38741946	1.977002e-16
4438.38339138	1.96392e-16
4441.3793633	1.961052e-16
4444.37533522	1.948791e-16
4447.37130713	1.9412e-16
4450.36727905	1.945e-16
4453.36325097	1.927296e-16
4456.35922289	1.956557e-16
4459.35519481	1.933923e-16
4462.35116673	1.929661e-16
4465.34713864	1.936422e-16
4468.34311056	1.941358e-16
4471.33908248	1.929015e-16
4474.3350544	1.908025e-16
4477.33102632	1.902604e-16
4480.32699823	1.901473e-16
4483.32297015	1.926285e-16
4486.31894207	1.906851e-16
4489.31491399	1.870038e-16
4492.31088591	1.885948e-16
4495.30685782	1.744968e-16
4498.30282974	1.733613e-16
4501.29880166	1.701811e-16
4504.29477358	1.677803e-16
4507.2907455	1.656176e-16
4510.28671741	1.645971e-16
4513.28268933	1.638518e-16
4516.27866125	1.615231e-16
4519.27463317	1.583844e-16
4522.27060509	1.546585e-16
4525.26657701	1.555017e-16
4528.26254892	1.529544e-16
4531.25852084	1.527318e-16
4534.25449276	1.499272e-16
4537.25046468	1.472947e-16
4540.2464366	1.463934e-16
4543.24240851	1.444758e-16
4546.23838043	1.411978e-16
4549.23435235	1.411238e-16
4552.23032427	1.413474e-16
4555.22629619	1.400946e-16
4558.2222681	1.40131e-16
4561.21824002	1.384961e-16
4564.21421194	1.36161e-16
4567.21018386	1.353565e-16
4570.20615578	1.318305e-16
4573.2021277	1.31417e-16
4576.19809961	1.344745e-16
4579.19407153	1.342471e-16
4582.19004345	1.311795e-16
4585.18601537	1.280535e-16
4588.18198729	1.280003e-16
4591.1779592	1.290707e-16
4594.17393112	1.290464e-16
4597.16990304	1.286391e-16
4600.16587496	1.294636e-16
4603.16184688	1.263325e-16
4606.15781879	1.256751e-16
4609.15379071	1.233357e-16
4612.14976263	1.215096e-16
4615.14573455	1.210556e-16
4618.14170647	1.192269e-16
4621.13767838	1.181716e-16
4624.1336503	1.213328e-16
4627.12962222	1.243704e-16
4630.12559414	1.253166e-16
4633.12156606	1.284446e-16
4636.11753798	1.307484e-16
4639.11350989	1.286428e-16
4642.10948181	1.309434e-16
4645.10545373	1.344588e-16
4648.10142565	1.325023e-16
4651.09739757	1.359013e-16
4654.09336948	1.383932e-16
4657.0893414	1.376497e-16
4660.08531332	1.384087e-16
4663.08128524	1.410234e-16
4666.07725716	1.387962e-16
4669.07322907	1.399552e-16
4672.06920099	1.419737e-16
4675.06517291	1.450051e-16
4678.06114483	1.439774e-16
4681.05711675	1.447721e-16
4684.05308867	1.534693e-16
4687.04906058	1.561156e-16
4690.0450325	1.531568e-16
4693.04100442	1.492198e-16
4696.03697634	1.531269e-16
4699.03294826	1.519386e-16
4702.02892017	1.48872e-16
4705.02489209	1.502928e-16
4708.02086401	1.512812e-16
4711.01683593	1.49038e-16
4714.01280785	1.457716e-16
4717.00877976	1.467428e-16
4720.00475168	1.435224e-16
4723.0007236	1.423861e-16
4725.99669552	1.425329e-16
4728.99266744	1.405486e-16
4731.98863935	1.396382e-16
4734.98461127	1.408086e-16
4737.98058319	1.392791e-16
4740.97655511	1.387191e-16
4743.97252703	1.400094e-16
4746.96849895	1.402282e-16
4749.96447086	1.387033e-16
4752.96044278	1.389287e-16
4755.9564147	1.403336e-16
4758.95238662	1.423143e-16
4761.94835854	1.439683e-16
4764.94433045	1.477597e-16
4767.94030237	1.450692e-16
4770.93627429	1.464324e-16
4773.93224621	1.494877e-16
4776.92821813	1.518595e-16
4779.92419004	1.525038e-16
4782.92016196	1.565764e-16
4785.91613388	1.571347e-16
4788.9121058	1.596736e-16
4791.90807772	1.638533e-16
4794.90404963	1.646705e-16
4797.90002155	1.658043e-16
4800.89599347	1.663372e-16
4803.89196539	1.660828e-16
4806.88793731	1.682757e-16
4809.88390923	1.695502e-16
4812.87988114	1.708983e-16
4815.87585306	1.697391e-16
4818.87182498	1.704702e-16
4821.8677969	1.712014e-16
4824.86376882	1.719326e-16
4827.85974073	1.726638e-16
4830.85571265	1.733949e-16
4833.85168457	1.741261e-16
4836.84765649	1.748573e-16
4839.84362841	1.755885e-16
4842.83960032	1.763197e-16
4845.83557224	1.770507e-16
4848.83154416	1.776225e-16
4851.82751608	1.755606e-16
4854.823488	1.735792e-16
4857.81945992	1.723299e-16
4860.81543183	1.707761e-16
4863.81140375	1.720024e-16
4866.80737567	1.713837e-16
4869.80334759	1.698286e-16
4872.79931951	1.693547e-16
4875.79529142	1.70911e-16
4878.79126334	1.709343e-16
4881.78723526	1.697033e-16
4884.78320718	1.687322e-16
4887.7791791	1.725574e-16
4890.77515101	1.713551e-16
4893.77112293	1.688994e-16
4896.76709485	1.690908e-16
4899.76306677	1.680936e-16
4902.75903869	1.699479e-16
4905.7550106	1.70261e-16
4908.75098252	1.694864e-16
4911.74695444	1.681226e-16
4914.74292636	1.67343e-16
4917.73889828	1.701497e-16
4920.7348702	1.728053e-16
4923.73084211	1.71646e-16
4926.72681403	1.717456e-16
4929.72278595	1.706805e-16
4932.71875787	1.729819e-16
4935.71472979	1.727071e-16
4938.7107017	1.696467e-16
4941.70667362	1.676039e-16
4944.70264554	1.663565e-16
4947.69861746	1.663482e-16
4950.69458938	1.630096e-16
4953.69056129	1.651758e-16
4956.68653321	1.652008e-16
4959.68250513	1.595191e-16
4962.67847705	1.591236e-16
4965.67444897	1.591025e-16
4968.67042089	1.55462e-16
4971.6663928	1.561778e-16
4974.66236472	1.504501e-16
4977.65833664	1.434021e-16
4980.65430856	1.447558e-16
4983.65028048	1.449283e-16
4986.64625239	1.46141e-16
4989.64222431	1.405555e-16
4992.63819623	1.377335e-16
4995.63416815	1.338595e-16
4998.63014007	1.341211e-16
5001.62611198	1.343744e-16
5004.6220839	1.386789e-16
5007.61805582	1.341163e-16
5010.61402774	1.326903e-16
5013.60999966	1.326629e-16
5016.60597157	1.330904e-16
5019.60194349	1.301965e-16
5022.59791541	1.334118e-16
5025.59388733	1.339873e-16
5028.58985925	1.349131e-16
5031.58583117	1.342094e-16
5034.58180308	1.308429e-16
5037.577775	1.328584e-16
5040.57374692	1.339163e-16
5043.56971884	1.324814e-16
5046.56569076	1.317621e-16
5049.56166267	1.300839e-16
5052.55763459	1.331163e-16
5055.55360651	1.323562e-16
5058.54957843	1.306759e-16
5061.54555035	1.290217e-16
5064.54152226	1.284331e-16
5067.53749418	1.265158e-16
5070.5334661	1.248031e-16
5073.52943802	1.261793e-16
5076.52540994	1.242302e-16
5079.52138186	1.235987e-16
5082.51735377	1.240652e-16
5085.51332569	1.208634e-16
5088.50929761	1.221331e-16
5091.50526953	1.224023e-16
5094.50124145	1.212507e-16
5097.49721336	1.220144e-16
5100.49318528	1.18418e-16
5103.4891572	1.255766e-16
5106.48512912	1.265133e-16
5109.48110104	1.275288e-16
5112.47707295	1.300836e-16
5115.47304487	1.285346e-16
5118.46901679	1.286529e-16
5121.46498871	1.282002e-16
5124.46096063	1.296171e-16
5127.45693254	1.320706e-16
5130.45290446	1.309529e-16
5133.44887638	1.312209e-16
5136.4448483	1.340698e-16
5139.44082022	1.337408e-16
5142.43679214	1.35439e-16
5145.43276405	1.337413e-16
5148.42873597	1.30562e-16
5151.42470789	1.307362e-16
5154.42067981	1.31839e-16
5157.41665173	1.296356e-16
5160.41262364	1.263429e-16
5163.40859556	1.256131e-16
5166.40456748	1.253672e-16
5169.4005394	1.248444e-16
5172.39651132	1.224332e-16
5175.39248323	1.210459e-16
5178.38845515	1.185815e-16
5181.38442707	1.173747e-16
5184.38039899	1.134503e-16
5187.37637091	1.131807e-16
5190.37234282	1.127818e-16
5193.36831474	1.0995e-16
5196.36428666	1.082175e-16
5199.36025858	1.050805e-16
5202.3562305	1.046911e-16
5205.35220242	1.029999e-16
5208.34817433	1.033e-16
5211.34414625	1.037269e-16
5214.34011817	1.031656e-16
5217.33609009	1.026197e-16
5220.33206201	1.023293e-16
5223.32803392	1.033384e-16
5226.32400584	1.036925e-16
5229.31997776	1.027329e-16
5232.31594968	9.969874e-17
5235.3119216	9.874279e-17
5238.30789351	1.005587e-16
5241.30386543	1.011372e-16
5244.29983735	1.021735e-16
5247.29580927	1.036921e-16
5250.29178119	1.013766e-16
5253.28775311	1.030815e-16
5256.28372502	1.030908e-16
5259.27969694	1.01494e-16
5262.27566886	1.032163e-16
5265.27164078	1.051088e-16
5268.2676127	1.048018e-16
5271.26358461	1.053464e-16
5274.25955653	1.040775e-16
5277.25552845	1.067049e-16
5280.25150037	1.057947e-16
5283.24747229	1.036821e-16
5286.2434442	1.045864e-16
5289.23941612	1.050712e-16
5292.23538804	1.04736e-16
5295.23135996	1.048009e-16
5298.22733188	1.068462e-16
5301.22330379	1.078175e-16
5304.21927571	1.044149e-16
5307.21524763	1.063037e-16
5310.21121955	1.065874e-16
5313.20719147	1.065989e-16
5316.20316339	1.063093e-16
5319.1991353	1.047705e-16
5322.19510722	1.050218e-16
5325.19107914	1.054825e-16
5328.18705106	1.047733e-16
5331.18302298	1.040592e-16
5334.17899489	1.020257e-16
5337.17496681	1.042045e-16
5340.17093873	1.04164e-16
5343.16691065	1.050697e-16
5346.16288257	1.059783e-16
5349.15885448	1.052204e-16
5352.1548264	1.060557e-16
5355.15079832	1.068743e-16
5358.14677024	1.047958e-16
5361.14274216	1.069295e-16
5364.13871408	1.115579e-16
5367.13468599	1.124582e-16
5370.13065791	1.13014e-16
5373.12662983	1.098742e-16
5376.12260175	1.101322e-16
5379.11857367	1.114378e-16
5382.11454558	1.11678e-16
5385.1105175	1.124075e-16
5388.10648942	1.107297e-16
5391.10246134	1.096055e-16
5394.09843326	1.12601e-16
5397.09440517	1.132821e-16
5400.09037709	1.151854e-16
5403.08634901	1.17543e-16
5406.08232093	1.169599e-16
5409.07829285	1.176935e-16
5412.07426476	1.177478e-16
5415.07023668	1.190447e-16
5418.0662086	1.202942e-16
5421.06218052	1.221086e-16
5424.05815244	1.222737e-16
5427.05412436	1.231764e-16
5430.05009627	1.226759e-16
5433.04606819	1.218249e-16
5436.04204011	1.253467e-16
5439.03801203	1.26343e-16
5442.03398395	1.25802e-16
5445.02995586	1.277527e-16
5448.02592778	1.289652e-16
5451.0218997	1.27802e-16
5454.01787162	1.271146e-16
5457.01384354	1.273512e-16
5460.00981545	1.291047e-16
5463.00578737	1.302129e-16
5466.00175929	1.306584e-16
5468.99773121	1.320452e-16
5471.99370313	1.340024e-16
5474.98967505	1.351643e-16
5477.98564696	1.358107e-16
5480.98161888	1.339732e-16
5483.9775908	1.333892e-16
5486.97356272	1.335605e-16
5489.96953464	1.334469e-16
5492.96550655	1.335759e-16
5495.96147847	1.322649e-16
5498.95745039	1.313554e-16
5501.95342231	1.32378e-16
5504.94939423	1.315827e-16
5507.94536614	1.310426e-16
5510.94133806	1.317141e-16
5513.93730998	1.325453e-16
5516.9332819	1.315082e-16
5519.92925382	1.296028e-16
5522.92522573	1.308069e-16
5525.92119765	1.296375e-16
5528.91716957	1.282724e-16
5531.91314149	1.293944e-16
5534.90911341	1.289153e-16
5537.90508533	1.285789e-16
5540.90105724	1.302151e-16
5543.89702916	1.30617e-16
5546.89300108	1.307019e-16
5549.888973	1.325607e-16
5552.88494492	1.314288e-16
5555.88091683	1.309965e-16
5558.87688875	1.314748e-16
5561.87286067	1.319532e-16
5564.86883259	1.324315e-16
5567.86480451	1.329099e-16
5570.86077642	1.333882e-16
5573.85674834	1.239585e-16
5576.85272026	1.202476e-16
5579.84869218	1.196649e-16
5582.8446641	1.220544e-16
5585.84063601	1.244438e-16
5588.83660793	1.268328e-16
5591.83257985	1.292222e-16
5594.82855177	1.291188e-16
5597.82452369	1.301364e-16
5600.82049561	1.269879e-16
5603.81646752	1.221588e-16
5606.81243944	1.237936e-16
5609.80841136	1.232995e-16
5612.80438328	1.212797e-16
5615.8003552	1.188722e-16
5618.79632711	1.149877e-16
5621.79229903	1.142442e-16
5624.78827095	1.142691e-16
5627.78424287	1.108648e-16
5630.78021479	1.11101e-16
5633.7761867	1.09562e-16
5636.77215862	1.09292e-16
5639.76813054	1.08893e-16
5642.76410246	1.088447e-16
5645.76007438	1.067751e-16
5648.7560463	1.025524e-16
5651.75201821	1.0161e-16
5654.74799013	1.032013e-16
5657.74396205	1.02708e-16
5660.73993397	1.001986e-16
5663.73590589	1.003726e-16
5666.7318778	1.029992e-16
5669.72784972	1.032561e-16
5672.72382164	1.053448e-16
5675.71979356	1.066509e-16
5678.71576548	1.051624e-16
5681.71173739	1.045396e-16
5684.70770931	1.050116e-16
5687.70368123	1.031931e-16
5690.69965315	1.034733e-16
5693.69562507	1.039509e-16
5696.69159698	1.036922e-16
5699.6875689	1.035541e-16
5702.68354082	1.055638e-16
5705.67951274	1.048187e-16
5708.67548466	1.046681e-16
5711.67145658	1.050511e-16
5714.66742849	1.052488e-16
5717.66340041	1.065067e-16
5720.65937233	1.063566e-16
5723.65534425	1.061052e-16
5726.65131617	1.077474e-16
5729.64728808	1.085263e-16
5732.64326	1.082806e-16
5735.63923192	1.08757e-16
5738.63520384	1.103242e-16
5741.63117576	1.107606e-16
5744.62714767	1.090499e-16
5747.62311959	1.080677e-16
5750.61909151	1.071444e-16
5753.61506343	1.068639e-16
5756.61103535	1.089371e-16
5759.60700727	1.108357e-16
5762.60297918	1.103149e-16
5765.5989511	1.08399e-16
5768.59492302	1.080624e-16
5771.59089494	1.084744e-16
5774.58686686	1.076166e-16
5777.58283877	1.078502e-16
5780.57881069	1.095116e-16
5783.57478261	1.081488e-16
5786.57075453	1.06752e-16
5789.56672645	1.054462e-16
5792.56269836	1.035237e-16
5795.55867028	1.03081e-16
5798.5546422	1.046476e-16
5801.55061412	1.039177e-16
5804.54658604	1.029169e-16
5807.54255795	1.024892e-16
5810.53852987	1.027473e-16
5813.53450179	1.002075e-16
5816.53047371	9.943506e-17
5819.52644563	9.917951e-17
5822.52241755	9.904372e-17
5825.51838946	9.729302e-17
5828.51436138	9.543481e-17
5831.5103333	9.570462e-17
5834.50630522	9.565e-17
5837.50227714	9.489623e-17
5840.49824905	9.402218e-17
5843.49422097	9.286029e-17
5846.49019289	9.459893e-17
5849.48616481	9.370418e-17
5852.48213673	9.240347e-17
5855.47810864	9.282776e-17
5858.47408056	9.226858e-17
5861.47005248	9.430241e-17
5864.4660244	9.464873e-17
5867.46199632	9.451361e-17
5870.45796824	9.519021e-17
5873.45394015	9.700168e-17
5876.44991207	9.636998e-17
5879.44588399	9.584304e-17
5882.44185591	9.694545e-17
5885.43782783	9.5084e-17
5888.43379974	9.478328e-17
5891.42977166	9.152887e-17
5894.42574358	9.243158e-17
5897.4217155	9.344014e-17
5900.41768742	9.581479e-17
5903.41365933	9.882077e-17
5906.40963125	1.012014e-16
5909.40560317	1.017894e-16
5912.40157509	1.026043e-16
5915.39754701	1.0363e-16
5918.39351892	1.04575e-16
5921.38949084	1.06497e-16
5924.38546276	1.095763e-16
5927.38143468	1.091348e-16
5930.3774066	1.093304e-16
5933.37337852	1.094686e-16
5936.36935043	1.10069e-16
5939.36532235	1.109074e-16
5942.36129427	1.097421e-16
5945.35726619	1.091672e-16
5948.35323811	1.094335e-16
5951.34921002	1.101146e-16
5954.34518194	1.097477e-16
5957.34115386	1.085461e-16
5960.33712578	1.08826e-16
5963.3330977	1.092757e-16
5966.32906961	1.078564e-16
5969.32504153	1.075832e-16
5972.32101345	1.069556e-16
5975.31698537	1.079407e-16
5978.31295729	1.081106e-16
5981.3089292	1.076754e-16
5984.30490112	1.093991e-16
5987.30087304	1.106776e-16
5990.29684496	1.103802e-16
5993.29281688	1.102026e-16
5996.2887888	1.106433e-16
5999.28476071	1.112183e-16
6002.28073263	1.112149e-16
6005.27670455	1.103844e-16
6008.27267647	1.114061e-16
6011.26864839	1.136527e-16
6014.2646203	1.132217e-16
6017.26059222	1.129244e-16
6020.25656414	1.12846e-16
6023.25253606	1.14302e-16
6026.24850798	1.151929e-16
6029.24447989	1.146654e-16
6032.24045181	1.145339e-16
6035.23642373	1.145431e-16
6038.23239565	1.141315e-16
6041.22836757	1.13593e-16
6044.22433949	1.141088e-16
6047.2203114	1.138601e-16
6050.21628332	1.1309e-16
6053.21225524	1.136975e-16
6056.20822716	1.154146e-16
6059.20419908	1.141639e-16
6062.20017099	1.122309e-16
6065.19614291	1.119578e-16
6068.19211483	1.109981e-16
6071.18808675	1.118694e-16
6074.18405867	1.131563e-16
6077.18003058	1.136119e-16
6080.1760025	1.139638e-16
6083.17197442	1.136544e-16
6086.16794634	1.135475e-16
6089.16391826	1.134406e-16
6092.15989017	1.133338e-16
6095.15586209	1.132269e-16
6098.15183401	1.1312e-16
6101.14780593	1.130132e-16
6104.14377785	1.129063e-16
6107.13974977	1.127995e-16
6110.13572168	1.126926e-16
6113.1316936	1.125857e-16
6116.12766552	1.124789e-16
6119.12363744	1.117043e-16
6122.11960936	1.112702e-16
6125.11558127	1.094217e-16
6128.11155319	1.083817e-16
6131.10752511	1.08076e-16
6134.10349703	1.079803e-16
6137.09946895	1.076787e-16
6140.09544086	1.091657e-16
6143.09141278	1.092559e-16
6146.0873847	1.08329e-16
6149.08335662	1.053788e-16
6152.07932854	1.049667e-16
6155.07530046	1.057393e-16
6158.07127237	1.034739e-16
6161.06724429	1.025332e-16
6164.06321621	1.035747e-16
6167.05918813	1.032886e-16
6170.05516005	1.031328e-16
6173.05113196	1.018829e-16
6176.04710388	1.007077e-16
6179.0430758	1.007299e-16
6182.03904772	9.97138e-17
6185.03501964	9.989748e-17
6188.03099155	1.019778e-16
6191.02696347	1.007011e-16
6194.02293539	1.00539e-16
6197.01890731	1.000666e-16
6200.01487923	1.01411e-16
6203.01085114	1.016057e-16
6206.00682306	1.024275e-16
6209.00279498	1.010231e-16
6211.9987669	1.00622e-16
6214.99473882	1.021832e-16
6217.99071074	1.002424e-16
6220.98668265	9.958291e-17
6223.98265457	1.009426e-16
6226.97862649	1.031113e-16
6229.97459841	1.036882e-16
6232.97057033	1.040538e-16
6235.96654224	1.034426e-16
6238.96251416	1.024912e-16
6241.95848608	1.034554e-16
6244.954458	1.043704e-16
6247.95042992	1.039138e-16
6250.94640183	1.032605e-16
6253.94237375	1.046436e-16
6256.93834567	1.045338e-16
6259.93431759	1.052374e-16
6262.93028951	1.042509e-16
6265.92626143	1.053829e-16
6268.92223334	1.055048e-16
6271.91820526	1.056268e-16
6274.91417718	1.057488e-16
6277.9101491	1.058708e-16
6280.90612102	1.059928e-16
6283.90209293	1.061147e-16
6286.89806485	1.062367e-16
6289.89403677	1.063587e-16
6292.89000869	1.064807e-16
6295.88598061	1.066027e-16
6298.88195252	1.067246e-16
6301.87792444	1.068466e-16
6304.87389636	1.069686e-16
6307.86986828	1.070906e-16
6310.8658402	1.072126e-16
6313.86181211	1.073346e-16
6316.85778403	1.074566e-16
6319.85375595	1.075785e-16
6322.84972787	1.077005e-16
6325.84569979	1.078225e-16
6328.84167171	1.079445e-16
6331.83764362	1.080664e-16
6334.83361554	1.081884e-16
6337.82958746	1.083104e-16
6340.82555938	1.084324e-16
6343.8215313	1.085544e-16
6346.81750321	1.081541e-16
6349.81347513	1.071178e-16
6352.80944705	1.074568e-16
6355.80541897	1.052332e-16
6358.80139089	1.049681e-16
6361.7973628	1.070547e-16
6364.79333472	1.093562e-16
6367.78930664	1.10121e-16
6370.78527856	1.086633e-16
6373.78125048	1.081593e-16
6376.77722239	1.100145e-16
6379.77319431	1.107507e-16
6382.76916623	1.083512e-16
6385.76513815	1.088908e-16
6388.76111007	1.113328e-16
6391.75708199	1.111753e-16
6394.7530539	1.09936e-16
6397.74902582	1.092616e-16
6400.74499774	1.087887e-16
6403.74096966	1.091627e-16
6406.73694158	1.101788e-16
6409.73291349	1.101483e-16
6412.72888541	1.089897e-16
6415.72485733	1.08478e-16
6418.72082925	1.080566e-16
6421.71680117	1.069202e-16
6424.71277308	1.066817e-16
6427.708745	1.071457e-16
6430.70471692	1.079275e-16
6433.70068884	1.07981e-16
6436.69666076	1.07797e-16
6439.69263268	1.081092e-16
6442.68860459	1.075345e-16
6445.68457651	1.052607e-16
6448.68054843	1.044923e-16
6451.67652035	1.041297e-16
6454.67249227	1.0498e-16
6457.66846418	1.043341e-16
6460.6644361	1.024452e-16
6463.66040802	1.027893e-16
6466.65637994	9.984609e-17
6469.65235186	9.825685e-17
6472.64832377	9.849781e-17
6475.64429569	9.740744e-17
6478.64026761	9.777915e-17
6481.63623953	9.880455e-17
6484.63221145	9.687665e-17
6487.62818336	9.523077e-17
6490.62415528	9.504431e-17
6493.6201272	9.358826e-17
6496.61609912	9.43732e-17
6499.61207104	9.2185e-17
6502.60804296	9.192098e-17
6505.60401487	9.146939e-17
6508.59998679	8.967919e-17
6511.59595871	8.721714e-17
6514.59193063	8.578656e-17
6517.58790255	8.292355e-17
6520.58387446	8.079428e-17
6523.57984638	7.923916e-17
6526.5758183	7.839193e-17
6529.57179022	8.003246e-17
6532.56776214	7.769344e-17
6535.56373405	7.468181e-17
6538.55970597	7.523578e-17
6541.55567789	7.205639e-17
6544.55164981	6.973911e-17
6547.54762173	6.884201e-17
6550.54359365	6.857318e-17
6553.53956556	6.689905e-17
6556.53553748	6.572524e-17
6559.5315094	6.66172e-17
6562.52748132	6.618497e-17
6565.52345324	6.524454e-17
6568.51942515	6.479766e-17
6571.51539707	6.36912e-17
6574.51136899	6.367069e-17
6577.50734091	6.302388e-17
6580.50331283	6.333594e-17
6583.49928474	6.340382e-17
6586.49525666	6.460997e-17
6589.49122858	6.332949e-17
6592.4872005	6.471604e-17
6595.48317242	6.46009e-17
6598.47914433	6.601812e-17
6601.47511625	6.650463e-17
6604.47108817	6.613204e-17
6607.46706009	6.652668e-17
6610.46303201	6.622543e-17
6613.45900393	6.560876e-17
6616.45497584	6.599594e-17
6619.45094776	6.812762e-17
6622.44691968	6.920509e-17
6625.4428916	6.970513e-17
6628.43886352	7.077936e-17
6631.43483543	7.206822e-17
6634.43080735	7.428592e-17
6637.42677927	7.397255e-17
6640.42275119	7.432384e-17
6643.41872311	7.55592e-17
6646.41469502	7.631943e-17
6649.41066694	7.728174e-17
6652.40663886	7.846492e-17
6655.40261078	7.873494e-17
6658.3985827	7.9795e-17
6661.39455462	8.181984e-17
6664.39052653	8.304263e-17
6667.38649845	8.30225e-17
6670.38247037	8.281523e-17
6673.37844229	8.46959e-17
6676.37441421	8.524981e-17
6679.37038612	8.598951e-17
6682.36635804	8.564682e-17
6685.36232996	8.574066e-17
6688.35830188	8.720651e-17
6691.3542738	8.847889e-17
6694.35024571	8.916847e-17
6697.34621763	8.839804e-17
6700.34218955	8.99329e-17
6703.33816147	9.074029e-17
6706.33413339	9.03731e-17
6709.3301053	9.038836e-17
6712.32607722	9.114369e-17
6715.32204914	9.222992e-17
6718.31802106	9.317397e-17
6721.31399298	9.344555e-17
6724.3099649	9.446827e-17
6727.30593681	9.516665e-17
6730.30190873	9.503037e-17
6733.29788065	9.561369e-17
6736.29385257	9.780757e-17
6739.28982449	9.70518e-17
6742.2857964	9.566276e-17
6745.28176832	9.651087e-17
6748.27774024	9.760779e-17
6751.27371216	9.683357e-17
6754.26968408	9.711344e-17
6757.26565599	9.838244e-17
6760.26162791	9.951745e-17
6763.25759983	9.996769e-17
6766.25357175	9.920982e-17
6769.24954367	9.880588e-17
6772.24551558	9.868254e-17
6775.2414875	9.937985e-17
6778.23745942	9.90164e-17
6781.23343134	9.850408e-17
6784.22940326	9.825501e-17
6787.22537518	9.906303e-17
6790.22134709	9.833117e-17
6793.21731901	9.77496e-17
6796.21329093	9.738477e-17
6799.20926285	9.672832e-17
6802.20523477	9.845978e-17
6805.20120668	9.838526e-17
6808.1971786	9.766756e-17
6811.19315052	9.803945e-17
6814.18912244	9.696378e-17
6817.18509436	9.831114e-17
6820.18106627	9.850059e-17
6823.17703819	9.845805e-17
6826.17301011	9.638477e-17
6829.16898203	9.609677e-17
6832.16495395	9.648884e-17
6835.16092587	9.656772e-17
6838.15689778	9.612931e-17
6841.1528697	9.574185e-17
6844.14884162	9.540789e-17
6847.14481354	9.534854e-17
6850.14078546	9.546319e-17
6853.13675737	9.498976e-17
6856.13272929	9.336732e-17
6859.12870121	9.296669e-17
6862.12467313	8.982251e-17
6865.12064505	8.504826e-17
6868.11661696	8.16272e-17
6871.11258888	7.981227e-17
6874.1085608	7.792413e-17
6877.10453272	7.620409e-17
6880.10050464	7.744652e-17
6883.09647655	7.924267e-17
6886.09244847	7.989216e-17
6889.08842039	8.027559e-17
6892.08439231	8.052051e-17
6895.08036423	7.906859e-17
6898.07633615	7.89766e-17
6901.07230806	8.097228e-17
6904.06827998	8.25174e-17
6907.0642519	8.139604e-17
6910.06022382	8.320656e-17
6913.05619574	8.461113e-17
6916.05216765	8.54654e-17
6919.04813957	8.393345e-17
6922.04411149	8.485354e-17
6925.04008341	8.562209e-17
6928.03605533	8.475027e-17
6931.03202724	8.294164e-17
6934.02799916	8.228425e-17
6937.02397108	8.31756e-17
6940.019943	8.171214e-17
6943.01591492	8.062471e-17
6946.01188684	8.183119e-17
6949.00785875	8.072029e-17
6952.00383067	8.225379e-17
6954.99980259	8.296565e-17
6957.99577451	8.325798e-17
6960.99174643	8.410146e-17
6963.98771834	8.448203e-17
6966.98369026	8.151748e-17
6969.97966218	8.163428e-17
6972.9756341	8.314581e-17
6975.97160602	8.362871e-17
6978.96757793	8.39545e-17
6981.96354985	8.147082e-17
6984.95952177	8.16301e-17
6987.95549369	8.341363e-17
6990.95146561	8.04879e-17
6993.94743752	8.051155e-17
6996.94340944	8.071749e-17
6999.93938136	8.059442e-17
7002.93535328	7.992744e-17
7005.9313252	7.994475e-17
7008.92729712	8.034696e-17
7011.92326903	8.132441e-17
7014.91924095	8.11779e-17
7017.91521287	8.062852e-17
7020.91118479	8.164815e-17
7023.90715671	8.148424e-17
7026.90312862	8.323679e-17
7029.89910054	8.496038e-17
7032.89507246	8.388562e-17
7035.89104438	8.567959e-17
7038.8870163	8.912839e-17
7041.88298821	9.16859e-17
7044.87896013	9.308597e-17
7047.87493205	9.622752e-17
7050.87090397	9.787157e-17
7053.86687589	9.766148e-17
7056.86284781	9.319419e-17
7059.85881972	8.650728e-17
7062.85479164	8.441886e-17
7065.85076356	8.514727e-17
7068.84673548	8.518264e-17
7071.8427074	8.651528e-17
7074.83867931	8.754361e-17
7077.83465123	8.573658e-17
7080.83062315	8.288863e-17
7083.82659507	7.981728e-17
7086.82256699	7.89317e-17
7089.8185389	7.749042e-17
7092.81451082	7.687335e-17
7095.81048274	7.801848e-17
7098.80645466	7.885095e-17
7101.80242658	8.000363e-17
7104.79839849	7.89899e-17
7107.79437041	7.786544e-17
7110.79034233	7.804466e-17
7113.78631425	7.760178e-17
7116.78228617	7.785563e-17
7119.77825809	7.807268e-17
7122.77423	7.828516e-17
7125.77020192	7.705076e-17
7128.76617384	7.621446e-17
7131.76214576	7.583166e-17
7134.75811768	7.590923e-17
7137.75408959	7.612258e-17
7140.75006151	7.648725e-17
7143.74603343	7.572906e-17
7146.74200535	7.552813e-17
7149.73797727	7.456032e-17
7152.73394918	7.367555e-17
7155.7299211	7.419987e-17
7158.72589302	7.416035e-17
7161.72186494	7.224343e-17
7164.71783686	6.969646e-17
7167.71380877	6.803972e-17
7170.70978069	6.662772e-17
7173.70575261	6.53191e-17
7176.70172453	6.34004e-17
7179.69769645	6.212289e-17
7182.69366837	6.103169e-17
7185.68964028	6.031905e-17
7188.6856122	6.02834e-17
7191.68158412	6.032659e-17
7194.67755604	5.939513e-17
7197.67352796	6.000163e-17
7200.66949987	6.014397e-17
7203.66547179	6.086886e-17
7206.66144371	6.313708e-17
7209.65741563	6.559493e-17
7212.65338755	6.703873e-17
7215.64935946	6.867336e-17
7218.64533138	6.961295e-17
7221.6413033	6.959902e-17
7224.63727522	6.931645e-17
7227.63324714	6.698334e-17
7230.62921906	6.461793e-17
7233.62519097	6.285786e-17
7236.62116289	6.125308e-17
7239.61713481	5.929582e-17
7242.61310673	5.734763e-17
7245.60907865	5.516956e-17
7248.60505056	5.528505e-17
7251.60102248	5.898275e-17
7254.5969944	6.080388e-17
7257.59296632	6.114994e-17
7260.58893824	6.006402e-17
7263.58491015	6.01162e-17
7266.58088207	6.062695e-17
7269.57685399	5.820052e-17
7272.57282591	5.913932e-17
7275.56879783	5.885351e-17
7278.56476974	5.721639e-17
7281.56074166	5.868693e-17
7284.55671358	5.902568e-17
7287.5526855	6.115148e-17
7290.54865742	6.31785e-17
7293.54462934	6.179809e-17
7296.54060125	6.16087e-17
7299.53657317	6.150447e-17
7302.53254509	6.080248e-17
7305.52851701	6.112382e-17
7308.52448893	6.009496e-17
7311.52046084	6.141529e-17
7314.51643276	6.063231e-17
7317.51240468	6.032113e-17
7320.5083766	6.01418e-17
7323.50434852	6.068272e-17
7326.50032043	6.388436e-17
7329.49629235	6.723388e-17
7332.49226427	6.386239e-17
7335.48823619	6.333337e-17
7338.48420811	6.409083e-17
7341.48018003	6.582519e-17
7344.47615194	6.454198e-17
7347.47212386	6.470501e-17
7350.46809578	6.454906e-17
7353.4640677	6.793079e-17
7356.46003962	6.673747e-17
7359.45601153	6.475727e-17
7362.45198345	6.296034e-17
7365.44795537	6.440375e-17
7368.44392729	6.382886e-17
7371.43989921	6.418426e-17
7374.43587112	6.561844e-17
7377.43184304	6.670825e-17
7380.42781496	6.686908e-17
7383.42378688	6.652961e-17
7386.4197588	6.656923e-17
7389.41573071	6.761188e-17
7392.41170263	6.657635e-17
7395.40767455	6.703322e-17
7398.40364647	6.67363e-17
7401.39961839	6.609654e-17
7404.39559031	6.652987e-17
7407.39156222	6.634976e-17
7410.38753414	6.691073e-17
7413.38350606	6.776027e-17
7416.37947798	6.962962e-17
7419.3754499	6.834434e-17
7422.37142181	6.703998e-17
7425.36739373	6.786505e-17
7428.36336565	6.815359e-17
7431.35933757	6.681633e-17
7434.35530949	6.668319e-17
7437.3512814	6.577395e-17
7440.34725332	6.572653e-17
7443.34322524	6.832407e-17
7446.33919716	6.854578e-17
7449.33516908	6.783874e-17
7452.331141	6.789101e-17
7455.32711291	6.748419e-17
7458.32308483	6.81716e-17
7461.31905675	6.826848e-17
7464.31502867	6.719001e-17
7467.31100059	6.638079e-17
7470.3069725	6.661546e-17
7473.30294442	6.642873e-17
7476.29891634	6.732695e-17
7479.29488826	6.760584e-17
7482.29086018	6.720878e-17
7485.28683209	6.665143e-17
7488.28280401	6.58136e-17
7491.27877593	6.648883e-17
7494.27474785	6.624733e-17
7497.27071977	6.612075e-17
7500.26669168	6.789123e-17
7503.2626636	6.812616e-17
7506.25863552	6.824981e-17
7509.25460744	6.783575e-17
7512.25057936	6.784326e-17
7515.24655128	6.703003e-17
7518.24252319	6.74724e-17
7521.23849511	6.625901e-17
7524.23446703	6.510954e-17
7527.23043895	6.538173e-17
7530.22641087	6.646898e-17
7533.22238278	6.611812e-17
7536.2183547	6.757743e-17
7539.21432662	6.913628e-17
7542.21029854	6.800854e-17
7545.20627046	6.769252e-17
7548.20224237	6.830622e-17
7551.19821429	6.731889e-17
7554.19418621	6.61124e-17
7557.19015813	6.855059e-17
7560.18613005	6.841128e-17
7563.18210196	6.751559e-17
7566.17807388	6.624925e-17
7569.1740458	6.693434e-17
7572.17001772	6.826029e-17
7575.16598964	6.833177e-17
7578.16196156	6.840324e-17
7581.15793347	6.847471e-17
7584.15390539	6.854618e-17
7587.14987731	6.861765e-17
7590.14584923	6.868912e-17
7593.14182115	6.876059e-17
7596.13779306	6.883206e-17
7599.13376498	6.890354e-17
7602.1297369	6.897501e-17
7605.12570882	6.904647e-17
7608.12168074	6.911795e-17
7611.11765265	6.918942e-17
7614.11362457	6.92609e-17
7617.10959649	6.933236e-17
7620.10556841	6.940383e-17
7623.10154033	6.947531e-17
7626.09751225	6.954678e-17
7629.09348416	6.961825e-17
7632.08945608	6.968972e-17
7635.085428	6.97612e-17
7638.08139992	6.983267e-17
7641.07737184	6.990413e-17
7644.07334375	6.997561e-17
7647.06931567	7.004708e-17
7650.06528759	7.011856e-17
7653.06125951	7.019002e-17
7656.05723143	7.02615e-17
7659.05320334	7.033296e-17
7662.04917526	7.040444e-17
7665.04514718	7.047591e-17
7668.0411191	7.054738e-17
7671.03709102	7.061885e-17
7674.03306293	7.069033e-17
7677.02903485	7.076179e-17
7680.02500677	7.083326e-17
7683.02097869	7.090474e-17
7686.01695061	7.097621e-17
7689.01292253	7.104767e-17
7692.00889444	7.111915e-17
7695.00486636	7.119062e-17
7698.00083828	7.12621e-17
7700.9968102	7.133356e-17
7703.99278212	6.944527e-17
7706.98875403	6.958249e-17
7709.98472595	7.250075e-17
7712.98069787	7.125803e-17
7715.97666979	6.687873e-17
7718.97264171	6.964524e-17
7721.96861362	7.114813e-17
7724.96458554	7.487503e-17
7727.96055746	7.502344e-17
7730.95652938	7.380584e-17
7733.9525013	7.61698e-17
7736.94847322	8.203147e-17
7739.94444513	6.361893e-17
7742.94041705	6.177362e-17
7745.93638897	6.257951e-17
7748.93236089	6.378721e-17
7751.92833281	6.457084e-17
7754.92430472	6.355867e-17
7757.92027664	5.810194e-17
7760.91624856	6.307065e-17
7763.91222048	6.699063e-17
7766.9081924	6.766388e-17
7769.90416431	6.672079e-17
7772.90013623	6.519011e-17
7775.89610815	6.572381e-17
7778.89208007	6.516598e-17
7781.88805199	6.391687e-17
7784.8840239	6.567803e-17
7787.87999582	6.486404e-17
7790.87596774	6.316963e-17
7793.87193966	6.340173e-17
7796.86791158	6.328267e-17
7799.8638835	6.158749e-17
7802.85985541	6.387763e-17
7805.85582733	6.784045e-17
7808.85179925	6.506001e-17
7811.84777117	6.063256e-17
7814.84374309	6.171047e-17
7817.839715	6.157767e-17
7820.83568692	6.16247e-17
7823.83165884	6.252075e-17
7826.82763076	6.433175e-17
7829.82360268	6.247653e-17
7832.81957459	6.50242e-17
7835.81554651	6.368292e-17
7838.81151843	6.165419e-17
7841.80749035	5.984253e-17
7844.80346227	5.97588e-17
7847.79943419	6.009785e-17
7850.7954061	5.829133e-17
7853.79137802	5.956865e-17
7856.78734994	5.825916e-17
7859.78332186	5.582629e-17
7862.77929378	5.83811e-17
7865.77526569	6.166168e-17
7868.77123761	5.592268e-17
7871.76720953	5.671676e-17
7874.76318145	5.845987e-17
7877.75915337	5.609024e-17
7880.75512528	5.528019e-17
7883.7510972	5.824339e-17
7886.74706912	5.787024e-17
7889.74304104	5.815081e-17
7892.73901296	5.770428e-17
7895.73498487	5.63458e-17
7898.73095679	5.642778e-17
7901.72692871	5.774316e-17
7904.72290063	5.658181e-17
7907.71887255	5.54787e-17
7910.71484447	5.538131e-17
7913.71081638	5.635224e-17
7916.7067883	5.57864e-17
7919.70276022	5.293746e-17
7922.69873214	5.397449e-17
7925.69470406	5.740205e-17
7928.69067597	5.718248e-17
7931.68664789	5.701384e-17
7934.68261981	5.679971e-17
7937.67859173	5.641701e-17
7940.67456365	5.704609e-17
7943.67053556	5.720728e-17
7946.66650748	5.814575e-17
7949.6624794	5.817041e-17
7952.65845132	5.643383e-17
7955.65442324	5.501379e-17
7958.65039515	5.350945e-17
7961.64636707	5.154966e-17
7964.64233899	5.348724e-17
7967.63831091	5.453918e-17
7970.63428283	5.25278e-17
7973.63025475	5.250483e-17
7976.62622666	5.402568e-17
7979.62219858	5.383795e-17
7982.6181705	5.274199e-17
7985.61414242	5.132727e-17
7988.61011434	4.984076e-17
7991.60608625	5.065431e-17
7994.60205817	5.179662e-17
7997.59803009	5.1065e-17
8000.59400201	5.024605e-17
8003.58997393	5.083314e-17
8006.58594584	5.249147e-17
8009.58191776	5.24953e-17
8012.57788968	5.141621e-17
8015.5738616	5.055091e-17
8018.56983352	5.237888e-17
8021.56580544	5.076104e-17
8024.56177735	4.887376e-17
8027.55774927	4.882631e-17
8030.55372119	4.834749e-17
8033.54969311	5.027473e-17
8036.54566503	5.297613e-17
8039.54163694	5.305555e-17
8042.53760886	5.369379e-17
8045.53358078	5.46095e-17
8048.5295527	5.273326e-17
8051.52552462	5.175919e-17
8054.52149653	5.241164e-17
8057.51746845	5.356026e-17
8060.51344037	5.28011e-17
8063.50941229	5.271609e-17
8066.50538421	5.18175e-17
8069.50135612	5.114726e-17
8072.49732804	5.258313e-17
8075.49329996	5.241492e-17
8078.48927188	5.262363e-17
8081.4852438	5.365215e-17
8084.48121572	5.278478e-17
8087.47718763	5.234923e-17
8090.47315955	5.279936e-17
8093.46913147	5.257079e-17
8096.46510339	5.175235e-17
8099.46107531	5.178962e-17
8102.45704722	5.087358e-17
8105.45301914	5.109589e-17
8108.44899106	5.151221e-17
8111.44496298	5.15666e-17
8114.4409349	5.028181e-17
8117.43690681	4.961603e-17
8120.43287873	5.044255e-17
8123.42885065	5.072234e-17
8126.42482257	5.05403e-17
8129.42079449	4.969297e-17
8132.41676641	4.759792e-17
8135.41273832	4.645699e-17
8138.40871024	4.63769e-17
8141.40468216	4.636619e-17
8144.40065408	4.657119e-17
8147.396626	4.555228e-17
8150.39259791	4.448636e-17
8153.38856983	4.413645e-17
8156.38454175	4.344899e-17
8159.38051367	4.27959e-17
8162.37648559	4.221669e-17
8165.3724575	4.285289e-17
8168.36842942	4.380197e-17
8171.36440134	4.322169e-17
8174.36037326	4.371473e-17
8177.35634518	4.322222e-17
8180.35231709	4.239491e-17
8183.34828901	4.311694e-17
8186.34426093	4.187885e-17
8189.34023285	4.20062e-17
8192.33620477	4.308312e-17
8195.33217669	4.378229e-17
8198.3281486	4.634284e-17
8201.32412052	4.646533e-17
8204.32009244	4.667698e-17
8207.31606436	4.854155e-17
8210.31203628	4.794485e-17
8213.30800819	4.848242e-17
8216.30398011	4.832147e-17
8219.29995203	4.630809e-17
8222.29592395	4.405204e-17
8225.29189587	4.231871e-17
8228.28786778	4.02801e-17
8231.2838397	4.082989e-17
8234.27981162	4.13473e-17
8237.27578354	4.170238e-17
8240.27175546	4.226215e-17
8243.26772738	4.398224e-17
8246.26369929	4.694101e-17
8249.25967121	4.758078e-17
8252.25564313	4.893757e-17
8255.25161505	5.161029e-17
8258.24758697	4.995074e-17
8261.24355888	4.738628e-17
8264.2395308	4.81635e-17
8267.23550272	4.912189e-17
8270.23147464	4.766944e-17
8273.22744656	4.874096e-17
8276.22341847	4.78521e-17
8279.21939039	4.703684e-17
8282.21536231	4.248921e-17
8285.21133423	4.295671e-17
8288.20730615	4.527585e-17
8291.20327806	4.42871e-17
8294.19924998	4.578961e-17
8297.1952219	4.612139e-17
8300.19119382	4.784077e-17
8303.18716574	5.002557e-17
8306.18313766	4.61535e-17
8309.17910957	4.634472e-17
8312.17508149	5.032592e-17
8315.17105341	5.262736e-17
8318.16702533	5.246106e-17
8321.16299725	5.14081e-17
8324.15896916	5.171634e-17
8327.15494108	5.157091e-17
8330.150913	5.141764e-17
8333.14688492	4.912618e-17
8336.14285684	4.741995e-17
8339.13882875	4.59086e-17
8342.13480067	4.652407e-17
8345.13077259	4.585244e-17
8348.12674451	4.685922e-17
8351.12271643	4.851004e-17
8354.11868834	4.860067e-17
8357.11466026	4.814665e-17
8360.11063218	4.865157e-17
8363.1066041	4.892422e-17
8366.10257602	5.022795e-17
8369.09854794	5.269014e-17
8372.09451985	5.222442e-17
8375.09049177	5.127232e-17
8378.08646369	5.155089e-17
8381.08243561	5.30164e-17
8384.07840753	5.292264e-17
8387.07437944	5.372521e-17
8390.07035136	5.407763e-17
8393.06632328	5.471492e-17
8396.0622952	5.553631e-17
8399.05826712	5.623093e-17
8402.05423903	5.471632e-17
8405.05021095	5.454944e-17
8408.04618287	5.396648e-17
8411.04215479	5.314164e-17
8414.03812671	5.41267e-17
8417.03409863	5.456122e-17
8420.03007054	5.367923e-17
8423.02604246	5.481175e-17
8426.02201438	5.564932e-17
8429.0179863	5.385002e-17
8432.01395822	5.056085e-17
8435.00993013	4.90717e-17
8438.00590205	4.751478e-17
8441.00187397	4.858801e-17
8443.99784589	5.138948e-17
8446.99381781	5.27984e-17
8449.98978972	5.088019e-17
8452.98576164	5.014565e-17
8455.98173356	5.132002e-17
8458.97770548	5.282522e-17
8461.9736774	5.416573e-17
8464.96964931	5.379502e-17
8467.96562123	5.492938e-17
8470.96159315	5.563369e-17
8473.95756507	5.456677e-17
8476.95353699	5.188208e-17
8479.94950891	5.093084e-17
8482.94548082	5.25676e-17
8485.94145274	5.176971e-17
8488.93742466	5.032124e-17
8491.93339658	5.055469e-17
8494.9293685	5.021144e-17
8497.92534041	5.007835e-17
8500.92131233	5.196474e-17
8503.91728425	5.279918e-17
8506.91325617	5.248589e-17
8509.90922809	5.192919e-17
8512.9052	5.197222e-17
8515.90117192	5.190927e-17
8518.89714384	5.088182e-17
8521.89311576	5.017823e-17
8524.88908768	4.90585e-17
8527.8850596	4.856729e-17
8530.88103151	4.819694e-17
8533.87700343	4.798625e-17
8536.87297535	4.913258e-17
8539.86894727	4.905096e-17
8542.86491919	4.893599e-17
8545.8608911	4.853619e-17
8548.85686302	4.852152e-17
8551.85283494	4.899945e-17
8554.84880686	4.880226e-17
8557.84477878	4.879425e-17
8560.84075069	4.915712e-17
8563.83672261	4.912838e-17
8566.83269453	4.81711e-17
8569.82866645	4.871058e-17
8572.82463837	4.856291e-17
8575.82061028	4.802889e-17
8578.8165822	4.779369e-17
8581.81255412	4.857517e-17
8584.80852604	4.901236e-17
8587.80449796	4.735146e-17
8590.80046988	4.834899e-17
8593.79644179	4.823052e-17
8596.79241371	4.779123e-17
8599.78838563	4.805516e-17
8602.78435755	4.797374e-17
8605.78032947	4.771767e-17
8608.77630138	4.811807e-17
8611.7722733	4.898283e-17
8614.76824522	4.905855e-17
8617.76421714	4.740957e-17
8620.76018906	4.471513e-17
8623.75616097	4.254519e-17
8626.75213289	4.299631e-17
8629.74810481	4.198701e-17
8632.74407673	4.354974e-17
8635.74004865	4.173213e-17
8638.73602057	4.24178e-17
8641.73199248	4.306417e-17
8644.7279644	4.264295e-17
8647.72393632	4.308925e-17
8650.71990824	4.139517e-17
8653.71588016	4.05024e-17
8656.71185207	4.003113e-17
8659.70782399	4.272227e-17
8662.70379591	4.701949e-17
8665.69976783	4.581372e-17
8668.69573975	4.814672e-17
8671.69171166	4.79233e-17
8674.68768358	4.771685e-17
8677.6836555	4.688985e-17
8680.67962742	4.686526e-17
8683.67559934	4.723525e-17
8686.67157125	4.686175e-17
8689.66754317	4.757768e-17
8692.66351509	4.946889e-17
8695.65948701	4.912742e-17
8698.65545893	4.889117e-17
8701.65143085	4.885164e-17
8704.64740276	4.892309e-17
8707.64337468	4.946143e-17
8710.6393466	5.047692e-17
8713.63531852	5.052019e-17
8716.63129044	5.036506e-17
8719.62726235	5.01067e-17
8722.62323427	4.932563e-17
8725.61920619	4.921347e-17
8728.61517811	4.998083e-17
8731.61115003	5.037419e-17
8734.60712194	5.07881e-17
8737.60309386	5.047178e-17
8740.59906578	5.05625e-17
8743.5950377	5.06678e-17
8746.59100962	5.029981e-17
8749.58698153	4.887473e-17
8752.58295345	4.592382e-17
8755.57892537	3.963385e-17
8758.57489729	3.202675e-17
8761.57086921	3.144531e-17
8764.56684113	3.517839e-17
8767.56281304	4.101629e-17
8770.55878496	4.200096e-17
8773.55475688	3.993178e-17
8776.5507288	4.114199e-17
8779.54670072	4.580343e-17
8782.54267263	4.718062e-17
8785.53864455	4.757902e-17
8788.53461647	4.885067e-17
8791.53058839	4.834615e-17
8794.52656031	4.551318e-17
8797.52253222	4.41107e-17
8800.51850414	4.536919e-17
8803.51447606	4.513231e-17
8806.51044798	4.492324e-17
8809.5064199	4.594693e-17
8812.50239182	4.515416e-17
8815.49836373	4.353858e-17
8818.49433565	4.345104e-17
8821.49030757	4.730431e-17
8824.48627949	4.942312e-17
8827.48225141	5.047921e-17
8830.47822332	4.987439e-17
8833.47419524	4.745799e-17
8836.47016716	4.93826e-17
8839.46613908	4.964172e-17
8842.462111	4.576898e-17
8845.45808291	4.37764e-17
8848.45405483	4.295291e-17
8851.45002675	4.374901e-17
8854.44599867	4.383601e-17
8857.44197059	4.26139e-17
8860.4379425	4.03282e-17
8863.43391442	3.924081e-17
8866.42988634	3.952774e-17
8869.42585826	3.858888e-17
8872.42183018	3.683092e-17
8875.4178021	3.450121e-17
8878.41377401	3.10444e-17
8881.40974593	2.674022e-17
8884.40571785	2.498513e-17
8887.40168977	2.466415e-17
8890.39766169	2.635852e-17
8893.3936336	3.179811e-17
8896.38960552	3.56541e-17
8899.38557744	4.152914e-17
8902.38154936	4.443713e-17
8905.37752128	4.10077e-17
8908.37349319	3.694258e-17
8911.36946511	3.687452e-17
8914.36543703	4.023659e-17
8917.36140895	4.27352e-17
8920.35738087	4.091094e-17
8923.35335279	4.196268e-17
8926.3493247	4.330281e-17
8929.34529662	4.547189e-17
8932.34126854	4.583914e-17
8935.33724046	4.117094e-17
8938.33321238	3.719895e-17
8941.32918429	3.65829e-17
8944.32515621	3.713077e-17
8947.32112813	3.604328e-17
8950.31710005	3.834141e-17
8953.31307197	3.495625e-17
8956.30904388	3.432446e-17
8959.3050158	3.687197e-17
8962.30098772	3.402793e-17
8965.29695964	3.100688e-17
8968.29293156	3.029023e-17
8971.28890347	3.298526e-17
8974.28487539	3.688684e-17
8977.28084731	3.689308e-17
8980.27681923	3.71996e-17
8983.27279115	3.599387e-17
8986.26876307	3.287094e-17
8989.26473498	3.017142e-17
8992.2607069	2.965252e-17
8995.25667882	3.054815e-17
8998.25265074	3.149266e-17
9001.24862266	3.277326e-17
9004.24459457	3.237902e-17
9007.24056649	3.382419e-17
9010.23653841	3.403857e-17
9013.23251033	3.43758e-17
9016.22848225	3.625207e-17
9019.22445416	3.599796e-17
9022.22042608	3.494232e-17
9025.216398	3.446764e-17
9028.21236992	3.550664e-17
9031.20834184	3.792809e-17
9034.20431376	3.91045e-17
9037.20028567	3.905051e-17
9040.19625759	3.975188e-17
9043.19222951	4.01986e-17
9046.18820143	3.914274e-17
9049.18417335	3.816707e-17
9052.18014526	3.899772e-17
9055.17611718	4.070715e-17
9058.1720891	4.038515e-17
9061.16806102	4.007086e-17
9064.16403294	3.86897e-17
9067.16000485	3.702976e-17
9070.15597677	3.582495e-17
9073.15194869	3.476381e-17
9076.14792061	3.345225e-17
9079.14389253	3.365794e-17
9082.13986444	3.544575e-17
9085.13583636	3.493154e-17
9088.13180828	3.460366e-17
9091.1277802	3.458343e-17
9094.12375212	3.393107e-17
9097.11972404	3.221246e-17
9100.11569595	3.225196e-17
9103.11166787	3.210765e-17
9106.10763979	3.273444e-17
9109.10361171	3.428018e-17
9112.09958363	3.59532e-17
9115.09555554	3.503818e-17
9118.09152746	3.504534e-17
9121.08749938	3.523404e-17
9124.0834713	3.422566e-17
9127.07944322	3.179544e-17
9130.07541513	2.95533e-17
9133.07138705	2.897222e-17
9136.06735897	2.886876e-17
9139.06333089	2.965785e-17
9142.05930281	3.099319e-17
9145.05527472	3.330129e-17
9148.05124664	3.642427e-17
9151.04721856	3.638153e-17
9154.04319048	3.417787e-17
9157.0391624	3.124052e-17
9160.03513432	3.067153e-17
9163.03110623	2.887791e-17
9166.02707815	2.784554e-17
9169.02305007	2.814204e-17
9172.01902199	3.046439e-17
9175.01499391	3.151434e-17
9178.01096582	3.192023e-17
9181.00693774	3.338109e-17
9184.00290966	3.457058e-17
9186.99888158	3.397575e-17
9189.9948535	3.392534e-17
9192.99082541	3.443377e-17
9195.98679733	3.492992e-17
9198.98276925	3.580544e-17
9201.97874117	3.6461e-17
9204.97471309	3.665168e-17
9207.97068501	3.799553e-17
9210.96665692	3.794607e-17
9213.96262884	3.686649e-17
9216.95860076	3.666181e-17
9219.95457268	3.608773e-17
9222.9505446	3.5521e-17
9225.94651651	3.556918e-17
9228.94248843	3.480817e-17
9231.93846035	3.543079e-17
9234.93443227	3.685112e-17
9237.93040419	3.64301e-17
9240.9263761	3.592673e-17
9243.92234802	3.484595e-17
9246.91831994	3.374963e-17
9249.91429186	3.363441e-17
