#	 psnj015342 
#	 UT date of observation: 20160104 
#	 Telescope/Instrument: KPNO4m/KOSMOS 
#	 Estimated Peak MJD: 57393.648 
#	 Estimated redshift: 0.026 
#	 Estimated Phase: -2.6 
#	 Published in Dettman et al. 2020 
#	 Observed barycentric wavelength (Angstroms)    F_lambda
4180.0	2.467313e-15
4181.0	2.487016e-15
4182.0	2.522527e-15
4183.0	2.451524e-15
4184.0	2.56371e-15
4185.0	2.410454e-15
4186.0	2.376259e-15
4187.0	2.379516e-15
4188.0	2.402539e-15
4189.0	2.419562e-15
4190.0	2.478038e-15
4191.0	2.443526e-15
4192.0	2.443081e-15
4193.0	2.51749e-15
4194.0	2.454845e-15
4195.0	2.346866e-15
4196.0	2.452496e-15
4197.0	2.464131e-15
4198.0	2.462449e-15
4199.0	2.496264e-15
4200.0	2.510966e-15
4201.0	2.496158e-15
4202.0	2.510548e-15
4203.0	2.428126e-15
4204.0	2.484101e-15
4205.0	2.381777e-15
4206.0	2.515992e-15
4207.0	2.427128e-15
4208.0	2.396779e-15
4209.0	2.334852e-15
4210.0	2.443489e-15
4211.0	2.353807e-15
4212.0	2.382461e-15
4213.0	2.314018e-15
4214.0	2.301899e-15
4215.0	2.342051e-15
4216.0	2.218514e-15
4217.0	2.276387e-15
4218.0	2.246315e-15
4219.0	2.313339e-15
4220.0	2.217017e-15
4221.0	2.129935e-15
4222.0	2.165104e-15
4223.0	2.131476e-15
4224.0	2.174757e-15
4225.0	2.19827e-15
4226.0	2.2585e-15
4227.0	2.178464e-15
4228.0	2.217059e-15
4229.0	2.148574e-15
4230.0	2.224149e-15
4231.0	2.201479e-15
4232.0	2.158832e-15
4233.0	2.189576e-15
4234.0	2.232532e-15
4235.0	2.227235e-15
4236.0	2.135202e-15
4237.0	2.216587e-15
4238.0	2.209744e-15
4239.0	2.08559e-15
4240.0	2.154778e-15
4241.0	2.217008e-15
4242.0	2.142066e-15
4243.0	2.098517e-15
4244.0	2.197326e-15
4245.0	2.151981e-15
4246.0	2.187678e-15
4247.0	2.096081e-15
4248.0	2.030052e-15
4249.0	2.12084e-15
4250.0	2.084576e-15
4251.0	2.044543e-15
4252.0	2.021183e-15
4253.0	2.070562e-15
4254.0	2.045504e-15
4255.0	2.103929e-15
4256.0	2.130738e-15
4257.0	2.06086e-15
4258.0	1.972743e-15
4259.0	2.07302e-15
4260.0	2.110398e-15
4261.0	2.056891e-15
4262.0	2.05947e-15
4263.0	2.044895e-15
4264.0	2.054585e-15
4265.0	2.061002e-15
4266.0	2.113045e-15
4267.0	2.077732e-15
4268.0	2.133179e-15
4269.0	2.136999e-15
4270.0	2.007327e-15
4271.0	1.975321e-15
4272.0	2.021371e-15
4273.0	2.040953e-15
4274.0	1.987275e-15
4275.0	2.053565e-15
4276.0	2.067925e-15
4277.0	2.024155e-15
4278.0	2.017591e-15
4279.0	1.957156e-15
4280.0	1.983788e-15
4281.0	1.910629e-15
4282.0	1.997996e-15
4283.0	1.990219e-15
4284.0	1.900872e-15
4285.0	1.883813e-15
4286.0	1.886736e-15
4287.0	1.962381e-15
4288.0	1.880222e-15
4289.0	1.947966e-15
4290.0	2.003105e-15
4291.0	1.972529e-15
4292.0	1.920227e-15
4293.0	1.934434e-15
4294.0	1.921164e-15
4295.0	1.934964e-15
4296.0	1.908271e-15
4297.0	1.935369e-15
4298.0	1.848008e-15
4299.0	1.879177e-15
4300.0	1.863612e-15
4301.0	1.810281e-15
4302.0	1.833386e-15
4303.0	1.81724e-15
4304.0	1.859294e-15
4305.0	1.793909e-15
4306.0	1.827388e-15
4307.0	1.798008e-15
4308.0	1.768311e-15
4309.0	1.729037e-15
4310.0	1.793279e-15
4311.0	1.811742e-15
4312.0	1.717146e-15
4313.0	1.759145e-15
4314.0	1.759598e-15
4315.0	1.701782e-15
4316.0	1.7362e-15
4317.0	1.655349e-15
4318.0	1.737986e-15
4319.0	1.744425e-15
4320.0	1.717966e-15
4321.0	1.699581e-15
4322.0	1.677072e-15
4323.0	1.716495e-15
4324.0	1.745733e-15
4325.0	1.746693e-15
4326.0	1.688593e-15
4327.0	1.682782e-15
4328.0	1.657586e-15
4329.0	1.696863e-15
4330.0	1.680915e-15
4331.0	1.573955e-15
4332.0	1.551003e-15
4333.0	1.63875e-15
4334.0	1.602913e-15
4335.0	1.601411e-15
4336.0	1.641506e-15
4337.0	1.558417e-15
4338.0	1.521544e-15
4339.0	1.565439e-15
4340.0	1.532542e-15
4341.0	1.586338e-15
4342.0	1.56333e-15
4343.0	1.524318e-15
4344.0	1.507056e-15
4345.0	1.513695e-15
4346.0	1.573682e-15
4347.0	1.581696e-15
4348.0	1.509698e-15
4349.0	1.527328e-15
4350.0	1.539115e-15
4351.0	1.48855e-15
4352.0	1.505601e-15
4353.0	1.562435e-15
4354.0	1.470494e-15
4355.0	1.507539e-15
4356.0	1.509115e-15
4357.0	1.490736e-15
4358.0	1.484994e-15
4359.0	1.472802e-15
4360.0	1.561499e-15
4361.0	1.494699e-15
4362.0	1.456768e-15
4363.0	1.481389e-15
4364.0	1.472923e-15
4365.0	1.485536e-15
4366.0	1.466712e-15
4367.0	1.413889e-15
4368.0	1.456839e-15
4369.0	1.403496e-15
4370.0	1.372233e-15
4371.0	1.433912e-15
4372.0	1.411303e-15
4373.0	1.413243e-15
4374.0	1.351725e-15
4375.0	1.398844e-15
4376.0	1.387585e-15
4377.0	1.44215e-15
4378.0	1.417924e-15
4379.0	1.380818e-15
4380.0	1.423297e-15
4381.0	1.293352e-15
4382.0	1.315844e-15
4383.0	1.34444e-15
4384.0	1.294327e-15
4385.0	1.316931e-15
4386.0	1.263506e-15
4387.0	1.274776e-15
4388.0	1.305742e-15
4389.0	1.330939e-15
4390.0	1.32939e-15
4391.0	1.305672e-15
4392.0	1.285501e-15
4393.0	1.329415e-15
4394.0	1.305304e-15
4395.0	1.329897e-15
4396.0	1.242281e-15
4397.0	1.213498e-15
4398.0	1.303473e-15
4399.0	1.213473e-15
4400.0	1.217819e-15
4401.0	1.236021e-15
4402.0	1.228784e-15
4403.0	1.267301e-15
4404.0	1.257119e-15
4405.0	1.228893e-15
4406.0	1.258886e-15
4407.0	1.234267e-15
4408.0	1.221285e-15
4409.0	1.27912e-15
4410.0	1.257651e-15
4411.0	1.256421e-15
4412.0	1.238279e-15
4413.0	1.311196e-15
4414.0	1.301491e-15
4415.0	1.318215e-15
4416.0	1.252809e-15
4417.0	1.275569e-15
4418.0	1.307888e-15
4419.0	1.36651e-15
4420.0	1.305256e-15
4421.0	1.340529e-15
4422.0	1.391209e-15
4423.0	1.382324e-15
4424.0	1.352642e-15
4425.0	1.320872e-15
4426.0	1.331245e-15
4427.0	1.33491e-15
4428.0	1.310276e-15
4429.0	1.314571e-15
4430.0	1.364606e-15
4431.0	1.3409e-15
4432.0	1.335718e-15
4433.0	1.401585e-15
4434.0	1.386321e-15
4435.0	1.340356e-15
4436.0	1.395204e-15
4437.0	1.380931e-15
4438.0	1.382358e-15
4439.0	1.388658e-15
4440.0	1.377341e-15
4441.0	1.351948e-15
4442.0	1.349247e-15
4443.0	1.410106e-15
4444.0	1.397916e-15
4445.0	1.372682e-15
4446.0	1.365447e-15
4447.0	1.363435e-15
4448.0	1.392645e-15
4449.0	1.395399e-15
4450.0	1.453049e-15
4451.0	1.501839e-15
4452.0	1.456576e-15
4453.0	1.41335e-15
4454.0	1.451721e-15
4455.0	1.522284e-15
4456.0	1.512806e-15
4457.0	1.541255e-15
4458.0	1.442161e-15
4459.0	1.490663e-15
4460.0	1.4933e-15
4461.0	1.471289e-15
4462.0	1.457116e-15
4463.0	1.534402e-15
4464.0	1.414942e-15
4465.0	1.464449e-15
4466.0	1.551456e-15
4467.0	1.472679e-15
4468.0	1.487952e-15
4469.0	1.549968e-15
4470.0	1.488392e-15
4471.0	1.496136e-15
4472.0	1.562745e-15
4473.0	1.582897e-15
4474.0	1.562963e-15
4475.0	1.543067e-15
4476.0	1.479696e-15
4477.0	1.466518e-15
4478.0	1.579197e-15
4479.0	1.532081e-15
4480.0	1.537397e-15
4481.0	1.555651e-15
4482.0	1.549006e-15
4483.0	1.583632e-15
4484.0	1.582189e-15
4485.0	1.549986e-15
4486.0	1.541334e-15
4487.0	1.594214e-15
4488.0	1.583772e-15
4489.0	1.604168e-15
4490.0	1.560006e-15
4491.0	1.570347e-15
4492.0	1.573108e-15
4493.0	1.549566e-15
4494.0	1.561779e-15
4495.0	1.545655e-15
4496.0	1.560271e-15
4497.0	1.599837e-15
4498.0	1.555579e-15
4499.0	1.562122e-15
4500.0	1.485549e-15
4501.0	1.491686e-15
4502.0	1.477101e-15
4503.0	1.480885e-15
4504.0	1.444105e-15
4505.0	1.440756e-15
4506.0	1.469845e-15
4507.0	1.422893e-15
4508.0	1.367413e-15
4509.0	1.433247e-15
4510.0	1.478979e-15
4511.0	1.421211e-15
4512.0	1.451974e-15
4513.0	1.401151e-15
4514.0	1.338386e-15
4515.0	1.385716e-15
4516.0	1.450802e-15
4517.0	1.401392e-15
4518.0	1.396117e-15
4519.0	1.402911e-15
4520.0	1.392378e-15
4521.0	1.407275e-15
4522.0	1.379736e-15
4523.0	1.393637e-15
4524.0	1.385509e-15
4525.0	1.344952e-15
4526.0	1.415019e-15
4527.0	1.392828e-15
4528.0	1.326461e-15
4529.0	1.342891e-15
4530.0	1.350839e-15
4531.0	1.346159e-15
4532.0	1.353492e-15
4533.0	1.3488e-15
4534.0	1.342084e-15
4535.0	1.366742e-15
4536.0	1.310437e-15
4537.0	1.347685e-15
4538.0	1.317307e-15
4539.0	1.31868e-15
4540.0	1.319058e-15
4541.0	1.285654e-15
4542.0	1.319645e-15
4543.0	1.378241e-15
4544.0	1.384434e-15
4545.0	1.427715e-15
4546.0	1.391185e-15
4547.0	1.355652e-15
4548.0	1.374857e-15
4549.0	1.373599e-15
4550.0	1.367283e-15
4551.0	1.416473e-15
4552.0	1.447059e-15
4553.0	1.410504e-15
4554.0	1.51413e-15
4555.0	1.474859e-15
4556.0	1.44508e-15
4557.0	1.476863e-15
4558.0	1.546337e-15
4559.0	1.500399e-15
4560.0	1.471538e-15
4561.0	1.513925e-15
4562.0	1.515247e-15
4563.0	1.50131e-15
4564.0	1.56449e-15
4565.0	1.571893e-15
4566.0	1.584382e-15
4567.0	1.593484e-15
4568.0	1.569939e-15
4569.0	1.593713e-15
4570.0	1.59082e-15
4571.0	1.597061e-15
4572.0	1.553715e-15
4573.0	1.616996e-15
4574.0	1.614493e-15
4575.0	1.660484e-15
4576.0	1.658307e-15
4577.0	1.672619e-15
4578.0	1.675998e-15
4579.0	1.667063e-15
4580.0	1.634959e-15
4581.0	1.652352e-15
4582.0	1.695624e-15
4583.0	1.635802e-15
4584.0	1.666831e-15
4585.0	1.70756e-15
4586.0	1.590579e-15
4587.0	1.662873e-15
4588.0	1.718503e-15
4589.0	1.663034e-15
4590.0	1.727257e-15
4591.0	1.636069e-15
4592.0	1.651195e-15
4593.0	1.660054e-15
4594.0	1.688516e-15
4595.0	1.725523e-15
4596.0	1.70859e-15
4597.0	1.725231e-15
4598.0	1.705714e-15
4599.0	1.716459e-15
4600.0	1.726564e-15
4601.0	1.730214e-15
4602.0	1.738219e-15
4603.0	1.709936e-15
4604.0	1.716257e-15
4605.0	1.743142e-15
4606.0	1.721522e-15
4607.0	1.744033e-15
4608.0	1.760852e-15
4609.0	1.785886e-15
4610.0	1.794909e-15
4611.0	1.716068e-15
4612.0	1.680367e-15
4613.0	1.786315e-15
4614.0	1.784822e-15
4615.0	1.812619e-15
4616.0	1.810408e-15
4617.0	1.699972e-15
4618.0	1.746969e-15
4619.0	1.766824e-15
4620.0	1.776694e-15
4621.0	1.739328e-15
4622.0	1.768644e-15
4623.0	1.818929e-15
4624.0	1.797715e-15
4625.0	1.819682e-15
4626.0	1.809708e-15
4627.0	1.794723e-15
4628.0	1.749721e-15
4629.0	1.820873e-15
4630.0	1.79037e-15
4631.0	1.760679e-15
4632.0	1.697826e-15
4633.0	1.704104e-15
4634.0	1.798041e-15
4635.0	1.737342e-15
4636.0	1.755792e-15
4637.0	1.783421e-15
4638.0	1.809009e-15
4639.0	1.785495e-15
4640.0	1.728672e-15
4641.0	1.778356e-15
4642.0	1.791765e-15
4643.0	1.712999e-15
4644.0	1.760604e-15
4645.0	1.775983e-15
4646.0	1.758965e-15
4647.0	1.746056e-15
4648.0	1.704188e-15
4649.0	1.729086e-15
4650.0	1.70714e-15
4651.0	1.72083e-15
4652.0	1.684409e-15
4653.0	1.718462e-15
4654.0	1.739439e-15
4655.0	1.730541e-15
4656.0	1.72802e-15
4657.0	1.712596e-15
4658.0	1.740208e-15
4659.0	1.728799e-15
4660.0	1.747944e-15
4661.0	1.784629e-15
4662.0	1.725845e-15
4663.0	1.709287e-15
4664.0	1.702459e-15
4665.0	1.718794e-15
4666.0	1.698957e-15
4667.0	1.695005e-15
4668.0	1.714008e-15
4669.0	1.675997e-15
4670.0	1.748731e-15
4671.0	1.72244e-15
4672.0	1.752501e-15
4673.0	1.735285e-15
4674.0	1.734299e-15
4675.0	1.724567e-15
4676.0	1.762386e-15
4677.0	1.724249e-15
4678.0	1.734788e-15
4679.0	1.693568e-15
4680.0	1.692626e-15
4681.0	1.742963e-15
4682.0	1.71976e-15
4683.0	1.695931e-15
4684.0	1.748577e-15
4685.0	1.718595e-15
4686.0	1.697582e-15
4687.0	1.716874e-15
4688.0	1.726353e-15
4689.0	1.721029e-15
4690.0	1.731029e-15
4691.0	1.768416e-15
4692.0	1.751207e-15
4693.0	1.737683e-15
4694.0	1.715042e-15
4695.0	1.71e-15
4696.0	1.694868e-15
4697.0	1.707594e-15
4698.0	1.698665e-15
4699.0	1.736572e-15
4700.0	1.747433e-15
4701.0	1.719638e-15
4702.0	1.731129e-15
4703.0	1.748251e-15
4704.0	1.720981e-15
4705.0	1.707108e-15
4706.0	1.707527e-15
4707.0	1.732762e-15
4708.0	1.746249e-15
4709.0	1.713956e-15
4710.0	1.77425e-15
4711.0	1.768974e-15
4712.0	1.732143e-15
4713.0	1.705218e-15
4714.0	1.739119e-15
4715.0	1.753273e-15
4716.0	1.739765e-15
4717.0	1.691831e-15
4718.0	1.712829e-15
4719.0	1.70792e-15
4720.0	1.735554e-15
4721.0	1.700091e-15
4722.0	1.746071e-15
4723.0	1.763281e-15
4724.0	1.683893e-15
4725.0	1.687935e-15
4726.0	1.729191e-15
4727.0	1.68278e-15
4728.0	1.725212e-15
4729.0	1.686421e-15
4730.0	1.70835e-15
4731.0	1.676769e-15
4732.0	1.622227e-15
4733.0	1.647118e-15
4734.0	1.649773e-15
4735.0	1.687391e-15
4736.0	1.646748e-15
4737.0	1.646857e-15
4738.0	1.605711e-15
4739.0	1.593266e-15
4740.0	1.563109e-15
4741.0	1.623158e-15
4742.0	1.604548e-15
4743.0	1.61541e-15
4744.0	1.535632e-15
4745.0	1.517385e-15
4746.0	1.532853e-15
4747.0	1.516634e-15
4748.0	1.510115e-15
4749.0	1.505893e-15
4750.0	1.524434e-15
4751.0	1.430208e-15
4752.0	1.469498e-15
4753.0	1.476302e-15
4754.0	1.451165e-15
4755.0	1.43952e-15
4756.0	1.457282e-15
4757.0	1.402893e-15
4758.0	1.461852e-15
4759.0	1.443806e-15
4760.0	1.406466e-15
4761.0	1.40965e-15
4762.0	1.37874e-15
4763.0	1.375889e-15
4764.0	1.381578e-15
4765.0	1.364467e-15
4766.0	1.339592e-15
4767.0	1.378394e-15
4768.0	1.363093e-15
4769.0	1.355546e-15
4770.0	1.372338e-15
4771.0	1.346525e-15
4772.0	1.326568e-15
4773.0	1.335775e-15
4774.0	1.334572e-15
4775.0	1.344693e-15
4776.0	1.350954e-15
4777.0	1.3626e-15
4778.0	1.368841e-15
4779.0	1.334109e-15
4780.0	1.316651e-15
4781.0	1.351724e-15
4782.0	1.31242e-15
4783.0	1.319215e-15
4784.0	1.375856e-15
4785.0	1.330887e-15
4786.0	1.325733e-15
4787.0	1.34718e-15
4788.0	1.332929e-15
4789.0	1.30795e-15
4790.0	1.331311e-15
4791.0	1.358293e-15
4792.0	1.325141e-15
4793.0	1.298736e-15
4794.0	1.327091e-15
4795.0	1.325991e-15
4796.0	1.348372e-15
4797.0	1.31644e-15
4798.0	1.304881e-15
4799.0	1.339358e-15
4800.0	1.368473e-15
4801.0	1.341402e-15
4802.0	1.366593e-15
4803.0	1.323643e-15
4804.0	1.3268e-15
4805.0	1.344194e-15
4806.0	1.324777e-15
4807.0	1.338299e-15
4808.0	1.351457e-15
4809.0	1.359337e-15
4810.0	1.352685e-15
4811.0	1.3811e-15
4812.0	1.396592e-15
4813.0	1.372514e-15
4814.0	1.386861e-15
4815.0	1.398149e-15
4816.0	1.373744e-15
4817.0	1.383017e-15
4818.0	1.381376e-15
4819.0	1.370953e-15
4820.0	1.36547e-15
4821.0	1.336272e-15
4822.0	1.360156e-15
4823.0	1.348315e-15
4824.0	1.360628e-15
4825.0	1.384035e-15
4826.0	1.361257e-15
4827.0	1.373714e-15
4828.0	1.320024e-15
4829.0	1.341973e-15
4830.0	1.332472e-15
4831.0	1.332406e-15
4832.0	1.358222e-15
4833.0	1.321209e-15
4834.0	1.325794e-15
4835.0	1.281064e-15
4836.0	1.296145e-15
4837.0	1.282659e-15
4838.0	1.258612e-15
4839.0	1.253326e-15
4840.0	1.256961e-15
4841.0	1.250398e-15
4842.0	1.239447e-15
4843.0	1.218565e-15
4844.0	1.224944e-15
4845.0	1.210466e-15
4846.0	1.199758e-15
4847.0	1.220556e-15
4848.0	1.212548e-15
4849.0	1.257238e-15
4850.0	1.188664e-15
4851.0	1.191262e-15
4852.0	1.197983e-15
4853.0	1.184994e-15
4854.0	1.189109e-15
4855.0	1.183051e-15
4856.0	1.164303e-15
4857.0	1.156601e-15
4858.0	1.173339e-15
4859.0	1.172055e-15
4860.0	1.1581e-15
4861.0	1.147225e-15
4862.0	1.166318e-15
4863.0	1.192506e-15
4864.0	1.170808e-15
4865.0	1.181881e-15
4866.0	1.155391e-15
4867.0	1.14686e-15
4868.0	1.153038e-15
4869.0	1.118489e-15
4870.0	1.149308e-15
4871.0	1.130692e-15
4872.0	1.14819e-15
4873.0	1.116331e-15
4874.0	1.137731e-15
4875.0	1.197312e-15
4876.0	1.158637e-15
4877.0	1.162487e-15
4878.0	1.196017e-15
4879.0	1.199161e-15
4880.0	1.125273e-15
4881.0	1.107737e-15
4882.0	1.151884e-15
4883.0	1.187513e-15
4884.0	1.1833e-15
4885.0	1.13626e-15
4886.0	1.14668e-15
4887.0	1.182228e-15
4888.0	1.167246e-15
4889.0	1.164397e-15
4890.0	1.156995e-15
4891.0	1.168049e-15
4892.0	1.187863e-15
4893.0	1.205522e-15
4894.0	1.210968e-15
4895.0	1.214705e-15
4896.0	1.224085e-15
4897.0	1.214585e-15
4898.0	1.212664e-15
4899.0	1.189412e-15
4900.0	1.193255e-15
4901.0	1.222164e-15
4902.0	1.236984e-15
4903.0	1.247816e-15
4904.0	1.220526e-15
4905.0	1.244985e-15
4906.0	1.256482e-15
4907.0	1.26145e-15
4908.0	1.24725e-15
4909.0	1.244872e-15
4910.0	1.214243e-15
4911.0	1.229112e-15
4912.0	1.210011e-15
4913.0	1.21515e-15
4914.0	1.237081e-15
4915.0	1.220593e-15
4916.0	1.217898e-15
4917.0	1.20531e-15
4918.0	1.235011e-15
4919.0	1.204612e-15
4920.0	1.158995e-15
4921.0	1.175068e-15
4922.0	1.164595e-15
4923.0	1.169346e-15
4924.0	1.114284e-15
4925.0	1.141544e-15
4926.0	1.142203e-15
4927.0	1.119725e-15
4928.0	1.137122e-15
4929.0	1.094769e-15
4930.0	1.080204e-15
4931.0	1.083329e-15
4932.0	1.072108e-15
4933.0	1.071779e-15
4934.0	1.082472e-15
4935.0	1.098764e-15
4936.0	1.094246e-15
4937.0	1.060038e-15
4938.0	1.090395e-15
4939.0	1.056628e-15
4940.0	1.043337e-15
4941.0	1.020265e-15
4942.0	9.991719e-16
4943.0	1.002556e-15
4944.0	1.004867e-15
4945.0	9.914744e-16
4946.0	1.021209e-15
4947.0	1.017786e-15
4948.0	9.749083e-16
4949.0	9.36821e-16
4950.0	9.326171e-16
4951.0	9.705324e-16
4952.0	9.633612e-16
4953.0	9.474666e-16
4954.0	9.155275e-16
4955.0	8.818146e-16
4956.0	8.858482e-16
4957.0	9.231662e-16
4958.0	9.324585e-16
4959.0	8.899085e-16
4960.0	8.89627e-16
4961.0	8.698691e-16
4962.0	8.784405e-16
4963.0	8.576859e-16
4964.0	8.495743e-16
4965.0	8.421169e-16
4966.0	8.45032e-16
4967.0	8.221174e-16
4968.0	8.381095e-16
4969.0	8.34083e-16
4970.0	8.428596e-16
4971.0	7.859186e-16
4972.0	8.247379e-16
4973.0	7.982301e-16
4974.0	7.935945e-16
4975.0	8.163794e-16
4976.0	7.846052e-16
4977.0	7.976817e-16
4978.0	7.793802e-16
4979.0	7.830288e-16
4980.0	8.434923e-16
4981.0	8.263254e-16
4982.0	8.139954e-16
4983.0	8.218239e-16
4984.0	7.966871e-16
4985.0	8.145898e-16
4986.0	8.672861e-16
4987.0	8.720569e-16
4988.0	8.723923e-16
4989.0	8.451724e-16
4990.0	7.96387e-16
4991.0	8.237662e-16
4992.0	8.535946e-16
4993.0	8.33594e-16
4994.0	8.564173e-16
4995.0	8.458937e-16
4996.0	8.608451e-16
4997.0	8.517319e-16
4998.0	8.478328e-16
4999.0	8.056566e-16
5000.0	8.684949e-16
5001.0	9.159776e-16
5002.0	8.574417e-16
5003.0	8.617741e-16
5004.0	8.697796e-16
5005.0	8.594047e-16
5006.0	8.777241e-16
5007.0	8.735239e-16
5008.0	8.805352e-16
5009.0	8.686007e-16
5010.0	9.191364e-16
5011.0	8.740705e-16
5012.0	8.958227e-16
5013.0	9.161937e-16
5014.0	8.858847e-16
5015.0	8.931284e-16
5016.0	8.918882e-16
5017.0	8.878024e-16
5018.0	8.627682e-16
5019.0	9.102715e-16
5020.0	8.86483e-16
5021.0	8.754387e-16
5022.0	9.172107e-16
5023.0	9.05025e-16
5024.0	9.016912e-16
5025.0	8.978749e-16
5026.0	9.05308e-16
5027.0	8.921401e-16
5028.0	9.154534e-16
5029.0	9.309298e-16
5030.0	9.081482e-16
5031.0	9.163624e-16
5032.0	9.082899e-16
5033.0	9.139329e-16
5034.0	9.112873e-16
5035.0	9.39664e-16
5036.0	9.113379e-16
5037.0	9.230833e-16
5038.0	9.033114e-16
5039.0	9.036762e-16
5040.0	9.154106e-16
5041.0	9.004548e-16
5042.0	9.271135e-16
5043.0	9.315614e-16
5044.0	9.662973e-16
5045.0	9.724791e-16
5046.0	9.476485e-16
5047.0	9.578895e-16
5048.0	9.407129e-16
5049.0	9.765369e-16
5050.0	9.843837e-16
5051.0	9.597642e-16
5052.0	9.686295e-16
5053.0	9.681523e-16
5054.0	9.619861e-16
5055.0	9.860933e-16
5056.0	9.574521e-16
5057.0	9.65641e-16
5058.0	9.822453e-16
5059.0	9.476237e-16
5060.0	9.329211e-16
5061.0	9.769175e-16
5062.0	9.438465e-16
5063.0	9.741383e-16
5064.0	1.010906e-15
5065.0	9.645747e-16
5066.0	9.281574e-16
5067.0	9.08556e-16
5068.0	8.999562e-16
5069.0	9.15304e-16
5070.0	9.371347e-16
5071.0	9.309259e-16
5072.0	9.157545e-16
5073.0	9.451255e-16
5074.0	8.889277e-16
5075.0	9.138165e-16
5076.0	9.3625e-16
5077.0	9.108434e-16
5078.0	9.159175e-16
5079.0	9.291908e-16
5080.0	9.018826e-16
5081.0	8.741295e-16
5082.0	8.875068e-16
5083.0	8.8751e-16
5084.0	9.008361e-16
5085.0	9.183489e-16
5086.0	8.829886e-16
5087.0	8.693405e-16
5088.0	8.829944e-16
5089.0	8.826427e-16
5090.0	8.67165e-16
5091.0	8.529014e-16
5092.0	8.459955e-16
5093.0	9.189608e-16
5094.0	9.001892e-16
5095.0	8.995504e-16
5096.0	8.936626e-16
5097.0	8.992626e-16
5098.0	8.924881e-16
5099.0	9.002651e-16
5100.0	8.831669e-16
5101.0	8.823601e-16
5102.0	8.734158e-16
5103.0	8.711692e-16
5104.0	8.56241e-16
5105.0	8.847838e-16
5106.0	8.71937e-16
5107.0	8.705702e-16
5108.0	8.663742e-16
5109.0	9.077746e-16
5110.0	9.019916e-16
5111.0	8.964052e-16
5112.0	9.191197e-16
5113.0	8.837833e-16
5114.0	8.98201e-16
5115.0	8.750993e-16
5116.0	9.128667e-16
5117.0	9.185051e-16
5118.0	9.151048e-16
5119.0	9.254073e-16
5120.0	9.120099e-16
5121.0	9.020722e-16
5122.0	9.146932e-16
5123.0	9.385369e-16
5124.0	9.367076e-16
5125.0	9.521593e-16
5126.0	9.556416e-16
5127.0	9.391746e-16
5128.0	9.309176e-16
5129.0	9.342866e-16
5130.0	9.396693e-16
5131.0	9.517963e-16
5132.0	9.512535e-16
5133.0	9.125652e-16
5134.0	9.245412e-16
5135.0	9.455405e-16
5136.0	9.593528e-16
5137.0	9.600775e-16
5138.0	9.381107e-16
5139.0	9.329755e-16
5140.0	9.092465e-16
5141.0	8.935771e-16
5142.0	9.280475e-16
5143.0	9.614295e-16
5144.0	9.322615e-16
5145.0	9.644505e-16
5146.0	9.837842e-16
5147.0	9.789898e-16
5148.0	9.65757e-16
5149.0	9.488188e-16
5150.0	9.678841e-16
5151.0	9.785577e-16
5152.0	9.742411e-16
5153.0	9.701162e-16
5154.0	9.880863e-16
5155.0	9.763444e-16
5156.0	9.841936e-16
5157.0	1.00752e-15
5158.0	9.908841e-16
5159.0	9.77915e-16
5160.0	1.007273e-15
5161.0	9.960114e-16
5162.0	9.678098e-16
5163.0	1.01821e-15
5164.0	1.045991e-15
5165.0	1.012153e-15
5166.0	1.034052e-15
5167.0	1.028507e-15
5168.0	1.026781e-15
5169.0	9.835746e-16
5170.0	1.010425e-15
5171.0	1.038969e-15
5172.0	1.062072e-15
5173.0	1.050682e-15
5174.0	1.062612e-15
5175.0	1.038236e-15
5176.0	1.028861e-15
5177.0	1.067292e-15
5178.0	1.035177e-15
5179.0	1.061072e-15
5180.0	1.079989e-15
5181.0	1.095868e-15
5182.0	1.05325e-15
5183.0	1.073205e-15
5184.0	1.07628e-15
5185.0	1.077037e-15
5186.0	1.083392e-15
5187.0	1.09353e-15
5188.0	1.069779e-15
5189.0	1.049002e-15
5190.0	1.015182e-15
5191.0	1.049959e-15
5192.0	1.100842e-15
5193.0	1.122617e-15
5194.0	1.088099e-15
5195.0	1.09431e-15
5196.0	1.125941e-15
5197.0	1.099852e-15
5198.0	1.118025e-15
5199.0	1.130509e-15
5200.0	1.123212e-15
5201.0	1.129181e-15
5202.0	1.154786e-15
5203.0	1.151589e-15
5204.0	1.129e-15
5205.0	1.147654e-15
5206.0	1.144782e-15
5207.0	1.107967e-15
5208.0	1.116471e-15
5209.0	1.164631e-15
5210.0	1.140367e-15
5211.0	1.111326e-15
5212.0	1.138837e-15
5213.0	1.168551e-15
5214.0	1.149862e-15
5215.0	1.154931e-15
5216.0	1.125945e-15
5217.0	1.144469e-15
5218.0	1.151091e-15
5219.0	1.182114e-15
5220.0	1.192583e-15
5221.0	1.176412e-15
5222.0	1.193545e-15
5223.0	1.195535e-15
5224.0	1.148703e-15
5225.0	1.203066e-15
5226.0	1.19007e-15
5227.0	1.215398e-15
5228.0	1.194057e-15
5229.0	1.187967e-15
5230.0	1.205828e-15
5231.0	1.22011e-15
5232.0	1.213941e-15
5233.0	1.184514e-15
5234.0	1.206531e-15
5235.0	1.210377e-15
5236.0	1.20171e-15
5237.0	1.191068e-15
5238.0	1.22935e-15
5239.0	1.194804e-15
5240.0	1.179307e-15
5241.0	1.206926e-15
5242.0	1.213352e-15
5243.0	1.186774e-15
5244.0	1.140958e-15
5245.0	1.158726e-15
5246.0	1.156119e-15
5247.0	1.162843e-15
5248.0	1.183379e-15
5249.0	1.161733e-15
5250.0	1.172889e-15
5251.0	1.178828e-15
5252.0	1.177789e-15
5253.0	1.18106e-15
5254.0	1.168105e-15
5255.0	1.130106e-15
5256.0	1.163145e-15
5257.0	1.190856e-15
5258.0	1.143863e-15
5259.0	1.141841e-15
5260.0	1.166554e-15
5261.0	1.145993e-15
5262.0	1.150698e-15
5263.0	1.132672e-15
5264.0	1.084322e-15
5265.0	1.109271e-15
5266.0	1.117611e-15
5267.0	1.151408e-15
5268.0	1.155744e-15
5269.0	1.137232e-15
5270.0	1.147325e-15
5271.0	1.117165e-15
5272.0	1.150247e-15
5273.0	1.115797e-15
5274.0	1.112291e-15
5275.0	1.140919e-15
5276.0	1.11697e-15
5277.0	1.134824e-15
5278.0	1.132296e-15
5279.0	1.09755e-15
5280.0	1.100143e-15
5281.0	1.121423e-15
5282.0	1.110104e-15
5283.0	1.120192e-15
5284.0	1.104169e-15
5285.0	1.107978e-15
5286.0	1.125338e-15
5287.0	1.141306e-15
5288.0	1.148616e-15
5289.0	1.106388e-15
5290.0	1.114284e-15
5291.0	1.140264e-15
5292.0	1.155065e-15
5293.0	1.150543e-15
5294.0	1.139642e-15
5295.0	1.145788e-15
5296.0	1.178345e-15
5297.0	1.151075e-15
5298.0	1.162731e-15
5299.0	1.122529e-15
5300.0	1.147776e-15
5301.0	1.175557e-15
5302.0	1.155885e-15
5303.0	1.148649e-15
5304.0	1.153336e-15
5305.0	1.19309e-15
5306.0	1.187472e-15
5307.0	1.163217e-15
5308.0	1.152702e-15
5309.0	1.160334e-15
5310.0	1.141191e-15
5311.0	1.197996e-15
5312.0	1.193156e-15
5313.0	1.185252e-15
5314.0	1.19903e-15
5315.0	1.190988e-15
5316.0	1.192284e-15
5317.0	1.207563e-15
5318.0	1.16338e-15
5319.0	1.162131e-15
5320.0	1.181375e-15
5321.0	1.188343e-15
5322.0	1.173728e-15
5323.0	1.177226e-15
5324.0	1.175355e-15
5325.0	1.206324e-15
5326.0	1.153781e-15
5327.0	1.174179e-15
5328.0	1.211978e-15
5329.0	1.192966e-15
5330.0	1.17327e-15
5331.0	1.205137e-15
5332.0	1.158984e-15
5333.0	1.191722e-15
5334.0	1.182749e-15
5335.0	1.204663e-15
5336.0	1.192118e-15
5337.0	1.159804e-15
5338.0	1.152308e-15
5339.0	1.156815e-15
5340.0	1.156012e-15
5341.0	1.150857e-15
5342.0	1.140051e-15
5343.0	1.14353e-15
5344.0	1.141658e-15
5345.0	1.086942e-15
5346.0	1.109426e-15
5347.0	1.090475e-15
5348.0	1.086848e-15
5349.0	1.083663e-15
5350.0	1.071394e-15
5351.0	1.056169e-15
5352.0	1.015709e-15
5353.0	1.036899e-15
5354.0	1.05174e-15
5355.0	1.021467e-15
5356.0	9.579569e-16
5357.0	9.743478e-16
5358.0	1.018662e-15
5359.0	1.002106e-15
5360.0	1.027365e-15
5361.0	9.712816e-16
5362.0	9.828835e-16
5363.0	9.650577e-16
5364.0	9.742862e-16
5365.0	9.676735e-16
5366.0	9.609055e-16
5367.0	9.54042e-16
5368.0	9.336449e-16
5369.0	9.35201e-16
5370.0	9.101088e-16
5371.0	8.900968e-16
5372.0	9.086271e-16
5373.0	9.031942e-16
5374.0	8.862604e-16
5375.0	8.86194e-16
5376.0	8.580341e-16
5377.0	8.624506e-16
5378.0	8.32949e-16
5379.0	8.585731e-16
5380.0	8.611545e-16
5381.0	8.366045e-16
5382.0	8.062583e-16
5383.0	8.486848e-16
5384.0	8.169535e-16
5385.0	7.92388e-16
5386.0	8.165729e-16
5387.0	8.259441e-16
5388.0	8.272562e-16
5389.0	8.216195e-16
5390.0	8.138512e-16
5391.0	8.443896e-16
5392.0	8.505525e-16
5393.0	8.132566e-16
5394.0	8.078921e-16
5395.0	7.992849e-16
5396.0	8.066718e-16
5397.0	8.011243e-16
5398.0	7.930245e-16
5399.0	7.959009e-16
5400.0	7.838971e-16
5401.0	7.947327e-16
5402.0	7.864611e-16
5403.0	7.84452e-16
5404.0	8.017892e-16
5405.0	8.205909e-16
5406.0	7.875923e-16
5407.0	7.7676e-16
5408.0	7.83911e-16
5409.0	7.861259e-16
5410.0	7.818404e-16
5411.0	8.153088e-16
5412.0	7.865096e-16
5413.0	8.004075e-16
5414.0	8.129511e-16
5415.0	8.061614e-16
5416.0	7.984583e-16
5417.0	8.25407e-16
5418.0	8.144443e-16
5419.0	7.898145e-16
5420.0	8.030078e-16
5421.0	7.79196e-16
5422.0	7.87281e-16
5423.0	7.980737e-16
5424.0	7.688236e-16
5425.0	7.747785e-16
5426.0	7.799179e-16
5427.0	7.638774e-16
5428.0	7.88746e-16
5429.0	8.026573e-16
5430.0	7.962555e-16
5431.0	7.762857e-16
5432.0	8.098985e-16
5433.0	8.204146e-16
5434.0	7.886459e-16
5435.0	7.830617e-16
5436.0	7.8007e-16
5437.0	7.996093e-16
5438.0	8.111362e-16
5439.0	8.2749e-16
5440.0	7.918386e-16
5441.0	8.176885e-16
5442.0	7.901474e-16
5443.0	7.732058e-16
5444.0	8.073013e-16
5445.0	8.10711e-16
5446.0	7.842913e-16
5447.0	8.22151e-16
5448.0	8.169128e-16
5449.0	7.98847e-16
5450.0	8.180843e-16
5451.0	8.106295e-16
5452.0	8.218293e-16
5453.0	8.476725e-16
5454.0	8.494009e-16
5455.0	8.385599e-16
5456.0	8.155638e-16
5457.0	8.140381e-16
5458.0	8.456572e-16
5459.0	8.463263e-16
5460.0	8.345224e-16
5461.0	8.327521e-16
5462.0	8.23727e-16
5463.0	8.860845e-16
5464.0	8.547819e-16
5465.0	8.498059e-16
5466.0	8.743664e-16
5467.0	8.707066e-16
5468.0	8.852188e-16
5469.0	8.673438e-16
5470.0	8.476508e-16
5471.0	9.095426e-16
5472.0	9.07851e-16
5473.0	9.011903e-16
5474.0	9.075027e-16
5475.0	9.137785e-16
5476.0	9.016382e-16
5477.0	9.035633e-16
5478.0	9.017369e-16
5479.0	9.15956e-16
5480.0	9.077837e-16
5481.0	8.922705e-16
5482.0	9.104749e-16
5483.0	8.990829e-16
5484.0	9.022096e-16
5485.0	9.22891e-16
5486.0	9.011591e-16
5487.0	9.030173e-16
5488.0	9.243757e-16
5489.0	8.938292e-16
5490.0	9.11378e-16
5491.0	8.839478e-16
5492.0	9.074495e-16
5493.0	8.991025e-16
5494.0	8.861081e-16
5495.0	9.091068e-16
5496.0	9.122249e-16
5497.0	9.142006e-16
5498.0	8.902344e-16
5499.0	9.031876e-16
5500.0	8.977728e-16
5501.0	8.898649e-16
5502.0	9.028883e-16
5503.0	8.936933e-16
5504.0	8.975998e-16
5505.0	8.798022e-16
5506.0	8.963104e-16
5507.0	8.716092e-16
5508.0	8.690561e-16
5509.0	8.960087e-16
5510.0	8.859952e-16
5511.0	8.602015e-16
5512.0	8.723275e-16
5513.0	9.138833e-16
5514.0	9.027086e-16
5515.0	9.141674e-16
5516.0	9.001992e-16
5517.0	8.867909e-16
5518.0	8.855195e-16
5519.0	8.773619e-16
5520.0	9.040684e-16
5521.0	8.952412e-16
5522.0	8.739678e-16
5523.0	9.058255e-16
5524.0	8.970607e-16
5525.0	8.496116e-16
5526.0	8.839019e-16
5527.0	8.722525e-16
5528.0	8.742092e-16
5529.0	8.46074e-16
5530.0	8.639797e-16
5531.0	8.790177e-16
5532.0	8.566827e-16
5533.0	8.462853e-16
5534.0	8.40134e-16
5535.0	8.250527e-16
5536.0	8.213615e-16
5537.0	8.348832e-16
5538.0	8.293571e-16
5539.0	8.45048e-16
5540.0	8.181892e-16
5541.0	8.425993e-16
5542.0	8.24722e-16
5543.0	8.031737e-16
5544.0	7.99036e-16
5545.0	8.107407e-16
5546.0	8.076512e-16
5547.0	8.093224e-16
5548.0	7.931157e-16
5549.0	7.942931e-16
5550.0	7.983751e-16
5551.0	7.978141e-16
5552.0	7.963498e-16
5553.0	7.81007e-16
5554.0	7.831051e-16
5555.0	7.704876e-16
5556.0	7.716021e-16
5557.0	7.743823e-16
5558.0	7.436531e-16
5559.0	7.330666e-16
5560.0	7.507093e-16
5561.0	7.475367e-16
5562.0	7.213689e-16
5563.0	7.132444e-16
5564.0	7.175368e-16
5565.0	7.161243e-16
5566.0	7.42361e-16
5567.0	7.443083e-16
5568.0	6.926119e-16
5569.0	7.073117e-16
5570.0	7.125821e-16
5571.0	7.009702e-16
5572.0	7.32345e-16
5573.0	7.059526e-16
5574.0	6.997637e-16
5575.0	7.093543e-16
5576.0	7.307272e-16
5577.0	6.933423e-16
5578.0	6.933212e-16
5579.0	7.220453e-16
5580.0	6.836185e-16
5581.0	6.926931e-16
5582.0	6.914996e-16
5583.0	7.050534e-16
5584.0	6.510325e-16
5585.0	6.893233e-16
5586.0	6.871921e-16
5587.0	6.7673e-16
5588.0	6.830071e-16
5589.0	6.954495e-16
5590.0	6.936704e-16
5591.0	7.10868e-16
5592.0	6.907855e-16
5593.0	6.958387e-16
5594.0	6.962295e-16
5595.0	7.048805e-16
5596.0	7.198215e-16
5597.0	6.770416e-16
5598.0	6.749118e-16
5599.0	6.983843e-16
5600.0	7.284227e-16
5601.0	7.092811e-16
5602.0	7.362985e-16
5603.0	7.554218e-16
5604.0	7.464651e-16
5605.0	7.230165e-16
5606.0	7.514954e-16
5607.0	7.325878e-16
5608.0	7.366898e-16
5609.0	7.279944e-16
5610.0	7.236148e-16
5611.0	7.594253e-16
5612.0	7.95198e-16
5613.0	7.818627e-16
5614.0	8.007991e-16
5615.0	7.810741e-16
5616.0	7.630496e-16
5617.0	7.95656e-16
5618.0	7.770887e-16
5619.0	7.891471e-16
5620.0	8.174174e-16
5621.0	8.287309e-16
5622.0	8.25779e-16
5623.0	8.323916e-16
5624.0	8.156304e-16
5625.0	8.291722e-16
5626.0	8.258194e-16
5627.0	8.242311e-16
5628.0	8.289101e-16
5629.0	8.253823e-16
5630.0	8.31359e-16
5631.0	8.595211e-16
5632.0	8.791332e-16
5633.0	8.699917e-16
5634.0	8.530629e-16
5635.0	8.587071e-16
5636.0	8.862199e-16
5637.0	8.807085e-16
5638.0	8.763031e-16
5639.0	8.753533e-16
5640.0	8.806832e-16
5641.0	8.781855e-16
5642.0	8.898335e-16
5643.0	9.097131e-16
5644.0	9.297274e-16
5645.0	8.930172e-16
5646.0	8.962264e-16
5647.0	9.187416e-16
5648.0	9.445714e-16
5649.0	9.17733e-16
5650.0	9.288653e-16
5651.0	9.253084e-16
5652.0	9.443227e-16
5653.0	9.260547e-16
5654.0	9.199247e-16
5655.0	9.286702e-16
5656.0	9.687851e-16
5657.0	9.463095e-16
5658.0	9.480863e-16
5659.0	9.568993e-16
5660.0	9.572874e-16
5661.0	9.689685e-16
5662.0	9.647293e-16
5663.0	9.732777e-16
5664.0	9.778201e-16
5665.0	9.567937e-16
5666.0	9.808711e-16
5667.0	1.005618e-15
5668.0	9.818228e-16
5669.0	9.702722e-16
5670.0	9.42399e-16
5671.0	9.471855e-16
5672.0	9.727963e-16
5673.0	9.985831e-16
5674.0	1.017139e-15
5675.0	9.883329e-16
5676.0	9.96035e-16
5677.0	9.639392e-16
5678.0	9.545905e-16
5679.0	9.81437e-16
5680.0	1.005539e-15
5681.0	1.005531e-15
5682.0	9.890309e-16
5683.0	9.623148e-16
5684.0	9.601036e-16
5685.0	9.75207e-16
5686.0	9.543884e-16
5687.0	9.528528e-16
5688.0	9.723868e-16
5689.0	9.827231e-16
5690.0	9.849655e-16
5691.0	9.767501e-16
5692.0	9.653427e-16
5693.0	9.805087e-16
5694.0	9.291977e-16
5695.0	9.222497e-16
5696.0	9.394208e-16
5697.0	9.14318e-16
5698.0	9.116883e-16
5699.0	9.262986e-16
5700.0	9.778812e-16
5701.0	9.351426e-16
5702.0	9.344131e-16
5703.0	9.413945e-16
5704.0	9.585242e-16
5705.0	9.368858e-16
5706.0	9.423227e-16
5707.0	9.376621e-16
5708.0	9.66868e-16
5709.0	9.551284e-16
5710.0	9.494449e-16
5711.0	9.502675e-16
5712.0	9.692025e-16
5713.0	9.811797e-16
5714.0	1.001832e-15
5715.0	9.663186e-16
5716.0	9.59721e-16
5717.0	9.516642e-16
5718.0	9.712305e-16
5719.0	9.979252e-16
5720.0	9.848759e-16
5721.0	9.740046e-16
5722.0	9.920438e-16
5723.0	9.998002e-16
5724.0	9.889941e-16
5725.0	9.910297e-16
5726.0	9.984188e-16
5727.0	1.00585e-15
5728.0	9.828748e-16
5729.0	9.848949e-16
5730.0	1.019913e-15
5731.0	1.01909e-15
5732.0	9.72915e-16
5733.0	9.89426e-16
5734.0	1.032532e-15
5735.0	1.022451e-15
5736.0	1.008997e-15
5737.0	1.002051e-15
5738.0	1.01035e-15
5739.0	9.856922e-16
5740.0	9.838776e-16
5741.0	9.768703e-16
5742.0	9.880848e-16
5743.0	9.790439e-16
5744.0	1.018796e-15
5745.0	9.939469e-16
5746.0	9.92828e-16
5747.0	9.738023e-16
5748.0	9.748752e-16
5749.0	9.803556e-16
5750.0	9.786414e-16
5751.0	9.949323e-16
5752.0	1.011593e-15
5753.0	9.905884e-16
5754.0	9.880935e-16
5755.0	1.002489e-15
5756.0	1.008139e-15
5757.0	1.005172e-15
5758.0	1.00269e-15
5759.0	1.002746e-15
5760.0	1.000686e-15
5761.0	9.997887e-16
5762.0	9.847256e-16
5763.0	9.830688e-16
5764.0	1.00725e-15
5765.0	9.895349e-16
5766.0	9.643848e-16
5767.0	1.013659e-15
5768.0	1.025883e-15
5769.0	1.00232e-15
5770.0	1.024265e-15
5771.0	1.008719e-15
5772.0	9.928586e-16
5773.0	9.835368e-16
5774.0	9.937627e-16
5775.0	1.015377e-15
5776.0	9.996631e-16
5777.0	1.025072e-15
5778.0	9.958757e-16
5779.0	1.010366e-15
5780.0	1.005051e-15
5781.0	9.886744e-16
5782.0	9.789381e-16
5783.0	1.006614e-15
5784.0	1.006861e-15
5785.0	9.802679e-16
5786.0	9.929133e-16
5787.0	9.889654e-16
5788.0	9.961291e-16
5789.0	1.016409e-15
5790.0	1.006589e-15
5791.0	1.018167e-15
5792.0	9.941539e-16
5793.0	9.874106e-16
5794.0	9.872102e-16
5795.0	9.725085e-16
5796.0	9.826256e-16
5797.0	1.016453e-15
5798.0	9.839271e-16
5799.0	9.589274e-16
5800.0	9.540403e-16
5801.0	9.982046e-16
5802.0	1.027594e-15
5803.0	9.875499e-16
5804.0	1.006091e-15
5805.0	1.009014e-15
5806.0	1.01386e-15
5807.0	9.93949e-16
5808.0	9.874144e-16
5809.0	9.840617e-16
5810.0	9.82729e-16
5811.0	9.910856e-16
5812.0	9.672938e-16
5813.0	9.522009e-16
5814.0	1.02071e-15
5815.0	1.002009e-15
5816.0	1.029476e-15
5817.0	1.001328e-15
5818.0	1.004746e-15
5819.0	9.974266e-16
5820.0	9.986695e-16
5821.0	1.019514e-15
5822.0	9.758075e-16
5823.0	9.880926e-16
5824.0	1.015271e-15
5825.0	9.857088e-16
5826.0	9.937864e-16
5827.0	9.335358e-16
5828.0	9.817122e-16
5829.0	9.76608e-16
5830.0	9.953568e-16
5831.0	9.8792e-16
5832.0	9.682275e-16
5833.0	9.875359e-16
5834.0	9.804314e-16
5835.0	9.385405e-16
5836.0	9.651681e-16
5837.0	9.691619e-16
5838.0	9.754934e-16
5839.0	9.899313e-16
5840.0	9.599176e-16
5841.0	9.563855e-16
5842.0	9.65764e-16
5843.0	9.625383e-16
5844.0	9.60401e-16
5845.0	9.379225e-16
5846.0	9.643496e-16
5847.0	9.525352e-16
5848.0	9.526195e-16
5849.0	9.525474e-16
5850.0	9.548097e-16
5851.0	9.473874e-16
5852.0	9.547697e-16
5853.0	9.579483e-16
5854.0	9.27444e-16
5855.0	9.398519e-16
5856.0	9.150087e-16
5857.0	9.245171e-16
5858.0	9.246049e-16
5859.0	9.255999e-16
5860.0	9.095658e-16
5861.0	8.993079e-16
5862.0	9.115322e-16
5863.0	9.040205e-16
5864.0	8.88761e-16
5865.0	8.911184e-16
5866.0	9.088278e-16
5867.0	9.091172e-16
5868.0	8.917816e-16
5869.0	9.076994e-16
5870.0	8.697457e-16
5871.0	8.84527e-16
5872.0	8.40474e-16
5873.0	8.946206e-16
5874.0	8.896561e-16
5875.0	8.605633e-16
5876.0	8.953344e-16
5877.0	8.837187e-16
5878.0	8.774753e-16
5879.0	8.988435e-16
5880.0	8.674739e-16
5881.0	8.396628e-16
5882.0	8.398421e-16
5883.0	8.149203e-16
5884.0	8.347504e-16
5885.0	8.380935e-16
5886.0	8.559185e-16
5887.0	8.746815e-16
5888.0	8.203038e-16
5889.0	7.801097e-16
5890.0	8.096011e-16
5891.0	8.290366e-16
5892.0	8.557231e-16
5893.0	8.426733e-16
5894.0	8.097486e-16
5895.0	7.716545e-16
5896.0	7.798615e-16
5897.0	8.070372e-16
5898.0	8.440708e-16
5899.0	8.341149e-16
5900.0	8.626307e-16
5901.0	8.631566e-16
5902.0	8.557925e-16
5903.0	8.69807e-16
5904.0	8.095595e-16
5905.0	8.23748e-16
5906.0	8.443144e-16
5907.0	8.119475e-16
5908.0	8.249325e-16
5909.0	8.42516e-16
5910.0	8.470155e-16
5911.0	8.308053e-16
5912.0	8.311598e-16
5913.0	8.037277e-16
5914.0	8.158329e-16
5915.0	8.322784e-16
5916.0	8.32211e-16
5917.0	8.163918e-16
5918.0	8.504524e-16
5919.0	8.271781e-16
5920.0	8.064102e-16
5921.0	8.10543e-16
5922.0	7.916091e-16
5923.0	8.157726e-16
5924.0	8.092498e-16
5925.0	8.525398e-16
5926.0	8.544144e-16
5927.0	8.264794e-16
5928.0	8.414854e-16
5929.0	8.2474e-16
5930.0	8.395823e-16
5931.0	8.387755e-16
5932.0	8.233811e-16
5933.0	8.436934e-16
5934.0	8.20182e-16
5935.0	8.366787e-16
5936.0	8.372814e-16
5937.0	8.425156e-16
5938.0	8.543271e-16
5939.0	8.136838e-16
5940.0	8.330297e-16
5941.0	8.423852e-16
5942.0	8.567963e-16
5943.0	8.582319e-16
5944.0	8.31172e-16
5945.0	8.639244e-16
5946.0	8.75636e-16
5947.0	8.739168e-16
5948.0	8.49514e-16
5949.0	8.493713e-16
5950.0	8.40408e-16
5951.0	8.573635e-16
5952.0	8.591723e-16
5953.0	8.810259e-16
5954.0	8.650861e-16
5955.0	8.737532e-16
5956.0	8.412115e-16
5957.0	8.330423e-16
5958.0	8.459516e-16
5959.0	8.835529e-16
5960.0	8.722377e-16
5961.0	8.651238e-16
5962.0	8.76867e-16
5963.0	8.674859e-16
5964.0	8.698114e-16
5965.0	8.879258e-16
5966.0	8.68736e-16
5967.0	8.837466e-16
5968.0	8.633882e-16
5969.0	8.862083e-16
5970.0	8.696849e-16
5971.0	8.530931e-16
5972.0	8.689695e-16
5973.0	8.558033e-16
5974.0	8.724945e-16
5975.0	8.733475e-16
5976.0	8.755393e-16
5977.0	8.745721e-16
5978.0	8.771719e-16
5979.0	8.795964e-16
5980.0	8.686216e-16
5981.0	8.982389e-16
5982.0	8.851673e-16
5983.0	8.606724e-16
5984.0	8.97714e-16
5985.0	8.703724e-16
5986.0	8.51506e-16
5987.0	8.858322e-16
5988.0	8.973038e-16
5989.0	8.576013e-16
5990.0	8.748249e-16
5991.0	8.993568e-16
5992.0	9.063961e-16
5993.0	8.665009e-16
5994.0	8.795202e-16
5995.0	8.747993e-16
5996.0	8.811312e-16
5997.0	8.754059e-16
5998.0	8.77186e-16
5999.0	8.971594e-16
6000.0	8.873067e-16
6001.0	9.058471e-16
6002.0	9.140873e-16
6003.0	8.946882e-16
6004.0	9.159027e-16
6005.0	9.181923e-16
6006.0	8.849813e-16
6007.0	8.774518e-16
6008.0	9.007224e-16
6009.0	8.849635e-16
6010.0	8.995853e-16
6011.0	9.087621e-16
6012.0	8.974632e-16
6013.0	9.280916e-16
6014.0	9.355647e-16
6015.0	9.323822e-16
6016.0	9.094477e-16
6017.0	9.150362e-16
6018.0	9.256269e-16
6019.0	9.490278e-16
6020.0	9.400886e-16
6021.0	9.349882e-16
6022.0	9.503054e-16
6023.0	9.400053e-16
6024.0	9.482055e-16
6025.0	9.465007e-16
6026.0	9.272264e-16
6027.0	9.149529e-16
6028.0	9.031283e-16
6029.0	9.242763e-16
6030.0	9.386458e-16
6031.0	9.224112e-16
6032.0	9.535202e-16
6033.0	9.498881e-16
6034.0	9.398691e-16
6035.0	9.435221e-16
6036.0	9.337981e-16
6037.0	9.231591e-16
6038.0	9.462181e-16
6039.0	9.184834e-16
6040.0	9.058537e-16
6041.0	8.433949e-16
6042.0	7.66088e-16
6043.0	7.8584e-16
6044.0	8.961737e-16
6045.0	9.392346e-16
6046.0	9.286877e-16
6047.0	8.875711e-16
6048.0	8.273328e-16
6049.0	8.21552e-16
6050.0	8.858677e-16
6051.0	9.349739e-16
6052.0	9.152334e-16
6053.0	9.40962e-16
6054.0	9.275437e-16
6055.0	9.197418e-16
6056.0	9.079648e-16
6057.0	9.315684e-16
6058.0	9.23772e-16
6059.0	9.386294e-16
6060.0	9.368418e-16
6061.0	9.015591e-16
6062.0	9.059259e-16
6063.0	9.360292e-16
6064.0	9.622698e-16
6065.0	9.705374e-16
6066.0	9.339725e-16
6067.0	9.528315e-16
6068.0	9.426028e-16
6069.0	9.389756e-16
6070.0	9.53732e-16
6071.0	9.49424e-16
6072.0	9.607204e-16
6073.0	9.684054e-16
6074.0	9.438654e-16
6075.0	9.574377e-16
6076.0	9.207303e-16
6077.0	9.26214e-16
6078.0	9.532565e-16
6079.0	9.465181e-16
6080.0	9.483913e-16
6081.0	9.44602e-16
6082.0	9.660602e-16
6083.0	9.531394e-16
6084.0	9.528567e-16
6085.0	9.306117e-16
6086.0	9.447129e-16
6087.0	9.410736e-16
6088.0	9.404408e-16
6089.0	9.72194e-16
6090.0	9.355895e-16
6091.0	9.342024e-16
6092.0	9.309485e-16
6093.0	9.416583e-16
6094.0	9.556034e-16
6095.0	9.547045e-16
6096.0	9.15753e-16
6097.0	9.413104e-16
6098.0	9.514195e-16
6099.0	9.247421e-16
6100.0	9.406001e-16
6101.0	9.4105e-16
6102.0	9.69971e-16
6103.0	9.586939e-16
6104.0	9.717084e-16
6105.0	9.501464e-16
6106.0	9.632753e-16
6107.0	9.697004e-16
6108.0	9.671089e-16
6109.0	9.453472e-16
6110.0	9.478591e-16
6111.0	9.286549e-16
6112.0	9.37509e-16
6113.0	9.410689e-16
6114.0	9.537241e-16
6115.0	9.420261e-16
6116.0	9.490559e-16
6117.0	9.494976e-16
6118.0	9.48186e-16
6119.0	9.302762e-16
6120.0	9.300074e-16
6121.0	9.431563e-16
6122.0	9.330041e-16
6123.0	9.278852e-16
6124.0	9.56477e-16
6125.0	9.553807e-16
6126.0	9.341124e-16
6127.0	9.570831e-16
6128.0	9.387559e-16
6129.0	9.601884e-16
6130.0	9.467675e-16
6131.0	9.364068e-16
6132.0	9.557366e-16
6133.0	9.415881e-16
6134.0	9.324448e-16
6135.0	9.31963e-16
6136.0	9.368609e-16
6137.0	9.184979e-16
6138.0	9.426463e-16
6139.0	9.397762e-16
6140.0	9.213451e-16
6141.0	9.459322e-16
6142.0	9.263859e-16
6143.0	9.355444e-16
6144.0	9.375658e-16
6145.0	9.684039e-16
6146.0	9.537933e-16
6147.0	9.270371e-16
6148.0	9.043038e-16
6149.0	9.309179e-16
6150.0	9.323982e-16
6151.0	9.292944e-16
6152.0	9.295932e-16
6153.0	8.970897e-16
6154.0	9.172116e-16
6155.0	9.461113e-16
6156.0	9.304728e-16
6157.0	9.237007e-16
6158.0	9.323885e-16
6159.0	9.414788e-16
6160.0	9.298167e-16
6161.0	9.139829e-16
6162.0	9.179542e-16
6163.0	9.135347e-16
6164.0	9.326809e-16
6165.0	9.271597e-16
6166.0	8.986287e-16
6167.0	8.878603e-16
6168.0	9.148791e-16
6169.0	9.237917e-16
6170.0	9.232006e-16
6171.0	9.12702e-16
6172.0	9.074462e-16
6173.0	9.101812e-16
6174.0	9.123441e-16
6175.0	9.016022e-16
6176.0	8.836805e-16
6177.0	8.877614e-16
6178.0	9.028395e-16
6179.0	8.817058e-16
6180.0	8.719656e-16
6181.0	8.954884e-16
6182.0	8.961335e-16
6183.0	8.800986e-16
6184.0	8.735891e-16
6185.0	8.88564e-16
6186.0	8.822821e-16
6187.0	8.678721e-16
6188.0	9.02639e-16
6189.0	8.719541e-16
6190.0	8.396635e-16
6191.0	8.219232e-16
6192.0	8.402923e-16
6193.0	8.385242e-16
6194.0	8.335475e-16
6195.0	7.996354e-16
6196.0	8.047686e-16
6197.0	8.030358e-16
6198.0	8.205648e-16
6199.0	8.154386e-16
6200.0	7.897907e-16
6201.0	7.82426e-16
6202.0	7.743022e-16
6203.0	7.6925e-16
6204.0	7.428961e-16
6205.0	7.345064e-16
6206.0	7.437669e-16
6207.0	7.359084e-16
6208.0	7.27453e-16
6209.0	7.207021e-16
6210.0	7.105103e-16
6211.0	7.006438e-16
6212.0	6.784047e-16
6213.0	7.098743e-16
6214.0	6.855597e-16
6215.0	6.563201e-16
6216.0	6.778751e-16
6217.0	6.781822e-16
6218.0	6.629094e-16
6219.0	6.234596e-16
6220.0	6.353091e-16
6221.0	6.196465e-16
6222.0	6.241214e-16
6223.0	6.028359e-16
6224.0	5.931754e-16
6225.0	5.764769e-16
6226.0	5.644053e-16
6227.0	5.503413e-16
6228.0	5.500908e-16
6229.0	5.423116e-16
6230.0	5.47056e-16
6231.0	5.466692e-16
6232.0	5.343458e-16
6233.0	5.166611e-16
6234.0	5.300512e-16
6235.0	4.86906e-16
6236.0	4.981327e-16
6237.0	5.058533e-16
6238.0	4.826873e-16
6239.0	4.605203e-16
6240.0	4.876464e-16
6241.0	4.572868e-16
6242.0	4.543448e-16
6243.0	4.464364e-16
6244.0	4.478541e-16
6245.0	4.300577e-16
6246.0	4.298266e-16
6247.0	4.394828e-16
6248.0	4.177258e-16
6249.0	3.899009e-16
6250.0	4.017658e-16
6251.0	4.124382e-16
6252.0	4.064905e-16
6253.0	4.000079e-16
6254.0	4.102389e-16
6255.0	3.907871e-16
6256.0	3.877919e-16
6257.0	3.659369e-16
6258.0	3.787133e-16
6259.0	4.065172e-16
6260.0	3.723904e-16
6261.0	3.627134e-16
6262.0	3.771687e-16
6263.0	3.727373e-16
6264.0	3.491302e-16
6265.0	3.550181e-16
6266.0	3.525339e-16
6267.0	3.524874e-16
6268.0	3.546832e-16
6269.0	3.482607e-16
6270.0	3.345705e-16
6271.0	3.532374e-16
6272.0	3.412858e-16
6273.0	3.447522e-16
6274.0	3.641273e-16
6275.0	3.403494e-16
6276.0	3.494259e-16
6277.0	3.550576e-16
6278.0	3.573836e-16
6279.0	3.609998e-16
6280.0	3.452394e-16
6281.0	3.301523e-16
6282.0	3.268452e-16
6283.0	3.519733e-16
6284.0	3.633015e-16
6285.0	3.266524e-16
6286.0	3.135746e-16
6287.0	3.297296e-16
6288.0	3.306605e-16
6289.0	3.513606e-16
6290.0	3.432274e-16
6291.0	3.462421e-16
6292.0	3.486514e-16
6293.0	3.496258e-16
6294.0	3.566875e-16
6295.0	3.37526e-16
6296.0	3.385917e-16
6297.0	3.69897e-16
6298.0	3.449912e-16
6299.0	3.536257e-16
6300.0	3.402407e-16
6301.0	3.726525e-16
6302.0	3.505913e-16
6303.0	3.587534e-16
6304.0	3.755604e-16
6305.0	3.712545e-16
6306.0	3.657215e-16
6307.0	3.863227e-16
6308.0	3.748465e-16
6309.0	3.762927e-16
6310.0	3.916466e-16
6311.0	3.957758e-16
6312.0	3.986443e-16
6313.0	3.98053e-16
6314.0	4.0066e-16
6315.0	4.156986e-16
6316.0	4.061683e-16
6317.0	4.070661e-16
6318.0	4.187688e-16
6319.0	4.266005e-16
6320.0	4.113551e-16
6321.0	4.377393e-16
6322.0	4.463233e-16
6323.0	4.373182e-16
6324.0	4.373828e-16
6325.0	4.440216e-16
6326.0	4.471089e-16
6327.0	4.607478e-16
6328.0	4.701462e-16
6329.0	4.795528e-16
6330.0	4.842416e-16
6331.0	4.901896e-16
6332.0	4.731862e-16
6333.0	4.790512e-16
6334.0	4.830764e-16
6335.0	5.00012e-16
6336.0	5.057003e-16
6337.0	5.199277e-16
6338.0	5.041513e-16
6339.0	5.06299e-16
6340.0	5.146096e-16
6341.0	5.350989e-16
6342.0	5.611724e-16
6343.0	5.464205e-16
6344.0	5.74636e-16
6345.0	5.323611e-16
6346.0	5.247548e-16
6347.0	5.486395e-16
6348.0	5.699018e-16
6349.0	5.52273e-16
6350.0	5.815416e-16
6351.0	5.887992e-16
6352.0	5.947e-16
6353.0	6.031112e-16
6354.0	5.828985e-16
6355.0	5.96258e-16
6356.0	6.247791e-16
6357.0	6.188375e-16
6358.0	6.032338e-16
6359.0	6.15312e-16
6360.0	6.379037e-16
6361.0	6.214067e-16
6362.0	6.246263e-16
6363.0	6.363452e-16
6364.0	6.468209e-16
6365.0	6.584007e-16
6366.0	6.44754e-16
6367.0	6.213402e-16
6368.0	6.476409e-16
6369.0	6.308189e-16
6370.0	6.451824e-16
6371.0	6.63116e-16
6372.0	6.65801e-16
6373.0	6.655658e-16
6374.0	6.838012e-16
6375.0	6.852007e-16
6376.0	6.914021e-16
6377.0	6.882093e-16
6378.0	6.981059e-16
6379.0	7.163352e-16
6380.0	7.161905e-16
6381.0	6.959461e-16
6382.0	7.0487e-16
6383.0	7.083999e-16
6384.0	7.095353e-16
6385.0	7.055142e-16
6386.0	7.021019e-16
6387.0	6.877685e-16
6388.0	7.215466e-16
6389.0	7.352865e-16
6390.0	7.442612e-16
6391.0	7.703475e-16
6392.0	7.549038e-16
6393.0	7.581041e-16
6394.0	7.552564e-16
6395.0	7.53809e-16
6396.0	7.882841e-16
6397.0	7.731682e-16
6398.0	7.660534e-16
6399.0	7.598313e-16
6400.0	7.822454e-16
6401.0	8.001045e-16
6402.0	7.693361e-16
6403.0	7.548265e-16
6404.0	7.742722e-16
6405.0	7.777026e-16
6406.0	7.918932e-16
6407.0	7.88057e-16
6408.0	8.089573e-16
6409.0	8.080647e-16
6410.0	8.278567e-16
6411.0	8.127039e-16
6412.0	8.087302e-16
6413.0	8.268135e-16
6414.0	8.230089e-16
6415.0	8.057206e-16
6416.0	8.114429e-16
6417.0	8.188579e-16
6418.0	8.311299e-16
6419.0	8.18979e-16
6420.0	8.36539e-16
6421.0	8.496882e-16
6422.0	8.436875e-16
6423.0	8.210013e-16
6424.0	8.418719e-16
6425.0	8.484435e-16
6426.0	8.544377e-16
6427.0	8.53612e-16
6428.0	8.446785e-16
6429.0	8.629858e-16
6430.0	8.464406e-16
6431.0	8.577455e-16
6432.0	8.663685e-16
6433.0	8.655258e-16
6434.0	8.554709e-16
6435.0	8.701267e-16
6436.0	8.929102e-16
6437.0	8.724971e-16
6438.0	8.601245e-16
6439.0	8.81731e-16
6440.0	8.682949e-16
6441.0	8.631785e-16
6442.0	8.806409e-16
6443.0	8.748959e-16
6444.0	8.846764e-16
6445.0	8.760282e-16
6446.0	8.564199e-16
6447.0	8.450408e-16
6448.0	8.518666e-16
6449.0	8.488039e-16
6450.0	8.732842e-16
6451.0	8.91042e-16
6452.0	9.145247e-16
6453.0	8.874485e-16
6454.0	8.906782e-16
6455.0	8.889174e-16
6456.0	8.705895e-16
6457.0	8.877881e-16
6458.0	8.83206e-16
6459.0	8.868017e-16
6460.0	8.879303e-16
6461.0	8.776598e-16
6462.0	8.922156e-16
6463.0	8.849552e-16
6464.0	8.685e-16
6465.0	8.719436e-16
6466.0	8.862684e-16
6467.0	8.984428e-16
6468.0	8.876722e-16
6469.0	8.828023e-16
6470.0	8.942338e-16
6471.0	8.802824e-16
6472.0	8.731957e-16
6473.0	8.925771e-16
6474.0	8.784999e-16
6475.0	8.855661e-16
6476.0	8.777357e-16
6477.0	9.008935e-16
6478.0	8.61016e-16
6479.0	8.820061e-16
6480.0	8.915106e-16
6481.0	8.934075e-16
6482.0	8.959995e-16
6483.0	8.933938e-16
6484.0	8.816594e-16
6485.0	8.773181e-16
6486.0	8.67124e-16
6487.0	8.613887e-16
6488.0	8.783244e-16
6489.0	8.775759e-16
6490.0	8.621743e-16
6491.0	8.770692e-16
6492.0	8.828846e-16
6493.0	8.783126e-16
6494.0	8.701967e-16
6495.0	8.559324e-16
6496.0	8.549803e-16
6497.0	8.981787e-16
6498.0	8.754088e-16
6499.0	8.636208e-16
6500.0	8.820128e-16
6501.0	8.708104e-16
6502.0	8.326444e-16
6503.0	8.383713e-16
6504.0	8.622952e-16
6505.0	8.712898e-16
6506.0	8.79464e-16
6507.0	8.710328e-16
6508.0	8.714028e-16
6509.0	8.705393e-16
6510.0	8.860093e-16
6511.0	8.685451e-16
6512.0	8.704201e-16
6513.0	8.783115e-16
6514.0	8.719884e-16
6515.0	8.427126e-16
6516.0	8.875193e-16
6517.0	8.70289e-16
6518.0	8.764687e-16
6519.0	8.852839e-16
6520.0	8.925961e-16
6521.0	8.654411e-16
6522.0	8.854495e-16
6523.0	8.573713e-16
6524.0	8.541192e-16
6525.0	8.790108e-16
6526.0	8.81007e-16
6527.0	8.68912e-16
6528.0	9.012738e-16
6529.0	8.806361e-16
6530.0	8.754973e-16
6531.0	8.816433e-16
6532.0	8.776101e-16
6533.0	8.876113e-16
6534.0	8.674369e-16
6535.0	8.504472e-16
6536.0	8.566483e-16
6537.0	9.046184e-16
6538.0	8.970922e-16
6539.0	8.588753e-16
6540.0	8.726856e-16
6541.0	8.713139e-16
6542.0	8.79102e-16
6543.0	8.546245e-16
6544.0	8.423563e-16
6545.0	8.43603e-16
6546.0	8.67855e-16
6547.0	8.53619e-16
6548.0	8.685691e-16
6549.0	8.935141e-16
6550.0	8.860308e-16
6551.0	8.64428e-16
6552.0	8.817018e-16
6553.0	8.917521e-16
6554.0	8.723417e-16
6555.0	8.834753e-16
6556.0	8.832994e-16
6557.0	8.691362e-16
6558.0	9.00515e-16
6559.0	8.857298e-16
6560.0	8.947204e-16
6561.0	8.763746e-16
6562.0	8.675848e-16
6563.0	8.830269e-16
6564.0	8.610503e-16
6565.0	8.63092e-16
6566.0	8.778134e-16
6567.0	8.444265e-16
6568.0	8.349214e-16
6569.0	8.299792e-16
6570.0	8.525703e-16
6571.0	8.575353e-16
6572.0	8.690175e-16
6573.0	8.626839e-16
6574.0	8.510035e-16
6575.0	8.460091e-16
6576.0	8.521152e-16
6577.0	8.584719e-16
6578.0	8.705197e-16
6579.0	8.615036e-16
6580.0	8.460028e-16
6581.0	8.252115e-16
6582.0	8.555941e-16
6583.0	8.567517e-16
6584.0	8.678694e-16
6585.0	8.405242e-16
6586.0	8.275954e-16
6587.0	8.108518e-16
6588.0	8.32771e-16
6589.0	8.508482e-16
6590.0	8.618468e-16
6591.0	8.572952e-16
6592.0	8.436837e-16
6593.0	8.210223e-16
6594.0	8.490707e-16
6595.0	8.605575e-16
6596.0	8.491005e-16
6597.0	8.338759e-16
6598.0	8.524387e-16
6599.0	8.195077e-16
6600.0	8.432867e-16
6601.0	8.423097e-16
6602.0	8.289107e-16
6603.0	8.480548e-16
6604.0	8.119317e-16
6605.0	8.024582e-16
6606.0	8.262386e-16
6607.0	8.406204e-16
6608.0	8.324609e-16
6609.0	8.300429e-16
6610.0	8.28285e-16
6611.0	8.18928e-16
6612.0	8.057121e-16
6613.0	8.247927e-16
6614.0	8.183929e-16
6615.0	8.160379e-16
6616.0	8.066042e-16
6617.0	7.953619e-16
6618.0	8.23833e-16
6619.0	8.188733e-16
6620.0	8.288268e-16
6621.0	8.166932e-16
6622.0	8.287838e-16
6623.0	8.269119e-16
6624.0	8.389368e-16
6625.0	8.182222e-16
6626.0	8.040034e-16
6627.0	8.220103e-16
6628.0	8.20949e-16
6629.0	8.291886e-16
6630.0	8.266006e-16
6631.0	8.147623e-16
6632.0	8.324734e-16
6633.0	8.264444e-16
6634.0	8.238321e-16
6635.0	8.366545e-16
6636.0	7.926634e-16
6637.0	7.873674e-16
6638.0	8.07855e-16
6639.0	8.182899e-16
6640.0	8.051804e-16
6641.0	8.277294e-16
6642.0	7.962569e-16
6643.0	7.826095e-16
6644.0	8.020052e-16
6645.0	7.829608e-16
6646.0	7.89459e-16
6647.0	7.795446e-16
6648.0	8.069837e-16
6649.0	7.995967e-16
6650.0	7.997733e-16
6651.0	8.129285e-16
6652.0	8.027876e-16
6653.0	7.940856e-16
6654.0	7.872406e-16
6655.0	8.053979e-16
6656.0	7.724165e-16
6657.0	7.770766e-16
6658.0	7.636255e-16
6659.0	7.715239e-16
6660.0	7.772615e-16
6661.0	7.934153e-16
6662.0	8.021246e-16
6663.0	7.865083e-16
6664.0	7.755194e-16
6665.0	7.870367e-16
6666.0	7.862207e-16
6667.0	8.021117e-16
6668.0	7.995383e-16
6669.0	7.786129e-16
6670.0	7.686792e-16
6671.0	7.810033e-16
6672.0	7.82543e-16
6673.0	7.783922e-16
6674.0	7.895416e-16
6675.0	7.815904e-16
6676.0	7.703216e-16
6677.0	7.758345e-16
6678.0	7.925561e-16
6679.0	7.660677e-16
6680.0	7.581071e-16
6681.0	7.641806e-16
6682.0	7.761969e-16
6683.0	7.823587e-16
6684.0	7.955043e-16
6685.0	7.681672e-16
6686.0	7.652186e-16
6687.0	7.687545e-16
6688.0	7.572235e-16
6689.0	7.752291e-16
6690.0	7.686244e-16
6691.0	7.768046e-16
6692.0	7.794921e-16
6693.0	7.725706e-16
6694.0	7.40854e-16
6695.0	7.82846e-16
6696.0	7.559371e-16
6697.0	7.391991e-16
6698.0	7.638749e-16
6699.0	7.901166e-16
6700.0	7.677812e-16
6701.0	7.499748e-16
6702.0	7.650972e-16
6703.0	7.648972e-16
6704.0	7.737346e-16
6705.0	7.650827e-16
6706.0	7.540808e-16
6707.0	7.554675e-16
6708.0	7.411302e-16
6709.0	7.378609e-16
6710.0	7.764364e-16
6711.0	7.654637e-16
6712.0	7.506088e-16
6713.0	7.579633e-16
6714.0	7.503797e-16
6715.0	7.254643e-16
6716.0	7.210412e-16
6717.0	7.522912e-16
6718.0	7.507607e-16
6719.0	7.648709e-16
6720.0	7.650918e-16
6721.0	7.487319e-16
6722.0	7.497764e-16
6723.0	7.584192e-16
6724.0	7.416421e-16
6725.0	7.331394e-16
6726.0	7.374112e-16
6727.0	7.262831e-16
6728.0	7.465234e-16
6729.0	7.503595e-16
6730.0	7.383797e-16
6731.0	7.372061e-16
6732.0	7.705425e-16
6733.0	8.577144e-16
6734.0	9.621149e-16
6735.0	9.284124e-16
6736.0	8.424881e-16
6737.0	7.438652e-16
6738.0	7.246736e-16
6739.0	7.290651e-16
6740.0	7.224552e-16
6741.0	7.188358e-16
6742.0	7.360085e-16
6743.0	7.299174e-16
6744.0	7.20816e-16
6745.0	6.817769e-16
6746.0	7.040696e-16
6747.0	7.260709e-16
6748.0	7.347788e-16
6749.0	7.106264e-16
6750.0	7.022454e-16
6751.0	7.007227e-16
6752.0	7.279586e-16
6753.0	7.227181e-16
6754.0	7.756977e-16
6755.0	7.810994e-16
6756.0	7.716568e-16
6757.0	7.477705e-16
6758.0	7.052275e-16
6759.0	7.0203e-16
6760.0	6.888669e-16
6761.0	7.115065e-16
6762.0	6.94971e-16
6763.0	7.085636e-16
6764.0	7.184364e-16
6765.0	7.15527e-16
6766.0	6.954893e-16
6767.0	7.032051e-16
6768.0	7.024072e-16
6769.0	7.040854e-16
6770.0	6.756466e-16
6771.0	6.836831e-16
6772.0	6.955363e-16
6773.0	6.968611e-16
6774.0	6.923468e-16
6775.0	7.032017e-16
6776.0	6.870263e-16
6777.0	6.877483e-16
6778.0	6.885315e-16
6779.0	6.886502e-16
6780.0	7.131724e-16
6781.0	7.050633e-16
6782.0	7.103804e-16
6783.0	6.924653e-16
6784.0	6.877647e-16
6785.0	6.818731e-16
6786.0	6.951402e-16
6787.0	7.006397e-16
6788.0	6.935721e-16
6789.0	6.746802e-16
6790.0	6.744712e-16
6791.0	6.692815e-16
6792.0	6.834329e-16
6793.0	6.862647e-16
6794.0	6.771587e-16
6795.0	6.749366e-16
6796.0	6.778363e-16
6797.0	6.727702e-16
6798.0	6.878761e-16
6799.0	6.812877e-16
6800.0	6.852412e-16
6801.0	6.821222e-16
6802.0	6.630366e-16
6803.0	6.584897e-16
6804.0	6.575043e-16
6805.0	6.629182e-16
6806.0	6.713336e-16
6807.0	6.471789e-16
6808.0	6.674391e-16
6809.0	6.480947e-16
6810.0	6.688746e-16
6811.0	6.668198e-16
6812.0	6.438486e-16
6813.0	6.60896e-16
6814.0	6.813832e-16
6815.0	6.646692e-16
6816.0	6.731876e-16
6817.0	6.746104e-16
6818.0	6.744155e-16
6819.0	6.555536e-16
6820.0	6.525084e-16
6821.0	6.602296e-16
6822.0	6.790771e-16
6823.0	6.714342e-16
6824.0	6.800358e-16
6825.0	6.63039e-16
6826.0	6.540613e-16
6827.0	6.50079e-16
6828.0	6.577887e-16
6829.0	6.402458e-16
6830.0	6.436707e-16
6831.0	6.615292e-16
6832.0	6.647532e-16
6833.0	6.435085e-16
6834.0	6.644338e-16
6835.0	6.681107e-16
6836.0	6.375474e-16
6837.0	6.539187e-16
6838.0	6.318669e-16
6839.0	6.305844e-16
6840.0	6.410264e-16
6841.0	6.457953e-16
6842.0	6.574077e-16
6843.0	6.568302e-16
6844.0	6.560108e-16
6845.0	6.47304e-16
6846.0	6.4336e-16
6847.0	6.375185e-16
6848.0	6.462573e-16
6849.0	6.545722e-16
6850.0	6.616396e-16
6851.0	6.386716e-16
6852.0	6.71399e-16
6853.0	6.538126e-16
6854.0	6.439644e-16
6855.0	6.229943e-16
6856.0	6.452506e-16
6857.0	6.411784e-16
6858.0	6.280435e-16
6859.0	6.664351e-16
6860.0	6.633431e-16
6861.0	6.399636e-16
6862.0	6.420299e-16
6863.0	6.447978e-16
6864.0	6.250048e-16
6865.0	6.4982e-16
6866.0	6.576418e-16
6867.0	6.353321e-16
6868.0	6.025963e-16
6869.0	5.970999e-16
6870.0	6.063842e-16
6871.0	6.363791e-16
6872.0	6.531168e-16
6873.0	6.33241e-16
6874.0	6.276326e-16
6875.0	6.25919e-16
6876.0	6.01712e-16
6877.0	5.787704e-16
6878.0	6.14398e-16
6879.0	6.195744e-16
6880.0	6.060926e-16
6881.0	6.179187e-16
6882.0	6.324267e-16
6883.0	6.573654e-16
6884.0	6.153525e-16
6885.0	5.914685e-16
6886.0	6.226899e-16
6887.0	6.150764e-16
6888.0	6.177219e-16
6889.0	6.177701e-16
6890.0	6.387094e-16
6891.0	6.40536e-16
6892.0	6.257325e-16
6893.0	6.345873e-16
6894.0	6.139163e-16
6895.0	6.063219e-16
6896.0	6.181624e-16
6897.0	5.942287e-16
6898.0	6.084703e-16
6899.0	5.973785e-16
6900.0	5.933102e-16
6901.0	5.911928e-16
6902.0	5.90796e-16
6903.0	5.808493e-16
6904.0	5.772575e-16
6905.0	5.902956e-16
6906.0	6.014014e-16
6907.0	6.234733e-16
6908.0	6.170881e-16
6909.0	6.137963e-16
6910.0	5.933418e-16
6911.0	5.968881e-16
6912.0	5.903649e-16
6913.0	5.763468e-16
6914.0	5.650575e-16
6915.0	5.708786e-16
6916.0	5.821566e-16
6917.0	6.07735e-16
6918.0	5.982486e-16
6919.0	5.929859e-16
6920.0	5.800871e-16
6921.0	5.772064e-16
6922.0	5.895168e-16
6923.0	5.751937e-16
6924.0	5.7778e-16
6925.0	6.028047e-16
6926.0	5.729705e-16
6927.0	5.851179e-16
6928.0	5.556031e-16
6929.0	5.829297e-16
6930.0	5.746495e-16
6931.0	5.634453e-16
6932.0	5.694418e-16
6933.0	5.934335e-16
6934.0	5.786007e-16
6935.0	5.528566e-16
6936.0	5.731229e-16
6937.0	5.868102e-16
6938.0	5.572351e-16
6939.0	5.681029e-16
6940.0	5.831836e-16
6941.0	5.95331e-16
6942.0	5.85212e-16
6943.0	5.729481e-16
6944.0	5.734055e-16
6945.0	5.834593e-16
6946.0	5.902581e-16
6947.0	5.761291e-16
6948.0	5.588675e-16
6949.0	5.628161e-16
6950.0	5.606485e-16
6951.0	5.831926e-16
6952.0	6.031279e-16
6953.0	5.688661e-16
6954.0	5.818686e-16
6955.0	5.598421e-16
6956.0	5.622703e-16
6957.0	5.683652e-16
6958.0	5.622769e-16
6959.0	5.525187e-16
6960.0	5.628902e-16
6961.0	5.69871e-16
6962.0	6.020126e-16
6963.0	5.839932e-16
6964.0	5.64735e-16
6965.0	5.762907e-16
6966.0	6.018904e-16
6967.0	5.939162e-16
6968.0	5.576052e-16
6969.0	5.721588e-16
6970.0	5.754361e-16
6971.0	5.881495e-16
6972.0	5.697838e-16
6973.0	5.657286e-16
6974.0	5.781711e-16
6975.0	5.843764e-16
6976.0	5.649036e-16
6977.0	5.725826e-16
6978.0	5.783728e-16
6979.0	5.612306e-16
6980.0	5.909719e-16
6981.0	5.748818e-16
6982.0	5.657391e-16
6983.0	5.45586e-16
6984.0	5.434377e-16
6985.0	5.665929e-16
6986.0	5.685873e-16
6987.0	5.524597e-16
6988.0	5.568662e-16
6989.0	5.615788e-16
6990.0	5.712239e-16
6991.0	5.711316e-16
6992.0	5.471597e-16
6993.0	5.634183e-16
6994.0	5.761742e-16
6995.0	5.489805e-16
6996.0	5.702146e-16
6997.0	5.809399e-16
6998.0	5.617027e-16
6999.0	5.603962e-16
7000.0	5.292365e-16
7001.0	5.488606e-16
7002.0	5.649286e-16
7003.0	5.48363e-16
7004.0	5.686181e-16
7005.0	5.53462e-16
7006.0	5.511179e-16
7007.0	5.776893e-16
7008.0	5.656614e-16
7009.0	5.722399e-16
7010.0	5.556387e-16
7011.0	5.620259e-16
7012.0	5.569992e-16
7013.0	5.336414e-16
7014.0	5.794611e-16
7015.0	5.814242e-16
7016.0	5.308075e-16
7017.0	5.426166e-16
7018.0	5.38822e-16
7019.0	5.322071e-16
7020.0	5.52456e-16
7021.0	5.713925e-16
7022.0	5.510571e-16
7023.0	5.561087e-16
7024.0	5.494736e-16
7025.0	5.502388e-16
7026.0	5.510412e-16
7027.0	5.69509e-16
7028.0	5.604345e-16
7029.0	5.375706e-16
7030.0	5.2941e-16
7031.0	5.336036e-16
7032.0	5.71223e-16
7033.0	5.544612e-16
7034.0	5.542449e-16
7035.0	5.686096e-16
7036.0	5.7478e-16
7037.0	5.516166e-16
7038.0	5.436452e-16
7039.0	5.544455e-16
7040.0	5.394236e-16
7041.0	5.492235e-16
7042.0	5.222713e-16
7043.0	5.227481e-16
7044.0	5.447661e-16
7045.0	5.474032e-16
7046.0	5.424049e-16
7047.0	5.226971e-16
7048.0	5.438367e-16
7049.0	5.397572e-16
7050.0	5.287746e-16
7051.0	5.366927e-16
7052.0	5.315689e-16
7053.0	5.412378e-16
7054.0	5.306753e-16
7055.0	5.404054e-16
7056.0	5.159953e-16
7057.0	5.277346e-16
7058.0	5.550192e-16
7059.0	5.298916e-16
7060.0	5.26653e-16
