#	 psnj1300 
#	 UT date of observation: 20150615 
#	 Telescope/Instrument: SOAR/Goodman 
#	 Estimated Peak MJD: 57168.789 
#	 Estimated redshift: 0.023 
#	 Estimated Phase: 18.8 
#	 Published in Dettman et al. 2020 
#	 Observed barycentric wavelength (Angstroms)    F_lambda
3500.0	8.545954e-17
3502.0	8.119081e-17
3504.0	1.191203e-16
3506.0	1.273152e-16
3508.0	1.393704e-16
3510.0	1.009121e-16
3512.0	1.405939e-16
3514.0	1.295121e-16
3516.0	1.520322e-16
3518.0	1.192959e-16
3520.0	1.482623e-16
3522.0	1.435838e-16
3524.0	1.016847e-16
3526.0	7.747603e-17
3528.0	1.11531e-16
3530.0	9.417535e-17
3532.0	9.338133e-17
3534.0	1.102018e-16
3536.0	1.046811e-16
3538.0	1.090199e-16
3540.0	1.141167e-16
3542.0	1.165331e-16
3544.0	1.322854e-16
3546.0	1.1709e-16
3548.0	1.104448e-16
3550.0	1.003103e-16
3552.0	1.011168e-16
3554.0	9.057218e-17
3556.0	6.653736e-17
3558.0	8.740313e-17
3560.0	1.329034e-16
3562.0	1.269713e-16
3564.0	1.371536e-16
3566.0	1.336977e-16
3568.0	9.589597e-17
3570.0	1.692493e-16
3572.0	1.755796e-16
3574.0	1.390415e-16
3576.0	1.295915e-16
3578.0	1.098456e-16
3580.0	8.527572e-17
3582.0	9.673612e-17
3584.0	5.889212e-17
3586.0	1.291021e-16
3588.0	1.710911e-16
3590.0	1.520364e-16
3592.0	1.502283e-16
3594.0	1.607986e-16
3596.0	1.48446e-16
3598.0	1.402415e-16
3600.0	1.70409e-16
3602.0	1.701588e-16
3604.0	1.579381e-16
3606.0	1.596279e-16
3608.0	1.412944e-16
3610.0	1.179402e-16
3612.0	1.429251e-16
3614.0	2.007567e-16
3616.0	1.758664e-16
3618.0	1.392409e-16
3620.0	1.700334e-16
3622.0	1.888562e-16
3624.0	1.286804e-16
3626.0	1.321524e-16
3628.0	1.391001e-16
3630.0	1.485885e-16
3632.0	1.375289e-16
3634.0	1.361231e-16
3636.0	1.23535e-16
3638.0	1.135492e-16
3640.0	1.128224e-16
3642.0	1.462824e-16
3644.0	1.5355e-16
3646.0	1.559678e-16
3648.0	1.569906e-16
3650.0	1.703935e-16
3652.0	1.59826e-16
3654.0	1.506673e-16
3656.0	1.371467e-16
3658.0	1.402084e-16
3660.0	1.135973e-16
3662.0	1.425018e-16
3664.0	1.432157e-16
3666.0	1.481223e-16
3668.0	1.514265e-16
3670.0	1.543205e-16
3672.0	1.443929e-16
3674.0	1.584136e-16
3676.0	1.389975e-16
3678.0	1.68193e-16
3680.0	1.709083e-16
3682.0	1.696278e-16
3684.0	1.75538e-16
3686.0	1.714855e-16
3688.0	1.805375e-16
3690.0	1.800246e-16
3692.0	1.741679e-16
3694.0	1.787077e-16
3696.0	1.891228e-16
3698.0	1.909724e-16
3700.0	1.822726e-16
3702.0	1.766099e-16
3704.0	2.180082e-16
3706.0	2.35866e-16
3708.0	1.961836e-16
3710.0	1.809998e-16
3712.0	1.90363e-16
3714.0	1.849783e-16
3716.0	1.717551e-16
3718.0	1.572278e-16
3720.0	1.436407e-16
3722.0	1.330359e-16
3724.0	1.533745e-16
3726.0	1.524057e-16
3728.0	1.398099e-16
3730.0	1.697004e-16
3732.0	1.882136e-16
3734.0	1.645476e-16
3736.0	1.873055e-16
3738.0	2.099348e-16
3740.0	2.218111e-16
3742.0	2.162859e-16
3744.0	2.083671e-16
3746.0	2.072274e-16
3748.0	2.158442e-16
3750.0	2.182816e-16
3752.0	2.213885e-16
3754.0	2.228006e-16
3756.0	2.329717e-16
3758.0	2.299882e-16
3760.0	2.175295e-16
3762.0	2.2277e-16
3764.0	2.293057e-16
3766.0	2.187235e-16
3768.0	2.201522e-16
3770.0	2.259245e-16
3772.0	2.145883e-16
3774.0	2.187411e-16
3776.0	2.418622e-16
3778.0	2.463125e-16
3780.0	2.379032e-16
3782.0	2.40259e-16
3784.0	2.525182e-16
3786.0	2.504509e-16
3788.0	2.392836e-16
3790.0	2.351145e-16
3792.0	2.365249e-16
3794.0	2.507785e-16
3796.0	2.492794e-16
3798.0	2.46492e-16
3800.0	2.479604e-16
3802.0	2.482533e-16
3804.0	2.420208e-16
3806.0	2.411732e-16
3808.0	2.389068e-16
3810.0	2.487504e-16
3812.0	2.474582e-16
3814.0	2.35954e-16
3816.0	2.188916e-16
3818.0	2.158113e-16
3820.0	2.075613e-16
3822.0	2.193556e-16
3824.0	2.262295e-16
3826.0	2.258468e-16
3828.0	2.292093e-16
3830.0	2.060629e-16
3832.0	1.998192e-16
3834.0	2.145537e-16
3836.0	2.076293e-16
3838.0	2.065019e-16
3840.0	1.972054e-16
3842.0	2.022428e-16
3844.0	2.127798e-16
3846.0	1.825882e-16
3848.0	1.851196e-16
3850.0	2.022421e-16
3852.0	1.939453e-16
3854.0	1.994313e-16
3856.0	1.946994e-16
3858.0	1.724951e-16
3860.0	1.598036e-16
3862.0	1.665199e-16
3864.0	1.675308e-16
3866.0	1.737702e-16
3868.0	1.827502e-16
3870.0	1.667961e-16
3872.0	1.61067e-16
3874.0	1.708286e-16
3876.0	1.612349e-16
3878.0	1.60775e-16
3880.0	1.581888e-16
3882.0	1.616917e-16
3884.0	1.529943e-16
3886.0	1.533268e-16
3888.0	1.622989e-16
3890.0	1.723124e-16
3892.0	1.737106e-16
3894.0	1.677003e-16
3896.0	1.658956e-16
3898.0	1.674085e-16
3900.0	1.694695e-16
3902.0	1.68124e-16
3904.0	1.720292e-16
3906.0	1.840969e-16
3908.0	1.905497e-16
3910.0	1.843507e-16
3912.0	1.803782e-16
3914.0	1.957763e-16
3916.0	2.026213e-16
3918.0	1.893657e-16
3920.0	2.020473e-16
3922.0	1.930579e-16
3924.0	2.067462e-16
3926.0	2.255316e-16
3928.0	2.20643e-16
3930.0	2.098689e-16
3932.0	2.184207e-16
3934.0	2.34537e-16
3936.0	2.399835e-16
3938.0	2.336442e-16
3940.0	2.209234e-16
3942.0	2.255721e-16
3944.0	2.460481e-16
3946.0	2.505046e-16
3948.0	2.471027e-16
3950.0	2.520449e-16
3952.0	2.450259e-16
3954.0	2.702265e-16
3956.0	2.869561e-16
3958.0	2.727245e-16
3960.0	2.860396e-16
3962.0	2.938444e-16
3964.0	3.000819e-16
3966.0	3.062786e-16
3968.0	2.901184e-16
3970.0	2.94552e-16
3972.0	3.009623e-16
3974.0	3.103051e-16
3976.0	3.191608e-16
3978.0	3.143786e-16
3980.0	3.05491e-16
3982.0	3.089895e-16
3984.0	3.215916e-16
3986.0	3.205604e-16
3988.0	3.147807e-16
3990.0	3.197293e-16
3992.0	3.262366e-16
3994.0	3.2301e-16
3996.0	3.336028e-16
3998.0	3.360906e-16
4000.0	3.368642e-16
4002.0	3.4131e-16
4004.0	3.398184e-16
4006.0	3.431608e-16
4008.0	3.291944e-16
4010.0	3.100261e-16
4012.0	3.236928e-16
4014.0	3.296074e-16
4016.0	3.399701e-16
4018.0	3.616923e-16
4020.0	3.501616e-16
4022.0	3.380608e-16
4024.0	3.234798e-16
4026.0	3.306522e-16
4028.0	3.21014e-16
4030.0	3.20154e-16
4032.0	3.295966e-16
4034.0	3.275531e-16
4036.0	3.255671e-16
4038.0	3.331455e-16
4040.0	3.452994e-16
4042.0	3.454777e-16
4044.0	3.355378e-16
4046.0	3.349306e-16
4048.0	3.353385e-16
4050.0	3.337104e-16
4052.0	3.29847e-16
4054.0	3.358591e-16
4056.0	3.283208e-16
4058.0	3.245395e-16
4060.0	3.160987e-16
4062.0	3.181039e-16
4064.0	3.191021e-16
4066.0	3.219798e-16
4068.0	3.162588e-16
4070.0	3.152042e-16
4072.0	3.151495e-16
4074.0	3.078587e-16
4076.0	3.026817e-16
4078.0	2.980699e-16
4080.0	2.814493e-16
4082.0	2.705111e-16
4084.0	2.790076e-16
4086.0	2.857587e-16
4088.0	2.772738e-16
4090.0	2.754137e-16
4092.0	2.893789e-16
4094.0	2.783338e-16
4096.0	2.635584e-16
4098.0	2.6477e-16
4100.0	2.649659e-16
4102.0	2.545635e-16
4104.0	2.580583e-16
4106.0	2.726019e-16
4108.0	2.734863e-16
4110.0	2.590347e-16
4112.0	2.447905e-16
4114.0	2.354975e-16
4116.0	2.263243e-16
4118.0	2.272406e-16
4120.0	2.327162e-16
4122.0	2.479906e-16
4124.0	2.455151e-16
4126.0	2.302531e-16
4128.0	2.351717e-16
4130.0	2.364746e-16
4132.0	2.437899e-16
4134.0	2.450895e-16
4136.0	2.344321e-16
4138.0	2.292589e-16
4140.0	2.340756e-16
4142.0	2.359061e-16
4144.0	2.434388e-16
4146.0	2.390151e-16
4148.0	2.352272e-16
4150.0	2.393727e-16
4152.0	2.400268e-16
4154.0	2.464402e-16
4156.0	2.525232e-16
4158.0	2.477471e-16
4160.0	2.475052e-16
4162.0	2.423446e-16
4164.0	2.46055e-16
4166.0	2.520618e-16
4168.0	2.500193e-16
4170.0	2.424342e-16
4172.0	2.477799e-16
4174.0	2.586564e-16
4176.0	2.531168e-16
4178.0	2.47851e-16
4180.0	2.407651e-16
4182.0	2.341805e-16
4184.0	2.394003e-16
4186.0	2.436027e-16
4188.0	2.491607e-16
4190.0	2.469781e-16
4192.0	2.346976e-16
4194.0	2.290014e-16
4196.0	2.302001e-16
4198.0	2.362783e-16
4200.0	2.338042e-16
4202.0	2.216728e-16
4204.0	2.169197e-16
4206.0	2.19011e-16
4208.0	2.243226e-16
4210.0	2.263126e-16
4212.0	2.299226e-16
4214.0	2.382492e-16
4216.0	2.38782e-16
4218.0	2.336622e-16
4220.0	2.360174e-16
4222.0	2.40682e-16
4224.0	2.437802e-16
4226.0	2.474906e-16
4228.0	2.427353e-16
4230.0	2.377344e-16
4232.0	2.379308e-16
4234.0	2.33708e-16
4236.0	2.337555e-16
4238.0	2.377431e-16
4240.0	2.449538e-16
4242.0	2.503223e-16
4244.0	2.431675e-16
4246.0	2.352252e-16
4248.0	2.495201e-16
4250.0	2.540065e-16
4252.0	2.478158e-16
4254.0	2.529554e-16
4256.0	2.620173e-16
4258.0	2.627502e-16
4260.0	2.513955e-16
4262.0	2.508973e-16
4264.0	2.493961e-16
4266.0	2.472033e-16
4268.0	2.599291e-16
4270.0	2.522712e-16
4272.0	2.488193e-16
4274.0	2.6556e-16
4276.0	2.699426e-16
4278.0	2.693453e-16
4280.0	2.784102e-16
4282.0	2.816153e-16
4284.0	2.691219e-16
4286.0	2.654673e-16
4288.0	2.652632e-16
4290.0	2.669584e-16
4292.0	2.766769e-16
4294.0	2.89333e-16
4296.0	2.937711e-16
4298.0	2.764413e-16
4300.0	2.75594e-16
4302.0	2.780938e-16
4304.0	2.848075e-16
4306.0	2.876444e-16
4308.0	2.922914e-16
4310.0	2.888146e-16
4312.0	2.812902e-16
4314.0	2.75717e-16
4316.0	2.776557e-16
4318.0	2.72357e-16
4320.0	2.795385e-16
4322.0	2.706008e-16
4324.0	2.638577e-16
4326.0	2.76553e-16
4328.0	2.747572e-16
4330.0	2.655561e-16
4332.0	2.675673e-16
4334.0	2.741778e-16
4336.0	2.697461e-16
4338.0	2.667322e-16
4340.0	2.680735e-16
4342.0	2.858612e-16
4344.0	2.79946e-16
4346.0	2.674842e-16
4348.0	2.693289e-16
4350.0	2.847452e-16
4352.0	2.768911e-16
4354.0	2.752587e-16
4356.0	2.763298e-16
4358.0	2.922889e-16
4360.0	2.89826e-16
4362.0	2.92815e-16
4364.0	2.816765e-16
4366.0	2.750834e-16
4368.0	2.699429e-16
4370.0	2.651402e-16
4372.0	2.643965e-16
4374.0	2.629992e-16
4376.0	2.651186e-16
4378.0	2.653091e-16
4380.0	2.686511e-16
4382.0	2.792942e-16
4384.0	2.827796e-16
4386.0	2.737074e-16
4388.0	2.648339e-16
4390.0	2.579699e-16
4392.0	2.600355e-16
4394.0	2.706885e-16
4396.0	2.660195e-16
4398.0	2.718713e-16
4400.0	2.599684e-16
4402.0	2.623226e-16
4404.0	2.65191e-16
4406.0	2.692309e-16
4408.0	2.669401e-16
4410.0	2.629269e-16
4412.0	2.652566e-16
4414.0	2.5518e-16
4416.0	2.412557e-16
4418.0	2.487485e-16
4420.0	2.609649e-16
4422.0	2.563527e-16
4424.0	2.546249e-16
4426.0	2.586422e-16
4428.0	2.530704e-16
4430.0	2.658483e-16
4432.0	2.683938e-16
4434.0	2.504183e-16
4436.0	2.434055e-16
4438.0	2.415943e-16
4440.0	2.39966e-16
4442.0	2.401256e-16
4444.0	2.323176e-16
4446.0	2.270995e-16
4448.0	2.229435e-16
4450.0	2.167181e-16
4452.0	2.194707e-16
4454.0	2.166175e-16
4456.0	2.028936e-16
4458.0	2.023199e-16
4460.0	2.09414e-16
4462.0	2.067615e-16
4464.0	2.054258e-16
4466.0	2.077838e-16
4468.0	2.055159e-16
4470.0	1.934595e-16
4472.0	1.917578e-16
4474.0	1.920775e-16
4476.0	1.883683e-16
4478.0	1.923882e-16
4480.0	1.884069e-16
4482.0	1.810445e-16
4484.0	1.85503e-16
4486.0	1.739055e-16
4488.0	1.677549e-16
4490.0	1.763522e-16
4492.0	1.793072e-16
4494.0	1.792421e-16
4496.0	1.790059e-16
4498.0	1.801871e-16
4500.0	1.835856e-16
4502.0	1.8432e-16
4504.0	1.810842e-16
4506.0	1.859754e-16
4508.0	1.915407e-16
4510.0	1.827889e-16
4512.0	1.806291e-16
4514.0	1.786729e-16
4516.0	1.702723e-16
4518.0	1.731174e-16
4520.0	1.743093e-16
4522.0	1.775032e-16
4524.0	1.67238e-16
4526.0	1.710602e-16
4528.0	1.865572e-16
4530.0	1.823379e-16
4532.0	1.739027e-16
4534.0	1.724403e-16
4536.0	1.781425e-16
4538.0	1.814922e-16
4540.0	1.758717e-16
4542.0	1.780769e-16
4544.0	1.881324e-16
4546.0	1.836046e-16
4548.0	1.77137e-16
4550.0	1.860505e-16
4552.0	1.947074e-16
4554.0	1.966731e-16
4556.0	1.906172e-16
4558.0	1.833721e-16
4560.0	1.891884e-16
4562.0	1.86191e-16
4564.0	1.880917e-16
4566.0	1.931628e-16
4568.0	1.980481e-16
4570.0	1.983195e-16
4572.0	1.92933e-16
4574.0	1.939221e-16
4576.0	1.93274e-16
4578.0	1.945694e-16
4580.0	1.9756e-16
4582.0	2.03114e-16
4584.0	2.078724e-16
4586.0	2.055263e-16
4588.0	2.099505e-16
4590.0	2.16286e-16
4592.0	2.171171e-16
4594.0	2.196578e-16
4596.0	2.260042e-16
4598.0	2.30693e-16
4600.0	2.260217e-16
4602.0	2.339593e-16
4604.0	2.235571e-16
4606.0	2.355457e-16
4608.0	2.458717e-16
4610.0	2.515761e-16
4612.0	2.458833e-16
4614.0	2.479487e-16
4616.0	2.498637e-16
4618.0	2.574389e-16
4620.0	2.494626e-16
4622.0	2.493072e-16
4624.0	2.507084e-16
4626.0	2.492678e-16
4628.0	2.583277e-16
4630.0	2.581682e-16
4632.0	2.629363e-16
4634.0	2.725778e-16
4636.0	2.729557e-16
4638.0	2.715803e-16
4640.0	2.792799e-16
4642.0	2.879501e-16
4644.0	2.954119e-16
4646.0	3.065909e-16
4648.0	3.009753e-16
4650.0	2.985172e-16
4652.0	3.068304e-16
4654.0	3.136898e-16
4656.0	3.214957e-16
4658.0	3.4513e-16
4660.0	3.517717e-16
4662.0	3.578226e-16
4664.0	3.632216e-16
4666.0	3.647718e-16
4668.0	3.670311e-16
4670.0	3.838441e-16
4672.0	3.9316e-16
4674.0	3.849422e-16
4676.0	3.816236e-16
4678.0	3.876072e-16
4680.0	3.949082e-16
4682.0	4.044664e-16
4684.0	4.130474e-16
4686.0	4.110182e-16
4688.0	4.048843e-16
4690.0	3.970659e-16
4692.0	4.005426e-16
4694.0	4.111315e-16
4696.0	4.181362e-16
4698.0	4.138235e-16
4700.0	4.184074e-16
4702.0	4.104815e-16
4704.0	4.110804e-16
4706.0	4.036731e-16
4708.0	4.025912e-16
4710.0	4.027389e-16
4712.0	4.010397e-16
4714.0	4.069905e-16
4716.0	4.158776e-16
4718.0	4.048385e-16
4720.0	4.110937e-16
4722.0	4.143775e-16
4724.0	4.099771e-16
4726.0	4.197912e-16
4728.0	4.24385e-16
4730.0	4.139946e-16
4732.0	4.110698e-16
4734.0	4.261615e-16
4736.0	4.380153e-16
4738.0	4.315035e-16
4740.0	4.249274e-16
4742.0	4.252662e-16
4744.0	4.398316e-16
4746.0	4.416283e-16
4748.0	4.276118e-16
4750.0	4.209516e-16
4752.0	4.227522e-16
4754.0	4.286756e-16
4756.0	4.276996e-16
4758.0	4.233599e-16
4760.0	4.207069e-16
4762.0	4.177165e-16
4764.0	4.153234e-16
4766.0	4.079242e-16
4768.0	3.958872e-16
4770.0	3.930074e-16
4772.0	3.911689e-16
4774.0	3.884465e-16
4776.0	3.909175e-16
4778.0	3.846494e-16
4780.0	3.683272e-16
4782.0	3.547773e-16
4784.0	3.441333e-16
4786.0	3.373709e-16
4788.0	3.375334e-16
4790.0	3.483659e-16
4792.0	3.342404e-16
4794.0	3.286761e-16
4796.0	3.337752e-16
4798.0	3.191666e-16
4800.0	3.064264e-16
4802.0	3.030037e-16
4804.0	3.031963e-16
4806.0	2.952166e-16
4808.0	2.882314e-16
4810.0	2.775446e-16
4812.0	2.752817e-16
4814.0	2.65394e-16
4816.0	2.595084e-16
4818.0	2.612646e-16
4820.0	2.661578e-16
4822.0	2.559292e-16
4824.0	2.502843e-16
4826.0	2.479816e-16
4828.0	2.465352e-16
4830.0	2.519763e-16
4832.0	2.523692e-16
4834.0	2.503622e-16
4836.0	2.469991e-16
4838.0	2.508961e-16
4840.0	2.577578e-16
4842.0	2.539213e-16
4844.0	2.497887e-16
4846.0	2.542946e-16
4848.0	2.442767e-16
4850.0	2.420535e-16
4852.0	2.506802e-16
4854.0	2.485438e-16
4856.0	2.500608e-16
4858.0	2.489024e-16
4860.0	2.516867e-16
4862.0	2.407311e-16
4864.0	2.440699e-16
4866.0	2.416758e-16
4868.0	2.37641e-16
4870.0	2.37042e-16
4872.0	2.324912e-16
4874.0	2.335124e-16
4876.0	2.269938e-16
4878.0	2.248335e-16
4880.0	2.25869e-16
4882.0	2.278744e-16
4884.0	2.242179e-16
4886.0	2.25097e-16
4888.0	2.241439e-16
4890.0	2.319577e-16
4892.0	2.231148e-16
4894.0	2.18707e-16
4896.0	2.2398e-16
4898.0	2.188057e-16
4900.0	2.203921e-16
4902.0	2.142164e-16
4904.0	2.053142e-16
4906.0	2.019781e-16
4908.0	2.14229e-16
4910.0	2.204844e-16
4912.0	2.150188e-16
4914.0	2.141862e-16
4916.0	2.211402e-16
4918.0	2.224164e-16
4920.0	2.210769e-16
4922.0	2.210049e-16
4924.0	2.27054e-16
4926.0	2.308012e-16
4928.0	2.315837e-16
4930.0	2.312423e-16
4932.0	2.286878e-16
4934.0	2.304887e-16
4936.0	2.352771e-16
4938.0	2.324052e-16
4940.0	2.28281e-16
4942.0	2.33195e-16
4944.0	2.336028e-16
4946.0	2.349227e-16
4948.0	2.271914e-16
4950.0	2.251123e-16
4952.0	2.342673e-16
4954.0	2.401602e-16
4956.0	2.390871e-16
4958.0	2.494574e-16
4960.0	2.439776e-16
4962.0	2.307481e-16
4964.0	2.29055e-16
4966.0	2.353919e-16
4968.0	2.279492e-16
4970.0	2.274468e-16
4972.0	2.269266e-16
4974.0	2.247622e-16
4976.0	2.224087e-16
4978.0	2.208966e-16
4980.0	2.249441e-16
4982.0	2.326175e-16
4984.0	2.410088e-16
4986.0	2.358323e-16
4988.0	2.272346e-16
4990.0	2.300961e-16
4992.0	2.412235e-16
4994.0	2.431909e-16
4996.0	2.526479e-16
4998.0	2.457863e-16
5000.0	2.445528e-16
5002.0	2.409363e-16
5004.0	2.621485e-16
5006.0	2.641361e-16
5008.0	2.577402e-16
5010.0	2.65115e-16
5012.0	2.752412e-16
5014.0	2.67499e-16
5016.0	2.708608e-16
5018.0	2.772916e-16
5020.0	2.840572e-16
5022.0	2.924957e-16
5024.0	2.941239e-16
5026.0	2.967066e-16
5028.0	2.965467e-16
5030.0	3.017341e-16
5032.0	3.100028e-16
5034.0	3.06736e-16
5036.0	3.043016e-16
5038.0	3.00755e-16
5040.0	3.020708e-16
5042.0	3.010678e-16
5044.0	2.87459e-16
5046.0	2.829136e-16
5048.0	2.768901e-16
5050.0	2.768318e-16
5052.0	2.803173e-16
5054.0	2.756592e-16
5056.0	2.653525e-16
5058.0	2.599734e-16
5060.0	2.576381e-16
5062.0	2.633871e-16
5064.0	2.644623e-16
5066.0	2.658883e-16
5068.0	2.634495e-16
5070.0	2.559585e-16
5072.0	2.538442e-16
5074.0	2.565769e-16
5076.0	2.539428e-16
5078.0	2.470537e-16
5080.0	2.472397e-16
5082.0	2.495614e-16
5084.0	2.508337e-16
5086.0	2.508254e-16
5088.0	2.563751e-16
5090.0	2.517293e-16
5092.0	2.417114e-16
5094.0	2.441889e-16
5096.0	2.321041e-16
5098.0	2.268412e-16
5100.0	2.327684e-16
5102.0	2.331922e-16
5104.0	2.38424e-16
5106.0	2.314985e-16
5108.0	2.185554e-16
5110.0	2.237517e-16
5112.0	2.248165e-16
5114.0	2.267485e-16
5116.0	2.276171e-16
5118.0	2.136749e-16
5120.0	2.048358e-16
5122.0	2.163008e-16
5124.0	2.215566e-16
5126.0	2.109791e-16
5128.0	2.087616e-16
5130.0	2.087457e-16
5132.0	2.107573e-16
5134.0	2.123877e-16
5136.0	2.063598e-16
5138.0	2.04961e-16
5140.0	2.056379e-16
5142.0	2.035451e-16
5144.0	2.034838e-16
5146.0	1.995206e-16
5148.0	1.965612e-16
5150.0	1.933494e-16
5152.0	2.088684e-16
5154.0	1.986005e-16
5156.0	1.90187e-16
5158.0	1.910647e-16
5160.0	1.949267e-16
5162.0	1.98097e-16
5164.0	1.891428e-16
5166.0	1.922829e-16
5168.0	1.938166e-16
5170.0	1.955556e-16
5172.0	1.909677e-16
5174.0	1.878173e-16
5176.0	1.904892e-16
5178.0	1.932957e-16
5180.0	1.88309e-16
5182.0	1.86297e-16
5184.0	1.857161e-16
5186.0	1.824255e-16
5188.0	1.8884e-16
5190.0	1.886062e-16
5192.0	1.821056e-16
5194.0	1.859587e-16
5196.0	1.8451e-16
5198.0	1.881414e-16
5200.0	1.924787e-16
5202.0	1.880632e-16
5204.0	1.849179e-16
5206.0	1.882276e-16
5208.0	1.937802e-16
5210.0	1.934473e-16
5212.0	1.932017e-16
5214.0	1.898067e-16
5216.0	1.863085e-16
5218.0	1.913329e-16
5220.0	1.918572e-16
5222.0	1.915906e-16
5224.0	1.941919e-16
5226.0	1.869359e-16
5228.0	1.873968e-16
5230.0	1.920043e-16
5232.0	1.906472e-16
5234.0	1.904248e-16
5236.0	1.885361e-16
5238.0	1.89291e-16
5240.0	1.97904e-16
5242.0	2.009228e-16
5244.0	1.982363e-16
5246.0	2.052279e-16
5248.0	2.062365e-16
5250.0	1.977123e-16
5252.0	1.994832e-16
5254.0	1.966646e-16
5256.0	1.958149e-16
5258.0	2.070304e-16
5260.0	2.108396e-16
5262.0	2.125141e-16
5264.0	2.128482e-16
5266.0	2.072106e-16
5268.0	2.04886e-16
5270.0	2.065962e-16
5272.0	2.101842e-16
5274.0	2.11673e-16
5276.0	2.149516e-16
5278.0	2.171437e-16
5280.0	2.167285e-16
5282.0	2.142705e-16
5284.0	2.20355e-16
5286.0	2.2798e-16
5288.0	2.347003e-16
5290.0	2.297653e-16
5292.0	2.318484e-16
5294.0	2.365699e-16
5296.0	2.350047e-16
5298.0	2.363197e-16
5300.0	2.40482e-16
5302.0	2.484486e-16
5304.0	2.512866e-16
5306.0	2.50459e-16
5308.0	2.475677e-16
5310.0	2.604642e-16
5312.0	2.636828e-16
5314.0	2.595717e-16
5316.0	2.568592e-16
5318.0	2.633976e-16
5320.0	2.706255e-16
5322.0	2.687306e-16
5324.0	2.716929e-16
5326.0	2.73545e-16
5328.0	2.711898e-16
5330.0	2.849987e-16
5332.0	2.915653e-16
5334.0	2.832875e-16
5336.0	2.769911e-16
5338.0	2.883199e-16
5340.0	2.96824e-16
5342.0	3.037785e-16
5344.0	3.01813e-16
5346.0	2.953499e-16
5348.0	3.034597e-16
5350.0	3.120589e-16
5352.0	3.128772e-16
5354.0	3.159389e-16
5356.0	3.172681e-16
5358.0	3.173089e-16
5360.0	3.210942e-16
5362.0	3.181689e-16
5364.0	3.164528e-16
5366.0	3.253954e-16
5368.0	3.291381e-16
5370.0	3.355177e-16
5372.0	3.298464e-16
5374.0	3.301188e-16
5376.0	3.315381e-16
5378.0	3.28775e-16
5380.0	3.359979e-16
5382.0	3.414278e-16
5384.0	3.453509e-16
5386.0	3.481697e-16
5388.0	3.398272e-16
5390.0	3.42522e-16
5392.0	3.619662e-16
5394.0	3.551212e-16
5396.0	3.477916e-16
5398.0	3.542388e-16
5400.0	3.555002e-16
5402.0	3.542141e-16
5404.0	3.593298e-16
5406.0	3.608392e-16
5408.0	3.587343e-16
5410.0	3.694659e-16
5412.0	3.780206e-16
5414.0	3.744716e-16
5416.0	3.759718e-16
5418.0	3.724469e-16
5420.0	3.701826e-16
5422.0	3.705072e-16
5424.0	3.737786e-16
5426.0	3.773679e-16
5428.0	3.75118e-16
5430.0	3.718776e-16
5432.0	3.756857e-16
5434.0	3.789878e-16
5436.0	3.746395e-16
5438.0	3.685014e-16
5440.0	3.738365e-16
5442.0	3.747459e-16
5444.0	3.782753e-16
5446.0	3.731437e-16
5448.0	3.686068e-16
5450.0	3.692036e-16
5452.0	3.729715e-16
5454.0	3.667444e-16
5456.0	3.571489e-16
5458.0	3.567634e-16
5460.0	3.624378e-16
5462.0	3.676248e-16
5464.0	3.678266e-16
5466.0	3.725687e-16
5468.0	3.754122e-16
5470.0	3.756075e-16
5472.0	3.742308e-16
5474.0	3.727009e-16
5476.0	3.68608e-16
5478.0	3.70824e-16
5480.0	3.675278e-16
5482.0	3.735149e-16
5484.0	3.703761e-16
5486.0	3.698051e-16
5488.0	3.688494e-16
5490.0	3.67393e-16
5492.0	3.638219e-16
5494.0	3.643802e-16
5496.0	3.74511e-16
5498.0	3.636047e-16
5500.0	3.524709e-16
5502.0	3.579288e-16
5504.0	3.685366e-16
5506.0	3.737095e-16
5508.0	3.746978e-16
5510.0	3.704291e-16
5512.0	3.701218e-16
5514.0	3.760235e-16
5516.0	3.803045e-16
5518.0	3.7812e-16
5520.0	3.784246e-16
5522.0	3.876571e-16
5524.0	3.975852e-16
5526.0	3.949593e-16
5528.0	3.866148e-16
5530.0	3.914846e-16
5532.0	3.99418e-16
5534.0	4.062947e-16
5536.0	4.053275e-16
5538.0	4.077063e-16
5540.0	4.109125e-16
5542.0	4.094509e-16
5544.0	4.097853e-16
5546.0	4.013933e-16
5548.0	4.036754e-16
5550.0	4.100308e-16
5552.0	4.056858e-16
5554.0	4.076838e-16
5556.0	4.026654e-16
5558.0	4.042822e-16
5560.0	4.07986e-16
5562.0	4.024423e-16
5564.0	4.023882e-16
5566.0	4.07031e-16
5568.0	4.026464e-16
5570.0	4.023281e-16
5572.0	4.162261e-16
5574.0	4.151491e-16
5576.0	3.989915e-16
5578.0	3.943305e-16
5580.0	4.062686e-16
5582.0	3.99318e-16
5584.0	4.044448e-16
5586.0	4.034473e-16
5588.0	4.055508e-16
5590.0	4.093027e-16
5592.0	4.153785e-16
5594.0	4.145701e-16
5596.0	4.086026e-16
5598.0	4.036077e-16
5600.0	4.110677e-16
5602.0	4.137758e-16
5604.0	4.055892e-16
5606.0	4.01465e-16
5608.0	4.041058e-16
5610.0	4.046463e-16
5612.0	4.025625e-16
5614.0	3.976637e-16
5616.0	3.990025e-16
5618.0	4.038895e-16
5620.0	3.946546e-16
5622.0	3.872945e-16
5624.0	3.921196e-16
5626.0	3.95573e-16
5628.0	3.953895e-16
5630.0	4.035375e-16
5632.0	3.896973e-16
5634.0	3.883785e-16
5636.0	3.899578e-16
5638.0	3.879969e-16
5640.0	3.900855e-16
5642.0	3.868904e-16
5644.0	3.930976e-16
5646.0	3.895209e-16
5648.0	3.819506e-16
5650.0	3.894589e-16
5652.0	3.830811e-16
5654.0	3.845197e-16
5656.0	3.778011e-16
5658.0	3.708099e-16
5660.0	3.782345e-16
5662.0	3.840829e-16
5664.0	3.840872e-16
5666.0	3.733795e-16
5668.0	3.732337e-16
5670.0	3.791316e-16
5672.0	3.71182e-16
5674.0	3.611376e-16
5676.0	3.66008e-16
5678.0	3.787059e-16
5680.0	3.694651e-16
5682.0	3.64239e-16
5684.0	3.698992e-16
5686.0	3.622787e-16
5688.0	3.558386e-16
5690.0	3.434921e-16
5692.0	3.519439e-16
5694.0	3.520647e-16
5696.0	3.516382e-16
5698.0	3.425491e-16
5700.0	3.427764e-16
5702.0	3.414417e-16
5704.0	3.354439e-16
5706.0	3.346831e-16
5708.0	3.354618e-16
5710.0	3.345213e-16
5712.0	3.291059e-16
5714.0	3.321568e-16
5716.0	3.339012e-16
5718.0	3.348649e-16
5720.0	3.341955e-16
5722.0	3.268539e-16
5724.0	3.248273e-16
5726.0	3.25491e-16
5728.0	3.162304e-16
5730.0	3.085369e-16
5732.0	3.114325e-16
5734.0	3.148763e-16
5736.0	3.180703e-16
5738.0	3.142887e-16
5740.0	3.010273e-16
5742.0	2.983734e-16
5744.0	3.024172e-16
5746.0	3.009277e-16
5748.0	3.043831e-16
5750.0	2.960863e-16
5752.0	2.973377e-16
5754.0	2.962303e-16
5756.0	2.923604e-16
5758.0	2.897419e-16
5760.0	2.876816e-16
5762.0	2.831998e-16
5764.0	2.781762e-16
5766.0	2.843546e-16
5768.0	2.763194e-16
5770.0	2.692165e-16
5772.0	2.686348e-16
5774.0	2.636567e-16
5776.0	2.678275e-16
5778.0	2.718937e-16
5780.0	2.62762e-16
5782.0	2.55772e-16
5784.0	2.570784e-16
5786.0	2.570064e-16
5788.0	2.531e-16
5790.0	2.50111e-16
5792.0	2.579355e-16
5794.0	2.498792e-16
5796.0	2.525136e-16
5798.0	2.533695e-16
5800.0	2.476234e-16
5802.0	2.433927e-16
5804.0	2.508449e-16
5806.0	2.537271e-16
5808.0	2.488079e-16
5810.0	2.428196e-16
5812.0	2.416726e-16
5814.0	2.433057e-16
5816.0	2.467974e-16
5818.0	2.401136e-16
5820.0	2.36737e-16
5822.0	2.367564e-16
5824.0	2.297451e-16
5826.0	2.309859e-16
5828.0	2.356121e-16
5830.0	2.327043e-16
5832.0	2.353353e-16
5834.0	2.358599e-16
5836.0	2.283191e-16
5838.0	2.258677e-16
5840.0	2.240765e-16
5842.0	2.227452e-16
5844.0	2.253931e-16
5846.0	2.227824e-16
5848.0	2.203734e-16
5850.0	2.214958e-16
5852.0	2.229431e-16
5854.0	2.251075e-16
5856.0	2.241597e-16
5858.0	2.269765e-16
5860.0	2.246382e-16
5862.0	2.201328e-16
5864.0	2.215314e-16
5866.0	2.228215e-16
5868.0	2.202278e-16
5870.0	2.154388e-16
5872.0	2.177347e-16
5874.0	2.202424e-16
5876.0	2.207476e-16
5878.0	2.201444e-16
5880.0	2.175117e-16
5882.0	2.1599e-16
5884.0	2.26348e-16
5886.0	2.343991e-16
5888.0	2.345639e-16
5890.0	2.289404e-16
5892.0	2.236312e-16
5894.0	2.299029e-16
5896.0	2.317687e-16
5898.0	2.287521e-16
5900.0	2.314739e-16
5902.0	2.330591e-16
5904.0	2.396578e-16
5906.0	2.397556e-16
5908.0	2.361623e-16
5910.0	2.342587e-16
5912.0	2.425885e-16
5914.0	2.577691e-16
5916.0	2.566638e-16
5918.0	2.456848e-16
5920.0	2.436952e-16
5922.0	2.461227e-16
5924.0	2.538691e-16
5926.0	2.557569e-16
5928.0	2.446498e-16
5930.0	2.480189e-16
5932.0	2.594924e-16
5934.0	2.622323e-16
5936.0	2.601312e-16
5938.0	2.562539e-16
5940.0	2.522887e-16
5942.0	2.549008e-16
5944.0	2.574065e-16
5946.0	2.587576e-16
5948.0	2.59455e-16
5950.0	2.597513e-16
5952.0	2.626698e-16
5954.0	2.641097e-16
5956.0	2.611745e-16
5958.0	2.6067e-16
5960.0	2.700576e-16
5962.0	2.791246e-16
5964.0	2.781939e-16
5966.0	2.733163e-16
5968.0	2.68284e-16
5970.0	2.705625e-16
5972.0	2.786107e-16
5974.0	2.847312e-16
5976.0	2.858408e-16
5978.0	2.886631e-16
5980.0	2.874928e-16
5982.0	2.898848e-16
5984.0	2.901196e-16
5986.0	2.91691e-16
5988.0	2.91586e-16
5990.0	2.899823e-16
5992.0	2.912892e-16
5994.0	2.938077e-16
5996.0	3.004456e-16
5998.0	3.022789e-16
6000.0	3.057351e-16
6002.0	3.092608e-16
6004.0	3.050384e-16
6006.0	3.079363e-16
6008.0	3.20107e-16
6010.0	3.205095e-16
6012.0	3.181795e-16
6014.0	3.12891e-16
6016.0	3.11497e-16
6018.0	3.23873e-16
6020.0	3.280951e-16
6022.0	3.22271e-16
6024.0	3.226521e-16
6026.0	3.303845e-16
6028.0	3.25287e-16
6030.0	3.292458e-16
6032.0	3.311302e-16
6034.0	3.324876e-16
6036.0	3.273246e-16
6038.0	3.292469e-16
6040.0	3.284203e-16
6042.0	3.293785e-16
6044.0	3.267317e-16
6046.0	3.262629e-16
6048.0	3.266646e-16
6050.0	3.182257e-16
6052.0	3.182328e-16
6054.0	3.223958e-16
6056.0	3.214004e-16
6058.0	3.194807e-16
6060.0	3.168968e-16
6062.0	3.132231e-16
6064.0	3.119493e-16
6066.0	3.085487e-16
6068.0	3.058098e-16
6070.0	3.046429e-16
6072.0	3.005443e-16
6074.0	2.977376e-16
6076.0	2.963851e-16
6078.0	2.948932e-16
6080.0	2.860127e-16
6082.0	2.846979e-16
6084.0	2.830876e-16
6086.0	2.825793e-16
6088.0	2.638185e-16
6090.0	2.580924e-16
6092.0	2.657178e-16
6094.0	2.69666e-16
6096.0	2.613928e-16
6098.0	2.543848e-16
6100.0	2.553781e-16
6102.0	2.596222e-16
6104.0	2.582605e-16
6106.0	2.550672e-16
6108.0	2.50174e-16
6110.0	2.464847e-16
6112.0	2.496445e-16
6114.0	2.495671e-16
6116.0	2.453222e-16
6118.0	2.374044e-16
6120.0	2.387236e-16
6122.0	2.427706e-16
6124.0	2.42089e-16
6126.0	2.398647e-16
6128.0	2.365559e-16
6130.0	2.419224e-16
6132.0	2.35611e-16
6134.0	2.256343e-16
6136.0	2.293697e-16
6138.0	2.375564e-16
6140.0	2.364648e-16
6142.0	2.308969e-16
6144.0	2.35162e-16
6146.0	2.349934e-16
6148.0	2.363086e-16
6150.0	2.335485e-16
6152.0	2.304293e-16
6154.0	2.332244e-16
6156.0	2.344163e-16
6158.0	2.349241e-16
6160.0	2.426174e-16
6162.0	2.411648e-16
6164.0	2.342015e-16
6166.0	2.32992e-16
6168.0	2.314173e-16
6170.0	2.287059e-16
6172.0	2.262235e-16
6174.0	2.196397e-16
6176.0	2.155539e-16
6178.0	2.155644e-16
6180.0	2.105834e-16
6182.0	2.130356e-16
6184.0	2.155748e-16
6186.0	2.062618e-16
6188.0	2.019978e-16
6190.0	2.04463e-16
6192.0	1.98815e-16
6194.0	1.937042e-16
6196.0	1.958628e-16
6198.0	1.865717e-16
6200.0	1.841327e-16
6202.0	1.849529e-16
6204.0	1.809354e-16
6206.0	1.866922e-16
6208.0	1.833196e-16
6210.0	1.750266e-16
6212.0	1.814766e-16
6214.0	1.767541e-16
6216.0	1.733061e-16
6218.0	1.789633e-16
6220.0	1.798591e-16
6222.0	1.835767e-16
6224.0	1.778882e-16
6226.0	1.812333e-16
6228.0	1.880715e-16
6230.0	1.826992e-16
6232.0	1.836151e-16
6234.0	1.855583e-16
6236.0	1.851866e-16
6238.0	1.858081e-16
6240.0	1.861873e-16
6242.0	1.88223e-16
6244.0	1.898594e-16
6246.0	1.870262e-16
6248.0	1.832097e-16
6250.0	1.859558e-16
6252.0	1.92156e-16
6254.0	1.942649e-16
6256.0	1.869566e-16
6258.0	1.827723e-16
6260.0	1.803494e-16
6262.0	1.814079e-16
6264.0	1.857359e-16
6266.0	1.851854e-16
6268.0	1.774281e-16
6270.0	1.768506e-16
6272.0	1.777275e-16
6274.0	1.772035e-16
6276.0	1.767877e-16
6278.0	1.792772e-16
6280.0	1.777653e-16
6282.0	1.827502e-16
6284.0	1.774354e-16
6286.0	1.754557e-16
6288.0	1.76663e-16
6290.0	1.72174e-16
6292.0	1.725046e-16
6294.0	1.724638e-16
6296.0	1.728534e-16
6298.0	1.766925e-16
6300.0	1.794413e-16
6302.0	1.74237e-16
6304.0	1.711289e-16
6306.0	1.613411e-16
6308.0	1.597482e-16
6310.0	1.61497e-16
6312.0	1.623158e-16
6314.0	1.712362e-16
6316.0	1.771454e-16
6318.0	1.780978e-16
6320.0	1.760541e-16
6322.0	1.799317e-16
6324.0	1.752655e-16
6326.0	1.819103e-16
6328.0	1.897032e-16
6330.0	1.855145e-16
6332.0	1.915421e-16
6334.0	1.928551e-16
6336.0	1.882143e-16
6338.0	1.930642e-16
6340.0	1.983529e-16
6342.0	1.973649e-16
6344.0	2.011758e-16
6346.0	1.998785e-16
6348.0	2.017083e-16
6350.0	2.100942e-16
6352.0	2.085919e-16
6354.0	1.992594e-16
6356.0	1.948388e-16
6358.0	1.984887e-16
6360.0	1.99408e-16
6362.0	2.036361e-16
6364.0	1.996289e-16
6366.0	1.993076e-16
6368.0	2.057557e-16
6370.0	2.01294e-16
6372.0	2.025668e-16
6374.0	2.106525e-16
6376.0	2.072487e-16
6378.0	2.019847e-16
6380.0	2.066844e-16
6382.0	2.0314e-16
6384.0	2.053126e-16
6386.0	2.049892e-16
6388.0	2.030629e-16
6390.0	2.008638e-16
6392.0	2.041125e-16
6394.0	1.98963e-16
6396.0	1.945875e-16
6398.0	1.991015e-16
6400.0	2.012825e-16
6402.0	1.943828e-16
6404.0	1.910734e-16
6406.0	1.935383e-16
6408.0	1.960474e-16
6410.0	1.949879e-16
6412.0	1.949309e-16
6414.0	1.974274e-16
6416.0	1.926706e-16
6418.0	1.956276e-16
6420.0	2.027351e-16
6422.0	2.062112e-16
6424.0	2.044764e-16
6426.0	2.017319e-16
6428.0	2.035779e-16
6430.0	2.036738e-16
6432.0	1.993541e-16
6434.0	2.019413e-16
6436.0	2.036225e-16
6438.0	2.020051e-16
6440.0	2.047269e-16
6442.0	2.088058e-16
6444.0	2.083445e-16
6446.0	2.004877e-16
6448.0	2.037309e-16
6450.0	2.112804e-16
6452.0	2.102888e-16
6454.0	2.13251e-16
6456.0	2.098518e-16
6458.0	2.00545e-16
6460.0	1.979203e-16
6462.0	2.034008e-16
6464.0	2.069935e-16
6466.0	2.115631e-16
6468.0	2.094437e-16
6470.0	2.120822e-16
6472.0	2.146291e-16
6474.0	2.134853e-16
6476.0	2.193871e-16
6478.0	2.113498e-16
6480.0	2.187855e-16
6482.0	2.218461e-16
6484.0	2.181175e-16
6486.0	2.158192e-16
6488.0	2.173211e-16
6490.0	2.274544e-16
6492.0	2.307557e-16
6494.0	2.287172e-16
6496.0	2.315971e-16
6498.0	2.343602e-16
6500.0	2.357667e-16
6502.0	2.364832e-16
6504.0	2.363759e-16
6506.0	2.388784e-16
6508.0	2.356263e-16
6510.0	2.339033e-16
6512.0	2.381932e-16
6514.0	2.418157e-16
6516.0	2.51248e-16
6518.0	2.568055e-16
6520.0	2.494877e-16
6522.0	2.479257e-16
6524.0	2.578527e-16
6526.0	2.525896e-16
6528.0	2.478945e-16
6530.0	2.573581e-16
6532.0	2.524567e-16
6534.0	2.48393e-16
6536.0	2.523684e-16
6538.0	2.576769e-16
6540.0	2.543631e-16
6542.0	2.537266e-16
6544.0	2.543473e-16
6546.0	2.545023e-16
6548.0	2.543479e-16
6550.0	2.496982e-16
6552.0	2.489521e-16
6554.0	2.536949e-16
6556.0	2.530113e-16
6558.0	2.544964e-16
6560.0	2.559277e-16
6562.0	2.535051e-16
6564.0	2.499788e-16
6566.0	2.489852e-16
6568.0	2.546272e-16
6570.0	2.581363e-16
6572.0	2.508934e-16
6574.0	2.486773e-16
6576.0	2.534926e-16
6578.0	2.515293e-16
6580.0	2.554806e-16
6582.0	2.636547e-16
6584.0	2.637225e-16
6586.0	2.587823e-16
6588.0	2.627639e-16
6590.0	2.685184e-16
6592.0	2.621118e-16
6594.0	2.567427e-16
6596.0	2.571655e-16
6598.0	2.659508e-16
6600.0	2.695158e-16
6602.0	2.684982e-16
6604.0	2.645122e-16
6606.0	2.664083e-16
6608.0	2.701421e-16
6610.0	2.702748e-16
6612.0	2.694409e-16
6614.0	2.624147e-16
6616.0	2.639044e-16
6618.0	2.703262e-16
6620.0	2.703739e-16
6622.0	2.682522e-16
6624.0	2.697602e-16
6626.0	2.753807e-16
6628.0	2.723886e-16
6630.0	2.655425e-16
6632.0	2.729436e-16
6634.0	2.798992e-16
6636.0	2.755178e-16
6638.0	2.717628e-16
6640.0	2.683981e-16
6642.0	2.6739e-16
6644.0	2.724501e-16
6646.0	2.778398e-16
6648.0	2.778283e-16
6650.0	2.741213e-16
6652.0	2.755059e-16
6654.0	2.746464e-16
6656.0	2.690691e-16
6658.0	2.675777e-16
6660.0	2.683565e-16
6662.0	2.709817e-16
6664.0	2.702295e-16
6666.0	2.702065e-16
6668.0	2.665921e-16
6670.0	2.73161e-16
6672.0	2.801835e-16
6674.0	2.737596e-16
6676.0	2.721824e-16
6678.0	2.737731e-16
6680.0	2.753978e-16
6682.0	2.74239e-16
6684.0	2.707807e-16
6686.0	2.801873e-16
6688.0	2.828559e-16
6690.0	2.820816e-16
6692.0	2.804605e-16
6694.0	2.767381e-16
6696.0	2.685343e-16
6698.0	2.71442e-16
6700.0	2.752173e-16
6702.0	2.713541e-16
6704.0	2.71788e-16
6706.0	2.739535e-16
6708.0	2.765565e-16
6710.0	2.746712e-16
6712.0	2.765021e-16
6714.0	2.785893e-16
6716.0	2.715206e-16
6718.0	2.715285e-16
6720.0	2.706552e-16
6722.0	2.718104e-16
6724.0	2.781557e-16
6726.0	2.774168e-16
6728.0	2.723922e-16
6730.0	2.714212e-16
6732.0	2.776341e-16
6734.0	2.716227e-16
6736.0	2.633167e-16
6738.0	2.64243e-16
6740.0	2.627975e-16
6742.0	2.610009e-16
6744.0	2.602096e-16
6746.0	2.559743e-16
6748.0	2.553354e-16
6750.0	2.556486e-16
6752.0	2.560427e-16
6754.0	2.568382e-16
6756.0	2.501232e-16
6758.0	2.444544e-16
6760.0	2.478661e-16
6762.0	2.51462e-16
6764.0	2.500923e-16
6766.0	2.404458e-16
6768.0	2.366412e-16
6770.0	2.351793e-16
6772.0	2.359732e-16
6774.0	2.40239e-16
6776.0	2.350684e-16
6778.0	2.32461e-16
6780.0	2.314821e-16
6782.0	2.303814e-16
6784.0	2.232989e-16
6786.0	2.203387e-16
6788.0	2.206227e-16
6790.0	2.216435e-16
6792.0	2.243359e-16
6794.0	2.206566e-16
6796.0	2.156679e-16
6798.0	2.161899e-16
6800.0	2.155984e-16
6802.0	2.137301e-16
6804.0	2.112977e-16
6806.0	2.083427e-16
6808.0	2.125801e-16
6810.0	2.146146e-16
6812.0	2.188754e-16
6814.0	2.140108e-16
6816.0	2.13669e-16
6818.0	2.064062e-16
6820.0	2.096131e-16
6822.0	2.098695e-16
6824.0	2.131161e-16
6826.0	2.067604e-16
6828.0	2.063542e-16
6830.0	2.040851e-16
6832.0	2.080629e-16
6834.0	2.100417e-16
6836.0	2.052744e-16
6838.0	1.976545e-16
6840.0	1.974915e-16
6842.0	1.949247e-16
6844.0	1.916534e-16
6846.0	1.908304e-16
6848.0	1.916761e-16
6850.0	1.933988e-16
6852.0	1.943954e-16
6854.0	1.91865e-16
6856.0	1.87071e-16
6858.0	1.888911e-16
6860.0	1.882115e-16
6862.0	1.831106e-16
6864.0	1.800286e-16
6866.0	1.76606e-16
6868.0	1.845898e-16
6870.0	1.949023e-16
6872.0	1.866405e-16
6874.0	1.768798e-16
6876.0	1.777487e-16
6878.0	1.800316e-16
6880.0	1.810952e-16
6882.0	1.810853e-16
6884.0	1.779067e-16
6886.0	1.789303e-16
6888.0	1.798743e-16
6890.0	1.798402e-16
6892.0	1.763783e-16
6894.0	1.742014e-16
6896.0	1.693609e-16
6898.0	1.718422e-16
6900.0	1.781172e-16
6902.0	1.785946e-16
6904.0	1.7119e-16
6906.0	1.697919e-16
6908.0	1.717842e-16
6910.0	1.773243e-16
6912.0	1.69291e-16
6914.0	1.636564e-16
6916.0	1.66565e-16
6918.0	1.725685e-16
6920.0	1.715514e-16
6922.0	1.673745e-16
6924.0	1.627038e-16
6926.0	1.609675e-16
6928.0	1.687891e-16
6930.0	1.630243e-16
6932.0	1.609778e-16
6934.0	1.633762e-16
6936.0	1.642321e-16
6938.0	1.626138e-16
6940.0	1.655391e-16
6942.0	1.63756e-16
6944.0	1.580284e-16
6946.0	1.542602e-16
6948.0	1.589252e-16
6950.0	1.566241e-16
6952.0	1.539356e-16
6954.0	1.569528e-16
6956.0	1.557605e-16
6958.0	1.563713e-16
6960.0	1.565852e-16
6962.0	1.551484e-16
6964.0	1.544487e-16
6966.0	1.520099e-16
6968.0	1.485989e-16
6970.0	1.52494e-16
6972.0	1.541513e-16
6974.0	1.505176e-16
6976.0	1.525268e-16
6978.0	1.538944e-16
6980.0	1.558001e-16
6982.0	1.547516e-16
6984.0	1.44182e-16
6986.0	1.463835e-16
6988.0	1.495429e-16
6990.0	1.441558e-16
6992.0	1.467177e-16
6994.0	1.527392e-16
6996.0	1.537407e-16
6998.0	1.509637e-16
7000.0	1.434793e-16
7002.0	1.414502e-16
7004.0	1.489382e-16
7006.0	1.502406e-16
7008.0	1.501645e-16
7010.0	1.545736e-16
7012.0	1.479919e-16
7014.0	1.451668e-16
7016.0	1.404267e-16
7018.0	1.428095e-16
7020.0	1.435189e-16
7022.0	1.485154e-16
7024.0	1.448673e-16
7026.0	1.423628e-16
7028.0	1.469337e-16
7030.0	1.470056e-16
7032.0	1.471751e-16
7034.0	1.521714e-16
7036.0	1.534323e-16
7038.0	1.526029e-16
7040.0	1.486467e-16
7042.0	1.441978e-16
7044.0	1.436331e-16
7046.0	1.426361e-16
7048.0	1.440409e-16
7050.0	1.488366e-16
