#	 ptss17niq 
#	 UT date of observation: 20170329 
#	 Telescope/Instrument: SOAR/Goodman 
#	 Estimated Peak MJD: 57842.91 
#	 Estimated redshift: 0.068 
#	 Estimated Phase: -1.8
#	 Published in Dettman et al. 2020 
#	 Observed barycentric wavelength (Angstroms)    F_lambda
3600.0	0.09195652
3602.0	0.07644571
3604.0	0.08069702
3606.0	0.08394554
3608.0	0.07034034
3610.0	0.06214484
3612.0	0.0650272
3614.0	0.08561771
3616.0	0.09097643
3618.0	0.09465793
3620.0	0.1056375
3622.0	0.09568946
3624.0	0.0838015
3626.0	0.08997318
3628.0	0.08913299
3630.0	0.09099224
3632.0	0.09901973
3634.0	0.09357255
3636.0	0.09466153
3638.0	0.1087717
3640.0	0.1102508
3642.0	0.1059917
3644.0	0.09271745
3646.0	0.08898518
3648.0	0.09318127
3650.0	0.1028361
3652.0	0.1052736
3654.0	0.09017769
3656.0	0.08256596
3658.0	0.08853932
3660.0	0.1031322
3662.0	0.09382129
3664.0	0.1008298
3666.0	0.1018328
3668.0	0.09407037
3670.0	0.106083
3672.0	0.09545425
3674.0	0.09678792
3676.0	0.102868
3678.0	0.09995358
3680.0	0.09365907
3682.0	0.09894209
3684.0	0.09594565
3686.0	0.09853381
3688.0	0.09615097
3690.0	0.1067803
3692.0	0.091937
3694.0	0.1004949
3696.0	0.09576701
3698.0	0.1014168
3700.0	0.1045549
3702.0	0.09799892
3704.0	0.09682643
3706.0	0.1024483
3708.0	0.1118627
3710.0	0.1058287
3712.0	0.1042912
3714.0	0.1058771
3716.0	0.09865241
3718.0	0.1054865
3720.0	0.1073318
3722.0	0.0999072
3724.0	0.1030627
3726.0	0.1040166
3728.0	0.1069303
3730.0	0.1143057
3732.0	0.1147003
3734.0	0.1122825
3736.0	0.1136994
3738.0	0.103915
3740.0	0.1140064
3742.0	0.1146322
3744.0	0.1202433
3746.0	0.1036388
3748.0	0.09581338
3750.0	0.1062516
3752.0	0.1047402
3754.0	0.1038145
3756.0	0.1082662
3758.0	0.1113434
3760.0	0.1109377
3762.0	0.1141405
3764.0	0.1087472
3766.0	0.1131738
3768.0	0.1098351
3770.0	0.1198656
3772.0	0.09937479
3774.0	0.1074963
3776.0	0.1139261
3778.0	0.1137381
3780.0	0.108252
3782.0	0.09459781
3784.0	0.1046047
3786.0	0.1208942
3788.0	0.1146593
3790.0	0.1081832
3792.0	0.1078741
3794.0	0.1144843
3796.0	0.1093145
3798.0	0.1010267
3800.0	0.1084405
3802.0	0.1141709
3804.0	0.1083063
3806.0	0.107564
3808.0	0.1112419
3810.0	0.1119798
3812.0	0.1064604
3814.0	0.1170811
3816.0	0.1194118
3818.0	0.1159605
3820.0	0.1149587
3822.0	0.1167695
3824.0	0.1171684
3826.0	0.1052722
3828.0	0.09860455
3830.0	0.09704454
3832.0	0.09703299
3834.0	0.1039398
3836.0	0.1145819
3838.0	0.1217512
3840.0	0.1150249
3842.0	0.1071988
3844.0	0.1100394
3846.0	0.1138383
3848.0	0.1036311
3850.0	0.1034148
3852.0	0.1099171
3854.0	0.105512
3856.0	0.1143089
3858.0	0.1149304
3860.0	0.1040377
3862.0	0.1065454
3864.0	0.1157561
3866.0	0.1168119
3868.0	0.1073923
3870.0	0.1056966
3872.0	0.1139778
3874.0	0.1161728
3876.0	0.1137661
3878.0	0.116099
3880.0	0.1148863
3882.0	0.1158013
3884.0	0.1142754
3886.0	0.1096773
3888.0	0.1198128
3890.0	0.1187645
3892.0	0.1041352
3894.0	0.1105059
3896.0	0.1224677
3898.0	0.1133739
3900.0	0.1080757
3902.0	0.1020544
3904.0	0.09615079
3906.0	0.1052384
3908.0	0.1048777
3910.0	0.1002016
3912.0	0.09974658
3914.0	0.1063972
3916.0	0.1066018
3918.0	0.1045436
3920.0	0.09489954
3922.0	0.08522052
3924.0	0.08078521
3926.0	0.08252008
3928.0	0.08948657
3930.0	0.08538705
3932.0	0.07789131
3934.0	0.07771691
3936.0	0.07179578
3938.0	0.07377198
3940.0	0.08158074
3942.0	0.0757733
3944.0	0.06983504
3946.0	0.06961625
3948.0	0.07260883
3950.0	0.06883878
3952.0	0.06799566
3954.0	0.07085897
3956.0	0.07208407
3958.0	0.0649893
3960.0	0.06383951
3962.0	0.06519116
3964.0	0.06324308
3966.0	0.06216563
3968.0	0.06448372
3970.0	0.06347086
3972.0	0.06248874
3974.0	0.05982611
3976.0	0.05650647
3978.0	0.05963995
3980.0	0.061949
3982.0	0.06256807
3984.0	0.06580887
3986.0	0.06787224
3988.0	0.07062288
3990.0	0.0712628
3992.0	0.07400259
3994.0	0.07544074
3996.0	0.06968611
3998.0	0.07152724
4000.0	0.07496674
4002.0	0.07318895
4004.0	0.07539161
4006.0	0.07627668
4008.0	0.07873721
4010.0	0.08338071
4012.0	0.08135062
4014.0	0.07912286
4016.0	0.08036676
4018.0	0.07796365
4020.0	0.07633685
4022.0	0.07258993
4024.0	0.07090423
4026.0	0.06944772
4028.0	0.07269114
4030.0	0.0676107
4032.0	0.06475305
4034.0	0.0677656
4036.0	0.06834625
4038.0	0.07322636
4040.0	0.06796909
4042.0	0.06431937
4044.0	0.07064869
4046.0	0.07412573
4048.0	0.06977742
4050.0	0.06478744
4052.0	0.07326999
4054.0	0.07794583
4056.0	0.07212348
4058.0	0.07121199
4060.0	0.07170941
4062.0	0.07012073
4064.0	0.06656926
4066.0	0.06111641
4068.0	0.06359299
4070.0	0.06663097
4072.0	0.06227446
4074.0	0.06492826
4076.0	0.07786914
4078.0	0.07721087
4080.0	0.07429685
4082.0	0.0769221
4084.0	0.07989397
4086.0	0.08449491
4088.0	0.08419561
4090.0	0.0836262
4092.0	0.08122352
4094.0	0.08159371
4096.0	0.0813896
4098.0	0.08624692
4100.0	0.0882077
4102.0	0.08437303
4104.0	0.08332777
4106.0	0.08874192
4108.0	0.09703091
4110.0	0.106179
4112.0	0.1067163
4114.0	0.1052076
4116.0	0.1074708
4118.0	0.1068035
4120.0	0.1109624
4122.0	0.1151283
4124.0	0.1159023
4126.0	0.1208998
4128.0	0.1203458
4130.0	0.1210571
4132.0	0.1251427
4134.0	0.1264687
4136.0	0.1347642
4138.0	0.1341357
4140.0	0.1267749
4142.0	0.1263917
4144.0	0.1334932
4146.0	0.137561
4148.0	0.1333231
4150.0	0.1331577
4152.0	0.134915
4154.0	0.1340152
4156.0	0.1340905
4158.0	0.1382952
4160.0	0.1376382
4162.0	0.136039
4164.0	0.1472264
4166.0	0.1483446
4168.0	0.1374247
4170.0	0.1380597
4172.0	0.145607
4174.0	0.1505213
4176.0	0.1545943
4178.0	0.148141
4180.0	0.1450464
4182.0	0.1528601
4184.0	0.1593671
4186.0	0.1547432
4188.0	0.1495855
4190.0	0.1521386
4192.0	0.1583601
4194.0	0.1651554
4196.0	0.1655247
4198.0	0.1657963
4200.0	0.1602969
4202.0	0.1560282
4204.0	0.1522553
4206.0	0.1479215
4208.0	0.1543602
4210.0	0.1590243
4212.0	0.1545862
4214.0	0.1435435
4216.0	0.1388852
4218.0	0.1457137
4220.0	0.1504609
4222.0	0.1464056
4224.0	0.1418259
4226.0	0.1417725
4228.0	0.1437933
4230.0	0.1442506
4232.0	0.138021
4234.0	0.1359488
4236.0	0.1376617
4238.0	0.1380356
4240.0	0.1319971
4242.0	0.1309036
4244.0	0.1296166
4246.0	0.1310716
4248.0	0.1344091
4250.0	0.1351894
4252.0	0.1314561
4254.0	0.1253182
4256.0	0.1313009
4258.0	0.1323354
4260.0	0.1247577
4262.0	0.1278524
4264.0	0.1310148
4266.0	0.1270597
4268.0	0.1288363
4270.0	0.1302076
4272.0	0.1249384
4274.0	0.1301522
4276.0	0.1358944
4278.0	0.1383271
4280.0	0.1341196
4282.0	0.1340292
4284.0	0.1379225
4286.0	0.1346928
4288.0	0.1369648
4290.0	0.1383656
4292.0	0.1363532
4294.0	0.1444357
4296.0	0.1496858
4298.0	0.143642
4300.0	0.1432241
4302.0	0.1601299
4304.0	0.1522238
4306.0	0.1466026
4308.0	0.1479541
4310.0	0.1518263
4312.0	0.15552
4314.0	0.1559204
4316.0	0.1591987
4318.0	0.156972
4320.0	0.1551413
4322.0	0.161313
4324.0	0.156414
4326.0	0.1524657
4328.0	0.1579692
4330.0	0.1565564
4332.0	0.1571116
4334.0	0.1626754
4336.0	0.1548642
4338.0	0.1539377
4340.0	0.1593182
4342.0	0.1697486
4344.0	0.1545801
4346.0	0.1600908
4348.0	0.1685947
4350.0	0.1602756
4352.0	0.1567816
4354.0	0.1602854
4356.0	0.1656284
4358.0	0.1669301
4360.0	0.1671837
4362.0	0.1656906
4364.0	0.1684318
4366.0	0.1668658
4368.0	0.1582679
4370.0	0.1600836
4372.0	0.1578268
4374.0	0.1588295
4376.0	0.1695967
4378.0	0.1675712
4380.0	0.1547672
4382.0	0.1603751
4384.0	0.1578452
4386.0	0.159606
4388.0	0.1554911
4390.0	0.1501842
4392.0	0.1557088
4394.0	0.14667
4396.0	0.1484336
4398.0	0.1465532
4400.0	0.1454855
4402.0	0.1437387
4404.0	0.1472474
4406.0	0.1409582
4408.0	0.1483745
4410.0	0.1434195
4412.0	0.14329
4414.0	0.144517
4416.0	0.1416672
4418.0	0.1405658
4420.0	0.1374887
4422.0	0.1412661
4424.0	0.1446909
4426.0	0.1444167
4428.0	0.1356471
4430.0	0.1349075
4432.0	0.1428457
4434.0	0.1440407
4436.0	0.1327521
4438.0	0.1421435
4440.0	0.1423285
4442.0	0.1301833
4444.0	0.1390893
4446.0	0.1339924
4448.0	0.1328773
4450.0	0.1302183
4452.0	0.127983
4454.0	0.1315688
4456.0	0.131546
4458.0	0.1276573
4460.0	0.1293427
4462.0	0.1248102
4464.0	0.1358506
4466.0	0.1337588
4468.0	0.1270353
4470.0	0.1276257
4472.0	0.1310622
4474.0	0.1218091
4476.0	0.1196467
4478.0	0.1290803
4480.0	0.1222681
4482.0	0.1157981
4484.0	0.1155675
4486.0	0.115336
4488.0	0.1216479
4490.0	0.1265422
4492.0	0.1209804
4494.0	0.1145968
4496.0	0.113256
4498.0	0.112141
4500.0	0.1121946
4502.0	0.1120871
4504.0	0.1065796
4506.0	0.1040544
4508.0	0.1026107
4510.0	0.1100104
4512.0	0.1141188
4514.0	0.1055348
4516.0	0.1027412
4518.0	0.1058869
4520.0	0.09967877
4522.0	0.1003867
4524.0	0.105144
4526.0	0.1036799
4528.0	0.1063906
4530.0	0.1025841
4532.0	0.09864751
4534.0	0.0997043
4536.0	0.0987035
4538.0	0.09820294
4540.0	0.09328305
4542.0	0.09081638
4544.0	0.09708572
4546.0	0.1015591
4548.0	0.09555575
4550.0	0.09242111
4552.0	0.09007693
4554.0	0.08215447
4556.0	0.08358537
4558.0	0.08311206
4560.0	0.08135635
4562.0	0.08589378
4564.0	0.08375809
4566.0	0.07679558
4568.0	0.07375778
4570.0	0.07376318
4572.0	0.07151496
4574.0	0.07089854
4576.0	0.07547439
4578.0	0.07787544
4580.0	0.07708409
4582.0	0.07450762
4584.0	0.06738369
4586.0	0.067388
4588.0	0.07555909
4590.0	0.07740799
4592.0	0.07412972
4594.0	0.07557776
4596.0	0.08432656
4598.0	0.08417224
4600.0	0.07441913
4602.0	0.07622489
4604.0	0.08255067
4606.0	0.08526571
4608.0	0.08504689
4610.0	0.08378992
4612.0	0.08792815
4614.0	0.08752354
4616.0	0.0832082
4618.0	0.08534984
4620.0	0.08881529
4622.0	0.0884303
4624.0	0.09789942
4626.0	0.09941879
4628.0	0.09415299
4630.0	0.09560477
4632.0	0.09727868
4634.0	0.09836855
4636.0	0.09796586
4638.0	0.09143522
4640.0	0.09095374
4642.0	0.09536778
4644.0	0.09732316
4646.0	0.09759733
4648.0	0.09696724
4650.0	0.09710637
4652.0	0.09598967
4654.0	0.09473894
4656.0	0.09901235
4658.0	0.09769157
4660.0	0.09641607
4662.0	0.09647978
4664.0	0.09739699
4666.0	0.09708378
4668.0	0.09755207
4670.0	0.1002654
4672.0	0.09936609
4674.0	0.09930038
4676.0	0.1006127
4678.0	0.1026396
4680.0	0.1012951
4682.0	0.09700467
4684.0	0.1000144
4686.0	0.1032551
4688.0	0.103602
4690.0	0.10684
4692.0	0.1036362
4694.0	0.1002717
4696.0	0.09849393
4698.0	0.09604952
4700.0	0.09946224
4702.0	0.1000181
4704.0	0.09632721
4706.0	0.09347644
4708.0	0.09493884
4710.0	0.09053946
4712.0	0.0906282
4714.0	0.09583444
4716.0	0.09893287
4718.0	0.09435055
4720.0	0.08839433
4722.0	0.08598248
4724.0	0.08763339
4726.0	0.09179331
4728.0	0.08887763
4730.0	0.08923788
4732.0	0.0884559
4734.0	0.0848802
4736.0	0.09128463
4738.0	0.09458526
4740.0	0.09122075
4742.0	0.08903428
4744.0	0.09103612
4746.0	0.09682251
4748.0	0.09981147
4750.0	0.1004708
4752.0	0.1001284
4754.0	0.09980316
4756.0	0.10078
4758.0	0.1041091
4760.0	0.1047683
4762.0	0.107217
4764.0	0.1088447
4766.0	0.1038703
4768.0	0.1049834
4770.0	0.1123627
4772.0	0.1113262
4774.0	0.1061482
4776.0	0.1084073
4778.0	0.1071695
4780.0	0.1031408
4782.0	0.1052228
4784.0	0.1135159
4786.0	0.1154003
4788.0	0.113371
4790.0	0.1158052
4792.0	0.1125438
4794.0	0.1162535
4796.0	0.1158986
4798.0	0.1110085
4800.0	0.1098192
4802.0	0.1087353
4804.0	0.1120699
4806.0	0.116459
4808.0	0.113601
4810.0	0.1136291
4812.0	0.1179342
4814.0	0.1201167
4816.0	0.1182719
4818.0	0.1159565
4820.0	0.1195245
4822.0	0.1211913
4824.0	0.1163764
4826.0	0.1159159
4828.0	0.120348
4830.0	0.1160266
4832.0	0.1118359
4834.0	0.1127717
4836.0	0.1167568
4838.0	0.1144562
4840.0	0.1091239
4842.0	0.111829
4844.0	0.112076
4846.0	0.1104854
4848.0	0.1130671
4850.0	0.1161475
4852.0	0.1170948
4854.0	0.1111708
4856.0	0.1091225
4858.0	0.1109392
4860.0	0.1101334
4862.0	0.1095219
4864.0	0.1158855
4866.0	0.1119171
4868.0	0.1100183
4870.0	0.1140588
4872.0	0.1160406
4874.0	0.1148385
4876.0	0.1114109
4878.0	0.1138291
4880.0	0.110999
4882.0	0.1113999
4884.0	0.1166225
4886.0	0.1185138
4888.0	0.1149781
4890.0	0.1144599
4892.0	0.1144633
4894.0	0.1171114
4896.0	0.1167011
4898.0	0.1205519
4900.0	0.1211291
4902.0	0.1156384
4904.0	0.1188261
4906.0	0.117534
4908.0	0.1139223
4910.0	0.1150826
4912.0	0.1178599
4914.0	0.1138902
4916.0	0.114759
4918.0	0.1120564
4920.0	0.1129335
4922.0	0.1135528
4924.0	0.1121914
4926.0	0.1081897
4928.0	0.1078042
4930.0	0.114889
4932.0	0.1124059
4934.0	0.1037083
4936.0	0.1007172
4938.0	0.105964
4940.0	0.1032545
4942.0	0.1018502
4944.0	0.09993143
4946.0	0.09710785
4948.0	0.09723024
4950.0	0.1002232
4952.0	0.09646075
4954.0	0.09166432
4956.0	0.09466184
4958.0	0.09674349
4960.0	0.09109973
4962.0	0.09034515
4964.0	0.08784791
4966.0	0.08885076
4968.0	0.09084757
4970.0	0.09130517
4972.0	0.09405511
4974.0	0.09435271
4976.0	0.09322879
4978.0	0.08793725
4980.0	0.08749186
4982.0	0.09183957
4984.0	0.09331869
4986.0	0.09333985
4988.0	0.09421305
4990.0	0.09267587
4992.0	0.08743884
4994.0	0.09091971
4996.0	0.09622952
4998.0	0.0897088
5000.0	0.08562405
5002.0	0.08705135
5004.0	0.09055769
5006.0	0.09525438
5008.0	0.09031168
5010.0	0.09332296
5012.0	0.0940901
5014.0	0.09133899
5016.0	0.09044537
5018.0	0.08586282
5020.0	0.09083147
5022.0	0.09302019
5024.0	0.08531813
5026.0	0.08323096
5028.0	0.08716843
5030.0	0.08581134
5032.0	0.08454051
5034.0	0.08427065
5036.0	0.08073799
5038.0	0.08627033
5040.0	0.08676
5042.0	0.07851645
5044.0	0.08029531
5046.0	0.08261241
5048.0	0.0794908
5050.0	0.07500537
5052.0	0.07682823
5054.0	0.0789495
5056.0	0.07421836
5058.0	0.07034441
5060.0	0.07485422
5062.0	0.07696889
5064.0	0.07351557
5066.0	0.07331803
5068.0	0.07565554
5070.0	0.07489718
5072.0	0.0723469
5074.0	0.0709898
5076.0	0.07396384
5078.0	0.07763001
5080.0	0.07492247
5082.0	0.07218473
5084.0	0.07514207
5086.0	0.07569236
5088.0	0.07311203
5090.0	0.07943363
5092.0	0.07994235
5094.0	0.07965933
5096.0	0.08487298
5098.0	0.08391283
5100.0	0.08285823
5102.0	0.07877599
5104.0	0.07882268
5106.0	0.08317919
5108.0	0.08140192
5110.0	0.07938756
5112.0	0.07938874
5114.0	0.07805692
5116.0	0.0768121
5118.0	0.07625773
5120.0	0.07774245
5122.0	0.07634249
5124.0	0.06776451
5126.0	0.0666361
5128.0	0.07262543
5130.0	0.07283644
5132.0	0.07096777
5134.0	0.06949079
5136.0	0.06744041
5138.0	0.06531837
5140.0	0.06524343
5142.0	0.06451809
5144.0	0.06461369
5146.0	0.06645683
5148.0	0.06628244
5150.0	0.06339805
5152.0	0.06220635
5154.0	0.06275072
5156.0	0.06039899
5158.0	0.0593835
5160.0	0.05801207
5162.0	0.06061631
5164.0	0.06024193
5166.0	0.06272844
5168.0	0.06377089
5170.0	0.05763487
5172.0	0.05805586
5174.0	0.05763533
5176.0	0.05524451
5178.0	0.05264729
5180.0	0.05286353
5182.0	0.05332427
5184.0	0.05381717
5186.0	0.05661562
5188.0	0.05648855
5190.0	0.05631659
5192.0	0.05570845
5194.0	0.05540217
5196.0	0.05817798
5198.0	0.05849845
5200.0	0.06052968
5202.0	0.06420743
5204.0	0.05998413
5206.0	0.05788511
5208.0	0.06160295
5210.0	0.0651095
5212.0	0.06278266
5214.0	0.06299806
5216.0	0.06262805
5218.0	0.06508566
5220.0	0.06249314
5222.0	0.05937708
5224.0	0.06307776
5226.0	0.0677184
5228.0	0.06914266
5230.0	0.06413601
5232.0	0.0666775
5234.0	0.06772852
5236.0	0.06231124
5238.0	0.06259707
5240.0	0.06592517
5242.0	0.0677416
5244.0	0.0669988
5246.0	0.06724291
5248.0	0.06576733
5250.0	0.06302495
5252.0	0.06531025
5254.0	0.06788272
5256.0	0.06730475
5258.0	0.06438439
5260.0	0.06207421
5262.0	0.06272327
5264.0	0.06515614
5266.0	0.06834251
5268.0	0.06436147
5270.0	0.06061263
5272.0	0.06269613
5274.0	0.06561799
5276.0	0.06357971
5278.0	0.05940124
5280.0	0.05962761
5282.0	0.06071059
5284.0	0.060887
5286.0	0.06046002
5288.0	0.0610665
5290.0	0.05997564
5292.0	0.06017394
5294.0	0.05938335
5296.0	0.05905217
5298.0	0.05754343
5300.0	0.05750848
5302.0	0.058152
5304.0	0.05949619
5306.0	0.05816259
5308.0	0.05768424
5310.0	0.05882941
5312.0	0.05980785
5314.0	0.05913327
5316.0	0.05937348
5318.0	0.06079373
5320.0	0.05803697
5322.0	0.05383598
5324.0	0.05588851
5326.0	0.05865533
5328.0	0.06046791
5330.0	0.06215866
5332.0	0.06300011
5334.0	0.06299514
5336.0	0.06637607
5338.0	0.06235981
5340.0	0.05798004
5342.0	0.06127415
5344.0	0.06332669
5346.0	0.06393532
5348.0	0.06414986
5350.0	0.06505569
5352.0	0.06326791
5354.0	0.06368063
5356.0	0.06812003
5358.0	0.06930109
5360.0	0.06844196
5362.0	0.06633062
5364.0	0.06372163
5366.0	0.06353799
5368.0	0.06461637
5370.0	0.06977545
5372.0	0.06828664
5374.0	0.06653802
5376.0	0.07053161
5378.0	0.07285487
5380.0	0.07195657
5382.0	0.07125212
5384.0	0.07051551
5386.0	0.06675742
5388.0	0.06716148
5390.0	0.06784934
5392.0	0.07155804
5394.0	0.07385207
5396.0	0.07113073
5398.0	0.0736551
5400.0	0.07789992
5402.0	0.0738003
5404.0	0.07282683
5406.0	0.07853943
5408.0	0.07973054
5410.0	0.08026835
5412.0	0.07825005
5414.0	0.07473888
5416.0	0.07607473
5418.0	0.07656758
5420.0	0.07641606
5422.0	0.08017795
5424.0	0.08107539
5426.0	0.07643303
5428.0	0.07707508
5430.0	0.08015245
5432.0	0.07724928
5434.0	0.07559635
5436.0	0.08037456
5438.0	0.08170979
5440.0	0.08386401
5442.0	0.08372074
5444.0	0.07999017
5446.0	0.08105396
5448.0	0.08039428
5450.0	0.07913519
5452.0	0.0791843
5454.0	0.08127738
5456.0	0.0853047
5458.0	0.08326465
5460.0	0.08197057
5462.0	0.08597164
5464.0	0.08403648
5466.0	0.08257809
5468.0	0.08474316
5470.0	0.08062455
5472.0	0.07719936
5474.0	0.08052884
5476.0	0.08339055
5478.0	0.08307859
5480.0	0.07946462
5482.0	0.07706279
5484.0	0.08060318
5486.0	0.08020515
5488.0	0.07770389
5490.0	0.08237661
5492.0	0.0804725
5494.0	0.07669882
5496.0	0.07787641
5498.0	0.08059908
5500.0	0.0827235
5502.0	0.07970743
5504.0	0.07961362
5506.0	0.07914961
5508.0	0.0798099
5510.0	0.08225371
5512.0	0.07925327
5514.0	0.07918239
5516.0	0.08172236
5518.0	0.08262082
5520.0	0.08085978
5522.0	0.07965849
5524.0	0.08254228
5526.0	0.08110163
5528.0	0.07839727
5530.0	0.07947186
5532.0	0.08318377
5534.0	0.08569106
5536.0	0.08560804
5538.0	0.08285022
5540.0	0.08233178
5542.0	0.08239385
5544.0	0.08101197
5546.0	0.08097134
5548.0	0.08034822
5550.0	0.07928907
5552.0	0.07840291
5554.0	0.07965833
5556.0	0.0767753
5558.0	0.078949
5560.0	0.07879801
5562.0	0.07722534
5564.0	0.07612716
5566.0	0.0756973
5568.0	0.07391819
5570.0	0.07337503
5572.0	0.07524642
5574.0	0.06547258
5576.0	0.070283
5578.0	0.08392031
5580.0	0.078678
5582.0	0.07191789
5584.0	0.071695
5586.0	0.06340311
5588.0	0.06005447
5590.0	0.05935134
5592.0	0.056189
5594.0	0.05697474
5596.0	0.05860214
5598.0	0.05848574
5600.0	0.05692337
5602.0	0.05804478
5604.0	0.05818536
5606.0	0.05541775
5608.0	0.05447263
5610.0	0.05479995
5612.0	0.05091233
5614.0	0.04991306
5616.0	0.05402622
5618.0	0.05296623
5620.0	0.04930688
5622.0	0.04869613
5624.0	0.05277352
5626.0	0.05433949
5628.0	0.05222454
5630.0	0.05122572
5632.0	0.05222635
5634.0	0.04982221
5636.0	0.04913808
5638.0	0.05146728
5640.0	0.05256921
5642.0	0.05216864
5644.0	0.05069423
5646.0	0.05254998
5648.0	0.05502418
5650.0	0.0506685
5652.0	0.05097089
5654.0	0.05368067
5656.0	0.05319673
5658.0	0.05203902
5660.0	0.05218495
5662.0	0.05332071
5664.0	0.05434491
5666.0	0.05206073
5668.0	0.05004116
5670.0	0.05443354
5672.0	0.05395734
5674.0	0.05225055
5676.0	0.05570149
5678.0	0.05077606
5680.0	0.05301046
5682.0	0.05180911
5684.0	0.05231167
5686.0	0.05409944
5688.0	0.05642682
5690.0	0.05673372
5692.0	0.05945937
5694.0	0.05779285
5696.0	0.05633797
5698.0	0.05804603
5700.0	0.06247347
5702.0	0.05673954
5704.0	0.05483292
5706.0	0.06109301
5708.0	0.06117226
5710.0	0.06048652
5712.0	0.06054056
5714.0	0.05998902
5716.0	0.05589928
5718.0	0.056003
5720.0	0.06038648
5722.0	0.05991219
5724.0	0.06046607
5726.0	0.06246341
5728.0	0.05862745
5730.0	0.05926851
5732.0	0.06278322
5734.0	0.06138561
5736.0	0.05838426
5738.0	0.06158919
5740.0	0.06056651
5742.0	0.05862296
5744.0	0.05812855
5746.0	0.05930324
5748.0	0.06093117
5750.0	0.05682519
5752.0	0.05934411
5754.0	0.05780979
5756.0	0.05546251
5758.0	0.05316772
5760.0	0.05579234
5762.0	0.05674334
5764.0	0.05863438
5766.0	0.05920119
5768.0	0.05645887
5770.0	0.05558322
5772.0	0.05419131
5774.0	0.05305648
5776.0	0.05668249
5778.0	0.05484463
5780.0	0.05263558
5782.0	0.05447694
5784.0	0.05424793
5786.0	0.05292195
5788.0	0.05369513
5790.0	0.04749136
5792.0	0.05251586
5794.0	0.05294155
5796.0	0.04874663
5798.0	0.05036693
5800.0	0.04922112
5802.0	0.04688989
5804.0	0.04497503
5806.0	0.04638776
5808.0	0.04853419
5810.0	0.04588237
5812.0	0.04724192
5814.0	0.04643473
5816.0	0.04664392
5818.0	0.04673699
5820.0	0.0463197
5822.0	0.0475509
5824.0	0.04678622
5826.0	0.04812941
5828.0	0.04709902
5830.0	0.0433803
5832.0	0.04408603
5834.0	0.04777095
5836.0	0.05096731
5838.0	0.05074281
5840.0	0.05287335
5842.0	0.05347496
5844.0	0.05211897
5846.0	0.05263707
5848.0	0.05144765
5850.0	0.05096063
5852.0	0.05434567
5854.0	0.05429121
5856.0	0.05296542
5858.0	0.05536842
5860.0	0.0531544
5862.0	0.05514042
5864.0	0.05965075
5866.0	0.0564444
5868.0	0.05329015
5870.0	0.05524376
5872.0	0.06066988
5874.0	0.0588508
5876.0	0.05906795
5878.0	0.05948272
5880.0	0.05859706
5882.0	0.05915574
5884.0	0.06162772
5886.0	0.06234942
5888.0	0.05959309
5890.0	0.06067881
5892.0	0.06413387
5894.0	0.06523176
5896.0	0.06245742
5898.0	0.06141184
5900.0	0.06381673
5902.0	0.06636353
5904.0	0.0660546
5906.0	0.06815848
5908.0	0.07236478
5910.0	0.07305814
5912.0	0.06531093
5914.0	0.06255266
5916.0	0.06836046
5918.0	0.06627288
5920.0	0.06603613
5922.0	0.07057421
5924.0	0.06719154
5926.0	0.06218965
5928.0	0.06147106
5930.0	0.06387147
5932.0	0.06248895
5934.0	0.0618177
5936.0	0.06697369
5938.0	0.06967128
5940.0	0.06628967
5942.0	0.06371684
5944.0	0.06599987
5946.0	0.0649368
5948.0	0.06531641
5950.0	0.06647342
5952.0	0.06482648
5954.0	0.0671123
5956.0	0.06716321
5958.0	0.06302617
5960.0	0.0655992
5962.0	0.06707718
5964.0	0.06528676
5966.0	0.06401239
5968.0	0.06378183
5970.0	0.06625747
5972.0	0.0662923
5974.0	0.06566824
5976.0	0.06548488
5978.0	0.06901091
5980.0	0.07276837
5982.0	0.06794383
5984.0	0.06436321
5986.0	0.06706818
5988.0	0.06915487
5990.0	0.0658545
5992.0	0.06474362
5994.0	0.06784063
5996.0	0.07026221
5998.0	0.06864917
6000.0	0.0685498
6002.0	0.06590556
6004.0	0.06694885
6006.0	0.06989204
6008.0	0.06906095
6010.0	0.06716963
6012.0	0.06560144
6014.0	0.06475282
6016.0	0.06554021
6018.0	0.06747077
6020.0	0.06578434
6022.0	0.06379743
6024.0	0.0662085
6026.0	0.06659219
6028.0	0.06691314
6030.0	0.06658074
6032.0	0.06624688
6034.0	0.06409948
6036.0	0.06504499
6038.0	0.06571817
6040.0	0.06597862
6042.0	0.06807198
6044.0	0.07058504
6046.0	0.06777428
6048.0	0.07008445
6050.0	0.06696203
6052.0	0.06739496
6054.0	0.06976673
6056.0	0.07011343
6058.0	0.06923261
6060.0	0.06719971
6062.0	0.06562668
6064.0	0.06598181
6066.0	0.06653361
6068.0	0.06612535
6070.0	0.06450744
6072.0	0.06488556
6074.0	0.06681678
6076.0	0.06723487
6078.0	0.0666107
6080.0	0.06329127
6082.0	0.06447808
6084.0	0.06505268
6086.0	0.06399848
6088.0	0.06319956
6090.0	0.06412754
6092.0	0.06063696
6094.0	0.06216347
6096.0	0.06322826
6098.0	0.05802895
6100.0	0.06018261
6102.0	0.06042279
6104.0	0.0583666
6106.0	0.06044573
6108.0	0.05927001
6110.0	0.05757172
6112.0	0.0572382
6114.0	0.05745272
6116.0	0.05812913
6118.0	0.05484378
6120.0	0.05509983
6122.0	0.05712286
6124.0	0.05738905
6126.0	0.0592989
6128.0	0.05973295
6130.0	0.05825986
6132.0	0.05668479
6134.0	0.05531933
6136.0	0.05548158
6138.0	0.05448919
6140.0	0.05272891
6142.0	0.05480948
6144.0	0.05444745
6146.0	0.05287359
6148.0	0.05332376
6150.0	0.05652753
6152.0	0.0583331
6154.0	0.06031868
6156.0	0.05845763
6158.0	0.05630784
6160.0	0.05607909
6162.0	0.05471186
6164.0	0.05554462
6166.0	0.05651163
6168.0	0.05791214
6170.0	0.05652475
6172.0	0.05808077
6174.0	0.05927403
6176.0	0.05741052
6178.0	0.05479515
6180.0	0.05350811
6182.0	0.05792526
6184.0	0.06010346
6186.0	0.0568473
6188.0	0.05434417
6190.0	0.05628906
6192.0	0.05622041
6194.0	0.0538508
6196.0	0.05572953
6198.0	0.05865017
6200.0	0.05857552
6202.0	0.05664755
6204.0	0.05569264
6206.0	0.05849573
6208.0	0.06092469
6210.0	0.05967195
6212.0	0.06163092
6214.0	0.06328674
6216.0	0.06129923
6218.0	0.06104355
6220.0	0.06148961
6222.0	0.06070502
6224.0	0.060957
6226.0	0.05759067
6228.0	0.05566699
6230.0	0.06111329
6232.0	0.06235006
6234.0	0.05965932
6236.0	0.06098647
6238.0	0.06201876
6240.0	0.05928642
6242.0	0.05758999
6244.0	0.05795597
6246.0	0.06020018
6248.0	0.0604318
6250.0	0.05864504
6252.0	0.0591259
6254.0	0.06132332
6256.0	0.05994628
6258.0	0.05911539
6260.0	0.06183811
6262.0	0.05785816
6264.0	0.05547806
6266.0	0.05643875
6268.0	0.05612919
6270.0	0.05556548
6272.0	0.05734506
6274.0	0.05924066
6276.0	0.06030251
6278.0	0.06237435
6280.0	0.06364563
6282.0	0.06116032
6284.0	0.06095716
6286.0	0.06039276
6288.0	0.0576596
6290.0	0.05642766
6292.0	0.05758321
6294.0	0.05576635
6296.0	0.05697243
6298.0	0.06259719
6300.0	0.06209192
6302.0	0.05904089
6304.0	0.05701783
6306.0	0.05664564
6308.0	0.05866303
6310.0	0.06094127
6312.0	0.05834223
6314.0	0.05807764
6316.0	0.06157866
6318.0	0.06275491
6320.0	0.06257579
6322.0	0.06141875
6324.0	0.0590842
6326.0	0.05705445
6328.0	0.05830847
6330.0	0.06029417
6332.0	0.05972914
6334.0	0.0586841
6336.0	0.05719295
6338.0	0.06074556
6340.0	0.06319673
6342.0	0.0585419
6344.0	0.057674
6346.0	0.05926411
6348.0	0.05996977
6350.0	0.05881441
6352.0	0.05880218
6354.0	0.06028263
6356.0	0.06382593
6358.0	0.05990326
6360.0	0.05973388
6362.0	0.05687118
6364.0	0.05249834
6366.0	0.05807953
6368.0	0.05963875
6370.0	0.05699585
6372.0	0.05733131
6374.0	0.05798034
6376.0	0.05968201
6378.0	0.06105997
6380.0	0.06059493
6382.0	0.05818598
6384.0	0.05763577
6386.0	0.05787299
6388.0	0.05551633
6390.0	0.05368118
6392.0	0.05687113
6394.0	0.05709194
6396.0	0.05513938
6398.0	0.05623519
6400.0	0.05426262
6402.0	0.05340865
6404.0	0.05212951
6406.0	0.05412615
6408.0	0.05411575
6410.0	0.0518881
6412.0	0.05231083
6414.0	0.04912216
6416.0	0.05022138
6418.0	0.05197668
6420.0	0.04818298
6422.0	0.04798676
6424.0	0.04801499
6426.0	0.04931549
6428.0	0.04725679
6430.0	0.04370108
6432.0	0.04847525
6434.0	0.04883136
6436.0	0.04482295
6438.0	0.04252716
6440.0	0.04282421
6442.0	0.04279978
6444.0	0.04485993
6446.0	0.03853241
6448.0	0.03890459
6450.0	0.04080448
6452.0	0.04079866
6454.0	0.03601547
6456.0	0.03702332
6458.0	0.03810646
6460.0	0.03522345
6462.0	0.03439951
6464.0	0.03017908
6466.0	0.03527006
6468.0	0.03156489
6470.0	0.03009414
6472.0	0.03249728
6474.0	0.03001586
6476.0	0.02573787
6478.0	0.0271078
6480.0	0.02729739
6482.0	0.02492554
6484.0	0.02881355
6486.0	0.02772713
6488.0	0.02559004
6490.0	0.02583103
6492.0	0.02424606
6494.0	0.02391246
6496.0	0.0201339
6498.0	0.01726739
6500.0	0.01927269
6502.0	0.02271153
6504.0	0.02427393
6506.0	0.02315211
6508.0	0.0176686
6510.0	0.02284733
6512.0	0.02283976
6514.0	0.02129305
6516.0	0.01642205
6518.0	0.017239
6520.0	0.01885775
6522.0	0.01994783
6524.0	0.01896611
6526.0	0.01922964
6528.0	0.01805363
6530.0	0.01910459
6532.0	0.01996646
6534.0	0.01882839
6536.0	0.01819052
6538.0	0.02076601
6540.0	0.02220864
6542.0	0.02043252
6544.0	0.01960212
6546.0	0.01959468
6548.0	0.01767948
6550.0	0.01806252
6552.0	0.01783618
6554.0	0.01889213
6556.0	0.02134986
6558.0	0.0230003
6560.0	0.02163145
6562.0	0.0189702
6564.0	0.02205754
6566.0	0.0253856
6568.0	0.02458474
6570.0	0.02442638
6572.0	0.02573468
6574.0	0.02759209
6576.0	0.02557759
6578.0	0.02465455
6580.0	0.0260955
6582.0	0.03069386
6584.0	0.02963862
6586.0	0.0271336
6588.0	0.02757201
6590.0	0.02865416
6592.0	0.03216001
6594.0	0.03270856
6596.0	0.02794633
6598.0	0.03054367
6600.0	0.03358961
6602.0	0.03390665
6604.0	0.03764861
6606.0	0.0350573
6608.0	0.03522248
6610.0	0.03430751
6612.0	0.0335233
6614.0	0.03347953
6616.0	0.03428054
6618.0	0.03704941
6620.0	0.03882179
6622.0	0.03978842
6624.0	0.03722611
6626.0	0.03684954
6628.0	0.03901341
6630.0	0.0413141
6632.0	0.03843812
6634.0	0.03902069
6636.0	0.04049958
6638.0	0.04144076
6640.0	0.04376052
6642.0	0.04498653
6644.0	0.04550082
6646.0	0.04129261
6648.0	0.04367592
6650.0	0.04475146
6652.0	0.04663781
6654.0	0.04720582
6656.0	0.04480406
6658.0	0.0443187
6660.0	0.04332215
6662.0	0.04569415
6664.0	0.04586534
6666.0	0.04917153
6668.0	0.04881343
6670.0	0.04763612
6672.0	0.05056276
6674.0	0.04807756
6676.0	0.04858212
6678.0	0.04939308
6680.0	0.04883762
6682.0	0.04978038
6684.0	0.0500613
6686.0	0.05059144
6688.0	0.04987858
6690.0	0.05076877
6692.0	0.05032855
6694.0	0.05040673
6696.0	0.04947692
6698.0	0.05048813
6700.0	0.04745146
6702.0	0.05073716
6704.0	0.05136351
6706.0	0.05075572
6708.0	0.0520627
6710.0	0.05174305
6712.0	0.05272992
6714.0	0.05537447
6716.0	0.05499201
6718.0	0.05396822
6720.0	0.0522036
6722.0	0.05150454
6724.0	0.05314679
6726.0	0.05142041
6728.0	0.0505384
6730.0	0.05225035
6732.0	0.05397863
6734.0	0.05468867
6736.0	0.05357002
6738.0	0.05381958
6740.0	0.05354451
6742.0	0.05282237
6744.0	0.05324252
6746.0	0.05297868
6748.0	0.04990214
6750.0	0.0504049
6752.0	0.05197225
6754.0	0.05088986
6756.0	0.0489846
6758.0	0.04792009
6760.0	0.05016892
6762.0	0.05310793
6764.0	0.05155094
6766.0	0.04995056
6768.0	0.05054586
6770.0	0.05121522
6772.0	0.05173746
6774.0	0.05193593
6776.0	0.05307163
6778.0	0.05141452
6780.0	0.04784814
6782.0	0.04827987
6784.0	0.04877655
6786.0	0.05025295
6788.0	0.05235752
6790.0	0.05102593
6792.0	0.04906873
6794.0	0.04885171
6796.0	0.04989085
6798.0	0.05020723
6800.0	0.04810901
6802.0	0.04893638
6804.0	0.04915918
6806.0	0.04783711
6808.0	0.04829797
6810.0	0.05120016
6812.0	0.04954411
6814.0	0.04741479
6816.0	0.04642516
6818.0	0.04763006
6820.0	0.05031528
6822.0	0.04827282
6824.0	0.04736169
6826.0	0.0500977
6828.0	0.04866255
6830.0	0.04764083
6832.0	0.0470195
6834.0	0.04632976
6836.0	0.04488256
6838.0	0.04467431
6840.0	0.04584455
6842.0	0.04628252
6844.0	0.04523822
6846.0	0.04395206
6848.0	0.04681507
6850.0	0.04733677
6852.0	0.04753337
6854.0	0.04831908
6856.0	0.04674506
6858.0	0.04653285
6860.0	0.04530607
6862.0	0.044436
6864.0	0.0468166
6866.0	0.04463018
6868.0	0.04266371
6870.0	0.04399283
6872.0	0.04347973
6874.0	0.04203538
6876.0	0.0433174
6878.0	0.0440278
6880.0	0.04296581
6882.0	0.04486461
6884.0	0.04406874
6886.0	0.04343352
6888.0	0.04455399
6890.0	0.04665119
6892.0	0.04772495
6894.0	0.04601708
6896.0	0.04236347
6898.0	0.04145706
6900.0	0.04229317
6902.0	0.04053906
6904.0	0.04058541
6906.0	0.04387191
6908.0	0.04501223
6910.0	0.04610712
6912.0	0.04727553
6914.0	0.04224578
6916.0	0.03892057
6918.0	0.04234245
6920.0	0.0437332
6922.0	0.04069189
6924.0	0.04074178
6926.0	0.04181402
6928.0	0.03966889
6930.0	0.03660708
6932.0	0.0372015
6934.0	0.03928728
6936.0	0.03915146
6938.0	0.03834997
6940.0	0.03912415
6942.0	0.03942608
6944.0	0.04288635
6946.0	0.04219415
6948.0	0.03746723
6950.0	0.03749893
6952.0	0.04045717
6954.0	0.04090315
6956.0	0.03815857
6958.0	0.03772294
6960.0	0.03757693
6962.0	0.03574536
6964.0	0.03710753
6966.0	0.03866146
6968.0	0.03938494
6970.0	0.03766916
6972.0	0.03565457
6974.0	0.03727604
6976.0	0.03654164
6978.0	0.0354413
6980.0	0.03475583
6982.0	0.03470767
6984.0	0.04096479
6986.0	0.03816415
6988.0	0.03564345
6990.0	0.03602048
6992.0	0.03405465
6994.0	0.0383946
6996.0	0.03881811
6998.0	0.03778492
7000.0	0.03558994
7002.0	0.03196451
7004.0	0.0378036
7006.0	0.03821592
7008.0	0.03588567
7010.0	0.03392758
7012.0	0.03101851
7014.0	0.03171439
7016.0	0.0370101
7018.0	0.04026073
7020.0	0.03927639
7022.0	0.03858943
7024.0	0.03429208
7026.0	0.03329909
7028.0	0.03357177
7030.0	0.03546632
7032.0	0.03593286
7034.0	0.0362669
7036.0	0.03583315
7038.0	0.03491223
7040.0	0.03393741
7042.0	0.03571589
7044.0	0.03703314
7046.0	0.03847837
7048.0	0.0356148
7050.0	0.03114329
7052.0	0.03075183
7054.0	0.03322008
7056.0	0.03502801
7058.0	0.03332245
7060.0	0.03236313
7062.0	0.03094823
7064.0	0.03172194
7066.0	0.03223191
7068.0	0.03156131
7070.0	0.0311173
7072.0	0.03009243
7074.0	0.03203841
7076.0	0.02963895
7078.0	0.03057471
7080.0	0.03207519
7082.0	0.03210024
7084.0	0.03195861
7086.0	0.03187428
7088.0	0.03053742
7090.0	0.03389675
7092.0	0.03263576
7094.0	0.03239078
7096.0	0.03396571
7098.0	0.03525839
7100.0	0.03255255
