#name,redshift,mass,mass_err_hi,mass_err_lo,vsi,vsi_err
09a     0.055500000       10.025000     0.081000328      0.35400009       10800.072       25.625940
09dhx     0.087000000       8.1199999      0.26900005      0.12299967       11351.937       33.037045
09djc     0.033700000       10.771000    0.0080003738      0.17599964       13013.067       16.842505
09dlc     0.067200000       8.9230003      0.13799953      0.43300056       10615.070       9.1977682
09dnl     0.023700000       8.0559998     0.062000275     0.052999496       10955.820       4.3254085
09dnp     0.037000000       10.586000      0.14299965     0.032999992       12189.229       7.8626623
09dxo     0.051900000       10.364000      0.44899940      0.15700054       10924.191       10.470607
09fox     0.071800000       10.309000     0.032999992     0.034000397       11560.879       11.076919
09foz     0.054300000       10.540000     0.039000511      0.14700031       10190.617       8.2424717
09gce     0.057500000       10.423000      0.50399971      0.15200043       11789.879       15.940076
09gul     0.072500000       10.988000      0.14500046     0.010999680       11352.973       33.356850
09s     0.046000000       9.3079996      0.10400009      0.35499954       8926.2168       14.128188
10abjv     0.076000000       10.024000     0.038999557     0.079000473       10705.741       27.332642
10bjs     0.029600000       10.326000      0.18200016      0.31700039       14926.387       5.9140906
10cko     0.064700000       10.381000     0.042000771      0.12299919       11477.441       15.483765
10cwm     0.079300000       10.575000     0.072000504      0.19400024       10525.090       18.574776
10cxk     0.018280000       9.1470003     0.090000153     0.083000183       10938.575       13.651322
10duy     0.079000000       9.2419996     0.074000359     0.046999931       9602.6836       15.669482
10duz     0.064000000       10.206000      0.11100006     0.044000626       11502.867       33.977165
10fj     0.050000000       10.906000      0.13700008    0.0089998245       10757.745       19.210352
10fxl     0.029600000       10.740000     0.013000488      0.16499996       11227.284       12.003894
10fyl     0.054600000       10.312000    0.0039997101      0.18000031       10405.068       9.0557203
10fym     0.074000000       10.892000      0.13399982     0.022999763       10448.566       72.574532
10glo     0.075000000       9.2259998     0.083000183     0.029000282       11151.747       31.563877
10gmg     0.062800000       9.7489996     0.094000816     0.079999924       12279.956       30.259113
10gnj     0.078300000       10.273000     0.098000526      0.11999989       10889.906       19.858181
10goo     0.087000000       10.763000      0.10600090      0.20999908       10651.442       31.330421
10goq     0.088000000       10.557000     0.085999489      0.21500015       10910.928       59.730690
10got     0.083000000       10.588000      0.51399994     0.039999962       11583.716       98.333878
10gqi     0.045500000       9.8690004     0.096999168      0.22300053       11131.233       7.3294649
10hld     0.037800000       9.9639997     0.037000656     0.090000153       13477.310       24.294121
10hmv     0.032000000       8.3929996     0.082000732     0.019999504       10235.924       8.7353325
10icb    0.0085000000       9.6020002      0.13799953     0.031000137       10487.058       6.0171456
10jtp     0.067000000       11.249000    0.0069999695     0.068999290       10697.918       11.493464
10lot     0.022500000       9.9020004     0.078999519     0.061000824       12802.791       16.864286
10lya     0.063000000       10.414000     0.081000328     0.033999443       9459.2939       151.13596
10mtd     0.079000000       9.8750000      0.10099983     0.064999580       11248.089       15.659490
10mwb     0.031000000       9.2760000      0.20800018      0.28600025       9909.0615       4.0538487
10nlg     0.056200000       10.282000       0.0000000       0.0000000       12813.957       21.796623
10nvh     0.068000000       9.9499998     0.071000099      0.11699963       10843.281       8.2709961
10pvi     0.080200000       10.326000     0.078999519      0.17800045       11286.290       46.460136
10qhp     0.032000000       10.889000     0.024999619      0.16499996       11488.805       25.469851
10qjl     0.057600000       8.6709995     0.020000458      0.29899979       11109.491       5.0348310
10qjq     0.028400000       10.059000     0.086999893     0.043999672       10813.897       12.982249
10qkf     0.080400000       10.445000      0.11500072      0.16099930       10156.515       55.859711
10qkv     0.061100000       10.507000      0.12100029      0.12500000       10284.479       32.615601
10qky     0.074200000       10.559000     0.093999863      0.11600018       10448.688       13.623875
10qny     0.033300000       10.340000      0.48400021      0.15999985       11664.930       12.674681
10qsc     0.087900000       9.7620001      0.13700008      0.37800026       10441.649       31.117249
10qwg     0.067900000       10.089000      0.15100002      0.15699959       13006.157       16.513100
10rab     0.085000000       7.9200001       1.0430002      0.11399984       11296.050       70.246132
10rhi     0.084900000       10.014000     0.076999664      0.36400032       11257.593       35.482513
10tce     0.041000000       10.542000      0.16100025      0.15499973       12362.486       12.600208
10tqy     0.045000000       10.101000      0.16199970    0.0050001144       11568.549       11.503283
10trs     0.073000000       10.824000     0.061999321     0.070000648       11248.126       2.9495325
10twd     0.073400000       9.8839998     0.088999748     0.054999352       11646.240       23.678070
10ucl     0.080000000       10.683000      0.56100082     0.019999504       10541.494       15.713701
10ufj     0.073000000       10.789000      0.42800045     0.050999641       10134.419       10.029024
10vfo     0.088500000       10.751000     0.010999680     0.022000313       12488.262       63.250793
10viq     0.034200000       10.792000      0.20100021      0.41699982       12480.309       10.923614
10vnu     0.046100000       9.5400000      0.15600014      0.31999969       10106.752       13.893774
10wnm     0.066300000       10.548000     0.045000076      0.11600018       10910.986       11.722366
10wnq     0.069100000       11.341000      0.10700035      0.54299927       11681.446       56.415043
10wof     0.053000000       10.087000     0.045000076      0.14099979       12905.352       10.471834
10wor     0.056800000       10.979000    0.0069999695     0.067999840       11247.407       26.111794
10xir     0.052000000       11.025000      0.42800045      0.17799950       10692.568       19.076431
10xyl     0.056000000       10.344000     0.086999893      0.58100033       10775.607       12.083304
10xyt     0.049000000       9.6730003     0.038000107      0.14700031       12632.889       87.390594
10ygu     0.025900000       10.911000      0.49100018      0.16100025       15428.565       11.052743
10yux     0.057800000       10.764000    0.0060005188     0.065999985       11777.776       19.156664
10zai     0.035700000       10.822000      0.56300068     0.066999435       8715.9609       59.937973
10zak     0.040400000       10.757000      0.39999962      0.15699959       11915.645       10.420725
10zgy     0.044300000       11.238000       0.0000000       0.0000000       11056.415       40.173836
11apk     0.040500000       10.914000    0.0069999695      0.16399956       10310.855       10.162727
11blu     0.068000000       9.9630003     0.015999794     0.081000328       10495.716       35.835941
11bui     0.028500000       10.906000     0.015999794      0.16100025       14264.715       34.828323
11byi     0.039000000       10.527000     0.076999664      0.58100033       8625.2744       25.003962
11ctn     0.079000000       9.3120003      0.31299973      0.10000038       10156.442       11.335191
11deg     0.063000000       9.4519997     0.097000122     0.073999405       11724.979       31.194098
11dhq     0.088000000       9.7110004     0.039999962      0.10800076       9785.4443       51.863300
11dva     0.060500000       10.233000     0.072000504      0.14400005       10142.155       21.075954
11dxu     0.024500000       8.8170004     0.019000053      0.20000076       10827.020       19.644758
11dzm     0.041100000       10.090000    0.0069999695      0.16300011       11232.210       59.801483
11gdh     0.026200000       10.390000      0.18999958     0.098999977       9838.1270       13.239942
11hub     0.028700000       10.906000     0.015999794      0.16100025       11093.570       6.7361908
11khk     0.030600000       10.704000     0.057999611      0.12000084       9224.7578       11.521212
11kx     0.046700000       10.315000      0.16900063      0.15199947       11027.344       40.205837
11lmz     0.061500000       11.206000     0.073999405      0.20300007       13674.756       21.048141
11opu     0.064900000       9.7969999      0.12699986     0.093999863       9791.6143       47.954575
11qpc     0.088800000       10.312000      0.21700001      0.23900032       10632.232       23.984848
11v     0.037300000       11.124000      0.10400009     0.069999695       12583.598       17.046068
12awi     0.045500000       10.503000      0.13299942      0.10799980       9727.9883       48.077698
12cjg     0.067000000       9.9160004      0.10499954      0.13100052       11080.138       17.752375
12dco     0.074900000       11.022000      0.24800014      0.28200054       13116.518       8.2477350
12dhb     0.056500000       10.373000     0.029999733     0.072000504       10701.107       12.305928
12dhl     0.057000000       11.001000      0.11100006     0.012000084       10441.550       38.667713
12dwm     0.053200000       10.538000      0.15899944      0.19999981       9675.0791       10.626499
12dxm     0.063000000       11.033000    0.0050001144    0.0050001144       10505.085       9.0723152
12fsd     0.069000000       10.107000     0.097999573      0.11700058       10862.590       25.030556
12ggb     0.060000000       10.640000     0.099999428      0.16000080       9949.8916       40.603825
12giy     0.029000000       10.835000      0.17700005    0.0080003738       12093.394       177.02499
12gkn     0.077000000       10.751000      0.54699993     0.018000603       10453.191       10.011353
09bj      0.14400000       10.495000      0.32400036      0.12300014       9777.7510       50.990303
09dgr      0.14000000       9.2469997      0.44799995     0.083000183       11582.325       108.97710
09dqt      0.11300000       9.3570004     0.054999352     0.011000633       11146.103       22.926830
09e      0.14900000       9.3120003      0.15399933      0.93900013       10349.957       38.648846
09gn      0.13900000       9.5579996      0.12400055      0.21499920       10880.191       72.389305
09gvo      0.13900000       11.173000     0.098999977      0.25699997       11480.135       6.5516233
09h      0.12100000       10.859000     0.073999405      0.14000034       10979.062       31.399271
09ib      0.12200000       9.8540001      0.17700005      0.30300045       11216.824       15.328588
09isn      0.10100000       9.3149996      0.12800026     0.014999390       11463.062       37.483952
09v      0.11900000       8.5260000      0.15400028      0.17300034       11386.874       37.729683
10abws      0.12500000       9.7069998      0.24200058     0.031999588       11174.725       30.552502
10bhw      0.11000000       11.423000     0.048999786      0.23900032       11233.251       25.418394
10cmj      0.11160000       11.117000     0.064000130     0.056999207       10490.235       30.044651
10czc      0.10840000       11.204000      0.14999962     0.025000572       11396.906       20.995411
10egs      0.12760000       9.2259998      0.11400032     0.090000153       11316.804       73.155830
10feg      0.11500000       9.5959997      0.11700058     0.095999718       9589.0586       62.629711
10fej      0.11000000       10.886000      0.27000046     0.095999718       12703.841       82.953392
10fhb      0.10300000       10.022000      0.16599941      0.11900043       8452.8320       34.735043
10fxe     0.099000000       9.3909998      0.20600033      0.14900017       11152.061       155.66301
10fxp      0.10440000       11.668000     0.038999557      0.11700058       11490.216       17.336386
10fxq      0.10750000       10.971000     0.079000473      0.24899960       10914.589       34.341164
10fxu      0.11000000       9.2550001     0.062000275     0.062000275       9679.1367       15.315472
10gmh      0.10000000       10.598000      0.12300014     0.012999535       10678.424       35.920238
10gop     0.097000000       8.3070002      0.75300026       1.4400001       10080.687       33.036842
10gsp      0.10650000       11.024000     0.088999748     0.013999939       10360.282       54.452232
10hky      0.12300000       10.329000     0.062999725      0.12700081       10565.275       84.410950
10jqz      0.12000000       8.3109999     0.088999748      0.17700005       10179.533       87.525520
10ncy      0.13000000       10.003000      0.22599983     0.031000137       9697.8369       45.521210
10nda      0.10070000       11.374000     0.049000740      0.21599960       10985.816       26.583067
10ndn      0.10330000       10.826000      0.12300014      0.10700035       13122.643       53.718082
10nnh      0.15000000       10.856000      0.26099968     0.064999580       10670.653       106.38283
10nyt      0.10900000       10.994000     0.093999863     0.068000793       11012.289       90.276657
10oth      0.14550000       11.237000      0.17399979      0.10300064       11289.269       35.416195
10oum      0.11100000       11.621000      0.11499977     0.051000595       11764.097       11.446452
10pvh      0.10500000       9.8330002      0.17899990      0.24699974       10504.847       39.098995
10qoj      0.11000000       10.464000     0.083000183     0.031999588       10425.944       11.203703
10rlq      0.10000000       10.225000     0.064999580     0.075000763       10885.862       127.14871
10uch      0.13000000       10.384000      0.23000050       1.1350002       10238.072       42.494694
10uic      0.13000000       11.143000     0.082000732     0.085999489       9967.8867       285.37048
10urn      0.11000000       9.5430002      0.26200008      0.48700047       10972.951       76.721764
10wov     0.096000000       10.165000      0.27600002     0.076000214       10368.132       27.355921
10wri      0.12000000       11.777000      0.10099983      0.20400047       11595.350       20.108482
10xeb      0.12200000       7.3160000      0.66499996     0.091000080       9132.7383       62.669678
10xjy      0.11800000       9.2489996      0.39600086       1.0559998       10645.268       23.746485
10xtp      0.10160000       10.419000     0.098999977      0.13299942       10391.425       103.02494
10xtu      0.11000000       10.329000     0.051999092      0.17300034       12651.619       47.995514
10xua     0.093500000       11.712000     0.046999931     0.076999664       12348.074       29.470909
10ygr      0.11500000       9.6980000      0.19999981     0.022000313       10177.376       114.61895
10zbn      0.11400000       11.189000     0.093999863      0.15999985       9957.4893       249.64754
11ayu      0.10200000       10.724000      0.10900021     0.010999680       9293.5947       45.004280
11bjk      0.14000000       10.954000     0.063999176      0.20300007       10613.777       61.537544
11cyv      0.11500000       9.8509998      0.12500000     0.095000267       10398.778       46.878403
11ddx      0.13510000       10.731000      0.19299984     0.090999603       10579.745       64.928917
11dtm      0.11200000       10.713000      0.19699955      0.14800072       10588.683       52.655762
11dws      0.15000000       11.174000     0.095000267      0.30799961       12637.117       45.178459
11for      0.12800000       9.6379995     0.032999992     0.082999229       12106.668       83.626480
11gcc     0.090800000       10.029000      0.10799980       1.0310001       11304.124       44.133411
11gjb      0.12500000       10.926000     0.052000046      0.13099957       10601.733       42.226162
11gnj      0.13100000       10.387000      0.11400032     0.032000542       10341.369       61.567619
11kpb      0.14300000       11.675000     0.090999603     0.013999939       10339.230       19.834253
11kqm      0.12600000       10.428000      0.24099922     0.030000687       10878.588       21.092936
11lbc      0.15000000       7.9670000       1.3199997      0.84800005       11260.020       44.384209
11lms      0.11000000       11.146000     0.072000504     0.067999840       11309.098       23.535912
11lnb      0.14000000       9.8319998      0.32200050     0.038000107       9348.3047       1992.4021
11ogy     0.095500000       11.003000     0.098999977      0.11299992       11425.357       57.847031
11qvh      0.13300000       9.8000002      0.17099953     0.013000488       11042.362       12.076878
11rke     0.094300000       9.9680004     0.065999985      0.13600063       12348.405       35.776012
11rns      0.11000000       9.9549999      0.11600018      0.20600033       13055.385       61.355671
11rpc      0.14300000       11.315000      0.22500038      0.18299961       11907.113       49.411819
11yp      0.12100000       11.447000     0.068000793      0.31299973       8812.5547       41.642426
12abl      0.13000000       10.685000      0.15100002     0.034000397       9878.0010       42.578426
12cdb      0.12000000       10.877000      0.21199989     0.055999756       12068.934       20.031780
12czu      0.14500000       9.0050001     0.020999908      0.13800049       10709.335       151.61731
12dhv      0.14000000       10.442000      0.14400005      0.16000080       12260.354       80.874939
12egr      0.13200000       11.520000      0.12599945     0.013000488       10490.678       46.169369
12fhn      0.12500000       11.281000      0.14200020     0.010999680       10801.836       76.932892
12gmf      0.12530000       10.169000      0.25400066     0.033999443       10622.565       8.1390486
12gmq      0.10130000       10.576000      0.11699963      0.25899982       10470.474       21.389782
12gnw      0.10000000       8.8160000      0.18700027      0.23400021       10077.305       14.939466
