#name,redshift,mass,mass_err_hi,mass_err_lo,vsi,vsi_err
PTF09bai      0.18000000       10.518000      0.10400009      0.27899933       11385.122       18.395308
PTF09bj      0.14400000       10.495000      0.32400036      0.12300014       9777.7510       50.990303
PTF09djc     0.033700000       10.771000    0.0080003738      0.17599964       13013.067       16.842505
PTF09dlc     0.067200000       8.9230003      0.13799953      0.43300056       10615.070       9.1977682
PTF09dnl     0.023700000       8.0559998     0.062000275     0.052999496       10955.820       4.3254085
PTF09dnp     0.037000000       10.586000      0.14299965     0.032999992       12189.229       7.8626623
PTF09dqt      0.11300000       9.3570004     0.054999352     0.011000633       11146.103       22.926830
PTF09dxo     0.051900000       10.364000      0.44899940      0.15700054       10924.191       10.470607
PTF09e      0.14900000       9.3120003      0.15399933      0.93900013       10349.957       38.648846
PTF09fox     0.071800000       10.309000     0.032999992     0.034000397       11560.879       11.076919
PTF09foz     0.054300000       10.540000     0.039000511      0.14700031       10190.617       8.2424717
PTF09gn      0.13900000       9.5579996      0.12400055      0.21499920       10880.191       72.389305
PTF09gul     0.072500000       10.988000      0.14500046     0.010999680       11352.973       33.356850
PTF09h      0.12100000       10.859000     0.073999405      0.14000034       10979.062       31.399271
PTF09ib      0.12200000       9.8540001      0.17700005      0.30300045       11216.824       15.328588
PTF09isn      0.10100000       9.3149996      0.12800026     0.014999390       11463.062       37.483952
PTF09s     0.046000000       9.3079996      0.10400009      0.35499954       8926.2168       14.128188
PTF09v      0.11900000       8.5260000      0.15400028      0.17300034       11386.874       37.729683
PTF10aaea      0.16000000       10.923000      0.23199940      0.12500000       9775.3135       147.97377
PTF10abjv     0.076000000       10.024000     0.038999557     0.079000473       10705.741       27.332642
PTF10acqp      0.17000000       10.980000      0.16700077     0.084999084       12347.586       132.14473
PTF10bhw      0.11000000       11.423000     0.048999786      0.23900032       11233.251       25.418394
PTF10cmj      0.11160000       11.117000     0.064000130     0.056999207       10490.235       30.044651
PTF10cwm     0.079300000       10.575000     0.072000504      0.19400024       10525.090       18.574776
PTF10cxk     0.018280000       9.1470003     0.090000153     0.083000183       10938.575       13.651322
PTF10duy     0.079000000       9.2419996     0.074000359     0.046999931       9602.6836       15.669482
PTF10duz     0.064000000       10.206000      0.11100006     0.044000626       11502.867       33.977165
PTF10fej      0.11000000       10.886000      0.27000046     0.095999718       12703.841       82.953392
PTF10fj     0.050000000       10.906000      0.13700008    0.0089998245       10757.745       19.210352
PTF10fxe     0.099000000       9.3909998      0.20600033      0.14900017       11152.061       155.66301
PTF10fxl     0.029600000       10.740000     0.013000488      0.16499996       11227.284       12.003894
PTF10fxp      0.10440000       11.668000     0.038999557      0.11700058       11490.216       17.336386
PTF10fxq      0.10750000       10.971000     0.079000473      0.24899960       10914.589       34.341164
PTF10fyl     0.054600000       10.312000    0.0039997101      0.18000031       10405.068       9.0557203
PTF10glo     0.075000000       9.2259998     0.083000183     0.029000282       11151.747       31.563877
PTF10gnj     0.078300000       10.273000     0.098000526      0.11999989       10889.906       19.858181
PTF10goo     0.087000000       10.763000      0.10600090      0.20999908       10651.442       31.330421
PTF10gop     0.097000000       8.3070002      0.75300026       1.4400001       10080.687       33.036842
PTF10goq     0.088000000       10.557000     0.085999489      0.21500015       10910.928       59.730690
PTF10hdm      0.16500000       9.7430000      0.10599995     0.029999733       9839.1904       230.79990
PTF10hld     0.037800000       9.9639997     0.037000656     0.090000153       13477.310       24.294121
PTF10jab      0.18700000       11.346000      0.13199997     0.013999939       11126.394       16.042671
PTF10lot     0.022500000       9.9020004     0.078999519     0.061000824       12802.791       16.864286
PTF10mtd     0.079000000       9.8750000      0.10099983     0.064999580       11248.089       15.659490
PTF10mwb     0.031000000       9.2760000      0.20800018      0.28600025       9909.0615       4.0538487
PTF10ncy      0.13000000       10.003000      0.22599983     0.031000137       9697.8369       45.521210
PTF10ncz      0.17000000       9.3640003      0.26599979     0.025000572       10429.124       95.034744
PTF10nda      0.10070000       11.374000     0.049000740      0.21599960       10985.816       26.583067
PTF10nhu      0.15300000       10.212000      0.25199986      0.13099957       9163.5303       132.72803
PTF10nnh      0.15000000       10.856000      0.26099968     0.064999580       10670.653       106.38283
PTF10nvh     0.068000000       9.9499998     0.071000099      0.11699963       10843.281       8.2709961
PTF10oth      0.14550000       11.237000      0.17399979      0.10300064       11289.269       35.416195
PTF10pvh      0.10500000       9.8330002      0.17899990      0.24699974       10504.847       39.098995
PTF10pvi     0.080200000       10.326000     0.078999519      0.17800045       11286.290       46.460136
PTF10qhp     0.032000000       10.889000     0.024999619      0.16499996       11488.805       25.469851
PTF10qjl     0.057600000       8.6709995     0.020000458      0.29899979       11109.491       5.0348310
PTF10qjq     0.028400000       10.059000     0.086999893     0.043999672       10813.897       12.982249
PTF10qkf     0.080400000       10.445000      0.11500072      0.16099930       10156.515       55.859711
PTF10qky     0.074200000       10.559000     0.093999863      0.11600018       10448.688       13.623875
PTF10qny     0.033300000       10.340000      0.48400021      0.15999985       11664.930       12.674681
PTF10qsc     0.087900000       9.7620001      0.13700008      0.37800026       10441.649       31.117249
PTF10qwg     0.067900000       10.089000      0.15100002      0.15699959       13006.157       16.513100
PTF10qyq      0.16000000       9.4449997      0.21199989     0.049999237       10592.104       99.531868
PTF10rab     0.085000000       7.9200001       1.0430002      0.11399984       11296.050       70.246132
PTF10ran      0.16000000       11.185000     0.087999344      0.14700031       11127.501       57.284851
PTF10rhi     0.084900000       10.014000     0.076999664      0.36400032       11257.593       35.482513
PTF10tce     0.041000000       10.542000      0.16100025      0.15499973       12362.486       12.600208
PTF10tqy     0.045000000       10.101000      0.16199970    0.0050001144       11568.549       11.503283
PTF10trs     0.073000000       10.824000     0.061999321     0.070000648       11248.126       2.9495325
PTF10trw      0.17000000       9.3870001      0.25899982     0.024000168       10355.534       40.780022
PTF10twd     0.073400000       9.8839998     0.088999748     0.054999352       11646.240       23.678070
PTF10ucl     0.080000000       10.683000      0.56100082     0.019999504       10541.494       15.713701
PTF10ufj     0.073000000       10.789000      0.42800045     0.050999641       10134.419       10.029024
PTF10urn      0.11000000       9.5430002      0.26200008      0.48700047       10972.951       76.721764
PTF10vfo     0.088500000       10.751000     0.010999680     0.022000313       12488.262       63.250793
PTF10viq     0.034200000       10.792000      0.20100021      0.41699982       12480.309       10.923614
PTF10wnm     0.066300000       10.548000     0.045000076      0.11600018       10910.986       11.722366
PTF10wnq     0.069100000       11.341000      0.10700035      0.54299927       11681.446       56.415043
PTF10wov     0.096000000       10.165000      0.27600002     0.076000214       10368.132       27.355921
PTF10wri      0.12000000       11.777000      0.10099983      0.20400047       11595.350       20.108482
PTF10xeb      0.12200000       7.3160000      0.66499996     0.091000080       9132.7383       62.669678
PTF10xir     0.052000000       11.025000      0.42800045      0.17799950       10692.568       19.076431
PTF10xtp      0.10160000       10.419000     0.098999977      0.13299942       10391.425       103.02494
PTF10ygr      0.11500000       9.6980000      0.19999981     0.022000313       10177.376       114.61895
PTF10ygu     0.025900000       10.911000      0.49100018      0.16100025       15428.565       11.052743
PTF10yux     0.057800000       10.764000    0.0060005188     0.065999985       11777.776       19.156664
PTF10zai     0.035700000       10.822000      0.56300068     0.066999435       8715.9609       59.937973
PTF10zak     0.040400000       10.757000      0.39999962      0.15699959       11915.645       10.420725
PTF10zbn      0.11400000       11.189000     0.093999863      0.15999985       9957.4893       249.64754
PTF10zgy     0.044300000       11.238000       0.0000000       0.0000000       11056.415       40.173836
PTF11apk     0.040500000       10.914000    0.0069999695      0.16399956       10310.855       10.162727
PTF11bjk      0.14000000       10.954000     0.063999176      0.20300007       10613.777       61.537544
PTF11blu     0.068000000       9.9630003     0.015999794     0.081000328       10495.716       35.835941
PTF11byi     0.039000000       10.527000     0.076999664      0.58100033       8625.2744       25.003962
PTF11ctn     0.079000000       9.3120003      0.31299973      0.10000038       10156.442       11.335191
PTF11cyv      0.11500000       9.8509998      0.12500000     0.095000267       10398.778       46.878403
PTF11deg     0.063000000       9.4519997     0.097000122     0.073999405       11724.979       31.194098
PTF11dws      0.15000000       11.174000     0.095000267      0.30799961       12637.117       45.178459
PTF11dzm     0.041100000       10.090000    0.0069999695      0.16300011       11232.210       59.801483
PTF11eot     0.090000000       8.6000004      0.10499954      0.13500023       11421.887       50.861935
PTF11fjw      0.19300000       10.892000      0.21599960      0.13600063       10684.027       66.744553
PTF11for      0.12800000       9.6379995     0.032999992     0.082999229       12106.668       83.626480
PTF11gdh     0.026200000       10.390000      0.18999958     0.098999977       9838.1270       13.239942
PTF11gin      0.16300000       9.6260004      0.25499916      0.54600048       11347.878       42.054768
PTF11gjb      0.12500000       10.926000     0.052000046      0.13099957       10601.733       42.226162
PTF11glq      0.15600000       11.360000     0.088000298     0.019000053       9916.1709       166.77681
PTF11gnj      0.13100000       10.387000      0.11400032     0.032000542       10341.369       61.567619
PTF11khk     0.030600000       10.704000     0.057999611      0.12000084       9224.7578       11.521212
PTF11kod      0.18800000       8.7410002      0.91199970      0.22000027       10519.175       297.19974
PTF11kpb      0.14300000       11.675000     0.090999603     0.013999939       10339.230       19.834253
PTF11kqm      0.12600000       10.428000      0.24099922     0.030000687       10878.588       21.092936
PTF11kx     0.046700000       10.315000      0.16900063      0.15199947       11027.344       40.205837
PTF11lbc      0.15000000       7.9670000       1.3199997      0.84800005       11260.020       44.384209
PTF11lmz     0.061500000       11.206000     0.073999405      0.20300007       13674.756       21.048141
PTF11opu     0.064900000       9.7969999      0.12699986     0.093999863       9791.6143       47.954575
PTF11qpc     0.088800000       10.312000      0.21700001      0.23900032       10632.232       23.984848
PTF11qvh      0.13300000       9.8000002      0.17099953     0.013000488       11042.362       12.076878
PTF11rke     0.094300000       9.9680004     0.065999985      0.13600063       12348.405       35.776012
PTF11rpc      0.14300000       11.315000      0.22500038      0.18299961       11907.113       49.411819
PTF11yp      0.12100000       11.447000     0.068000793      0.31299973       8812.5547       41.642426
PTF12awi     0.045500000       10.503000      0.13299942      0.10799980       9727.9883       48.077698
PTF12cdb      0.12000000       10.877000      0.21199989     0.055999756       12068.934       20.031780
PTF12cjg     0.067000000       9.9160004      0.10499954      0.13100052       11080.138       17.752375
PTF12cyd      0.17000000       9.1180000      0.44600010     0.072999954       11668.896       12.122396
PTF12czu      0.14500000       9.0050001     0.020999908      0.13800049       10709.335       151.61731
PTF12dgy      0.18000000       10.919000      0.36700058      0.17499924       9911.4678       23.323687
PTF12dhb     0.056500000       10.373000     0.029999733     0.072000504       10701.107       12.305928
PTF12dhl     0.057000000       11.001000      0.11100006     0.012000084       10441.550       38.667713
PTF12dhv      0.14000000       10.442000      0.14400005      0.16000080       12260.354       80.874939
PTF12dst      0.19200000       9.9390001     0.078999519     0.019000053       9385.2969       24.570705
PTF12dwm     0.053200000       10.538000      0.15899944      0.19999981       9675.0791       10.626499
PTF12dxm     0.063000000       11.033000    0.0050001144    0.0050001144       10505.085       9.0723152
PTF12egr      0.13200000       11.520000      0.12599945     0.013000488       10490.678       46.169369
PTF12fhn      0.12500000       11.281000      0.14200020     0.010999680       10801.836       76.932892
PTF12fsd     0.069000000       10.107000     0.097999573      0.11700058       10862.590       25.030556
PTF12giy     0.029000000       10.835000      0.17700005    0.0080003738       12093.394       177.02499
PTF12gnw      0.10000000       8.8160000      0.18700027      0.23400021       10077.305       14.939466
SN1989M    0.0050666700       10.539000      0.62700081      0.14399910       12330.000       50.000000
SN1994S     0.015170000       11.113000     0.036000252      0.51999950       10400.000       50.000000
SN1997Y     0.015860000       11.018000     0.067000389     0.045000076       10510.000       50.000000
SN1998dk     0.013210000       9.9820004     0.032999992      0.18600082       12380.000       50.000000
SN1998es     0.010563300       10.299000     0.052000046     0.010000229       10240.000       50.000000
SN1999aa     0.014430000       10.533000      0.13199997     0.012999535       10350.000       50.000000
SN1999ac    0.0094933300       10.254000      0.50400066      0.12799931       10400.000       50.000000
SN1999da     0.012680000       10.886000     0.039000511      0.11999989       10660.000       50.000000
SN1999dq     0.014320000       10.941000      0.42199993      0.11800003       10860.000       50.000000
SN1999gd     0.018496700       10.361000      0.16800022     0.043999672       10420.000       50.000000
SN2000cp     0.034180000       9.9759998      0.45900059     0.071000099       11000.000       50.000000
SN2000dn     0.032046700       11.081000    0.0099992752      0.17700005       10190.000       50.000000
SN2001bp     0.094793300       10.602000     0.064999580      0.16499996       10860.000       50.000000
SN2001da     0.017176700       10.633000      0.43999958      0.18500042       11350.000       50.000000
SN2001ep     0.013000000       10.215000     0.022999763      0.11700058       10160.000       50.000000
SN2001fe     0.013530000       10.341000      0.10900021     0.076999664       11070.000       50.000000
SN2002aw     0.026126700       10.931000     0.051000595     0.076000214       10210.000       50.000000
SN2002bf     0.024180000       10.672000    0.0039997101    0.0039997101       13680.000       50.000000
SN2002bo    0.0042366700       10.779000     0.053999901      0.44900036       13070.000       50.000000
SN2002cd     0.010333300       10.971000      0.12400055    0.0099992752       15230.000       50.000000
SN2002dk     0.018516700       11.656000     0.048000336      0.15100002       10430.000       50.000000
SN2002eb     0.027516700       10.976000      0.16400051      0.42299938       10230.000       50.000000
SN2002eu     0.037600000       10.648000      0.49300003     0.069999695       11020.000       50.000000
SN2002ha     0.014040000       11.075000      0.48099995      0.19799995       10930.000       50.000000
SN2003U     0.026283300       9.6700001      0.61400032      0.37699986       11300.000       50.000000
SN2003Y     0.016926700       10.728000      0.15299988     0.036999702       9860.0000       50.000000
SN2003cq     0.033256700       11.884000     0.064000130      0.11100006       12080.000       50.000000
SN2003he     0.025483300       10.335000      0.54500008     0.069000244       11310.000       50.000000
SN2004dt     0.019716700       10.875000     0.020000458      0.14400005       13540.000       50.000000
SN2004gs     0.026620000       10.740000      0.13700008     0.031999588       10430.000       50.000000
SN2005M     0.021993300       9.8979998     0.081000328     0.029999733       10670.000       60.000000
SN2005W    0.0088833300       10.473000    0.0069999695      0.15399933       10600.000       50.000000
SN2005ao     0.038383300       10.915000      0.16100025     0.032999992       11460.000       50.000000
SN2005bc     0.012260000       10.383000     0.017999649      0.12000084       10700.000       50.000000
SN2005cg     0.031760000       8.5740004     0.056999207     0.025000572       11560.000       50.000000
SN2005er     0.026163300       11.478000      0.49200058      0.11399937       8740.0000       50.000000
SN2005eq     0.028960000       11.424000     0.029000282      0.45199966       10090.000       50.000000
SN2005hj     0.057500000       10.046000     0.078000069     0.037999153       10550.000       50.000000
SN2005ki     0.019596700       11.146000     0.034999847      0.11999989       11030.000       50.000000
SN2005ms     0.025183300       10.684000      0.21000004     0.053999901       11840.000       50.000000
SN2006N     0.014270000       10.545000      0.49399948      0.14299965       11300.000       50.000000
SN2006S     0.032076700       10.628000    0.0059995651      0.18400002       10710.000       50.000000
SN2006bt     0.032133300       11.124000     0.027000427      0.15499973       10510.000       50.000000
SN2006bz     0.027886700       10.471000    0.0060005188     0.019999504       10850.000       50.000000
SN2006cm     0.016330000       10.913000     0.069000244     0.046999931       11150.000       50.000000
SN2006cq     0.048306700       11.212000     0.010999680      0.14099979       10160.000       50.000000
SN2006cs     0.023663300       10.913000      0.48999977     0.024000168       10730.000       50.000000
SN2006or     0.020726700       11.114000     0.033999443      0.11700058       11340.000       50.000000
SN2006sr     0.024123300       10.778000      0.32499981      0.16300011       12470.000       50.000000
SN2007A     0.017633300       10.775000      0.25200081      0.24099922       10600.000       50.000000
SN2007N     0.012870000       10.376000     0.016999245      0.14100075       10330.000       50.000000
SN2007O     0.036186700       11.033000    0.0069999695      0.11699963       10000.000       50.000000
SN2007af    0.0054600000       9.5620003      0.18099976     0.096000671       10560.000       50.000000
SN2007ba     0.038486700       11.118000      0.10499954     0.067999840       9630.0000       50.000000
SN2007bc     0.020756700       10.922000     0.020000458       0.0000000       9850.0000       50.000000
SN2007bz     0.021763300       9.5039997     0.085000038     0.099999428       11700.000       50.000000
SN2007ci     0.018113300       10.969000    0.0069999695      0.14999962       11830.000       50.000000
SN2007fr     0.050966700       11.770000     0.031999588      0.10200024       10740.000       50.000000
SN2007gi    0.0048166700       10.643000      0.47900009      0.15100002       14870.000       50.000000
SN2007hj     0.014103300       10.580000      0.48400021      0.14299965       11710.000       50.000000
SN2007s1     0.027380000       9.9980001      0.14299965     0.029999733       11370.000       50.000000
SN2008Z     0.020976700       9.4879999      0.20300007     0.064000130       11460.000       50.000000
SN2008ar     0.026130000       10.880000     0.071000099      0.51200008       10340.000       50.000000
SN2008s1     0.022080000       10.559000      0.12899971     0.039999962       10560.000       50.000000
SN2008dx     0.023010000       10.678000     0.026999474      0.13600063       8850.0000       50.000000
SN2008ec     0.016306700       10.930000      0.12399960     0.075000763       10750.000       50.000000
SN2009an    0.0092200000       10.981000     0.083999634       0.0000000       12680.000       50.000000
SN2009fx     0.047590000       10.000000     0.020000458      0.17000008       10110.000       50.000000
SN2009ig    0.0087700000       10.454000       0.0000000      0.17500019       13660.000       50.000000
SN2009no     0.045840000       10.319000     0.040999413      0.18700027       10030.000       50.000000
SN2010ex     0.022810000       10.089000      0.14200020     0.029999733       10890.000       50.000000
SN2010ii     0.026916000       11.142000     0.012999535      0.14400005       12240.000       50.000000
SN2010iw     0.021540000       9.7309999     0.065999985     0.092000008       10360.000       50.000000
SN2011ao     0.010710000       9.8769999      0.14099979     0.031999588       10340.000       50.000000
SN2011by    0.0028400000       9.3540001     0.013999939      0.19099998       10270.000       50.000000
SN2011hb     0.029103300       11.247000    0.0040006638     0.050999641       11800.000       50.000000
SN2012bh     0.025240000       10.538000      0.40600014      0.18700027       10360.000       50.000000
SN2012cg    0.0014600000       8.4670000     0.034999847      0.15999985       10580.000       50.000000
SN2012da     0.018060000       9.5799999     0.024999619     0.060999870       11110.000       50.000000
SN2013di     0.023830000       11.008000      0.52999973     0.060000420       11460.000       50.000000